0 128 232 0 0
1 128 231 0 0
2 128 230 0 0
3 128 229 0 0
4 128 228 0 0
5 128 227 0 0
6 128 226 0 0
7 128 225 0 0
8 129 225 0 0
9 129 224 0 0
10 129 223 0 0
11 129 222 0 0
12 129 221 0 0
13 129 220 0 0
14 129 219 0 0
15 129 218 0 0
16 129 217 0 0
17 129 216 0 0
18 129 215 0 0
19 129 214 0 0
20 129 213 0 0
21 129 212 0 0
22 129 211 0 0
23 130 211 0 0
24 130 210 0 0
25 129 210 0 0
26 129 209 0 0
27 129 208 0 0
28 129 207 0 0
29 129 206 0 0
30 129 205 0 0
31 128 205 0 0
32 128 204 0 0
33 128 203 0 0
34 128 202 0 0
35 127 202 0 0
36 127 201 0 0
37 127 200 0 0
38 127 199 0 0
39 127 198 0 0
40 127 197 0 0
41 127 196 0 0
42 126 196 0 0
43 126 195 0 0
44 126 194 0 0
45 126 193 0 0
46 125 193 0 0
47 125 192 0 0
48 125 191 0 0
49 125 190 0 0
50 125 189 0 0
51 125 188 0 0
52 125 187 0 0
53 124 187 0 0
54 124 186 0 0
55 124 185 0 0
56 124 184 0 0
57 124 183 0 0
58 123 183 0 0
59 123 182 0 0
60 123 181 0 0
61 123 180 0 0
62 123 179 0 0
63 123 178 0 0
64 122 178 0 0
65 122 177 0 0
66 122 176 0 0
67 122 175 0 0
68 122 174 0 0
69 122 173 0 0
70 121 173 0 0
71 121 172 0 0
72 121 171 0 0
73 121 170 0 0
74 121 169 0 0
75 120 169 0 0
76 120 168 0 0
77 120 167 0 0
78 120 166 0 0
79 120 165 0 0
80 120 164 0 0
81 120 163 0 0
82 119 163 0 0
83 119 162 0 0
84 119 161 0 0
85 118 161 0 0
86 118 160 0 0
87 117 160 0 0
88 117 159 0 0
89 116 159 0 0
90 115 159 0 0
91 114 159 0 0
92 113 159 0 0
93 112 159 0 0
94 111 159 0 0
95 110 159 0 0
96 109 159 0 0
97 109 158 0 0
98 108 158 0 0
99 107 158 0 0
100 106 158 0 0
101 105 158 0 0
102 105 157 0 0
103 104 157 0 0
104 103 157 0 0
105 102 157 0 0
106 101 157 0 0
107 100 157 0 0
108 100 156 0 0
109 99 156 0 0
110 98 156 0 0
111 98 155 0 0
112 97 155 0 0
113 97 154 0 0
114 96 154 0 0
115 95 154 0 0
116 95 153 0 0
117 94 153 0 0
118 93 153 0 0
119 93 152 0 0
120 92 152 0 0
121 91 152 0 0
122 91 151 0 0
123 90 151 0 0
124 90 150 0 0
125 89 150 0 0
126 88 150 0 0
127 88 149 0 0
128 87 149 0 0
129 87 148 0 0
130 86 148 0 0
131 85 148 0 0
132 85 147 0 0
133 84 147 0 0
134 84 146 0 0
135 83 146 0 0
136 83 145 0 0
137 82 145 0 0
138 82 144 0 0
139 81 144 0 0
140 80 144 0 0
141 79 144 0 0
142 78 144 0 0
143 78 143 0 0
144 77 143 0 0
145 76 143 0 0
146 75 143 0 0
147 75 142 0 0
148 74 142 0 0
149 73 142 0 0
150 73 141 0 0
151 72 141 0 0
152 72 140 0 0
153 72 139 0 0
154 71 139 0 0
155 70 139 0 0
156 70 138 0 0
157 69 138 0 0
158 68 138 0 0
159 68 137 0 0
160 67 137 0 0
161 66 137 0 0
162 65 137 0 0
163 64 137 0 0
164 64 136 0 0
165 63 136 0 0
166 62 136 0 0
167 61 136 0 0
168 60 136 0 0
169 59 136 0 0
170 58 136 0 0
171 57 136 0 0
172 56 136 0 0
173 55 136 0 0
174 54 136 0 0
175 53 136 0 0
176 52 136 0 0
177 51 136 0 0
178 50 136 0 0
179 49 136 0 0
180 48 136 0 0
181 47 136 0 0
182 46 136 0 0
183 45 136 0 0
184 44 136 0 0
185 44 135 0 0
186 43 135 0 0
187 42 135 0 0
188 41 135 0 0
189 40 135 0 0
190 39 135 0 0
191 38 135 0 0
192 37 135 0 0
193 36 135 0 0
194 35 135 0 0
195 34 135 0 0
196 33 135 0 0
197 32 135 0 0
198 31 135 0 0
199 30 135 0 0
200 30 134 0 0
201 29 134 0 0
202 28 134 0 0
203 27 134 0 0
204 26 134 0 0
205 26 133 0 0
206 25 133 0 0
207 24 133 0 0
208 23 133 0 0
209 22 133 0 0
210 21 133 0 0
211 20 133 0 0
212 19 133 0 0
213 18 133 0 0
214 17 133 0 0
215 16 133 0 0
216 15 133 0 0
217 14 133 0 0
218 13 133 0 0
219 12 133 0 0
220 11 133 0 0
221 10 133 0 0
222 9 133 0 0
223 8 133 0 0
224 8 132 0 0
225 7 132 0 0
226 6 132 0 0
227 5 132 0 0
228 4 132 0 0
229 3 132 0 0
230 3 131 0 0
