0 196 108 0 0
1 196 109 0 0
2 195 109 0 0
3 194 109 0 0
4 193 109 0 0
5 192 109 0 0
6 191 109 0 0
7 190 109 0 0
8 189 109 0 0
9 188 109 0 0
10 187 109 0 0
11 187 110 0 0
12 186 110 0 0
13 185 110 0 0
14 184 110 0 0
15 183 110 0 0
16 182 110 0 0
17 181 110 0 0
18 180 110 0 0
19 179 110 0 0
20 178 110 0 0
21 177 110 0 0
22 176 110 0 0
23 176 111 0 0
24 175 111 0 0
25 174 111 0 0
26 173 111 0 0
27 172 111 0 0
28 171 111 0 0
29 170 111 0 0
30 169 111 0 0
31 168 111 0 0
32 167 111 0 0
33 166 111 0 0
34 166 112 0 0
35 165 112 0 0
36 164 112 0 0
37 163 112 0 0
38 162 112 0 0
39 161 112 0 0
40 160 112 0 0
41 159 112 0 0
42 158 112 0 0
43 157 112 0 0
44 156 112 0 0
45 155 112 0 0
46 155 113 0 0
47 154 113 0 0
48 153 113 0 0
49 152 113 0 0
50 151 113 0 0
51 150 113 0 0
52 149 113 0 0
53 148 113 0 0
54 147 113 0 0
55 146 113 0 0
56 145 113 0 0
57 145 114 0 0
58 144 114 0 0
59 143 114 0 0
60 142 114 0 0
61 141 114 0 0
62 140 114 0 0
63 139 114 0 0
64 138 114 0 0
65 138 115 0 0
66 137 115 0 0
67 136 115 0 0
68 135 115 0 0
69 134 115 0 0
70 133 115 0 0
71 133 116 0 0
72 132 116 0 0
73 131 116 0 0
74 130 116 0 0
75 129 116 0 0
76 128 116 0 0
77 128 117 0 0
78 127 117 0 0
79 126 117 0 0
80 125 117 0 0
81 124 117 0 0
82 123 117 0 0
83 123 118 0 0
84 122 118 0 0
85 121 118 0 0
86 120 118 0 0
87 119 118 0 0
88 118 118 0 0
89 117 118 0 0
90 116 118 0 0
91 116 119 0 0
92 115 119 0 0
93 114 119 0 0
94 113 119 0 0
95 112 119 0 0
96 111 119 0 0
97 110 119 0 0
98 109 119 0 0
99 108 119 0 0
100 108 118 0 0
101 107 118 0 0
102 106 118 0 0
103 105 118 0 0
104 104 118 0 0
105 103 118 0 0
106 102 118 0 0
107 101 118 0 0
108 101 117 0 0
109 100 117 0 0
110 99 117 0 0
111 98 117 0 0
112 97 117 0 0
113 96 117 0 0
114 95 117 0 0
115 94 117 0 0
116 94 116 0 0
117 93 116 0 0
118 92 116 0 0
119 91 116 0 0
120 90 116 0 0
121 89 116 0 0
122 89 115 0 0
123 88 115 0 0
124 87 115 0 0
125 86 115 0 0
126 85 115 0 0
127 85 114 0 0
128 84 114 0 0
129 83 114 0 0
130 82 114 0 0
131 82 113 0 0
132 81 113 0 0
133 80 113 0 0
134 79 113 0 0
135 79 112 0 0
136 78 112 0 0
137 77 112 0 0
138 76 112 0 0
139 75 112 0 0
140 74 112 0 0
141 73 112 0 0
142 72 112 0 0
143 72 111 0 0
144 71 111 0 0
145 70 111 0 0
146 69 111 0 0
147 68 111 0 0
148 67 111 0 0
149 66 111 0 0
150 65 111 0 0
151 64 111 0 0
152 63 111 0 0
153 62 111 0 0
154 61 111 0 0
155 60 111 0 0
156 59 111 0 0
157 58 111 0 0
158 57 111 0 0
159 56 111 0 0
160 55 111 0 0
161 54 111 0 0
162 53 111 0 0
163 53 110 0 0
164 52 110 0 0
165 51 110 0 0
166 50 110 0 0
167 49 110 0 0
168 48 110 0 0
169 47 110 0 0
170 46 110 0 0
171 45 110 0 0
172 44 110 0 0
173 43 110 0 0
174 42 110 0 0
175 41 110 0 0
176 40 110 0 0
177 39 110 0 0
178 38 110 0 0
179 37 110 0 0
180 36 110 0 0
181 35 110 0 0
182 34 110 0 0
183 33 110 0 0
184 32 110 0 0
185 31 110 0 0
186 30 110 0 0
187 29 110 0 0
188 28 110 0 0
189 27 110 0 0
190 26 110 0 0
191 25 110 0 0
192 24 110 0 0
193 23 110 0 0
194 22 110 0 0
195 22 109 0 0
196 21 109 0 0
197 20 109 0 0
198 19 109 0 0
199 18 109 0 0
200 17 109 0 0
201 16 109 0 0
202 15 109 0 0
203 14 109 0 0
204 13 109 0 0
205 12 109 0 0
206 11 109 0 0
207 10 109 0 0
208 9 109 0 0
209 8 109 0 0
210 7 109 0 0
211 6 109 0 0
212 5 109 0 0
213 4 109 0 0
214 3 109 0 0
