0 39200 21200 0 0
1 39000 21200 0 0
2 38800 21200 0 0
3 38600 21200 0 0
4 38400 21200 0 0
5 38400 21400 0 0
6 38200 21400 0 0
7 38000 21400 0 0
8 37800 21400 0 0
9 37600 21400 0 0
10 37400 21400 0 0
11 37200 21400 0 0
12 37000 21400 0 0
13 36800 21400 0 0
14 36600 21400 0 0
15 36400 21400 0 0
16 36200 21400 0 0
17 36000 21400 0 0
18 35800 21400 0 0
19 35600 21400 0 0
20 35400 21400 0 0
21 35200 21400 0 0
22 35000 21400 0 0
23 34800 21400 0 0
24 34600 21400 0 0
25 34400 21400 0 0
26 34200 21400 0 0
27 34000 21400 0 0
28 33800 21400 0 0
29 33600 21400 0 0
30 33400 21400 0 0
31 33200 21400 0 0
32 33000 21400 0 0
33 32800 21400 0 0
34 32600 21400 0 0
35 32400 21400 0 0
36 32200 21400 0 0
37 32000 21400 0 0
38 31800 21400 0 0
39 31600 21400 0 0
40 31400 21400 0 0
41 31200 21400 0 0
42 31000 21400 0 0
43 30800 21400 0 0
44 30600 21400 0 0
45 30400 21400 0 0
46 30200 21400 0 0
47 30000 21400 0 0
48 29800 21400 0 0
49 29600 21400 0 0
50 29400 21400 0 0
51 29200 21400 0 0
52 29000 21400 0 0
53 28800 21400 0 0
54 28600 21400 0 0
55 28400 21400 0 0
56 28200 21400 0 0
57 28000 21400 0 0
58 27800 21400 0 0
59 27600 21400 0 0
60 27400 21400 0 0
61 27200 21400 0 0
62 27000 21400 0 0
63 26800 21400 0 0
64 26600 21400 0 0
65 26400 21400 0 0
66 26200 21400 0 0
67 26000 21400 0 0
68 25800 21400 0 0
69 25600 21400 0 0
70 25400 21400 0 0
71 25200 21400 0 0
72 25000 21400 0 0
73 25000 21600 0 0
74 24800 21600 0 0
75 24600 21600 0 0
76 24400 21600 0 0
77 24200 21600 0 0
78 24000 21600 0 0
79 23800 21600 0 0
80 23600 21600 0 0
81 23400 21600 0 0
82 23200 21600 0 0
83 23200 21800 0 0
84 23000 21800 0 0
85 22800 21800 0 0
86 22600 21800 0 0
87 22400 21800 0 0
88 22400 22000 0 0
89 22200 22000 0 0
90 22000 22000 0 0
91 21800 22000 0 0
92 21600 22000 0 0
93 21400 22000 0 0
94 21200 22000 0 0
95 21000 22000 0 0
96 20800 22000 0 0
97 20600 22000 0 0
98 20400 22000 0 0
99 20200 22000 0 0
100 20000 22000 0 0
101 19800 22000 0 0
102 19600 22000 0 0
103 19400 22000 0 0
104 19200 22000 0 0
105 19000 22000 0 0
106 18800 22000 0 0
107 18600 22000 0 0
108 18400 22000 0 0
109 18200 22000 0 0
110 18000 22000 0 0
111 17800 22000 0 0
112 17600 22000 0 0
113 17600 21800 0 0
114 17400 21800 0 0
115 17200 21800 0 0
116 17000 21800 0 0
117 16800 21800 0 0
118 16600 21800 0 0
119 16400 21800 0 0
120 16200 21800 0 0
121 16000 21800 0 0
122 16000 21600 0 0
123 15800 21600 0 0
124 15600 21600 0 0
125 15400 21600 0 0
126 15200 21600 0 0
127 15000 21600 0 0
128 14800 21600 0 0
129 14600 21600 0 0
130 14400 21600 0 0
131 14200 21600 0 0
132 14000 21600 0 0
133 13800 21600 0 0
134 13800 21400 0 0
135 13600 21400 0 0
136 13400 21400 0 0
137 13200 21400 0 0
138 13000 21400 0 0
139 12800 21400 0 0
140 12600 21400 0 0
141 12400 21400 0 0
142 12200 21400 0 0
143 12000 21400 0 0
144 11800 21400 0 0
145 11600 21400 0 0
146 11400 21400 0 0
147 11200 21400 0 0
148 11000 21400 0 0
149 10800 21400 0 0
150 10600 21400 0 0
151 10400 21400 0 0
152 10200 21400 0 0
153 10200 21200 0 0
154 10000 21200 0 0
155 9800 21200 0 0
156 9600 21200 0 0
157 9400 21200 0 0
158 9200 21200 0 0
159 9000 21200 0 0
160 8800 21200 0 0
161 8600 21200 0 0
162 8400 21200 0 0
163 8200 21200 0 0
164 8000 21200 0 0
165 8000 21000 0 0
166 7800 21000 0 0
167 7600 21000 0 0
168 7400 21000 0 0
169 7200 21000 0 0
170 7000 21000 0 0
171 6800 21000 0 0
172 6600 21000 0 0
173 6400 21000 0 0
174 6200 21000 0 0
175 6000 21000 0 0
176 5800 21000 0 0
177 5600 21000 0 0
178 5400 21000 0 0
179 5200 21000 0 0
180 5000 21000 0 0
181 4800 21000 0 0
182 4600 21000 0 0
183 4400 21000 0 0
184 4200 21000 0 0
185 4200 20800 0 0
186 4000 20800 0 0
187 3800 20800 0 0
188 3600 20800 0 0
189 3400 20800 0 0
190 3200 20800 0 0
191 3000 20800 0 0
192 2800 20800 0 0
193 2600 20800 0 0
194 2400 20800 0 0
195 2200 20800 0 0
196 2000 20800 0 0
197 1800 20800 0 0
198 1600 20800 0 0
199 1400 20800 0 0
200 1200 20800 0 0
201 1000 20800 0 0
202 800 20800 0 0
203 800 20600 0 0
204 800 20800 0 0
205 600 20800 0 0
206 400 20800 0 0
207 200 20800 0 0
