0 196 107 0 0
1 196 108 0 0
2 195 108 0 0
3 194 108 0 0
4 193 108 0 0
5 192 108 0 0
6 191 108 0 0
7 190 108 0 0
8 189 108 0 0
9 188 108 0 0
10 187 108 0 0
11 186 108 0 0
12 185 108 0 0
13 184 108 0 0
14 183 108 0 0
15 182 108 0 0
16 181 108 0 0
17 180 108 0 0
18 179 108 0 0
19 178 108 0 0
20 177 108 0 0
21 176 108 0 0
22 175 108 0 0
23 174 108 0 0
24 173 108 0 0
25 172 108 0 0
26 171 108 0 0
27 170 108 0 0
28 169 108 0 0
29 168 108 0 0
30 167 108 0 0
31 166 108 0 0
32 165 108 0 0
33 164 108 0 0
34 163 108 0 0
35 162 108 0 0
36 161 108 0 0
37 160 108 0 0
38 159 108 0 0
39 158 108 0 0
40 157 108 0 0
41 156 108 0 0
42 156 109 0 0
43 155 109 0 0
44 154 109 0 0
45 153 109 0 0
46 152 109 0 0
47 151 109 0 0
48 150 109 0 0
49 149 109 0 0
50 148 109 0 0
51 147 109 0 0
52 146 109 0 0
53 146 110 0 0
54 145 110 0 0
55 144 110 0 0
56 143 110 0 0
57 142 110 0 0
58 141 110 0 0
59 140 110 0 0
60 139 110 0 0
61 138 110 0 0
62 137 110 0 0
63 137 111 0 0
64 136 111 0 0
65 135 111 0 0
66 134 111 0 0
67 133 111 0 0
68 133 112 0 0
69 132 112 0 0
70 131 112 0 0
71 130 112 0 0
72 130 113 0 0
73 129 113 0 0
74 128 113 0 0
75 127 113 0 0
76 127 114 0 0
77 126 114 0 0
78 125 114 0 0
79 124 114 0 0
80 124 115 0 0
81 123 115 0 0
82 122 115 0 0
83 121 115 0 0
84 120 115 0 0
85 120 116 0 0
86 119 116 0 0
87 118 116 0 0
88 117 116 0 0
89 117 117 0 0
90 116 117 0 0
91 115 117 0 0
92 114 117 0 0
93 114 118 0 0
94 113 118 0 0
95 112 118 0 0
96 111 118 0 0
97 110 118 0 0
98 109 118 0 0
99 108 118 0 0
100 107 118 0 0
101 106 118 0 0
102 105 118 0 0
103 104 118 0 0
104 103 118 0 0
105 102 118 0 0
106 101 118 0 0
107 100 118 0 0
108 99 118 0 0
109 99 117 0 0
110 98 117 0 0
111 97 117 0 0
112 96 117 0 0
113 95 117 0 0
114 94 117 0 0
115 93 117 0 0
116 92 117 0 0
117 91 117 0 0
118 90 117 0 0
119 89 117 0 0
120 88 117 0 0
121 87 117 0 0
122 86 117 0 0
123 86 116 0 0
124 85 116 0 0
125 84 116 0 0
126 83 116 0 0
127 82 116 0 0
128 81 116 0 0
129 80 116 0 0
130 79 116 0 0
131 79 115 0 0
132 78 115 0 0
133 77 115 0 0
134 76 115 0 0
135 75 115 0 0
136 74 115 0 0
137 73 115 0 0
138 72 115 0 0
139 71 115 0 0
140 71 114 0 0
141 70 114 0 0
142 69 114 0 0
143 68 114 0 0
144 67 114 0 0
145 66 114 0 0
146 65 114 0 0
147 64 114 0 0
148 63 114 0 0
149 62 114 0 0
150 62 113 0 0
151 61 113 0 0
152 60 113 0 0
153 59 113 0 0
154 58 113 0 0
155 57 113 0 0
156 56 113 0 0
157 56 112 0 0
158 55 112 0 0
159 54 112 0 0
160 54 111 0 0
161 53 111 0 0
162 52 111 0 0
163 51 111 0 0
164 50 111 0 0
165 49 111 0 0
166 48 111 0 0
167 47 111 0 0
168 46 111 0 0
169 45 111 0 0
170 44 111 0 0
171 43 111 0 0
172 42 111 0 0
173 41 111 0 0
174 41 110 0 0
175 40 110 0 0
176 39 110 0 0
177 38 110 0 0
178 37 110 0 0
179 36 110 0 0
180 35 110 0 0
181 34 110 0 0
182 33 110 0 0
183 32 110 0 0
184 31 110 0 0
185 30 110 0 0
186 29 110 0 0
187 28 110 0 0
188 27 110 0 0
189 26 110 0 0
190 25 110 0 0
191 24 110 0 0
192 23 110 0 0
193 22 110 0 0
194 21 110 0 0
195 21 111 0 0
196 20 111 0 0
197 19 111 0 0
198 18 111 0 0
199 17 111 0 0
200 16 111 0 0
201 15 111 0 0
202 14 111 0 0
203 13 111 0 0
204 12 111 0 0
205 11 111 0 0
206 10 111 0 0
207 9 111 0 0
208 8 111 0 0
209 7 111 0 0
210 6 111 0 0
211 5 111 0 0
