0 97 3 0 0
1 97 4 0 0
2 97 5 0 0
3 97 6 0 0
4 97 7 0 0
5 97 8 0 0
6 97 9 0 0
7 97 10 0 0
8 97 11 0 0
9 97 12 0 0
10 97 13 0 0
11 98 13 0 0
12 98 14 0 0
13 98 15 0 0
14 98 16 0 0
15 98 17 0 0
16 98 18 0 0
17 98 19 0 0
18 98 20 0 0
19 98 21 0 0
20 98 22 0 0
21 98 23 0 0
22 97 23 0 0
23 97 24 0 0
24 97 25 0 0
25 97 26 0 0
26 97 27 0 0
27 97 28 0 0
28 97 29 0 0
29 97 30 0 0
30 97 31 0 0
31 97 32 0 0
32 97 33 0 0
33 97 34 0 0
34 97 35 0 0
35 97 36 0 0
36 97 37 0 0
37 97 38 0 0
38 97 39 0 0
39 97 40 0 0
40 97 41 0 0
41 97 42 0 0
42 98 42 0 0
43 98 43 0 0
44 98 44 0 0
45 98 45 0 0
46 98 46 0 0
47 98 47 0 0
48 99 47 0 0
49 99 48 0 0
50 99 49 0 0
51 99 50 0 0
52 100 50 0 0
53 100 51 0 0
54 100 52 0 0
55 100 53 0 0
56 100 54 0 0
57 100 55 0 0
58 101 55 0 0
59 101 56 0 0
60 101 57 0 0
61 101 58 0 0
62 102 58 0 0
63 102 59 0 0
64 102 60 0 0
65 102 61 0 0
66 102 62 0 0
67 102 63 0 0
68 103 63 0 0
69 103 64 0 0
70 103 65 0 0
71 104 65 0 0
72 104 66 0 0
73 105 66 0 0
74 105 67 0 0
75 105 68 0 0
76 106 68 0 0
77 106 69 0 0
78 106 70 0 0
79 107 70 0 0
80 107 71 0 0
81 108 71 0 0
82 108 72 0 0
83 108 73 0 0
84 109 73 0 0
85 109 74 0 0
86 110 74 0 0
87 110 75 0 0
88 111 75 0 0
89 111 76 0 0
90 112 76 0 0
91 112 77 0 0
92 113 77 0 0
93 113 78 0 0
94 114 78 0 0
95 115 78 0 0
96 115 79 0 0
97 115 80 0 0
98 116 80 0 0
99 117 80 0 0
100 117 81 0 0
101 118 81 0 0
102 118 82 0 0
103 119 82 0 0
104 119 83 0 0
105 120 83 0 0
106 120 84 0 0
107 121 84 0 0
108 121 85 0 0
109 122 85 0 0
110 122 86 0 0
111 123 86 0 0
112 124 86 0 0
113 124 87 0 0
114 125 87 0 0
115 125 88 0 0
116 126 88 0 0
117 127 88 0 0
118 127 89 0 0
119 128 89 0 0
120 129 89 0 0
121 129 90 0 0
122 130 90 0 0
123 131 90 0 0
124 131 91 0 0
125 132 91 0 0
126 132 92 0 0
127 133 92 0 0
128 134 92 0 0
129 135 92 0 0
130 135 93 0 0
131 136 93 0 0
132 137 93 0 0
133 138 93 0 0
134 139 93 0 0
135 140 93 0 0
136 141 93 0 0
137 142 93 0 0
138 143 93 0 0
139 144 93 0 0
140 145 93 0 0
141 145 94 0 0
142 146 94 0 0
143 147 94 0 0
144 148 94 0 0
145 149 94 0 0
146 150 94 0 0
147 151 94 0 0
148 152 94 0 0
149 152 95 0 0
150 153 95 0 0
151 154 95 0 0
152 155 95 0 0
153 156 95 0 0
154 157 95 0 0
155 158 95 0 0
156 159 95 0 0
157 160 95 0 0
158 161 95 0 0
159 162 95 0 0
160 162 96 0 0
161 163 96 0 0
162 164 96 0 0
163 165 96 0 0
164 166 96 0 0
165 167 96 0 0
166 168 96 0 0
167 169 96 0 0
168 170 96 0 0
169 171 96 0 0
170 172 96 0 0
171 173 96 0 0
172 174 96 0 0
173 175 96 0 0
174 176 96 0 0
175 177 96 0 0
176 178 96 0 0
177 179 96 0 0
178 180 96 0 0
179 181 96 0 0
180 182 96 0 0
181 183 96 0 0
182 184 96 0 0
183 185 96 0 0
184 186 96 0 0
185 187 96 0 0
186 188 96 0 0
