0 1000 18400 0 0
1 1200 18400 0 0
2 1400 18400 0 0
3 1600 18400 0 0
4 1800 18400 0 0
5 2000 18400 0 0
6 2200 18400 0 0
7 2400 18400 0 0
8 2600 18400 0 0
9 2800 18400 0 0
10 3000 18400 0 0
11 3200 18400 0 0
12 3400 18400 0 0
13 3400 18600 0 0
14 3600 18600 0 0
15 3800 18600 0 0
16 3800 18800 0 0
17 4000 18800 0 0
18 4200 18800 0 0
19 4400 18800 0 0
20 4600 18800 0 0
21 4800 18800 0 0
22 5000 18800 0 0
23 5200 18800 0 0
24 5400 18800 0 0
25 5600 18800 0 0
26 5800 18800 0 0
27 6000 18800 0 0
28 6200 18800 0 0
29 6200 19000 0 0
30 6400 19000 0 0
31 6600 19000 0 0
32 6800 19000 0 0
33 7000 19000 0 0
34 7200 19000 0 0
35 7400 19000 0 0
36 7600 19000 0 0
37 7800 19000 0 0
38 8000 19000 0 0
39 8200 19000 0 0
40 8400 19000 0 0
41 8600 19000 0 0
42 8800 19000 0 0
43 9000 19000 0 0
44 9200 19000 0 0
45 9200 19200 0 0
46 9400 19200 0 0
47 9600 19200 0 0
48 9800 19200 0 0
49 10000 19200 0 0
50 10200 19200 0 0
51 10400 19200 0 0
52 10400 19400 0 0
53 10600 19400 0 0
54 10800 19400 0 0
55 11000 19400 0 0
56 11200 19400 0 0
57 11200 19600 0 0
58 11400 19600 0 0
59 11600 19600 0 0
60 11800 19600 0 0
61 12000 19600 0 0
62 12000 19800 0 0
63 12200 19800 0 0
64 12400 19800 0 0
65 12600 19800 0 0
66 12600 20000 0 0
67 12800 20000 0 0
68 13000 20000 0 0
69 13200 20000 0 0
70 13400 20000 0 0
71 13600 20000 0 0
72 13600 20200 0 0
73 13800 20200 0 0
74 14000 20200 0 0
75 14200 20200 0 0
76 14400 20200 0 0
77 14400 20400 0 0
78 14600 20400 0 0
79 14800 20400 0 0
80 15000 20400 0 0
81 15200 20400 0 0
82 15400 20400 0 0
83 15400 20600 0 0
84 15600 20600 0 0
85 15800 20600 0 0
86 16000 20600 0 0
87 16200 20600 0 0
88 16200 20800 0 0
89 16400 20800 0 0
90 16600 20800 0 0
91 16800 20800 0 0
92 17000 20800 0 0
93 17000 21000 0 0
94 17200 21000 0 0
95 17200 21200 0 0
96 17400 21200 0 0
97 17400 21400 0 0
98 17600 21400 0 0
99 17600 21600 0 0
100 17800 21600 0 0
101 17800 21800 0 0
102 18000 21800 0 0
103 18000 22000 0 0
104 18200 22000 0 0
105 18400 22000 0 0
106 18400 22200 0 0
107 18400 22400 0 0
108 18600 22400 0 0
109 18800 22400 0 0
110 18800 22600 0 0
111 19000 22600 0 0
112 19000 22800 0 0
113 19200 22800 0 0
114 19200 23000 0 0
115 19400 23000 0 0
116 19600 23000 0 0
117 19600 23200 0 0
118 19600 23400 0 0
119 19800 23400 0 0
120 20000 23400 0 0
121 20000 23600 0 0
122 20200 23600 0 0
123 20200 23800 0 0
124 20400 23800 0 0
125 20400 24000 0 0
126 20400 24200 0 0
127 20600 24200 0 0
128 20600 24400 0 0
129 20800 24400 0 0
130 20800 24600 0 0
131 20800 24800 0 0
132 21000 24800 0 0
133 21000 25000 0 0
134 21200 25000 0 0
135 21200 25200 0 0
136 21200 25400 0 0
137 21400 25400 0 0
138 21400 25600 0 0
139 21400 25800 0 0
140 21600 25800 0 0
141 21600 26000 0 0
142 21600 26200 0 0
143 21800 26200 0 0
144 21800 26400 0 0
145 21800 26600 0 0
146 22000 26600 0 0
147 22000 26800 0 0
148 22000 27000 0 0
149 22000 27200 0 0
150 22200 27200 0 0
151 22200 27400 0 0
152 22200 27600 0 0
153 22200 27800 0 0
154 22400 27800 0 0
155 22400 28000 0 0
156 22400 28200 0 0
157 22400 28400 0 0
158 22400 28600 0 0
159 22400 28800 0 0
160 22400 29000 0 0
161 22600 29000 0 0
162 22600 29200 0 0
163 22600 29400 0 0
164 22600 29600 0 0
165 22600 29800 0 0
166 22600 30000 0 0
167 22800 30000 0 0
168 22800 30200 0 0
169 22800 30400 0 0
170 22800 30600 0 0
171 22800 30800 0 0
172 23000 30800 0 0
173 23000 31000 0 0
174 23000 31200 0 0
175 23000 31400 0 0
176 23000 31600 0 0
177 23000 31800 0 0
178 23000 32000 0 0
179 23200 32000 0 0
180 23200 32200 0 0
181 23200 32400 0 0
182 23200 32600 0 0
183 23200 32800 0 0
184 23200 33000 0 0
185 23200 33200 0 0
186 23200 33400 0 0
187 23200 33600 0 0
188 23400 33600 0 0
189 23400 33800 0 0
190 23400 34000 0 0
191 23400 34200 0 0
192 23400 34400 0 0
193 23400 34600 0 0
194 23400 34800 0 0
195 23600 34800 0 0
196 23600 35000 0 0
197 23600 35200 0 0
198 23800 35200 0 0
199 23800 35400 0 0
200 23800 35600 0 0
201 23800 35800 0 0
202 23800 36000 0 0
203 24000 36000 0 0
204 24000 36200 0 0
205 24000 36400 0 0
206 24000 36600 0 0
207 24000 36800 0 0
208 24200 36800 0 0
209 24200 37000 0 0
210 24200 37200 0 0
211 24200 37400 0 0
212 24200 37600 0 0
213 24200 37800 0 0
214 24200 38000 0 0
215 24200 38200 0 0
216 24200 38400 0 0
217 24400 38400 0 0
218 24400 38600 0 0
219 24400 38800 0 0
220 24400 39000 0 0
221 24400 39200 0 0
222 24600 39200 0 0
223 24600 39400 0 0
224 24600 39600 0 0
225 24600 39800 0 0
226 24600 40000 0 0
227 24800 40000 0 0
228 24800 40200 0 0
229 24800 40400 0 0
230 24800 40600 0 0
231 24800 40800 0 0
232 24800 41000 0 0
233 24800 41200 0 0
234 24800 41400 0 0
235 24800 41600 0 0
236 24800 41800 0 0
237 24800 42000 0 0
238 24800 42200 0 0
239 24800 42400 0 0
240 25000 42400 0 0
241 25000 42600 0 0
242 25000 42800 0 0
243 25000 43000 0 0
244 25000 43200 0 0
245 25000 43400 0 0
246 25000 43600 0 0
247 25000 43800 0 0
248 25000 44000 0 0
249 25200 44000 0 0
250 25200 44200 0 0
251 25200 44400 0 0
252 25200 44600 0 0
253 25200 44800 0 0
254 25200 45000 0 0
255 25200 45200 0 0
256 25200 45400 0 0
257 25200 45600 0 0
258 25200 45800 0 0
259 25000 45800 0 0
260 25000 46000 0 0
261 25000 46200 0 0
262 25000 46400 0 0
263 25000 46600 0 0
