0 17600 46800 0 0
1 17600 46600 0 0
2 17600 46400 0 0
3 17600 46200 0 0
4 17600 46000 0 0
5 17600 45800 0 0
6 17600 45600 0 0
7 17600 45400 0 0
8 17600 45200 0 0
9 17600 45000 0 0
10 17600 44800 0 0
11 17600 44600 0 0
12 17600 44400 0 0
13 17600 44200 0 0
14 17600 44000 0 0
15 17600 43800 0 0
16 17600 43600 0 0
17 17600 43400 0 0
18 17600 43200 0 0
19 17600 43000 0 0
20 17600 42800 0 0
21 17600 42600 0 0
22 17600 42400 0 0
23 17600 42200 0 0
24 17600 42000 0 0
25 17600 41800 0 0
26 17800 41800 0 0
27 17800 41600 0 0
28 17800 41400 0 0
29 17800 41200 0 0
30 17800 41000 0 0
31 17800 40800 0 0
32 17800 40600 0 0
33 17800 40400 0 0
34 17800 40200 0 0
35 17800 40000 0 0
36 17800 39800 0 0
37 17800 39600 0 0
38 17800 39400 0 0
39 17800 39200 0 0
40 18000 39200 0 0
41 18000 39000 0 0
42 18000 38800 0 0
43 18000 38600 0 0
44 18000 38400 0 0
45 18000 38200 0 0
46 18000 38000 0 0
47 18000 37800 0 0
48 18000 37600 0 0
49 18000 37400 0 0
50 18000 37200 0 0
51 18000 37000 0 0
52 18200 37000 0 0
53 18200 36800 0 0
54 18200 36600 0 0
55 18200 36400 0 0
56 18200 36200 0 0
57 18200 36000 0 0
58 18200 35800 0 0
59 18000 35800 0 0
60 18000 35600 0 0
61 18000 35400 0 0
62 18000 35200 0 0
63 18000 35000 0 0
64 18000 34800 0 0
65 18000 34600 0 0
66 18000 34400 0 0
67 18000 34200 0 0
68 18000 34000 0 0
69 18000 33800 0 0
70 18000 33600 0 0
71 18000 33400 0 0
72 18000 33200 0 0
73 18000 33000 0 0
74 17800 33000 0 0
75 17800 32800 0 0
76 17800 32600 0 0
77 17800 32400 0 0
78 17800 32200 0 0
79 17800 32000 0 0
80 17800 31800 0 0
81 17800 31600 0 0
82 17800 31400 0 0
83 17800 31200 0 0
84 17800 31000 0 0
85 17800 30800 0 0
86 17800 30600 0 0
87 17800 30400 0 0
88 17600 30400 0 0
89 17600 30200 0 0
90 17600 30000 0 0
91 17600 29800 0 0
92 17600 29600 0 0
93 17600 29400 0 0
94 17600 29200 0 0
95 17600 29000 0 0
96 17600 28800 0 0
97 17600 28600 0 0
98 17600 28400 0 0
99 17400 28400 0 0
100 17400 28200 0 0
101 17400 28000 0 0
102 17400 27800 0 0
103 17400 27600 0 0
104 17400 27400 0 0
105 17400 27200 0 0
106 17200 27200 0 0
107 17200 27000 0 0
108 17200 26800 0 0
109 17200 26600 0 0
110 17200 26400 0 0
111 17200 26200 0 0
112 17000 26200 0 0
113 17000 26000 0 0
114 17000 25800 0 0
115 17000 25600 0 0
116 17000 25400 0 0
117 17000 25200 0 0
118 16800 25200 0 0
119 16800 25000 0 0
120 16800 24800 0 0
121 16600 24800 0 0
122 16600 24600 0 0
123 16600 24400 0 0
124 16400 24400 0 0
125 16400 24200 0 0
126 16400 24000 0 0
127 16200 24000 0 0
128 16200 23800 0 0
129 16200 23600 0 0
130 16000 23600 0 0
131 16000 23400 0 0
132 16000 23200 0 0
133 15800 23200 0 0
134 15800 23000 0 0
135 15800 22800 0 0
136 15800 22600 0 0
137 15600 22600 0 0
138 15600 22400 0 0
139 15400 22400 0 0
140 15200 22400 0 0
141 15200 22200 0 0
142 15000 22200 0 0
143 15000 22000 0 0
144 14800 22000 0 0
145 14600 22000 0 0
146 14600 21800 0 0
147 14400 21800 0 0
148 14400 21600 0 0
149 14200 21600 0 0
150 14000 21600 0 0
151 14000 21400 0 0
152 13800 21400 0 0
153 13800 21200 0 0
154 13600 21200 0 0
155 13400 21200 0 0
156 13200 21200 0 0
157 13000 21200 0 0
158 12800 21200 0 0
159 12800 21000 0 0
160 12600 21000 0 0
161 12400 21000 0 0
162 12200 21000 0 0
163 12000 21000 0 0
164 11800 21000 0 0
165 11600 21000 0 0
166 11400 21000 0 0
167 11400 20800 0 0
168 11200 20800 0 0
169 11000 20800 0 0
170 10800 20800 0 0
171 10600 20800 0 0
172 10400 20800 0 0
173 10200 20800 0 0
174 10000 20800 0 0
175 9800 20800 0 0
176 9600 20800 0 0
177 9400 20800 0 0
178 9200 20800 0 0
179 9000 20800 0 0
180 8800 20800 0 0
181 8600 20800 0 0
182 8400 20800 0 0
183 8200 20800 0 0
184 8000 20800 0 0
185 7800 20800 0 0
186 7600 20800 0 0
187 7400 20800 0 0
188 7200 20800 0 0
189 7000 20800 0 0
190 6800 20800 0 0
191 6600 20800 0 0
192 6400 20800 0 0
193 6200 20800 0 0
194 6000 20800 0 0
195 5800 20800 0 0
196 5600 20800 0 0
197 5400 20800 0 0
198 5200 20800 0 0
199 5000 20800 0 0
200 4800 20800 0 0
201 4600 20800 0 0
202 4400 20800 0 0
203 4200 20800 0 0
204 4000 20800 0 0
205 3800 20800 0 0
206 3600 20800 0 0
207 3600 20600 0 0
208 3400 20600 0 0
209 3200 20600 0 0
210 3000 20600 0 0
211 2800 20600 0 0
212 2600 20600 0 0
213 2400 20600 0 0
214 2200 20600 0 0
215 2000 20600 0 0
216 1800 20600 0 0
