0 2 98 0 0
1 2 99 0 0
2 3 99 0 0
3 4 99 0 0
4 5 99 0 0
5 6 99 0 0
6 7 99 0 0
7 8 99 0 0
8 9 99 0 0
9 10 99 0 0
10 11 99 0 0
11 12 99 0 0
12 13 99 0 0
13 14 99 0 0
14 15 99 0 0
15 16 99 0 0
16 16 100 0 0
17 17 100 0 0
18 18 100 0 0
19 19 100 0 0
20 20 100 0 0
21 21 100 0 0
22 22 100 0 0
23 23 100 0 0
24 23 101 0 0
25 24 101 0 0
26 25 101 0 0
27 26 101 0 0
28 27 101 0 0
29 28 101 0 0
30 29 101 0 0
31 30 101 0 0
32 31 101 0 0
33 31 100 0 0
34 32 100 0 0
35 33 100 0 0
36 34 100 0 0
37 35 100 0 0
38 36 100 0 0
39 37 100 0 0
40 38 100 0 0
41 39 100 0 0
42 39 99 0 0
43 40 99 0 0
44 41 99 0 0
45 42 99 0 0
46 43 99 0 0
47 44 99 0 0
48 44 98 0 0
49 45 98 0 0
50 46 98 0 0
51 47 98 0 0
52 48 98 0 0
53 48 97 0 0
54 48 98 0 0
55 49 98 0 0
56 50 98 0 0
57 51 98 0 0
58 52 98 0 0
59 53 98 0 0
60 54 98 0 0
61 55 98 0 0
62 56 98 0 0
63 57 98 0 0
64 58 98 0 0
65 59 98 0 0
66 60 98 0 0
67 60 97 0 0
68 61 97 0 0
69 62 97 0 0
70 62 96 0 0
71 63 96 0 0
72 64 96 0 0
73 65 96 0 0
74 65 95 0 0
75 66 95 0 0
76 67 95 0 0
77 67 94 0 0
78 68 94 0 0
79 69 94 0 0
80 69 93 0 0
81 70 93 0 0
82 71 93 0 0
83 71 92 0 0
84 72 92 0 0
85 73 92 0 0
86 73 91 0 0
87 74 91 0 0
88 74 90 0 0
89 75 90 0 0
90 76 90 0 0
91 76 89 0 0
92 77 89 0 0
93 78 89 0 0
94 78 88 0 0
95 79 88 0 0
96 80 88 0 0
97 81 88 0 0
98 81 87 0 0
99 82 87 0 0
100 83 87 0 0
101 84 87 0 0
102 84 86 0 0
103 85 86 0 0
104 86 86 0 0
105 86 85 0 0
106 87 85 0 0
107 88 85 0 0
108 88 84 0 0
109 89 84 0 0
110 90 84 0 0
111 90 83 0 0
112 91 83 0 0
113 92 83 0 0
114 92 82 0 0
115 93 82 0 0
116 93 81 0 0
117 94 81 0 0
118 95 81 0 0
119 96 81 0 0
120 96 82 0 0
121 97 82 0 0
122 98 82 0 0
123 99 82 0 0
124 100 82 0 0
125 100 83 0 0
126 101 83 0 0
127 102 83 0 0
128 103 83 0 0
129 104 83 0 0
130 104 84 0 0
131 105 84 0 0
132 106 84 0 0
133 106 85 0 0
134 107 85 0 0
135 108 85 0 0
136 109 85 0 0
137 109 86 0 0
138 110 86 0 0
139 111 86 0 0
140 112 86 0 0
141 112 87 0 0
142 113 87 0 0
143 114 87 0 0
144 115 87 0 0
145 116 87 0 0
146 117 87 0 0
147 118 87 0 0
148 118 88 0 0
149 119 88 0 0
150 120 88 0 0
151 121 88 0 0
152 122 88 0 0
153 122 89 0 0
154 123 89 0 0
155 124 89 0 0
156 124 90 0 0
157 125 90 0 0
158 125 91 0 0
159 126 91 0 0
160 126 92 0 0
161 127 92 0 0
162 128 92 0 0
163 129 92 0 0
164 130 92 0 0
165 130 93 0 0
166 131 93 0 0
167 132 93 0 0
168 133 93 0 0
169 134 93 0 0
170 134 94 0 0
171 135 94 0 0
172 136 94 0 0
173 137 94 0 0
174 138 94 0 0
175 138 95 0 0
176 139 95 0 0
177 140 95 0 0
178 141 95 0 0
179 142 95 0 0
180 142 96 0 0
181 143 96 0 0
182 144 96 0 0
183 145 96 0 0
184 146 96 0 0
185 147 96 0 0
186 148 96 0 0
187 149 96 0 0
188 150 96 0 0
189 151 96 0 0
190 152 96 0 0
191 153 96 0 0
192 154 96 0 0
193 155 96 0 0
194 156 96 0 0
195 157 96 0 0
196 158 96 0 0
197 159 96 0 0
198 160 96 0 0
199 161 96 0 0
200 161 97 0 0
201 162 97 0 0
202 163 97 0 0
203 164 97 0 0
204 165 97 0 0
205 166 97 0 0
206 167 97 0 0
207 168 97 0 0
208 169 97 0 0
209 170 97 0 0
210 171 97 0 0
211 172 97 0 0
212 173 97 0 0
213 174 97 0 0
214 175 97 0 0
215 176 97 0 0
216 177 97 0 0
217 178 97 0 0
218 179 97 0 0
219 180 97 0 0
220 181 97 0 0
221 182 97 0 0
222 183 97 0 0
223 184 97 0 0
224 185 97 0 0
225 186 97 0 0
226 187 97 0 0
227 188 97 0 0
228 189 97 0 0
229 190 97 0 0
230 191 97 0 0
231 192 97 0 0
232 193 97 0 0
233 194 97 0 0
