0 1 102 0 0
1 2 102 0 0
2 3 102 0 0
3 4 102 0 0
4 5 102 0 0
5 6 102 0 0
6 7 102 0 0
7 8 102 0 0
8 9 102 0 0
9 10 102 0 0
10 11 102 0 0
11 12 102 0 0
12 13 102 0 0
13 14 102 0 0
14 15 102 0 0
15 16 102 0 0
16 16 101 0 0
17 17 101 0 0
18 18 101 0 0
19 19 101 0 0
20 20 101 0 0
21 21 101 0 0
22 22 101 0 0
23 23 101 0 0
24 24 101 0 0
25 25 101 0 0
26 26 101 0 0
27 27 101 0 0
28 28 101 0 0
29 29 101 0 0
30 30 101 0 0
31 31 101 0 0
32 31 100 0 0
33 32 100 0 0
34 33 100 0 0
35 34 100 0 0
36 35 100 0 0
37 36 100 0 0
38 37 100 0 0
39 38 100 0 0
40 39 100 0 0
41 40 100 0 0
42 41 100 0 0
43 42 100 0 0
44 43 100 0 0
45 44 100 0 0
46 45 100 0 0
47 46 100 0 0
48 47 100 0 0
49 47 99 0 0
50 48 99 0 0
51 49 99 0 0
52 50 99 0 0
53 51 99 0 0
54 52 99 0 0
55 53 99 0 0
56 54 99 0 0
57 55 99 0 0
58 56 99 0 0
59 57 99 0 0
60 58 99 0 0
61 59 99 0 0
62 60 99 0 0
63 61 99 0 0
64 62 99 0 0
65 63 99 0 0
66 63 98 0 0
67 64 98 0 0
68 65 98 0 0
69 66 98 0 0
70 67 98 0 0
71 68 98 0 0
72 69 98 0 0
73 70 98 0 0
74 71 98 0 0
75 72 98 0 0
76 72 97 0 0
77 73 97 0 0
78 74 97 0 0
79 74 96 0 0
80 75 96 0 0
81 76 96 0 0
82 76 95 0 0
83 77 95 0 0
84 78 95 0 0
85 79 95 0 0
86 79 94 0 0
87 80 94 0 0
88 81 94 0 0
89 81 93 0 0
90 82 93 0 0
91 83 93 0 0
92 84 93 0 0
93 84 92 0 0
94 85 92 0 0
95 86 92 0 0
96 86 91 0 0
97 87 91 0 0
98 88 91 0 0
99 88 90 0 0
100 89 90 0 0
101 90 90 0 0
102 91 90 0 0
103 91 89 0 0
104 91 90 0 0
105 92 90 0 0
106 93 90 0 0
107 94 90 0 0
108 95 90 0 0
109 96 90 0 0
110 97 90 0 0
111 98 90 0 0
112 98 91 0 0
113 99 91 0 0
114 100 91 0 0
115 101 91 0 0
116 102 91 0 0
117 103 91 0 0
118 104 91 0 0
119 104 92 0 0
120 105 92 0 0
121 106 92 0 0
122 107 92 0 0
123 108 92 0 0
124 109 92 0 0
125 110 92 0 0
126 111 92 0 0
127 111 93 0 0
128 112 93 0 0
129 113 93 0 0
130 114 93 0 0
131 115 93 0 0
132 116 93 0 0
133 117 93 0 0
134 118 93 0 0
135 118 94 0 0
136 119 94 0 0
137 120 94 0 0
138 121 94 0 0
139 122 94 0 0
140 122 95 0 0
141 123 95 0 0
142 124 95 0 0
143 124 96 0 0
144 125 96 0 0
145 126 96 0 0
146 127 96 0 0
147 127 97 0 0
148 128 97 0 0
149 129 97 0 0
150 130 97 0 0
151 130 98 0 0
152 131 98 0 0
153 132 98 0 0
154 132 99 0 0
155 133 99 0 0
156 134 99 0 0
157 135 99 0 0
158 135 100 0 0
159 136 100 0 0
160 137 100 0 0
161 138 100 0 0
162 139 100 0 0
163 140 100 0 0
164 141 100 0 0
165 142 100 0 0
166 142 99 0 0
167 142 100 0 0
168 143 100 0 0
169 144 100 0 0
170 145 100 0 0
171 146 100 0 0
172 147 100 0 0
173 148 100 0 0
174 148 101 0 0
175 149 101 0 0
176 150 101 0 0
177 151 101 0 0
178 152 101 0 0
179 153 101 0 0
180 154 101 0 0
181 155 101 0 0
182 156 101 0 0
183 157 101 0 0
184 158 101 0 0
185 159 101 0 0
186 160 101 0 0
187 161 101 0 0
188 162 101 0 0
189 163 101 0 0
190 164 101 0 0
191 165 101 0 0
192 166 101 0 0
193 167 101 0 0
194 168 101 0 0
195 169 101 0 0
196 170 101 0 0
197 171 101 0 0
198 172 101 0 0
199 173 101 0 0
200 174 101 0 0
201 175 101 0 0
202 176 101 0 0
203 177 101 0 0
204 178 101 0 0
205 179 101 0 0
206 180 101 0 0
207 181 101 0 0
208 182 101 0 0
209 182 102 0 0
210 183 102 0 0
211 184 102 0 0
212 185 102 0 0
213 186 102 0 0
214 187 102 0 0
215 188 102 0 0
216 189 102 0 0
217 190 102 0 0
218 191 102 0 0
219 192 102 0 0
220 193 102 0 0
221 194 102 0 0
