0 98 6 0 0
1 98 7 0 0
2 98 8 0 0
3 97 8 0 0
4 97 9 0 0
5 97 10 0 0
6 97 11 0 0
7 97 12 0 0
8 97 13 0 0
9 97 14 0 0
10 97 15 0 0
11 97 16 0 0
12 97 17 0 0
13 97 18 0 0
14 97 19 0 0
15 97 20 0 0
16 97 21 0 0
17 97 22 0 0
18 97 23 0 0
19 97 24 0 0
20 97 25 0 0
21 97 26 0 0
22 97 27 0 0
23 97 28 0 0
24 97 29 0 0
25 97 30 0 0
26 97 31 0 0
27 97 32 0 0
28 97 33 0 0
29 97 34 0 0
30 97 35 0 0
31 97 36 0 0
32 97 37 0 0
33 97 38 0 0
34 97 39 0 0
35 97 40 0 0
36 97 41 0 0
37 97 42 0 0
38 97 43 0 0
39 97 44 0 0
40 97 45 0 0
41 97 46 0 0
42 97 47 0 0
43 97 48 0 0
44 97 49 0 0
45 98 49 0 0
46 98 50 0 0
47 98 51 0 0
48 98 52 0 0
49 99 52 0 0
50 99 53 0 0
51 99 54 0 0
52 99 55 0 0
53 99 56 0 0
54 99 57 0 0
55 100 57 0 0
56 100 58 0 0
57 100 59 0 0
58 100 60 0 0
59 101 60 0 0
60 101 61 0 0
61 101 62 0 0
62 101 63 0 0
63 101 64 0 0
64 101 65 0 0
65 102 65 0 0
66 102 66 0 0
67 102 67 0 0
68 103 67 0 0
69 103 68 0 0
70 103 69 0 0
71 104 69 0 0
72 104 70 0 0
73 104 71 0 0
74 104 72 0 0
75 105 72 0 0
76 105 73 0 0
77 105 74 0 0
78 106 74 0 0
79 106 75 0 0
80 106 76 0 0
81 107 76 0 0
82 107 77 0 0
83 107 78 0 0
84 108 78 0 0
85 108 79 0 0
86 108 80 0 0
87 109 80 0 0
88 109 81 0 0
89 109 82 0 0
90 109 83 0 0
91 110 83 0 0
92 110 84 0 0
93 110 85 0 0
94 111 85 0 0
95 111 86 0 0
96 111 87 0 0
97 112 87 0 0
98 112 88 0 0
99 112 89 0 0
100 112 90 0 0
101 112 91 0 0
102 113 91 0 0
103 113 92 0 0
104 113 93 0 0
105 113 94 0 0
106 113 95 0 0
107 114 95 0 0
108 114 96 0 0
109 114 97 0 0
110 115 97 0 0
111 115 98 0 0
112 115 99 0 0
113 115 100 0 0
114 115 101 0 0
115 115 102 0 0
116 115 103 0 0
117 115 104 0 0
118 116 104 0 0
119 116 105 0 0
120 116 106 0 0
121 116 107 0 0
122 116 108 0 0
123 116 109 0 0
124 116 110 0 0
125 116 111 0 0
126 116 112 0 0
127 116 113 0 0
128 116 114 0 0
129 116 115 0 0
130 116 116 0 0
131 116 117 0 0
132 116 118 0 0
133 116 119 0 0
134 116 120 0 0
135 116 121 0 0
136 115 121 0 0
137 115 122 0 0
138 115 123 0 0
139 115 124 0 0
140 115 125 0 0
141 115 126 0 0
142 115 127 0 0
143 114 127 0 0
144 114 128 0 0
145 114 129 0 0
146 114 130 0 0
147 113 130 0 0
148 113 131 0 0
149 113 132 0 0
150 113 133 0 0
151 113 134 0 0
152 113 135 0 0
153 113 136 0 0
154 113 137 0 0
155 113 138 0 0
156 113 139 0 0
157 113 140 0 0
158 113 141 0 0
159 112 141 0 0
160 112 142 0 0
161 112 143 0 0
162 112 144 0 0
163 112 145 0 0
164 112 146 0 0
165 112 147 0 0
166 112 148 0 0
167 112 149 0 0
168 112 150 0 0
169 112 151 0 0
170 112 152 0 0
171 112 153 0 0
172 112 154 0 0
173 112 155 0 0
174 112 156 0 0
175 112 157 0 0
176 112 158 0 0
177 112 159 0 0
178 112 160 0 0
179 112 161 0 0
180 112 162 0 0
181 112 163 0 0
182 112 164 0 0
183 112 165 0 0
184 112 166 0 0
185 112 167 0 0
186 112 168 0 0
187 113 168 0 0
188 113 169 0 0
189 113 170 0 0
190 113 171 0 0
191 113 172 0 0
192 113 173 0 0
193 113 174 0 0
194 113 175 0 0
195 114 175 0 0
196 114 176 0 0
197 114 177 0 0
198 114 178 0 0
199 114 179 0 0
200 114 180 0 0
201 115 180 0 0
202 115 181 0 0
203 115 182 0 0
204 115 183 0 0
205 115 184 0 0
206 115 185 0 0
207 115 186 0 0
208 115 187 0 0
209 115 188 0 0
210 115 189 0 0
211 115 190 0 0
212 115 191 0 0
213 115 192 0 0
214 115 193 0 0
215 116 193 0 0
216 116 194 0 0
217 116 195 0 0
218 116 196 0 0
219 116 197 0 0
220 116 198 0 0
221 116 199 0 0
222 116 200 0 0
223 116 201 0 0
224 116 202 0 0
225 116 203 0 0
226 116 204 0 0
227 116 205 0 0
228 117 205 0 0
229 117 206 0 0
230 117 207 0 0
231 117 208 0 0
232 117 209 0 0
233 117 210 0 0
234 117 211 0 0
235 117 212 0 0
236 117 213 0 0
237 117 214 0 0
238 118 214 0 0
239 118 215 0 0
240 118 216 0 0
241 118 217 0 0
242 118 218 0 0
243 118 219 0 0
244 118 220 0 0
245 118 221 0 0
246 118 222 0 0
247 118 223 0 0
248 119 223 0 0
249 119 224 0 0
250 119 225 0 0
251 119 226 0 0
252 119 227 0 0
253 119 228 0 0
254 120 228 0 0
255 120 229 0 0
256 120 230 0 0
257 120 231 0 0
258 120 232 0 0
259 120 233 0 0
260 120 234 0 0
261 120 235 0 0
