0 1 90 0 0
1 2 90 0 0
2 3 90 0 0
3 4 90 0 0
4 5 90 0 0
5 6 90 0 0
6 7 90 0 0
7 8 90 0 0
8 9 90 0 0
9 10 90 0 0
10 11 90 0 0
11 12 90 0 0
12 13 90 0 0
13 14 90 0 0
14 14 91 0 0
15 15 91 0 0
16 16 91 0 0
17 17 91 0 0
18 18 91 0 0
19 19 91 0 0
20 20 91 0 0
21 21 91 0 0
22 22 91 0 0
23 23 91 0 0
24 23 92 0 0
25 24 92 0 0
26 25 92 0 0
27 26 92 0 0
28 27 92 0 0
29 28 92 0 0
30 29 92 0 0
31 30 92 0 0
32 30 93 0 0
33 31 93 0 0
34 32 93 0 0
35 33 93 0 0
36 34 93 0 0
37 35 93 0 0
38 36 93 0 0
39 37 93 0 0
40 38 93 0 0
41 39 93 0 0
42 40 93 0 0
43 41 93 0 0
44 42 93 0 0
45 43 93 0 0
46 44 93 0 0
47 45 93 0 0
48 46 93 0 0
49 47 93 0 0
50 48 93 0 0
51 49 93 0 0
52 50 93 0 0
53 51 93 0 0
54 52 93 0 0
55 53 93 0 0
56 53 92 0 0
57 54 92 0 0
58 54 93 0 0
59 55 93 0 0
60 56 93 0 0
61 57 93 0 0
62 58 93 0 0
63 59 93 0 0
64 60 93 0 0
65 61 93 0 0
66 62 93 0 0
67 63 93 0 0
68 64 93 0 0
69 65 93 0 0
70 66 93 0 0
71 67 93 0 0
72 68 93 0 0
73 68 92 0 0
74 69 92 0 0
75 70 92 0 0
76 71 92 0 0
77 71 91 0 0
78 72 91 0 0
79 73 91 0 0
80 74 91 0 0
81 74 90 0 0
82 75 90 0 0
83 76 90 0 0
84 77 90 0 0
85 77 89 0 0
86 78 89 0 0
87 79 89 0 0
88 79 88 0 0
89 80 88 0 0
90 80 87 0 0
91 81 87 0 0
92 81 86 0 0
93 82 86 0 0
94 82 85 0 0
95 83 85 0 0
96 84 85 0 0
97 84 84 0 0
98 85 84 0 0
99 85 83 0 0
100 86 83 0 0
101 87 83 0 0
102 88 83 0 0
103 88 82 0 0
104 89 82 0 0
105 89 81 0 0
106 90 81 0 0
107 91 81 0 0
108 91 80 0 0
109 92 80 0 0
110 93 80 0 0
111 94 80 0 0
112 94 79 0 0
113 95 79 0 0
114 96 79 0 0
115 97 79 0 0
116 97 78 0 0
117 98 78 0 0
118 99 78 0 0
119 100 78 0 0
120 100 77 0 0
121 100 78 0 0
122 101 78 0 0
123 102 78 0 0
124 103 78 0 0
125 104 78 0 0
126 105 78 0 0
127 106 78 0 0
128 107 78 0 0
129 107 79 0 0
130 108 79 0 0
131 109 79 0 0
132 110 79 0 0
133 111 79 0 0
134 111 80 0 0
135 112 80 0 0
136 113 80 0 0
137 113 81 0 0
138 114 81 0 0
139 115 81 0 0
140 115 82 0 0
141 116 82 0 0
142 117 82 0 0
143 117 83 0 0
144 118 83 0 0
145 119 83 0 0
146 120 83 0 0
147 120 84 0 0
148 121 84 0 0
149 122 84 0 0
150 123 84 0 0
151 123 85 0 0
152 124 85 0 0
153 125 85 0 0
154 126 85 0 0
155 126 86 0 0
156 127 86 0 0
157 128 86 0 0
158 128 87 0 0
159 129 87 0 0
160 130 87 0 0
161 130 88 0 0
162 131 88 0 0
163 132 88 0 0
164 132 89 0 0
165 133 89 0 0
166 134 89 0 0
167 134 90 0 0
168 135 90 0 0
169 136 90 0 0
170 136 91 0 0
171 137 91 0 0
172 138 91 0 0
173 139 91 0 0
174 139 92 0 0
175 140 92 0 0
176 141 92 0 0
177 142 92 0 0
178 143 92 0 0
179 144 92 0 0
180 145 92 0 0
181 146 92 0 0
182 147 92 0 0
183 148 92 0 0
184 149 92 0 0
185 150 92 0 0
186 151 92 0 0
187 152 92 0 0
188 153 92 0 0
189 154 92 0 0
190 155 92 0 0
191 155 93 0 0
192 156 93 0 0
193 157 93 0 0
194 158 93 0 0
195 159 93 0 0
196 160 93 0 0
197 161 93 0 0
198 162 93 0 0
199 163 93 0 0
200 164 93 0 0
201 164 92 0 0
202 164 93 0 0
203 165 93 0 0
204 166 93 0 0
205 167 93 0 0
206 168 93 0 0
207 169 93 0 0
208 170 93 0 0
209 171 93 0 0
210 172 93 0 0
211 173 93 0 0
212 174 93 0 0
213 175 93 0 0
214 176 93 0 0
215 177 93 0 0
216 178 93 0 0
217 179 93 0 0
218 180 93 0 0
219 181 93 0 0
220 182 93 0 0
221 183 93 0 0
222 184 93 0 0
223 185 93 0 0
224 186 93 0 0
225 187 93 0 0
226 188 93 0 0
227 189 93 0 0
228 190 93 0 0
229 191 93 0 0
230 192 93 0 0
231 193 93 0 0
232 194 93 0 0
