0 4 104 0 0
1 5 104 0 0
2 6 104 0 0
3 7 104 0 0
4 8 104 0 0
5 9 104 0 0
6 10 104 0 0
7 11 104 0 0
8 12 104 0 0
9 13 104 0 0
10 14 104 0 0
11 15 104 0 0
12 16 104 0 0
13 17 104 0 0
14 18 104 0 0
15 19 104 0 0
16 20 104 0 0
17 21 104 0 0
18 22 104 0 0
19 23 104 0 0
20 24 104 0 0
21 25 104 0 0
22 26 104 0 0
23 26 103 0 0
24 27 103 0 0
25 28 103 0 0
26 29 103 0 0
27 30 103 0 0
28 31 103 0 0
29 32 103 0 0
30 33 103 0 0
31 34 103 0 0
32 35 103 0 0
33 36 103 0 0
34 37 103 0 0
35 38 103 0 0
36 39 103 0 0
37 40 103 0 0
38 41 103 0 0
39 42 103 0 0
40 43 103 0 0
41 44 103 0 0
42 44 102 0 0
43 45 102 0 0
44 45 103 0 0
45 46 103 0 0
46 47 103 0 0
47 48 103 0 0
48 49 103 0 0
49 50 103 0 0
50 51 103 0 0
51 52 103 0 0
52 53 103 0 0
53 54 103 0 0
54 55 103 0 0
55 56 103 0 0
56 57 103 0 0
57 58 103 0 0
58 59 103 0 0
59 60 103 0 0
60 61 103 0 0
61 61 104 0 0
62 62 104 0 0
63 63 104 0 0
64 64 104 0 0
65 65 104 0 0
66 66 104 0 0
67 67 104 0 0
68 68 104 0 0
69 69 104 0 0
70 70 104 0 0
71 71 104 0 0
72 72 104 0 0
73 73 104 0 0
74 74 104 0 0
75 75 104 0 0
76 76 104 0 0
77 77 104 0 0
78 77 105 0 0
79 78 105 0 0
80 79 105 0 0
81 79 106 0 0
82 80 106 0 0
83 81 106 0 0
84 82 106 0 0
85 82 107 0 0
86 83 107 0 0
87 84 107 0 0
88 84 108 0 0
89 85 108 0 0
90 86 108 0 0
91 86 109 0 0
92 87 109 0 0
93 87 110 0 0
94 88 110 0 0
95 88 111 0 0
96 89 111 0 0
97 90 111 0 0
98 90 112 0 0
99 91 112 0 0
100 91 113 0 0
101 92 113 0 0
102 92 114 0 0
103 93 114 0 0
104 93 115 0 0
105 94 115 0 0
106 94 116 0 0
107 95 116 0 0
108 95 117 0 0
109 96 117 0 0
110 96 118 0 0
111 96 119 0 0
112 97 119 0 0
113 97 120 0 0
114 98 120 0 0
115 98 121 0 0
116 98 122 0 0
117 99 122 0 0
118 99 123 0 0
119 99 124 0 0
120 100 124 0 0
121 100 125 0 0
122 100 126 0 0
123 101 126 0 0
124 101 127 0 0
125 102 127 0 0
126 102 128 0 0
127 102 129 0 0
128 102 130 0 0
129 102 131 0 0
130 102 132 0 0
131 103 132 0 0
132 103 133 0 0
133 103 134 0 0
134 103 135 0 0
135 103 136 0 0
136 103 137 0 0
137 104 137 0 0
138 104 138 0 0
139 104 139 0 0
140 104 140 0 0
141 104 141 0 0
142 105 141 0 0
143 105 142 0 0
144 105 143 0 0
145 105 144 0 0
146 105 145 0 0
147 105 146 0 0
148 106 146 0 0
149 106 147 0 0
150 106 148 0 0
151 106 149 0 0
152 106 150 0 0
153 107 150 0 0
154 107 151 0 0
155 107 152 0 0
156 108 152 0 0
157 108 153 0 0
158 108 154 0 0
159 108 155 0 0
160 108 156 0 0
161 108 157 0 0
162 108 158 0 0
163 108 159 0 0
164 108 160 0 0
165 108 161 0 0
166 108 162 0 0
167 108 163 0 0
168 108 164 0 0
169 109 164 0 0
170 109 165 0 0
171 109 166 0 0
172 109 167 0 0
173 110 167 0 0
174 110 168 0 0
175 110 169 0 0
176 110 170 0 0
177 111 170 0 0
178 111 171 0 0
179 111 172 0 0
180 112 172 0 0
181 112 173 0 0
182 112 174 0 0
183 112 175 0 0
184 112 176 0 0
185 112 177 0 0
186 113 177 0 0
187 113 178 0 0
188 113 179 0 0
189 113 180 0 0
190 113 181 0 0
191 113 182 0 0
192 113 183 0 0
193 114 183 0 0
194 114 184 0 0
195 114 185 0 0
196 114 186 0 0
197 114 187 0 0
198 114 188 0 0
199 115 188 0 0
200 115 189 0 0
201 115 190 0 0
202 115 191 0 0
203 115 192 0 0
204 116 192 0 0
205 116 193 0 0
206 116 194 0 0
207 116 195 0 0
208 116 196 0 0
209 117 196 0 0
210 117 197 0 0
211 117 198 0 0
212 117 199 0 0
213 117 200 0 0
214 118 200 0 0
215 118 201 0 0
216 118 202 0 0
217 118 203 0 0
218 118 204 0 0
219 119 204 0 0
220 119 205 0 0
221 119 206 0 0
222 119 207 0 0
223 119 208 0 0
224 119 209 0 0
225 120 209 0 0
226 120 210 0 0
227 120 211 0 0
228 120 212 0 0
229 120 213 0 0
230 120 214 0 0
231 121 214 0 0
232 121 215 0 0
233 121 216 0 0
234 121 217 0 0
235 121 218 0 0
236 121 219 0 0
237 122 219 0 0
238 122 220 0 0
239 122 221 0 0
240 122 222 0 0
241 122 223 0 0
242 122 224 0 0
243 122 225 0 0
244 122 226 0 0
245 122 227 0 0
246 123 227 0 0
247 123 228 0 0
248 123 229 0 0
249 123 230 0 0
250 123 231 0 0
251 123 232 0 0
252 123 233 0 0
253 123 234 0 0
254 123 233 0 0
