0 89 235 0 0
1 89 234 0 0
2 89 233 0 0
3 89 232 0 0
4 89 231 0 0
5 89 230 0 0
6 89 229 0 0
7 89 228 0 0
8 88 228 0 0
9 88 227 0 0
10 88 226 0 0
11 88 225 0 0
12 88 224 0 0
13 88 223 0 0
14 88 222 0 0
15 88 221 0 0
16 88 220 0 0
17 88 219 0 0
18 88 218 0 0
19 88 217 0 0
20 88 216 0 0
21 88 215 0 0
22 88 214 0 0
23 89 214 0 0
24 89 213 0 0
25 89 212 0 0
26 89 211 0 0
27 89 210 0 0
28 89 209 0 0
29 89 208 0 0
30 89 207 0 0
31 89 206 0 0
32 90 206 0 0
33 90 205 0 0
34 90 204 0 0
35 90 203 0 0
36 90 202 0 0
37 90 201 0 0
38 91 201 0 0
39 91 200 0 0
40 91 199 0 0
41 91 198 0 0
42 91 197 0 0
43 91 196 0 0
44 91 195 0 0
45 91 194 0 0
46 91 193 0 0
47 91 192 0 0
48 91 191 0 0
49 91 190 0 0
50 91 189 0 0
51 91 188 0 0
52 91 187 0 0
53 91 186 0 0
54 91 185 0 0
55 91 184 0 0
56 91 183 0 0
57 91 182 0 0
58 91 181 0 0
59 91 180 0 0
60 91 179 0 0
61 91 178 0 0
62 91 177 0 0
63 91 176 0 0
64 91 175 0 0
65 91 174 0 0
66 91 173 0 0
67 91 172 0 0
68 91 171 0 0
69 91 170 0 0
70 91 169 0 0
71 91 168 0 0
72 91 167 0 0
73 91 166 0 0
74 91 165 0 0
75 91 164 0 0
76 91 163 0 0
77 91 162 0 0
78 91 161 0 0
79 91 160 0 0
80 92 160 0 0
81 91 160 0 0
82 91 159 0 0
83 91 158 0 0
84 91 157 0 0
85 91 156 0 0
86 91 155 0 0
87 91 154 0 0
88 91 153 0 0
89 91 152 0 0
90 91 151 0 0
91 91 150 0 0
92 91 149 0 0
93 91 148 0 0
94 91 147 0 0
95 90 147 0 0
96 90 146 0 0
97 90 145 0 0
98 90 144 0 0
99 90 143 0 0
100 90 142 0 0
101 90 141 0 0
102 90 140 0 0
103 90 139 0 0
104 90 138 0 0
105 90 137 0 0
106 90 136 0 0
107 90 135 0 0
108 90 134 0 0
109 90 133 0 0
110 90 132 0 0
111 90 131 0 0
112 89 131 0 0
113 89 130 0 0
114 89 129 0 0
115 89 128 0 0
116 89 127 0 0
117 89 126 0 0
118 88 126 0 0
119 88 125 0 0
120 88 124 0 0
121 88 123 0 0
122 88 122 0 0
123 87 122 0 0
124 87 121 0 0
125 87 120 0 0
126 86 120 0 0
127 86 119 0 0
128 86 118 0 0
129 85 118 0 0
130 85 117 0 0
131 85 116 0 0
132 85 115 0 0
133 84 115 0 0
134 84 114 0 0
135 84 113 0 0
136 83 113 0 0
137 83 112 0 0
138 83 111 0 0
139 82 111 0 0
140 82 110 0 0
141 81 110 0 0
142 81 109 0 0
143 80 109 0 0
144 79 109 0 0
145 79 108 0 0
146 78 108 0 0
147 77 108 0 0
148 77 107 0 0
149 76 107 0 0
150 75 107 0 0
151 75 106 0 0
152 74 106 0 0
153 74 105 0 0
154 73 105 0 0
155 72 105 0 0
156 71 105 0 0
157 71 104 0 0
158 70 104 0 0
159 69 104 0 0
160 68 104 0 0
161 67 104 0 0
162 67 103 0 0
163 66 103 0 0
164 65 103 0 0
165 64 103 0 0
166 64 102 0 0
167 63 102 0 0
168 62 102 0 0
169 61 102 0 0
170 61 101 0 0
171 61 102 0 0
172 60 102 0 0
173 59 102 0 0
174 58 102 0 0
175 57 102 0 0
176 56 102 0 0
177 55 102 0 0
178 54 102 0 0
179 53 102 0 0
180 52 102 0 0
181 51 102 0 0
182 50 102 0 0
183 49 102 0 0
184 48 102 0 0
185 47 102 0 0
186 46 102 0 0
187 45 102 0 0
188 44 102 0 0
189 43 102 0 0
190 42 102 0 0
191 41 102 0 0
192 40 102 0 0
193 39 102 0 0
194 39 101 0 0
195 38 101 0 0
196 37 101 0 0
197 36 101 0 0
198 35 101 0 0
199 34 101 0 0
200 33 101 0 0
201 32 101 0 0
202 31 101 0 0
203 30 101 0 0
204 30 100 0 0
205 29 100 0 0
206 28 100 0 0
207 27 100 0 0
208 26 100 0 0
209 25 100 0 0
210 24 100 0 0
211 23 100 0 0
212 22 100 0 0
213 21 100 0 0
214 20 100 0 0
215 20 99 0 0
216 20 100 0 0
217 19 100 0 0
218 18 100 0 0
219 17 100 0 0
220 16 100 0 0
221 15 100 0 0
222 14 100 0 0
223 13 100 0 0
224 12 100 0 0
225 11 100 0 0
226 10 100 0 0
227 10 99 0 0
228 9 99 0 0
229 8 99 0 0
230 7 99 0 0
231 6 99 0 0
232 5 99 0 0
233 5 98 0 0
234 4 98 0 0
