0 400 18400 0 0
1 400 18600 0 0
2 600 18600 0 0
3 800 18600 0 0
4 1000 18600 0 0
5 1200 18600 0 0
6 1200 18800 0 0
7 1400 18800 0 0
8 1600 18800 0 0
9 1600 18600 0 0
10 1800 18600 0 0
11 1800 18400 0 0
12 2000 18400 0 0
13 2200 18400 0 0
14 2400 18400 0 0
15 2600 18400 0 0
16 2800 18400 0 0
17 3000 18400 0 0
18 3200 18400 0 0
19 3400 18400 0 0
20 3400 18600 0 0
21 3600 18600 0 0
22 3800 18600 0 0
23 4000 18600 0 0
24 4200 18600 0 0
25 4400 18600 0 0
26 4600 18600 0 0
27 4800 18600 0 0
28 5000 18600 0 0
29 5200 18600 0 0
30 5400 18600 0 0
31 5600 18600 0 0
32 5800 18600 0 0
33 5800 18800 0 0
34 6000 18800 0 0
35 6200 18800 0 0
36 6400 18800 0 0
37 6600 18800 0 0
38 6800 18800 0 0
39 7000 18800 0 0
40 7200 18800 0 0
41 7400 18800 0 0
42 7600 18800 0 0
43 7800 18800 0 0
44 8000 18800 0 0
45 8200 18800 0 0
46 8400 18800 0 0
47 8600 18800 0 0
48 8800 18800 0 0
49 9000 18800 0 0
50 9200 18800 0 0
51 9400 18800 0 0
52 9600 18800 0 0
53 9800 18800 0 0
54 10000 18800 0 0
55 10200 18800 0 0
56 10400 18800 0 0
57 10600 18800 0 0
58 10800 18800 0 0
59 11000 18800 0 0
60 11200 18800 0 0
61 11400 18800 0 0
62 11600 18800 0 0
63 11600 18600 0 0
64 11800 18600 0 0
65 12000 18600 0 0
66 12200 18600 0 0
67 12400 18600 0 0
68 12600 18600 0 0
69 12800 18600 0 0
70 13000 18600 0 0
71 13000 18400 0 0
72 13200 18400 0 0
73 13400 18400 0 0
74 13600 18400 0 0
75 13600 18200 0 0
76 13800 18200 0 0
77 14000 18200 0 0
78 14200 18200 0 0
79 14200 18000 0 0
80 14400 18000 0 0
81 14600 18000 0 0
82 14800 18000 0 0
83 14800 17800 0 0
84 15000 17800 0 0
85 15000 17600 0 0
86 15200 17600 0 0
87 15400 17600 0 0
88 15400 17400 0 0
89 15600 17400 0 0
90 15600 17200 0 0
91 15800 17200 0 0
92 16000 17200 0 0
93 16000 17000 0 0
94 16200 17000 0 0
95 16400 17000 0 0
96 16400 16800 0 0
97 16600 16800 0 0
98 16800 16800 0 0
99 16800 16600 0 0
100 17000 16600 0 0
101 17200 16600 0 0
102 17200 16400 0 0
103 17400 16400 0 0
104 17600 16400 0 0
105 17600 16200 0 0
106 17800 16200 0 0
107 18000 16200 0 0
108 18200 16200 0 0
109 18200 16000 0 0
110 18400 16000 0 0
111 18600 16000 0 0
112 18800 16000 0 0
113 18800 15800 0 0
114 19000 15800 0 0
115 19200 15800 0 0
116 19400 15800 0 0
117 19600 15800 0 0
118 19800 15800 0 0
119 19800 16000 0 0
120 20000 16000 0 0
121 20200 16000 0 0
122 20400 16000 0 0
123 20600 16000 0 0
124 20600 16200 0 0
125 20800 16200 0 0
126 21000 16200 0 0
127 21200 16200 0 0
128 21400 16200 0 0
129 21400 16400 0 0
130 21600 16400 0 0
131 21600 16600 0 0
132 21800 16600 0 0
133 21800 16800 0 0
134 22000 16800 0 0
135 22000 17000 0 0
136 22200 17000 0 0
137 22200 17200 0 0
138 22400 17200 0 0
139 22400 17400 0 0
140 22600 17400 0 0
141 22600 17600 0 0
142 22600 17800 0 0
143 22800 17800 0 0
144 22800 18000 0 0
145 22800 18200 0 0
146 23000 18200 0 0
147 23000 18400 0 0
148 23000 18600 0 0
149 23000 18800 0 0
150 23200 18800 0 0
151 23200 19000 0 0
152 23200 19200 0 0
153 23200 19400 0 0
154 23200 19600 0 0
155 23400 19600 0 0
156 23400 19800 0 0
157 23400 20000 0 0
158 23400 20200 0 0
159 23600 20200 0 0
160 23600 20400 0 0
161 23600 20600 0 0
162 23600 20800 0 0
163 23600 21000 0 0
164 23600 21200 0 0
165 23800 21200 0 0
166 23800 21400 0 0
167 23800 21600 0 0
168 23800 21800 0 0
169 23800 22000 0 0
170 24000 22000 0 0
171 24000 22200 0 0
172 23800 22200 0 0
173 23800 22400 0 0
174 23800 22600 0 0
175 23800 22800 0 0
176 23800 23000 0 0
177 23800 23200 0 0
178 23800 23400 0 0
179 23800 23600 0 0
180 23800 23800 0 0
181 23800 24000 0 0
182 23800 24200 0 0
183 23800 24400 0 0
184 23800 24600 0 0
185 23800 24800 0 0
186 23600 24800 0 0
187 23600 25000 0 0
188 23600 25200 0 0
189 23600 25400 0 0
190 23600 25600 0 0
191 23600 25800 0 0
192 23600 26000 0 0
193 23600 26200 0 0
194 23600 26400 0 0
195 23600 26600 0 0
196 23600 26800 0 0
197 23600 27000 0 0
198 23600 27200 0 0
199 23600 27400 0 0
200 23600 27600 0 0
201 23600 27800 0 0
202 23600 28000 0 0
203 23600 28200 0 0
204 23400 28200 0 0
205 23400 28400 0 0
206 23400 28600 0 0
207 23400 28800 0 0
208 23400 29000 0 0
209 23400 29200 0 0
210 23400 29400 0 0
211 23400 29600 0 0
212 23400 29800 0 0
213 23400 30000 0 0
214 23400 30200 0 0
215 23600 30200 0 0
216 23600 30400 0 0
217 23600 30600 0 0
218 23600 30800 0 0
219 23600 31000 0 0
220 23600 31200 0 0
221 23600 31400 0 0
222 23600 31600 0 0
223 23600 31800 0 0
224 23600 32000 0 0
225 23600 32200 0 0
226 23600 32400 0 0
227 23600 32600 0 0
228 23600 32800 0 0
229 23600 33000 0 0
230 23800 33000 0 0
231 23800 33200 0 0
232 23800 33400 0 0
233 23800 33600 0 0
234 23800 33800 0 0
235 23800 34000 0 0
236 23800 34200 0 0
237 23800 34400 0 0
238 23800 34600 0 0
239 23800 34800 0 0
240 23800 35000 0 0
241 24000 35000 0 0
242 24000 35200 0 0
243 24000 35400 0 0
244 24000 35600 0 0
245 24000 35800 0 0
246 24000 36000 0 0
247 24000 36200 0 0
248 24000 36400 0 0
249 24000 36600 0 0
250 24000 36800 0 0
251 24000 37000 0 0
252 24000 37200 0 0
253 24000 37400 0 0
254 24000 37600 0 0
255 24000 37800 0 0
256 24000 38000 0 0
257 24000 38200 0 0
258 24000 38400 0 0
259 24000 38600 0 0
260 24000 38800 0 0
261 24000 39000 0 0
262 24000 39200 0 0
263 24000 39400 0 0
264 24200 39400 0 0
265 24200 39600 0 0
266 24200 39800 0 0
267 24200 40000 0 0
268 24200 40200 0 0
269 24200 40400 0 0
270 24200 40600 0 0
271 24200 40800 0 0
272 24200 41000 0 0
273 24200 41200 0 0
274 24200 41400 0 0
275 24200 41600 0 0
276 24200 41800 0 0
277 24200 42000 0 0
278 24200 42200 0 0
279 24200 42400 0 0
280 24200 42600 0 0
281 24200 42800 0 0
282 24200 43000 0 0
283 24200 43200 0 0
284 24200 43400 0 0
285 24200 43600 0 0
286 24200 43800 0 0
287 24200 44000 0 0
288 24200 44200 0 0
289 24200 44400 0 0
290 24200 44600 0 0
291 24200 44800 0 0
292 24200 45000 0 0
293 24200 45200 0 0
294 24200 45400 0 0
295 24200 45600 0 0
296 24200 45800 0 0
297 24200 46000 0 0
298 24200 46200 0 0
