0 90 237 0 0
1 89 237 0 0
2 89 236 0 0
3 89 235 0 0
4 89 234 0 0
5 89 233 0 0
6 89 232 0 0
7 89 231 0 0
8 89 230 0 0
9 89 229 0 0
10 89 228 0 0
11 89 227 0 0
12 89 226 0 0
13 89 225 0 0
14 89 224 0 0
15 89 223 0 0
16 89 222 0 0
17 89 221 0 0
18 89 220 0 0
19 89 219 0 0
20 89 218 0 0
21 89 217 0 0
22 90 217 0 0
23 90 216 0 0
24 90 215 0 0
25 90 214 0 0
26 90 213 0 0
27 90 212 0 0
28 90 211 0 0
29 90 210 0 0
30 90 209 0 0
31 91 209 0 0
32 91 208 0 0
33 91 207 0 0
34 91 206 0 0
35 91 205 0 0
36 91 204 0 0
37 91 203 0 0
38 91 202 0 0
39 91 201 0 0
40 91 200 0 0
41 91 199 0 0
42 91 198 0 0
43 92 198 0 0
44 92 197 0 0
45 92 196 0 0
46 92 195 0 0
47 92 194 0 0
48 92 193 0 0
49 92 192 0 0
50 92 191 0 0
51 92 190 0 0
52 92 189 0 0
53 92 188 0 0
54 92 187 0 0
55 93 187 0 0
56 93 186 0 0
57 93 185 0 0
58 93 184 0 0
59 93 183 0 0
60 93 182 0 0
61 93 181 0 0
62 93 180 0 0
63 93 179 0 0
64 93 178 0 0
65 94 178 0 0
66 94 177 0 0
67 94 176 0 0
68 94 175 0 0
69 94 174 0 0
70 94 173 0 0
71 94 172 0 0
72 94 171 0 0
73 94 170 0 0
74 94 169 0 0
75 94 168 0 0
76 95 168 0 0
77 95 167 0 0
78 95 166 0 0
79 95 165 0 0
80 95 164 0 0
81 95 163 0 0
82 95 162 0 0
83 95 161 0 0
84 95 160 0 0
85 95 159 0 0
86 95 158 0 0
87 95 157 0 0
88 95 156 0 0
89 95 155 0 0
90 95 154 0 0
91 96 154 0 0
92 96 153 0 0
93 96 152 0 0
94 96 151 0 0
95 96 150 0 0
96 96 149 0 0
97 96 148 0 0
98 96 147 0 0
99 96 146 0 0
100 96 145 0 0
101 96 144 0 0
102 96 143 0 0
103 96 142 0 0
104 96 141 0 0
105 96 140 0 0
106 96 139 0 0
107 96 138 0 0
108 96 137 0 0
109 97 137 0 0
110 97 136 0 0
111 97 135 0 0
112 97 134 0 0
113 98 134 0 0
114 98 133 0 0
115 98 132 0 0
116 98 131 0 0
117 99 131 0 0
118 99 130 0 0
119 99 129 0 0
120 99 128 0 0
121 100 128 0 0
122 100 127 0 0
123 100 126 0 0
124 100 125 0 0
125 101 125 0 0
126 101 124 0 0
127 101 123 0 0
128 101 122 0 0
129 102 122 0 0
130 102 121 0 0
131 102 120 0 0
132 102 119 0 0
133 103 119 0 0
134 103 118 0 0
135 104 118 0 0
136 104 117 0 0
137 105 117 0 0
138 105 116 0 0
139 106 116 0 0
140 106 115 0 0
141 107 115 0 0
142 107 114 0 0
143 108 114 0 0
144 108 113 0 0
145 109 113 0 0
146 109 112 0 0
147 110 112 0 0
148 110 111 0 0
149 111 111 0 0
150 111 110 0 0
151 112 110 0 0
152 112 109 0 0
153 113 109 0 0
154 113 108 0 0
155 114 108 0 0
156 114 107 0 0
157 115 107 0 0
158 115 106 0 0
159 116 106 0 0
160 116 105 0 0
161 117 105 0 0
162 117 104 0 0
163 118 104 0 0
164 118 103 0 0
165 119 103 0 0
166 119 102 0 0
167 120 102 0 0
168 121 102 0 0
169 121 101 0 0
170 122 101 0 0
171 123 101 0 0
172 123 100 0 0
173 124 100 0 0
174 124 99 0 0
175 125 99 0 0
176 125 98 0 0
177 126 98 0 0
178 127 98 0 0
179 127 97 0 0
180 128 97 0 0
181 129 97 0 0
182 129 96 0 0
183 130 96 0 0
184 131 96 0 0
185 132 96 0 0
186 132 95 0 0
187 133 95 0 0
188 134 95 0 0
189 135 95 0 0
190 135 94 0 0
191 136 94 0 0
192 137 94 0 0
193 138 94 0 0
194 138 93 0 0
195 139 93 0 0
196 140 93 0 0
197 141 93 0 0
198 142 93 0 0
199 142 92 0 0
200 143 92 0 0
201 144 92 0 0
202 145 92 0 0
203 146 92 0 0
204 147 92 0 0
205 148 92 0 0
206 149 92 0 0
207 150 92 0 0
208 151 92 0 0
209 151 93 0 0
210 152 93 0 0
211 153 93 0 0
212 154 93 0 0
213 155 93 0 0
214 156 93 0 0
215 157 93 0 0
216 158 93 0 0
217 159 93 0 0
218 160 93 0 0
219 161 93 0 0
220 162 93 0 0
221 163 93 0 0
222 164 93 0 0
223 164 94 0 0
224 165 94 0 0
225 166 94 0 0
226 167 94 0 0
227 168 94 0 0
228 169 94 0 0
229 170 94 0 0
230 171 94 0 0
231 172 94 0 0
232 173 94 0 0
233 173 95 0 0
234 174 95 0 0
235 175 95 0 0
236 176 95 0 0
237 177 95 0 0
238 178 95 0 0
239 179 95 0 0
240 180 95 0 0
241 181 95 0 0
242 182 95 0 0
243 182 96 0 0
244 183 96 0 0
245 184 96 0 0
246 185 96 0 0
247 186 96 0 0
248 187 96 0 0
249 188 96 0 0
250 189 96 0 0
251 190 96 0 0
252 191 96 0 0
253 191 97 0 0
254 192 97 0 0
255 193 97 0 0
256 194 97 0 0
257 195 97 0 0
