0 38800 13200 0 0
1 38600 13200 0 0
2 38400 13200 0 0
3 38200 13200 0 0
4 38000 13200 0 0
5 37800 13200 0 0
6 37600 13200 0 0
7 37400 13200 0 0
8 37200 13200 0 0
9 37200 13000 0 0
10 37000 13000 0 0
11 36800 13000 0 0
12 36600 13000 0 0
13 36400 13000 0 0
14 36200 13000 0 0
15 36200 12800 0 0
16 36000 12800 0 0
17 35800 12800 0 0
18 35600 12800 0 0
19 35400 12800 0 0
20 35400 12600 0 0
21 35200 12600 0 0
22 35000 12600 0 0
23 34800 12600 0 0
24 34600 12600 0 0
25 34600 12400 0 0
26 34400 12400 0 0
27 34200 12400 0 0
28 34000 12400 0 0
29 33800 12400 0 0
30 33600 12400 0 0
31 33600 12200 0 0
32 33400 12200 0 0
33 33200 12200 0 0
34 33000 12200 0 0
35 32800 12200 0 0
36 32800 12000 0 0
37 32600 12000 0 0
38 32400 12000 0 0
39 32200 12000 0 0
40 32200 11800 0 0
41 32000 11800 0 0
42 31800 11800 0 0
43 31600 11800 0 0
44 31600 11600 0 0
45 31400 11600 0 0
46 31200 11600 0 0
47 31200 11400 0 0
48 31000 11400 0 0
49 31000 11200 0 0
50 30800 11200 0 0
51 30600 11200 0 0
52 30600 11000 0 0
53 30400 11000 0 0
54 30200 11000 0 0
55 30000 11000 0 0
56 29800 11000 0 0
57 29800 10800 0 0
58 29600 10800 0 0
59 29400 10800 0 0
60 29200 10800 0 0
61 29200 10600 0 0
62 29000 10600 0 0
63 29000 10400 0 0
64 28800 10400 0 0
65 28800 10200 0 0
66 28400 10200 0 0
67 28400 10000 0 0
68 28200 10000 0 0
69 28200 9800 0 0
70 28000 9800 0 0
71 28000 9600 0 0
72 27800 9600 0 0
73 27600 9600 0 0
74 27600 9400 0 0
75 27400 9400 0 0
76 27200 9400 0 0
77 27200 9200 0 0
78 27000 9200 0 0
79 26800 9200 0 0
80 26600 9200 0 0
81 26600 9000 0 0
82 26400 9000 0 0
83 26200 9000 0 0
84 26000 9000 0 0
85 26000 8800 0 0
86 25800 8800 0 0
87 25600 8800 0 0
88 25400 8800 0 0
89 25400 8600 0 0
90 25200 8600 0 0
91 25000 8600 0 0
92 24800 8600 0 0
93 24800 8400 0 0
94 24600 8400 0 0
95 24400 8400 0 0
96 24200 8400 0 0
97 24200 8200 0 0
98 24000 8200 0 0
99 23800 8200 0 0
100 23600 8200 0 0
101 23400 8200 0 0
102 23200 8200 0 0
103 23000 8200 0 0
104 22800 8200 0 0
105 22600 8200 0 0
106 22400 8200 0 0
107 22200 8200 0 0
108 22200 8000 0 0
109 22000 8000 0 0
110 21800 8000 0 0
111 21600 8000 0 0
112 21600 7800 0 0
113 21400 7800 0 0
114 21200 7800 0 0
115 21000 7800 0 0
116 21000 7600 0 0
117 20800 7600 0 0
118 20600 7600 0 0
119 20400 7600 0 0
120 20400 7400 0 0
121 20200 7400 0 0
122 20000 7400 0 0
123 19800 7400 0 0
124 19600 7400 0 0
125 19400 7400 0 0
126 19200 7400 0 0
127 19000 7400 0 0
128 18800 7400 0 0
129 18600 7400 0 0
130 18400 7400 0 0
131 18400 7200 0 0
132 18200 7200 0 0
133 18000 7200 0 0
134 17800 7200 0 0
135 17600 7200 0 0
136 17400 7200 0 0
137 17200 7200 0 0
138 17000 7200 0 0
139 16800 7200 0 0
140 16600 7200 0 0
141 16400 7200 0 0
142 16200 7200 0 0
143 16000 7200 0 0
144 15800 7200 0 0
145 15600 7200 0 0
146 15400 7200 0 0
147 15200 7200 0 0
148 15000 7200 0 0
149 14800 7200 0 0
150 14600 7200 0 0
151 14400 7200 0 0
152 14200 7200 0 0
153 14000 7200 0 0
154 13800 7200 0 0
155 13600 7200 0 0
156 13400 7200 0 0
157 13200 7200 0 0
158 13000 7200 0 0
159 12800 7200 0 0
160 12600 7200 0 0
161 12400 7200 0 0
162 12200 7200 0 0
163 12000 7200 0 0
164 11800 7200 0 0
165 11800 7000 0 0
166 11600 7000 0 0
167 11400 7000 0 0
168 11200 7000 0 0
169 11000 7000 0 0
170 11000 6800 0 0
171 10800 6800 0 0
172 10600 6800 0 0
173 10400 6800 0 0
174 10200 6800 0 0
175 10200 6600 0 0
176 10000 6600 0 0
177 10000 6400 0 0
178 9800 6400 0 0
179 9800 6200 0 0
180 9600 6200 0 0
181 9400 6200 0 0
182 9200 6200 0 0
183 9000 6200 0 0
184 9000 6000 0 0
185 8800 6000 0 0
186 8600 6000 0 0
187 8400 6000 0 0
188 8400 5800 0 0
189 8200 5800 0 0
190 8000 5800 0 0
191 7800 5800 0 0
192 7800 5600 0 0
193 7600 5600 0 0
194 7600 5400 0 0
195 7400 5400 0 0
196 7200 5400 0 0
197 7200 5200 0 0
198 7000 5200 0 0
199 7000 5000 0 0
200 6800 5000 0 0
201 6800 4800 0 0
202 6800 4600 0 0
203 6600 4600 0 0
204 6400 4600 0 0
205 6400 4400 0 0
206 6200 4400 0 0
207 6200 4200 0 0
208 6200 4000 0 0
209 6000 4000 0 0
210 5800 4000 0 0
211 5800 3800 0 0
212 5800 3600 0 0
213 5600 3600 0 0
214 5600 3400 0 0
215 5600 3200 0 0
216 5400 3200 0 0
217 5400 3000 0 0
218 5200 3000 0 0
219 5200 2800 0 0
220 5000 2800 0 0
221 5000 2600 0 0
222 5000 2400 0 0
223 4800 2400 0 0
224 4800 2200 0 0
225 4800 2000 0 0
226 4600 2000 0 0
227 4600 1800 0 0
228 4600 1600 0 0
229 4400 1600 0 0
230 4400 1400 0 0
231 4200 1400 0 0
232 4200 1200 0 0
233 4200 1000 0 0
234 4200 800 0 0
235 4000 800 0 0
236 3800 800 0 0
237 3600 800 0 0
238 3600 1000 0 0
239 3400 1000 0 0
240 3400 1200 0 0
241 3200 1200 0 0
242 3200 1400 0 0
243 3200 1600 0 0
244 3000 1600 0 0
245 3000 1800 0 0
246 2800 1800 0 0
247 2800 2000 0 0
248 2800 2200 0 0
249 2600 2200 0 0
250 2600 2400 0 0
251 2400 2400 0 0
252 2400 2600 0 0
253 2200 2600 0 0
254 2200 2800 0 0
255 2200 3000 0 0
256 2000 3000 0 0
257 2000 3200 0 0
258 1800 3200 0 0
259 1800 3400 0 0
260 1800 3600 0 0
261 1600 3600 0 0
262 1600 3800 0 0
263 1400 3800 0 0
264 1400 4000 0 0
265 1200 4000 0 0
266 1000 4000 0 0
267 800 4000 0 0
268 800 4200 0 0
269 600 4200 0 0
270 600 4400 0 0
271 400 4400 0 0
