0 38600 12800 0 0
1 38400 12800 0 0
2 38200 12800 0 0
3 38000 12800 0 0
4 37800 12800 0 0
5 37600 12800 0 0
6 37400 12800 0 0
7 37200 12800 0 0
8 37000 12800 0 0
9 36800 12800 0 0
10 36600 12800 0 0
11 36400 12800 0 0
12 36200 12800 0 0
13 36000 12800 0 0
14 35800 12800 0 0
15 35600 12800 0 0
16 35400 12800 0 0
17 35200 12800 0 0
18 35000 12800 0 0
19 35000 12600 0 0
20 34800 12600 0 0
21 34600 12600 0 0
22 34400 12600 0 0
23 34200 12600 0 0
24 34200 12400 0 0
25 34000 12400 0 0
26 33800 12400 0 0
27 33600 12400 0 0
28 33400 12400 0 0
29 33400 12200 0 0
30 33200 12200 0 0
31 33000 12200 0 0
32 32800 12200 0 0
33 32600 12200 0 0
34 32600 12000 0 0
35 32400 12000 0 0
36 32200 12000 0 0
37 32200 11800 0 0
38 32000 11800 0 0
39 31800 11800 0 0
40 31800 11600 0 0
41 31600 11600 0 0
42 31400 11600 0 0
43 31200 11600 0 0
44 31200 11400 0 0
45 31000 11400 0 0
46 30800 11400 0 0
47 30600 11400 0 0
48 30600 11200 0 0
49 30400 11200 0 0
50 30400 11000 0 0
51 30200 11000 0 0
52 30000 11000 0 0
53 29800 11000 0 0
54 29800 10800 0 0
55 29600 10800 0 0
56 29400 10800 0 0
57 29400 10600 0 0
58 29200 10600 0 0
59 29000 10600 0 0
60 29000 10400 0 0
61 28800 10400 0 0
62 28600 10400 0 0
63 28600 10200 0 0
64 28400 10200 0 0
65 28200 10200 0 0
66 28000 10200 0 0
67 28000 10000 0 0
68 27800 10000 0 0
69 27600 10000 0 0
70 27600 9800 0 0
71 27400 9800 0 0
72 27200 9800 0 0
73 27200 9600 0 0
74 27000 9600 0 0
75 26800 9600 0 0
76 26800 9400 0 0
77 26600 9400 0 0
78 26400 9400 0 0
79 26400 9200 0 0
80 26200 9200 0 0
81 26000 9200 0 0
82 26000 9000 0 0
83 25800 9000 0 0
84 25600 9000 0 0
85 25400 9000 0 0
86 25400 8800 0 0
87 25200 8800 0 0
88 25000 8800 0 0
89 25000 8600 0 0
90 24800 8600 0 0
91 24800 8400 0 0
92 24600 8400 0 0
93 24400 8400 0 0
94 24400 8200 0 0
95 24200 8200 0 0
96 24000 8200 0 0
97 23800 8200 0 0
98 23600 8200 0 0
99 23600 8000 0 0
100 23400 8000 0 0
101 23200 8000 0 0
102 23000 8000 0 0
103 23000 7800 0 0
104 22800 7800 0 0
105 22600 7800 0 0
106 22400 7800 0 0
107 22200 7800 0 0
108 22000 7800 0 0
109 22000 7600 0 0
110 21800 7600 0 0
111 21600 7600 0 0
112 21400 7600 0 0
113 21400 7400 0 0
114 21200 7400 0 0
115 21000 7400 0 0
116 20800 7400 0 0
117 20600 7400 0 0
118 20400 7400 0 0
119 20200 7400 0 0
120 20000 7400 0 0
121 19800 7400 0 0
122 19800 7200 0 0
123 19600 7200 0 0
124 19400 7200 0 0
125 19200 7200 0 0
126 19000 7200 0 0
127 18800 7200 0 0
128 18600 7200 0 0
129 18400 7200 0 0
130 18200 7200 0 0
131 18000 7200 0 0
132 17800 7200 0 0
133 17800 7000 0 0
134 17600 7000 0 0
135 17400 7000 0 0
136 17200 7000 0 0
137 17000 7000 0 0
138 16800 7000 0 0
139 16600 7000 0 0
140 16400 7000 0 0
141 16200 7000 0 0
142 16000 7000 0 0
143 15800 7000 0 0
144 15800 6800 0 0
145 15600 6800 0 0
146 15400 6800 0 0
147 15200 6800 0 0
148 15000 6800 0 0
149 14800 6800 0 0
150 14600 6800 0 0
151 14400 6800 0 0
152 14200 6800 0 0
153 14000 6800 0 0
154 14000 6600 0 0
155 13800 6600 0 0
156 13600 6600 0 0
157 13400 6600 0 0
158 13200 6600 0 0
159 13000 6600 0 0
160 12800 6600 0 0
161 12600 6600 0 0
162 12600 6400 0 0
163 12400 6400 0 0
164 12200 6400 0 0
165 12000 6400 0 0
166 11800 6400 0 0
167 11600 6400 0 0
168 11400 6400 0 0
169 11200 6400 0 0
170 11200 6200 0 0
171 11000 6200 0 0
172 10800 6200 0 0
173 10600 6200 0 0
174 10400 6200 0 0
175 10200 6200 0 0
176 10000 6200 0 0
177 10000 6000 0 0
178 9800 6000 0 0
179 9600 6000 0 0
180 9400 6000 0 0
181 9200 6000 0 0
182 9000 6000 0 0
183 8800 6000 0 0
184 8800 5800 0 0
185 8600 5800 0 0
186 8400 5800 0 0
187 8200 5800 0 0
188 8000 5800 0 0
189 7800 5800 0 0
190 7600 5800 0 0
191 7400 5800 0 0
192 7200 5800 0 0
193 7200 5600 0 0
194 7000 5600 0 0
195 6800 5600 0 0
196 6600 5600 0 0
197 6400 5600 0 0
198 6200 5600 0 0
199 6200 5400 0 0
200 6000 5400 0 0
201 5800 5400 0 0
202 5600 5400 0 0
203 5400 5400 0 0
204 5400 5200 0 0
205 5200 5200 0 0
206 5000 5200 0 0
207 4800 5200 0 0
208 4800 5000 0 0
209 4600 5000 0 0
210 4400 5000 0 0
211 4200 5000 0 0
212 4200 4800 0 0
213 4000 4800 0 0
214 3800 4800 0 0
215 3600 4800 0 0
216 3400 4800 0 0
217 3400 4600 0 0
218 3200 4600 0 0
219 3000 4600 0 0
220 2800 4600 0 0
221 2800 4400 0 0
222 2600 4400 0 0
223 2400 4400 0 0
224 2200 4400 0 0
225 2200 4200 0 0
226 2000 4200 0 0
227 1800 4200 0 0
228 1600 4200 0 0
229 1400 4200 0 0
230 1400 4000 0 0
231 1200 4000 0 0
232 1000 4000 0 0
