0 195 63 0 0
1 194 63 0 0
2 193 63 0 0
3 192 63 0 0
4 191 63 0 0
5 190 63 0 0
6 189 63 0 0
7 188 63 0 0
8 188 64 0 0
9 187 64 0 0
10 186 64 0 0
11 185 64 0 0
12 184 64 0 0
13 183 64 0 0
14 183 63 0 0
15 182 63 0 0
16 181 63 0 0
17 180 63 0 0
18 179 63 0 0
19 178 63 0 0
20 177 63 0 0
21 176 63 0 0
22 175 63 0 0
23 174 63 0 0
24 173 63 0 0
25 173 62 0 0
26 172 62 0 0
27 171 62 0 0
28 170 62 0 0
29 170 61 0 0
30 169 61 0 0
31 168 61 0 0
32 167 61 0 0
33 166 61 0 0
34 166 60 0 0
35 165 60 0 0
36 164 60 0 0
37 163 60 0 0
38 162 60 0 0
39 162 59 0 0
40 161 59 0 0
41 160 59 0 0
42 159 59 0 0
43 158 59 0 0
44 158 58 0 0
45 157 58 0 0
46 156 58 0 0
47 155 58 0 0
48 154 58 0 0
49 153 58 0 0
50 153 57 0 0
51 152 57 0 0
52 151 57 0 0
53 151 56 0 0
54 150 56 0 0
55 149 56 0 0
56 148 56 0 0
57 148 55 0 0
58 147 55 0 0
59 146 55 0 0
60 146 54 0 0
61 145 54 0 0
62 144 54 0 0
63 144 53 0 0
64 143 53 0 0
65 142 53 0 0
66 141 53 0 0
67 141 52 0 0
68 140 52 0 0
69 140 51 0 0
70 139 51 0 0
71 138 51 0 0
72 138 50 0 0
73 137 50 0 0
74 137 49 0 0
75 136 49 0 0
76 136 48 0 0
77 135 48 0 0
78 134 48 0 0
79 134 47 0 0
80 133 47 0 0
81 132 47 0 0
82 132 46 0 0
83 131 46 0 0
84 131 45 0 0
85 130 45 0 0
86 129 45 0 0
87 128 45 0 0
88 128 44 0 0
89 127 44 0 0
90 126 44 0 0
91 126 43 0 0
92 125 43 0 0
93 124 43 0 0
94 124 42 0 0
95 123 42 0 0
96 122 42 0 0
97 121 42 0 0
98 121 41 0 0
99 120 41 0 0
100 119 41 0 0
101 118 41 0 0
102 118 40 0 0
103 117 40 0 0
104 116 40 0 0
105 116 39 0 0
106 115 39 0 0
107 114 39 0 0
108 113 39 0 0
109 112 39 0 0
110 112 38 0 0
111 111 38 0 0
112 110 38 0 0
113 109 38 0 0
114 109 37 0 0
115 108 37 0 0
116 107 37 0 0
117 106 37 0 0
118 105 37 0 0
119 105 36 0 0
120 104 36 0 0
121 103 36 0 0
122 102 36 0 0
123 101 36 0 0
124 101 35 0 0
125 100 35 0 0
126 99 35 0 0
127 98 35 0 0
128 98 34 0 0
129 97 34 0 0
130 96 34 0 0
131 95 34 0 0
132 94 34 0 0
133 93 34 0 0
134 93 33 0 0
135 92 33 0 0
136 91 33 0 0
137 90 33 0 0
138 89 33 0 0
139 88 33 0 0
140 87 33 0 0
141 87 32 0 0
142 86 32 0 0
143 85 32 0 0
144 84 32 0 0
145 83 32 0 0
146 82 32 0 0
147 81 32 0 0
148 81 31 0 0
149 80 31 0 0
150 79 31 0 0
151 78 31 0 0
152 77 31 0 0
153 76 31 0 0
154 75 31 0 0
155 75 30 0 0
156 74 30 0 0
157 73 30 0 0
158 72 30 0 0
159 71 30 0 0
160 70 30 0 0
161 69 30 0 0
162 69 29 0 0
163 68 29 0 0
164 67 29 0 0
165 66 29 0 0
166 65 29 0 0
167 64 29 0 0
168 63 29 0 0
169 62 29 0 0
170 61 29 0 0
171 61 28 0 0
172 60 28 0 0
173 59 28 0 0
174 58 28 0 0
175 57 28 0 0
176 56 28 0 0
177 55 28 0 0
178 55 27 0 0
179 54 27 0 0
180 53 27 0 0
181 52 27 0 0
182 51 27 0 0
183 50 27 0 0
184 49 27 0 0
185 49 26 0 0
186 48 26 0 0
187 47 26 0 0
188 46 26 0 0
189 46 25 0 0
190 45 25 0 0
191 44 25 0 0
192 44 24 0 0
193 43 24 0 0
194 42 24 0 0
195 42 23 0 0
196 41 23 0 0
197 40 23 0 0
198 40 22 0 0
199 39 22 0 0
200 38 22 0 0
201 38 21 0 0
202 37 21 0 0
203 36 21 0 0
204 36 20 0 0
205 35 20 0 0
206 34 20 0 0
207 33 20 0 0
208 33 19 0 0
209 32 19 0 0
210 32 18 0 0
211 31 18 0 0
212 30 18 0 0
213 30 17 0 0
214 29 17 0 0
215 28 17 0 0
216 28 16 0 0
217 27 16 0 0
218 26 16 0 0
219 26 15 0 0
220 25 15 0 0
221 24 15 0 0
222 23 15 0 0
223 23 14 0 0
224 22 14 0 0
225 22 13 0 0
226 21 13 0 0
227 20 13 0 0
228 20 12 0 0
229 19 12 0 0
230 18 12 0 0
231 17 12 0 0
232 17 11 0 0
233 16 11 0 0
234 16 10 0 0
235 15 10 0 0
236 14 10 0 0
237 14 9 0 0
238 13 9 0 0
239 12 9 0 0
240 11 9 0 0
241 11 8 0 0
242 10 8 0 0
243 9 8 0 0
244 9 7 0 0
245 8 7 0 0
246 7 7 0 0
247 7 6 0 0
248 6 6 0 0
249 5 6 0 0
250 5 5 0 0
251 4 5 0 0
252 3 5 0 0
253 3 4 0 0
254 2 4 0 0
