0 20 4 0 0
1 19 4 0 0
2 19 5 0 0
3 19 6 0 0
4 19 7 0 0
5 19 8 0 0
6 19 9 0 0
7 19 10 0 0
8 19 11 0 0
9 19 12 0 0
10 19 13 0 0
11 18 13 0 0
12 18 14 0 0
13 18 15 0 0
14 18 16 0 0
15 18 17 0 0
16 18 18 0 0
17 18 19 0 0
18 18 20 0 0
19 17 20 0 0
20 17 21 0 0
21 17 22 0 0
22 17 23 0 0
23 17 24 0 0
24 17 25 0 0
25 17 26 0 0
26 17 27 0 0
27 17 28 0 0
28 17 29 0 0
29 17 30 0 0
30 17 31 0 0
31 17 32 0 0
32 17 33 0 0
33 17 34 0 0
34 17 35 0 0
35 17 36 0 0
36 17 37 0 0
37 17 38 0 0
38 17 39 0 0
39 17 40 0 0
40 17 41 0 0
41 17 42 0 0
42 17 43 0 0
43 17 44 0 0
44 17 45 0 0
45 17 46 0 0
46 17 47 0 0
47 17 48 0 0
48 17 49 0 0
49 17 50 0 0
50 17 51 0 0
51 17 52 0 0
52 17 53 0 0
53 17 54 0 0
54 17 55 0 0
55 17 56 0 0
56 17 57 0 0
57 16 57 0 0
58 16 58 0 0
59 16 59 0 0
60 16 60 0 0
61 16 61 0 0
62 16 62 0 0
63 16 63 0 0
64 16 64 0 0
65 16 65 0 0
66 16 66 0 0
67 16 67 0 0
68 16 68 0 0
69 15 68 0 0
70 15 69 0 0
71 15 70 0 0
72 15 71 0 0
73 15 72 0 0
74 15 73 0 0
75 15 74 0 0
76 15 75 0 0
77 15 76 0 0
78 15 77 0 0
79 15 78 0 0
80 15 79 0 0
81 15 80 0 0
82 15 81 0 0
83 15 82 0 0
84 15 83 0 0
85 15 84 0 0
86 15 85 0 0
87 15 86 0 0
88 15 87 0 0
89 15 88 0 0
90 16 88 0 0
91 16 89 0 0
92 15 89 0 0
93 15 90 0 0
94 15 91 0 0
95 15 92 0 0
96 15 93 0 0
97 15 94 0 0
98 15 95 0 0
99 15 96 0 0
100 14 96 0 0
101 14 97 0 0
102 14 98 0 0
103 14 99 0 0
104 14 100 0 0
105 14 101 0 0
106 14 102 0 0
107 14 103 0 0
108 13 103 0 0
109 13 104 0 0
110 13 105 0 0
111 13 106 0 0
112 13 107 0 0
113 13 108 0 0
114 13 109 0 0
115 13 110 0 0
116 13 111 0 0
117 13 112 0 0
118 13 113 0 0
119 13 114 0 0
120 13 115 0 0
121 13 116 0 0
122 13 117 0 0
123 13 118 0 0
124 13 119 0 0
125 13 120 0 0
126 13 121 0 0
127 13 122 0 0
128 13 123 0 0
129 13 124 0 0
130 13 125 0 0
131 13 126 0 0
132 13 127 0 0
133 13 128 0 0
134 13 129 0 0
135 12 129 0 0
136 12 130 0 0
137 12 131 0 0
138 12 132 0 0
139 12 133 0 0
140 12 134 0 0
141 12 135 0 0
142 12 136 0 0
143 12 137 0 0
144 12 138 0 0
145 12 139 0 0
146 12 140 0 0
147 12 141 0 0
148 12 142 0 0
149 12 143 0 0
150 11 143 0 0
151 11 144 0 0
152 11 145 0 0
153 11 146 0 0
154 10 146 0 0
155 10 147 0 0
