0 175 150 0 0
1 174 150 0 0
2 173 150 0 0
3 173 149 0 0
4 172 149 0 0
5 171 149 0 0
6 171 148 0 0
7 170 148 0 0
8 169 148 0 0
9 169 147 0 0
10 168 147 0 0
11 167 147 0 0
12 167 146 0 0
13 166 146 0 0
14 165 146 0 0
15 165 145 0 0
16 164 145 0 0
17 163 145 0 0
18 163 144 0 0
19 162 144 0 0
20 161 144 0 0
21 161 143 0 0
22 160 143 0 0
23 160 142 0 0
24 159 142 0 0
25 158 142 0 0
26 158 141 0 0
27 157 141 0 0
28 157 140 0 0
29 156 140 0 0
30 155 140 0 0
31 155 139 0 0
32 154 139 0 0
33 154 138 0 0
34 153 138 0 0
35 152 138 0 0
36 152 137 0 0
37 151 137 0 0
38 150 137 0 0
39 150 136 0 0
40 149 136 0 0
41 149 135 0 0
42 148 135 0 0
43 147 135 0 0
44 147 134 0 0
45 146 134 0 0
46 146 133 0 0
47 145 133 0 0
48 145 132 0 0
49 144 132 0 0
50 144 131 0 0
51 143 131 0 0
52 143 130 0 0
53 142 130 0 0
54 142 129 0 0
55 141 129 0 0
56 140 129 0 0
57 140 128 0 0
58 139 128 0 0
59 139 127 0 0
60 138 127 0 0
61 138 126 0 0
62 137 126 0 0
63 137 125 0 0
64 136 125 0 0
65 136 124 0 0
66 135 124 0 0
67 135 123 0 0
68 134 123 0 0
69 134 122 0 0
70 133 122 0 0
71 133 121 0 0
72 132 121 0 0
73 132 120 0 0
74 131 120 0 0
75 131 119 0 0
76 130 119 0 0
77 130 118 0 0
78 129 118 0 0
79 129 117 0 0
80 128 117 0 0
81 127 117 0 0
82 127 116 0 0
83 126 116 0 0
84 126 115 0 0
85 125 115 0 0
86 125 114 0 0
87 124 114 0 0
88 124 113 0 0
89 123 113 0 0
90 123 112 0 0
91 122 112 0 0
92 121 112 0 0
93 121 111 0 0
94 120 111 0 0
95 120 110 0 0
96 119 110 0 0
97 119 109 0 0
98 118 109 0 0
99 118 108 0 0
100 117 108 0 0
101 117 107 0 0
102 116 107 0 0
103 116 106 0 0
104 115 106 0 0
105 115 105 0 0
106 114 105 0 0
107 114 104 0 0
108 113 104 0 0
109 113 103 0 0
110 112 103 0 0
111 112 102 0 0
112 111 102 0 0
113 111 101 0 0
114 110 101 0 0
115 110 100 0 0
116 109 100 0 0
117 109 99 0 0
118 108 99 0 0
119 108 98 0 0
120 107 98 0 0
121 107 97 0 0
122 106 97 0 0
123 106 96 0 0
124 105 96 0 0
125 105 95 0 0
126 104 95 0 0
127 104 94 0 0
128 103 94 0 0
129 103 93 0 0
130 102 93 0 0
131 102 92 0 0
132 101 92 0 0
133 101 91 0 0
134 100 91 0 0
135 100 90 0 0
136 99 90 0 0
137 99 89 0 0
138 98 89 0 0
139 97 89 0 0
140 97 88 0 0
141 97 87 0 0
142 96 87 0 0
143 95 87 0 0
144 95 86 0 0
145 94 86 0 0
146 94 85 0 0
147 94 84 0 0
148 93 84 0 0
149 93 83 0 0
150 92 83 0 0
151 92 82 0 0
152 91 82 0 0
153 90 82 0 0
154 90 81 0 0
155 90 80 0 0
156 89 80 0 0
157 89 79 0 0
158 88 79 0 0
159 87 79 0 0
160 87 78 0 0
161 87 77 0 0
162 86 77 0 0
163 86 76 0 0
164 85 76 0 0
165 85 75 0 0
166 84 75 0 0
167 84 74 0 0
168 83 74 0 0
169 83 73 0 0
170 82 73 0 0
171 82 72 0 0
172 81 72 0 0
173 81 71 0 0
174 80 71 0 0
175 80 70 0 0
176 79 70 0 0
177 79 69 0 0
178 78 69 0 0
179 78 68 0 0
180 77 68 0 0
181 77 67 0 0
182 76 67 0 0
183 76 66 0 0
184 75 66 0 0
185 75 65 0 0
186 74 65 0 0
187 74 64 0 0
188 73 64 0 0
189 73 63 0 0
190 72 63 0 0
191 72 62 0 0
192 71 62 0 0
193 71 61 0 0
194 70 61 0 0
195 70 60 0 0
196 69 60 0 0
197 69 59 0 0
198 69 58 0 0
199 68 58 0 0
200 67 58 0 0
201 67 57 0 0
202 67 56 0 0
203 66 56 0 0
204 65 56 0 0
205 65 55 0 0
206 65 54 0 0
207 64 54 0 0
208 64 53 0 0
209 63 53 0 0
210 62 53 0 0
211 62 52 0 0
212 62 51 0 0
213 61 51 0 0
214 61 50 0 0
215 60 50 0 0
216 60 49 0 0
217 59 49 0 0
218 59 48 0 0
219 58 48 0 0
220 58 47 0 0
221 57 47 0 0
222 57 46 0 0
223 56 46 0 0
224 56 45 0 0
225 55 45 0 0
226 55 44 0 0
227 54 44 0 0
228 54 43 0 0
229 54 42 0 0
230 53 42 0 0
231 52 42 0 0
232 52 41 0 0
233 52 40 0 0
234 51 40 0 0
235 50 40 0 0
236 50 39 0 0
237 49 39 0 0
238 48 39 0 0
239 48 38 0 0
240 47 38 0 0
241 47 37 0 0
242 46 37 0 0
243 46 36 0 0
244 45 36 0 0
245 45 35 0 0
246 44 35 0 0
247 44 34 0 0
248 43 34 0 0
249 42 34 0 0
250 42 33 0 0
251 41 33 0 0
252 40 33 0 0
253 40 32 0 0
254 39 32 0 0
255 39 31 0 0
256 38 31 0 0
257 38 30 0 0
258 37 30 0 0
259 37 29 0 0
260 36 29 0 0
261 35 29 0 0
262 35 28 0 0
263 34 28 0 0
264 34 27 0 0
265 33 27 0 0
266 33 26 0 0
267 32 26 0 0
268 31 26 0 0
269 31 25 0 0
270 30 25 0 0
271 30 24 0 0
272 29 24 0 0
273 29 23 0 0
274 28 23 0 0
275 27 23 0 0
276 27 22 0 0
277 26 22 0 0
278 26 21 0 0
279 25 21 0 0
280 25 20 0 0
281 24 20 0 0
282 24 19 0 0
283 23 19 0 0
284 22 19 0 0
285 22 18 0 0
286 21 18 0 0
287 21 17 0 0
288 20 17 0 0
289 20 16 0 0
290 19 16 0 0
291 19 15 0 0
292 18 15 0 0
293 17 15 0 0
294 17 14 0 0
295 16 14 0 0
296 16 13 0 0
297 15 13 0 0
298 15 12 0 0
299 14 12 0 0
300 13 12 0 0
301 13 11 0 0
302 12 11 0 0
303 11 11 0 0
304 11 10 0 0
305 10 10 0 0
306 9 10 0 0
307 8 10 0 0
308 8 9 0 0
309 7 9 0 0
310 6 9 0 0
311 6 8 0 0
312 5 8 0 0
313 4 8 0 0
314 4 7 0 0
315 3 7 0 0
316 3 6 0 0
317 2 6 0 0
318 1 6 0 0
319 1 5 0 0
