0 2 136 0 0
1 3 136 0 0
2 3 135 0 0
3 4 135 0 0
4 4 134 0 0
5 5 134 0 0
6 5 133 0 0
7 6 133 0 0
8 6 132 0 0
9 6 131 0 0
10 7 131 0 0
11 7 130 0 0
12 7 129 0 0
13 8 129 0 0
14 8 128 0 0
15 9 128 0 0
16 9 127 0 0
17 9 126 0 0
18 10 126 0 0
19 10 125 0 0
20 11 125 0 0
21 11 124 0 0
22 12 124 0 0
23 12 123 0 0
24 13 123 0 0
25 13 122 0 0
26 14 122 0 0
27 14 121 0 0
28 15 121 0 0
29 15 120 0 0
30 16 120 0 0
31 16 119 0 0
32 17 119 0 0
33 17 118 0 0
34 18 118 0 0
35 19 118 0 0
36 20 118 0 0
37 20 117 0 0
38 21 117 0 0
39 22 117 0 0
40 22 116 0 0
41 23 116 0 0
42 24 116 0 0
43 25 116 0 0
44 26 116 0 0
45 27 116 0 0
46 28 116 0 0
47 29 116 0 0
48 30 116 0 0
49 31 116 0 0
50 32 116 0 0
51 33 116 0 0
52 34 116 0 0
53 35 116 0 0
54 36 116 0 0
55 37 116 0 0
56 38 116 0 0
57 38 117 0 0
58 39 117 0 0
59 40 117 0 0
60 41 117 0 0
61 42 117 0 0
62 43 117 0 0
63 44 117 0 0
64 45 117 0 0
65 46 117 0 0
66 47 117 0 0
67 48 117 0 0
68 49 117 0 0
69 50 117 0 0
70 51 117 0 0
71 52 117 0 0
72 53 117 0 0
73 54 117 0 0
74 55 117 0 0
75 56 117 0 0
76 57 117 0 0
77 58 117 0 0
78 59 117 0 0
79 59 118 0 0
80 60 118 0 0
81 61 118 0 0
82 62 118 0 0
83 63 118 0 0
84 64 118 0 0
85 65 118 0 0
86 66 118 0 0
87 67 118 0 0
88 68 118 0 0
89 69 118 0 0
90 70 118 0 0
91 71 118 0 0
92 72 118 0 0
93 73 118 0 0
94 74 118 0 0
95 75 118 0 0
96 76 118 0 0
97 77 118 0 0
98 78 118 0 0
99 79 118 0 0
100 80 118 0 0
101 81 118 0 0
102 81 119 0 0
103 82 119 0 0
104 83 119 0 0
105 84 119 0 0
106 85 119 0 0
107 86 119 0 0
108 87 119 0 0
109 88 119 0 0
110 89 119 0 0
111 90 119 0 0
112 91 119 0 0
113 92 119 0 0
114 93 119 0 0
115 94 119 0 0
116 95 119 0 0
117 96 119 0 0
118 97 119 0 0
119 98 119 0 0
120 99 119 0 0
121 100 119 0 0
122 101 119 0 0
123 102 119 0 0
124 103 119 0 0
125 103 120 0 0
126 104 120 0 0
127 105 120 0 0
128 106 120 0 0
129 107 120 0 0
130 108 120 0 0
131 109 120 0 0
132 110 120 0 0
133 111 120 0 0
134 112 120 0 0
135 113 120 0 0
136 113 121 0 0
137 114 121 0 0
138 115 121 0 0
139 115 122 0 0
140 116 122 0 0
141 116 123 0 0
142 117 123 0 0
143 118 123 0 0
144 118 124 0 0
145 119 124 0 0
146 120 124 0 0
147 121 124 0 0
148 121 125 0 0
149 122 125 0 0
150 123 125 0 0
151 123 126 0 0
152 124 126 0 0
153 125 126 0 0
154 125 127 0 0
155 126 127 0 0
156 127 127 0 0
157 127 128 0 0
158 128 128 0 0
159 129 128 0 0
160 129 129 0 0
161 130 129 0 0
162 131 129 0 0
163 132 129 0 0
164 132 130 0 0
165 133 130 0 0
166 133 131 0 0
167 134 131 0 0
168 135 131 0 0
169 135 132 0 0
170 136 132 0 0
171 137 132 0 0
172 138 132 0 0
173 138 133 0 0
174 139 133 0 0
175 140 133 0 0
176 140 134 0 0
177 141 134 0 0
178 142 134 0 0
179 142 135 0 0
180 143 135 0 0
181 144 135 0 0
182 144 136 0 0
183 145 136 0 0
184 146 136 0 0
185 146 137 0 0
186 147 137 0 0
187 148 137 0 0
188 148 138 0 0
189 149 138 0 0
190 150 138 0 0
191 150 139 0 0
192 151 139 0 0
193 152 139 0 0
194 152 140 0 0
195 153 140 0 0
196 154 140 0 0
197 155 140 0 0
198 155 141 0 0
199 156 141 0 0
200 157 141 0 0
201 158 141 0 0
202 159 141 0 0
203 160 141 0 0
204 160 142 0 0
205 161 142 0 0
206 162 142 0 0
207 163 142 0 0
208 163 143 0 0
209 164 143 0 0
210 165 143 0 0
211 166 143 0 0
212 167 143 0 0
213 167 144 0 0
214 168 144 0 0
215 169 144 0 0
216 170 144 0 0
217 170 145 0 0
218 171 145 0 0
219 172 145 0 0
220 172 146 0 0
221 173 146 0 0
222 173 147 0 0
223 174 147 0 0
224 175 147 0 0
225 175 148 0 0
226 176 148 0 0
227 177 148 0 0
228 178 148 0 0
229 178 149 0 0
230 179 149 0 0
231 180 149 0 0
