0 7 147 0 0
1 7 148 0 0
2 6 148 0 0
3 6 147 0 0
4 6 146 0 0
5 6 145 0 0
6 6 144 0 0
7 6 143 0 0
8 6 142 0 0
9 6 141 0 0
10 6 140 0 0
11 6 139 0 0
12 6 138 0 0
13 6 137 0 0
14 6 136 0 0
15 6 135 0 0
16 6 134 0 0
17 6 133 0 0
18 6 132 0 0
19 6 131 0 0
20 6 130 0 0
21 6 129 0 0
22 6 128 0 0
23 6 127 0 0
24 6 126 0 0
25 6 125 0 0
26 6 124 0 0
27 6 123 0 0
28 6 122 0 0
29 6 121 0 0
30 6 120 0 0
31 6 119 0 0
32 6 118 0 0
33 6 117 0 0
34 6 116 0 0
35 6 115 0 0
36 6 114 0 0
37 6 113 0 0
38 6 112 0 0
39 6 111 0 0
40 6 110 0 0
41 6 109 0 0
42 6 108 0 0
43 6 107 0 0
44 7 107 0 0
45 7 106 0 0
46 7 105 0 0
47 7 104 0 0
48 7 103 0 0
49 7 102 0 0
50 7 101 0 0
51 8 101 0 0
52 8 100 0 0
53 8 99 0 0
54 8 98 0 0
55 8 97 0 0
56 8 96 0 0
57 8 95 0 0
58 9 95 0 0
59 9 94 0 0
60 9 93 0 0
61 9 92 0 0
62 9 91 0 0
63 9 90 0 0
64 9 89 0 0
65 10 89 0 0
66 10 88 0 0
67 10 87 0 0
68 10 86 0 0
69 10 85 0 0
70 10 84 0 0
71 10 83 0 0
72 10 82 0 0
73 10 81 0 0
74 11 81 0 0
75 11 80 0 0
76 11 79 0 0
77 11 78 0 0
78 11 77 0 0
79 11 76 0 0
80 11 75 0 0
81 11 74 0 0
82 11 73 0 0
83 11 72 0 0
84 11 71 0 0
85 11 70 0 0
86 11 69 0 0
87 11 68 0 0
88 11 67 0 0
89 11 66 0 0
90 12 66 0 0
91 12 65 0 0
92 12 64 0 0
93 12 63 0 0
94 12 62 0 0
95 12 61 0 0
96 12 60 0 0
97 12 59 0 0
98 12 58 0 0
99 12 57 0 0
100 12 56 0 0
101 12 55 0 0
102 12 54 0 0
103 12 53 0 0
104 12 52 0 0
105 12 51 0 0
106 12 50 0 0
107 12 49 0 0
108 12 48 0 0
109 12 47 0 0
110 12 46 0 0
111 12 45 0 0
112 12 44 0 0
113 12 43 0 0
114 12 42 0 0
115 12 41 0 0
116 11 41 0 0
117 11 40 0 0
118 11 39 0 0
119 11 38 0 0
120 11 37 0 0
121 11 36 0 0
122 11 35 0 0
123 11 34 0 0
124 11 33 0 0
125 11 32 0 0
126 11 31 0 0
127 11 30 0 0
128 11 29 0 0
129 11 28 0 0
130 11 27 0 0
131 11 26 0 0
132 11 25 0 0
133 11 24 0 0
134 11 23 0 0
135 11 22 0 0
136 10 22 0 0
137 10 21 0 0
138 10 20 0 0
139 10 19 0 0
140 10 18 0 0
141 10 17 0 0
142 10 16 0 0
143 10 15 0 0
144 10 14 0 0
145 10 13 0 0
146 10 12 0 0
147 10 11 0 0
148 10 10 0 0
149 10 9 0 0
150 10 8 0 0
151 10 7 0 0
152 10 6 0 0
153 10 5 0 0
154 10 4 0 0
155 9 4 0 0
