0 91 236 0 0
1 92 236 0 0
2 91 236 0 0
3 91 235 0 0
4 92 235 0 0
5 91 235 0 0
6 92 235 0 0
7 91 235 0 0
8 92 235 0 0
9 91 235 0 0
10 91 234 0 0
11 92 234 0 0
12 91 234 0 0
13 92 234 0 0
14 91 234 0 0
15 92 234 0 0
16 91 234 0 0
17 92 234 0 0
18 91 234 0 0
19 91 233 0 0
20 92 233 0 0
21 91 233 0 0
22 92 233 0 0
23 91 233 0 0
24 92 233 0 0
25 91 233 0 0
26 91 232 0 0
27 92 232 0 0
28 91 232 0 0
29 92 232 0 0
30 91 232 0 0
31 92 232 0 0
32 91 232 0 0
33 91 231 0 0
34 92 231 0 0
35 91 231 0 0
36 92 231 0 0
37 91 231 0 0
38 92 231 0 0
39 91 231 0 0
40 91 230 0 0
41 92 230 0 0
42 91 230 0 0
43 92 230 0 0
44 91 230 0 0
45 91 229 0 0
46 92 229 0 0
47 91 229 0 0
48 92 229 0 0
49 91 229 0 0
50 92 229 0 0
51 91 229 0 0
52 91 228 0 0
53 92 228 0 0
54 91 228 0 0
55 92 228 0 0
56 91 228 0 0
57 92 228 0 0
58 91 228 0 0
59 91 227 0 0
60 92 227 0 0
61 91 227 0 0
62 92 227 0 0
63 91 227 0 0
64 92 227 0 0
65 91 227 0 0
66 91 226 0 0
67 92 226 0 0
68 91 226 0 0
69 92 226 0 0
70 91 226 0 0
71 92 226 0 0
72 91 226 0 0
73 91 225 0 0
74 92 225 0 0
75 91 225 0 0
76 92 225 0 0
77 91 225 0 0
78 92 225 0 0
79 91 225 0 0
80 91 224 0 0
81 92 224 0 0
82 91 224 0 0
83 92 224 0 0
84 91 224 0 0
85 90 224 0 0
86 91 224 0 0
87 90 224 0 0
88 90 223 0 0
89 91 223 0 0
90 90 223 0 0
91 91 223 0 0
92 90 223 0 0
93 91 223 0 0
94 90 223 0 0
95 90 222 0 0
96 91 222 0 0
97 90 222 0 0
98 91 222 0 0
99 90 222 0 0
100 90 221 0 0
101 91 221 0 0
102 90 221 0 0
103 91 221 0 0
104 90 221 0 0
105 91 221 0 0
106 90 221 0 0
107 90 220 0 0
108 91 220 0 0
109 90 220 0 0
110 91 220 0 0
111 90 220 0 0
112 90 219 0 0
113 91 219 0 0
114 90 219 0 0
115 91 219 0 0
116 90 219 0 0
117 91 219 0 0
118 90 219 0 0
119 90 218 0 0
120 91 218 0 0
121 90 218 0 0
122 91 218 0 0
123 90 218 0 0
124 90 217 0 0
125 91 217 0 0
126 90 217 0 0
127 91 217 0 0
128 90 217 0 0
129 91 217 0 0
130 90 217 0 0
131 90 216 0 0
132 91 216 0 0
133 90 216 0 0
134 91 216 0 0
135 90 216 0 0
136 90 215 0 0
137 91 215 0 0
138 90 215 0 0
139 91 215 0 0
140 90 215 0 0
141 90 214 0 0
142 89 214 0 0
143 90 214 0 0
144 89 214 0 0
145 90 214 0 0
146 89 214 0 0
147 89 213 0 0
148 90 213 0 0
149 89 213 0 0
150 90 213 0 0
151 89 213 0 0
152 89 212 0 0
153 90 212 0 0
154 89 212 0 0
155 90 212 0 0
156 89 212 0 0
157 90 212 0 0
158 89 212 0 0
159 89 211 0 0
160 90 211 0 0
161 89 211 0 0
162 90 211 0 0
163 89 211 0 0
164 89 210 0 0
165 90 210 0 0
166 89 210 0 0
167 90 210 0 0
168 89 210 0 0
169 90 210 0 0
170 89 210 0 0
171 89 209 0 0
172 90 209 0 0
173 89 209 0 0
174 90 209 0 0
175 89 209 0 0
176 89 208 0 0
177 90 208 0 0
178 89 208 0 0
179 90 208 0 0
180 89 208 0 0
181 89 207 0 0
182 90 207 0 0
183 89 207 0 0
184 90 207 0 0
185 89 207 0 0
186 90 207 0 0
187 89 207 0 0
188 89 206 0 0
189 90 206 0 0
190 89 206 0 0
191 90 206 0 0
192 89 206 0 0
193 89 205 0 0
194 90 205 0 0
195 89 205 0 0
196 90 205 0 0
197 89 205 0 0
198 90 205 0 0
199 89 205 0 0
200 89 204 0 0
201 90 204 0 0
202 89 204 0 0
203 90 204 0 0
204 89 204 0 0
205 89 203 0 0
206 90 203 0 0
207 89 203 0 0
208 90 203 0 0
209 89 203 0 0
210 90 203 0 0
211 89 203 0 0
212 90 203 0 0
213 89 203 0 0
214 89 202 0 0
215 90 202 0 0
216 89 202 0 0
217 90 202 0 0
218 89 202 0 0
219 89 201 0 0
220 90 201 0 0
221 89 201 0 0
222 90 201 0 0
223 89 201 0 0
224 89 200 0 0
225 90 200 0 0
226 89 200 0 0
227 90 200 0 0
228 89 200 0 0
229 89 199 0 0
230 90 199 0 0
231 89 199 0 0
232 90 199 0 0
233 89 199 0 0
234 89 198 0 0
235 90 198 0 0
236 89 198 0 0
237 90 198 0 0
238 89 198 0 0
239 89 197 0 0
240 90 197 0 0
241 89 197 0 0
242 90 197 0 0
243 89 197 0 0
244 90 197 0 0
245 89 197 0 0
246 89 196 0 0
247 90 196 0 0
248 89 196 0 0
249 90 196 0 0
250 89 196 0 0
251 90 196 0 0
252 89 196 0 0
253 89 195 0 0
254 90 195 0 0
255 89 195 0 0
256 90 195 0 0
257 89 195 0 0
258 90 195 0 0
259 89 195 0 0
260 89 194 0 0
261 90 194 0 0
262 89 194 0 0
263 90 194 0 0
264 89 194 0 0
265 89 193 0 0
266 90 193 0 0
267 89 193 0 0
268 90 193 0 0
269 89 193 0 0
270 90 193 0 0
271 89 193 0 0
272 89 192 0 0
273 90 192 0 0
274 89 192 0 0
275 89 191 0 0
276 90 191 0 0
277 89 191 0 0
278 90 191 0 0
279 89 191 0 0
280 89 190 0 0
281 90 190 0 0
282 89 190 0 0
283 90 190 0 0
284 89 190 0 0
285 90 190 0 0
286 89 190 0 0
287 90 190 0 0
288 89 190 0 0
289 89 189 0 0
290 90 189 0 0
291 89 189 0 0
292 90 189 0 0
293 89 189 0 0
294 89 188 0 0
295 90 188 0 0
296 89 188 0 0
297 90 188 0 0
298 89 188 0 0
299 89 187 0 0
300 90 187 0 0
301 89 187 0 0
302 90 187 0 0
303 89 187 0 0
304 89 186 0 0
305 90 186 0 0
306 91 186 0 0
307 90 186 0 0
308 91 186 0 0
309 90 186 0 0
310 90 185 0 0
311 91 185 0 0
312 90 185 0 0
313 91 185 0 0
314 90 185 0 0
315 90 184 0 0
316 91 184 0 0
317 90 184 0 0
318 91 184 0 0
319 90 184 0 0
320 90 183 0 0
321 91 183 0 0
322 90 183 0 0
323 91 183 0 0
324 90 183 0 0
325 90 182 0 0
326 91 182 0 0
327 90 182 0 0
328 91 182 0 0
329 90 182 0 0
330 90 181 0 0
331 91 181 0 0
332 90 181 0 0
333 91 181 0 0
334 90 181 0 0
335 91 181 0 0
336 90 181 0 0
337 90 180 0 0
338 91 180 0 0
339 90 180 0 0
340 91 180 0 0
341 90 180 0 0
342 90 179 0 0
343 91 179 0 0
344 90 179 0 0
345 91 179 0 0
346 90 179 0 0
347 91 179 0 0
348 91 178 0 0
349 92 178 0 0
350 91 178 0 0
351 92 178 0 0
352 91 178 0 0
353 91 177 0 0
354 92 177 0 0
355 91 177 0 0
356 92 177 0 0
357 91 177 0 0
358 92 177 0 0
359 91 177 0 0
360 91 176 0 0
361 92 176 0 0
362 91 176 0 0
363 92 176 0 0
364 91 176 0 0
365 91 175 0 0
366 92 175 0 0
367 91 175 0 0
368 92 175 0 0
369 91 175 0 0
370 92 175 0 0
371 91 175 0 0
372 91 174 0 0
373 92 174 0 0
374 91 174 0 0
375 92 174 0 0
376 91 174 0 0
377 91 173 0 0
378 92 173 0 0
379 91 173 0 0
380 92 173 0 0
381 91 173 0 0
382 92 173 0 0
383 91 173 0 0
384 91 172 0 0
385 92 172 0 0
386 91 172 0 0
387 92 172 0 0
388 91 172 0 0
389 91 171 0 0
390 92 171 0 0
391 91 171 0 0
392 92 171 0 0
393 91 171 0 0
394 92 171 0 0
395 91 171 0 0
396 91 170 0 0
397 92 170 0 0
398 91 170 0 0
399 92 170 0 0
400 91 170 0 0
401 91 169 0 0
402 92 169 0 0
403 91 169 0 0
404 92 169 0 0
405 91 169 0 0
406 92 169 0 0
407 91 169 0 0
408 91 168 0 0
409 92 168 0 0
410 91 168 0 0
411 92 168 0 0
412 91 168 0 0
413 91 167 0 0
414 92 167 0 0
415 93 167 0 0
416 92 167 0 0
417 93 167 0 0
418 92 167 0 0
419 92 166 0 0
420 93 166 0 0
421 92 166 0 0
422 93 166 0 0
423 92 166 0 0
424 92 165 0 0
425 93 165 0 0
426 92 165 0 0
427 93 165 0 0
428 92 165 0 0
429 93 165 0 0
430 92 165 0 0
431 92 164 0 0
432 93 164 0 0
433 92 164 0 0
434 93 164 0 0
435 92 164 0 0
436 92 163 0 0
437 93 163 0 0
438 92 163 0 0
439 93 163 0 0
440 92 163 0 0
441 93 163 0 0
442 92 163 0 0
443 92 162 0 0
444 93 162 0 0
445 92 162 0 0
446 93 162 0 0
447 92 162 0 0
448 92 161 0 0
449 93 161 0 0
450 92 161 0 0
451 93 161 0 0
452 92 161 0 0
453 93 161 0 0
454 92 161 0 0
455 92 160 0 0
456 93 160 0 0
457 92 160 0 0
458 93 160 0 0
459 92 160 0 0
460 92 159 0 0
461 93 159 0 0
462 92 159 0 0
463 93 159 0 0
464 92 159 0 0
465 93 159 0 0
466 92 159 0 0
467 92 158 0 0
468 93 158 0 0
469 92 158 0 0
470 93 158 0 0
471 93 157 0 0
472 94 157 0 0
473 93 157 0 0
474 94 157 0 0
475 93 157 0 0
476 94 157 0 0
477 93 157 0 0
478 93 156 0 0
479 94 156 0 0
480 93 156 0 0
481 94 156 0 0
482 93 156 0 0
483 93 155 0 0
484 94 155 0 0
485 93 155 0 0
486 94 155 0 0
487 93 155 0 0
488 94 155 0 0
489 93 155 0 0
490 93 154 0 0
491 94 154 0 0
492 93 154 0 0
493 94 154 0 0
494 93 154 0 0
495 93 153 0 0
496 94 153 0 0
497 93 153 0 0
498 94 153 0 0
499 93 153 0 0
500 93 152 0 0
501 94 152 0 0
502 93 152 0 0
503 94 152 0 0
504 93 152 0 0
505 94 152 0 0
506 93 152 0 0
507 93 151 0 0
508 94 151 0 0
509 93 151 0 0
510 94 151 0 0
511 93 151 0 0
512 93 150 0 0
513 94 150 0 0
514 95 150 0 0
515 94 150 0 0
516 95 150 0 0
517 94 150 0 0
518 94 149 0 0
519 95 149 0 0
520 94 149 0 0
521 95 149 0 0
522 94 149 0 0
523 94 148 0 0
524 95 148 0 0
525 94 148 0 0
526 95 148 0 0
527 94 148 0 0
528 94 147 0 0
529 95 147 0 0
530 94 147 0 0
531 95 147 0 0
532 94 147 0 0
533 95 147 0 0
534 94 147 0 0
535 94 146 0 0
536 95 146 0 0
537 94 146 0 0
538 95 146 0 0
539 94 146 0 0
540 94 145 0 0
541 95 145 0 0
542 94 145 0 0
543 95 145 0 0
544 94 145 0 0
545 95 145 0 0
546 94 145 0 0
547 94 144 0 0
548 95 144 0 0
549 94 144 0 0
550 95 144 0 0
551 94 144 0 0
552 94 143 0 0
553 95 143 0 0
554 96 143 0 0
555 95 143 0 0
556 96 143 0 0
557 95 143 0 0
558 96 143 0 0
559 95 143 0 0
560 95 142 0 0
561 96 142 0 0
562 95 142 0 0
563 96 142 0 0
564 95 142 0 0
565 96 142 0 0
566 95 142 0 0
567 95 141 0 0
568 96 141 0 0
569 95 141 0 0
570 96 141 0 0
571 95 141 0 0
572 95 140 0 0
573 96 140 0 0
574 95 140 0 0
575 96 140 0 0
576 95 140 0 0
577 96 140 0 0
578 95 140 0 0
579 95 139 0 0
580 96 139 0 0
581 95 139 0 0
582 96 139 0 0
583 97 139 0 0
584 96 139 0 0
585 96 138 0 0
586 97 138 0 0
587 96 138 0 0
588 97 138 0 0
589 96 138 0 0
590 96 137 0 0
591 97 137 0 0
592 96 137 0 0
593 97 137 0 0
594 96 137 0 0
595 97 137 0 0
596 96 137 0 0
597 96 136 0 0
598 97 136 0 0
599 96 136 0 0
600 97 136 0 0
601 96 136 0 0
602 97 136 0 0
603 96 136 0 0
604 97 136 0 0
605 96 136 0 0
606 96 135 0 0
607 97 135 0 0
608 96 135 0 0
609 97 135 0 0
610 97 134 0 0
611 98 134 0 0
612 97 134 0 0
613 98 134 0 0
614 97 134 0 0
615 98 134 0 0
616 97 134 0 0
617 97 133 0 0
618 98 133 0 0
619 97 133 0 0
620 98 133 0 0
621 97 133 0 0
622 98 133 0 0
623 97 133 0 0
624 97 132 0 0
625 98 132 0 0
626 97 132 0 0
627 98 132 0 0
628 99 132 0 0
629 98 132 0 0
630 98 131 0 0
631 99 131 0 0
632 98 131 0 0
633 99 131 0 0
634 98 131 0 0
635 99 131 0 0
636 98 131 0 0
637 98 130 0 0
638 99 130 0 0
639 100 130 0 0
640 99 130 0 0
641 99 129 0 0
642 100 129 0 0
643 99 129 0 0
644 100 129 0 0
645 99 129 0 0
646 100 129 0 0
647 99 129 0 0
648 99 128 0 0
649 100 128 0 0
650 99 128 0 0
651 100 128 0 0
652 99 128 0 0
653 100 128 0 0
654 100 127 0 0
655 101 127 0 0
656 100 127 0 0
657 101 127 0 0
658 100 127 0 0
659 101 127 0 0
660 100 127 0 0
661 100 126 0 0
662 101 126 0 0
663 102 126 0 0
664 101 126 0 0
665 102 126 0 0
666 101 126 0 0
667 101 125 0 0
668 102 125 0 0
669 101 125 0 0
670 102 125 0 0
671 103 125 0 0
672 102 125 0 0
673 102 124 0 0
674 103 124 0 0
675 102 124 0 0
676 103 124 0 0
677 102 124 0 0
678 102 123 0 0
679 103 123 0 0
680 104 123 0 0
681 103 123 0 0
682 104 123 0 0
683 103 123 0 0
684 103 122 0 0
685 104 122 0 0
686 103 122 0 0
687 104 122 0 0
688 105 122 0 0
689 104 122 0 0
690 104 121 0 0
691 105 121 0 0
692 104 121 0 0
693 105 121 0 0
694 104 121 0 0
695 105 121 0 0
696 105 120 0 0
697 106 120 0 0
698 105 120 0 0
699 106 120 0 0
700 105 120 0 0
701 105 119 0 0
702 106 119 0 0
703 105 119 0 0
704 106 119 0 0
705 107 119 0 0
706 106 119 0 0
707 107 119 0 0
708 106 119 0 0
709 106 118 0 0
710 107 118 0 0
711 106 118 0 0
712 107 118 0 0
713 107 117 0 0
714 108 117 0 0
715 107 117 0 0
716 108 117 0 0
717 107 117 0 0
718 108 117 0 0
719 107 117 0 0
720 107 116 0 0
721 108 116 0 0
722 109 116 0 0
723 108 116 0 0
724 109 116 0 0
725 108 116 0 0
726 108 115 0 0
727 109 115 0 0
728 108 115 0 0
729 109 115 0 0
730 110 115 0 0
731 109 115 0 0
732 109 114 0 0
733 110 114 0 0
734 109 114 0 0
735 110 114 0 0
736 109 114 0 0
737 110 114 0 0
738 111 114 0 0
739 110 114 0 0
740 110 113 0 0
741 111 113 0 0
742 112 113 0 0
743 111 113 0 0
744 112 113 0 0
745 113 113 0 0
746 112 113 0 0
747 112 112 0 0
748 113 112 0 0
749 114 112 0 0
750 113 112 0 0
751 114 112 0 0
752 115 112 0 0
753 114 112 0 0
754 115 112 0 0
755 114 112 0 0
756 114 111 0 0
757 115 111 0 0
758 116 111 0 0
759 115 111 0 0
760 116 111 0 0
761 117 111 0 0
762 116 111 0 0
763 117 111 0 0
764 117 110 0 0
765 118 110 0 0
766 117 110 0 0
767 118 110 0 0
768 119 110 0 0
769 118 110 0 0
770 119 110 0 0
771 120 110 0 0
772 119 110 0 0
773 119 109 0 0
774 120 109 0 0
775 119 109 0 0
776 120 109 0 0
777 121 109 0 0
778 120 109 0 0
779 121 109 0 0
780 122 109 0 0
781 121 109 0 0
782 122 109 0 0
783 122 108 0 0
784 123 108 0 0
785 122 108 0 0
786 123 108 0 0
787 124 108 0 0
788 123 108 0 0
789 124 108 0 0
790 125 108 0 0
791 124 108 0 0
792 124 107 0 0
793 125 107 0 0
794 124 107 0 0
795 125 107 0 0
796 126 107 0 0
797 125 107 0 0
798 126 107 0 0
799 127 107 0 0
800 126 107 0 0
801 127 107 0 0
802 127 106 0 0
803 128 106 0 0
804 127 106 0 0
805 128 106 0 0
806 127 106 0 0
807 128 106 0 0
808 129 106 0 0
809 128 106 0 0
810 129 106 0 0
811 130 106 0 0
812 129 106 0 0
813 129 105 0 0
814 130 105 0 0
815 131 105 0 0
816 130 105 0 0
817 131 105 0 0
818 132 105 0 0
819 131 105 0 0
820 132 105 0 0
821 133 105 0 0
822 132 105 0 0
823 132 104 0 0
824 133 104 0 0
825 132 104 0 0
826 133 104 0 0
827 134 104 0 0
828 133 104 0 0
829 134 104 0 0
830 135 104 0 0
831 134 104 0 0
832 135 104 0 0
833 135 103 0 0
834 136 103 0 0
835 135 103 0 0
836 136 103 0 0
837 135 103 0 0
838 136 103 0 0
839 137 103 0 0
840 136 103 0 0
841 137 103 0 0
842 138 103 0 0
843 137 103 0 0
844 138 103 0 0
845 139 103 0 0
846 138 103 0 0
847 139 103 0 0
848 140 103 0 0
849 139 103 0 0
850 140 103 0 0
851 139 103 0 0
852 140 103 0 0
853 141 103 0 0
854 140 103 0 0
855 141 103 0 0
856 142 103 0 0
857 141 103 0 0
858 142 103 0 0
859 141 103 0 0
860 142 103 0 0
861 143 103 0 0
862 142 103 0 0
863 143 103 0 0
864 144 103 0 0
865 143 103 0 0
866 144 103 0 0
867 145 103 0 0
868 144 103 0 0
869 145 103 0 0
870 144 103 0 0
871 145 103 0 0
872 146 103 0 0
873 145 103 0 0
874 146 103 0 0
875 147 103 0 0
876 146 103 0 0
877 147 103 0 0
878 146 103 0 0
879 147 103 0 0
880 148 103 0 0
881 147 103 0 0
882 148 103 0 0
883 149 103 0 0
884 148 103 0 0
885 149 103 0 0
886 149 102 0 0
887 150 102 0 0
888 149 102 0 0
889 150 102 0 0
890 149 102 0 0
891 150 102 0 0
892 151 102 0 0
893 152 102 0 0
894 151 102 0 0
895 152 102 0 0
896 151 102 0 0
897 152 102 0 0
898 153 102 0 0
899 152 102 0 0
900 153 102 0 0
901 154 102 0 0
902 153 102 0 0
903 154 102 0 0
904 155 102 0 0
905 154 102 0 0
906 155 102 0 0
907 156 102 0 0
908 155 102 0 0
909 156 102 0 0
910 157 102 0 0
911 156 102 0 0
912 157 102 0 0
913 158 102 0 0
914 157 102 0 0
915 158 102 0 0
916 159 102 0 0
917 158 102 0 0
918 159 102 0 0
919 160 102 0 0
920 159 102 0 0
921 160 102 0 0
922 161 102 0 0
923 160 102 0 0
924 161 102 0 0
925 162 102 0 0
926 161 102 0 0
927 162 102 0 0
928 163 102 0 0
929 162 102 0 0
930 163 102 0 0
931 164 102 0 0
932 163 102 0 0
933 163 101 0 0
934 164 101 0 0
935 165 101 0 0
936 164 101 0 0
937 165 101 0 0
938 166 101 0 0
939 165 101 0 0
940 166 101 0 0
941 167 101 0 0
942 166 101 0 0
943 167 101 0 0
944 166 101 0 0
945 167 101 0 0
946 168 101 0 0
947 167 101 0 0
948 168 101 0 0
949 169 101 0 0
950 168 101 0 0
951 169 101 0 0
952 170 101 0 0
953 169 101 0 0
954 170 101 0 0
955 171 101 0 0
956 170 101 0 0
957 171 101 0 0
958 172 101 0 0
959 171 101 0 0
960 172 101 0 0
961 173 101 0 0
962 172 101 0 0
963 173 101 0 0
964 172 101 0 0
965 173 101 0 0
966 174 101 0 0
967 173 101 0 0
968 174 101 0 0
969 175 101 0 0
970 174 101 0 0
971 175 101 0 0
972 176 101 0 0
973 175 101 0 0
974 176 101 0 0
975 177 101 0 0
976 176 101 0 0
977 177 101 0 0
978 178 101 0 0
979 177 101 0 0
980 178 101 0 0
981 177 101 0 0
982 178 101 0 0
983 179 101 0 0
984 180 101 0 0
985 179 101 0 0
986 180 101 0 0
987 179 101 0 0
988 180 101 0 0
989 181 101 0 0
990 180 101 0 0
991 181 101 0 0
992 182 101 0 0
993 181 101 0 0
994 182 101 0 0
995 183 101 0 0
996 182 101 0 0
997 183 101 0 0
998 184 101 0 0
999 183 101 0 0
1000 184 101 0 0
1001 185 101 0 0
1002 184 101 0 0
1003 185 101 0 0
1004 186 101 0 0
1005 185 101 0 0
1006 186 101 0 0
1007 187 101 0 0
1008 186 101 0 0
1009 187 101 0 0
1010 188 101 0 0
1011 187 101 0 0
1012 188 101 0 0
1013 189 101 0 0
1014 188 101 0 0
1015 189 101 0 0
1016 188 101 0 0
1017 189 101 0 0
1018 190 101 0 0
1019 191 101 0 0
1020 190 101 0 0
1021 191 101 0 0
1022 190 101 0 0
1023 191 101 0 0
