0 1 90 0 0
1 2 90 0 0
2 1 90 0 0
3 2 90 0 0
4 3 90 0 0
5 2 90 0 0
6 3 90 0 0
7 2 90 0 0
8 3 90 0 0
9 4 90 0 0
10 3 90 0 0
11 4 90 0 0
12 3 90 0 0
13 4 90 0 0
14 5 90 0 0
15 4 90 0 0
16 5 90 0 0
17 6 90 0 0
18 5 90 0 0
19 6 90 0 0
20 5 90 0 0
21 6 90 0 0
22 7 90 0 0
23 6 90 0 0
24 7 90 0 0
25 8 90 0 0
26 7 90 0 0
27 8 90 0 0
28 7 90 0 0
29 8 90 0 0
30 9 90 0 0
31 8 90 0 0
32 9 90 0 0
33 10 90 0 0
34 9 90 0 0
35 10 90 0 0
36 11 90 0 0
37 10 90 0 0
38 11 90 0 0
39 12 90 0 0
40 11 90 0 0
41 12 90 0 0
42 13 90 0 0
43 12 90 0 0
44 13 90 0 0
45 14 90 0 0
46 13 90 0 0
47 14 90 0 0
48 14 91 0 0
49 15 91 0 0
50 14 91 0 0
51 15 91 0 0
52 16 91 0 0
53 15 91 0 0
54 16 91 0 0
55 17 91 0 0
56 16 91 0 0
57 17 91 0 0
58 16 91 0 0
59 17 91 0 0
60 18 91 0 0
61 17 91 0 0
62 18 91 0 0
63 19 91 0 0
64 18 91 0 0
65 19 91 0 0
66 20 91 0 0
67 19 91 0 0
68 20 91 0 0
69 21 91 0 0
70 20 91 0 0
71 21 91 0 0
72 22 91 0 0
73 21 91 0 0
74 22 91 0 0
75 23 91 0 0
76 22 91 0 0
77 23 91 0 0
78 24 91 0 0
79 23 91 0 0
80 23 92 0 0
81 24 92 0 0
82 25 92 0 0
83 24 92 0 0
84 25 92 0 0
85 26 92 0 0
86 25 92 0 0
87 26 92 0 0
88 25 92 0 0
89 26 92 0 0
90 27 92 0 0
91 26 92 0 0
92 27 92 0 0
93 28 92 0 0
94 27 92 0 0
95 28 92 0 0
96 29 92 0 0
97 28 92 0 0
98 29 92 0 0
99 28 92 0 0
100 29 92 0 0
101 30 92 0 0
102 31 92 0 0
103 30 92 0 0
104 30 93 0 0
105 31 93 0 0
106 30 93 0 0
107 31 93 0 0
108 32 93 0 0
109 31 93 0 0
110 32 93 0 0
111 33 93 0 0
112 32 93 0 0
113 33 93 0 0
114 34 93 0 0
115 33 93 0 0
116 34 93 0 0
117 33 93 0 0
118 34 93 0 0
119 35 93 0 0
120 34 93 0 0
121 35 93 0 0
122 36 93 0 0
123 35 93 0 0
124 36 93 0 0
125 37 93 0 0
126 36 93 0 0
127 37 93 0 0
128 36 93 0 0
129 37 93 0 0
130 38 93 0 0
131 37 93 0 0
132 38 93 0 0
133 37 93 0 0
134 38 93 0 0
135 39 93 0 0
136 38 93 0 0
137 39 93 0 0
138 38 93 0 0
139 39 93 0 0
140 40 93 0 0
141 39 93 0 0
142 40 93 0 0
143 41 93 0 0
144 40 93 0 0
145 41 93 0 0
146 40 93 0 0
147 41 93 0 0
148 40 93 0 0
149 41 93 0 0
150 42 93 0 0
151 41 93 0 0
152 42 93 0 0
153 43 93 0 0
154 42 93 0 0
155 43 93 0 0
156 42 93 0 0
157 43 93 0 0
158 42 93 0 0
159 43 93 0 0
160 44 93 0 0
161 43 93 0 0
162 44 93 0 0
163 43 93 0 0
164 44 93 0 0
165 45 93 0 0
166 44 93 0 0
167 45 93 0 0
168 46 93 0 0
169 45 93 0 0
170 46 93 0 0
171 45 93 0 0
172 46 93 0 0
173 45 93 0 0
174 46 93 0 0
175 47 93 0 0
176 46 93 0 0
177 47 93 0 0
178 46 93 0 0
179 47 93 0 0
180 48 93 0 0
181 47 93 0 0
182 48 93 0 0
183 47 93 0 0
184 48 93 0 0
185 47 93 0 0
186 48 93 0 0
187 49 93 0 0
188 48 93 0 0
189 49 93 0 0
190 48 93 0 0
191 49 93 0 0
192 48 93 0 0
193 49 93 0 0
194 48 93 0 0
195 49 93 0 0
196 50 93 0 0
197 49 93 0 0
198 50 93 0 0
199 49 93 0 0
200 50 93 0 0
201 51 93 0 0
202 50 93 0 0
203 51 93 0 0
204 50 93 0 0
205 51 93 0 0
206 50 93 0 0
207 51 93 0 0
208 50 93 0 0
209 51 93 0 0
210 52 93 0 0
211 51 93 0 0
212 52 93 0 0
213 51 93 0 0
214 52 93 0 0
215 53 93 0 0
216 52 93 0 0
217 53 93 0 0
218 52 93 0 0
219 53 93 0 0
220 52 93 0 0
221 53 93 0 0
222 52 93 0 0
223 53 93 0 0
224 54 93 0 0
225 53 93 0 0
226 54 93 0 0
227 53 93 0 0
228 54 93 0 0
229 53 93 0 0
230 53 92 0 0
231 54 92 0 0
232 54 93 0 0
233 55 93 0 0
234 54 93 0 0
235 55 93 0 0
236 54 93 0 0
237 55 93 0 0
238 56 93 0 0
239 55 93 0 0
240 56 93 0 0
241 55 93 0 0
242 56 93 0 0
243 55 93 0 0
244 56 93 0 0
245 57 93 0 0
246 56 93 0 0
247 57 93 0 0
248 56 93 0 0
249 57 93 0 0
250 58 93 0 0
251 57 93 0 0
252 58 93 0 0
253 57 93 0 0
254 58 93 0 0
255 59 93 0 0
256 58 93 0 0
257 59 93 0 0
258 58 93 0 0
259 59 93 0 0
260 58 93 0 0
261 59 93 0 0
262 60 93 0 0
263 59 93 0 0
264 60 93 0 0
265 61 93 0 0
266 60 93 0 0
267 61 93 0 0
268 60 93 0 0
269 61 93 0 0
270 60 93 0 0
271 61 93 0 0
272 62 93 0 0
273 61 93 0 0
274 62 93 0 0
275 61 93 0 0
276 62 93 0 0
277 63 93 0 0
278 62 93 0 0
279 63 93 0 0
280 62 93 0 0
281 63 93 0 0
282 64 93 0 0
283 63 93 0 0
284 64 93 0 0
285 63 93 0 0
286 64 93 0 0
287 63 93 0 0
288 64 93 0 0
289 65 93 0 0
290 64 93 0 0
291 65 93 0 0
292 64 93 0 0
293 65 93 0 0
294 66 93 0 0
295 65 93 0 0
296 66 93 0 0
297 65 93 0 0
298 66 93 0 0
299 65 93 0 0
300 66 93 0 0
301 67 93 0 0
302 66 93 0 0
303 67 93 0 0
304 66 93 0 0
305 67 93 0 0
306 68 93 0 0
307 67 93 0 0
308 68 93 0 0
309 67 93 0 0
310 68 93 0 0
311 67 93 0 0
312 68 93 0 0
313 68 92 0 0
314 69 92 0 0
315 68 92 0 0
316 69 92 0 0
317 68 92 0 0
318 69 92 0 0
319 70 92 0 0
320 69 92 0 0
321 70 92 0 0
322 69 92 0 0
323 70 92 0 0
324 69 92 0 0
325 70 92 0 0
326 71 92 0 0
327 70 92 0 0
328 71 92 0 0
329 70 92 0 0
330 71 92 0 0
331 72 92 0 0
332 71 92 0 0
333 72 92 0 0
334 71 92 0 0
335 71 91 0 0
336 72 91 0 0
337 73 91 0 0
338 72 91 0 0
339 73 91 0 0
340 72 91 0 0
341 73 91 0 0
342 72 91 0 0
343 73 91 0 0
344 74 91 0 0
345 73 91 0 0
346 74 91 0 0
347 75 91 0 0
348 74 91 0 0
349 74 90 0 0
350 75 90 0 0
351 74 90 0 0
352 75 90 0 0
353 76 90 0 0
354 75 90 0 0
355 76 90 0 0
356 75 90 0 0
357 76 90 0 0
358 75 90 0 0
359 76 90 0 0
360 77 90 0 0
361 76 90 0 0
362 77 90 0 0
363 77 89 0 0
364 78 89 0 0
365 77 89 0 0
366 78 89 0 0
367 77 89 0 0
368 78 89 0 0
369 77 89 0 0
370 78 89 0 0
371 79 89 0 0
372 78 89 0 0
373 79 89 0 0
374 80 89 0 0
375 79 89 0 0
376 79 88 0 0
377 80 88 0 0
378 79 88 0 0
379 80 88 0 0
380 79 88 0 0
381 80 88 0 0
382 81 88 0 0
383 80 88 0 0
384 80 87 0 0
385 81 87 0 0
386 80 87 0 0
387 81 87 0 0
388 82 87 0 0
389 81 87 0 0
390 82 87 0 0
391 81 87 0 0
392 82 87 0 0
393 81 87 0 0
394 81 86 0 0
395 82 86 0 0
396 83 86 0 0
397 82 86 0 0
398 83 86 0 0
399 82 86 0 0
400 83 86 0 0
401 82 86 0 0
402 82 85 0 0
403 83 85 0 0
404 84 85 0 0
405 83 85 0 0
406 84 85 0 0
407 83 85 0 0
408 84 85 0 0
409 84 84 0 0
410 85 84 0 0
411 84 84 0 0
412 85 84 0 0
413 84 84 0 0
414 85 84 0 0
415 86 84 0 0
416 85 84 0 0
417 86 84 0 0
418 85 84 0 0
419 86 84 0 0
420 85 84 0 0
421 85 83 0 0
422 86 83 0 0
423 87 83 0 0
424 86 83 0 0
425 87 83 0 0
426 86 83 0 0
427 87 83 0 0
428 88 83 0 0
429 87 83 0 0
430 88 83 0 0
431 87 83 0 0
432 88 83 0 0
433 87 83 0 0
434 88 83 0 0
435 89 83 0 0
436 88 83 0 0
437 88 82 0 0
438 89 82 0 0
439 88 82 0 0
440 89 82 0 0
441 90 82 0 0
442 89 82 0 0
443 89 81 0 0
444 90 81 0 0
445 89 81 0 0
446 90 81 0 0
447 91 81 0 0
448 90 81 0 0
449 91 81 0 0
450 90 81 0 0
451 91 81 0 0
452 92 81 0 0
453 91 81 0 0
454 92 81 0 0
455 91 81 0 0
456 91 80 0 0
457 92 80 0 0
458 93 80 0 0
459 92 80 0 0
460 93 80 0 0
461 92 80 0 0
462 93 80 0 0
463 94 80 0 0
464 93 80 0 0
465 94 80 0 0
466 93 80 0 0
467 94 80 0 0
468 95 80 0 0
469 94 80 0 0
470 94 79 0 0
471 95 79 0 0
472 94 79 0 0
473 95 79 0 0
474 96 79 0 0
475 95 79 0 0
476 96 79 0 0
477 95 79 0 0
478 96 79 0 0
479 97 79 0 0
480 96 79 0 0
481 97 79 0 0
482 96 79 0 0
483 97 79 0 0
484 98 79 0 0
485 97 79 0 0
486 97 78 0 0
487 98 78 0 0
488 97 78 0 0
489 98 78 0 0
490 99 78 0 0
491 98 78 0 0
492 99 78 0 0
493 100 78 0 0
494 99 78 0 0
495 100 78 0 0
496 99 78 0 0
497 100 78 0 0
498 99 78 0 0
499 100 78 0 0
500 100 77 0 0
501 101 77 0 0
502 100 77 0 0
503 100 78 0 0
504 101 78 0 0
505 102 78 0 0
506 101 78 0 0
507 102 78 0 0
508 101 78 0 0
509 102 78 0 0
510 101 78 0 0
511 102 78 0 0
512 103 78 0 0
513 102 78 0 0
514 103 78 0 0
515 102 78 0 0
516 103 78 0 0
517 104 78 0 0
518 103 78 0 0
519 104 78 0 0
520 103 78 0 0
521 104 78 0 0
522 105 78 0 0
523 104 78 0 0
524 105 78 0 0
525 104 78 0 0
526 105 78 0 0
527 106 78 0 0
528 105 78 0 0
529 106 78 0 0
530 105 78 0 0
531 106 78 0 0
532 107 78 0 0
533 106 78 0 0
534 107 78 0 0
535 106 78 0 0
536 107 78 0 0
537 107 79 0 0
538 108 79 0 0
539 107 79 0 0
540 108 79 0 0
541 107 79 0 0
542 108 79 0 0
543 109 79 0 0
544 108 79 0 0
545 109 79 0 0
546 108 79 0 0
547 109 79 0 0
548 110 79 0 0
549 109 79 0 0
550 110 79 0 0
551 109 79 0 0
552 110 79 0 0
553 111 79 0 0
554 110 79 0 0
555 111 79 0 0
556 110 79 0 0
557 111 79 0 0
558 112 79 0 0
559 111 79 0 0
560 112 79 0 0
561 111 79 0 0
562 111 80 0 0
563 112 80 0 0
564 111 80 0 0
565 112 80 0 0
566 113 80 0 0
567 112 80 0 0
568 113 80 0 0
569 112 80 0 0
570 113 80 0 0
571 112 80 0 0
572 113 80 0 0
573 114 80 0 0
574 113 80 0 0
575 114 80 0 0
576 113 80 0 0
577 113 81 0 0
578 114 81 0 0
579 115 81 0 0
580 114 81 0 0
581 115 81 0 0
582 114 81 0 0
583 115 81 0 0
584 114 81 0 0
585 115 81 0 0
586 116 81 0 0
587 115 81 0 0
588 116 81 0 0
589 115 81 0 0
590 116 81 0 0
591 115 81 0 0
592 115 82 0 0
593 116 82 0 0
594 117 82 0 0
595 116 82 0 0
596 117 82 0 0
597 116 82 0 0
598 117 82 0 0
599 117 83 0 0
600 118 83 0 0
601 117 83 0 0
602 118 83 0 0
603 117 83 0 0
604 118 83 0 0
605 119 83 0 0
606 118 83 0 0
607 119 83 0 0
608 118 83 0 0
609 119 83 0 0
610 120 83 0 0
611 119 83 0 0
612 120 83 0 0
613 119 83 0 0
614 120 83 0 0
615 121 83 0 0
616 120 83 0 0
617 121 83 0 0
618 120 83 0 0
619 120 84 0 0
620 121 84 0 0
621 122 84 0 0
622 121 84 0 0
623 122 84 0 0
624 121 84 0 0
625 122 84 0 0
626 123 84 0 0
627 122 84 0 0
628 123 84 0 0
629 122 84 0 0
630 123 84 0 0
631 122 84 0 0
632 123 84 0 0
633 124 84 0 0
634 123 84 0 0
635 123 85 0 0
636 124 85 0 0
637 123 85 0 0
638 124 85 0 0
639 125 85 0 0
640 124 85 0 0
641 125 85 0 0
642 124 85 0 0
643 125 85 0 0
644 126 85 0 0
645 125 85 0 0
646 126 85 0 0
647 125 85 0 0
648 126 85 0 0
649 127 85 0 0
650 126 85 0 0
651 127 85 0 0
652 126 85 0 0
653 126 86 0 0
654 127 86 0 0
655 126 86 0 0
656 127 86 0 0
657 128 86 0 0
658 127 86 0 0
659 128 86 0 0
660 127 86 0 0
661 128 86 0 0
662 127 86 0 0
663 128 86 0 0
664 129 86 0 0
665 128 86 0 0
666 129 86 0 0
667 128 86 0 0
668 128 87 0 0
669 129 87 0 0
670 130 87 0 0
671 129 87 0 0
672 130 87 0 0
673 129 87 0 0
674 130 87 0 0
675 129 87 0 0
676 130 87 0 0
677 129 87 0 0
678 130 87 0 0
679 131 87 0 0
680 130 87 0 0
681 131 87 0 0
682 130 87 0 0
683 130 88 0 0
684 131 88 0 0
685 130 88 0 0
686 131 88 0 0
687 132 88 0 0
688 131 88 0 0
689 132 88 0 0
690 131 88 0 0
691 132 88 0 0
692 131 88 0 0
693 132 88 0 0
694 131 88 0 0
695 132 88 0 0
696 133 88 0 0
697 132 88 0 0
698 133 88 0 0
699 132 88 0 0
700 132 89 0 0
701 133 89 0 0
702 132 89 0 0
703 133 89 0 0
704 134 89 0 0
705 133 89 0 0
706 134 89 0 0
707 133 89 0 0
708 134 89 0 0
709 133 89 0 0
710 134 89 0 0
711 135 89 0 0
712 134 89 0 0
713 135 89 0 0
714 134 89 0 0
715 135 89 0 0
716 134 89 0 0
717 134 90 0 0
718 135 90 0 0
719 136 90 0 0
720 135 90 0 0
721 136 90 0 0
722 135 90 0 0
723 136 90 0 0
724 137 90 0 0
725 136 90 0 0
726 137 90 0 0
727 136 90 0 0
728 136 91 0 0
729 137 91 0 0
730 138 91 0 0
731 137 91 0 0
732 138 91 0 0
733 137 91 0 0
734 138 91 0 0
735 137 91 0 0
736 138 91 0 0
737 139 91 0 0
738 138 91 0 0
739 139 91 0 0
740 139 92 0 0
741 140 92 0 0
742 139 92 0 0
743 140 92 0 0
744 139 92 0 0
745 140 92 0 0
746 139 92 0 0
747 140 92 0 0
748 141 92 0 0
749 140 92 0 0
750 141 92 0 0
751 142 92 0 0
752 141 92 0 0
753 142 92 0 0
754 141 92 0 0
755 142 92 0 0
756 141 92 0 0
757 142 92 0 0
758 143 92 0 0
759 142 92 0 0
760 143 92 0 0
761 142 92 0 0
762 143 92 0 0
763 144 92 0 0
764 143 92 0 0
765 144 92 0 0
766 143 92 0 0
767 144 92 0 0
768 145 92 0 0
769 144 92 0 0
770 145 92 0 0
771 144 92 0 0
772 145 92 0 0
773 144 92 0 0
774 145 92 0 0
775 146 92 0 0
776 145 92 0 0
777 146 92 0 0
778 145 92 0 0
779 146 92 0 0
780 147 92 0 0
781 146 92 0 0
782 147 92 0 0
783 146 92 0 0
784 147 92 0 0
785 148 92 0 0
786 147 92 0 0
787 148 92 0 0
788 147 92 0 0
789 148 92 0 0
790 149 92 0 0
791 148 92 0 0
792 149 92 0 0
793 148 92 0 0
794 149 92 0 0
795 150 92 0 0
796 149 92 0 0
797 150 92 0 0
798 149 92 0 0
799 150 92 0 0
800 149 92 0 0
801 150 92 0 0
802 151 92 0 0
803 150 92 0 0
804 151 92 0 0
805 150 92 0 0
806 151 92 0 0
807 152 92 0 0
808 151 92 0 0
809 152 92 0 0
810 151 92 0 0
811 152 92 0 0
812 151 92 0 0
813 152 92 0 0
814 153 92 0 0
815 152 92 0 0
816 153 92 0 0
817 152 92 0 0
818 153 92 0 0
819 152 92 0 0
820 153 92 0 0
821 152 92 0 0
822 153 92 0 0
823 154 92 0 0
824 153 92 0 0
825 154 92 0 0
826 153 92 0 0
827 154 92 0 0
828 155 92 0 0
829 154 92 0 0
830 155 92 0 0
831 154 92 0 0
832 155 92 0 0
833 154 92 0 0
834 155 92 0 0
835 156 92 0 0
836 155 92 0 0
837 156 92 0 0
838 155 92 0 0
839 155 93 0 0
840 156 93 0 0
841 157 93 0 0
842 156 93 0 0
843 157 93 0 0
844 156 93 0 0
845 157 93 0 0
846 156 93 0 0
847 157 93 0 0
848 158 93 0 0
849 157 93 0 0
850 158 93 0 0
851 157 93 0 0
852 158 93 0 0
853 157 93 0 0
854 158 93 0 0
855 159 93 0 0
856 158 93 0 0
857 159 93 0 0
858 158 93 0 0
859 159 93 0 0
860 160 93 0 0
861 159 93 0 0
862 160 93 0 0
863 159 93 0 0
864 160 93 0 0
865 159 93 0 0
866 160 93 0 0
867 161 93 0 0
868 160 93 0 0
869 161 93 0 0
870 162 93 0 0
871 161 93 0 0
872 162 93 0 0
873 161 93 0 0
874 162 93 0 0
875 161 93 0 0
876 162 93 0 0
877 163 93 0 0
878 162 93 0 0
879 163 93 0 0
880 162 93 0 0
881 163 93 0 0
882 164 93 0 0
883 163 93 0 0
884 164 93 0 0
885 163 93 0 0
886 164 93 0 0
887 165 93 0 0
888 164 93 0 0
889 164 92 0 0
890 165 92 0 0
891 164 92 0 0
892 164 93 0 0
893 165 93 0 0
894 166 93 0 0
895 165 93 0 0
896 166 93 0 0
897 165 93 0 0
898 166 93 0 0
899 167 93 0 0
900 166 93 0 0
901 167 93 0 0
902 166 93 0 0
903 167 93 0 0
904 168 93 0 0
905 167 93 0 0
906 168 93 0 0
907 167 93 0 0
908 168 93 0 0
909 169 93 0 0
910 168 93 0 0
911 169 93 0 0
912 170 93 0 0
913 169 93 0 0
914 170 93 0 0
915 169 93 0 0
916 170 93 0 0
917 171 93 0 0
918 170 93 0 0
919 171 93 0 0
920 170 93 0 0
921 171 93 0 0
922 172 93 0 0
923 171 93 0 0
924 172 93 0 0
925 171 93 0 0
926 172 93 0 0
927 171 93 0 0
928 172 93 0 0
929 173 93 0 0
930 172 93 0 0
931 173 93 0 0
932 172 93 0 0
933 173 93 0 0
934 172 93 0 0
935 173 93 0 0
936 174 93 0 0
937 173 93 0 0
938 174 93 0 0
939 173 93 0 0
940 174 93 0 0
941 175 93 0 0
942 174 93 0 0
943 175 93 0 0
944 174 93 0 0
945 175 93 0 0
946 174 93 0 0
947 175 93 0 0
948 174 93 0 0
949 175 93 0 0
950 176 93 0 0
951 175 93 0 0
952 176 93 0 0
953 175 93 0 0
954 176 93 0 0
955 177 93 0 0
956 176 93 0 0
957 177 93 0 0
958 176 93 0 0
959 177 93 0 0
960 176 93 0 0
961 177 93 0 0
962 178 93 0 0
963 177 93 0 0
964 178 93 0 0
965 177 93 0 0
966 178 93 0 0
967 177 93 0 0
968 178 93 0 0
969 179 93 0 0
970 178 93 0 0
971 179 93 0 0
972 178 93 0 0
973 179 93 0 0
974 180 93 0 0
975 179 93 0 0
976 180 93 0 0
977 179 93 0 0
978 180 93 0 0
979 181 93 0 0
980 180 93 0 0
981 181 93 0 0
982 180 93 0 0
983 181 93 0 0
984 182 93 0 0
985 181 93 0 0
986 182 93 0 0
987 181 93 0 0
988 182 93 0 0
989 181 93 0 0
990 182 93 0 0
991 183 93 0 0
992 182 93 0 0
993 183 93 0 0
994 182 93 0 0
995 183 93 0 0
996 184 93 0 0
997 183 93 0 0
998 184 93 0 0
999 183 93 0 0
1000 184 93 0 0
1001 185 93 0 0
1002 184 93 0 0
1003 185 93 0 0
1004 184 93 0 0
1005 185 93 0 0
1006 186 93 0 0
1007 185 93 0 0
1008 186 93 0 0
1009 185 93 0 0
1010 186 93 0 0
1011 187 93 0 0
1012 186 93 0 0
1013 187 93 0 0
1014 186 93 0 0
1015 187 93 0 0
1016 188 93 0 0
1017 187 93 0 0
1018 188 93 0 0
1019 187 93 0 0
1020 188 93 0 0
1021 189 93 0 0
1022 188 93 0 0
1023 189 93 0 0
1024 188 93 0 0
1025 189 93 0 0
1026 190 93 0 0
1027 189 93 0 0
1028 190 93 0 0
1029 189 93 0 0
1030 190 93 0 0
1031 191 93 0 0
1032 190 93 0 0
1033 191 93 0 0
1034 192 93 0 0
1035 191 93 0 0
1036 192 93 0 0
1037 191 93 0 0
1038 192 93 0 0
1039 191 93 0 0
1040 192 93 0 0
1041 193 93 0 0
1042 192 93 0 0
1043 193 93 0 0
1044 192 93 0 0
1045 193 93 0 0
1046 192 93 0 0
1047 193 93 0 0
1048 194 93 0 0
1049 193 93 0 0
1050 194 93 0 0
1051 193 93 0 0
1052 194 93 0 0
1053 193 93 0 0
1054 194 93 0 0
1055 193 93 0 0
1056 194 93 0 0
1057 193 93 0 0
1058 194 93 0 0
1059 195 93 0 0
1060 194 93 0 0
1061 195 93 0 0
1062 194 93 0 0
1063 195 93 0 0
1064 194 93 0 0
1065 195 93 0 0
1066 194 93 0 0
1067 195 93 0 0
1068 194 93 0 0
1069 195 93 0 0
1070 194 93 0 0
1071 195 93 0 0
1072 194 93 0 0
1073 195 93 0 0
