0 87 232 0 0
1 88 232 0 0
2 87 232 0 0
3 87 231 0 0
4 88 231 0 0
5 87 231 0 0
6 88 231 0 0
7 87 231 0 0
8 87 230 0 0
9 88 230 0 0
10 87 230 0 0
11 88 230 0 0
12 87 230 0 0
13 87 229 0 0
14 88 229 0 0
15 87 229 0 0
16 88 229 0 0
17 87 229 0 0
18 88 229 0 0
19 87 229 0 0
20 87 228 0 0
21 88 228 0 0
22 89 228 0 0
23 88 228 0 0
24 88 227 0 0
25 89 227 0 0
26 88 227 0 0
27 89 227 0 0
28 88 227 0 0
29 88 226 0 0
30 89 226 0 0
31 88 226 0 0
32 89 226 0 0
33 88 226 0 0
34 89 226 0 0
35 88 226 0 0
36 88 225 0 0
37 89 225 0 0
38 88 225 0 0
39 89 225 0 0
40 88 225 0 0
41 88 224 0 0
42 89 224 0 0
43 88 224 0 0
44 89 224 0 0
45 88 224 0 0
46 88 223 0 0
47 89 223 0 0
48 88 223 0 0
49 89 223 0 0
50 88 223 0 0
51 88 222 0 0
52 89 222 0 0
53 88 222 0 0
54 89 222 0 0
55 88 222 0 0
56 88 221 0 0
57 89 221 0 0
58 88 221 0 0
59 89 221 0 0
60 88 221 0 0
61 88 220 0 0
62 89 220 0 0
63 88 220 0 0
64 89 220 0 0
65 88 220 0 0
66 88 219 0 0
67 89 219 0 0
68 88 219 0 0
69 89 219 0 0
70 88 219 0 0
71 88 218 0 0
72 89 218 0 0
73 88 218 0 0
74 89 218 0 0
75 88 218 0 0
76 89 218 0 0
77 88 218 0 0
78 88 217 0 0
79 89 217 0 0
80 88 217 0 0
81 89 217 0 0
82 88 217 0 0
83 88 216 0 0
84 89 216 0 0
85 88 216 0 0
86 89 216 0 0
87 88 216 0 0
88 89 216 0 0
89 88 216 0 0
90 88 215 0 0
91 89 215 0 0
92 88 215 0 0
93 89 215 0 0
94 88 215 0 0
95 88 214 0 0
96 89 214 0 0
97 88 214 0 0
98 89 214 0 0
99 88 214 0 0
100 89 214 0 0
101 88 214 0 0
102 88 213 0 0
103 89 213 0 0
104 88 213 0 0
105 89 213 0 0
106 88 213 0 0
107 88 212 0 0
108 89 212 0 0
109 90 212 0 0
110 89 212 0 0
111 89 211 0 0
112 90 211 0 0
113 89 211 0 0
114 90 211 0 0
115 89 211 0 0
116 90 211 0 0
117 89 211 0 0
118 89 210 0 0
119 90 210 0 0
120 89 210 0 0
121 90 210 0 0
122 89 210 0 0
123 89 209 0 0
124 90 209 0 0
125 89 209 0 0
126 90 209 0 0
127 89 209 0 0
128 90 209 0 0
129 89 209 0 0
130 89 208 0 0
131 90 208 0 0
132 89 208 0 0
133 90 208 0 0
134 89 208 0 0
135 89 207 0 0
136 90 207 0 0
137 89 207 0 0
138 90 207 0 0
139 89 207 0 0
140 90 207 0 0
141 89 207 0 0
142 89 206 0 0
143 90 206 0 0
144 89 206 0 0
145 90 206 0 0
146 89 206 0 0
147 89 205 0 0
148 90 205 0 0
149 89 205 0 0
150 90 205 0 0
151 89 205 0 0
152 89 204 0 0
153 90 204 0 0
154 89 204 0 0
155 90 204 0 0
156 89 204 0 0
157 90 204 0 0
158 89 204 0 0
159 89 203 0 0
160 90 203 0 0
161 89 203 0 0
162 90 203 0 0
163 89 203 0 0
164 90 203 0 0
165 90 202 0 0
166 91 202 0 0
167 90 202 0 0
168 91 202 0 0
169 90 202 0 0
170 90 201 0 0
171 91 201 0 0
172 90 201 0 0
173 90 200 0 0
174 91 200 0 0
175 90 200 0 0
176 91 200 0 0
177 90 200 0 0
178 90 199 0 0
179 91 199 0 0
180 90 199 0 0
181 91 199 0 0
182 90 199 0 0
183 90 198 0 0
184 91 198 0 0
185 90 198 0 0
186 91 198 0 0
187 90 198 0 0
188 90 197 0 0
189 91 197 0 0
190 90 197 0 0
191 91 197 0 0
192 90 197 0 0
193 90 196 0 0
194 91 196 0 0
195 90 196 0 0
196 91 196 0 0
197 90 196 0 0
198 91 196 0 0
199 90 196 0 0
200 90 195 0 0
201 91 195 0 0
202 90 195 0 0
203 90 194 0 0
204 91 194 0 0
205 90 194 0 0
206 91 194 0 0
207 90 194 0 0
208 90 193 0 0
209 91 193 0 0
210 90 193 0 0
211 91 193 0 0
212 90 193 0 0
213 90 192 0 0
214 91 192 0 0
215 90 192 0 0
216 91 192 0 0
217 90 192 0 0
218 90 191 0 0
219 91 191 0 0
220 90 191 0 0
221 90 190 0 0
222 91 190 0 0
223 90 190 0 0
224 91 190 0 0
225 90 190 0 0
226 91 190 0 0
227 90 190 0 0
228 90 189 0 0
229 91 189 0 0
230 90 189 0 0
231 91 189 0 0
232 90 189 0 0
233 90 188 0 0
234 91 188 0 0
235 90 188 0 0
236 90 187 0 0
237 91 187 0 0
238 90 187 0 0
239 91 187 0 0
240 90 187 0 0
241 90 186 0 0
242 91 186 0 0
243 90 186 0 0
244 91 186 0 0
245 91 185 0 0
246 92 185 0 0
247 91 185 0 0
248 92 185 0 0
249 91 185 0 0
250 91 184 0 0
251 92 184 0 0
252 91 184 0 0
253 92 184 0 0
254 91 184 0 0
255 91 183 0 0
256 92 183 0 0
257 91 183 0 0
258 92 183 0 0
259 91 183 0 0
260 91 182 0 0
261 92 182 0 0
262 91 182 0 0
263 92 182 0 0
264 91 182 0 0
265 91 181 0 0
266 92 181 0 0
267 91 181 0 0
268 92 181 0 0
269 91 181 0 0
270 91 180 0 0
271 92 180 0 0
272 91 180 0 0
273 92 180 0 0
274 91 180 0 0
275 91 179 0 0
276 92 179 0 0
277 91 179 0 0
278 92 179 0 0
279 91 179 0 0
280 92 179 0 0
281 91 179 0 0
282 91 178 0 0
283 92 178 0 0
284 91 178 0 0
285 92 178 0 0
286 91 178 0 0
287 92 178 0 0
288 91 178 0 0
289 91 177 0 0
290 92 177 0 0
291 91 177 0 0
292 92 177 0 0
293 91 177 0 0
294 91 176 0 0
295 92 176 0 0
296 91 176 0 0
297 92 176 0 0
298 91 176 0 0
299 92 176 0 0
300 91 176 0 0
301 91 175 0 0
302 92 175 0 0
303 91 175 0 0
304 92 175 0 0
305 91 175 0 0
306 91 174 0 0
307 92 174 0 0
308 91 174 0 0
309 92 174 0 0
310 91 174 0 0
311 92 174 0 0
312 91 174 0 0
313 91 173 0 0
314 92 173 0 0
315 91 173 0 0
316 92 173 0 0
317 91 173 0 0
318 91 172 0 0
319 92 172 0 0
320 91 172 0 0
321 92 172 0 0
322 91 172 0 0
323 92 172 0 0
324 91 172 0 0
325 91 171 0 0
326 92 171 0 0
327 91 171 0 0
328 92 171 0 0
329 91 171 0 0
330 92 171 0 0
331 91 171 0 0
332 91 170 0 0
333 92 170 0 0
334 91 170 0 0
335 92 170 0 0
336 91 170 0 0
337 91 169 0 0
338 92 169 0 0
339 91 169 0 0
340 92 169 0 0
341 91 169 0 0
342 92 169 0 0
343 91 169 0 0
344 91 168 0 0
345 92 168 0 0
346 91 168 0 0
347 92 168 0 0
348 91 168 0 0
349 91 167 0 0
350 92 167 0 0
351 91 167 0 0
352 92 167 0 0
353 91 167 0 0
354 92 167 0 0
355 91 167 0 0
356 91 166 0 0
357 92 166 0 0
358 91 166 0 0
359 92 166 0 0
360 91 166 0 0
361 91 165 0 0
362 92 165 0 0
363 91 165 0 0
364 92 165 0 0
365 91 165 0 0
366 92 165 0 0
367 91 165 0 0
368 91 164 0 0
369 92 164 0 0
370 91 164 0 0
371 92 164 0 0
372 91 164 0 0
373 91 163 0 0
374 92 163 0 0
375 91 163 0 0
376 92 163 0 0
377 91 163 0 0
378 91 162 0 0
379 92 162 0 0
380 91 162 0 0
381 92 162 0 0
382 91 162 0 0
383 91 161 0 0
384 92 161 0 0
385 91 161 0 0
386 92 161 0 0
387 91 161 0 0
388 91 160 0 0
389 92 160 0 0
390 91 160 0 0
391 92 160 0 0
392 91 160 0 0
393 91 159 0 0
394 92 159 0 0
395 91 159 0 0
396 92 159 0 0
397 91 159 0 0
398 91 158 0 0
399 92 158 0 0
400 91 158 0 0
401 92 158 0 0
402 91 158 0 0
403 91 157 0 0
404 92 157 0 0
405 91 157 0 0
406 92 157 0 0
407 91 157 0 0
408 91 156 0 0
409 92 156 0 0
410 91 156 0 0
411 92 156 0 0
412 91 156 0 0
413 91 155 0 0
414 92 155 0 0
415 91 155 0 0
416 92 155 0 0
417 91 155 0 0
418 91 154 0 0
419 92 154 0 0
420 91 154 0 0
421 92 154 0 0
422 91 154 0 0
423 91 153 0 0
424 92 153 0 0
425 91 153 0 0
426 92 153 0 0
427 91 153 0 0
428 91 152 0 0
429 92 152 0 0
430 91 152 0 0
431 92 152 0 0
432 91 152 0 0
433 91 151 0 0
434 92 151 0 0
435 91 151 0 0
436 92 151 0 0
437 91 151 0 0
438 91 150 0 0
439 92 150 0 0
440 91 150 0 0
441 92 150 0 0
442 91 150 0 0
443 91 149 0 0
444 92 149 0 0
445 91 149 0 0
446 92 149 0 0
447 91 149 0 0
448 91 148 0 0
449 92 148 0 0
450 91 148 0 0
451 92 148 0 0
452 91 148 0 0
453 91 147 0 0
454 92 147 0 0
455 91 147 0 0
456 92 147 0 0
457 91 147 0 0
458 91 146 0 0
459 92 146 0 0
460 91 146 0 0
461 92 146 0 0
462 91 146 0 0
463 91 145 0 0
464 92 145 0 0
465 91 145 0 0
466 92 145 0 0
467 91 145 0 0
468 91 144 0 0
469 92 144 0 0
470 91 144 0 0
471 92 144 0 0
472 91 144 0 0
473 91 143 0 0
474 92 143 0 0
475 91 143 0 0
476 92 143 0 0
477 91 143 0 0
478 90 143 0 0
479 90 142 0 0
480 91 142 0 0
481 90 142 0 0
482 91 142 0 0
483 90 142 0 0
484 90 141 0 0
485 91 141 0 0
486 90 141 0 0
487 90 140 0 0
488 91 140 0 0
489 90 140 0 0
490 91 140 0 0
491 90 140 0 0
492 90 139 0 0
493 91 139 0 0
494 90 139 0 0
495 91 139 0 0
496 90 139 0 0
497 90 138 0 0
498 91 138 0 0
499 90 138 0 0
500 91 138 0 0
501 90 138 0 0
502 90 137 0 0
503 89 137 0 0
504 90 137 0 0
505 89 137 0 0
506 89 136 0 0
507 90 136 0 0
508 89 136 0 0
509 90 136 0 0
510 89 136 0 0
511 90 136 0 0
512 89 136 0 0
513 89 135 0 0
514 90 135 0 0
515 89 135 0 0
516 90 135 0 0
517 89 135 0 0
518 89 134 0 0
519 90 134 0 0
520 89 134 0 0
521 90 134 0 0
522 89 134 0 0
523 89 133 0 0
524 90 133 0 0
525 89 133 0 0
526 90 133 0 0
527 89 133 0 0
528 89 132 0 0
529 90 132 0 0
530 89 132 0 0
531 90 132 0 0
532 89 132 0 0
533 89 131 0 0
534 90 131 0 0
535 89 131 0 0
536 88 131 0 0
537 88 130 0 0
538 89 130 0 0
539 88 130 0 0
540 89 130 0 0
541 88 130 0 0
542 89 130 0 0
543 88 130 0 0
544 88 129 0 0
545 89 129 0 0
546 88 129 0 0
547 87 129 0 0
548 88 129 0 0
549 87 129 0 0
550 88 129 0 0
551 87 129 0 0
552 87 128 0 0
553 88 128 0 0
554 87 128 0 0
555 88 128 0 0
556 87 128 0 0
557 88 128 0 0
558 87 128 0 0
559 87 127 0 0
560 86 127 0 0
561 87 127 0 0
562 86 127 0 0
563 86 126 0 0
564 87 126 0 0
565 86 126 0 0
566 87 126 0 0
567 86 126 0 0
568 87 126 0 0
569 86 126 0 0
570 86 125 0 0
571 85 125 0 0
572 86 125 0 0
573 85 125 0 0
574 86 125 0 0
575 85 125 0 0
576 85 124 0 0
577 86 124 0 0
578 85 124 0 0
579 86 124 0 0
580 85 124 0 0
581 86 124 0 0
582 85 124 0 0
583 85 123 0 0
584 86 123 0 0
585 85 123 0 0
586 84 123 0 0
587 84 122 0 0
588 85 122 0 0
589 84 122 0 0
590 85 122 0 0
591 84 122 0 0
592 85 122 0 0
593 84 122 0 0
594 84 121 0 0
595 85 121 0 0
596 84 121 0 0
597 85 121 0 0
598 84 121 0 0
599 85 121 0 0
600 84 121 0 0
601 84 120 0 0
602 83 120 0 0
603 84 120 0 0
604 83 120 0 0
605 84 120 0 0
606 83 120 0 0
607 83 119 0 0
608 84 119 0 0
609 83 119 0 0
610 84 119 0 0
611 83 119 0 0
612 83 118 0 0
613 82 118 0 0
614 83 118 0 0
615 82 118 0 0
616 83 118 0 0
617 82 118 0 0
618 82 117 0 0
619 83 117 0 0
620 82 117 0 0
621 83 117 0 0
622 82 117 0 0
623 83 117 0 0
624 82 117 0 0
625 82 116 0 0
626 83 116 0 0
627 82 116 0 0
628 83 116 0 0
629 82 116 0 0
630 82 115 0 0
631 83 115 0 0
632 82 115 0 0
633 83 115 0 0
634 82 115 0 0
635 82 114 0 0
636 83 114 0 0
637 82 114 0 0
638 83 114 0 0
639 82 114 0 0
640 82 113 0 0
641 83 113 0 0
642 82 113 0 0
643 83 113 0 0
644 82 113 0 0
645 82 112 0 0
646 83 112 0 0
647 82 112 0 0
648 83 112 0 0
649 82 112 0 0
650 83 112 0 0
651 82 112 0 0
652 82 111 0 0
653 83 111 0 0
654 82 111 0 0
655 83 111 0 0
656 82 111 0 0
657 82 110 0 0
658 83 110 0 0
659 82 110 0 0
660 83 110 0 0
661 82 110 0 0
662 82 109 0 0
663 83 109 0 0
664 82 109 0 0
665 83 109 0 0
666 82 109 0 0
667 82 108 0 0
668 83 108 0 0
669 82 108 0 0
670 83 108 0 0
671 82 108 0 0
672 83 108 0 0
673 82 108 0 0
674 82 107 0 0
675 83 107 0 0
676 82 107 0 0
677 83 107 0 0
678 82 107 0 0
679 82 106 0 0
680 83 106 0 0
681 82 106 0 0
682 83 106 0 0
683 82 106 0 0
684 82 105 0 0
685 83 105 0 0
686 82 105 0 0
687 83 105 0 0
688 82 105 0 0
689 82 104 0 0
690 83 104 0 0
691 82 104 0 0
692 83 104 0 0
693 82 104 0 0
694 82 103 0 0
695 83 103 0 0
696 82 103 0 0
697 83 103 0 0
698 82 103 0 0
699 83 103 0 0
700 82 103 0 0
701 82 102 0 0
702 83 102 0 0
703 82 102 0 0
704 83 102 0 0
705 82 102 0 0
706 82 101 0 0
707 83 101 0 0
708 82 101 0 0
709 83 101 0 0
710 82 101 0 0
711 82 100 0 0
712 83 100 0 0
713 82 100 0 0
714 83 100 0 0
715 82 100 0 0
716 82 99 0 0
717 83 99 0 0
718 82 99 0 0
719 83 99 0 0
720 82 99 0 0
721 83 99 0 0
722 82 99 0 0
723 82 98 0 0
724 83 98 0 0
725 82 98 0 0
726 83 98 0 0
727 82 98 0 0
728 82 97 0 0
729 83 97 0 0
730 82 97 0 0
731 83 97 0 0
732 83 96 0 0
733 84 96 0 0
734 83 96 0 0
735 84 96 0 0
736 83 96 0 0
737 84 96 0 0
738 83 96 0 0
739 83 95 0 0
740 84 95 0 0
741 83 95 0 0
742 84 95 0 0
743 83 95 0 0
744 83 94 0 0
745 84 94 0 0
746 83 94 0 0
747 84 94 0 0
748 83 94 0 0
749 83 93 0 0
750 84 93 0 0
751 85 93 0 0
752 84 93 0 0
753 84 92 0 0
754 85 92 0 0
755 84 92 0 0
756 85 92 0 0
757 84 92 0 0
758 85 92 0 0
759 84 92 0 0
760 84 91 0 0
761 85 91 0 0
762 84 91 0 0
763 85 91 0 0
764 84 91 0 0
765 84 90 0 0
766 85 90 0 0
767 84 90 0 0
768 85 90 0 0
769 84 90 0 0
770 84 89 0 0
771 85 89 0 0
772 84 89 0 0
773 85 89 0 0
774 84 89 0 0
775 85 89 0 0
776 85 88 0 0
777 86 88 0 0
778 85 88 0 0
779 86 88 0 0
780 85 88 0 0
781 85 87 0 0
782 86 87 0 0
783 85 87 0 0
784 86 87 0 0
785 85 87 0 0
786 85 86 0 0
787 86 86 0 0
788 85 86 0 0
789 86 86 0 0
790 85 86 0 0
791 85 85 0 0
792 86 85 0 0
793 85 85 0 0
794 86 85 0 0
795 85 85 0 0
796 85 84 0 0
797 86 84 0 0
798 85 84 0 0
799 86 84 0 0
800 86 83 0 0
801 87 83 0 0
802 86 83 0 0
803 87 83 0 0
804 86 83 0 0
805 86 82 0 0
806 87 82 0 0
807 86 82 0 0
808 87 82 0 0
809 86 82 0 0
810 86 81 0 0
811 87 81 0 0
812 86 81 0 0
813 87 81 0 0
814 86 81 0 0
815 86 80 0 0
816 87 80 0 0
817 88 80 0 0
818 87 80 0 0
819 87 79 0 0
820 88 79 0 0
821 87 79 0 0
822 88 79 0 0
823 87 79 0 0
824 87 78 0 0
825 88 78 0 0
826 87 78 0 0
827 88 78 0 0
828 87 78 0 0
829 87 77 0 0
830 88 77 0 0
831 87 77 0 0
832 88 77 0 0
833 87 77 0 0
834 87 76 0 0
835 88 76 0 0
836 87 76 0 0
837 88 76 0 0
838 88 75 0 0
839 89 75 0 0
840 88 75 0 0
841 89 75 0 0
842 88 75 0 0
843 88 74 0 0
844 89 74 0 0
845 88 74 0 0
846 89 74 0 0
847 88 74 0 0
848 88 73 0 0
849 89 73 0 0
850 88 73 0 0
851 89 73 0 0
852 88 73 0 0
853 88 72 0 0
854 89 72 0 0
855 90 72 0 0
856 89 72 0 0
857 89 71 0 0
858 90 71 0 0
859 89 71 0 0
860 89 70 0 0
861 90 70 0 0
862 89 70 0 0
863 90 70 0 0
864 89 70 0 0
865 90 70 0 0
866 89 70 0 0
867 89 69 0 0
868 90 69 0 0
869 89 69 0 0
870 90 69 0 0
871 89 69 0 0
872 89 68 0 0
873 90 68 0 0
874 89 68 0 0
875 90 68 0 0
876 89 68 0 0
877 89 67 0 0
878 90 67 0 0
879 89 67 0 0
880 90 67 0 0
881 89 67 0 0
882 89 66 0 0
883 90 66 0 0
884 89 66 0 0
885 90 66 0 0
886 89 66 0 0
887 90 66 0 0
888 89 66 0 0
889 89 65 0 0
890 90 65 0 0
891 91 65 0 0
892 90 65 0 0
893 90 64 0 0
894 91 64 0 0
895 90 64 0 0
896 91 64 0 0
897 90 64 0 0
898 90 63 0 0
899 91 63 0 0
900 90 63 0 0
901 91 63 0 0
902 90 63 0 0
903 90 62 0 0
904 91 62 0 0
905 90 62 0 0
906 91 62 0 0
907 90 62 0 0
908 90 61 0 0
909 91 61 0 0
910 90 61 0 0
911 91 61 0 0
912 90 61 0 0
913 91 61 0 0
914 90 61 0 0
915 90 60 0 0
916 91 60 0 0
917 90 60 0 0
918 91 60 0 0
919 90 60 0 0
920 90 59 0 0
921 91 59 0 0
922 92 59 0 0
923 91 59 0 0
924 91 58 0 0
925 92 58 0 0
926 91 58 0 0
927 92 58 0 0
928 91 58 0 0
929 91 57 0 0
930 92 57 0 0
931 91 57 0 0
932 92 57 0 0
933 91 57 0 0
934 91 56 0 0
935 92 56 0 0
936 91 56 0 0
937 92 56 0 0
938 91 56 0 0
939 91 55 0 0
940 92 55 0 0
941 91 55 0 0
942 92 55 0 0
943 91 55 0 0
944 91 54 0 0
945 92 54 0 0
946 91 54 0 0
947 92 54 0 0
948 91 54 0 0
949 91 53 0 0
950 92 53 0 0
951 91 53 0 0
952 92 53 0 0
953 91 53 0 0
954 91 52 0 0
955 92 52 0 0
956 91 52 0 0
957 92 52 0 0
958 91 52 0 0
959 91 51 0 0
960 92 51 0 0
961 91 51 0 0
962 92 51 0 0
963 91 51 0 0
964 91 50 0 0
965 92 50 0 0
966 91 50 0 0
967 92 50 0 0
968 92 49 0 0
969 93 49 0 0
970 92 49 0 0
971 92 48 0 0
972 93 48 0 0
973 92 48 0 0
974 93 48 0 0
975 92 48 0 0
976 92 47 0 0
977 93 47 0 0
978 92 47 0 0
979 93 47 0 0
980 92 47 0 0
981 92 46 0 0
982 93 46 0 0
983 92 46 0 0
984 93 46 0 0
985 92 46 0 0
986 92 45 0 0
987 93 45 0 0
988 92 45 0 0
989 93 45 0 0
990 92 45 0 0
991 92 44 0 0
992 93 44 0 0
993 92 44 0 0
994 93 44 0 0
995 92 44 0 0
996 92 43 0 0
997 93 43 0 0
998 92 43 0 0
999 93 43 0 0
1000 92 43 0 0
1001 92 42 0 0
1002 93 42 0 0
1003 92 42 0 0
1004 93 42 0 0
1005 92 42 0 0
1006 92 41 0 0
1007 93 41 0 0
1008 92 41 0 0
1009 92 40 0 0
1010 93 40 0 0
1011 92 40 0 0
1012 93 40 0 0
1013 92 40 0 0
1014 92 39 0 0
1015 93 39 0 0
1016 92 39 0 0
1017 93 39 0 0
1018 92 39 0 0
1019 92 38 0 0
1020 93 38 0 0
1021 92 38 0 0
1022 92 37 0 0
1023 93 37 0 0
1024 92 37 0 0
1025 93 37 0 0
1026 92 37 0 0
1027 92 36 0 0
1028 93 36 0 0
1029 92 36 0 0
1030 93 36 0 0
1031 92 36 0 0
1032 92 35 0 0
1033 93 35 0 0
1034 92 35 0 0
1035 93 35 0 0
1036 92 35 0 0
1037 92 34 0 0
1038 93 34 0 0
1039 92 34 0 0
1040 92 33 0 0
1041 93 33 0 0
1042 92 33 0 0
1043 93 33 0 0
1044 92 33 0 0
1045 92 32 0 0
1046 93 32 0 0
1047 92 32 0 0
1048 93 32 0 0
1049 92 32 0 0
1050 92 31 0 0
1051 93 31 0 0
1052 92 31 0 0
1053 92 30 0 0
1054 93 30 0 0
1055 92 30 0 0
1056 93 30 0 0
1057 92 30 0 0
1058 92 29 0 0
1059 93 29 0 0
1060 92 29 0 0
1061 93 29 0 0
1062 92 29 0 0
1063 92 28 0 0
1064 93 28 0 0
1065 92 28 0 0
1066 93 28 0 0
1067 92 28 0 0
1068 92 27 0 0
1069 93 27 0 0
1070 92 27 0 0
1071 92 26 0 0
1072 93 26 0 0
1073 92 26 0 0
1074 93 26 0 0
1075 92 26 0 0
1076 92 25 0 0
1077 93 25 0 0
1078 92 25 0 0
1079 93 25 0 0
1080 92 25 0 0
1081 92 24 0 0
1082 93 24 0 0
