0 2 101 0 0
1 3 101 0 0
2 2 101 0 0
3 3 101 0 0
4 4 101 0 0
5 3 101 0 0
6 4 101 0 0
7 3 101 0 0
8 4 101 0 0
9 5 101 0 0
10 4 101 0 0
11 5 101 0 0
12 4 101 0 0
13 5 101 0 0
14 6 101 0 0
15 5 101 0 0
16 6 101 0 0
17 7 101 0 0
18 6 101 0 0
19 7 101 0 0
20 6 101 0 0
21 7 101 0 0
22 8 101 0 0
23 7 101 0 0
24 8 101 0 0
25 7 101 0 0
26 8 101 0 0
27 9 101 0 0
28 8 101 0 0
29 9 101 0 0
30 10 101 0 0
31 9 101 0 0
32 10 101 0 0
33 9 101 0 0
34 10 101 0 0
35 11 101 0 0
36 10 101 0 0
37 11 101 0 0
38 12 101 0 0
39 11 101 0 0
40 12 101 0 0
41 11 101 0 0
42 12 101 0 0
43 13 101 0 0
44 12 101 0 0
45 13 101 0 0
46 12 101 0 0
47 13 101 0 0
48 14 101 0 0
49 13 101 0 0
50 14 101 0 0
51 15 101 0 0
52 14 101 0 0
53 15 101 0 0
54 14 101 0 0
55 15 101 0 0
56 16 101 0 0
57 15 101 0 0
58 16 101 0 0
59 17 101 0 0
60 16 101 0 0
61 17 101 0 0
62 16 101 0 0
63 17 101 0 0
64 18 101 0 0
65 17 101 0 0
66 18 101 0 0
67 17 101 0 0
68 18 101 0 0
69 19 101 0 0
70 18 101 0 0
71 19 101 0 0
72 20 101 0 0
73 19 101 0 0
74 20 101 0 0
75 19 101 0 0
76 20 101 0 0
77 21 101 0 0
78 20 101 0 0
79 21 101 0 0
80 22 101 0 0
81 21 101 0 0
82 22 101 0 0
83 21 101 0 0
84 22 101 0 0
85 23 101 0 0
86 22 101 0 0
87 23 101 0 0
88 22 101 0 0
89 23 101 0 0
90 24 101 0 0
91 23 101 0 0
92 24 101 0 0
93 25 101 0 0
94 24 101 0 0
95 25 101 0 0
96 24 101 0 0
97 25 101 0 0
98 26 101 0 0
99 25 101 0 0
100 26 101 0 0
101 25 101 0 0
102 26 101 0 0
103 27 101 0 0
104 26 101 0 0
105 27 101 0 0
106 28 101 0 0
107 27 101 0 0
108 28 101 0 0
109 27 101 0 0
110 28 101 0 0
111 29 101 0 0
112 28 101 0 0
113 29 101 0 0
114 30 101 0 0
115 29 101 0 0
116 30 101 0 0
117 29 101 0 0
118 30 101 0 0
119 31 101 0 0
120 30 101 0 0
121 31 101 0 0
122 30 101 0 0
123 31 101 0 0
124 32 101 0 0
125 31 101 0 0
126 32 101 0 0
127 33 101 0 0
128 32 101 0 0
129 33 101 0 0
130 32 101 0 0
131 33 101 0 0
132 34 101 0 0
133 33 101 0 0
134 34 101 0 0
135 33 101 0 0
136 34 101 0 0
137 35 101 0 0
138 34 101 0 0
139 35 101 0 0
140 34 101 0 0
141 35 101 0 0
142 36 101 0 0
143 35 101 0 0
144 36 101 0 0
145 37 101 0 0
146 36 101 0 0
147 37 101 0 0
148 36 101 0 0
149 37 101 0 0
150 38 101 0 0
151 37 101 0 0
152 38 101 0 0
153 37 101 0 0
154 38 101 0 0
155 39 101 0 0
156 38 101 0 0
157 39 101 0 0
158 40 101 0 0
159 39 101 0 0
160 40 101 0 0
161 39 101 0 0
162 40 101 0 0
163 41 101 0 0
164 40 101 0 0
165 41 101 0 0
166 42 101 0 0
167 41 101 0 0
168 42 101 0 0
169 41 101 0 0
170 42 101 0 0
171 43 101 0 0
172 42 101 0 0
173 43 101 0 0
174 42 101 0 0
175 43 101 0 0
176 44 101 0 0
177 43 101 0 0
178 44 101 0 0
179 45 101 0 0
180 44 101 0 0
181 45 101 0 0
182 44 101 0 0
183 45 101 0 0
184 46 101 0 0
185 45 101 0 0
186 46 101 0 0
187 45 101 0 0
188 46 101 0 0
189 47 101 0 0
190 46 101 0 0
191 47 101 0 0
192 48 101 0 0
193 47 101 0 0
194 48 101 0 0
195 47 101 0 0
196 48 101 0 0
197 49 101 0 0
198 48 101 0 0
199 49 101 0 0
200 50 101 0 0
201 49 101 0 0
202 50 101 0 0
203 49 101 0 0
204 50 101 0 0
205 51 101 0 0
206 50 101 0 0
207 50 100 0 0
208 51 100 0 0
209 52 100 0 0
210 51 100 0 0
211 52 100 0 0
212 51 100 0 0
213 52 100 0 0
214 51 100 0 0
215 52 100 0 0
216 53 100 0 0
217 52 100 0 0
218 53 100 0 0
219 52 100 0 0
220 53 100 0 0
221 54 100 0 0
222 53 100 0 0
223 53 99 0 0
224 54 99 0 0
225 53 99 0 0
226 54 99 0 0
227 55 99 0 0
228 54 99 0 0
229 55 99 0 0
230 54 99 0 0
231 55 99 0 0
232 56 99 0 0
233 55 99 0 0
234 56 99 0 0
235 57 99 0 0
236 56 99 0 0
237 57 99 0 0
238 56 99 0 0
239 56 98 0 0
240 57 98 0 0
241 56 98 0 0
242 57 98 0 0
243 58 98 0 0
244 57 98 0 0
245 58 98 0 0
246 57 98 0 0
247 58 98 0 0
248 59 98 0 0
249 58 98 0 0
250 59 98 0 0
251 58 98 0 0
252 59 98 0 0
253 60 98 0 0
254 59 98 0 0
255 59 97 0 0
256 60 97 0 0
257 59 97 0 0
258 60 97 0 0
259 61 97 0 0
260 60 97 0 0
261 61 97 0 0
262 60 97 0 0
263 61 97 0 0
264 62 97 0 0
265 61 97 0 0
266 62 97 0 0
267 61 97 0 0
268 62 97 0 0
269 63 97 0 0
270 62 97 0 0
271 62 96 0 0
272 63 96 0 0
273 62 96 0 0
274 63 96 0 0
275 64 96 0 0
276 63 96 0 0
277 64 96 0 0
278 63 96 0 0
279 64 96 0 0
280 65 96 0 0
281 64 96 0 0
282 65 96 0 0
283 64 96 0 0
284 65 96 0 0
285 66 96 0 0
286 65 96 0 0
287 65 95 0 0
288 66 95 0 0
289 65 95 0 0
290 66 95 0 0
291 65 95 0 0
292 66 95 0 0
293 67 95 0 0
294 66 95 0 0
295 67 95 0 0
296 68 95 0 0
297 67 95 0 0
298 68 95 0 0
299 67 95 0 0
300 68 95 0 0
301 67 95 0 0
302 68 95 0 0
303 68 94 0 0
304 69 94 0 0
305 68 94 0 0
306 69 94 0 0
307 70 94 0 0
308 69 94 0 0
309 70 94 0 0
310 69 94 0 0
311 70 94 0 0
312 71 94 0 0
313 70 94 0 0
314 71 94 0 0
315 70 94 0 0
316 71 94 0 0
317 72 94 0 0
318 71 94 0 0
319 71 93 0 0
320 72 93 0 0
321 71 93 0 0
322 72 93 0 0
323 73 93 0 0
324 72 93 0 0
325 73 93 0 0
326 72 93 0 0
327 73 93 0 0
328 72 93 0 0
329 73 93 0 0
330 74 93 0 0
331 73 93 0 0
332 74 93 0 0
333 75 93 0 0
334 74 93 0 0
335 74 92 0 0
336 75 92 0 0
337 74 92 0 0
338 75 92 0 0
339 74 92 0 0
340 75 92 0 0
341 76 92 0 0
342 75 92 0 0
343 76 92 0 0
344 77 92 0 0
345 76 92 0 0
346 77 92 0 0
347 76 92 0 0
348 77 92 0 0
349 78 92 0 0
350 77 92 0 0
351 77 91 0 0
352 78 91 0 0
353 77 91 0 0
354 78 91 0 0
355 77 91 0 0
356 78 91 0 0
357 79 91 0 0
358 78 91 0 0
359 79 91 0 0
360 80 91 0 0
361 79 91 0 0
362 80 91 0 0
363 79 91 0 0
364 79 90 0 0
365 80 90 0 0
366 79 90 0 0
367 80 90 0 0
368 81 90 0 0
369 80 90 0 0
370 81 90 0 0
371 80 90 0 0
372 81 90 0 0
373 82 90 0 0
374 81 90 0 0
375 81 89 0 0
376 82 89 0 0
377 81 89 0 0
378 82 89 0 0
379 81 89 0 0
380 82 89 0 0
381 83 89 0 0
382 82 89 0 0
383 83 89 0 0
384 82 89 0 0
385 83 89 0 0
386 82 89 0 0
387 82 88 0 0
388 83 88 0 0
389 84 88 0 0
390 83 88 0 0
391 84 88 0 0
392 83 88 0 0
393 84 88 0 0
394 85 88 0 0
395 84 88 0 0
396 85 88 0 0
397 84 88 0 0
398 84 87 0 0
399 85 87 0 0
400 86 87 0 0
401 85 87 0 0
402 86 87 0 0
403 85 87 0 0
404 86 87 0 0
405 85 87 0 0
406 86 87 0 0
407 87 87 0 0
408 86 87 0 0
409 86 86 0 0
410 87 86 0 0
411 86 86 0 0
412 87 86 0 0
413 88 86 0 0
414 87 86 0 0
415 88 86 0 0
416 87 86 0 0
417 88 86 0 0
418 87 86 0 0
419 88 86 0 0
420 88 85 0 0
421 89 85 0 0
422 88 85 0 0
423 89 85 0 0
424 88 85 0 0
425 89 85 0 0
426 90 85 0 0
427 89 85 0 0
428 90 85 0 0
429 89 85 0 0
430 90 85 0 0
431 90 84 0 0
432 91 84 0 0
433 90 84 0 0
434 91 84 0 0
435 90 84 0 0
436 91 84 0 0
437 92 84 0 0
438 91 84 0 0
439 92 84 0 0
440 91 84 0 0
441 92 84 0 0
442 91 84 0 0
443 91 83 0 0
444 92 83 0 0
445 93 83 0 0
446 92 83 0 0
447 93 83 0 0
448 92 83 0 0
449 93 83 0 0
450 92 83 0 0
451 93 83 0 0
452 94 83 0 0
453 93 83 0 0
454 93 82 0 0
455 94 82 0 0
456 93 82 0 0
457 94 82 0 0
458 95 82 0 0
459 94 82 0 0
460 95 82 0 0
461 94 82 0 0
462 95 82 0 0
463 95 81 0 0
464 96 81 0 0
465 95 81 0 0
466 95 82 0 0
467 96 82 0 0
468 95 82 0 0
469 96 82 0 0
470 97 82 0 0
471 96 82 0 0
472 97 82 0 0
473 96 82 0 0
474 97 82 0 0
475 96 82 0 0
476 97 82 0 0
477 98 82 0 0
478 97 82 0 0
479 98 82 0 0
480 97 82 0 0
481 98 82 0 0
482 97 82 0 0
483 98 82 0 0
484 99 82 0 0
485 98 82 0 0
486 99 82 0 0
487 98 82 0 0
488 99 82 0 0
489 100 82 0 0
490 99 82 0 0
491 100 82 0 0
492 99 82 0 0
493 100 82 0 0
494 99 82 0 0
495 100 82 0 0
496 101 82 0 0
497 100 82 0 0
498 101 82 0 0
499 100 82 0 0
500 101 82 0 0
501 102 82 0 0
502 101 82 0 0
503 102 82 0 0
504 101 82 0 0
505 102 82 0 0
506 101 82 0 0
507 102 82 0 0
508 103 82 0 0
509 102 82 0 0
510 103 82 0 0
511 102 82 0 0
512 103 82 0 0
513 102 82 0 0
514 103 82 0 0
515 104 82 0 0
516 103 82 0 0
517 104 82 0 0
518 103 82 0 0
519 103 83 0 0
520 104 83 0 0
521 103 83 0 0
522 104 83 0 0
523 105 83 0 0
524 104 83 0 0
525 105 83 0 0
526 104 83 0 0
527 105 83 0 0
528 106 83 0 0
529 105 83 0 0
530 106 83 0 0
531 105 83 0 0
532 106 83 0 0
533 105 83 0 0
534 106 83 0 0
535 107 83 0 0
536 106 83 0 0
537 107 83 0 0
538 106 83 0 0
539 107 83 0 0
540 106 83 0 0
541 107 83 0 0
542 108 83 0 0
543 107 83 0 0
544 108 83 0 0
545 107 83 0 0
546 108 83 0 0
547 109 83 0 0
548 108 83 0 0
549 109 83 0 0
550 108 83 0 0
551 109 83 0 0
552 108 83 0 0
553 109 83 0 0
554 109 84 0 0
555 110 84 0 0
556 109 84 0 0
557 110 84 0 0
558 109 84 0 0
559 110 84 0 0
560 111 84 0 0
561 110 84 0 0
562 111 84 0 0
563 110 84 0 0
564 111 84 0 0
565 110 84 0 0
566 111 84 0 0
567 112 84 0 0
568 111 84 0 0
569 112 84 0 0
570 111 84 0 0
571 112 84 0 0
572 113 84 0 0
573 112 84 0 0
574 113 84 0 0
575 112 84 0 0
576 113 84 0 0
577 112 84 0 0
578 113 84 0 0
579 114 84 0 0
580 113 84 0 0
581 114 84 0 0
582 113 84 0 0
583 114 84 0 0
584 113 84 0 0
585 114 84 0 0
586 115 84 0 0
587 114 84 0 0
588 115 84 0 0
589 114 84 0 0
590 114 85 0 0
591 115 85 0 0
592 114 85 0 0
593 115 85 0 0
594 116 85 0 0
595 115 85 0 0
596 116 85 0 0
597 115 85 0 0
598 116 85 0 0
599 115 85 0 0
600 115 86 0 0
601 116 86 0 0
602 117 86 0 0
603 116 86 0 0
604 117 86 0 0
605 116 86 0 0
606 117 86 0 0
607 116 86 0 0
608 117 86 0 0
609 116 86 0 0
610 116 87 0 0
611 117 87 0 0
612 118 87 0 0
613 117 87 0 0
614 118 87 0 0
615 117 87 0 0
616 118 87 0 0
617 117 87 0 0
618 118 87 0 0
619 118 88 0 0
620 119 88 0 0
621 118 88 0 0
622 119 88 0 0
623 118 88 0 0
624 119 88 0 0
625 118 88 0 0
626 119 88 0 0
627 118 88 0 0
628 119 88 0 0
629 119 89 0 0
630 120 89 0 0
631 119 89 0 0
632 120 89 0 0
633 119 89 0 0
634 120 89 0 0
635 119 89 0 0
636 120 89 0 0
637 119 89 0 0
638 120 89 0 0
639 120 90 0 0
640 121 90 0 0
641 120 90 0 0
642 121 90 0 0
643 120 90 0 0
644 121 90 0 0
645 120 90 0 0
646 121 90 0 0
647 122 90 0 0
648 121 90 0 0
649 121 91 0 0
650 122 91 0 0
651 121 91 0 0
652 122 91 0 0
653 121 91 0 0
654 122 91 0 0
655 121 91 0 0
656 122 91 0 0
657 123 91 0 0
658 122 91 0 0
659 122 92 0 0
660 123 92 0 0
661 122 92 0 0
662 123 92 0 0
663 122 92 0 0
664 123 92 0 0
665 122 92 0 0
666 123 92 0 0
667 124 92 0 0
668 123 92 0 0
669 123 93 0 0
670 124 93 0 0
671 123 93 0 0
672 124 93 0 0
673 125 93 0 0
674 124 93 0 0
675 125 93 0 0
676 124 93 0 0
677 125 93 0 0
678 124 93 0 0
679 125 93 0 0
680 126 93 0 0
681 125 93 0 0
682 126 93 0 0
683 125 93 0 0
684 126 93 0 0
685 125 93 0 0
686 126 93 0 0
687 127 93 0 0
688 126 93 0 0
689 127 93 0 0
690 126 93 0 0
691 127 93 0 0
692 128 93 0 0
693 127 93 0 0
694 128 93 0 0
695 127 93 0 0
696 128 93 0 0
697 127 93 0 0
698 128 93 0 0
699 129 93 0 0
700 128 93 0 0
701 129 93 0 0
702 128 93 0 0
703 129 93 0 0
704 130 93 0 0
705 129 93 0 0
706 130 93 0 0
707 129 93 0 0
708 130 93 0 0
709 129 93 0 0
710 130 93 0 0
711 131 93 0 0
712 130 93 0 0
713 131 93 0 0
714 130 93 0 0
715 131 93 0 0
716 132 93 0 0
717 131 93 0 0
718 132 93 0 0
719 131 93 0 0
720 132 93 0 0
721 131 93 0 0
722 132 93 0 0
723 131 93 0 0
724 132 93 0 0
725 133 93 0 0
726 132 93 0 0
727 133 93 0 0
728 132 93 0 0
729 132 94 0 0
730 133 94 0 0
731 132 94 0 0
732 133 94 0 0
733 134 94 0 0
734 133 94 0 0
735 134 94 0 0
736 133 94 0 0
737 134 94 0 0
738 135 94 0 0
739 134 94 0 0
740 135 94 0 0
741 134 94 0 0
742 135 94 0 0
743 134 94 0 0
744 134 95 0 0
745 135 95 0 0
746 134 95 0 0
747 135 95 0 0
748 136 95 0 0
749 135 95 0 0
750 136 95 0 0
751 135 95 0 0
752 136 95 0 0
753 137 95 0 0
754 136 95 0 0
755 137 95 0 0
756 136 95 0 0
757 137 95 0 0
758 136 95 0 0
759 137 95 0 0
760 136 95 0 0
761 136 96 0 0
762 137 96 0 0
763 138 96 0 0
764 137 96 0 0
765 138 96 0 0
766 137 96 0 0
767 138 96 0 0
768 139 96 0 0
769 138 96 0 0
770 139 96 0 0
771 138 96 0 0
772 139 96 0 0
773 138 96 0 0
774 139 96 0 0
775 140 96 0 0
776 139 96 0 0
777 140 96 0 0
778 139 96 0 0
779 140 96 0 0
780 139 96 0 0
781 140 96 0 0
782 139 96 0 0
783 140 96 0 0
784 141 96 0 0
785 140 96 0 0
786 141 96 0 0
787 140 96 0 0
788 141 96 0 0
789 140 96 0 0
790 141 96 0 0
791 142 96 0 0
792 141 96 0 0
793 142 96 0 0
794 141 96 0 0
795 142 96 0 0
796 141 96 0 0
797 142 96 0 0
798 141 96 0 0
799 142 96 0 0
800 143 96 0 0
801 142 96 0 0
802 143 96 0 0
803 142 96 0 0
804 143 96 0 0
805 142 96 0 0
806 143 96 0 0
807 144 96 0 0
808 143 96 0 0
809 144 96 0 0
810 143 96 0 0
811 144 96 0 0
812 143 96 0 0
813 144 96 0 0
814 145 96 0 0
815 144 96 0 0
816 145 96 0 0
817 144 96 0 0
818 145 96 0 0
819 144 96 0 0
820 145 96 0 0
821 144 96 0 0
822 145 96 0 0
823 146 96 0 0
824 145 96 0 0
825 146 96 0 0
826 145 96 0 0
827 146 96 0 0
828 145 96 0 0
829 146 96 0 0
830 145 96 0 0
831 146 96 0 0
832 147 96 0 0
833 146 96 0 0
834 147 96 0 0
835 146 96 0 0
836 147 96 0 0
837 148 96 0 0
838 147 96 0 0
839 148 96 0 0
840 147 96 0 0
841 148 96 0 0
842 147 96 0 0
843 148 96 0 0
844 149 96 0 0
845 148 96 0 0
846 149 96 0 0
847 148 96 0 0
848 149 96 0 0
849 150 96 0 0
850 149 96 0 0
851 150 96 0 0
852 149 96 0 0
853 150 96 0 0
854 149 96 0 0
855 150 96 0 0
856 149 96 0 0
857 150 96 0 0
858 151 96 0 0
859 150 96 0 0
860 151 96 0 0
861 150 96 0 0
862 151 96 0 0
863 152 96 0 0
864 151 96 0 0
865 152 96 0 0
866 151 96 0 0
867 152 96 0 0
868 151 96 0 0
869 152 96 0 0
870 153 96 0 0
871 152 96 0 0
872 153 96 0 0
873 152 96 0 0
874 153 96 0 0
875 152 96 0 0
876 153 96 0 0
877 152 96 0 0
878 153 96 0 0
879 154 96 0 0
880 153 96 0 0
881 154 96 0 0
882 153 96 0 0
883 154 96 0 0
884 155 96 0 0
885 154 96 0 0
886 155 96 0 0
887 154 96 0 0
888 155 96 0 0
889 154 96 0 0
890 155 96 0 0
891 156 96 0 0
892 155 96 0 0
893 156 96 0 0
894 155 96 0 0
895 156 96 0 0
896 157 96 0 0
897 156 96 0 0
898 157 96 0 0
899 156 96 0 0
900 156 97 0 0
901 157 97 0 0
902 156 97 0 0
903 157 97 0 0
904 158 97 0 0
905 157 97 0 0
906 158 97 0 0
907 157 97 0 0
908 158 97 0 0
909 159 97 0 0
910 158 97 0 0
911 159 97 0 0
912 158 97 0 0
913 159 97 0 0
914 158 97 0 0
915 159 97 0 0
916 160 97 0 0
917 159 97 0 0
918 160 97 0 0
919 159 97 0 0
920 160 97 0 0
921 159 97 0 0
922 160 97 0 0
923 161 97 0 0
924 160 97 0 0
925 161 97 0 0
926 160 97 0 0
927 161 97 0 0
928 162 97 0 0
929 161 97 0 0
930 162 97 0 0
931 161 97 0 0
932 162 97 0 0
933 163 97 0 0
934 162 97 0 0
935 163 97 0 0
936 162 97 0 0
937 163 97 0 0
938 162 97 0 0
939 163 97 0 0
940 164 97 0 0
941 163 97 0 0
942 164 97 0 0
943 163 97 0 0
944 164 97 0 0
945 165 97 0 0
946 164 97 0 0
947 165 97 0 0
948 164 97 0 0
949 165 97 0 0
950 164 97 0 0
951 165 97 0 0
952 166 97 0 0
953 165 97 0 0
954 166 97 0 0
955 165 97 0 0
956 166 97 0 0
957 165 97 0 0
958 166 97 0 0
959 167 97 0 0
960 166 97 0 0
961 167 97 0 0
962 166 97 0 0
963 167 97 0 0
964 168 97 0 0
965 167 97 0 0
966 168 97 0 0
967 167 97 0 0
968 168 97 0 0
969 169 97 0 0
970 168 97 0 0
971 169 97 0 0
972 168 97 0 0
973 169 97 0 0
974 170 97 0 0
975 169 97 0 0
976 170 97 0 0
977 169 97 0 0
978 170 97 0 0
979 171 97 0 0
980 170 97 0 0
981 171 97 0 0
982 170 97 0 0
983 171 97 0 0
984 172 97 0 0
985 171 97 0 0
986 172 97 0 0
987 171 97 0 0
988 172 97 0 0
989 173 97 0 0
990 172 97 0 0
991 173 97 0 0
992 172 97 0 0
993 173 97 0 0
994 172 97 0 0
995 173 97 0 0
996 174 97 0 0
997 173 97 0 0
998 174 97 0 0
999 175 97 0 0
1000 174 97 0 0
1001 175 97 0 0
1002 174 97 0 0
1003 175 97 0 0
1004 174 97 0 0
1005 175 97 0 0
1006 176 97 0 0
1007 175 97 0 0
1008 176 97 0 0
1009 177 97 0 0
1010 176 97 0 0
1011 177 97 0 0
1012 176 97 0 0
1013 177 97 0 0
1014 176 97 0 0
1015 177 97 0 0
1016 178 97 0 0
1017 177 97 0 0
1018 178 97 0 0
1019 177 97 0 0
1020 178 97 0 0
1021 179 97 0 0
1022 178 97 0 0
1023 179 97 0 0
1024 178 97 0 0
1025 179 97 0 0
1026 180 97 0 0
1027 179 97 0 0
1028 180 97 0 0
1029 179 97 0 0
1030 180 97 0 0
1031 181 97 0 0
1032 180 97 0 0
1033 181 97 0 0
1034 180 97 0 0
1035 181 97 0 0
1036 182 97 0 0
1037 181 97 0 0
1038 182 97 0 0
1039 181 97 0 0
1040 182 97 0 0
1041 183 97 0 0
1042 182 97 0 0
1043 183 97 0 0
1044 182 97 0 0
1045 183 97 0 0
1046 182 97 0 0
1047 183 97 0 0
1048 184 97 0 0
1049 183 97 0 0
1050 184 97 0 0
1051 185 97 0 0
1052 184 97 0 0
1053 184 98 0 0
1054 185 98 0 0
1055 184 98 0 0
1056 185 98 0 0
1057 184 98 0 0
1058 185 98 0 0
1059 186 98 0 0
1060 185 98 0 0
1061 186 98 0 0
1062 185 98 0 0
1063 186 98 0 0
1064 185 98 0 0
1065 186 98 0 0
1066 187 98 0 0
1067 186 98 0 0
1068 187 98 0 0
1069 188 98 0 0
1070 187 98 0 0
1071 188 98 0 0
1072 187 98 0 0
1073 188 98 0 0
1074 187 98 0 0
1075 188 98 0 0
1076 189 98 0 0
1077 188 98 0 0
1078 189 98 0 0
1079 190 98 0 0
1080 189 98 0 0
1081 190 98 0 0
1082 189 98 0 0
1083 190 98 0 0
1084 189 98 0 0
1085 190 98 0 0
1086 191 98 0 0
1087 190 98 0 0
1088 191 98 0 0
1089 190 98 0 0
1090 191 98 0 0
1091 192 98 0 0
1092 191 98 0 0
1093 192 98 0 0
1094 191 98 0 0
1095 192 98 0 0
1096 193 98 0 0
1097 192 98 0 0
1098 193 98 0 0
1099 192 98 0 0
1100 193 98 0 0
1101 192 98 0 0
1102 193 98 0 0
1103 194 98 0 0
1104 193 98 0 0
1105 194 98 0 0
1106 193 98 0 0
1107 194 98 0 0
1108 195 98 0 0
1109 194 98 0 0
1110 195 98 0 0
1111 194 98 0 0
1112 195 98 0 0
