0 101 6 0 0
1 101 7 0 0
2 102 7 0 0
3 101 7 0 0
4 102 7 0 0
5 101 7 0 0
6 101 8 0 0
7 102 8 0 0
8 101 8 0 0
9 102 8 0 0
10 101 8 0 0
11 101 9 0 0
12 102 9 0 0
13 101 9 0 0
14 102 9 0 0
15 101 9 0 0
16 101 10 0 0
17 102 10 0 0
18 101 10 0 0
19 102 10 0 0
20 101 10 0 0
21 102 10 0 0
22 101 10 0 0
23 102 10 0 0
24 101 10 0 0
25 101 11 0 0
26 102 11 0 0
27 101 11 0 0
28 102 11 0 0
29 101 11 0 0
30 101 12 0 0
31 100 12 0 0
32 100 13 0 0
33 101 13 0 0
34 100 13 0 0
35 101 13 0 0
36 100 13 0 0
37 101 13 0 0
38 100 13 0 0
39 100 14 0 0
40 101 14 0 0
41 100 14 0 0
42 101 14 0 0
43 100 14 0 0
44 100 15 0 0
45 101 15 0 0
46 100 15 0 0
47 101 15 0 0
48 100 15 0 0
49 100 16 0 0
50 101 16 0 0
51 100 16 0 0
52 101 16 0 0
53 100 16 0 0
54 101 16 0 0
55 100 16 0 0
56 101 16 0 0
57 100 16 0 0
58 100 17 0 0
59 101 17 0 0
60 100 17 0 0
61 101 17 0 0
62 100 17 0 0
63 100 18 0 0
64 101 18 0 0
65 100 18 0 0
66 101 18 0 0
67 100 18 0 0
68 101 18 0 0
69 100 18 0 0
70 100 19 0 0
71 101 19 0 0
72 100 19 0 0
73 101 19 0 0
74 100 19 0 0
75 100 20 0 0
76 101 20 0 0
77 100 20 0 0
78 101 20 0 0
79 100 20 0 0
80 100 21 0 0
81 101 21 0 0
82 100 21 0 0
83 101 21 0 0
84 100 21 0 0
85 101 21 0 0
86 100 21 0 0
87 100 22 0 0
88 101 22 0 0
89 100 22 0 0
90 100 23 0 0
91 101 23 0 0
92 100 23 0 0
93 101 23 0 0
94 100 23 0 0
95 101 23 0 0
96 100 23 0 0
97 100 24 0 0
98 101 24 0 0
99 100 24 0 0
100 101 24 0 0
101 100 24 0 0
102 101 24 0 0
103 100 24 0 0
104 100 25 0 0
105 101 25 0 0
106 100 25 0 0
107 101 25 0 0
108 100 25 0 0
109 100 26 0 0
110 101 26 0 0
111 100 26 0 0
112 101 26 0 0
113 100 26 0 0
114 100 27 0 0
115 101 27 0 0
116 100 27 0 0
117 101 27 0 0
118 100 27 0 0
119 101 27 0 0
120 100 27 0 0
121 100 28 0 0
122 101 28 0 0
123 100 28 0 0
124 101 28 0 0
125 100 28 0 0
126 100 29 0 0
127 101 29 0 0
128 100 29 0 0
129 101 29 0 0
130 100 29 0 0
131 101 29 0 0
132 100 29 0 0
133 100 30 0 0
134 101 30 0 0
135 100 30 0 0
136 101 30 0 0
137 100 30 0 0
138 100 31 0 0
139 101 31 0 0
140 100 31 0 0
141 101 31 0 0
142 100 31 0 0
143 101 31 0 0
144 100 31 0 0
145 100 32 0 0
146 101 32 0 0
147 100 32 0 0
148 101 32 0 0
149 100 32 0 0
150 101 32 0 0
151 100 32 0 0
152 100 33 0 0
153 101 33 0 0
154 100 33 0 0
155 101 33 0 0
156 100 33 0 0
157 100 34 0 0
158 101 34 0 0
159 100 34 0 0
160 101 34 0 0
161 100 34 0 0
162 101 34 0 0
163 100 34 0 0
164 100 35 0 0
165 101 35 0 0
166 100 35 0 0
167 101 35 0 0
168 100 35 0 0
169 101 35 0 0
170 100 35 0 0
171 100 36 0 0
172 101 36 0 0
173 100 36 0 0
174 101 36 0 0
175 100 36 0 0
176 100 37 0 0
177 101 37 0 0
178 100 37 0 0
179 101 37 0 0
180 100 37 0 0
181 101 37 0 0
182 100 37 0 0
183 100 38 0 0
184 101 38 0 0
185 100 38 0 0
186 101 38 0 0
187 100 38 0 0
188 101 38 0 0
189 100 38 0 0
190 100 39 0 0
191 101 39 0 0
192 100 39 0 0
193 101 39 0 0
194 100 39 0 0
195 100 40 0 0
196 101 40 0 0
197 100 40 0 0
198 101 40 0 0
199 100 40 0 0
200 101 40 0 0
201 100 40 0 0
202 100 41 0 0
203 101 41 0 0
204 100 41 0 0
205 101 41 0 0
206 102 41 0 0
207 101 41 0 0
208 101 42 0 0
209 102 42 0 0
210 101 42 0 0
211 102 42 0 0
212 101 42 0 0
213 102 42 0 0
214 101 42 0 0
215 102 42 0 0
216 101 42 0 0
217 102 42 0 0
218 101 42 0 0
219 101 43 0 0
220 102 43 0 0
221 101 43 0 0
222 102 43 0 0
223 101 43 0 0
224 102 43 0 0
225 101 43 0 0
226 102 43 0 0
227 101 43 0 0
228 102 43 0 0
229 101 43 0 0
230 101 44 0 0
231 102 44 0 0
232 101 44 0 0
233 102 44 0 0
234 101 44 0 0
235 102 44 0 0
236 101 44 0 0
237 102 44 0 0
238 101 44 0 0
239 101 45 0 0
240 102 45 0 0
241 101 45 0 0
242 102 45 0 0
243 101 45 0 0
244 102 45 0 0
245 101 45 0 0
246 102 45 0 0
247 101 45 0 0
248 102 45 0 0
249 101 45 0 0
250 102 45 0 0
251 101 45 0 0
252 101 46 0 0
253 102 46 0 0
254 101 46 0 0
255 102 46 0 0
256 101 46 0 0
257 101 47 0 0
258 102 47 0 0
259 101 47 0 0
260 102 47 0 0
261 101 47 0 0
262 102 47 0 0
263 101 47 0 0
264 101 48 0 0
265 102 48 0 0
266 101 48 0 0
267 102 48 0 0
268 101 48 0 0
269 102 48 0 0
270 101 48 0 0
271 101 49 0 0
272 102 49 0 0
273 101 49 0 0
274 102 49 0 0
275 101 49 0 0
276 102 49 0 0
277 101 49 0 0
278 101 50 0 0
279 102 50 0 0
280 101 50 0 0
281 102 50 0 0
282 101 50 0 0
283 102 50 0 0
284 101 50 0 0
285 101 51 0 0
286 102 51 0 0
287 101 51 0 0
288 102 51 0 0
289 101 51 0 0
290 102 51 0 0
291 101 51 0 0
292 101 52 0 0
293 102 52 0 0
294 101 52 0 0
295 102 52 0 0
296 101 52 0 0
297 102 52 0 0
298 101 52 0 0
299 101 53 0 0
300 102 53 0 0
301 101 53 0 0
302 102 53 0 0
303 101 53 0 0
304 101 54 0 0
305 102 54 0 0
306 101 54 0 0
307 102 54 0 0
308 101 54 0 0
309 101 55 0 0
310 102 55 0 0
311 101 55 0 0
312 102 55 0 0
313 101 55 0 0
314 101 56 0 0
315 102 56 0 0
316 101 56 0 0
317 102 56 0 0
318 101 56 0 0
319 101 57 0 0
320 102 57 0 0
321 101 57 0 0
322 102 57 0 0
323 101 57 0 0
324 102 57 0 0
325 101 57 0 0
326 101 58 0 0
327 102 58 0 0
328 101 58 0 0
329 102 58 0 0
330 103 58 0 0
331 102 58 0 0
332 103 58 0 0
333 102 58 0 0
334 102 59 0 0
335 103 59 0 0
336 102 59 0 0
337 103 59 0 0
338 102 59 0 0
339 103 59 0 0
340 102 59 0 0
341 102 60 0 0
342 103 60 0 0
343 102 60 0 0
344 103 60 0 0
345 102 60 0 0
346 103 60 0 0
347 102 60 0 0
348 102 61 0 0
349 103 61 0 0
350 102 61 0 0
351 103 61 0 0
352 102 61 0 0
353 103 61 0 0
354 102 61 0 0
355 102 62 0 0
356 103 62 0 0
357 102 62 0 0
358 103 62 0 0
359 104 62 0 0
360 103 62 0 0
361 103 63 0 0
362 104 63 0 0
363 103 63 0 0
364 104 63 0 0
365 103 63 0 0
366 104 63 0 0
367 103 63 0 0
368 103 64 0 0
369 104 64 0 0
370 103 64 0 0
371 104 64 0 0
372 103 64 0 0
373 103 65 0 0
374 104 65 0 0
375 103 65 0 0
376 104 65 0 0
377 103 65 0 0
378 103 66 0 0
379 104 66 0 0
380 103 66 0 0
381 104 66 0 0
382 103 66 0 0
383 104 66 0 0
384 103 66 0 0
385 103 67 0 0
386 104 67 0 0
387 103 67 0 0
388 104 67 0 0
389 103 67 0 0
390 103 68 0 0
391 104 68 0 0
392 103 68 0 0
393 104 68 0 0
394 103 68 0 0
395 104 68 0 0
396 103 68 0 0
397 103 69 0 0
398 104 69 0 0
399 103 69 0 0
400 104 69 0 0
401 104 70 0 0
402 105 70 0 0
403 104 70 0 0
404 105 70 0 0
405 104 70 0 0
406 104 71 0 0
407 105 71 0 0
408 104 71 0 0
409 105 71 0 0
410 104 71 0 0
411 105 71 0 0
412 104 71 0 0
413 104 72 0 0
414 105 72 0 0
415 104 72 0 0
416 105 72 0 0
417 104 72 0 0
418 104 73 0 0
419 105 73 0 0
420 104 73 0 0
421 105 73 0 0
422 104 73 0 0
423 105 73 0 0
424 104 73 0 0
425 104 74 0 0
426 105 74 0 0
427 104 74 0 0
428 105 74 0 0
429 104 74 0 0
430 104 75 0 0
431 105 75 0 0
432 104 75 0 0
433 105 75 0 0
434 104 75 0 0
435 104 76 0 0
436 105 76 0 0
437 106 76 0 0
438 105 76 0 0
439 106 76 0 0
440 105 76 0 0
441 105 77 0 0
442 106 77 0 0
443 105 77 0 0
444 106 77 0 0
445 107 77 0 0
446 106 77 0 0
447 107 77 0 0
448 106 77 0 0
449 106 78 0 0
450 107 78 0 0
451 106 78 0 0
452 107 78 0 0
453 108 78 0 0
454 107 78 0 0
455 107 79 0 0
456 108 79 0 0
457 107 79 0 0
458 108 79 0 0
459 109 79 0 0
460 108 79 0 0
461 108 80 0 0
462 109 80 0 0
463 108 80 0 0
464 109 80 0 0
465 108 80 0 0
466 109 80 0 0
467 110 80 0 0
468 109 80 0 0
469 109 81 0 0
470 110 81 0 0
471 109 81 0 0
472 110 81 0 0
473 111 81 0 0
474 110 81 0 0
475 110 82 0 0
476 111 82 0 0
477 110 82 0 0
478 111 82 0 0
479 110 82 0 0
480 111 82 0 0
481 111 83 0 0
482 112 83 0 0
483 111 83 0 0
484 112 83 0 0
485 111 83 0 0
486 111 84 0 0
487 112 84 0 0
488 113 84 0 0
489 112 84 0 0
490 112 85 0 0
491 113 85 0 0
492 112 85 0 0
493 113 85 0 0
494 112 85 0 0
495 112 86 0 0
496 113 86 0 0
497 114 86 0 0
498 113 86 0 0
499 114 86 0 0
500 113 86 0 0
501 113 87 0 0
502 114 87 0 0
503 113 87 0 0
504 114 87 0 0
505 113 87 0 0
506 114 87 0 0
507 113 87 0 0
508 114 87 0 0
509 115 87 0 0
510 114 87 0 0
511 115 87 0 0
512 114 87 0 0
513 114 88 0 0
514 115 88 0 0
515 114 88 0 0
516 115 88 0 0
517 116 88 0 0
518 115 88 0 0
519 116 88 0 0
520 115 88 0 0
521 116 88 0 0
522 115 88 0 0
523 116 88 0 0
524 117 88 0 0
525 116 88 0 0
526 117 88 0 0
527 118 88 0 0
528 117 88 0 0
529 117 89 0 0
530 118 89 0 0
531 117 89 0 0
532 118 89 0 0
533 117 89 0 0
534 118 89 0 0
535 119 89 0 0
536 118 89 0 0
537 119 89 0 0
538 118 89 0 0
539 119 89 0 0
540 118 89 0 0
541 118 90 0 0
542 119 90 0 0
543 118 90 0 0
544 119 90 0 0
545 118 90 0 0
546 119 90 0 0
547 118 90 0 0
548 118 91 0 0
549 119 91 0 0
550 118 91 0 0
551 119 91 0 0
552 118 91 0 0
553 119 91 0 0
554 118 91 0 0
555 118 92 0 0
556 119 92 0 0
557 118 92 0 0
558 119 92 0 0
559 120 92 0 0
560 119 92 0 0
561 119 93 0 0
562 120 93 0 0
563 119 93 0 0
564 120 93 0 0
565 119 93 0 0
566 120 93 0 0
567 119 93 0 0
568 119 94 0 0
569 120 94 0 0
570 119 94 0 0
571 120 94 0 0
572 119 94 0 0
573 120 94 0 0
574 119 94 0 0
575 119 95 0 0
576 120 95 0 0
577 119 95 0 0
578 120 95 0 0
579 119 95 0 0
580 120 95 0 0
581 119 95 0 0
582 120 95 0 0
583 119 95 0 0
584 119 96 0 0
585 120 96 0 0
586 119 96 0 0
587 120 96 0 0
588 119 96 0 0
589 120 96 0 0
590 119 96 0 0
591 119 97 0 0
592 120 97 0 0
593 119 97 0 0
594 120 97 0 0
595 119 97 0 0
596 120 97 0 0
597 119 97 0 0
598 119 98 0 0
599 120 98 0 0
600 119 98 0 0
601 120 98 0 0
602 119 98 0 0
603 120 98 0 0
604 120 99 0 0
605 121 99 0 0
606 120 99 0 0
607 121 99 0 0
608 120 99 0 0
609 121 99 0 0
610 120 99 0 0
611 120 100 0 0
612 121 100 0 0
613 120 100 0 0
614 121 100 0 0
615 120 100 0 0
616 121 100 0 0
617 120 100 0 0
618 120 101 0 0
619 121 101 0 0
620 120 101 0 0
621 121 101 0 0
622 120 101 0 0
623 121 101 0 0
624 120 101 0 0
625 120 102 0 0
626 121 102 0 0
627 120 102 0 0
628 121 102 0 0
629 120 102 0 0
630 121 102 0 0
631 120 102 0 0
632 120 103 0 0
633 121 103 0 0
634 120 103 0 0
635 121 103 0 0
636 120 103 0 0
637 121 103 0 0
638 120 103 0 0
639 120 104 0 0
640 121 104 0 0
641 120 104 0 0
642 121 104 0 0
643 120 104 0 0
644 121 104 0 0
645 120 104 0 0
646 120 105 0 0
647 121 105 0 0
648 120 105 0 0
649 121 105 0 0
650 120 105 0 0
651 121 105 0 0
652 120 105 0 0
653 120 106 0 0
654 121 106 0 0
655 120 106 0 0
656 121 106 0 0
657 120 106 0 0
658 120 107 0 0
659 121 107 0 0
660 120 107 0 0
661 121 107 0 0
662 120 107 0 0
663 121 107 0 0
664 120 107 0 0
665 120 108 0 0
666 121 108 0 0
667 120 108 0 0
668 121 108 0 0
669 120 108 0 0
670 120 109 0 0
671 121 109 0 0
672 120 109 0 0
673 121 109 0 0
674 120 109 0 0
675 121 109 0 0
676 120 109 0 0
677 120 110 0 0
678 121 110 0 0
679 120 110 0 0
680 121 110 0 0
681 120 110 0 0
682 119 110 0 0
683 120 110 0 0
684 119 110 0 0
685 119 111 0 0
686 120 111 0 0
687 119 111 0 0
688 120 111 0 0
689 119 111 0 0
690 120 111 0 0
691 119 111 0 0
692 120 111 0 0
693 119 111 0 0
694 119 112 0 0
695 120 112 0 0
696 119 112 0 0
697 120 112 0 0
698 119 112 0 0
699 120 112 0 0
700 119 112 0 0
701 118 112 0 0
702 118 113 0 0
703 119 113 0 0
704 118 113 0 0
705 119 113 0 0
706 118 113 0 0
707 119 113 0 0
708 118 113 0 0
709 119 113 0 0
710 118 113 0 0
711 118 114 0 0
712 119 114 0 0
713 118 114 0 0
714 119 114 0 0
715 118 114 0 0
716 119 114 0 0
717 118 114 0 0
718 119 114 0 0
719 118 114 0 0
720 118 115 0 0
721 119 115 0 0
722 118 115 0 0
723 119 115 0 0
724 118 115 0 0
725 118 116 0 0
726 119 116 0 0
727 118 116 0 0
728 119 116 0 0
729 118 116 0 0
730 119 116 0 0
731 118 116 0 0
732 118 117 0 0
733 119 117 0 0
734 118 117 0 0
735 119 117 0 0
736 118 117 0 0
737 119 117 0 0
738 118 117 0 0
739 118 118 0 0
740 119 118 0 0
741 118 118 0 0
742 119 118 0 0
743 118 118 0 0
744 118 119 0 0
745 117 119 0 0
746 118 119 0 0
747 117 119 0 0
748 118 119 0 0
749 117 119 0 0
750 117 120 0 0
751 118 120 0 0
752 117 120 0 0
753 118 120 0 0
754 117 120 0 0
755 118 120 0 0
756 117 120 0 0
757 117 121 0 0
758 118 121 0 0
759 117 121 0 0
760 118 121 0 0
761 117 121 0 0
762 118 121 0 0
763 117 121 0 0
764 117 122 0 0
765 118 122 0 0
766 117 122 0 0
767 118 122 0 0
768 117 122 0 0
769 117 123 0 0
770 118 123 0 0
771 117 123 0 0
772 118 123 0 0
773 117 123 0 0
774 118 123 0 0
775 117 123 0 0
776 117 124 0 0
777 118 124 0 0
778 117 124 0 0
779 118 124 0 0
780 117 124 0 0
781 118 124 0 0
782 117 124 0 0
783 117 125 0 0
784 118 125 0 0
785 117 125 0 0
786 118 125 0 0
787 117 125 0 0
788 118 125 0 0
789 117 125 0 0
790 117 124 0 0
791 118 124 0 0
792 117 124 0 0
793 117 123 0 0
794 118 123 0 0
795 117 123 0 0
796 117 122 0 0
797 118 122 0 0
798 117 122 0 0
799 117 121 0 0
800 118 121 0 0
801 117 121 0 0
802 117 120 0 0
803 118 120 0 0
804 117 120 0 0
805 117 119 0 0
806 118 119 0 0
807 118 118 0 0
808 119 118 0 0
809 118 118 0 0
810 118 117 0 0
811 119 117 0 0
812 118 117 0 0
813 118 116 0 0
814 119 116 0 0
815 118 116 0 0
816 118 115 0 0
817 119 115 0 0
818 118 115 0 0
819 118 116 0 0
820 119 116 0 0
821 118 116 0 0
822 118 117 0 0
823 119 117 0 0
824 118 117 0 0
825 118 118 0 0
826 118 119 0 0
827 117 119 0 0
828 117 120 0 0
829 118 120 0 0
830 117 120 0 0
831 117 121 0 0
832 118 121 0 0
833 117 121 0 0
834 117 122 0 0
835 118 122 0 0
836 117 122 0 0
837 117 123 0 0
838 117 124 0 0
839 118 124 0 0
840 117 124 0 0
841 117 125 0 0
842 118 125 0 0
843 117 125 0 0
844 117 126 0 0
845 116 126 0 0
846 116 127 0 0
847 117 127 0 0
848 116 127 0 0
849 116 128 0 0
850 117 128 0 0
851 116 128 0 0
852 116 129 0 0
853 117 129 0 0
854 116 129 0 0
855 116 130 0 0
856 117 130 0 0
857 116 130 0 0
858 116 131 0 0
859 116 132 0 0
860 117 132 0 0
861 116 132 0 0
862 116 133 0 0
863 117 133 0 0
864 116 133 0 0
865 116 134 0 0
866 116 135 0 0
867 117 135 0 0
868 116 135 0 0
869 116 136 0 0
870 117 136 0 0
871 116 136 0 0
872 116 137 0 0
873 115 137 0 0
874 115 138 0 0
875 116 138 0 0
876 115 138 0 0
877 115 139 0 0
878 116 139 0 0
879 115 139 0 0
880 116 139 0 0
881 115 139 0 0
882 116 139 0 0
883 115 139 0 0
884 115 140 0 0
885 116 140 0 0
886 115 140 0 0
887 116 140 0 0
888 115 140 0 0
889 116 140 0 0
890 115 140 0 0
891 116 140 0 0
892 115 140 0 0
893 115 141 0 0
894 116 141 0 0
895 115 141 0 0
896 116 141 0 0
897 115 141 0 0
898 115 142 0 0
899 116 142 0 0
900 115 142 0 0
901 116 142 0 0
902 115 142 0 0
903 116 142 0 0
904 115 142 0 0
905 116 142 0 0
906 115 142 0 0
907 116 142 0 0
908 115 142 0 0
909 115 143 0 0
910 116 143 0 0
911 115 143 0 0
912 116 143 0 0
913 115 143 0 0
914 116 143 0 0
915 115 143 0 0
916 116 143 0 0
917 115 143 0 0
918 116 143 0 0
919 115 143 0 0
920 116 143 0 0
921 115 143 0 0
922 116 143 0 0
923 115 143 0 0
924 115 144 0 0
925 116 144 0 0
926 115 144 0 0
927 116 144 0 0
928 115 144 0 0
929 115 145 0 0
930 116 145 0 0
931 115 145 0 0
932 116 145 0 0
933 115 145 0 0
934 115 146 0 0
935 116 146 0 0
936 115 146 0 0
937 116 146 0 0
938 115 146 0 0
939 115 147 0 0
940 116 147 0 0
941 115 147 0 0
942 116 147 0 0
943 115 147 0 0
944 115 148 0 0
945 116 148 0 0
946 115 148 0 0
947 116 148 0 0
948 115 148 0 0
949 116 148 0 0
950 115 148 0 0
951 115 149 0 0
952 116 149 0 0
953 115 149 0 0
954 116 149 0 0
955 115 149 0 0
956 115 150 0 0
957 116 150 0 0
958 115 150 0 0
959 116 150 0 0
960 115 150 0 0
961 116 150 0 0
962 115 150 0 0
963 116 150 0 0
964 115 150 0 0
965 116 150 0 0
966 115 150 0 0
967 115 151 0 0
968 116 151 0 0
969 115 151 0 0
970 116 151 0 0
971 115 151 0 0
972 116 151 0 0
973 115 151 0 0
974 115 152 0 0
975 116 152 0 0
976 115 152 0 0
977 116 152 0 0
978 115 152 0 0
979 116 152 0 0
980 115 152 0 0
981 116 152 0 0
982 115 152 0 0
983 115 153 0 0
984 116 153 0 0
985 115 153 0 0
986 116 153 0 0
987 115 153 0 0
988 116 153 0 0
989 115 153 0 0
990 115 154 0 0
991 116 154 0 0
992 115 154 0 0
993 116 154 0 0
994 115 154 0 0
995 116 154 0 0
996 115 154 0 0
997 115 155 0 0
998 116 155 0 0
999 115 155 0 0
1000 116 155 0 0
1001 115 155 0 0
1002 115 156 0 0
1003 116 156 0 0
1004 117 156 0 0
1005 116 156 0 0
1006 116 157 0 0
1007 117 157 0 0
1008 116 157 0 0
1009 117 157 0 0
1010 116 157 0 0
1011 116 158 0 0
1012 117 158 0 0
1013 116 158 0 0
1014 117 158 0 0
1015 116 158 0 0
1016 117 158 0 0
1017 116 158 0 0
1018 116 159 0 0
1019 117 159 0 0
1020 116 159 0 0
1021 117 159 0 0
1022 116 159 0 0
1023 116 160 0 0
1024 117 160 0 0
1025 116 160 0 0
1026 117 160 0 0
1027 116 160 0 0
1028 116 161 0 0
1029 117 161 0 0
1030 116 161 0 0
1031 117 161 0 0
1032 116 161 0 0
1033 116 162 0 0
1034 117 162 0 0
1035 116 162 0 0
1036 117 162 0 0
1037 116 162 0 0
1038 116 163 0 0
1039 117 163 0 0
1040 116 163 0 0
1041 117 163 0 0
1042 116 163 0 0
1043 117 163 0 0
1044 116 163 0 0
1045 116 164 0 0
1046 117 164 0 0
1047 116 164 0 0
1048 117 164 0 0
1049 116 164 0 0
1050 117 164 0 0
1051 116 164 0 0
1052 116 165 0 0
1053 117 165 0 0
1054 116 165 0 0
1055 117 165 0 0
1056 116 165 0 0
1057 117 165 0 0
1058 116 165 0 0
1059 116 166 0 0
1060 117 166 0 0
1061 116 166 0 0
1062 117 166 0 0
1063 116 166 0 0
1064 117 166 0 0
1065 116 166 0 0
1066 116 167 0 0
1067 117 167 0 0
1068 116 167 0 0
1069 117 167 0 0
1070 116 167 0 0
1071 116 168 0 0
1072 117 168 0 0
1073 116 168 0 0
1074 117 168 0 0
1075 118 168 0 0
1076 117 168 0 0
1077 117 169 0 0
1078 118 169 0 0
1079 117 169 0 0
1080 118 169 0 0
1081 117 169 0 0
1082 117 170 0 0
1083 118 170 0 0
1084 117 170 0 0
1085 118 170 0 0
1086 117 170 0 0
1087 118 170 0 0
1088 117 170 0 0
1089 117 171 0 0
1090 118 171 0 0
1091 117 171 0 0
1092 118 171 0 0
1093 117 171 0 0
1094 117 172 0 0
1095 118 172 0 0
1096 117 172 0 0
1097 118 172 0 0
1098 117 172 0 0
1099 118 172 0 0
1100 117 172 0 0
1101 117 173 0 0
1102 118 173 0 0
1103 117 173 0 0
1104 118 173 0 0
1105 117 173 0 0
1106 117 174 0 0
1107 118 174 0 0
1108 117 174 0 0
1109 118 174 0 0
1110 119 174 0 0
1111 118 174 0 0
1112 118 175 0 0
1113 119 175 0 0
1114 118 175 0 0
1115 119 175 0 0
1116 118 175 0 0
1117 118 176 0 0
1118 119 176 0 0
1119 118 176 0 0
1120 119 176 0 0
1121 118 176 0 0
1122 119 176 0 0
1123 118 176 0 0
1124 118 177 0 0
1125 119 177 0 0
1126 118 177 0 0
1127 119 177 0 0
1128 118 177 0 0
1129 119 177 0 0
1130 118 177 0 0
1131 118 178 0 0
1132 119 178 0 0
1133 118 178 0 0
1134 119 178 0 0
1135 118 178 0 0
1136 118 179 0 0
1137 119 179 0 0
1138 118 179 0 0
1139 119 179 0 0
1140 118 179 0 0
1141 119 179 0 0
1142 118 179 0 0
1143 118 180 0 0
1144 119 180 0 0
1145 118 180 0 0
1146 119 180 0 0
1147 118 180 0 0
1148 119 180 0 0
1149 118 180 0 0
1150 118 181 0 0
1151 119 181 0 0
1152 118 181 0 0
1153 119 181 0 0
1154 118 181 0 0
1155 118 182 0 0
1156 119 182 0 0
1157 120 182 0 0
1158 119 182 0 0
1159 120 182 0 0
1160 119 182 0 0
1161 119 183 0 0
1162 120 183 0 0
1163 119 183 0 0
1164 120 183 0 0
1165 119 183 0 0
1166 119 184 0 0
1167 120 184 0 0
1168 119 184 0 0
1169 120 184 0 0
1170 119 184 0 0
1171 119 185 0 0
1172 120 185 0 0
1173 119 185 0 0
1174 120 185 0 0
1175 119 185 0 0
1176 120 185 0 0
1177 119 185 0 0
1178 119 186 0 0
1179 120 186 0 0
1180 119 186 0 0
1181 120 186 0 0
1182 119 186 0 0
1183 119 187 0 0
1184 120 187 0 0
1185 119 187 0 0
1186 120 187 0 0
1187 119 187 0 0
1188 119 188 0 0
1189 120 188 0 0
1190 119 188 0 0
1191 120 188 0 0
1192 119 188 0 0
1193 120 188 0 0
1194 119 188 0 0
1195 119 189 0 0
1196 120 189 0 0
1197 119 189 0 0
1198 120 189 0 0
1199 119 189 0 0
1200 119 190 0 0
1201 120 190 0 0
1202 119 190 0 0
1203 120 190 0 0
1204 121 190 0 0
1205 120 190 0 0
1206 120 191 0 0
1207 121 191 0 0
1208 120 191 0 0
1209 121 191 0 0
1210 120 191 0 0
1211 121 191 0 0
1212 120 191 0 0
1213 120 192 0 0
1214 121 192 0 0
1215 120 192 0 0
1216 121 192 0 0
1217 120 192 0 0
1218 121 192 0 0
1219 120 192 0 0
1220 120 193 0 0
1221 121 193 0 0
1222 120 193 0 0
1223 121 193 0 0
1224 120 193 0 0
1225 121 193 0 0
1226 120 193 0 0
1227 120 194 0 0
1228 121 194 0 0
1229 120 194 0 0
1230 121 194 0 0
1231 120 194 0 0
1232 121 194 0 0
1233 120 194 0 0
1234 120 195 0 0
1235 121 195 0 0
1236 120 195 0 0
1237 121 195 0 0
1238 120 195 0 0
1239 121 195 0 0
1240 120 195 0 0
1241 120 196 0 0
1242 121 196 0 0
1243 120 196 0 0
1244 121 196 0 0
1245 120 196 0 0
1246 121 196 0 0
1247 120 196 0 0
1248 120 197 0 0
1249 121 197 0 0
1250 120 197 0 0
1251 121 197 0 0
1252 120 197 0 0
1253 121 197 0 0
1254 120 197 0 0
1255 120 198 0 0
1256 121 198 0 0
1257 120 198 0 0
1258 121 198 0 0
1259 120 198 0 0
1260 120 199 0 0
1261 121 199 0 0
1262 120 199 0 0
1263 121 199 0 0
1264 120 199 0 0
1265 120 200 0 0
1266 121 200 0 0
1267 120 200 0 0
1268 121 200 0 0
1269 120 200 0 0
1270 121 200 0 0
1271 120 200 0 0
1272 120 201 0 0
1273 121 201 0 0
1274 120 201 0 0
1275 121 201 0 0
1276 120 201 0 0
1277 120 202 0 0
1278 121 202 0 0
1279 120 202 0 0
1280 121 202 0 0
1281 120 202 0 0
1282 120 203 0 0
1283 121 203 0 0
1284 120 203 0 0
1285 121 203 0 0
1286 120 203 0 0
1287 121 203 0 0
1288 120 203 0 0
1289 120 204 0 0
1290 121 204 0 0
1291 120 204 0 0
1292 121 204 0 0
1293 120 204 0 0
1294 120 205 0 0
1295 121 205 0 0
1296 120 205 0 0
1297 121 205 0 0
1298 120 205 0 0
1299 121 205 0 0
1300 120 205 0 0
1301 120 206 0 0
1302 121 206 0 0
1303 120 206 0 0
1304 120 207 0 0
1305 121 207 0 0
1306 120 207 0 0
1307 121 207 0 0
1308 120 207 0 0
1309 120 208 0 0
1310 121 208 0 0
1311 120 208 0 0
1312 121 208 0 0
1313 120 208 0 0
1314 120 209 0 0
1315 121 209 0 0
1316 122 209 0 0
1317 121 209 0 0
1318 121 210 0 0
1319 122 210 0 0
1320 121 210 0 0
1321 122 210 0 0
1322 121 210 0 0
1323 121 211 0 0
1324 122 211 0 0
1325 121 211 0 0
1326 122 211 0 0
1327 121 211 0 0
1328 121 212 0 0
1329 122 212 0 0
1330 121 212 0 0
1331 122 212 0 0
1332 121 212 0 0
1333 121 213 0 0
1334 122 213 0 0
1335 121 213 0 0
1336 122 213 0 0
1337 121 213 0 0
1338 122 213 0 0
1339 121 213 0 0
1340 121 214 0 0
1341 122 214 0 0
1342 121 214 0 0
1343 122 214 0 0
1344 121 214 0 0
1345 121 215 0 0
1346 122 215 0 0
1347 121 215 0 0
1348 122 215 0 0
1349 121 215 0 0
1350 122 215 0 0
1351 121 215 0 0
1352 121 216 0 0
1353 122 216 0 0
1354 121 216 0 0
1355 122 216 0 0
1356 121 216 0 0
1357 121 217 0 0
1358 122 217 0 0
