0 4 97 0 0
1 4 98 0 0
2 5 98 0 0
3 6 98 0 0
4 5 98 0 0
5 6 98 0 0
6 7 98 0 0
7 6 98 0 0
8 7 98 0 0
9 6 98 0 0
10 7 98 0 0
11 8 98 0 0
12 9 98 0 0
13 8 98 0 0
14 9 98 0 0
15 10 98 0 0
16 9 98 0 0
17 10 98 0 0
18 11 98 0 0
19 10 98 0 0
20 11 98 0 0
21 12 98 0 0
22 11 98 0 0
23 12 98 0 0
24 13 98 0 0
25 12 98 0 0
26 13 98 0 0
27 14 98 0 0
28 13 98 0 0
29 14 98 0 0
30 15 98 0 0
31 14 98 0 0
32 15 98 0 0
33 14 98 0 0
34 15 98 0 0
35 14 98 0 0
36 14 99 0 0
37 15 99 0 0
38 16 99 0 0
39 15 99 0 0
40 16 99 0 0
41 15 99 0 0
42 16 99 0 0
43 15 99 0 0
44 16 99 0 0
45 16 100 0 0
46 17 100 0 0
47 16 100 0 0
48 17 100 0 0
49 16 100 0 0
50 17 100 0 0
51 18 100 0 0
52 17 100 0 0
53 18 100 0 0
54 17 100 0 0
55 18 100 0 0
56 19 100 0 0
57 18 100 0 0
58 19 100 0 0
59 18 100 0 0
60 19 100 0 0
61 19 99 0 0
62 20 99 0 0
63 19 99 0 0
64 20 99 0 0
65 21 99 0 0
66 20 99 0 0
67 21 99 0 0
68 20 99 0 0
69 21 99 0 0
70 22 99 0 0
71 21 99 0 0
72 22 99 0 0
73 23 99 0 0
74 22 99 0 0
75 23 99 0 0
76 22 99 0 0
77 23 99 0 0
78 24 99 0 0
79 23 99 0 0
80 24 99 0 0
81 23 99 0 0
82 24 99 0 0
83 24 98 0 0
84 25 98 0 0
85 24 98 0 0
86 24 99 0 0
87 25 99 0 0
88 26 99 0 0
89 25 99 0 0
90 26 99 0 0
91 25 99 0 0
92 26 99 0 0
93 27 99 0 0
94 26 99 0 0
95 27 99 0 0
96 26 99 0 0
97 27 99 0 0
98 28 99 0 0
99 27 99 0 0
100 28 99 0 0
101 29 99 0 0
102 28 99 0 0
103 29 99 0 0
104 28 99 0 0
105 29 99 0 0
106 30 99 0 0
107 29 99 0 0
108 30 99 0 0
109 31 99 0 0
110 30 99 0 0
111 31 99 0 0
112 30 99 0 0
113 31 99 0 0
114 32 99 0 0
115 31 99 0 0
116 32 99 0 0
117 33 99 0 0
118 32 99 0 0
119 33 99 0 0
120 32 99 0 0
121 33 99 0 0
122 34 99 0 0
123 33 99 0 0
124 34 99 0 0
125 35 99 0 0
126 34 99 0 0
127 35 99 0 0
128 34 99 0 0
129 34 100 0 0
130 35 100 0 0
131 36 100 0 0
132 35 100 0 0
133 36 100 0 0
134 37 100 0 0
135 36 100 0 0
136 37 100 0 0
137 36 100 0 0
138 37 100 0 0
139 38 100 0 0
140 37 100 0 0
141 38 100 0 0
142 39 100 0 0
143 38 100 0 0
144 39 100 0 0
145 38 100 0 0
146 39 100 0 0
147 40 100 0 0
148 39 100 0 0
149 40 100 0 0
150 41 100 0 0
151 40 100 0 0
152 41 100 0 0
153 40 100 0 0
154 41 100 0 0
155 40 100 0 0
156 41 100 0 0
157 40 100 0 0
158 40 99 0 0
159 41 99 0 0
160 42 99 0 0
161 41 99 0 0
162 42 99 0 0
163 41 99 0 0
164 42 99 0 0
165 43 99 0 0
166 42 99 0 0
167 43 99 0 0
168 42 99 0 0
169 42 98 0 0
170 43 98 0 0
171 44 98 0 0
172 43 98 0 0
173 44 98 0 0
174 45 98 0 0
175 44 98 0 0
176 45 98 0 0
177 46 98 0 0
178 45 98 0 0
179 46 98 0 0
180 47 98 0 0
181 46 98 0 0
182 47 98 0 0
183 48 98 0 0
184 48 97 0 0
185 49 97 0 0
186 48 97 0 0
187 48 98 0 0
188 49 98 0 0
189 48 98 0 0
190 49 98 0 0
191 48 98 0 0
192 49 98 0 0
193 48 98 0 0
194 49 98 0 0
195 50 98 0 0
196 49 98 0 0
197 50 98 0 0
198 49 98 0 0
199 50 98 0 0
200 49 98 0 0
201 50 98 0 0
202 51 98 0 0
203 50 98 0 0
204 51 98 0 0
205 50 98 0 0
206 51 98 0 0
207 50 98 0 0
208 51 98 0 0
209 50 98 0 0
210 51 98 0 0
211 51 99 0 0
212 52 99 0 0
213 51 99 0 0
214 52 99 0 0
215 51 99 0 0
216 52 99 0 0
217 51 99 0 0
218 52 99 0 0
219 53 99 0 0
220 52 99 0 0
221 53 99 0 0
222 52 99 0 0
223 53 99 0 0
224 54 99 0 0
225 53 99 0 0
226 54 99 0 0
227 55 99 0 0
228 54 99 0 0
229 55 99 0 0
230 56 99 0 0
231 55 99 0 0
232 56 99 0 0
233 57 99 0 0
234 58 99 0 0
235 57 99 0 0
236 58 99 0 0
237 59 99 0 0
238 58 99 0 0
239 59 99 0 0
240 58 99 0 0
241 59 99 0 0
242 60 99 0 0
243 59 99 0 0
244 60 99 0 0
245 59 99 0 0
246 60 99 0 0
247 61 99 0 0
248 60 99 0 0
249 61 99 0 0
250 62 99 0 0
251 61 99 0 0
252 62 99 0 0
253 61 99 0 0
254 61 98 0 0
255 62 98 0 0
256 63 98 0 0
257 62 98 0 0
258 63 98 0 0
259 62 98 0 0
260 63 98 0 0
261 64 98 0 0
262 63 98 0 0
263 64 98 0 0
264 65 98 0 0
265 64 98 0 0
266 65 98 0 0
267 64 98 0 0
268 65 98 0 0
269 66 98 0 0
270 65 98 0 0
271 66 98 0 0
272 65 98 0 0
273 66 98 0 0
274 67 98 0 0
275 66 98 0 0
276 67 98 0 0
277 66 98 0 0
278 67 98 0 0
279 68 98 0 0
280 67 98 0 0
281 68 98 0 0
282 67 98 0 0
283 68 98 0 0
284 69 98 0 0
285 68 98 0 0
286 69 98 0 0
287 69 97 0 0
288 70 97 0 0
289 69 97 0 0
290 70 97 0 0
291 69 97 0 0
292 70 97 0 0
293 69 97 0 0
294 70 97 0 0
295 71 97 0 0
296 70 97 0 0
297 71 97 0 0
298 72 97 0 0
299 71 97 0 0
300 72 97 0 0
301 71 97 0 0
302 72 97 0 0
303 71 97 0 0
304 72 97 0 0
305 73 97 0 0
306 72 97 0 0
307 73 97 0 0
308 73 96 0 0
309 74 96 0 0
310 73 96 0 0
311 74 96 0 0
312 74 95 0 0
313 75 95 0 0
314 74 95 0 0
315 75 95 0 0
316 74 95 0 0
317 75 95 0 0
318 75 94 0 0
319 76 94 0 0
320 75 94 0 0
321 76 94 0 0
322 76 93 0 0
323 77 93 0 0
324 76 93 0 0
325 77 93 0 0
326 76 93 0 0
327 77 93 0 0
328 78 93 0 0
329 77 93 0 0
330 77 92 0 0
331 78 92 0 0
332 79 92 0 0
333 78 92 0 0
334 79 92 0 0
335 78 92 0 0
336 79 92 0 0
337 78 92 0 0
338 79 92 0 0
339 79 91 0 0
340 80 91 0 0
341 79 91 0 0
342 80 91 0 0
343 79 91 0 0
344 80 91 0 0
345 81 91 0 0
346 80 91 0 0
347 81 91 0 0
348 81 90 0 0
349 82 90 0 0
350 81 90 0 0
351 82 90 0 0
352 81 90 0 0
353 82 90 0 0
354 83 90 0 0
355 82 90 0 0
356 83 90 0 0
357 82 90 0 0
358 82 89 0 0
359 83 89 0 0
360 82 89 0 0
361 83 89 0 0
362 84 89 0 0
363 83 89 0 0
364 84 89 0 0
365 83 89 0 0
366 84 89 0 0
367 85 89 0 0
368 84 89 0 0
369 85 89 0 0
370 84 89 0 0
371 84 88 0 0
372 85 88 0 0
373 84 88 0 0
374 85 88 0 0
375 86 88 0 0
376 85 88 0 0
377 86 88 0 0
378 85 88 0 0
379 86 88 0 0
380 85 88 0 0
381 86 88 0 0
382 87 88 0 0
383 86 88 0 0
384 87 88 0 0
385 86 88 0 0
386 87 88 0 0
387 88 88 0 0
388 87 88 0 0
389 87 87 0 0
390 88 87 0 0
391 87 87 0 0
392 88 87 0 0
393 87 87 0 0
394 88 87 0 0
395 89 87 0 0
396 88 87 0 0
397 89 87 0 0
398 88 87 0 0
399 89 87 0 0
400 90 87 0 0
401 89 87 0 0
402 90 87 0 0
403 89 87 0 0
404 90 87 0 0
405 90 86 0 0
406 91 86 0 0
407 90 86 0 0
408 91 86 0 0
409 92 86 0 0
410 91 86 0 0
411 92 86 0 0
412 91 86 0 0
413 92 86 0 0
414 93 86 0 0
415 92 86 0 0
416 92 85 0 0
417 93 85 0 0
418 92 85 0 0
419 93 85 0 0
420 94 85 0 0
421 93 85 0 0
422 94 85 0 0
423 95 85 0 0
424 94 85 0 0
425 95 85 0 0
426 94 85 0 0
427 95 85 0 0
428 95 84 0 0
429 96 84 0 0
430 95 84 0 0
431 96 84 0 0
432 97 84 0 0
433 96 84 0 0
434 97 84 0 0
435 96 84 0 0
436 97 84 0 0
437 98 84 0 0
438 97 84 0 0
439 98 84 0 0
440 99 84 0 0
441 98 84 0 0
442 99 84 0 0
443 100 84 0 0
444 99 84 0 0
445 99 83 0 0
446 100 83 0 0
447 101 83 0 0
448 100 83 0 0
449 101 83 0 0
450 102 83 0 0
451 101 83 0 0
452 102 83 0 0
453 101 83 0 0
454 102 83 0 0
455 103 83 0 0
456 102 83 0 0
457 103 83 0 0
458 104 83 0 0
459 103 83 0 0
460 104 83 0 0
461 105 83 0 0
462 104 83 0 0
463 105 83 0 0
464 106 83 0 0
465 105 83 0 0
466 105 82 0 0
467 106 82 0 0
468 105 82 0 0
469 105 83 0 0
470 106 83 0 0
471 105 83 0 0
472 106 83 0 0
473 107 83 0 0
474 106 83 0 0
475 107 83 0 0
476 106 83 0 0
477 107 83 0 0
478 106 83 0 0
479 107 83 0 0
480 106 83 0 0
481 107 83 0 0
482 108 83 0 0
483 107 83 0 0
484 108 83 0 0
485 107 83 0 0
486 108 83 0 0
487 107 83 0 0
488 107 84 0 0
489 108 84 0 0
490 107 84 0 0
491 108 84 0 0
492 109 84 0 0
493 108 84 0 0
494 109 84 0 0
495 108 84 0 0
496 109 84 0 0
497 108 84 0 0
498 109 84 0 0
499 108 84 0 0
500 109 84 0 0
501 110 84 0 0
502 109 84 0 0
503 110 84 0 0
504 109 84 0 0
505 110 84 0 0
506 109 84 0 0
507 109 85 0 0
508 110 85 0 0
509 111 85 0 0
510 111 86 0 0
511 112 86 0 0
512 111 86 0 0
513 112 86 0 0
514 111 86 0 0
515 112 86 0 0
516 112 87 0 0
517 113 87 0 0
518 112 87 0 0
519 113 87 0 0
520 113 88 0 0
521 114 88 0 0
522 113 88 0 0
523 114 88 0 0
524 115 88 0 0
525 114 88 0 0
526 114 89 0 0
527 115 89 0 0
528 114 89 0 0
529 115 89 0 0
530 114 89 0 0
531 114 90 0 0
532 115 90 0 0
533 114 90 0 0
534 115 90 0 0
535 114 90 0 0
536 115 90 0 0
537 114 90 0 0
538 114 91 0 0
539 115 91 0 0
540 114 91 0 0
541 115 91 0 0
542 116 91 0 0
543 115 91 0 0
544 115 92 0 0
545 116 92 0 0
546 115 92 0 0
547 116 92 0 0
548 115 92 0 0
549 116 92 0 0
550 115 92 0 0
551 115 93 0 0
552 116 93 0 0
553 115 93 0 0
554 116 93 0 0
555 115 93 0 0
556 116 93 0 0
557 115 93 0 0
558 115 94 0 0
559 116 94 0 0
560 115 94 0 0
561 116 94 0 0
562 115 94 0 0
563 116 94 0 0
564 116 95 0 0
565 117 95 0 0
566 116 95 0 0
567 117 95 0 0
568 116 95 0 0
569 117 95 0 0
570 116 95 0 0
571 116 96 0 0
572 117 96 0 0
573 116 96 0 0
574 117 96 0 0
575 116 96 0 0
576 117 96 0 0
577 116 96 0 0
578 117 96 0 0
579 116 96 0 0
580 116 97 0 0
581 117 97 0 0
582 118 97 0 0
583 117 97 0 0
584 118 97 0 0
585 117 97 0 0
586 117 98 0 0
587 118 98 0 0
588 117 98 0 0
589 118 98 0 0
590 117 98 0 0
591 118 98 0 0
592 117 98 0 0
593 118 98 0 0
594 117 98 0 0
595 117 99 0 0
596 118 99 0 0
597 117 99 0 0
598 118 99 0 0
599 117 99 0 0
600 118 99 0 0
601 118 100 0 0
602 119 100 0 0
603 118 100 0 0
604 119 100 0 0
605 118 100 0 0
606 119 100 0 0
607 118 100 0 0
608 119 100 0 0
609 118 100 0 0
610 118 101 0 0
611 119 101 0 0
612 118 101 0 0
613 119 101 0 0
614 118 101 0 0
615 119 101 0 0
616 118 101 0 0
617 119 101 0 0
618 118 101 0 0
619 118 102 0 0
620 119 102 0 0
621 120 102 0 0
622 119 102 0 0
623 120 102 0 0
624 119 102 0 0
625 119 103 0 0
626 120 103 0 0
627 119 103 0 0
628 120 103 0 0
629 119 103 0 0
630 120 103 0 0
631 119 103 0 0
632 119 104 0 0
633 120 104 0 0
634 119 104 0 0
635 120 104 0 0
636 119 104 0 0
637 120 104 0 0
638 119 104 0 0
639 119 105 0 0
640 120 105 0 0
641 119 105 0 0
642 120 105 0 0
643 119 105 0 0
644 120 105 0 0
645 119 105 0 0
646 119 106 0 0
647 120 106 0 0
648 119 106 0 0
649 120 106 0 0
650 119 106 0 0
651 120 106 0 0
652 119 106 0 0
653 119 107 0 0
654 120 107 0 0
655 119 107 0 0
656 120 107 0 0
657 119 107 0 0
658 120 107 0 0
659 119 107 0 0
660 119 108 0 0
661 120 108 0 0
662 119 108 0 0
663 120 108 0 0
664 119 108 0 0
665 119 109 0 0
666 120 109 0 0
667 119 109 0 0
668 120 109 0 0
669 119 109 0 0
670 120 109 0 0
671 119 109 0 0
672 119 110 0 0
673 120 110 0 0
674 119 110 0 0
675 120 110 0 0
676 119 110 0 0
677 120 110 0 0
678 119 110 0 0
679 119 111 0 0
680 120 111 0 0
681 119 111 0 0
682 120 111 0 0
683 119 111 0 0
684 120 111 0 0
685 119 111 0 0
686 119 112 0 0
687 120 112 0 0
688 119 112 0 0
689 120 112 0 0
690 119 112 0 0
691 120 112 0 0
692 119 112 0 0
693 119 113 0 0
694 120 113 0 0
695 119 113 0 0
696 120 113 0 0
697 119 113 0 0
698 120 113 0 0
699 119 113 0 0
700 119 114 0 0
701 118 114 0 0
702 119 114 0 0
703 118 114 0 0
704 119 114 0 0
705 118 114 0 0
706 118 115 0 0
707 119 115 0 0
708 118 115 0 0
709 119 115 0 0
710 118 115 0 0
711 119 115 0 0
712 118 115 0 0
713 118 116 0 0
714 119 116 0 0
715 118 116 0 0
716 119 116 0 0
717 118 116 0 0
718 118 117 0 0
719 119 117 0 0
720 118 117 0 0
721 119 117 0 0
722 118 117 0 0
723 119 117 0 0
724 118 117 0 0
725 118 118 0 0
726 119 118 0 0
727 118 118 0 0
728 119 118 0 0
729 118 118 0 0
730 119 118 0 0
731 118 118 0 0
732 118 119 0 0
733 119 119 0 0
734 118 119 0 0
735 119 119 0 0
736 118 119 0 0
737 119 119 0 0
738 118 119 0 0
739 118 120 0 0
740 119 120 0 0
741 118 120 0 0
742 119 120 0 0
743 118 120 0 0
744 119 120 0 0
745 118 120 0 0
746 118 121 0 0
747 119 121 0 0
748 118 121 0 0
749 119 121 0 0
750 118 121 0 0
751 119 121 0 0
752 118 121 0 0
753 118 122 0 0
754 119 122 0 0
755 118 122 0 0
756 119 122 0 0
757 118 122 0 0
758 119 122 0 0
759 118 122 0 0
760 118 123 0 0
761 119 123 0 0
762 118 123 0 0
763 119 123 0 0
764 118 123 0 0
765 117 123 0 0
766 117 124 0 0
767 118 124 0 0
768 117 124 0 0
769 118 124 0 0
770 117 124 0 0
771 117 125 0 0
772 118 125 0 0
773 117 125 0 0
774 118 125 0 0
775 117 125 0 0
776 118 125 0 0
777 117 125 0 0
778 117 126 0 0
779 118 126 0 0
780 117 126 0 0
781 118 126 0 0
782 117 126 0 0
783 118 126 0 0
784 117 126 0 0
785 117 127 0 0
786 118 127 0 0
787 117 127 0 0
788 118 127 0 0
789 117 127 0 0
790 118 127 0 0
791 117 127 0 0
792 117 128 0 0
793 118 128 0 0
794 117 128 0 0
795 118 128 0 0
796 117 128 0 0
797 118 128 0 0
798 117 128 0 0
799 117 129 0 0
800 118 129 0 0
801 117 129 0 0
802 118 129 0 0
803 117 129 0 0
804 118 129 0 0
805 117 129 0 0
806 118 129 0 0
807 117 129 0 0
808 117 130 0 0
809 118 130 0 0
810 117 130 0 0
811 118 130 0 0
812 117 130 0 0
813 118 130 0 0
814 117 130 0 0
815 117 131 0 0
816 118 131 0 0
817 117 131 0 0
818 118 131 0 0
819 117 131 0 0
820 117 132 0 0
821 118 132 0 0
822 117 132 0 0
823 118 132 0 0
824 117 132 0 0
825 117 133 0 0
826 118 133 0 0
827 117 133 0 0
828 118 133 0 0
829 117 133 0 0
830 118 133 0 0
831 117 133 0 0
832 117 134 0 0
833 118 134 0 0
834 117 134 0 0
835 118 134 0 0
836 117 134 0 0
837 118 134 0 0
838 117 134 0 0
839 117 135 0 0
840 118 135 0 0
841 117 135 0 0
842 118 135 0 0
843 117 135 0 0
844 118 135 0 0
845 117 135 0 0
846 117 136 0 0
847 118 136 0 0
848 117 136 0 0
849 118 136 0 0
850 117 136 0 0
851 116 136 0 0
852 117 136 0 0
853 116 136 0 0
854 116 137 0 0
855 117 137 0 0
856 116 137 0 0
857 117 137 0 0
858 116 137 0 0
859 116 138 0 0
860 117 138 0 0
861 116 138 0 0
862 117 138 0 0
863 116 138 0 0
864 117 138 0 0
865 116 138 0 0
866 116 139 0 0
867 117 139 0 0
868 116 139 0 0
869 116 140 0 0
870 117 140 0 0
871 116 140 0 0
872 117 140 0 0
873 116 140 0 0
874 117 140 0 0
875 116 140 0 0
876 116 141 0 0
877 117 141 0 0
878 116 141 0 0
879 115 141 0 0
880 116 141 0 0
881 115 141 0 0
882 115 142 0 0
883 116 142 0 0
884 115 142 0 0
885 115 143 0 0
886 116 143 0 0
887 115 143 0 0
888 116 143 0 0
889 115 143 0 0
890 116 143 0 0
891 115 143 0 0
892 115 144 0 0
893 116 144 0 0
894 115 144 0 0
895 116 144 0 0
896 115 144 0 0
897 116 144 0 0
898 115 144 0 0
899 115 145 0 0
900 116 145 0 0
901 115 145 0 0
902 116 145 0 0
903 115 145 0 0
904 115 146 0 0
905 116 146 0 0
906 115 146 0 0
907 116 146 0 0
908 115 146 0 0
909 115 147 0 0
910 116 147 0 0
911 115 147 0 0
912 116 147 0 0
913 115 147 0 0
914 116 147 0 0
915 115 147 0 0
916 115 148 0 0
917 114 148 0 0
918 115 148 0 0
919 114 148 0 0
920 114 149 0 0
921 115 149 0 0
922 114 149 0 0
923 115 149 0 0
924 114 149 0 0
925 115 149 0 0
926 114 149 0 0
927 114 150 0 0
928 115 150 0 0
929 114 150 0 0
930 115 150 0 0
931 114 150 0 0
932 115 150 0 0
933 114 150 0 0
934 114 151 0 0
935 115 151 0 0
936 114 151 0 0
937 115 151 0 0
938 114 151 0 0
939 115 151 0 0
940 114 151 0 0
941 114 152 0 0
942 115 152 0 0
943 114 152 0 0
944 115 152 0 0
945 114 152 0 0
946 115 152 0 0
947 114 152 0 0
948 114 153 0 0
949 115 153 0 0
950 114 153 0 0
951 115 153 0 0
952 114 153 0 0
953 115 153 0 0
954 114 153 0 0
955 114 154 0 0
956 115 154 0 0
957 114 154 0 0
958 115 154 0 0
959 114 154 0 0
960 115 154 0 0
961 114 154 0 0
962 114 155 0 0
963 115 155 0 0
964 114 155 0 0
965 115 155 0 0
966 114 155 0 0
967 114 156 0 0
968 115 156 0 0
969 114 156 0 0
970 115 156 0 0
971 114 156 0 0
972 115 156 0 0
973 114 156 0 0
974 114 157 0 0
975 115 157 0 0
976 114 157 0 0
977 115 157 0 0
978 114 157 0 0
979 115 157 0 0
980 114 157 0 0
981 114 158 0 0
982 115 158 0 0
983 114 158 0 0
984 115 158 0 0
985 114 158 0 0
986 115 158 0 0
987 114 158 0 0
988 114 159 0 0
989 115 159 0 0
990 114 159 0 0
991 115 159 0 0
992 114 159 0 0
993 114 160 0 0
994 115 160 0 0
995 114 160 0 0
996 115 160 0 0
997 114 160 0 0
998 114 161 0 0
999 115 161 0 0
1000 114 161 0 0
1001 115 161 0 0
1002 114 161 0 0
1003 115 161 0 0
1004 114 161 0 0
1005 114 162 0 0
1006 115 162 0 0
1007 114 162 0 0
1008 115 162 0 0
1009 114 162 0 0
1010 114 163 0 0
1011 115 163 0 0
1012 116 163 0 0
1013 115 163 0 0
1014 115 164 0 0
1015 116 164 0 0
1016 115 164 0 0
1017 116 164 0 0
1018 115 164 0 0
1019 115 165 0 0
1020 116 165 0 0
1021 115 165 0 0
1022 116 165 0 0
1023 115 165 0 0
1024 116 165 0 0
1025 115 165 0 0
1026 115 166 0 0
1027 116 166 0 0
1028 115 166 0 0
1029 116 166 0 0
1030 115 166 0 0
1031 115 167 0 0
1032 116 167 0 0
1033 115 167 0 0
1034 116 167 0 0
1035 115 167 0 0
1036 115 168 0 0
1037 116 168 0 0
1038 117 168 0 0
1039 116 168 0 0
1040 117 168 0 0
1041 116 168 0 0
1042 116 169 0 0
1043 117 169 0 0
1044 116 169 0 0
1045 117 169 0 0
1046 116 169 0 0
1047 116 170 0 0
1048 117 170 0 0
1049 116 170 0 0
1050 117 170 0 0
1051 116 170 0 0
1052 116 171 0 0
1053 117 171 0 0
1054 116 171 0 0
1055 117 171 0 0
1056 116 171 0 0
1057 116 172 0 0
1058 117 172 0 0
1059 118 172 0 0
1060 117 172 0 0
1061 118 172 0 0
1062 117 172 0 0
1063 117 173 0 0
1064 118 173 0 0
1065 117 173 0 0
1066 118 173 0 0
1067 117 173 0 0
1068 117 174 0 0
1069 118 174 0 0
1070 117 174 0 0
1071 118 174 0 0
1072 117 174 0 0
1073 117 175 0 0
1074 118 175 0 0
1075 117 175 0 0
1076 118 175 0 0
1077 117 175 0 0
1078 118 175 0 0
1079 117 175 0 0
1080 117 176 0 0
1081 118 176 0 0
1082 119 176 0 0
1083 118 176 0 0
1084 119 176 0 0
1085 118 176 0 0
1086 118 177 0 0
1087 119 177 0 0
1088 118 177 0 0
1089 119 177 0 0
1090 118 177 0 0
1091 119 177 0 0
1092 119 178 0 0
1093 120 178 0 0
1094 119 178 0 0
1095 120 178 0 0
1096 119 178 0 0
1097 120 178 0 0
1098 119 178 0 0
1099 119 179 0 0
1100 120 179 0 0
1101 119 179 0 0
1102 120 179 0 0
1103 119 179 0 0
1104 120 179 0 0
1105 120 180 0 0
1106 121 180 0 0
1107 120 180 0 0
1108 121 180 0 0
1109 120 180 0 0
1110 121 180 0 0
1111 120 180 0 0
1112 120 181 0 0
1113 121 181 0 0
1114 120 181 0 0
1115 121 181 0 0
1116 122 181 0 0
1117 121 181 0 0
1118 121 182 0 0
1119 122 182 0 0
1120 121 182 0 0
1121 122 182 0 0
1122 121 182 0 0
1123 122 182 0 0
1124 121 182 0 0
1125 121 183 0 0
1126 122 183 0 0
1127 121 183 0 0
1128 122 183 0 0
1129 123 183 0 0
1130 122 183 0 0
1131 122 184 0 0
1132 123 184 0 0
1133 122 184 0 0
1134 123 184 0 0
1135 122 184 0 0
1136 123 184 0 0
1137 122 184 0 0
1138 122 185 0 0
1139 123 185 0 0
1140 122 185 0 0
1141 123 185 0 0
1142 122 185 0 0
1143 122 186 0 0
1144 123 186 0 0
1145 122 186 0 0
1146 123 186 0 0
1147 122 186 0 0
1148 122 187 0 0
1149 123 187 0 0
1150 122 187 0 0
1151 123 187 0 0
1152 123 188 0 0
1153 124 188 0 0
1154 123 188 0 0
1155 124 188 0 0
1156 123 188 0 0
1157 124 188 0 0
1158 123 188 0 0
1159 123 189 0 0
1160 124 189 0 0
1161 123 189 0 0
1162 124 189 0 0
1163 123 189 0 0
1164 123 190 0 0
1165 124 190 0 0
1166 123 190 0 0
1167 124 190 0 0
1168 123 190 0 0
1169 123 191 0 0
1170 124 191 0 0
1171 123 191 0 0
1172 124 191 0 0
1173 125 191 0 0
1174 124 191 0 0
1175 124 192 0 0
1176 125 192 0 0
1177 124 192 0 0
1178 125 192 0 0
1179 124 192 0 0
1180 124 193 0 0
1181 125 193 0 0
1182 124 193 0 0
1183 125 193 0 0
1184 124 193 0 0
1185 124 194 0 0
1186 125 194 0 0
1187 124 194 0 0
1188 125 194 0 0
1189 124 194 0 0
1190 125 194 0 0
1191 124 194 0 0
1192 124 195 0 0
1193 125 195 0 0
1194 124 195 0 0
1195 125 195 0 0
1196 124 195 0 0
1197 124 196 0 0
1198 125 196 0 0
1199 124 196 0 0
1200 125 196 0 0
1201 125 197 0 0
1202 126 197 0 0
1203 125 197 0 0
1204 126 197 0 0
1205 125 197 0 0
1206 126 197 0 0
1207 125 197 0 0
1208 125 198 0 0
1209 126 198 0 0
1210 125 198 0 0
1211 126 198 0 0
1212 125 198 0 0
1213 125 199 0 0
1214 126 199 0 0
1215 125 199 0 0
1216 126 199 0 0
1217 125 199 0 0
1218 125 200 0 0
1219 126 200 0 0
1220 125 200 0 0
1221 126 200 0 0
1222 127 200 0 0
1223 126 200 0 0
1224 126 201 0 0
1225 127 201 0 0
1226 126 201 0 0
1227 127 201 0 0
1228 126 201 0 0
1229 126 202 0 0
1230 127 202 0 0
1231 126 202 0 0
1232 127 202 0 0
1233 126 202 0 0
1234 126 203 0 0
1235 127 203 0 0
1236 126 203 0 0
1237 127 203 0 0
1238 126 203 0 0
1239 127 203 0 0
1240 126 203 0 0
1241 126 204 0 0
1242 127 204 0 0
1243 126 204 0 0
1244 127 204 0 0
1245 126 204 0 0
1246 127 204 0 0
1247 126 204 0 0
1248 127 204 0 0
1249 126 204 0 0
1250 126 205 0 0
1251 127 205 0 0
1252 126 205 0 0
1253 127 205 0 0
1254 126 205 0 0
1255 127 205 0 0
1256 126 205 0 0
1257 126 206 0 0
1258 127 206 0 0
1259 126 206 0 0
1260 127 206 0 0
1261 126 206 0 0
1262 127 206 0 0
1263 126 206 0 0
1264 127 206 0 0
1265 126 206 0 0
1266 126 207 0 0
1267 127 207 0 0
1268 126 207 0 0
1269 127 207 0 0
1270 126 207 0 0
1271 127 207 0 0
1272 126 207 0 0
1273 126 208 0 0
1274 127 208 0 0
1275 126 208 0 0
1276 127 208 0 0
1277 126 208 0 0
1278 127 208 0 0
1279 126 208 0 0
1280 127 208 0 0
1281 126 208 0 0
1282 126 209 0 0
1283 127 209 0 0
1284 126 209 0 0
1285 127 209 0 0
1286 126 209 0 0
1287 127 209 0 0
1288 126 209 0 0
1289 126 210 0 0
1290 127 210 0 0
1291 126 210 0 0
1292 127 210 0 0
1293 126 210 0 0
1294 127 210 0 0
1295 126 210 0 0
1296 127 210 0 0
1297 126 210 0 0
1298 126 211 0 0
1299 127 211 0 0
1300 126 211 0 0
1301 127 211 0 0
1302 126 211 0 0
1303 126 212 0 0
1304 127 212 0 0
1305 126 212 0 0
1306 127 212 0 0
1307 126 212 0 0
1308 126 213 0 0
1309 127 213 0 0
1310 126 213 0 0
1311 127 213 0 0
1312 126 213 0 0
1313 127 213 0 0
1314 126 213 0 0
1315 126 214 0 0
1316 127 214 0 0
1317 126 214 0 0
1318 127 214 0 0
1319 126 214 0 0
1320 126 215 0 0
1321 127 215 0 0
1322 126 215 0 0
1323 127 215 0 0
1324 126 215 0 0
1325 126 216 0 0
1326 127 216 0 0
1327 126 216 0 0
1328 127 216 0 0
1329 126 216 0 0
1330 127 216 0 0
1331 126 216 0 0
1332 126 217 0 0
1333 127 217 0 0
1334 126 217 0 0
1335 127 217 0 0
1336 126 217 0 0
1337 126 218 0 0
1338 127 218 0 0
1339 126 218 0 0
1340 127 218 0 0
1341 126 218 0 0
1342 127 218 0 0
1343 126 218 0 0
1344 126 219 0 0
1345 127 219 0 0
1346 126 219 0 0
1347 127 219 0 0
1348 126 219 0 0
1349 126 220 0 0
1350 127 220 0 0
1351 126 220 0 0
1352 127 220 0 0
1353 126 220 0 0
1354 126 221 0 0
1355 127 221 0 0
1356 126 221 0 0
1357 127 221 0 0
1358 126 221 0 0
1359 127 221 0 0
1360 126 221 0 0
1361 126 222 0 0
1362 127 222 0 0
1363 126 222 0 0
1364 127 222 0 0
1365 126 222 0 0
1366 126 223 0 0
1367 127 223 0 0
1368 126 223 0 0
1369 127 223 0 0
1370 126 223 0 0
1371 127 223 0 0
1372 126 223 0 0
1373 126 224 0 0
1374 127 224 0 0
1375 128 224 0 0
1376 127 224 0 0
1377 127 225 0 0
1378 128 225 0 0
1379 127 225 0 0
1380 128 225 0 0
1381 127 225 0 0
1382 127 226 0 0
1383 128 226 0 0
1384 127 226 0 0
1385 128 226 0 0
1386 127 226 0 0
1387 128 226 0 0
1388 127 226 0 0
1389 127 227 0 0
1390 128 227 0 0
1391 127 227 0 0
1392 128 227 0 0
1393 127 227 0 0
1394 127 228 0 0
1395 128 228 0 0
1396 127 228 0 0
1397 128 228 0 0
1398 127 228 0 0
1399 128 228 0 0
1400 127 228 0 0
1401 127 229 0 0
1402 128 229 0 0
1403 127 229 0 0
1404 128 229 0 0
1405 127 229 0 0
1406 128 229 0 0
1407 127 229 0 0
1408 126 229 0 0
1409 126 230 0 0
1410 127 230 0 0
1411 126 230 0 0
1412 127 230 0 0
1413 126 230 0 0
1414 127 230 0 0
1415 126 230 0 0
1416 127 230 0 0
1417 126 230 0 0
1418 126 231 0 0
1419 127 231 0 0
1420 126 231 0 0
1421 127 231 0 0
1422 126 231 0 0
1423 127 231 0 0
1424 126 231 0 0
1425 127 231 0 0
1426 126 231 0 0
1427 126 232 0 0
1428 127 232 0 0
1429 126 232 0 0
1430 127 232 0 0
1431 126 232 0 0
1432 127 232 0 0
1433 126 232 0 0
1434 127 232 0 0
1435 126 232 0 0
1436 126 233 0 0
1437 127 233 0 0
1438 126 233 0 0
1439 127 233 0 0
1440 126 233 0 0
