0 88 236 0 0
1 89 236 0 0
2 88 236 0 0
3 89 236 0 0
4 88 236 0 0
5 89 236 0 0
6 88 236 0 0
7 89 236 0 0
8 88 236 0 0
9 88 235 0 0
10 89 235 0 0
11 88 235 0 0
12 89 235 0 0
13 88 235 0 0
14 89 235 0 0
15 88 235 0 0
16 89 235 0 0
17 88 235 0 0
18 89 235 0 0
19 88 235 0 0
20 89 235 0 0
21 88 235 0 0
22 89 235 0 0
23 88 235 0 0
24 88 234 0 0
25 89 234 0 0
26 88 234 0 0
27 89 234 0 0
28 88 234 0 0
29 89 234 0 0
30 88 234 0 0
31 89 234 0 0
32 88 234 0 0
33 88 233 0 0
34 89 233 0 0
35 88 233 0 0
36 89 233 0 0
37 88 233 0 0
38 89 233 0 0
39 88 233 0 0
40 88 232 0 0
41 89 232 0 0
42 88 232 0 0
43 89 232 0 0
44 88 232 0 0
45 89 232 0 0
46 88 232 0 0
47 89 232 0 0
48 88 232 0 0
49 88 231 0 0
50 89 231 0 0
51 88 231 0 0
52 89 231 0 0
53 88 231 0 0
54 89 231 0 0
55 88 231 0 0
56 88 230 0 0
57 89 230 0 0
58 88 230 0 0
59 89 230 0 0
60 88 230 0 0
61 89 230 0 0
62 88 230 0 0
63 89 230 0 0
64 88 230 0 0
65 88 229 0 0
66 89 229 0 0
67 88 229 0 0
68 89 229 0 0
69 88 229 0 0
70 89 229 0 0
71 88 229 0 0
72 88 228 0 0
73 89 228 0 0
74 88 228 0 0
75 89 228 0 0
76 88 228 0 0
77 89 228 0 0
78 88 228 0 0
79 89 228 0 0
80 88 228 0 0
81 88 227 0 0
82 89 227 0 0
83 88 227 0 0
84 89 227 0 0
85 88 227 0 0
86 89 227 0 0
87 89 226 0 0
88 90 226 0 0
89 89 226 0 0
90 90 226 0 0
91 89 226 0 0
92 90 226 0 0
93 89 226 0 0
94 90 226 0 0
95 89 226 0 0
96 89 225 0 0
97 90 225 0 0
98 89 225 0 0
99 90 225 0 0
100 89 225 0 0
101 90 225 0 0
102 89 225 0 0
103 89 224 0 0
104 90 224 0 0
105 89 224 0 0
106 90 224 0 0
107 89 224 0 0
108 90 224 0 0
109 89 224 0 0
110 89 223 0 0
111 90 223 0 0
112 89 223 0 0
113 90 223 0 0
114 89 223 0 0
115 90 223 0 0
116 89 223 0 0
117 89 222 0 0
118 90 222 0 0
119 89 222 0 0
120 90 222 0 0
121 89 222 0 0
122 90 222 0 0
123 89 222 0 0
124 89 221 0 0
125 90 221 0 0
126 89 221 0 0
127 90 221 0 0
128 89 221 0 0
129 90 221 0 0
130 89 221 0 0
131 89 220 0 0
132 90 220 0 0
133 89 220 0 0
134 90 220 0 0
135 89 220 0 0
136 90 220 0 0
137 89 220 0 0
138 89 219 0 0
139 90 219 0 0
140 89 219 0 0
141 90 219 0 0
142 89 219 0 0
143 90 219 0 0
144 89 219 0 0
145 89 218 0 0
146 90 218 0 0
147 89 218 0 0
148 90 218 0 0
149 89 218 0 0
150 90 218 0 0
151 89 218 0 0
152 89 217 0 0
153 90 217 0 0
154 89 217 0 0
155 90 217 0 0
156 89 217 0 0
157 90 217 0 0
158 89 217 0 0
159 89 216 0 0
160 90 216 0 0
161 89 216 0 0
162 90 216 0 0
163 89 216 0 0
164 90 216 0 0
165 89 216 0 0
166 89 215 0 0
167 90 215 0 0
168 89 215 0 0
169 90 215 0 0
170 89 215 0 0
171 90 215 0 0
172 89 215 0 0
173 89 214 0 0
174 90 214 0 0
175 89 214 0 0
176 90 214 0 0
177 89 214 0 0
178 90 214 0 0
179 89 214 0 0
180 89 213 0 0
181 90 213 0 0
182 89 213 0 0
183 90 213 0 0
184 89 213 0 0
185 90 213 0 0
186 89 213 0 0
187 89 212 0 0
188 90 212 0 0
189 89 212 0 0
190 90 212 0 0
191 89 212 0 0
192 90 212 0 0
193 89 212 0 0
194 89 211 0 0
195 90 211 0 0
196 89 211 0 0
197 90 211 0 0
198 89 211 0 0
199 90 211 0 0
200 89 211 0 0
201 89 210 0 0
202 90 210 0 0
203 89 210 0 0
204 90 210 0 0
205 89 210 0 0
206 90 210 0 0
207 89 210 0 0
208 89 209 0 0
209 90 209 0 0
210 89 209 0 0
211 90 209 0 0
212 89 209 0 0
213 90 209 0 0
214 89 209 0 0
215 89 208 0 0
216 90 208 0 0
217 89 208 0 0
218 90 208 0 0
219 89 208 0 0
220 90 208 0 0
221 89 208 0 0
222 89 207 0 0
223 90 207 0 0
224 89 207 0 0
225 90 207 0 0
226 89 207 0 0
227 90 207 0 0
228 89 207 0 0
229 89 206 0 0
230 90 206 0 0
231 89 206 0 0
232 90 206 0 0
233 89 206 0 0
234 90 206 0 0
235 89 206 0 0
236 89 205 0 0
237 90 205 0 0
238 89 205 0 0
239 90 205 0 0
240 89 205 0 0
241 90 205 0 0
242 89 205 0 0
243 89 204 0 0
244 90 204 0 0
245 89 204 0 0
246 90 204 0 0
247 89 204 0 0
248 90 204 0 0
249 89 204 0 0
250 89 203 0 0
251 90 203 0 0
252 89 203 0 0
253 90 203 0 0
254 89 203 0 0
255 90 203 0 0
256 89 203 0 0
257 89 202 0 0
258 90 202 0 0
259 89 202 0 0
260 90 202 0 0
261 89 202 0 0
262 90 202 0 0
263 89 202 0 0
264 89 201 0 0
265 90 201 0 0
266 89 201 0 0
267 90 201 0 0
268 89 201 0 0
269 90 201 0 0
270 89 201 0 0
271 89 200 0 0
272 90 200 0 0
273 89 200 0 0
274 90 200 0 0
275 89 200 0 0
276 90 200 0 0
277 89 200 0 0
278 89 199 0 0
279 90 199 0 0
280 89 199 0 0
281 90 199 0 0
282 89 199 0 0
283 90 199 0 0
284 89 199 0 0
285 89 198 0 0
286 90 198 0 0
287 89 198 0 0
288 90 198 0 0
289 89 198 0 0
290 90 198 0 0
291 89 198 0 0
292 89 197 0 0
293 90 197 0 0
294 89 197 0 0
295 90 197 0 0
296 89 197 0 0
297 90 197 0 0
298 89 197 0 0
299 89 196 0 0
300 90 196 0 0
301 89 196 0 0
302 90 196 0 0
303 89 196 0 0
304 90 196 0 0
305 89 196 0 0
306 89 195 0 0
307 90 195 0 0
308 89 195 0 0
309 90 195 0 0
310 89 195 0 0
311 90 195 0 0
312 89 195 0 0
313 89 194 0 0
314 90 194 0 0
315 89 194 0 0
316 90 194 0 0
317 89 194 0 0
318 90 194 0 0
319 89 194 0 0
320 89 193 0 0
321 90 193 0 0
322 89 193 0 0
323 90 193 0 0
324 89 193 0 0
325 90 193 0 0
326 89 193 0 0
327 89 192 0 0
328 90 192 0 0
329 89 192 0 0
330 90 192 0 0
331 89 192 0 0
332 90 192 0 0
333 89 192 0 0
334 89 191 0 0
335 90 191 0 0
336 89 191 0 0
337 90 191 0 0
338 89 191 0 0
339 90 191 0 0
340 89 191 0 0
341 89 190 0 0
342 90 190 0 0
343 89 190 0 0
344 90 190 0 0
345 89 190 0 0
346 90 190 0 0
347 90 189 0 0
348 91 189 0 0
349 90 189 0 0
350 91 189 0 0
351 90 189 0 0
352 91 189 0 0
353 90 189 0 0
354 90 188 0 0
355 91 188 0 0
356 90 188 0 0
357 91 188 0 0
358 90 188 0 0
359 91 188 0 0
360 90 188 0 0
361 90 187 0 0
362 91 187 0 0
363 90 187 0 0
364 91 187 0 0
365 90 187 0 0
366 91 187 0 0
367 90 187 0 0
368 90 186 0 0
369 91 186 0 0
370 90 186 0 0
371 91 186 0 0
372 90 186 0 0
373 91 186 0 0
374 90 186 0 0
375 90 185 0 0
376 91 185 0 0
377 90 185 0 0
378 91 185 0 0
379 90 185 0 0
380 91 185 0 0
381 90 185 0 0
382 90 184 0 0
383 91 184 0 0
384 90 184 0 0
385 91 184 0 0
386 90 184 0 0
387 91 184 0 0
388 90 184 0 0
389 90 183 0 0
390 91 183 0 0
391 90 183 0 0
392 91 183 0 0
393 90 183 0 0
394 91 183 0 0
395 90 183 0 0
396 91 183 0 0
397 90 183 0 0
398 90 182 0 0
399 91 182 0 0
400 90 182 0 0
401 91 182 0 0
402 90 182 0 0
403 91 182 0 0
404 90 182 0 0
405 90 181 0 0
406 89 181 0 0
407 90 181 0 0
408 89 181 0 0
409 90 181 0 0
410 89 181 0 0
411 89 180 0 0
412 90 180 0 0
413 89 180 0 0
414 90 180 0 0
415 89 180 0 0
416 90 180 0 0
417 89 180 0 0
418 89 179 0 0
419 90 179 0 0
420 89 179 0 0
421 90 179 0 0
422 89 179 0 0
423 90 179 0 0
424 89 179 0 0
425 90 179 0 0
426 89 179 0 0
427 89 178 0 0
428 90 178 0 0
429 89 178 0 0
430 90 178 0 0
431 89 178 0 0
432 90 178 0 0
433 89 178 0 0
434 89 177 0 0
435 90 177 0 0
436 89 177 0 0
437 90 177 0 0
438 89 177 0 0
439 90 177 0 0
440 89 177 0 0
441 89 176 0 0
442 90 176 0 0
443 89 176 0 0
444 90 176 0 0
445 89 176 0 0
446 90 176 0 0
447 89 176 0 0
448 89 175 0 0
449 90 175 0 0
450 89 175 0 0
451 90 175 0 0
452 89 175 0 0
453 90 175 0 0
454 89 175 0 0
455 89 174 0 0
456 90 174 0 0
457 89 174 0 0
458 90 174 0 0
459 89 174 0 0
460 88 174 0 0
461 89 174 0 0
462 88 174 0 0
463 88 173 0 0
464 89 173 0 0
465 88 173 0 0
466 89 173 0 0
467 88 173 0 0
468 89 173 0 0
469 88 173 0 0
470 88 172 0 0
471 89 172 0 0
472 88 172 0 0
473 89 172 0 0
474 88 172 0 0
475 89 172 0 0
476 88 172 0 0
477 88 171 0 0
478 89 171 0 0
479 88 171 0 0
480 89 171 0 0
481 88 171 0 0
482 89 171 0 0
483 88 171 0 0
484 88 170 0 0
485 89 170 0 0
486 88 170 0 0
487 89 170 0 0
488 88 170 0 0
489 89 170 0 0
490 88 170 0 0
491 88 169 0 0
492 87 169 0 0
493 88 169 0 0
494 87 169 0 0
495 87 168 0 0
496 88 168 0 0
497 87 168 0 0
498 88 168 0 0
499 87 168 0 0
500 88 168 0 0
501 87 168 0 0
502 87 167 0 0
503 88 167 0 0
504 87 167 0 0
505 88 167 0 0
506 87 167 0 0
507 87 166 0 0
508 88 166 0 0
509 87 166 0 0
510 88 166 0 0
511 87 166 0 0
512 88 166 0 0
513 87 166 0 0
514 87 165 0 0
515 88 165 0 0
516 87 165 0 0
517 88 165 0 0
518 87 165 0 0
519 87 164 0 0
520 88 164 0 0
521 87 164 0 0
522 88 164 0 0
523 87 164 0 0
524 88 164 0 0
525 87 164 0 0
526 87 163 0 0
527 88 163 0 0
528 87 163 0 0
529 88 163 0 0
530 87 163 0 0
531 87 162 0 0
532 88 162 0 0
533 87 162 0 0
534 88 162 0 0
535 87 162 0 0
536 88 162 0 0
537 87 162 0 0
538 87 161 0 0
539 86 161 0 0
540 87 161 0 0
541 86 161 0 0
542 86 160 0 0
543 87 160 0 0
544 86 160 0 0
545 87 160 0 0
546 86 160 0 0
547 87 160 0 0
548 86 160 0 0
549 86 159 0 0
550 87 159 0 0
551 86 159 0 0
552 87 159 0 0
553 86 159 0 0
554 87 159 0 0
555 86 159 0 0
556 86 158 0 0
557 87 158 0 0
558 86 158 0 0
559 87 158 0 0
560 86 158 0 0
561 86 157 0 0
562 87 157 0 0
563 86 157 0 0
564 87 157 0 0
565 86 157 0 0
566 87 157 0 0
567 86 157 0 0
568 86 156 0 0
569 87 156 0 0
570 86 156 0 0
571 87 156 0 0
572 86 156 0 0
573 85 156 0 0
574 85 155 0 0
575 86 155 0 0
576 85 155 0 0
577 86 155 0 0
578 85 155 0 0
579 85 154 0 0
580 86 154 0 0
581 85 154 0 0
582 86 154 0 0
583 85 154 0 0
584 86 154 0 0
585 85 154 0 0
586 85 153 0 0
587 86 153 0 0
588 85 153 0 0
589 86 153 0 0
590 85 153 0 0
591 86 153 0 0
592 85 153 0 0
593 85 152 0 0
594 86 152 0 0
595 85 152 0 0
596 86 152 0 0
597 85 152 0 0
598 85 151 0 0
599 86 151 0 0
600 85 151 0 0
601 86 151 0 0
602 85 151 0 0
603 86 151 0 0
604 85 151 0 0
605 85 150 0 0
606 86 150 0 0
607 85 150 0 0
608 86 150 0 0
609 85 150 0 0
610 84 150 0 0
611 84 149 0 0
612 85 149 0 0
613 84 149 0 0
614 85 149 0 0
615 84 149 0 0
616 84 148 0 0
617 85 148 0 0
618 84 148 0 0
619 85 148 0 0
620 84 148 0 0
621 85 148 0 0
622 84 148 0 0
623 84 147 0 0
624 85 147 0 0
625 84 147 0 0
626 85 147 0 0
627 84 147 0 0
628 85 147 0 0
629 84 147 0 0
630 84 146 0 0
631 85 146 0 0
632 84 146 0 0
633 85 146 0 0
634 84 146 0 0
635 85 146 0 0
636 84 146 0 0
637 84 145 0 0
638 85 145 0 0
639 84 145 0 0
640 85 145 0 0
641 84 145 0 0
642 85 145 0 0
643 84 145 0 0
644 84 144 0 0
645 85 144 0 0
646 84 144 0 0
647 85 144 0 0
648 84 144 0 0
649 85 144 0 0
650 84 144 0 0
651 84 143 0 0
652 85 143 0 0
653 84 143 0 0
654 85 143 0 0
655 84 143 0 0
656 85 143 0 0
657 84 143 0 0
658 85 143 0 0
659 84 143 0 0
660 84 142 0 0
661 85 142 0 0
662 84 142 0 0
663 85 142 0 0
664 84 142 0 0
665 85 142 0 0
666 84 142 0 0
667 84 141 0 0
668 85 141 0 0
669 84 141 0 0
670 85 141 0 0
671 84 141 0 0
672 85 141 0 0
673 84 141 0 0
674 84 140 0 0
675 85 140 0 0
676 84 140 0 0
677 85 140 0 0
678 84 140 0 0
679 85 140 0 0
680 84 140 0 0
681 84 139 0 0
682 85 139 0 0
683 84 139 0 0
684 85 139 0 0
685 84 139 0 0
686 85 139 0 0
687 84 139 0 0
688 84 138 0 0
689 85 138 0 0
690 84 138 0 0
691 85 138 0 0
692 84 138 0 0
693 85 138 0 0
694 84 138 0 0
695 84 137 0 0
696 85 137 0 0
697 84 137 0 0
698 85 137 0 0
699 84 137 0 0
700 85 137 0 0
701 84 137 0 0
702 84 136 0 0
703 85 136 0 0
704 84 136 0 0
705 85 136 0 0
706 84 136 0 0
707 85 136 0 0
708 84 136 0 0
709 84 135 0 0
710 85 135 0 0
711 84 135 0 0
712 85 135 0 0
713 84 135 0 0
714 85 135 0 0
715 84 135 0 0
716 84 134 0 0
717 85 134 0 0
718 84 134 0 0
719 85 134 0 0
720 84 134 0 0
721 85 134 0 0
722 84 134 0 0
723 84 133 0 0
724 85 133 0 0
725 84 133 0 0
726 85 133 0 0
727 84 133 0 0
728 85 133 0 0
729 84 133 0 0
730 84 132 0 0
731 85 132 0 0
732 84 132 0 0
733 85 132 0 0
734 84 132 0 0
735 85 132 0 0
736 84 132 0 0
737 85 132 0 0
738 84 132 0 0
739 84 131 0 0
740 85 131 0 0
741 84 131 0 0
742 85 131 0 0
743 84 131 0 0
744 85 131 0 0
745 84 131 0 0
746 84 130 0 0
747 85 130 0 0
748 84 130 0 0
749 85 130 0 0
750 84 130 0 0
751 85 130 0 0
752 84 130 0 0
753 84 129 0 0
754 85 129 0 0
755 84 129 0 0
756 85 129 0 0
757 84 129 0 0
758 85 129 0 0
759 84 129 0 0
760 84 128 0 0
761 85 128 0 0
762 84 128 0 0
763 85 128 0 0
764 84 128 0 0
765 85 128 0 0
766 84 128 0 0
767 84 127 0 0
768 85 127 0 0
769 84 127 0 0
770 85 127 0 0
771 84 127 0 0
772 85 127 0 0
773 84 127 0 0
774 84 126 0 0
775 85 126 0 0
776 84 126 0 0
777 85 126 0 0
778 84 126 0 0
779 85 126 0 0
780 84 126 0 0
781 84 125 0 0
782 85 125 0 0
783 84 125 0 0
784 85 125 0 0
785 84 125 0 0
786 85 125 0 0
787 84 125 0 0
788 84 124 0 0
789 85 124 0 0
790 84 124 0 0
791 85 124 0 0
792 84 124 0 0
793 85 124 0 0
794 84 124 0 0
795 84 123 0 0
796 85 123 0 0
797 84 123 0 0
798 85 123 0 0
799 84 123 0 0
800 85 123 0 0
801 84 123 0 0
802 84 122 0 0
803 85 122 0 0
804 84 122 0 0
805 85 122 0 0
806 84 122 0 0
807 85 122 0 0
808 84 122 0 0
809 85 122 0 0
810 84 122 0 0
811 84 121 0 0
812 85 121 0 0
813 84 121 0 0
814 85 121 0 0
815 84 121 0 0
816 85 121 0 0
817 84 121 0 0
818 84 120 0 0
819 85 120 0 0
820 84 120 0 0
821 85 120 0 0
822 84 120 0 0
823 85 120 0 0
824 84 120 0 0
825 84 119 0 0
826 85 119 0 0
827 84 119 0 0
828 85 119 0 0
829 84 119 0 0
830 85 119 0 0
831 84 119 0 0
832 84 118 0 0
833 85 118 0 0
834 84 118 0 0
835 85 118 0 0
836 84 118 0 0
837 85 118 0 0
838 84 118 0 0
839 84 117 0 0
840 85 117 0 0
841 84 117 0 0
842 85 117 0 0
843 84 117 0 0
844 85 117 0 0
845 84 117 0 0
846 84 116 0 0
847 85 116 0 0
848 84 116 0 0
849 85 116 0 0
850 84 116 0 0
851 85 116 0 0
852 84 116 0 0
853 84 115 0 0
854 85 115 0 0
855 84 115 0 0
856 85 115 0 0
857 84 115 0 0
858 85 115 0 0
859 84 115 0 0
860 84 114 0 0
861 85 114 0 0
862 84 114 0 0
863 85 114 0 0
864 84 114 0 0
865 85 114 0 0
866 84 114 0 0
867 84 113 0 0
868 85 113 0 0
869 84 113 0 0
870 85 113 0 0
871 84 113 0 0
872 85 113 0 0
873 84 113 0 0
874 84 112 0 0
875 85 112 0 0
876 84 112 0 0
877 85 112 0 0
878 84 112 0 0
879 85 112 0 0
880 84 112 0 0
881 84 111 0 0
882 85 111 0 0
883 84 111 0 0
884 85 111 0 0
885 84 111 0 0
886 85 111 0 0
887 84 111 0 0
888 85 111 0 0
889 84 111 0 0
890 84 110 0 0
891 85 110 0 0
892 84 110 0 0
893 85 110 0 0
894 84 110 0 0
895 85 110 0 0
896 84 110 0 0
897 84 109 0 0
898 85 109 0 0
899 84 109 0 0
900 85 109 0 0
901 84 109 0 0
902 85 109 0 0
903 84 109 0 0
904 84 108 0 0
905 85 108 0 0
906 84 108 0 0
907 85 108 0 0
908 84 108 0 0
909 85 108 0 0
910 84 108 0 0
911 84 107 0 0
912 85 107 0 0
913 84 107 0 0
914 85 107 0 0
915 84 107 0 0
916 85 107 0 0
917 84 107 0 0
918 84 106 0 0
919 85 106 0 0
920 84 106 0 0
921 85 106 0 0
922 84 106 0 0
923 85 106 0 0
924 84 106 0 0
925 84 105 0 0
926 85 105 0 0
927 84 105 0 0
928 85 105 0 0
929 84 105 0 0
930 84 104 0 0
931 85 104 0 0
932 84 104 0 0
933 85 104 0 0
934 84 104 0 0
935 85 104 0 0
936 84 104 0 0
937 84 103 0 0
938 85 103 0 0
939 84 103 0 0
940 85 103 0 0
941 84 103 0 0
942 85 103 0 0
943 84 103 0 0
944 84 102 0 0
945 85 102 0 0
946 84 102 0 0
947 85 102 0 0
948 84 102 0 0
949 84 101 0 0
950 85 101 0 0
951 84 101 0 0
952 85 101 0 0
953 84 101 0 0
954 85 101 0 0
955 84 101 0 0
956 84 100 0 0
957 85 100 0 0
958 84 100 0 0
959 85 100 0 0
960 84 100 0 0
961 85 100 0 0
962 85 99 0 0
963 86 99 0 0
964 85 99 0 0
965 86 99 0 0
966 85 99 0 0
967 85 98 0 0
968 86 98 0 0
969 85 98 0 0
970 86 98 0 0
971 85 98 0 0
972 86 98 0 0
973 85 98 0 0
974 85 97 0 0
975 86 97 0 0
976 85 97 0 0
977 86 97 0 0
978 85 97 0 0
979 86 97 0 0
980 85 97 0 0
981 85 96 0 0
982 86 96 0 0
983 85 96 0 0
984 86 96 0 0
985 85 96 0 0
986 85 95 0 0
987 86 95 0 0
988 85 95 0 0
989 86 95 0 0
990 85 95 0 0
991 86 95 0 0
992 85 95 0 0
993 85 94 0 0
994 86 94 0 0
995 85 94 0 0
996 86 94 0 0
997 85 94 0 0
998 86 94 0 0
999 85 94 0 0
1000 85 93 0 0
1001 86 93 0 0
1002 85 93 0 0
1003 86 93 0 0
1004 85 93 0 0
1005 85 92 0 0
1006 86 92 0 0
1007 85 92 0 0
1008 86 92 0 0
1009 85 92 0 0
1010 86 92 0 0
1011 85 92 0 0
1012 85 91 0 0
1013 86 91 0 0
1014 85 91 0 0
1015 86 91 0 0
1016 85 91 0 0
1017 86 91 0 0
1018 85 91 0 0
1019 85 90 0 0
1020 86 90 0 0
1021 87 90 0 0
1022 86 90 0 0
1023 86 89 0 0
1024 87 89 0 0
1025 86 89 0 0
1026 87 89 0 0
1027 86 89 0 0
1028 87 89 0 0
1029 86 89 0 0
1030 86 88 0 0
1031 87 88 0 0
1032 86 88 0 0
1033 87 88 0 0
1034 86 88 0 0
1035 87 88 0 0
1036 86 88 0 0
1037 86 87 0 0
1038 87 87 0 0
1039 86 87 0 0
1040 87 87 0 0
1041 86 87 0 0
1042 86 86 0 0
1043 87 86 0 0
1044 86 86 0 0
1045 87 86 0 0
1046 86 86 0 0
1047 87 86 0 0
1048 86 86 0 0
1049 86 85 0 0
1050 87 85 0 0
1051 86 85 0 0
1052 87 85 0 0
1053 86 85 0 0
1054 87 85 0 0
1055 86 85 0 0
1056 86 84 0 0
1057 87 84 0 0
1058 86 84 0 0
1059 87 84 0 0
1060 86 84 0 0
1061 86 83 0 0
1062 87 83 0 0
1063 86 83 0 0
1064 87 83 0 0
1065 86 83 0 0
1066 87 83 0 0
1067 86 83 0 0
1068 87 83 0 0
1069 86 83 0 0
1070 86 82 0 0
1071 87 82 0 0
1072 88 82 0 0
1073 87 82 0 0
1074 88 82 0 0
1075 87 82 0 0
1076 87 81 0 0
1077 88 81 0 0
1078 87 81 0 0
1079 87 80 0 0
1080 88 80 0 0
1081 87 80 0 0
1082 88 80 0 0
1083 87 80 0 0
1084 88 80 0 0
1085 87 80 0 0
1086 87 79 0 0
1087 88 79 0 0
1088 89 79 0 0
1089 88 79 0 0
1090 88 78 0 0
1091 89 78 0 0
1092 88 78 0 0
1093 89 78 0 0
1094 88 78 0 0
1095 89 78 0 0
1096 88 78 0 0
1097 88 77 0 0
1098 89 77 0 0
1099 88 77 0 0
1100 89 77 0 0
1101 88 77 0 0
1102 89 77 0 0
1103 88 77 0 0
1104 88 76 0 0
1105 89 76 0 0
1106 88 76 0 0
1107 89 76 0 0
1108 88 76 0 0
1109 89 76 0 0
1110 89 75 0 0
1111 90 75 0 0
1112 89 75 0 0
1113 90 75 0 0
1114 89 75 0 0
1115 90 75 0 0
1116 89 75 0 0
1117 89 74 0 0
1118 90 74 0 0
1119 89 74 0 0
1120 90 74 0 0
1121 89 74 0 0
1122 90 74 0 0
1123 89 74 0 0
1124 89 73 0 0
1125 90 73 0 0
1126 89 73 0 0
1127 90 73 0 0
1128 89 73 0 0
1129 89 72 0 0
1130 90 72 0 0
1131 90 71 0 0
1132 91 71 0 0
1133 90 71 0 0
1134 91 71 0 0
1135 90 71 0 0
1136 91 71 0 0
1137 90 71 0 0
1138 90 70 0 0
1139 91 70 0 0
1140 90 70 0 0
1141 91 70 0 0
1142 90 70 0 0
1143 91 70 0 0
1144 90 70 0 0
1145 90 69 0 0
1146 91 69 0 0
1147 90 69 0 0
1148 91 69 0 0
1149 90 69 0 0
1150 91 69 0 0
1151 90 69 0 0
1152 90 68 0 0
1153 91 68 0 0
1154 90 68 0 0
1155 91 68 0 0
1156 91 67 0 0
1157 92 67 0 0
1158 91 67 0 0
1159 92 67 0 0
1160 91 67 0 0
1161 91 66 0 0
1162 92 66 0 0
1163 91 66 0 0
1164 92 66 0 0
1165 91 66 0 0
1166 91 65 0 0
1167 92 65 0 0
1168 91 65 0 0
1169 92 65 0 0
1170 91 65 0 0
1171 92 65 0 0
1172 91 65 0 0
1173 91 64 0 0
1174 92 64 0 0
1175 92 63 0 0
1176 93 63 0 0
1177 92 63 0 0
1178 93 63 0 0
1179 92 63 0 0
1180 93 63 0 0
1181 92 63 0 0
1182 92 62 0 0
1183 93 62 0 0
1184 92 62 0 0
1185 93 62 0 0
1186 92 62 0 0
1187 93 62 0 0
1188 92 62 0 0
1189 92 61 0 0
1190 93 61 0 0
1191 92 61 0 0
1192 93 61 0 0
1193 92 61 0 0
1194 92 60 0 0
1195 93 60 0 0
1196 92 60 0 0
1197 93 60 0 0
1198 92 60 0 0
1199 92 59 0 0
1200 93 59 0 0
1201 94 59 0 0
1202 93 59 0 0
1203 94 59 0 0
1204 93 59 0 0
1205 93 58 0 0
1206 94 58 0 0
1207 93 58 0 0
1208 94 58 0 0
1209 93 58 0 0
1210 93 57 0 0
1211 94 57 0 0
1212 93 57 0 0
1213 94 57 0 0
1214 93 57 0 0
1215 93 56 0 0
1216 94 56 0 0
1217 93 56 0 0
1218 94 56 0 0
1219 94 55 0 0
1220 95 55 0 0
1221 94 55 0 0
1222 95 55 0 0
1223 94 55 0 0
1224 95 55 0 0
1225 94 55 0 0
1226 94 54 0 0
1227 95 54 0 0
1228 94 54 0 0
1229 95 54 0 0
1230 94 54 0 0
1231 94 53 0 0
1232 95 53 0 0
1233 94 53 0 0
1234 95 53 0 0
1235 94 53 0 0
1236 94 52 0 0
1237 95 52 0 0
1238 94 52 0 0
1239 95 52 0 0
1240 94 52 0 0
1241 95 52 0 0
1242 95 51 0 0
1243 96 51 0 0
1244 95 51 0 0
1245 96 51 0 0
1246 95 51 0 0
1247 95 50 0 0
1248 96 50 0 0
1249 95 50 0 0
1250 96 50 0 0
1251 95 50 0 0
1252 95 49 0 0
1253 96 49 0 0
1254 95 49 0 0
1255 96 49 0 0
1256 95 49 0 0
1257 96 49 0 0
1258 95 49 0 0
1259 95 48 0 0
1260 96 48 0 0
1261 95 48 0 0
1262 96 48 0 0
1263 95 48 0 0
1264 95 47 0 0
1265 96 47 0 0
1266 95 47 0 0
1267 96 47 0 0
1268 96 46 0 0
1269 97 46 0 0
1270 96 46 0 0
1271 97 46 0 0
1272 96 46 0 0
1273 96 45 0 0
1274 97 45 0 0
1275 96 45 0 0
1276 97 45 0 0
1277 96 45 0 0
1278 97 45 0 0
1279 96 45 0 0
1280 96 44 0 0
1281 97 44 0 0
1282 96 44 0 0
1283 97 44 0 0
1284 96 44 0 0
1285 96 43 0 0
1286 97 43 0 0
1287 98 43 0 0
1288 97 43 0 0
1289 97 42 0 0
1290 98 42 0 0
1291 97 42 0 0
1292 98 42 0 0
1293 97 42 0 0
1294 98 42 0 0
1295 97 42 0 0
1296 97 41 0 0
1297 98 41 0 0
1298 97 41 0 0
1299 98 41 0 0
1300 97 41 0 0
1301 97 40 0 0
1302 98 40 0 0
1303 97 40 0 0
1304 98 40 0 0
1305 97 40 0 0
1306 97 39 0 0
1307 98 39 0 0
1308 97 39 0 0
1309 98 39 0 0
1310 97 39 0 0
1311 98 39 0 0
1312 97 39 0 0
1313 97 38 0 0
1314 98 38 0 0
1315 97 38 0 0
1316 98 38 0 0
1317 97 38 0 0
1318 97 37 0 0
1319 98 37 0 0
1320 97 37 0 0
1321 98 37 0 0
1322 97 37 0 0
1323 98 37 0 0
1324 97 37 0 0
1325 97 36 0 0
1326 98 36 0 0
1327 97 36 0 0
1328 98 36 0 0
1329 97 36 0 0
1330 97 35 0 0
1331 98 35 0 0
1332 97 35 0 0
1333 98 35 0 0
1334 97 35 0 0
1335 97 34 0 0
1336 98 34 0 0
1337 97 34 0 0
1338 98 34 0 0
1339 97 34 0 0
1340 98 34 0 0
1341 97 34 0 0
1342 97 33 0 0
1343 98 33 0 0
1344 97 33 0 0
1345 98 33 0 0
1346 97 33 0 0
1347 97 32 0 0
1348 98 32 0 0
1349 97 32 0 0
1350 98 32 0 0
1351 97 32 0 0
1352 98 32 0 0
1353 97 32 0 0
1354 97 31 0 0
1355 98 31 0 0
1356 97 31 0 0
1357 98 31 0 0
1358 97 31 0 0
1359 97 30 0 0
1360 98 30 0 0
1361 97 30 0 0
1362 98 30 0 0
1363 97 30 0 0
1364 97 29 0 0
1365 98 29 0 0
1366 97 29 0 0
1367 98 29 0 0
1368 97 29 0 0
1369 98 29 0 0
1370 97 29 0 0
1371 97 28 0 0
1372 98 28 0 0
1373 97 28 0 0
1374 98 28 0 0
1375 97 28 0 0
1376 97 27 0 0
1377 98 27 0 0
1378 97 27 0 0
1379 98 27 0 0
1380 97 27 0 0
1381 98 27 0 0
1382 97 27 0 0
1383 97 26 0 0
1384 98 26 0 0
1385 97 26 0 0
1386 98 26 0 0
1387 97 26 0 0
1388 97 25 0 0
1389 98 25 0 0
1390 97 25 0 0
1391 98 25 0 0
1392 97 25 0 0
1393 97 24 0 0
1394 98 24 0 0
1395 97 24 0 0
1396 98 24 0 0
1397 97 24 0 0
1398 98 24 0 0
1399 97 24 0 0
1400 97 23 0 0
1401 98 23 0 0
1402 97 23 0 0
1403 98 23 0 0
1404 97 23 0 0
1405 97 22 0 0
1406 98 22 0 0
1407 97 22 0 0
1408 98 22 0 0
1409 97 22 0 0
1410 97 21 0 0
1411 98 21 0 0
1412 97 21 0 0
1413 98 21 0 0
1414 97 21 0 0
1415 97 20 0 0
1416 98 20 0 0
1417 97 20 0 0
1418 98 20 0 0
1419 98 19 0 0
1420 99 19 0 0
1421 98 19 0 0
1422 99 19 0 0
1423 98 19 0 0
1424 98 18 0 0
1425 99 18 0 0
1426 98 18 0 0
1427 99 18 0 0
1428 98 18 0 0
1429 98 17 0 0
1430 99 17 0 0
1431 98 17 0 0
1432 99 17 0 0
1433 98 17 0 0
1434 98 16 0 0
1435 99 16 0 0
1436 98 16 0 0
1437 99 16 0 0
1438 98 16 0 0
1439 98 15 0 0
1440 99 15 0 0
1441 98 15 0 0
1442 98 14 0 0
1443 99 14 0 0
1444 98 14 0 0
1445 99 14 0 0
