0 4 94 0 0
1 5 94 0 0
2 6 94 0 0
3 5 94 0 0
4 6 94 0 0
5 7 94 0 0
6 6 94 0 0
7 7 94 0 0
8 8 94 0 0
9 7 94 0 0
10 8 94 0 0
11 9 94 0 0
12 8 94 0 0
13 9 94 0 0
14 10 94 0 0
15 11 94 0 0
16 10 94 0 0
17 11 94 0 0
18 12 94 0 0
19 11 94 0 0
20 12 94 0 0
21 13 94 0 0
22 14 94 0 0
23 13 94 0 0
24 14 94 0 0
25 15 94 0 0
26 14 94 0 0
27 15 94 0 0
28 16 94 0 0
29 15 94 0 0
30 16 94 0 0
31 17 94 0 0
32 16 94 0 0
33 17 94 0 0
34 18 94 0 0
35 19 94 0 0
36 18 94 0 0
37 18 93 0 0
38 19 93 0 0
39 20 93 0 0
40 21 93 0 0
41 20 93 0 0
42 21 93 0 0
43 22 93 0 0
44 21 93 0 0
45 22 93 0 0
46 23 93 0 0
47 22 93 0 0
48 23 93 0 0
49 24 93 0 0
50 23 93 0 0
51 24 93 0 0
52 25 93 0 0
53 26 93 0 0
54 25 93 0 0
55 26 93 0 0
56 27 93 0 0
57 26 93 0 0
58 27 93 0 0
59 28 93 0 0
60 29 93 0 0
61 28 93 0 0
62 29 93 0 0
63 30 93 0 0
64 29 93 0 0
65 30 93 0 0
66 31 93 0 0
67 30 93 0 0
68 31 93 0 0
69 32 93 0 0
70 33 93 0 0
71 32 93 0 0
72 33 93 0 0
73 34 93 0 0
74 33 93 0 0
75 34 93 0 0
76 35 93 0 0
77 34 93 0 0
78 35 93 0 0
79 35 94 0 0
80 36 94 0 0
81 37 94 0 0
82 36 94 0 0
83 37 94 0 0
84 38 94 0 0
85 37 94 0 0
86 38 94 0 0
87 39 94 0 0
88 38 94 0 0
89 39 94 0 0
90 40 94 0 0
91 39 94 0 0
92 40 94 0 0
93 41 94 0 0
94 40 94 0 0
95 41 94 0 0
96 42 94 0 0
97 41 94 0 0
98 42 94 0 0
99 43 94 0 0
100 42 94 0 0
101 43 94 0 0
102 44 94 0 0
103 43 94 0 0
104 44 94 0 0
105 45 94 0 0
106 44 94 0 0
107 45 94 0 0
108 46 94 0 0
109 45 94 0 0
110 46 94 0 0
111 47 94 0 0
112 46 94 0 0
113 47 94 0 0
114 48 94 0 0
115 47 94 0 0
116 48 94 0 0
117 49 94 0 0
118 48 94 0 0
119 49 94 0 0
120 50 94 0 0
121 51 94 0 0
122 50 94 0 0
123 51 94 0 0
124 50 94 0 0
125 51 94 0 0
126 52 94 0 0
127 53 94 0 0
128 52 94 0 0
129 53 94 0 0
130 54 94 0 0
131 53 94 0 0
132 54 94 0 0
133 53 94 0 0
134 54 94 0 0
135 55 94 0 0
136 54 94 0 0
137 55 94 0 0
138 56 94 0 0
139 55 94 0 0
140 56 94 0 0
141 57 94 0 0
142 56 94 0 0
143 56 95 0 0
144 57 95 0 0
145 58 95 0 0
146 57 95 0 0
147 58 95 0 0
148 59 95 0 0
149 58 95 0 0
150 59 95 0 0
151 60 95 0 0
152 59 95 0 0
153 60 95 0 0
154 61 95 0 0
155 60 95 0 0
156 61 95 0 0
157 62 95 0 0
158 61 95 0 0
159 62 95 0 0
160 61 95 0 0
161 62 95 0 0
162 63 95 0 0
163 64 95 0 0
164 63 95 0 0
165 64 95 0 0
166 63 95 0 0
167 63 96 0 0
168 64 96 0 0
169 65 96 0 0
170 66 96 0 0
171 65 96 0 0
172 66 96 0 0
173 65 96 0 0
174 66 96 0 0
175 67 96 0 0
176 66 96 0 0
177 67 96 0 0
178 68 96 0 0
179 67 96 0 0
180 68 96 0 0
181 69 96 0 0
182 68 96 0 0
183 69 96 0 0
184 68 96 0 0
185 69 96 0 0
186 68 96 0 0
187 69 96 0 0
188 70 96 0 0
189 69 96 0 0
190 70 96 0 0
191 69 96 0 0
192 70 96 0 0
193 71 96 0 0
194 70 96 0 0
195 71 96 0 0
196 70 96 0 0
197 71 96 0 0
198 70 96 0 0
199 71 96 0 0
200 72 96 0 0
201 71 96 0 0
202 72 96 0 0
203 71 96 0 0
204 72 96 0 0
205 73 96 0 0
206 72 96 0 0
207 73 96 0 0
208 72 96 0 0
209 73 96 0 0
210 72 96 0 0
211 73 96 0 0
212 74 96 0 0
213 73 96 0 0
214 74 96 0 0
215 73 96 0 0
216 74 96 0 0
217 73 96 0 0
218 74 96 0 0
219 75 96 0 0
220 74 96 0 0
221 75 96 0 0
222 74 96 0 0
223 75 96 0 0
224 76 96 0 0
225 75 96 0 0
226 76 96 0 0
227 75 96 0 0
228 76 96 0 0
229 76 95 0 0
230 77 95 0 0
231 76 95 0 0
232 77 95 0 0
233 76 95 0 0
234 77 95 0 0
235 76 95 0 0
236 77 95 0 0
237 78 95 0 0
238 77 95 0 0
239 78 95 0 0
240 77 95 0 0
241 78 95 0 0
242 77 95 0 0
243 78 95 0 0
244 77 95 0 0
245 78 95 0 0
246 77 95 0 0
247 78 95 0 0
248 79 95 0 0
249 78 95 0 0
250 79 95 0 0
251 78 95 0 0
252 79 95 0 0
253 78 95 0 0
254 79 95 0 0
255 78 95 0 0
256 79 95 0 0
257 79 94 0 0
258 80 94 0 0
259 79 94 0 0
260 80 94 0 0
261 79 94 0 0
262 80 94 0 0
263 79 94 0 0
264 80 94 0 0
265 81 94 0 0
266 80 94 0 0
267 81 94 0 0
268 80 94 0 0
269 81 94 0 0
270 80 94 0 0
271 81 94 0 0
272 80 94 0 0
273 81 94 0 0
274 82 94 0 0
275 81 94 0 0
276 82 94 0 0
277 81 94 0 0
278 82 94 0 0
279 81 94 0 0
280 82 94 0 0
281 81 94 0 0
282 82 94 0 0
283 83 94 0 0
284 82 94 0 0
285 82 93 0 0
286 83 93 0 0
287 82 93 0 0
288 83 93 0 0
289 82 93 0 0
290 83 93 0 0
291 82 93 0 0
292 83 93 0 0
293 82 93 0 0
294 83 93 0 0
295 84 93 0 0
296 83 93 0 0
297 84 93 0 0
298 83 93 0 0
299 84 93 0 0
300 83 93 0 0
301 84 93 0 0
302 83 93 0 0
303 84 93 0 0
304 83 93 0 0
305 84 93 0 0
306 83 93 0 0
307 84 93 0 0
308 83 93 0 0
309 84 93 0 0
310 83 93 0 0
311 84 93 0 0
312 83 93 0 0
313 84 93 0 0
314 85 93 0 0
315 84 93 0 0
316 85 93 0 0
317 84 93 0 0
318 85 93 0 0
319 84 93 0 0
320 85 93 0 0
321 84 93 0 0
322 85 93 0 0
323 84 93 0 0
324 84 92 0 0
325 85 92 0 0
326 84 92 0 0
327 85 92 0 0
328 84 92 0 0
329 85 92 0 0
330 86 92 0 0
331 85 92 0 0
332 86 92 0 0
333 85 92 0 0
334 86 92 0 0
335 85 92 0 0
336 86 92 0 0
337 85 92 0 0
338 86 92 0 0
339 85 92 0 0
340 86 92 0 0
341 85 92 0 0
342 86 92 0 0
343 85 92 0 0
344 86 92 0 0
345 85 92 0 0
346 86 92 0 0
347 85 92 0 0
348 86 92 0 0
349 85 92 0 0
350 86 92 0 0
351 85 92 0 0
352 86 92 0 0
353 85 92 0 0
354 86 92 0 0
355 85 92 0 0
356 86 92 0 0
357 85 92 0 0
358 86 92 0 0
359 87 92 0 0
360 86 92 0 0
361 87 92 0 0
362 86 92 0 0
363 87 92 0 0
364 86 92 0 0
365 87 92 0 0
366 86 92 0 0
367 87 92 0 0
368 86 92 0 0
369 87 92 0 0
370 86 92 0 0
371 87 92 0 0
372 86 92 0 0
373 86 91 0 0
374 87 91 0 0
375 86 91 0 0
376 87 91 0 0
377 86 91 0 0
378 87 91 0 0
379 86 91 0 0
380 87 91 0 0
381 86 91 0 0
382 87 91 0 0
383 86 91 0 0
384 87 91 0 0
385 86 91 0 0
386 87 91 0 0
387 86 91 0 0
388 87 91 0 0
389 86 91 0 0
390 87 91 0 0
391 86 91 0 0
392 87 91 0 0
393 86 91 0 0
394 87 91 0 0
395 86 91 0 0
396 87 91 0 0
397 86 91 0 0
398 87 91 0 0
399 86 91 0 0
400 87 91 0 0
401 86 91 0 0
402 87 91 0 0
403 86 91 0 0
404 87 91 0 0
405 86 91 0 0
406 87 91 0 0
407 86 91 0 0
408 87 91 0 0
409 86 91 0 0
410 87 91 0 0
411 86 91 0 0
412 87 91 0 0
413 88 91 0 0
414 87 91 0 0
415 88 91 0 0
416 87 91 0 0
417 88 91 0 0
418 87 91 0 0
419 88 91 0 0
420 87 91 0 0
421 88 91 0 0
422 87 91 0 0
423 88 91 0 0
424 87 91 0 0
425 88 91 0 0
426 87 91 0 0
427 88 91 0 0
428 87 91 0 0
429 88 91 0 0
430 87 91 0 0
431 88 91 0 0
432 87 91 0 0
433 88 91 0 0
434 87 91 0 0
435 88 91 0 0
436 89 91 0 0
437 88 91 0 0
438 89 91 0 0
439 88 91 0 0
440 89 91 0 0
441 88 91 0 0
442 89 91 0 0
443 88 91 0 0
444 89 91 0 0
445 88 91 0 0
446 89 91 0 0
447 88 91 0 0
448 89 91 0 0
449 88 91 0 0
450 88 90 0 0
451 89 90 0 0
452 88 90 0 0
453 89 90 0 0
454 88 90 0 0
455 89 90 0 0
456 88 90 0 0
457 89 90 0 0
458 88 90 0 0
459 89 90 0 0
460 88 90 0 0
461 89 90 0 0
462 88 90 0 0
463 89 90 0 0
464 88 90 0 0
465 89 90 0 0
466 88 90 0 0
467 89 90 0 0
468 88 90 0 0
469 89 90 0 0
470 90 90 0 0
471 89 90 0 0
472 90 90 0 0
473 89 90 0 0
474 90 90 0 0
475 89 90 0 0
476 90 90 0 0
477 89 90 0 0
478 90 90 0 0
479 89 90 0 0
480 90 90 0 0
481 89 90 0 0
482 90 90 0 0
483 89 90 0 0
484 90 90 0 0
485 89 90 0 0
486 90 90 0 0
487 89 90 0 0
488 90 90 0 0
489 89 90 0 0
490 90 90 0 0
491 89 90 0 0
492 90 90 0 0
493 91 90 0 0
494 90 90 0 0
495 91 90 0 0
496 90 90 0 0
497 91 90 0 0
498 90 90 0 0
499 91 90 0 0
500 90 90 0 0
501 91 90 0 0
502 90 90 0 0
503 91 90 0 0
504 90 90 0 0
505 91 90 0 0
506 90 90 0 0
507 91 90 0 0
508 90 90 0 0
509 91 90 0 0
510 90 90 0 0
511 91 90 0 0
512 90 90 0 0
513 91 90 0 0
514 90 90 0 0
515 91 90 0 0
516 90 90 0 0
517 91 90 0 0
518 90 90 0 0
519 91 90 0 0
520 90 90 0 0
521 91 90 0 0
522 90 90 0 0
523 91 90 0 0
524 90 90 0 0
525 91 90 0 0
526 92 90 0 0
527 91 90 0 0
528 92 90 0 0
529 91 90 0 0
530 92 90 0 0
531 91 90 0 0
532 92 90 0 0
533 91 90 0 0
534 92 90 0 0
535 91 90 0 0
536 92 90 0 0
537 91 90 0 0
538 92 90 0 0
539 91 90 0 0
540 92 90 0 0
541 91 90 0 0
542 92 90 0 0
543 91 90 0 0
544 91 89 0 0
545 92 89 0 0
546 91 89 0 0
547 92 89 0 0
548 91 89 0 0
549 92 89 0 0
550 93 89 0 0
551 92 89 0 0
552 93 89 0 0
553 92 89 0 0
554 93 89 0 0
555 92 89 0 0
556 93 89 0 0
557 92 89 0 0
558 93 89 0 0
559 92 89 0 0
560 93 89 0 0
561 92 89 0 0
562 93 89 0 0
563 92 89 0 0
564 93 89 0 0
565 92 89 0 0
566 93 89 0 0
567 92 89 0 0
568 93 89 0 0
569 92 89 0 0
570 93 89 0 0
571 92 89 0 0
572 93 89 0 0
573 92 89 0 0
574 93 89 0 0
575 92 89 0 0
576 93 89 0 0
577 92 89 0 0
578 93 89 0 0
579 92 89 0 0
580 93 89 0 0
581 92 89 0 0
582 93 89 0 0
583 94 89 0 0
584 93 89 0 0
585 94 89 0 0
586 93 89 0 0
587 94 89 0 0
588 93 89 0 0
589 94 89 0 0
590 93 89 0 0
591 94 89 0 0
592 93 89 0 0
593 94 89 0 0
594 93 89 0 0
595 94 89 0 0
596 93 89 0 0
597 94 89 0 0
598 93 89 0 0
599 94 89 0 0
600 93 89 0 0
601 94 89 0 0
602 93 89 0 0
603 94 89 0 0
604 93 89 0 0
605 94 89 0 0
606 93 89 0 0
607 94 89 0 0
608 93 89 0 0
609 94 89 0 0
610 93 89 0 0
611 94 89 0 0
612 93 89 0 0
613 94 89 0 0
614 95 89 0 0
615 94 89 0 0
616 95 89 0 0
617 94 89 0 0
618 95 89 0 0
619 94 89 0 0
620 95 89 0 0
621 94 89 0 0
622 95 89 0 0
623 94 89 0 0
624 95 89 0 0
625 94 89 0 0
626 95 89 0 0
627 94 89 0 0
628 95 89 0 0
629 94 89 0 0
630 95 89 0 0
631 94 89 0 0
632 95 89 0 0
633 94 89 0 0
634 95 89 0 0
635 94 89 0 0
636 95 89 0 0
637 95 88 0 0
638 96 88 0 0
639 95 88 0 0
640 96 88 0 0
641 95 88 0 0
642 96 88 0 0
643 95 88 0 0
644 96 88 0 0
645 95 88 0 0
646 96 88 0 0
647 95 88 0 0
648 96 88 0 0
649 95 88 0 0
650 96 88 0 0
651 95 88 0 0
652 96 88 0 0
653 95 88 0 0
654 96 88 0 0
655 95 88 0 0
656 96 88 0 0
657 95 88 0 0
658 96 88 0 0
659 95 88 0 0
660 96 88 0 0
661 95 88 0 0
662 96 88 0 0
663 95 88 0 0
664 96 88 0 0
665 95 88 0 0
666 96 88 0 0
667 95 88 0 0
668 96 88 0 0
669 97 88 0 0
670 96 88 0 0
671 97 88 0 0
672 96 88 0 0
673 97 88 0 0
674 96 88 0 0
675 97 88 0 0
676 96 88 0 0
677 97 88 0 0
678 96 88 0 0
679 97 88 0 0
680 96 88 0 0
681 97 88 0 0
682 96 88 0 0
683 97 88 0 0
684 96 88 0 0
685 97 88 0 0
686 96 88 0 0
687 97 88 0 0
688 96 88 0 0
689 97 88 0 0
690 96 88 0 0
691 97 88 0 0
692 98 88 0 0
693 97 88 0 0
694 98 88 0 0
695 97 88 0 0
696 98 88 0 0
697 97 88 0 0
698 98 88 0 0
699 97 88 0 0
700 98 88 0 0
701 97 88 0 0
702 98 88 0 0
703 97 88 0 0
704 98 88 0 0
705 97 88 0 0
706 98 88 0 0
707 97 88 0 0
708 98 88 0 0
709 97 88 0 0
710 98 88 0 0
711 97 88 0 0
712 98 88 0 0
713 97 88 0 0
714 98 88 0 0
715 97 88 0 0
716 98 88 0 0
717 97 88 0 0
718 98 88 0 0
719 97 88 0 0
720 98 88 0 0
721 99 88 0 0
722 98 88 0 0
723 99 88 0 0
724 98 88 0 0
725 98 87 0 0
726 99 87 0 0
727 98 87 0 0
728 99 87 0 0
729 98 87 0 0
730 99 87 0 0
731 98 87 0 0
732 99 87 0 0
733 98 87 0 0
734 99 87 0 0
735 98 87 0 0
736 99 87 0 0
737 98 87 0 0
738 99 87 0 0
739 100 87 0 0
740 99 87 0 0
741 100 87 0 0
742 99 87 0 0
743 99 86 0 0
744 100 86 0 0
745 99 86 0 0
746 100 86 0 0
747 99 86 0 0
748 100 86 0 0
749 99 86 0 0
750 100 86 0 0
751 99 86 0 0
752 100 86 0 0
753 101 86 0 0
754 100 86 0 0
755 101 86 0 0
756 100 86 0 0
757 101 86 0 0
758 100 86 0 0
759 101 86 0 0
760 100 86 0 0
761 100 85 0 0
762 101 85 0 0
763 100 85 0 0
764 101 85 0 0
765 100 85 0 0
766 101 85 0 0
767 100 85 0 0
768 101 85 0 0
769 100 85 0 0
770 101 85 0 0
771 100 85 0 0
772 101 85 0 0
773 102 85 0 0
774 101 85 0 0
775 102 85 0 0
776 101 85 0 0
777 102 85 0 0
778 101 85 0 0
779 101 84 0 0
780 102 84 0 0
781 101 84 0 0
782 102 84 0 0
783 101 84 0 0
784 102 84 0 0
785 101 84 0 0
786 102 84 0 0
787 101 84 0 0
788 102 84 0 0
789 101 84 0 0
790 102 84 0 0
791 103 84 0 0
792 102 84 0 0
793 103 84 0 0
794 102 84 0 0
795 102 83 0 0
796 103 83 0 0
797 102 83 0 0
798 103 83 0 0
799 102 83 0 0
800 103 83 0 0
801 104 83 0 0
802 103 83 0 0
803 104 83 0 0
804 103 83 0 0
805 104 83 0 0
806 103 83 0 0
807 104 83 0 0
808 103 83 0 0
809 104 83 0 0
810 105 83 0 0
811 104 83 0 0
812 105 83 0 0
813 104 83 0 0
814 105 83 0 0
815 104 83 0 0
816 105 83 0 0
817 106 83 0 0
818 105 83 0 0
819 106 83 0 0
820 105 83 0 0
821 106 83 0 0
822 105 83 0 0
823 106 83 0 0
824 105 83 0 0
825 106 83 0 0
826 105 83 0 0
827 106 83 0 0
828 107 83 0 0
829 106 83 0 0
830 107 83 0 0
831 106 83 0 0
832 107 83 0 0
833 106 83 0 0
834 107 83 0 0
835 106 83 0 0
836 107 83 0 0
837 108 83 0 0
838 107 83 0 0
839 108 83 0 0
840 107 83 0 0
841 108 83 0 0
842 107 83 0 0
843 108 83 0 0
844 109 83 0 0
845 108 83 0 0
846 109 83 0 0
847 108 83 0 0
848 109 83 0 0
849 108 83 0 0
850 109 83 0 0
851 108 83 0 0
852 109 83 0 0
853 110 83 0 0
854 109 83 0 0
855 110 83 0 0
856 109 83 0 0
857 110 83 0 0
858 109 83 0 0
859 110 83 0 0
860 111 83 0 0
861 110 83 0 0
862 111 83 0 0
863 110 83 0 0
864 111 83 0 0
865 110 83 0 0
866 111 83 0 0
867 110 83 0 0
868 110 82 0 0
869 111 82 0 0
870 110 82 0 0
871 110 83 0 0
872 111 83 0 0
873 112 83 0 0
874 111 83 0 0
875 112 83 0 0
876 111 83 0 0
877 112 83 0 0
878 111 83 0 0
879 112 83 0 0
880 113 83 0 0
881 112 83 0 0
882 113 83 0 0
883 112 83 0 0
884 113 83 0 0
885 112 83 0 0
886 112 84 0 0
887 113 84 0 0
888 112 84 0 0
889 113 84 0 0
890 114 84 0 0
891 113 84 0 0
892 114 84 0 0
893 113 84 0 0
894 114 84 0 0
895 113 84 0 0
896 114 84 0 0
897 113 84 0 0
898 114 84 0 0
899 115 84 0 0
900 114 84 0 0
901 115 84 0 0
902 114 84 0 0
903 114 85 0 0
904 115 85 0 0
905 114 85 0 0
906 115 85 0 0
907 116 85 0 0
908 115 85 0 0
909 116 85 0 0
910 115 85 0 0
911 116 85 0 0
912 115 85 0 0
913 116 85 0 0
914 115 85 0 0
915 116 85 0 0
916 117 85 0 0
917 116 85 0 0
918 116 86 0 0
919 117 86 0 0
920 116 86 0 0
921 117 86 0 0
922 116 86 0 0
923 117 86 0 0
924 118 86 0 0
925 117 86 0 0
926 118 86 0 0
927 117 86 0 0
928 118 86 0 0
929 117 86 0 0
930 117 87 0 0
931 118 87 0 0
932 117 87 0 0
933 118 87 0 0
934 117 87 0 0
935 118 87 0 0
936 119 87 0 0
937 118 87 0 0
938 118 88 0 0
939 119 88 0 0
940 118 88 0 0
941 119 88 0 0
942 118 88 0 0
943 119 88 0 0
944 118 88 0 0
945 119 88 0 0
946 118 88 0 0
947 118 89 0 0
948 119 89 0 0
949 120 89 0 0
950 119 89 0 0
951 120 89 0 0
952 119 89 0 0
953 120 89 0 0
954 119 89 0 0
955 119 90 0 0
956 120 90 0 0
957 121 90 0 0
958 120 90 0 0
959 121 90 0 0
960 120 90 0 0
961 120 91 0 0
962 121 91 0 0
963 120 91 0 0
964 121 91 0 0
965 120 91 0 0
966 121 91 0 0
967 120 91 0 0
968 121 91 0 0
969 121 92 0 0
970 122 92 0 0
971 121 92 0 0
972 122 92 0 0
973 121 92 0 0
974 122 92 0 0
975 121 92 0 0
976 122 92 0 0
977 121 92 0 0
978 121 93 0 0
979 122 93 0 0
980 121 93 0 0
981 122 93 0 0
982 123 93 0 0
983 122 93 0 0
984 123 93 0 0
985 122 93 0 0
986 122 94 0 0
987 123 94 0 0
988 122 94 0 0
989 123 94 0 0
990 122 94 0 0
991 123 94 0 0
992 124 94 0 0
993 123 94 0 0
994 123 95 0 0
995 124 95 0 0
996 123 95 0 0
997 124 95 0 0
998 123 95 0 0
999 124 95 0 0
1000 125 95 0 0
1001 124 95 0 0
1002 125 95 0 0
1003 124 95 0 0
1004 124 96 0 0
1005 125 96 0 0
1006 124 96 0 0
1007 125 96 0 0
1008 124 96 0 0
1009 125 96 0 0
1010 125 97 0 0
1011 126 97 0 0
1012 125 97 0 0
1013 126 97 0 0
1014 125 97 0 0
1015 126 97 0 0
1016 125 97 0 0
1017 126 97 0 0
1018 125 97 0 0
1019 126 97 0 0
1020 126 98 0 0
1021 127 98 0 0
1022 126 98 0 0
1023 127 98 0 0
1024 126 98 0 0
1025 127 98 0 0
1026 126 98 0 0
1027 127 98 0 0
1028 128 98 0 0
1029 127 98 0 0
1030 127 99 0 0
1031 128 99 0 0
1032 127 99 0 0
1033 128 99 0 0
1034 127 99 0 0
1035 127 100 0 0
1036 128 100 0 0
1037 127 100 0 0
1038 128 100 0 0
1039 127 100 0 0
1040 128 100 0 0
1041 127 100 0 0
1042 127 101 0 0
1043 128 101 0 0
1044 127 101 0 0
1045 128 101 0 0
1046 127 101 0 0
1047 127 102 0 0
1048 128 102 0 0
1049 127 102 0 0
1050 128 102 0 0
1051 127 102 0 0
1052 128 102 0 0
1053 127 102 0 0
1054 127 103 0 0
1055 128 103 0 0
1056 127 103 0 0
1057 128 103 0 0
1058 127 103 0 0
1059 127 104 0 0
1060 128 104 0 0
1061 127 104 0 0
1062 128 104 0 0
1063 127 104 0 0
1064 128 104 0 0
1065 127 104 0 0
1066 127 105 0 0
1067 128 105 0 0
1068 127 105 0 0
1069 128 105 0 0
1070 127 105 0 0
1071 127 106 0 0
1072 128 106 0 0
1073 127 106 0 0
1074 128 106 0 0
1075 127 106 0 0
1076 128 106 0 0
1077 127 106 0 0
1078 127 107 0 0
1079 126 107 0 0
1080 127 107 0 0
1081 126 107 0 0
1082 126 108 0 0
1083 127 108 0 0
1084 126 108 0 0
1085 127 108 0 0
1086 126 108 0 0
1087 125 108 0 0
1088 125 109 0 0
1089 126 109 0 0
1090 125 109 0 0
1091 126 109 0 0
1092 125 109 0 0
1093 126 109 0 0
1094 125 109 0 0
1095 125 110 0 0
1096 126 110 0 0
1097 125 110 0 0
1098 126 110 0 0
1099 125 110 0 0
1100 125 111 0 0
1101 124 111 0 0
1102 125 111 0 0
1103 124 111 0 0
1104 125 111 0 0
1105 124 111 0 0
1106 124 112 0 0
1107 125 112 0 0
1108 124 112 0 0
1109 123 112 0 0
1110 124 112 0 0
1111 123 112 0 0
1112 123 113 0 0
1113 124 113 0 0
1114 123 113 0 0
1115 124 113 0 0
1116 123 113 0 0
1117 123 114 0 0
1118 124 114 0 0
1119 123 114 0 0
1120 124 114 0 0
1121 123 114 0 0
1122 122 114 0 0
1123 122 115 0 0
1124 123 115 0 0
1125 122 115 0 0
1126 123 115 0 0
1127 122 115 0 0
1128 122 116 0 0
1129 123 116 0 0
1130 122 116 0 0
1131 123 116 0 0
1132 122 116 0 0
1133 123 116 0 0
1134 122 116 0 0
1135 122 117 0 0
1136 121 117 0 0
1137 122 117 0 0
1138 121 117 0 0
1139 121 118 0 0
1140 122 118 0 0
1141 121 118 0 0
1142 122 118 0 0
1143 121 118 0 0
1144 122 118 0 0
1145 121 118 0 0
1146 121 119 0 0
1147 120 119 0 0
1148 121 119 0 0
1149 120 119 0 0
1150 120 120 0 0
1151 121 120 0 0
1152 120 120 0 0
1153 121 120 0 0
1154 120 120 0 0
1155 121 120 0 0
1156 120 120 0 0
1157 120 121 0 0
1158 121 121 0 0
1159 120 121 0 0
1160 121 121 0 0
1161 120 121 0 0
1162 120 122 0 0
1163 119 122 0 0
1164 120 122 0 0
1165 119 122 0 0
1166 120 122 0 0
1167 119 122 0 0
1168 119 123 0 0
1169 120 123 0 0
1170 119 123 0 0
1171 120 123 0 0
1172 119 123 0 0
1173 119 124 0 0
1174 120 124 0 0
1175 119 124 0 0
1176 120 124 0 0
1177 119 124 0 0
1178 119 125 0 0
1179 118 125 0 0
1180 119 125 0 0
1181 118 125 0 0
1182 118 126 0 0
1183 119 126 0 0
1184 118 126 0 0
1185 119 126 0 0
1186 118 126 0 0
1187 118 127 0 0
1188 119 127 0 0
1189 118 127 0 0
1190 119 127 0 0
1191 118 127 0 0
1192 118 128 0 0
1193 119 128 0 0
1194 118 128 0 0
1195 119 128 0 0
1196 118 128 0 0
1197 118 129 0 0
1198 119 129 0 0
1199 118 129 0 0
1200 119 129 0 0
1201 118 129 0 0
1202 118 130 0 0
1203 119 130 0 0
1204 118 130 0 0
1205 119 130 0 0
1206 118 130 0 0
1207 118 131 0 0
1208 117 131 0 0
1209 118 131 0 0
1210 117 131 0 0
1211 117 132 0 0
1212 118 132 0 0
1213 117 132 0 0
1214 118 132 0 0
1215 117 132 0 0
1216 117 133 0 0
1217 118 133 0 0
1218 117 133 0 0
1219 118 133 0 0
1220 117 133 0 0
1221 117 134 0 0
1222 118 134 0 0
1223 117 134 0 0
1224 118 134 0 0
1225 117 134 0 0
1226 117 135 0 0
1227 118 135 0 0
1228 117 135 0 0
1229 118 135 0 0
1230 117 135 0 0
1231 117 136 0 0
1232 118 136 0 0
1233 117 136 0 0
1234 118 136 0 0
1235 117 136 0 0
1236 117 137 0 0
1237 118 137 0 0
1238 117 137 0 0
1239 116 137 0 0
1240 116 138 0 0
1241 117 138 0 0
1242 116 138 0 0
1243 117 138 0 0
1244 116 138 0 0
1245 116 139 0 0
1246 117 139 0 0
1247 116 139 0 0
1248 117 139 0 0
1249 116 139 0 0
1250 116 140 0 0
1251 117 140 0 0
1252 116 140 0 0
1253 117 140 0 0
1254 116 140 0 0
1255 116 141 0 0
1256 117 141 0 0
1257 116 141 0 0
1258 117 141 0 0
1259 116 141 0 0
1260 116 142 0 0
1261 117 142 0 0
1262 116 142 0 0
1263 116 143 0 0
1264 117 143 0 0
1265 116 143 0 0
1266 117 143 0 0
1267 116 143 0 0
1268 116 144 0 0
1269 117 144 0 0
1270 116 144 0 0
1271 117 144 0 0
1272 116 144 0 0
1273 116 145 0 0
1274 117 145 0 0
1275 116 145 0 0
1276 117 145 0 0
1277 116 145 0 0
1278 116 146 0 0
1279 117 146 0 0
1280 116 146 0 0
1281 117 146 0 0
1282 116 146 0 0
1283 116 147 0 0
1284 117 147 0 0
1285 116 147 0 0
1286 117 147 0 0
1287 116 147 0 0
1288 116 148 0 0
1289 117 148 0 0
1290 116 148 0 0
1291 117 148 0 0
1292 116 148 0 0
1293 116 149 0 0
1294 117 149 0 0
1295 116 149 0 0
1296 117 149 0 0
1297 116 149 0 0
1298 116 150 0 0
1299 117 150 0 0
1300 116 150 0 0
1301 117 150 0 0
1302 116 150 0 0
1303 116 151 0 0
1304 117 151 0 0
1305 116 151 0 0
1306 117 151 0 0
1307 116 151 0 0
1308 116 152 0 0
1309 117 152 0 0
1310 116 152 0 0
1311 117 152 0 0
1312 116 152 0 0
1313 116 153 0 0
1314 117 153 0 0
1315 116 153 0 0
1316 116 154 0 0
1317 117 154 0 0
1318 116 154 0 0
1319 117 154 0 0
1320 117 155 0 0
1321 118 155 0 0
1322 117 155 0 0
1323 118 155 0 0
1324 117 155 0 0
1325 117 156 0 0
1326 118 156 0 0
1327 117 156 0 0
1328 117 157 0 0
1329 118 157 0 0
1330 117 157 0 0
1331 118 157 0 0
1332 117 157 0 0
1333 117 158 0 0
1334 118 158 0 0
1335 117 158 0 0
1336 118 158 0 0
1337 117 158 0 0
1338 117 159 0 0
1339 118 159 0 0
1340 117 159 0 0
1341 118 159 0 0
1342 117 159 0 0
1343 117 160 0 0
1344 118 160 0 0
1345 118 161 0 0
1346 119 161 0 0
1347 118 161 0 0
1348 119 161 0 0
1349 118 161 0 0
1350 118 162 0 0
1351 119 162 0 0
1352 118 162 0 0
1353 119 162 0 0
1354 118 162 0 0
1355 118 163 0 0
1356 119 163 0 0
1357 118 163 0 0
1358 119 163 0 0
1359 118 163 0 0
1360 118 164 0 0
1361 119 164 0 0
1362 118 164 0 0
1363 118 165 0 0
1364 119 165 0 0
1365 118 165 0 0
1366 119 165 0 0
1367 118 165 0 0
1368 118 166 0 0
1369 119 166 0 0
1370 120 166 0 0
1371 119 166 0 0
1372 119 167 0 0
1373 120 167 0 0
1374 119 167 0 0
1375 120 167 0 0
1376 119 167 0 0
1377 119 168 0 0
1378 120 168 0 0
1379 119 168 0 0
1380 120 168 0 0
1381 119 168 0 0
1382 119 169 0 0
1383 120 169 0 0
1384 121 169 0 0
1385 120 169 0 0
1386 120 170 0 0
1387 121 170 0 0
1388 120 170 0 0
1389 120 171 0 0
1390 121 171 0 0
1391 120 171 0 0
1392 121 171 0 0
1393 120 171 0 0
1394 120 172 0 0
1395 121 172 0 0
1396 120 172 0 0
1397 121 172 0 0
1398 120 172 0 0
1399 120 173 0 0
1400 121 173 0 0
1401 120 173 0 0
1402 121 173 0 0
1403 121 174 0 0
1404 122 174 0 0
1405 121 174 0 0
1406 122 174 0 0
1407 121 174 0 0
1408 121 175 0 0
1409 122 175 0 0
1410 121 175 0 0
1411 121 176 0 0
1412 122 176 0 0
1413 121 176 0 0
1414 122 176 0 0
1415 121 176 0 0
1416 121 177 0 0
1417 122 177 0 0
1418 121 177 0 0
1419 122 177 0 0
1420 121 177 0 0
1421 121 178 0 0
1422 122 178 0 0
1423 121 178 0 0
1424 122 178 0 0
1425 121 178 0 0
1426 121 179 0 0
1427 122 179 0 0
1428 121 179 0 0
1429 122 179 0 0
1430 121 179 0 0
1431 121 180 0 0
1432 122 180 0 0
1433 123 180 0 0
1434 122 180 0 0
1435 122 181 0 0
1436 123 181 0 0
1437 122 181 0 0
1438 122 182 0 0
1439 123 182 0 0
1440 122 182 0 0
1441 123 182 0 0
1442 122 182 0 0
1443 122 183 0 0
1444 123 183 0 0
1445 122 183 0 0
1446 123 183 0 0
1447 122 183 0 0
1448 122 184 0 0
1449 123 184 0 0
1450 122 184 0 0
1451 123 184 0 0
1452 122 184 0 0
1453 122 185 0 0
1454 123 185 0 0
1455 122 185 0 0
1456 123 185 0 0
1457 122 185 0 0
1458 122 186 0 0
1459 123 186 0 0
1460 122 186 0 0
1461 122 187 0 0
1462 123 187 0 0
1463 122 187 0 0
1464 123 187 0 0
1465 122 187 0 0
1466 122 188 0 0
1467 123 188 0 0
1468 122 188 0 0
1469 123 188 0 0
1470 122 188 0 0
1471 122 189 0 0
1472 123 189 0 0
1473 122 189 0 0
1474 123 189 0 0
1475 122 189 0 0
1476 122 190 0 0
1477 123 190 0 0
1478 122 190 0 0
1479 123 190 0 0
1480 122 190 0 0
1481 123 190 0 0
1482 122 190 0 0
1483 122 191 0 0
1484 123 191 0 0
1485 122 191 0 0
1486 122 192 0 0
1487 123 192 0 0
1488 122 192 0 0
1489 122 193 0 0
1490 123 193 0 0
1491 122 193 0 0
1492 123 193 0 0
1493 122 193 0 0
1494 122 194 0 0
1495 123 194 0 0
1496 122 194 0 0
1497 123 194 0 0
1498 122 194 0 0
1499 122 195 0 0
1500 123 195 0 0
1501 122 195 0 0
1502 123 195 0 0
1503 122 195 0 0
1504 122 196 0 0
1505 123 196 0 0
1506 122 196 0 0
1507 123 196 0 0
1508 124 196 0 0
1509 123 196 0 0
1510 123 197 0 0
1511 124 197 0 0
1512 123 197 0 0
1513 123 198 0 0
1514 124 198 0 0
1515 123 198 0 0
1516 124 198 0 0
1517 123 198 0 0
1518 123 199 0 0
1519 124 199 0 0
1520 123 199 0 0
1521 123 200 0 0
1522 124 200 0 0
1523 123 200 0 0
1524 124 200 0 0
1525 123 200 0 0
1526 123 201 0 0
1527 124 201 0 0
1528 123 201 0 0
1529 123 202 0 0
1530 124 202 0 0
1531 123 202 0 0
1532 123 203 0 0
1533 124 203 0 0
1534 123 203 0 0
1535 124 203 0 0
1536 123 203 0 0
1537 124 203 0 0
1538 123 203 0 0
1539 123 204 0 0
1540 124 204 0 0
1541 123 204 0 0
1542 123 205 0 0
1543 124 205 0 0
1544 123 205 0 0
1545 124 205 0 0
1546 123 205 0 0
1547 123 206 0 0
1548 124 206 0 0
1549 123 206 0 0
1550 124 206 0 0
1551 123 206 0 0
1552 123 207 0 0
1553 124 207 0 0
1554 123 207 0 0
1555 123 208 0 0
1556 124 208 0 0
1557 123 208 0 0
1558 124 208 0 0
1559 124 209 0 0
1560 125 209 0 0
1561 124 209 0 0
1562 124 210 0 0
1563 125 210 0 0
1564 124 210 0 0
1565 125 210 0 0
1566 124 210 0 0
1567 124 211 0 0
1568 125 211 0 0
1569 124 211 0 0
1570 125 211 0 0
1571 124 211 0 0
1572 124 212 0 0
1573 125 212 0 0
1574 124 212 0 0
1575 125 212 0 0
1576 124 212 0 0
1577 124 213 0 0
1578 125 213 0 0
1579 124 213 0 0
1580 124 214 0 0
1581 125 214 0 0
1582 124 214 0 0
1583 125 214 0 0
1584 124 214 0 0
1585 124 215 0 0
1586 125 215 0 0
1587 124 215 0 0
1588 125 215 0 0
1589 124 215 0 0
1590 124 216 0 0
1591 125 216 0 0
1592 124 216 0 0
1593 125 216 0 0
1594 124 216 0 0
1595 124 217 0 0
1596 125 217 0 0
1597 124 217 0 0
1598 124 218 0 0
1599 125 218 0 0
1600 124 218 0 0
1601 125 218 0 0
1602 124 218 0 0
1603 124 219 0 0
1604 125 219 0 0
1605 124 219 0 0
1606 125 219 0 0
1607 124 219 0 0
1608 124 220 0 0
1609 125 220 0 0
1610 126 220 0 0
1611 125 220 0 0
1612 125 221 0 0
1613 126 221 0 0
1614 125 221 0 0
1615 125 222 0 0
1616 126 222 0 0
1617 125 222 0 0
1618 126 222 0 0
1619 125 222 0 0
1620 125 223 0 0
1621 126 223 0 0
1622 125 223 0 0
1623 126 223 0 0
1624 125 223 0 0
1625 125 224 0 0
1626 126 224 0 0
1627 125 224 0 0
1628 126 224 0 0
1629 125 224 0 0
1630 125 225 0 0
1631 126 225 0 0
1632 125 225 0 0
1633 126 225 0 0
1634 125 225 0 0
1635 125 226 0 0
1636 126 226 0 0
1637 125 226 0 0
1638 125 227 0 0
1639 126 227 0 0
1640 125 227 0 0
1641 126 227 0 0
1642 125 227 0 0
1643 125 228 0 0
1644 126 228 0 0
1645 125 228 0 0
1646 126 228 0 0
1647 125 228 0 0
1648 125 229 0 0
1649 126 229 0 0
1650 125 229 0 0
1651 126 229 0 0
1652 125 229 0 0
1653 125 230 0 0
1654 126 230 0 0
1655 125 230 0 0
1656 126 230 0 0
1657 125 230 0 0
1658 125 231 0 0
1659 126 231 0 0
1660 125 231 0 0
1661 126 231 0 0
1662 125 231 0 0
1663 125 232 0 0
1664 126 232 0 0
1665 125 232 0 0
1666 126 232 0 0
1667 125 232 0 0
1668 125 233 0 0
1669 126 233 0 0
