0 1 95 0 0
1 2 95 0 0
2 3 95 0 0
3 2 95 0 0
4 3 95 0 0
5 2 95 0 0
6 3 95 0 0
7 4 95 0 0
8 3 95 0 0
9 4 95 0 0
10 5 95 0 0
11 4 95 0 0
12 5 95 0 0
13 6 95 0 0
14 5 95 0 0
15 6 95 0 0
16 7 95 0 0
17 6 95 0 0
18 7 95 0 0
19 8 95 0 0
20 7 95 0 0
21 8 95 0 0
22 9 95 0 0
23 8 95 0 0
24 9 95 0 0
25 10 95 0 0
26 9 95 0 0
27 10 95 0 0
28 11 95 0 0
29 10 95 0 0
30 11 95 0 0
31 12 95 0 0
32 11 95 0 0
33 12 95 0 0
34 13 95 0 0
35 12 95 0 0
36 13 95 0 0
37 12 95 0 0
38 13 95 0 0
39 14 95 0 0
40 15 95 0 0
41 14 95 0 0
42 15 95 0 0
43 16 95 0 0
44 15 95 0 0
45 16 95 0 0
46 15 95 0 0
47 16 95 0 0
48 17 95 0 0
49 18 95 0 0
50 17 95 0 0
51 18 95 0 0
52 17 95 0 0
53 18 95 0 0
54 19 95 0 0
55 18 95 0 0
56 19 95 0 0
57 20 95 0 0
58 19 95 0 0
59 20 95 0 0
60 21 95 0 0
61 20 95 0 0
62 21 95 0 0
63 22 95 0 0
64 21 95 0 0
65 22 95 0 0
66 23 95 0 0
67 22 95 0 0
68 23 95 0 0
69 22 95 0 0
70 23 95 0 0
71 24 95 0 0
72 23 95 0 0
73 24 95 0 0
74 25 95 0 0
75 24 95 0 0
76 25 95 0 0
77 26 95 0 0
78 25 95 0 0
79 26 95 0 0
80 27 95 0 0
81 26 95 0 0
82 27 95 0 0
83 26 95 0 0
84 27 95 0 0
85 28 95 0 0
86 29 95 0 0
87 28 95 0 0
88 29 95 0 0
89 28 95 0 0
90 29 95 0 0
91 30 95 0 0
92 29 95 0 0
93 30 95 0 0
94 31 95 0 0
95 30 95 0 0
96 31 95 0 0
97 30 95 0 0
98 31 95 0 0
99 32 95 0 0
100 31 95 0 0
101 32 95 0 0
102 33 95 0 0
103 32 95 0 0
104 33 95 0 0
105 32 95 0 0
106 33 95 0 0
107 34 95 0 0
108 33 95 0 0
109 33 96 0 0
110 34 96 0 0
111 33 96 0 0
112 34 96 0 0
113 35 96 0 0
114 34 96 0 0
115 35 96 0 0
116 36 96 0 0
117 35 96 0 0
118 36 96 0 0
119 35 96 0 0
120 36 96 0 0
121 37 96 0 0
122 36 96 0 0
123 37 96 0 0
124 36 96 0 0
125 37 96 0 0
126 38 96 0 0
127 37 96 0 0
128 38 96 0 0
129 37 96 0 0
130 38 96 0 0
131 39 96 0 0
132 38 96 0 0
133 39 96 0 0
134 38 96 0 0
135 39 96 0 0
136 40 96 0 0
137 39 96 0 0
138 40 96 0 0
139 41 96 0 0
140 40 96 0 0
141 41 96 0 0
142 40 96 0 0
143 41 96 0 0
144 42 96 0 0
145 41 96 0 0
146 42 96 0 0
147 41 96 0 0
148 42 96 0 0
149 43 96 0 0
150 42 96 0 0
151 43 96 0 0
152 42 96 0 0
153 43 96 0 0
154 42 96 0 0
155 43 96 0 0
156 44 96 0 0
157 43 96 0 0
158 44 96 0 0
159 43 96 0 0
160 44 96 0 0
161 45 96 0 0
162 44 96 0 0
163 45 96 0 0
164 44 96 0 0
165 45 96 0 0
166 46 96 0 0
167 45 96 0 0
168 46 96 0 0
169 45 96 0 0
170 46 96 0 0
171 45 96 0 0
172 46 96 0 0
173 47 96 0 0
174 46 96 0 0
175 47 96 0 0
176 46 96 0 0
177 47 96 0 0
178 48 96 0 0
179 47 96 0 0
180 48 96 0 0
181 47 96 0 0
182 48 96 0 0
183 49 96 0 0
184 48 96 0 0
185 49 96 0 0
186 48 96 0 0
187 49 96 0 0
188 48 96 0 0
189 49 96 0 0
190 50 96 0 0
191 49 96 0 0
192 50 96 0 0
193 51 96 0 0
194 50 96 0 0
195 51 96 0 0
196 50 96 0 0
197 51 96 0 0
198 50 96 0 0
199 51 96 0 0
200 52 96 0 0
201 51 96 0 0
202 52 96 0 0
203 51 96 0 0
204 52 96 0 0
205 53 96 0 0
206 52 96 0 0
207 53 96 0 0
208 52 96 0 0
209 53 96 0 0
210 52 96 0 0
211 53 96 0 0
212 54 96 0 0
213 53 96 0 0
214 54 96 0 0
215 53 96 0 0
216 54 96 0 0
217 53 96 0 0
218 54 96 0 0
219 55 96 0 0
220 54 96 0 0
221 55 96 0 0
222 54 96 0 0
223 55 96 0 0
224 56 96 0 0
225 55 96 0 0
226 55 95 0 0
227 56 95 0 0
228 55 95 0 0
229 56 95 0 0
230 55 95 0 0
231 56 95 0 0
232 57 95 0 0
233 56 95 0 0
234 57 95 0 0
235 56 95 0 0
236 57 95 0 0
237 58 95 0 0
238 57 95 0 0
239 58 95 0 0
240 57 95 0 0
241 58 95 0 0
242 57 95 0 0
243 58 95 0 0
244 59 95 0 0
245 58 95 0 0
246 59 95 0 0
247 58 95 0 0
248 59 95 0 0
249 60 95 0 0
250 59 95 0 0
251 60 95 0 0
252 59 95 0 0
253 60 95 0 0
254 61 95 0 0
255 60 95 0 0
256 61 95 0 0
257 60 95 0 0
258 61 95 0 0
259 60 95 0 0
260 61 95 0 0
261 62 95 0 0
262 61 95 0 0
263 62 95 0 0
264 61 95 0 0
265 62 95 0 0
266 63 95 0 0
267 62 95 0 0
268 63 95 0 0
269 62 95 0 0
270 63 95 0 0
271 62 95 0 0
272 63 95 0 0
273 64 95 0 0
274 63 95 0 0
275 64 95 0 0
276 63 95 0 0
277 64 95 0 0
278 63 95 0 0
279 64 95 0 0
280 65 95 0 0
281 64 95 0 0
282 65 95 0 0
283 64 95 0 0
284 65 95 0 0
285 66 95 0 0
286 65 95 0 0
287 66 95 0 0
288 65 95 0 0
289 66 95 0 0
290 65 95 0 0
291 66 95 0 0
292 67 95 0 0
293 66 95 0 0
294 67 95 0 0
295 66 95 0 0
296 66 94 0 0
297 67 94 0 0
298 66 94 0 0
299 67 94 0 0
300 66 94 0 0
301 67 94 0 0
302 68 94 0 0
303 67 94 0 0
304 68 94 0 0
305 67 94 0 0
306 68 94 0 0
307 69 94 0 0
308 68 94 0 0
309 69 94 0 0
310 68 94 0 0
311 68 93 0 0
312 69 93 0 0
313 68 93 0 0
314 69 93 0 0
315 70 93 0 0
316 69 93 0 0
317 70 93 0 0
318 69 93 0 0
319 70 93 0 0
320 69 93 0 0
321 70 93 0 0
322 71 93 0 0
323 70 93 0 0
324 71 93 0 0
325 70 93 0 0
326 70 92 0 0
327 71 92 0 0
328 70 92 0 0
329 71 92 0 0
330 72 92 0 0
331 71 92 0 0
332 72 92 0 0
333 71 92 0 0
334 72 92 0 0
335 73 92 0 0
336 72 92 0 0
337 73 92 0 0
338 72 92 0 0
339 72 91 0 0
340 73 91 0 0
341 72 91 0 0
342 73 91 0 0
343 74 91 0 0
344 73 91 0 0
345 74 91 0 0
346 73 91 0 0
347 74 91 0 0
348 75 91 0 0
349 74 91 0 0
350 74 90 0 0
351 75 90 0 0
352 74 90 0 0
353 75 90 0 0
354 76 90 0 0
355 75 90 0 0
356 76 90 0 0
357 75 90 0 0
358 76 90 0 0
359 77 90 0 0
360 76 90 0 0
361 76 89 0 0
362 77 89 0 0
363 76 89 0 0
364 77 89 0 0
365 78 89 0 0
366 77 89 0 0
367 78 89 0 0
368 77 89 0 0
369 78 89 0 0
370 78 88 0 0
371 79 88 0 0
372 78 88 0 0
373 79 88 0 0
374 78 88 0 0
375 79 88 0 0
376 78 88 0 0
377 79 88 0 0
378 80 88 0 0
379 79 88 0 0
380 79 87 0 0
381 80 87 0 0
382 79 87 0 0
383 80 87 0 0
384 81 87 0 0
385 80 87 0 0
386 81 87 0 0
387 80 87 0 0
388 81 87 0 0
389 81 86 0 0
390 82 86 0 0
391 81 86 0 0
392 82 86 0 0
393 81 86 0 0
394 82 86 0 0
395 83 86 0 0
396 82 86 0 0
397 82 85 0 0
398 83 85 0 0
399 82 85 0 0
400 83 85 0 0
401 82 85 0 0
402 83 85 0 0
403 84 85 0 0
404 83 85 0 0
405 84 85 0 0
406 83 85 0 0
407 83 84 0 0
408 84 84 0 0
409 85 84 0 0
410 84 84 0 0
411 85 84 0 0
412 84 84 0 0
413 85 84 0 0
414 86 84 0 0
415 85 84 0 0
416 85 83 0 0
417 86 83 0 0
418 85 83 0 0
419 86 83 0 0
420 85 83 0 0
421 86 83 0 0
422 87 83 0 0
423 86 83 0 0
424 86 82 0 0
425 87 82 0 0
426 86 82 0 0
427 87 82 0 0
428 88 82 0 0
429 87 82 0 0
430 88 82 0 0
431 87 82 0 0
432 88 82 0 0
433 88 81 0 0
434 89 81 0 0
435 88 81 0 0
436 89 81 0 0
437 88 81 0 0
438 89 81 0 0
439 90 81 0 0
440 89 81 0 0
441 90 81 0 0
442 89 81 0 0
443 89 80 0 0
444 90 80 0 0
445 91 80 0 0
446 90 80 0 0
447 91 80 0 0
448 90 80 0 0
449 91 80 0 0
450 92 80 0 0
451 91 80 0 0
452 91 79 0 0
453 92 79 0 0
454 91 79 0 0
455 92 79 0 0
456 93 79 0 0
457 92 79 0 0
458 93 79 0 0
459 92 79 0 0
460 93 79 0 0
461 93 78 0 0
462 94 78 0 0
463 93 78 0 0
464 94 78 0 0
465 93 78 0 0
466 94 78 0 0
467 95 78 0 0
468 94 78 0 0
469 95 78 0 0
470 94 78 0 0
471 95 78 0 0
472 96 78 0 0
473 95 78 0 0
474 96 78 0 0
475 95 78 0 0
476 96 78 0 0
477 96 77 0 0
478 97 77 0 0
479 96 77 0 0
480 97 77 0 0
481 98 77 0 0
482 97 77 0 0
483 98 77 0 0
484 97 77 0 0
485 98 77 0 0
486 99 77 0 0
487 98 77 0 0
488 99 77 0 0
489 98 77 0 0
490 99 77 0 0
491 100 77 0 0
492 99 77 0 0
493 100 77 0 0
494 101 77 0 0
495 100 77 0 0
496 101 77 0 0
497 100 77 0 0
498 101 77 0 0
499 101 76 0 0
500 102 76 0 0
501 101 76 0 0
502 101 77 0 0
503 102 77 0 0
504 101 77 0 0
505 102 77 0 0
506 103 77 0 0
507 102 77 0 0
508 103 77 0 0
509 104 77 0 0
510 103 77 0 0
511 104 77 0 0
512 103 77 0 0
513 104 77 0 0
514 105 77 0 0
515 104 77 0 0
516 105 77 0 0
517 106 77 0 0
518 105 77 0 0
519 106 77 0 0
520 105 77 0 0
521 106 77 0 0
522 107 77 0 0
523 106 77 0 0
524 107 77 0 0
525 106 77 0 0
526 107 77 0 0
527 108 77 0 0
528 107 77 0 0
529 108 77 0 0
530 109 77 0 0
531 108 77 0 0
532 109 77 0 0
533 108 77 0 0
534 109 77 0 0
535 109 78 0 0
536 110 78 0 0
537 109 78 0 0
538 110 78 0 0
539 109 78 0 0
540 110 78 0 0
541 111 78 0 0
542 110 78 0 0
543 111 78 0 0
544 110 78 0 0
545 110 79 0 0
546 111 79 0 0
547 112 79 0 0
548 111 79 0 0
549 112 79 0 0
550 113 79 0 0
551 112 79 0 0
552 113 79 0 0
553 112 79 0 0
554 113 79 0 0
555 112 79 0 0
556 113 79 0 0
557 114 79 0 0
558 113 79 0 0
559 113 80 0 0
560 114 80 0 0
561 113 80 0 0
562 114 80 0 0
563 113 80 0 0
564 114 80 0 0
565 115 80 0 0
566 114 80 0 0
567 115 80 0 0
568 114 80 0 0
569 115 80 0 0
570 116 80 0 0
571 115 80 0 0
572 116 80 0 0
573 115 80 0 0
574 115 81 0 0
575 116 81 0 0
576 117 81 0 0
577 116 81 0 0
578 117 81 0 0
579 116 81 0 0
580 117 81 0 0
581 116 81 0 0
582 117 81 0 0
583 118 81 0 0
584 117 81 0 0
585 118 81 0 0
586 117 81 0 0
587 117 82 0 0
588 118 82 0 0
589 119 82 0 0
590 118 82 0 0
591 119 82 0 0
592 118 82 0 0
593 119 82 0 0
594 118 82 0 0
595 119 82 0 0
596 120 82 0 0
597 119 82 0 0
598 119 83 0 0
599 120 83 0 0
600 119 83 0 0
601 120 83 0 0
602 121 83 0 0
603 120 83 0 0
604 121 83 0 0
605 120 83 0 0
606 121 83 0 0
607 122 83 0 0
608 121 83 0 0
609 122 83 0 0
610 121 83 0 0
611 122 83 0 0
612 121 83 0 0
613 122 83 0 0
614 123 83 0 0
615 122 83 0 0
616 123 83 0 0
617 122 83 0 0
618 122 84 0 0
619 123 84 0 0
620 122 84 0 0
621 123 84 0 0
622 124 84 0 0
623 123 84 0 0
624 124 84 0 0
625 123 84 0 0
626 124 84 0 0
627 125 84 0 0
628 124 84 0 0
629 124 85 0 0
630 125 85 0 0
631 124 85 0 0
632 125 85 0 0
633 124 85 0 0
634 125 85 0 0
635 124 85 0 0
636 125 85 0 0
637 126 85 0 0
638 125 85 0 0
639 126 85 0 0
640 125 85 0 0
641 126 85 0 0
642 125 85 0 0
643 126 85 0 0
644 125 85 0 0
645 125 86 0 0
646 126 86 0 0
647 127 86 0 0
648 126 86 0 0
649 127 86 0 0
650 126 86 0 0
651 127 86 0 0
652 128 86 0 0
653 127 86 0 0
654 128 86 0 0
655 127 86 0 0
656 128 86 0 0
657 127 86 0 0
658 128 86 0 0
659 127 86 0 0
660 127 87 0 0
661 128 87 0 0
662 129 87 0 0
663 128 87 0 0
664 129 87 0 0
665 128 87 0 0
666 129 87 0 0
667 128 87 0 0
668 129 87 0 0
669 130 87 0 0
670 129 87 0 0
671 130 87 0 0
672 129 87 0 0
673 129 88 0 0
674 130 88 0 0
675 129 88 0 0
676 130 88 0 0
677 129 88 0 0
678 130 88 0 0
679 131 88 0 0
680 130 88 0 0
681 131 88 0 0
682 130 88 0 0
683 131 88 0 0
684 132 88 0 0
685 131 88 0 0
686 132 88 0 0
687 131 88 0 0
688 131 89 0 0
689 132 89 0 0
690 131 89 0 0
691 132 89 0 0
692 131 89 0 0
693 132 89 0 0
694 133 89 0 0
695 132 89 0 0
696 133 89 0 0
697 132 89 0 0
698 133 89 0 0
699 132 89 0 0
700 133 89 0 0
701 132 89 0 0
702 133 89 0 0
703 133 90 0 0
704 134 90 0 0
705 133 90 0 0
706 134 90 0 0
707 133 90 0 0
708 134 90 0 0
709 133 90 0 0
710 134 90 0 0
711 135 90 0 0
712 134 90 0 0
713 135 90 0 0
714 134 90 0 0
715 135 90 0 0
716 134 90 0 0
717 135 90 0 0
718 134 90 0 0
719 134 91 0 0
720 135 91 0 0
721 134 91 0 0
722 135 91 0 0
723 134 91 0 0
724 135 91 0 0
725 134 91 0 0
726 135 91 0 0
727 136 91 0 0
728 135 91 0 0
729 135 92 0 0
730 136 92 0 0
731 135 92 0 0
732 136 92 0 0
733 135 92 0 0
734 136 92 0 0
735 135 92 0 0
736 136 92 0 0
737 135 92 0 0
738 136 92 0 0
739 135 92 0 0
740 135 93 0 0
741 136 93 0 0
742 135 93 0 0
743 136 93 0 0
744 135 93 0 0
745 136 93 0 0
746 135 93 0 0
747 136 93 0 0
748 135 93 0 0
749 136 93 0 0
750 135 93 0 0
751 135 94 0 0
752 136 94 0 0
753 135 94 0 0
754 136 94 0 0
755 135 94 0 0
756 136 94 0 0
757 135 94 0 0
758 136 94 0 0
759 137 94 0 0
760 136 94 0 0
761 136 95 0 0
762 137 95 0 0
763 136 95 0 0
764 137 95 0 0
765 136 95 0 0
766 137 95 0 0
767 136 95 0 0
768 136 96 0 0
769 137 96 0 0
770 136 96 0 0
771 137 96 0 0
772 136 96 0 0
773 137 96 0 0
774 136 96 0 0
775 136 97 0 0
776 137 97 0 0
777 136 97 0 0
778 137 97 0 0
779 136 97 0 0
780 137 97 0 0
781 136 97 0 0
782 137 97 0 0
783 136 97 0 0
784 136 98 0 0
785 137 98 0 0
786 136 98 0 0
787 137 98 0 0
788 136 98 0 0
789 137 98 0 0
790 136 98 0 0
791 136 99 0 0
792 137 99 0 0
793 136 99 0 0
794 137 99 0 0
795 136 99 0 0
796 137 99 0 0
797 136 99 0 0
798 136 100 0 0
799 137 100 0 0
800 136 100 0 0
801 137 100 0 0
802 136 100 0 0
803 137 100 0 0
804 136 100 0 0
805 137 100 0 0
806 136 100 0 0
807 136 101 0 0
808 135 101 0 0
809 136 101 0 0
810 135 101 0 0
811 136 101 0 0
812 135 101 0 0
813 136 101 0 0
814 135 101 0 0
815 136 101 0 0
816 135 101 0 0
817 136 101 0 0
818 135 101 0 0
819 136 101 0 0
820 135 101 0 0
821 136 101 0 0
822 135 101 0 0
823 135 102 0 0
824 134 102 0 0
825 135 102 0 0
826 134 102 0 0
827 135 102 0 0
828 134 102 0 0
829 135 102 0 0
830 134 102 0 0
831 135 102 0 0
832 134 102 0 0
833 135 102 0 0
834 134 102 0 0
835 135 102 0 0
836 134 102 0 0
837 135 102 0 0
838 134 102 0 0
839 134 103 0 0
840 135 103 0 0
841 134 103 0 0
842 135 103 0 0
843 134 103 0 0
844 135 103 0 0
845 134 103 0 0
846 135 103 0 0
847 134 103 0 0
848 133 103 0 0
849 134 103 0 0
850 133 103 0 0
851 133 104 0 0
852 134 104 0 0
853 133 104 0 0
854 134 104 0 0
855 133 104 0 0
856 134 104 0 0
857 133 104 0 0
858 132 104 0 0
859 132 105 0 0
860 133 105 0 0
861 132 105 0 0
862 133 105 0 0
863 132 105 0 0
864 133 105 0 0
865 132 105 0 0
866 133 105 0 0
867 132 105 0 0
868 132 106 0 0
869 133 106 0 0
870 132 106 0 0
871 133 106 0 0
872 132 106 0 0
873 131 106 0 0
874 132 106 0 0
875 131 106 0 0
876 131 107 0 0
877 132 107 0 0
878 131 107 0 0
879 132 107 0 0
880 131 107 0 0
881 132 107 0 0
882 131 107 0 0
883 132 107 0 0
884 131 107 0 0
885 131 108 0 0
886 132 108 0 0
887 131 108 0 0
888 132 108 0 0
889 131 108 0 0
890 130 108 0 0
891 131 108 0 0
892 130 108 0 0
893 131 108 0 0
894 130 108 0 0
895 130 109 0 0
896 131 109 0 0
897 130 109 0 0
898 131 109 0 0
899 130 109 0 0
900 131 109 0 0
901 130 109 0 0
902 131 109 0 0
903 130 109 0 0
904 129 109 0 0
905 130 109 0 0
906 129 109 0 0
907 130 109 0 0
908 129 109 0 0
909 129 110 0 0
910 130 110 0 0
911 129 110 0 0
912 130 110 0 0
913 129 110 0 0
914 130 110 0 0
915 129 110 0 0
916 130 110 0 0
917 129 110 0 0
918 130 110 0 0
919 129 110 0 0
920 130 110 0 0
921 129 110 0 0
922 129 111 0 0
923 130 111 0 0
924 129 111 0 0
925 128 111 0 0
926 129 111 0 0
927 128 111 0 0
928 129 111 0 0
929 128 111 0 0
930 129 111 0 0
931 128 111 0 0
932 129 111 0 0
933 128 111 0 0
934 128 112 0 0
935 129 112 0 0
936 128 112 0 0
937 127 112 0 0
938 128 112 0 0
939 127 112 0 0
940 128 112 0 0
941 127 112 0 0
942 128 112 0 0
943 127 112 0 0
944 127 113 0 0
945 128 113 0 0
946 127 113 0 0
947 128 113 0 0
948 127 113 0 0
949 128 113 0 0
950 127 113 0 0
951 126 113 0 0
952 127 113 0 0
953 126 113 0 0
954 126 114 0 0
955 127 114 0 0
956 126 114 0 0
957 127 114 0 0
958 126 114 0 0
959 127 114 0 0
960 126 114 0 0
961 125 114 0 0
962 126 114 0 0
963 125 114 0 0
964 125 115 0 0
965 126 115 0 0
966 125 115 0 0
967 126 115 0 0
968 125 115 0 0
969 126 115 0 0
970 125 115 0 0
971 126 115 0 0
972 125 115 0 0
973 126 115 0 0
974 125 115 0 0
975 125 116 0 0
976 124 116 0 0
977 125 116 0 0
978 124 116 0 0
979 125 116 0 0
980 124 116 0 0
981 125 116 0 0
982 124 116 0 0
983 125 116 0 0
984 124 116 0 0
985 124 117 0 0
986 125 117 0 0
987 124 117 0 0
988 125 117 0 0
989 124 117 0 0
990 125 117 0 0
991 124 117 0 0
992 123 117 0 0
993 124 117 0 0
994 123 117 0 0
995 123 118 0 0
996 124 118 0 0
997 123 118 0 0
998 124 118 0 0
999 123 118 0 0
1000 122 118 0 0
1001 123 118 0 0
1002 122 118 0 0
1003 123 118 0 0
1004 122 118 0 0
1005 123 118 0 0
1006 122 118 0 0
1007 122 119 0 0
1008 123 119 0 0
1009 122 119 0 0
1010 123 119 0 0
1011 122 119 0 0
1012 121 119 0 0
1013 122 119 0 0
1014 121 119 0 0
1015 122 119 0 0
1016 121 119 0 0
1017 122 119 0 0
1018 121 119 0 0
1019 121 120 0 0
1020 122 120 0 0
1021 121 120 0 0
1022 122 120 0 0
1023 121 120 0 0
1024 120 120 0 0
1025 121 120 0 0
1026 120 120 0 0
1027 121 120 0 0
1028 120 120 0 0
1029 121 120 0 0
1030 120 120 0 0
1031 120 121 0 0
1032 121 121 0 0
1033 120 121 0 0
1034 121 121 0 0
1035 120 121 0 0
1036 119 121 0 0
1037 120 121 0 0
1038 119 121 0 0
1039 119 122 0 0
1040 120 122 0 0
1041 119 122 0 0
1042 120 122 0 0
1043 119 122 0 0
1044 120 122 0 0
1045 119 122 0 0
1046 120 122 0 0
1047 119 122 0 0
1048 119 123 0 0
1049 120 123 0 0
1050 119 123 0 0
1051 120 123 0 0
1052 119 123 0 0
1053 120 123 0 0
1054 119 123 0 0
1055 120 123 0 0
1056 119 123 0 0
1057 119 124 0 0
1058 118 124 0 0
1059 119 124 0 0
1060 118 124 0 0
1061 119 124 0 0
1062 118 124 0 0
1063 119 124 0 0
1064 118 124 0 0
1065 118 125 0 0
1066 119 125 0 0
1067 118 125 0 0
1068 119 125 0 0
1069 118 125 0 0
1070 119 125 0 0
1071 118 125 0 0
1072 119 125 0 0
1073 118 125 0 0
1074 118 126 0 0
1075 117 126 0 0
1076 118 126 0 0
1077 117 126 0 0
1078 118 126 0 0
1079 117 126 0 0
1080 117 127 0 0
1081 118 127 0 0
1082 117 127 0 0
1083 118 127 0 0
1084 117 127 0 0
1085 118 127 0 0
1086 117 127 0 0
1087 118 127 0 0
1088 117 127 0 0
1089 117 128 0 0
1090 118 128 0 0
1091 117 128 0 0
1092 118 128 0 0
1093 117 128 0 0
1094 118 128 0 0
1095 117 128 0 0
1096 117 129 0 0
1097 118 129 0 0
1098 117 129 0 0
1099 118 129 0 0
1100 117 129 0 0
1101 118 129 0 0
1102 117 129 0 0
1103 118 129 0 0
1104 117 129 0 0
1105 118 129 0 0
1106 117 129 0 0
1107 118 129 0 0
1108 117 129 0 0
1109 117 130 0 0
1110 118 130 0 0
1111 117 130 0 0
1112 118 130 0 0
1113 117 130 0 0
1114 118 130 0 0
1115 117 130 0 0
1116 118 130 0 0
1117 117 130 0 0
1118 117 131 0 0
1119 118 131 0 0
1120 117 131 0 0
1121 118 131 0 0
1122 117 131 0 0
1123 118 131 0 0
1124 117 131 0 0
1125 118 131 0 0
1126 119 131 0 0
1127 118 131 0 0
1128 119 131 0 0
1129 118 131 0 0
1130 119 131 0 0
1131 118 131 0 0
1132 119 131 0 0
1133 118 131 0 0
1134 119 131 0 0
1135 120 131 0 0
1136 119 131 0 0
1137 119 132 0 0
1138 118 132 0 0
1139 119 132 0 0
1140 118 132 0 0
1141 118 133 0 0
1142 119 133 0 0
1143 118 133 0 0
1144 117 133 0 0
1145 118 133 0 0
1146 117 133 0 0
1147 117 134 0 0
1148 118 134 0 0
1149 117 134 0 0
1150 118 134 0 0
1151 117 134 0 0
1152 117 135 0 0
1153 116 135 0 0
1154 117 135 0 0
1155 116 135 0 0
1156 117 135 0 0
1157 116 135 0 0
1158 116 136 0 0
1159 117 136 0 0
1160 116 136 0 0
1161 117 136 0 0
1162 116 136 0 0
1163 117 136 0 0
1164 116 136 0 0
1165 117 136 0 0
1166 116 136 0 0
1167 116 137 0 0
1168 115 137 0 0
1169 116 137 0 0
1170 115 137 0 0
1171 115 138 0 0
1172 116 138 0 0
1173 115 138 0 0
1174 116 138 0 0
1175 115 138 0 0
1176 116 138 0 0
1177 115 138 0 0
1178 115 139 0 0
1179 116 139 0 0
1180 115 139 0 0
1181 115 140 0 0
1182 116 140 0 0
1183 115 140 0 0
1184 116 140 0 0
1185 115 140 0 0
1186 116 140 0 0
1187 115 140 0 0
1188 116 140 0 0
1189 115 140 0 0
1190 116 140 0 0
1191 115 140 0 0
1192 115 141 0 0
1193 116 141 0 0
1194 115 141 0 0
1195 116 141 0 0
1196 115 141 0 0
1197 115 142 0 0
1198 114 142 0 0
1199 115 142 0 0
1200 114 142 0 0
1201 114 143 0 0
1202 115 143 0 0
1203 114 143 0 0
1204 115 143 0 0
1205 114 143 0 0
1206 115 143 0 0
1207 114 143 0 0
1208 115 143 0 0
1209 114 143 0 0
1210 114 144 0 0
1211 115 144 0 0
1212 114 144 0 0
1213 115 144 0 0
1214 114 144 0 0
1215 114 145 0 0
1216 115 145 0 0
1217 114 145 0 0
1218 115 145 0 0
1219 114 145 0 0
1220 115 145 0 0
1221 114 145 0 0
1222 114 146 0 0
1223 115 146 0 0
1224 114 146 0 0
1225 115 146 0 0
1226 114 146 0 0
1227 115 146 0 0
1228 114 146 0 0
1229 114 147 0 0
1230 115 147 0 0
1231 114 147 0 0
1232 115 147 0 0
1233 114 147 0 0
1234 115 147 0 0
1235 114 147 0 0
1236 114 148 0 0
1237 115 148 0 0
1238 114 148 0 0
1239 115 148 0 0
1240 114 148 0 0
1241 114 149 0 0
1242 115 149 0 0
1243 114 149 0 0
1244 115 149 0 0
1245 114 149 0 0
1246 115 149 0 0
1247 114 149 0 0
1248 114 150 0 0
1249 115 150 0 0
1250 114 150 0 0
1251 115 150 0 0
1252 114 150 0 0
1253 115 150 0 0
1254 114 150 0 0
1255 114 151 0 0
1256 115 151 0 0
1257 114 151 0 0
1258 115 151 0 0
1259 114 151 0 0
1260 115 151 0 0
1261 114 151 0 0
1262 115 151 0 0
1263 114 151 0 0
1264 114 152 0 0
1265 115 152 0 0
1266 114 152 0 0
1267 115 152 0 0
1268 114 152 0 0
1269 115 152 0 0
1270 114 152 0 0
1271 114 153 0 0
1272 115 153 0 0
1273 114 153 0 0
1274 115 153 0 0
1275 114 153 0 0
1276 115 153 0 0
1277 114 153 0 0
1278 114 154 0 0
1279 115 154 0 0
1280 114 154 0 0
1281 115 154 0 0
1282 114 154 0 0
1283 114 155 0 0
1284 115 155 0 0
1285 114 155 0 0
1286 115 155 0 0
1287 114 155 0 0
1288 115 155 0 0
1289 114 155 0 0
1290 114 156 0 0
1291 115 156 0 0
1292 114 156 0 0
1293 115 156 0 0
1294 114 156 0 0
1295 115 156 0 0
1296 114 156 0 0
1297 114 157 0 0
1298 115 157 0 0
1299 114 157 0 0
1300 115 157 0 0
1301 114 157 0 0
1302 115 157 0 0
1303 114 157 0 0
1304 114 158 0 0
1305 115 158 0 0
1306 114 158 0 0
1307 115 158 0 0
1308 114 158 0 0
1309 115 158 0 0
1310 114 158 0 0
1311 114 159 0 0
1312 115 159 0 0
1313 114 159 0 0
1314 115 159 0 0
1315 114 159 0 0
1316 115 159 0 0
1317 114 159 0 0
1318 115 159 0 0
1319 114 159 0 0
1320 114 160 0 0
1321 115 160 0 0
1322 114 160 0 0
1323 115 160 0 0
1324 114 160 0 0
1325 115 160 0 0
1326 114 160 0 0
1327 114 161 0 0
1328 115 161 0 0
1329 114 161 0 0
1330 115 161 0 0
1331 114 161 0 0
1332 115 161 0 0
1333 114 161 0 0
1334 114 162 0 0
1335 115 162 0 0
1336 114 162 0 0
1337 115 162 0 0
1338 114 162 0 0
1339 115 162 0 0
1340 114 162 0 0
1341 114 163 0 0
1342 115 163 0 0
1343 114 163 0 0
1344 115 163 0 0
1345 114 163 0 0
1346 115 163 0 0
1347 114 163 0 0
1348 114 164 0 0
1349 115 164 0 0
1350 116 164 0 0
1351 115 164 0 0
1352 116 164 0 0
1353 115 164 0 0
1354 115 165 0 0
1355 116 165 0 0
1356 115 165 0 0
1357 116 165 0 0
1358 115 165 0 0
1359 116 165 0 0
1360 115 165 0 0
1361 115 166 0 0
1362 116 166 0 0
1363 115 166 0 0
1364 116 166 0 0
1365 115 166 0 0
1366 116 166 0 0
1367 115 166 0 0
1368 115 167 0 0
1369 116 167 0 0
1370 115 167 0 0
1371 116 167 0 0
1372 115 167 0 0
1373 116 167 0 0
1374 115 167 0 0
1375 115 168 0 0
1376 116 168 0 0
1377 115 168 0 0
1378 116 168 0 0
1379 115 168 0 0
1380 116 168 0 0
1381 115 168 0 0
1382 115 169 0 0
1383 116 169 0 0
1384 115 169 0 0
1385 116 169 0 0
1386 115 169 0 0
1387 116 169 0 0
1388 115 169 0 0
1389 115 170 0 0
1390 116 170 0 0
1391 115 170 0 0
1392 116 170 0 0
1393 115 170 0 0
1394 116 170 0 0
1395 115 170 0 0
1396 115 171 0 0
1397 116 171 0 0
1398 115 171 0 0
1399 116 171 0 0
1400 115 171 0 0
1401 116 171 0 0
1402 115 171 0 0
1403 115 172 0 0
1404 116 172 0 0
1405 115 172 0 0
1406 116 172 0 0
1407 115 172 0 0
1408 116 172 0 0
1409 117 172 0 0
1410 116 172 0 0
1411 116 173 0 0
1412 117 173 0 0
1413 116 173 0 0
1414 117 173 0 0
1415 116 173 0 0
1416 116 174 0 0
1417 117 174 0 0
1418 116 174 0 0
1419 117 174 0 0
1420 116 174 0 0
1421 117 174 0 0
1422 116 174 0 0
1423 116 175 0 0
1424 117 175 0 0
1425 116 175 0 0
1426 117 175 0 0
1427 116 175 0 0
1428 116 176 0 0
1429 117 176 0 0
1430 116 176 0 0
1431 117 176 0 0
1432 116 176 0 0
1433 117 176 0 0
1434 116 176 0 0
1435 116 177 0 0
1436 117 177 0 0
1437 116 177 0 0
1438 117 177 0 0
1439 117 178 0 0
1440 118 178 0 0
1441 117 178 0 0
1442 118 178 0 0
1443 117 178 0 0
1444 118 178 0 0
1445 117 178 0 0
1446 117 179 0 0
1447 118 179 0 0
1448 117 179 0 0
1449 118 179 0 0
1450 117 179 0 0
1451 117 180 0 0
1452 118 180 0 0
1453 117 180 0 0
1454 118 180 0 0
1455 117 180 0 0
1456 118 180 0 0
1457 117 180 0 0
1458 117 181 0 0
1459 118 181 0 0
1460 117 181 0 0
1461 118 181 0 0
1462 117 181 0 0
1463 117 182 0 0
1464 118 182 0 0
1465 117 182 0 0
1466 118 182 0 0
1467 117 182 0 0
1468 118 182 0 0
1469 117 182 0 0
1470 117 183 0 0
1471 118 183 0 0
1472 117 183 0 0
1473 118 183 0 0
1474 117 183 0 0
1475 117 184 0 0
1476 118 184 0 0
1477 117 184 0 0
1478 118 184 0 0
1479 119 184 0 0
1480 118 184 0 0
1481 118 185 0 0
1482 119 185 0 0
1483 118 185 0 0
1484 119 185 0 0
1485 118 185 0 0
1486 118 186 0 0
1487 119 186 0 0
1488 118 186 0 0
1489 119 186 0 0
1490 118 186 0 0
1491 118 187 0 0
1492 119 187 0 0
1493 118 187 0 0
1494 119 187 0 0
1495 118 187 0 0
1496 118 188 0 0
1497 119 188 0 0
1498 118 188 0 0
1499 119 188 0 0
1500 118 188 0 0
1501 118 189 0 0
1502 119 189 0 0
1503 118 189 0 0
1504 119 189 0 0
1505 118 189 0 0
1506 118 190 0 0
1507 119 190 0 0
1508 118 190 0 0
1509 119 190 0 0
1510 119 191 0 0
1511 120 191 0 0
1512 119 191 0 0
1513 120 191 0 0
1514 119 191 0 0
1515 120 191 0 0
1516 119 191 0 0
1517 119 192 0 0
1518 120 192 0 0
1519 119 192 0 0
1520 120 192 0 0
1521 119 192 0 0
1522 119 193 0 0
1523 120 193 0 0
1524 119 193 0 0
1525 120 193 0 0
1526 119 193 0 0
1527 119 194 0 0
1528 120 194 0 0
1529 119 194 0 0
1530 120 194 0 0
1531 119 194 0 0
1532 119 195 0 0
1533 120 195 0 0
1534 119 195 0 0
1535 120 195 0 0
1536 119 195 0 0
1537 119 196 0 0
1538 120 196 0 0
1539 119 196 0 0
1540 120 196 0 0
1541 119 196 0 0
1542 119 197 0 0
1543 120 197 0 0
1544 119 197 0 0
1545 120 197 0 0
1546 119 197 0 0
1547 119 198 0 0
1548 120 198 0 0
1549 119 198 0 0
1550 120 198 0 0
1551 121 198 0 0
1552 120 198 0 0
1553 120 199 0 0
1554 121 199 0 0
1555 120 199 0 0
1556 121 199 0 0
1557 120 199 0 0
1558 120 200 0 0
1559 121 200 0 0
1560 120 200 0 0
1561 121 200 0 0
1562 120 200 0 0
1563 121 200 0 0
1564 120 200 0 0
1565 120 201 0 0
1566 121 201 0 0
1567 120 201 0 0
1568 121 201 0 0
1569 120 201 0 0
1570 121 201 0 0
1571 120 201 0 0
1572 120 202 0 0
1573 121 202 0 0
1574 120 202 0 0
1575 121 202 0 0
1576 120 202 0 0
1577 120 203 0 0
1578 121 203 0 0
1579 120 203 0 0
1580 121 203 0 0
1581 120 203 0 0
1582 121 203 0 0
1583 120 203 0 0
1584 120 204 0 0
1585 121 204 0 0
1586 120 204 0 0
1587 121 204 0 0
1588 120 204 0 0
1589 121 204 0 0
1590 120 204 0 0
1591 120 205 0 0
1592 121 205 0 0
1593 120 205 0 0
1594 121 205 0 0
1595 120 205 0 0
1596 121 205 0 0
1597 120 205 0 0
1598 120 206 0 0
1599 121 206 0 0
1600 120 206 0 0
1601 121 206 0 0
1602 120 206 0 0
1603 120 207 0 0
1604 121 207 0 0
1605 122 207 0 0
1606 121 207 0 0
1607 122 207 0 0
1608 121 207 0 0
1609 121 208 0 0
1610 122 208 0 0
1611 121 208 0 0
1612 122 208 0 0
1613 121 208 0 0
1614 122 208 0 0
1615 121 208 0 0
1616 121 209 0 0
1617 122 209 0 0
1618 121 209 0 0
1619 122 209 0 0
1620 121 209 0 0
1621 122 209 0 0
1622 121 209 0 0
1623 121 210 0 0
1624 122 210 0 0
1625 121 210 0 0
1626 122 210 0 0
1627 121 210 0 0
1628 121 211 0 0
1629 122 211 0 0
1630 121 211 0 0
1631 122 211 0 0
1632 121 211 0 0
1633 121 212 0 0
1634 122 212 0 0
1635 121 212 0 0
1636 122 212 0 0
1637 121 212 0 0
1638 122 212 0 0
1639 121 212 0 0
1640 121 213 0 0
1641 122 213 0 0
1642 121 213 0 0
1643 122 213 0 0
1644 121 213 0 0
1645 121 214 0 0
1646 122 214 0 0
1647 121 214 0 0
1648 122 214 0 0
1649 121 214 0 0
1650 121 215 0 0
1651 122 215 0 0
1652 121 215 0 0
1653 122 215 0 0
1654 121 215 0 0
1655 122 215 0 0
1656 121 215 0 0
1657 121 216 0 0
1658 122 216 0 0
1659 121 216 0 0
1660 122 216 0 0
1661 121 216 0 0
1662 121 217 0 0
1663 122 217 0 0
1664 121 217 0 0
1665 122 217 0 0
1666 121 217 0 0
1667 122 217 0 0
1668 121 217 0 0
1669 121 218 0 0
1670 122 218 0 0
1671 121 218 0 0
1672 122 218 0 0
1673 121 218 0 0
1674 121 219 0 0
1675 122 219 0 0
1676 121 219 0 0
1677 122 219 0 0
