0 39000 21800 0 0
1 39000 22000 0 0
2 38800 22000 0 0
3 38600 22000 0 0
4 38400 22000 0 0
5 38200 22000 0 0
6 38000 22000 0 0
7 37800 22000 0 0
8 37600 22000 0 0
9 37400 22000 0 0
10 37200 22000 0 0
11 37000 22000 0 0
12 36800 22000 0 0
13 36600 22000 0 0
14 36400 22000 0 0
15 36200 22000 0 0
16 36000 22000 0 0
17 35800 22000 0 0
18 35600 22000 0 0
19 35400 22000 0 0
20 35200 22000 0 0
21 35000 22000 0 0
22 34800 22000 0 0
23 34600 22000 0 0
24 34400 22000 0 0
25 34200 22000 0 0
26 34000 22000 0 0
27 33800 22000 0 0
28 33600 22000 0 0
29 33600 22200 0 0
30 33400 22200 0 0
31 33200 22200 0 0
32 33000 22200 0 0
33 32800 22200 0 0
34 32600 22200 0 0
35 32400 22200 0 0
36 32200 22200 0 0
37 32000 22200 0 0
38 31800 22200 0 0
39 31600 22200 0 0
40 31400 22200 0 0
41 31200 22200 0 0
42 31000 22200 0 0
43 30800 22200 0 0
44 30600 22200 0 0
45 30400 22200 0 0
46 30200 22200 0 0
47 30000 22200 0 0
48 29800 22200 0 0
49 29600 22200 0 0
50 29400 22200 0 0
51 29200 22200 0 0
52 29000 22200 0 0
53 28800 22200 0 0
54 28600 22200 0 0
55 28400 22200 0 0
56 28200 22200 0 0
57 28000 22200 0 0
58 28000 22400 0 0
59 27800 22400 0 0
60 27600 22400 0 0
61 27400 22400 0 0
62 27200 22400 0 0
63 27000 22400 0 0
64 26800 22400 0 0
65 26600 22400 0 0
66 26400 22400 0 0
67 26200 22400 0 0
68 26200 22600 0 0
69 26000 22600 0 0
70 25800 22600 0 0
71 25600 22600 0 0
72 25400 22600 0 0
73 25200 22600 0 0
74 25200 22800 0 0
75 25000 22800 0 0
76 24800 22800 0 0
77 24600 22800 0 0
78 24400 22800 0 0
79 24200 22800 0 0
80 24000 22800 0 0
81 23800 22800 0 0
82 23600 22800 0 0
83 23400 22800 0 0
84 23400 23000 0 0
85 23200 23000 0 0
86 23000 23000 0 0
87 22800 23000 0 0
88 22600 23000 0 0
89 22400 23000 0 0
90 22200 23000 0 0
91 22200 23200 0 0
92 22000 23200 0 0
93 21800 23200 0 0
94 21600 23200 0 0
95 21400 23200 0 0
96 21200 23200 0 0
97 21000 23200 0 0
98 20800 23200 0 0
99 20600 23200 0 0
100 20400 23200 0 0
101 20200 23200 0 0
102 20000 23200 0 0
103 19800 23200 0 0
104 19600 23200 0 0
105 19400 23200 0 0
106 19200 23200 0 0
107 19000 23200 0 0
108 18800 23200 0 0
109 18800 23000 0 0
110 18600 23000 0 0
111 18400 23000 0 0
112 18200 23000 0 0
113 18000 23000 0 0
114 17800 23000 0 0
115 17600 23000 0 0
116 17400 23000 0 0
117 17400 22800 0 0
118 17200 22800 0 0
119 17000 22800 0 0
120 16800 22800 0 0
121 16600 22800 0 0
122 16400 22800 0 0
123 16400 22600 0 0
124 16200 22600 0 0
125 16000 22600 0 0
126 15800 22600 0 0
127 15600 22600 0 0
128 15400 22600 0 0
129 15200 22600 0 0
130 15000 22600 0 0
131 14800 22600 0 0
132 14600 22600 0 0
133 14600 22400 0 0
134 14400 22400 0 0
135 14200 22400 0 0
136 14000 22400 0 0
137 13800 22400 0 0
138 13600 22400 0 0
139 13400 22400 0 0
140 13200 22400 0 0
141 13000 22400 0 0
142 12800 22400 0 0
143 12600 22400 0 0
144 12400 22400 0 0
145 12200 22400 0 0
146 12000 22400 0 0
147 11800 22400 0 0
148 11600 22400 0 0
149 11400 22400 0 0
150 11400 22200 0 0
151 11200 22200 0 0
152 11000 22200 0 0
153 10800 22200 0 0
154 10600 22200 0 0
155 10400 22200 0 0
156 10200 22200 0 0
157 10000 22200 0 0
158 9800 22200 0 0
159 9600 22200 0 0
160 9400 22200 0 0
161 9200 22200 0 0
162 9000 22200 0 0
163 8800 22200 0 0
164 8600 22200 0 0
165 8400 22200 0 0
166 8200 22200 0 0
167 8000 22200 0 0
168 7800 22200 0 0
169 7600 22200 0 0
170 7400 22200 0 0
171 7200 22200 0 0
172 7200 22000 0 0
173 7000 22000 0 0
174 6800 22000 0 0
175 6600 22000 0 0
176 6400 22000 0 0
177 6200 22000 0 0
178 6000 22000 0 0
179 5800 22000 0 0
180 5600 22000 0 0
181 5400 22000 0 0
182 5200 22000 0 0
183 5200 21800 0 0
184 5000 21800 0 0
185 4800 21800 0 0
186 4600 21800 0 0
187 4400 21800 0 0
188 4200 21800 0 0
189 4000 21800 0 0
190 4000 21600 0 0
191 3800 21600 0 0
192 3600 21600 0 0
193 3400 21600 0 0
194 3200 21600 0 0
195 3000 21600 0 0
196 2800 21600 0 0
197 2600 21600 0 0
198 2400 21600 0 0
199 2200 21600 0 0
200 2000 21600 0 0
201 1800 21600 0 0
202 1600 21600 0 0
203 1400 21600 0 0
204 1200 21600 0 0
205 1000 21600 0 0
206 800 21600 0 0
207 800 21800 0 0
208 600 21800 0 0
