0 20400 600 0 0
1 20400 800 0 0
2 20400 1000 0 0
3 20400 1200 0 0
4 20400 1400 0 0
5 20400 1600 0 0
6 20400 1800 0 0
7 20400 2000 0 0
8 20400 2200 0 0
9 20400 2400 0 0
10 20400 2600 0 0
11 20400 2800 0 0
12 20400 3000 0 0
13 20400 3200 0 0
14 20400 3400 0 0
15 20400 3600 0 0
16 20400 3800 0 0
17 20400 4000 0 0
18 20400 4200 0 0
19 20400 4400 0 0
20 20400 4600 0 0
21 20400 4800 0 0
22 20400 5000 0 0
23 20400 5200 0 0
24 20400 5400 0 0
25 20400 5600 0 0
26 20400 5800 0 0
27 20400 6000 0 0
28 20400 6200 0 0
29 20400 6400 0 0
30 20400 6600 0 0
31 20400 6800 0 0
32 20400 7000 0 0
33 20400 7200 0 0
34 20400 7400 0 0
35 20600 7400 0 0
36 20600 7600 0 0
37 20600 7800 0 0
38 20800 7800 0 0
39 20800 8000 0 0
40 20800 8200 0 0
41 20800 8400 0 0
42 21000 8400 0 0
43 21000 8600 0 0
44 21000 8800 0 0
45 21000 9000 0 0
46 21200 9000 0 0
47 21200 9200 0 0
48 21200 9400 0 0
49 21400 9400 0 0
50 21400 9600 0 0
51 21400 9800 0 0
52 21400 10000 0 0
53 21600 10000 0 0
54 21600 10200 0 0
55 21600 10400 0 0
56 21600 10600 0 0
57 21800 10600 0 0
58 21800 10800 0 0
59 21800 11000 0 0
60 21800 11200 0 0
61 21800 11400 0 0
62 22000 11400 0 0
63 22000 11600 0 0
64 22000 11800 0 0
65 22200 11800 0 0
66 22200 12000 0 0
67 22200 12200 0 0
68 22400 12200 0 0
69 22400 12400 0 0
70 22600 12400 0 0
71 22600 12600 0 0
72 22600 12800 0 0
73 22800 12800 0 0
74 22800 13000 0 0
75 23000 13000 0 0
76 23000 13200 0 0
77 23200 13200 0 0
78 23200 13400 0 0
79 23200 13600 0 0
80 23400 13600 0 0
81 23400 13800 0 0
82 23600 13800 0 0
83 23600 14000 0 0
84 23800 14000 0 0
85 23800 14200 0 0
86 23800 14400 0 0
87 24000 14400 0 0
88 24000 14600 0 0
89 24200 14600 0 0
90 24200 14800 0 0
91 24200 15000 0 0
92 24400 15000 0 0
93 24400 15200 0 0
94 24600 15200 0 0
95 24600 15400 0 0
96 24800 15400 0 0
97 24800 15600 0 0
98 24800 15800 0 0
99 25000 15800 0 0
100 25000 16000 0 0
101 25200 16000 0 0
102 25400 16000 0 0
103 25400 16200 0 0
104 25600 16200 0 0
105 25600 16400 0 0
106 25800 16400 0 0
107 25800 16600 0 0
108 26000 16600 0 0
109 26000 16800 0 0
110 26200 16800 0 0
111 26200 17000 0 0
112 26400 17000 0 0
113 26400 17200 0 0
114 26600 17200 0 0
115 26800 17200 0 0
116 26800 17400 0 0
117 27000 17400 0 0
118 27000 17600 0 0
119 27200 17600 0 0
120 27400 17600 0 0
121 27400 17800 0 0
122 27600 17800 0 0
123 27800 17800 0 0
124 28000 17800 0 0
125 28200 17800 0 0
126 28200 18000 0 0
127 28400 18000 0 0
128 28600 18000 0 0
129 28800 18000 0 0
130 29000 18000 0 0
131 29000 18200 0 0
132 29200 18200 0 0
133 29400 18200 0 0
134 29600 18200 0 0
135 29800 18200 0 0
136 30000 18200 0 0
137 30200 18200 0 0
138 30200 18400 0 0
139 30400 18400 0 0
140 30600 18400 0 0
141 30800 18400 0 0
142 31000 18400 0 0
143 31200 18400 0 0
144 31400 18400 0 0
145 31600 18400 0 0
146 31600 18600 0 0
147 31800 18600 0 0
148 32000 18600 0 0
149 32200 18600 0 0
150 32400 18600 0 0
151 32600 18600 0 0
152 32800 18600 0 0
153 33000 18600 0 0
154 33000 18800 0 0
155 33200 18800 0 0
156 33400 18800 0 0
157 33600 18800 0 0
158 33800 18800 0 0
159 34000 18800 0 0
160 34200 18800 0 0
161 34400 18800 0 0
162 34600 18800 0 0
163 34800 18800 0 0
164 34800 19000 0 0
165 35000 19000 0 0
166 35200 19000 0 0
167 35400 19000 0 0
168 35600 19000 0 0
169 35800 19000 0 0
170 36000 19000 0 0
171 36200 19000 0 0
172 36400 19000 0 0
173 36600 19000 0 0
174 36800 19000 0 0
175 36800 19200 0 0
176 37000 19200 0 0
177 37200 19200 0 0
178 37400 19200 0 0
179 37600 19200 0 0
180 37800 19200 0 0
181 38000 19200 0 0
182 38000 19000 0 0
183 38200 19000 0 0
184 38400 19000 0 0
185 38600 19000 0 0
186 38800 19000 0 0
187 38800 18800 0 0
188 39000 18800 0 0
