0 4 101 0 0
1 5 101 0 0
2 6 101 0 0
3 7 101 0 0
4 8 101 0 0
5 9 101 0 0
6 10 101 0 0
7 11 101 0 0
8 12 101 0 0
9 13 101 0 0
10 14 101 0 0
11 15 101 0 0
12 16 101 0 0
13 17 101 0 0
14 18 101 0 0
15 19 101 0 0
16 20 101 0 0
17 21 101 0 0
18 22 101 0 0
19 23 101 0 0
20 24 101 0 0
21 25 101 0 0
22 26 101 0 0
23 27 101 0 0
24 28 101 0 0
25 29 101 0 0
26 30 101 0 0
27 31 101 0 0
28 32 101 0 0
29 33 101 0 0
30 34 101 0 0
31 35 101 0 0
32 36 101 0 0
33 37 101 0 0
34 38 101 0 0
35 39 101 0 0
36 40 101 0 0
37 41 101 0 0
38 42 101 0 0
39 43 101 0 0
40 44 101 0 0
41 45 101 0 0
42 45 100 0 0
43 46 100 0 0
44 47 100 0 0
45 48 100 0 0
46 49 100 0 0
47 50 100 0 0
48 51 100 0 0
49 52 100 0 0
50 53 100 0 0
51 54 100 0 0
52 55 100 0 0
53 56 100 0 0
54 57 100 0 0
55 58 100 0 0
56 59 100 0 0
57 60 100 0 0
58 61 100 0 0
59 62 100 0 0
60 62 99 0 0
61 63 99 0 0
62 64 99 0 0
63 65 99 0 0
64 66 99 0 0
65 66 98 0 0
66 67 98 0 0
67 68 98 0 0
68 68 97 0 0
69 69 97 0 0
70 70 97 0 0
71 71 97 0 0
72 71 96 0 0
73 72 96 0 0
74 73 96 0 0
75 74 96 0 0
76 75 96 0 0
77 75 95 0 0
78 76 95 0 0
79 77 95 0 0
80 78 95 0 0
81 79 95 0 0
82 80 95 0 0
83 81 95 0 0
84 81 94 0 0
85 82 94 0 0
86 83 94 0 0
87 84 94 0 0
88 85 94 0 0
89 85 93 0 0
90 86 93 0 0
91 87 93 0 0
92 88 93 0 0
93 89 93 0 0
94 90 93 0 0
95 91 93 0 0
96 92 93 0 0
97 92 92 0 0
98 93 92 0 0
99 94 92 0 0
100 95 92 0 0
101 96 92 0 0
102 97 92 0 0
103 98 92 0 0
104 99 92 0 0
105 100 92 0 0
106 101 92 0 0
107 102 92 0 0
108 103 92 0 0
109 103 91 0 0
110 104 91 0 0
111 105 91 0 0
112 106 91 0 0
113 107 91 0 0
114 108 91 0 0
115 109 91 0 0
116 110 91 0 0
117 110 92 0 0
118 111 92 0 0
119 112 92 0 0
120 113 92 0 0
121 113 93 0 0
122 114 93 0 0
123 115 93 0 0
124 116 93 0 0
125 116 94 0 0
126 117 94 0 0
127 118 94 0 0
128 119 94 0 0
129 120 94 0 0
130 120 95 0 0
131 121 95 0 0
132 122 95 0 0
133 123 95 0 0
134 123 96 0 0
135 124 96 0 0
136 125 96 0 0
137 126 96 0 0
138 127 96 0 0
139 128 96 0 0
140 128 97 0 0
141 129 97 0 0
142 130 97 0 0
143 131 97 0 0
144 132 97 0 0
145 132 98 0 0
146 133 98 0 0
147 134 98 0 0
148 135 98 0 0
149 136 98 0 0
150 136 99 0 0
151 137 99 0 0
152 138 99 0 0
153 139 99 0 0
154 140 99 0 0
155 141 99 0 0
156 141 100 0 0
157 142 100 0 0
158 143 100 0 0
159 144 100 0 0
160 145 100 0 0
161 146 100 0 0
162 146 101 0 0
163 147 101 0 0
164 148 101 0 0
165 149 101 0 0
166 150 101 0 0
167 150 102 0 0
168 151 102 0 0
169 152 102 0 0
170 153 102 0 0
171 154 102 0 0
172 155 102 0 0
173 156 102 0 0
174 157 102 0 0
175 158 102 0 0
176 159 102 0 0
177 159 103 0 0
178 160 103 0 0
179 161 103 0 0
180 162 103 0 0
181 163 103 0 0
182 164 103 0 0
183 165 103 0 0
184 166 103 0 0
185 167 103 0 0
186 168 103 0 0
187 169 103 0 0
188 170 103 0 0
189 171 103 0 0
190 172 103 0 0
191 173 103 0 0
192 174 103 0 0
193 175 103 0 0
194 176 103 0 0
195 177 103 0 0
196 178 103 0 0
197 179 103 0 0
198 180 103 0 0
199 181 103 0 0
200 182 103 0 0
201 183 103 0 0
202 184 103 0 0
203 185 103 0 0
204 186 103 0 0
205 187 103 0 0
