0 3 99 0 0
1 4 99 0 0
2 5 99 0 0
3 6 99 0 0
4 7 99 0 0
5 8 99 0 0
6 9 99 0 0
7 10 99 0 0
8 11 99 0 0
9 12 99 0 0
10 13 99 0 0
11 14 99 0 0
12 15 99 0 0
13 16 99 0 0
14 17 99 0 0
15 17 100 0 0
16 18 100 0 0
17 19 100 0 0
18 20 100 0 0
19 21 100 0 0
20 22 100 0 0
21 23 100 0 0
22 24 100 0 0
23 25 100 0 0
24 26 100 0 0
25 27 100 0 0
26 28 100 0 0
27 29 100 0 0
28 30 100 0 0
29 31 100 0 0
30 32 100 0 0
31 33 100 0 0
32 34 100 0 0
33 35 100 0 0
34 36 100 0 0
35 37 100 0 0
36 38 100 0 0
37 39 100 0 0
38 40 100 0 0
39 41 100 0 0
40 42 100 0 0
41 43 100 0 0
42 44 100 0 0
43 45 100 0 0
44 46 100 0 0
45 47 100 0 0
46 48 100 0 0
47 49 100 0 0
48 50 100 0 0
49 51 100 0 0
50 52 100 0 0
51 53 100 0 0
52 54 100 0 0
53 55 100 0 0
54 55 99 0 0
55 56 99 0 0
56 57 99 0 0
57 58 99 0 0
58 58 98 0 0
59 59 98 0 0
60 60 98 0 0
61 61 98 0 0
62 62 98 0 0
63 62 97 0 0
64 63 97 0 0
65 64 97 0 0
66 65 97 0 0
67 66 97 0 0
68 66 96 0 0
69 67 96 0 0
70 68 96 0 0
71 69 96 0 0
72 70 96 0 0
73 71 96 0 0
74 71 95 0 0
75 72 95 0 0
76 73 95 0 0
77 74 95 0 0
78 75 95 0 0
79 76 95 0 0
80 76 94 0 0
81 77 94 0 0
82 78 94 0 0
83 79 94 0 0
84 80 94 0 0
85 81 94 0 0
86 81 93 0 0
87 82 93 0 0
88 83 93 0 0
89 84 93 0 0
90 85 93 0 0
91 86 93 0 0
92 87 93 0 0
93 87 92 0 0
94 88 92 0 0
95 89 92 0 0
96 90 92 0 0
97 91 92 0 0
98 92 92 0 0
99 92 91 0 0
100 93 91 0 0
101 94 91 0 0
102 95 91 0 0
103 96 91 0 0
104 96 90 0 0
105 97 90 0 0
106 98 90 0 0
107 99 90 0 0
108 100 90 0 0
109 100 89 0 0
110 101 89 0 0
111 102 89 0 0
112 103 89 0 0
113 104 89 0 0
114 105 89 0 0
115 106 89 0 0
116 107 89 0 0
117 108 89 0 0
118 109 89 0 0
119 110 89 0 0
120 110 90 0 0
121 111 90 0 0
122 112 90 0 0
123 113 90 0 0
124 114 90 0 0
125 115 90 0 0
126 116 90 0 0
127 117 90 0 0
128 118 90 0 0
129 119 90 0 0
130 120 90 0 0
131 120 91 0 0
132 121 91 0 0
133 122 91 0 0
134 123 91 0 0
135 124 91 0 0
136 124 92 0 0
137 125 92 0 0
138 126 92 0 0
139 127 92 0 0
140 128 92 0 0
141 129 92 0 0
142 130 92 0 0
143 131 92 0 0
144 132 92 0 0
145 133 92 0 0
146 134 92 0 0
147 135 92 0 0
148 135 93 0 0
149 136 93 0 0
150 137 93 0 0
151 138 93 0 0
152 138 94 0 0
153 139 94 0 0
154 140 94 0 0
155 141 94 0 0
156 142 94 0 0
157 142 95 0 0
158 143 95 0 0
159 144 95 0 0
160 145 95 0 0
161 146 95 0 0
162 146 96 0 0
163 147 96 0 0
164 148 96 0 0
165 149 96 0 0
166 149 97 0 0
167 150 97 0 0
168 151 97 0 0
169 152 97 0 0
170 153 97 0 0
171 154 97 0 0
172 155 97 0 0
173 156 97 0 0
174 157 97 0 0
175 158 97 0 0
176 159 97 0 0
177 159 98 0 0
178 160 98 0 0
179 161 98 0 0
180 162 98 0 0
181 163 98 0 0
182 164 98 0 0
183 165 98 0 0
184 166 98 0 0
185 167 98 0 0
186 168 98 0 0
187 169 98 0 0
188 170 98 0 0
189 171 98 0 0
190 172 98 0 0
191 173 98 0 0
192 174 98 0 0
193 175 98 0 0
194 176 98 0 0
195 176 99 0 0
196 177 99 0 0
197 178 99 0 0
198 179 99 0 0
199 180 99 0 0
200 181 99 0 0
201 182 99 0 0
202 183 99 0 0
203 184 99 0 0
204 185 99 0 0
205 186 99 0 0
206 187 99 0 0
207 188 99 0 0
208 189 99 0 0
209 190 99 0 0
210 191 99 0 0
211 192 99 0 0
212 193 99 0 0
213 194 99 0 0
