0 1 89 0 0
1 2 89 0 0
2 3 89 0 0
3 2 89 0 0
4 3 89 0 0
5 4 89 0 0
6 3 89 0 0
7 4 89 0 0
8 5 89 0 0
9 6 89 0 0
10 5 89 0 0
11 6 89 0 0
12 7 89 0 0
13 6 89 0 0
14 7 89 0 0
15 8 89 0 0
16 9 89 0 0
17 8 89 0 0
18 9 89 0 0
19 10 89 0 0
20 9 89 0 0
21 10 89 0 0
22 11 89 0 0
23 11 88 0 0
24 12 88 0 0
25 11 88 0 0
26 11 89 0 0
27 12 89 0 0
28 13 89 0 0
29 14 89 0 0
30 13 89 0 0
31 14 89 0 0
32 15 89 0 0
33 16 89 0 0
34 17 89 0 0
35 16 89 0 0
36 17 89 0 0
37 18 89 0 0
38 19 89 0 0
39 18 89 0 0
40 19 89 0 0
41 20 89 0 0
42 21 89 0 0
43 22 89 0 0
44 21 89 0 0
45 22 89 0 0
46 23 89 0 0
47 22 89 0 0
48 23 89 0 0
49 24 89 0 0
50 25 89 0 0
51 24 89 0 0
52 25 89 0 0
53 26 89 0 0
54 27 89 0 0
55 26 89 0 0
56 27 89 0 0
57 28 89 0 0
58 27 89 0 0
59 28 89 0 0
60 29 89 0 0
61 30 89 0 0
62 29 89 0 0
63 30 89 0 0
64 31 89 0 0
65 30 89 0 0
66 31 89 0 0
67 32 89 0 0
68 33 89 0 0
69 32 89 0 0
70 33 89 0 0
71 34 89 0 0
72 35 89 0 0
73 34 89 0 0
74 35 89 0 0
75 36 89 0 0
76 37 89 0 0
77 36 89 0 0
78 37 89 0 0
79 38 89 0 0
80 39 89 0 0
81 38 89 0 0
82 39 89 0 0
83 40 89 0 0
84 41 89 0 0
85 40 89 0 0
86 41 89 0 0
87 42 89 0 0
88 43 89 0 0
89 44 89 0 0
90 43 89 0 0
91 44 89 0 0
92 45 89 0 0
93 46 89 0 0
94 45 89 0 0
95 46 89 0 0
96 47 89 0 0
97 48 89 0 0
98 47 89 0 0
99 48 89 0 0
100 49 89 0 0
101 48 89 0 0
102 49 89 0 0
103 50 89 0 0
104 51 89 0 0
105 50 89 0 0
106 51 89 0 0
107 52 89 0 0
108 53 89 0 0
109 52 89 0 0
110 53 89 0 0
111 54 89 0 0
112 53 89 0 0
113 54 89 0 0
114 55 89 0 0
115 56 89 0 0
116 55 89 0 0
117 56 89 0 0
118 57 89 0 0
119 56 89 0 0
120 57 89 0 0
121 58 89 0 0
122 59 89 0 0
123 58 89 0 0
124 59 89 0 0
125 60 89 0 0
126 59 89 0 0
127 60 89 0 0
128 61 89 0 0
129 62 89 0 0
130 61 89 0 0
131 62 89 0 0
132 63 89 0 0
133 62 89 0 0
134 63 89 0 0
135 63 88 0 0
136 64 88 0 0
137 65 88 0 0
138 64 88 0 0
139 65 88 0 0
140 66 88 0 0
141 67 88 0 0
142 66 88 0 0
143 67 88 0 0
144 68 88 0 0
145 69 88 0 0
146 68 88 0 0
147 68 87 0 0
148 69 87 0 0
149 70 87 0 0
150 71 87 0 0
151 70 87 0 0
152 71 87 0 0
153 72 87 0 0
154 73 87 0 0
155 72 87 0 0
156 73 87 0 0
157 73 86 0 0
158 74 86 0 0
159 75 86 0 0
160 74 86 0 0
161 75 86 0 0
162 76 86 0 0
163 77 86 0 0
164 76 86 0 0
165 77 86 0 0
166 78 86 0 0
167 77 86 0 0
168 77 85 0 0
169 78 85 0 0
170 79 85 0 0
171 80 85 0 0
172 79 85 0 0
173 80 85 0 0
174 81 85 0 0
175 82 85 0 0
176 82 84 0 0
177 83 84 0 0
178 82 84 0 0
179 83 84 0 0
180 82 84 0 0
181 83 84 0 0
182 84 84 0 0
183 83 84 0 0
184 84 84 0 0
185 85 84 0 0
186 86 84 0 0
187 85 84 0 0
188 86 84 0 0
189 86 83 0 0
190 87 83 0 0
191 86 83 0 0
192 87 83 0 0
193 88 83 0 0
194 87 83 0 0
195 88 83 0 0
196 89 83 0 0
197 88 83 0 0
198 89 83 0 0
199 90 83 0 0
200 91 83 0 0
201 90 83 0 0
202 91 83 0 0
203 92 83 0 0
204 91 83 0 0
205 92 83 0 0
206 93 83 0 0
207 92 83 0 0
208 92 82 0 0
209 93 82 0 0
210 94 82 0 0
211 93 82 0 0
212 94 82 0 0
213 95 82 0 0
214 96 82 0 0
215 95 82 0 0
216 96 82 0 0
217 97 82 0 0
218 96 82 0 0
219 97 82 0 0
220 98 82 0 0
221 97 82 0 0
222 98 82 0 0
223 99 82 0 0
224 100 82 0 0
225 99 82 0 0
226 100 82 0 0
227 101 82 0 0
228 100 82 0 0
229 101 82 0 0
230 102 82 0 0
231 103 82 0 0
232 102 82 0 0
233 103 82 0 0
234 104 82 0 0
235 103 82 0 0
236 104 82 0 0
237 104 81 0 0
238 105 81 0 0
239 105 82 0 0
240 106 82 0 0
241 105 82 0 0
242 106 82 0 0
243 107 82 0 0
244 106 82 0 0
245 107 82 0 0
246 108 82 0 0
247 107 82 0 0
248 108 82 0 0
249 109 82 0 0
250 108 82 0 0
251 109 82 0 0
252 110 82 0 0
253 111 82 0 0
254 110 82 0 0
255 111 82 0 0
256 112 82 0 0
257 111 82 0 0
258 111 83 0 0
259 112 83 0 0
260 113 83 0 0
261 112 83 0 0
262 113 83 0 0
263 114 83 0 0
264 113 83 0 0
265 114 83 0 0
266 115 83 0 0
267 116 83 0 0
268 115 83 0 0
269 116 83 0 0
270 117 83 0 0
271 116 83 0 0
272 117 83 0 0
273 118 83 0 0
274 117 83 0 0
275 118 83 0 0
276 119 83 0 0
277 118 83 0 0
278 119 83 0 0
279 120 83 0 0
280 121 83 0 0
281 120 83 0 0
282 121 83 0 0
283 122 83 0 0
284 121 83 0 0
285 121 84 0 0
286 122 84 0 0
287 123 84 0 0
288 122 84 0 0
289 123 84 0 0
290 124 84 0 0
291 123 84 0 0
292 124 84 0 0
293 125 84 0 0
294 126 84 0 0
295 125 84 0 0
296 126 84 0 0
297 125 84 0 0
298 126 84 0 0
299 127 84 0 0
300 126 84 0 0
301 127 84 0 0
302 128 84 0 0
303 128 85 0 0
304 129 85 0 0
305 128 85 0 0
306 129 85 0 0
307 130 85 0 0
308 129 85 0 0
309 130 85 0 0
310 131 85 0 0
311 130 85 0 0
312 131 85 0 0
313 132 85 0 0
314 131 85 0 0
315 132 85 0 0
316 133 85 0 0
317 132 85 0 0
318 133 85 0 0
319 134 85 0 0
320 133 85 0 0
321 134 85 0 0
322 134 86 0 0
323 135 86 0 0
324 134 86 0 0
325 135 86 0 0
326 136 86 0 0
327 135 86 0 0
328 136 86 0 0
329 137 86 0 0
330 136 86 0 0
331 137 86 0 0
332 138 86 0 0
333 137 86 0 0
334 138 86 0 0
335 139 86 0 0
336 138 86 0 0
337 138 87 0 0
338 139 87 0 0
339 140 87 0 0
340 139 87 0 0
341 140 87 0 0
342 141 87 0 0
343 140 87 0 0
344 141 87 0 0
345 142 87 0 0
346 143 87 0 0
347 142 87 0 0
348 142 88 0 0
349 143 88 0 0
350 142 88 0 0
351 143 88 0 0
352 144 88 0 0
353 143 88 0 0
354 144 88 0 0
355 145 88 0 0
356 144 88 0 0
357 145 88 0 0
358 145 89 0 0
359 146 89 0 0
360 145 89 0 0
361 146 89 0 0
362 147 89 0 0
363 146 89 0 0
364 147 89 0 0
365 148 89 0 0
366 147 89 0 0
367 148 89 0 0
368 149 89 0 0
369 148 89 0 0
370 148 90 0 0
371 149 90 0 0
372 150 90 0 0
373 149 90 0 0
374 150 90 0 0
375 151 90 0 0
376 150 90 0 0
377 151 90 0 0
378 152 90 0 0
379 153 90 0 0
380 152 90 0 0
381 152 91 0 0
382 153 91 0 0
383 152 91 0 0
384 153 91 0 0
385 154 91 0 0
386 153 91 0 0
387 154 91 0 0
388 155 91 0 0
389 156 91 0 0
390 155 91 0 0
391 156 91 0 0
392 157 91 0 0
393 156 91 0 0
394 156 92 0 0
395 157 92 0 0
396 158 92 0 0
397 157 92 0 0
398 158 92 0 0
399 159 92 0 0
400 158 92 0 0
401 159 92 0 0
402 160 92 0 0
403 161 92 0 0
404 160 92 0 0
405 161 92 0 0
406 160 92 0 0
407 161 92 0 0
408 161 93 0 0
409 162 93 0 0
410 163 93 0 0
411 162 93 0 0
412 163 93 0 0
413 164 93 0 0
414 163 93 0 0
415 164 93 0 0
416 165 93 0 0
417 164 93 0 0
418 165 93 0 0
419 166 93 0 0
420 165 93 0 0
421 165 94 0 0
422 166 94 0 0
423 167 94 0 0
424 166 94 0 0
425 167 94 0 0
426 168 94 0 0
427 169 94 0 0
428 168 94 0 0
429 169 94 0 0
430 168 94 0 0
431 169 94 0 0
432 170 94 0 0
433 169 94 0 0
434 170 94 0 0
435 171 94 0 0
436 170 94 0 0
437 170 95 0 0
438 171 95 0 0
439 172 95 0 0
440 171 95 0 0
441 172 95 0 0
442 173 95 0 0
443 172 95 0 0
444 173 95 0 0
445 174 95 0 0
446 173 95 0 0
447 174 95 0 0
448 173 95 0 0
449 174 95 0 0
450 175 95 0 0
451 174 95 0 0
452 175 95 0 0
453 175 96 0 0
454 176 96 0 0
455 175 96 0 0
456 176 96 0 0
457 177 96 0 0
458 176 96 0 0
459 177 96 0 0
460 178 96 0 0
461 177 96 0 0
462 178 96 0 0
463 179 96 0 0
464 178 96 0 0
465 179 96 0 0
466 178 96 0 0
467 179 96 0 0
468 180 96 0 0
469 179 96 0 0
470 179 97 0 0
471 180 97 0 0
472 181 97 0 0
473 180 97 0 0
474 181 97 0 0
475 182 97 0 0
476 181 97 0 0
477 182 97 0 0
478 183 97 0 0
479 182 97 0 0
480 183 97 0 0
481 184 97 0 0
482 183 97 0 0
483 184 97 0 0
484 183 97 0 0
485 184 97 0 0
486 184 98 0 0
487 185 98 0 0
488 186 98 0 0
489 185 98 0 0
490 186 98 0 0
491 185 98 0 0
492 186 98 0 0
