0 39000 21400 0 0
1 39000 21600 0 0
2 38800 21600 0 0
3 38600 21600 0 0
4 38400 21600 0 0
5 38200 21600 0 0
6 38000 21600 0 0
7 37800 21600 0 0
8 37600 21600 0 0
9 37400 21600 0 0
10 37200 21600 0 0
11 37000 21600 0 0
12 36800 21600 0 0
13 36600 21600 0 0
14 36400 21600 0 0
15 36200 21600 0 0
16 36000 21600 0 0
17 35800 21600 0 0
18 35600 21600 0 0
19 35400 21600 0 0
20 35200 21600 0 0
21 35000 21600 0 0
22 34800 21600 0 0
23 34600 21600 0 0
24 34400 21600 0 0
25 34200 21600 0 0
26 34000 21600 0 0
27 33800 21600 0 0
28 33600 21600 0 0
29 33400 21600 0 0
30 33200 21600 0 0
31 33000 21600 0 0
32 32800 21600 0 0
33 32600 21600 0 0
34 32400 21600 0 0
35 32200 21600 0 0
36 32000 21600 0 0
37 31800 21600 0 0
38 31600 21600 0 0
39 31400 21600 0 0
40 31200 21600 0 0
41 31000 21600 0 0
42 30800 21600 0 0
43 30600 21600 0 0
44 30400 21600 0 0
45 30200 21600 0 0
46 30000 21600 0 0
47 29800 21600 0 0
48 29600 21600 0 0
49 29400 21600 0 0
50 29200 21600 0 0
51 29000 21600 0 0
52 28800 21600 0 0
53 28600 21600 0 0
54 28400 21600 0 0
55 28200 21600 0 0
56 28000 21600 0 0
57 27800 21600 0 0
58 27600 21600 0 0
59 27400 21600 0 0
60 27200 21600 0 0
61 27000 21600 0 0
62 26800 21600 0 0
63 26600 21600 0 0
64 26600 21800 0 0
65 26400 21800 0 0
66 26200 21800 0 0
67 26200 22000 0 0
68 26000 22000 0 0
69 25800 22000 0 0
70 25800 22200 0 0
71 25600 22200 0 0
72 25400 22200 0 0
73 25400 22400 0 0
74 25200 22400 0 0
75 25000 22400 0 0
76 25000 22600 0 0
77 24800 22600 0 0
78 24600 22600 0 0
79 24400 22600 0 0
80 24400 22800 0 0
81 24200 22800 0 0
82 24000 22800 0 0
83 24000 23000 0 0
84 23800 23000 0 0
85 23600 23000 0 0
86 23600 23200 0 0
87 23400 23200 0 0
88 23200 23200 0 0
89 23000 23200 0 0
90 23000 23400 0 0
91 22800 23400 0 0
92 22600 23400 0 0
93 22400 23400 0 0
94 22400 23600 0 0
95 22200 23600 0 0
96 22000 23600 0 0
97 22000 23800 0 0
98 21800 23800 0 0
99 21600 23800 0 0
100 21400 23800 0 0
101 21400 24000 0 0
102 21200 24000 0 0
103 21000 24000 0 0
104 20800 24000 0 0
105 20600 24000 0 0
106 20400 24000 0 0
107 20200 24000 0 0
108 20200 23800 0 0
109 20000 23800 0 0
110 19800 23800 0 0
111 19600 23800 0 0
112 19400 23800 0 0
113 19400 23600 0 0
114 19200 23600 0 0
115 19000 23600 0 0
116 18800 23600 0 0
117 18800 23400 0 0
118 18600 23400 0 0
119 18400 23400 0 0
120 18200 23400 0 0
121 18200 23200 0 0
122 18000 23200 0 0
123 17800 23200 0 0
124 17800 23000 0 0
125 17600 23000 0 0
126 17600 22800 0 0
127 17400 22800 0 0
128 17200 22800 0 0
129 17200 22600 0 0
130 17000 22600 0 0
131 16800 22600 0 0
132 16800 22400 0 0
133 16600 22400 0 0
134 16600 22200 0 0
135 16400 22200 0 0
136 16200 22200 0 0
137 16200 22000 0 0
138 16000 22000 0 0
139 15800 22000 0 0
140 15800 21800 0 0
141 15600 21800 0 0
142 15400 21800 0 0
143 15200 21800 0 0
144 15200 21600 0 0
145 15000 21600 0 0
146 14800 21600 0 0
147 14600 21600 0 0
148 14400 21600 0 0
149 14200 21600 0 0
150 14200 21400 0 0
151 14000 21400 0 0
152 13800 21400 0 0
153 13600 21400 0 0
154 13400 21400 0 0
155 13200 21400 0 0
156 13000 21400 0 0
157 12800 21400 0 0
158 12600 21400 0 0
159 12400 21400 0 0
160 12400 21200 0 0
161 12200 21200 0 0
162 12000 21200 0 0
163 11800 21200 0 0
164 11600 21200 0 0
165 11400 21200 0 0
166 11200 21200 0 0
167 11000 21200 0 0
168 10800 21200 0 0
169 10600 21200 0 0
170 10400 21200 0 0
171 10200 21200 0 0
172 10000 21200 0 0
173 9800 21200 0 0
174 9600 21200 0 0
175 9400 21200 0 0
176 9200 21200 0 0
177 9000 21200 0 0
178 8800 21200 0 0
179 8800 21400 0 0
180 8600 21400 0 0
181 8400 21400 0 0
182 8200 21400 0 0
183 8000 21400 0 0
184 7800 21400 0 0
185 7600 21400 0 0
186 7400 21400 0 0
187 7200 21400 0 0
188 7000 21400 0 0
189 6800 21400 0 0
190 6600 21400 0 0
191 6400 21400 0 0
192 6200 21400 0 0
193 6000 21400 0 0
194 5800 21400 0 0
195 5600 21400 0 0
196 5400 21400 0 0
197 5200 21400 0 0
198 5000 21400 0 0
199 4800 21400 0 0
200 4600 21400 0 0
201 4400 21400 0 0
202 4200 21400 0 0
203 4000 21400 0 0
204 3800 21400 0 0
205 3600 21400 0 0
206 3400 21400 0 0
207 3200 21400 0 0
208 3200 21600 0 0
209 3000 21600 0 0
210 2800 21600 0 0
211 2600 21600 0 0
212 2400 21600 0 0
213 2200 21600 0 0
214 2000 21600 0 0
215 1800 21600 0 0
216 1600 21600 0 0
217 1400 21600 0 0
218 1200 21600 0 0
219 1200 21800 0 0
220 1000 21800 0 0
221 800 21800 0 0
222 600 21800 0 0
223 400 21800 0 0
