0 20800 800 0 0
1 20800 1000 0 0
2 20600 1000 0 0
3 20600 1200 0 0
4 20600 1400 0 0
5 20600 1600 0 0
6 20600 1800 0 0
7 20600 2000 0 0
8 20600 2200 0 0
9 20600 2400 0 0
10 20600 2600 0 0
11 20600 2800 0 0
12 20600 3000 0 0
13 20600 3200 0 0
14 20600 3400 0 0
15 20600 3600 0 0
16 20600 3800 0 0
17 20600 4000 0 0
18 20600 4200 0 0
19 20600 4400 0 0
20 20600 4600 0 0
21 20600 4800 0 0
22 20400 4800 0 0
23 20400 5000 0 0
24 20400 5200 0 0
25 20400 5400 0 0
26 20400 5600 0 0
27 20400 5800 0 0
28 20400 6000 0 0
29 20400 6200 0 0
30 20400 6400 0 0
31 20400 6600 0 0
32 20400 6800 0 0
33 20400 7000 0 0
34 20400 7200 0 0
35 20400 7400 0 0
36 20400 7600 0 0
37 20400 7800 0 0
38 20400 8000 0 0
39 20400 8200 0 0
40 20400 8400 0 0
41 20400 8600 0 0
42 20600 8600 0 0
43 20600 8800 0 0
44 20600 9000 0 0
45 20600 9200 0 0
46 20600 9400 0 0
47 20600 9600 0 0
48 20800 9600 0 0
49 20800 9800 0 0
50 20800 10000 0 0
51 20800 10200 0 0
52 20800 10400 0 0
53 21000 10400 0 0
54 21000 10600 0 0
55 21000 10800 0 0
56 21000 11000 0 0
57 21000 11200 0 0
58 21000 11400 0 0
59 21000 11600 0 0
60 21200 11600 0 0
61 21200 11800 0 0
62 21200 12000 0 0
63 21200 12200 0 0
64 21200 12400 0 0
65 21200 12600 0 0
66 21400 12600 0 0
67 21400 12800 0 0
68 21400 13000 0 0
69 21400 13200 0 0
70 21400 13400 0 0
71 21600 13400 0 0
72 21600 13600 0 0
73 21600 13800 0 0
74 21600 14000 0 0
75 21800 14000 0 0
76 21800 14200 0 0
77 21800 14400 0 0
78 21800 14600 0 0
79 22000 14600 0 0
80 22000 14800 0 0
81 22000 15000 0 0
82 22000 15200 0 0
83 22200 15200 0 0
84 22200 15400 0 0
85 22200 15600 0 0
86 22400 15600 0 0
87 22400 15800 0 0
88 22400 16000 0 0
89 22400 16200 0 0
90 22600 16200 0 0
91 22600 16400 0 0
92 22600 16600 0 0
93 22600 16800 0 0
94 22800 16800 0 0
95 22800 17000 0 0
96 22800 17200 0 0
97 23000 17200 0 0
98 23000 17400 0 0
99 23000 17600 0 0
100 23000 17800 0 0
101 23200 17800 0 0
102 23200 18000 0 0
103 23200 18200 0 0
104 23400 18200 0 0
105 23400 18400 0 0
106 23400 18600 0 0
107 23200 18600 0 0
108 23200 18800 0 0
109 23200 19000 0 0
110 23000 19000 0 0
111 23000 19200 0 0
112 23000 19400 0 0
113 23000 19600 0 0
114 22800 19600 0 0
115 22800 19800 0 0
116 22800 20000 0 0
117 22800 20200 0 0
118 22600 20200 0 0
119 22600 20400 0 0
120 22600 20600 0 0
121 22600 20800 0 0
122 22400 20800 0 0
123 22400 21000 0 0
124 22400 21200 0 0
125 22200 21200 0 0
126 22000 21200 0 0
127 22000 21400 0 0
128 21800 21400 0 0
129 21600 21400 0 0
130 21400 21400 0 0
131 21400 21600 0 0
132 21200 21600 0 0
133 21000 21600 0 0
134 20800 21600 0 0
135 20800 21800 0 0
136 20600 21800 0 0
137 20400 21800 0 0
138 20400 22000 0 0
139 20200 22000 0 0
140 20000 22000 0 0
141 19800 22000 0 0
142 19800 22200 0 0
143 19600 22200 0 0
144 19400 22200 0 0
145 19200 22200 0 0
146 19200 22400 0 0
147 19000 22400 0 0
148 18800 22400 0 0
149 18600 22400 0 0
150 18400 22400 0 0
151 18200 22400 0 0
152 18000 22400 0 0
153 17800 22400 0 0
154 17800 22200 0 0
155 17600 22200 0 0
156 17400 22200 0 0
157 17200 22200 0 0
158 17000 22200 0 0
159 17000 22000 0 0
160 16800 22000 0 0
161 16600 22000 0 0
162 16400 22000 0 0
163 16400 21800 0 0
164 16200 21800 0 0
165 16000 21800 0 0
166 15800 21800 0 0
167 15600 21800 0 0
168 15600 21600 0 0
169 15400 21600 0 0
170 15200 21600 0 0
171 15000 21600 0 0
172 14800 21600 0 0
173 14800 21400 0 0
174 14600 21400 0 0
175 14400 21400 0 0
176 14200 21400 0 0
177 14000 21400 0 0
178 13800 21400 0 0
179 13600 21400 0 0
180 13600 21200 0 0
181 13400 21200 0 0
182 13200 21200 0 0
183 13000 21200 0 0
184 12800 21200 0 0
185 12600 21200 0 0
186 12400 21200 0 0
187 12200 21200 0 0
188 12000 21200 0 0
189 11800 21200 0 0
190 11800 21000 0 0
191 11600 21000 0 0
192 11400 21000 0 0
193 11200 21000 0 0
194 11000 21000 0 0
195 10800 21000 0 0
196 10600 21000 0 0
197 10400 21000 0 0
198 10200 21000 0 0
199 10000 21000 0 0
200 10000 20800 0 0
201 9800 20800 0 0
202 9600 20800 0 0
203 9400 20800 0 0
204 9200 20800 0 0
205 9000 20800 0 0
206 8800 20800 0 0
207 8600 20800 0 0
208 8400 20800 0 0
209 8200 20800 0 0
210 8200 20600 0 0
211 8000 20600 0 0
212 7800 20600 0 0
213 7600 20600 0 0
214 7400 20600 0 0
215 7200 20600 0 0
216 7000 20600 0 0
217 6800 20600 0 0
218 6600 20600 0 0
219 6400 20600 0 0
220 6200 20600 0 0
221 6000 20600 0 0
222 5800 20600 0 0
223 5600 20600 0 0
224 5400 20600 0 0
225 5200 20600 0 0
226 5000 20600 0 0
227 4800 20600 0 0
228 4600 20600 0 0
229 4600 20400 0 0
230 4400 20400 0 0
231 4200 20400 0 0
232 4000 20400 0 0
233 3800 20400 0 0
234 3600 20400 0 0
235 3400 20400 0 0
236 3200 20400 0 0
237 3000 20400 0 0
238 2800 20400 0 0
239 2600 20400 0 0
240 2400 20400 0 0
241 2200 20400 0 0
242 2000 20400 0 0
243 1800 20400 0 0
244 1600 20400 0 0
245 1400 20400 0 0
246 1200 20400 0 0
247 1000 20400 0 0
248 800 20400 0 0
249 600 20400 0 0
