0 3 90 0 0
1 4 90 0 0
2 5 90 0 0
3 4 90 0 0
4 5 90 0 0
5 6 90 0 0
6 5 90 0 0
7 6 90 0 0
8 7 90 0 0
9 6 90 0 0
10 7 90 0 0
11 8 90 0 0
12 7 90 0 0
13 8 90 0 0
14 9 90 0 0
15 8 90 0 0
16 9 90 0 0
17 10 90 0 0
18 9 90 0 0
19 10 90 0 0
20 11 90 0 0
21 10 90 0 0
22 11 90 0 0
23 12 90 0 0
24 11 90 0 0
25 12 90 0 0
26 13 90 0 0
27 12 90 0 0
28 13 90 0 0
29 14 90 0 0
30 13 90 0 0
31 14 90 0 0
32 15 90 0 0
33 14 90 0 0
34 15 90 0 0
35 16 90 0 0
36 15 90 0 0
37 16 90 0 0
38 17 90 0 0
39 16 90 0 0
40 17 90 0 0
41 18 90 0 0
42 17 90 0 0
43 18 90 0 0
44 19 90 0 0
45 18 90 0 0
46 19 90 0 0
47 20 90 0 0
48 19 90 0 0
49 20 90 0 0
50 21 90 0 0
51 20 90 0 0
52 21 90 0 0
53 22 90 0 0
54 21 90 0 0
55 22 90 0 0
56 23 90 0 0
57 22 90 0 0
58 23 90 0 0
59 24 90 0 0
60 23 90 0 0
61 24 90 0 0
62 25 90 0 0
63 24 90 0 0
64 25 90 0 0
65 26 90 0 0
66 25 90 0 0
67 26 90 0 0
68 27 90 0 0
69 26 90 0 0
70 27 90 0 0
71 28 90 0 0
72 29 90 0 0
73 28 90 0 0
74 29 90 0 0
75 28 90 0 0
76 29 90 0 0
77 30 90 0 0
78 29 90 0 0
79 30 90 0 0
80 31 90 0 0
81 30 90 0 0
82 31 90 0 0
83 32 90 0 0
84 31 90 0 0
85 32 90 0 0
86 33 90 0 0
87 32 90 0 0
88 33 90 0 0
89 34 90 0 0
90 33 90 0 0
91 34 90 0 0
92 35 90 0 0
93 34 90 0 0
94 35 90 0 0
95 36 90 0 0
96 35 90 0 0
97 36 90 0 0
98 37 90 0 0
99 36 90 0 0
100 37 90 0 0
101 38 90 0 0
102 37 90 0 0
103 38 90 0 0
104 39 90 0 0
105 40 90 0 0
106 39 90 0 0
107 40 90 0 0
108 39 90 0 0
109 40 90 0 0
110 41 90 0 0
111 42 90 0 0
112 41 90 0 0
113 42 90 0 0
114 41 90 0 0
115 42 90 0 0
116 43 90 0 0
117 42 90 0 0
118 43 90 0 0
119 44 90 0 0
120 45 90 0 0
121 44 90 0 0
122 45 90 0 0
123 44 90 0 0
124 45 90 0 0
125 46 90 0 0
126 47 90 0 0
127 46 90 0 0
128 47 90 0 0
129 48 90 0 0
130 47 90 0 0
131 48 90 0 0
132 49 90 0 0
133 48 90 0 0
134 49 90 0 0
135 50 90 0 0
136 49 90 0 0
137 50 90 0 0
138 51 90 0 0
139 50 90 0 0
140 50 89 0 0
141 51 89 0 0
142 50 89 0 0
143 51 89 0 0
144 52 89 0 0
145 53 89 0 0
146 52 89 0 0
147 53 89 0 0
148 54 89 0 0
149 53 89 0 0
150 54 89 0 0
151 55 89 0 0
152 54 89 0 0
153 55 89 0 0
154 56 89 0 0
155 55 89 0 0
156 56 89 0 0
157 57 89 0 0
158 56 89 0 0
159 57 89 0 0
160 58 89 0 0
161 57 89 0 0
162 58 89 0 0
163 59 89 0 0
164 58 89 0 0
165 59 89 0 0
166 60 89 0 0
167 59 89 0 0
168 60 89 0 0
169 61 89 0 0
170 60 89 0 0
171 61 89 0 0
172 62 89 0 0
173 61 89 0 0
174 62 89 0 0
175 62 88 0 0
176 63 88 0 0
177 62 88 0 0
178 63 88 0 0
179 64 88 0 0
180 63 88 0 0
181 64 88 0 0
182 65 88 0 0
183 64 88 0 0
184 65 88 0 0
185 66 88 0 0
186 67 88 0 0
187 66 88 0 0
188 67 88 0 0
189 67 87 0 0
190 68 87 0 0
191 67 87 0 0
192 68 87 0 0
193 69 87 0 0
194 68 87 0 0
195 69 87 0 0
196 70 87 0 0
197 69 87 0 0
198 70 87 0 0
199 71 87 0 0
200 70 87 0 0
201 71 87 0 0
202 71 86 0 0
203 72 86 0 0
204 73 86 0 0
205 72 86 0 0
206 73 86 0 0
207 74 86 0 0
208 73 86 0 0
209 74 86 0 0
210 75 86 0 0
211 74 86 0 0
212 75 86 0 0
213 76 86 0 0
214 75 86 0 0
215 75 85 0 0
216 76 85 0 0
217 77 85 0 0
218 78 85 0 0
219 77 85 0 0
220 78 85 0 0
221 79 85 0 0
222 78 85 0 0
223 79 85 0 0
224 80 85 0 0
225 79 85 0 0
226 80 85 0 0
227 80 84 0 0
228 81 84 0 0
229 82 84 0 0
230 81 84 0 0
231 82 84 0 0
232 83 84 0 0
233 82 84 0 0
234 83 84 0 0
235 84 84 0 0
236 83 84 0 0
237 84 84 0 0
238 85 84 0 0
239 84 84 0 0
240 84 83 0 0
241 85 83 0 0
242 86 83 0 0
243 87 83 0 0
244 86 83 0 0
245 87 83 0 0
246 88 83 0 0
247 87 83 0 0
248 88 83 0 0
249 89 83 0 0
250 88 83 0 0
251 89 83 0 0
252 90 83 0 0
253 91 83 0 0
254 90 83 0 0
255 91 83 0 0
256 92 83 0 0
257 91 83 0 0
258 92 83 0 0
259 92 82 0 0
260 93 82 0 0
261 94 82 0 0
262 93 82 0 0
263 94 82 0 0
264 95 82 0 0
265 94 82 0 0
266 95 82 0 0
267 96 82 0 0
268 97 82 0 0
269 96 82 0 0
270 97 82 0 0
271 98 82 0 0
272 97 82 0 0
273 98 82 0 0
274 99 82 0 0
275 100 82 0 0
276 99 82 0 0
277 100 82 0 0
278 101 82 0 0
279 102 82 0 0
280 101 82 0 0
281 102 82 0 0
282 102 81 0 0
283 103 81 0 0
284 102 81 0 0
285 103 81 0 0
286 104 81 0 0
287 105 81 0 0
288 104 81 0 0
289 105 81 0 0
290 106 81 0 0
291 107 81 0 0
292 106 81 0 0
293 107 81 0 0
294 108 81 0 0
295 107 81 0 0
296 108 81 0 0
297 109 81 0 0
298 108 81 0 0
299 109 81 0 0
300 110 81 0 0
301 109 81 0 0
302 109 82 0 0
303 110 82 0 0
304 111 82 0 0
305 110 82 0 0
306 111 82 0 0
307 112 82 0 0
308 111 82 0 0
309 112 82 0 0
310 113 82 0 0
311 112 82 0 0
312 113 82 0 0
313 114 82 0 0
314 114 83 0 0
315 115 83 0 0
316 114 83 0 0
317 115 83 0 0
318 114 83 0 0
319 115 83 0 0
320 116 83 0 0
321 115 83 0 0
322 116 83 0 0
323 117 83 0 0
324 118 83 0 0
325 117 83 0 0
326 118 83 0 0
327 117 83 0 0
328 118 83 0 0
329 118 84 0 0
330 119 84 0 0
331 120 84 0 0
332 119 84 0 0
333 120 84 0 0
334 121 84 0 0
335 120 84 0 0
336 121 84 0 0
337 122 84 0 0
338 121 84 0 0
339 122 84 0 0
340 123 84 0 0
341 122 84 0 0
342 122 85 0 0
343 123 85 0 0
344 124 85 0 0
345 123 85 0 0
346 124 85 0 0
347 125 85 0 0
348 124 85 0 0
349 125 85 0 0
350 126 85 0 0
351 125 85 0 0
352 126 85 0 0
353 127 85 0 0
354 126 85 0 0
355 126 86 0 0
356 127 86 0 0
357 128 86 0 0
358 127 86 0 0
359 128 86 0 0
360 129 86 0 0
361 128 86 0 0
362 129 86 0 0
363 130 86 0 0
364 129 86 0 0
365 130 86 0 0
366 131 86 0 0
367 130 86 0 0
368 130 87 0 0
369 131 87 0 0
370 130 87 0 0
371 131 87 0 0
372 132 87 0 0
373 133 87 0 0
374 132 87 0 0
375 133 87 0 0
376 132 87 0 0
377 133 87 0 0
378 134 87 0 0
379 135 87 0 0
380 134 87 0 0
381 134 88 0 0
382 135 88 0 0
383 136 88 0 0
384 135 88 0 0
385 136 88 0 0
386 135 88 0 0
387 136 88 0 0
388 137 88 0 0
389 138 88 0 0
390 137 88 0 0
391 138 88 0 0
392 137 88 0 0
393 137 89 0 0
394 138 89 0 0
395 139 89 0 0
396 140 89 0 0
397 139 89 0 0
398 140 89 0 0
399 139 89 0 0
400 140 89 0 0
401 141 89 0 0
402 142 89 0 0
403 141 89 0 0
404 142 89 0 0
405 141 89 0 0
406 141 90 0 0
407 142 90 0 0
408 143 90 0 0
409 142 90 0 0
410 143 90 0 0
411 144 90 0 0
412 143 90 0 0
413 144 90 0 0
414 145 90 0 0
415 144 90 0 0
416 145 90 0 0
417 146 90 0 0
418 145 90 0 0
419 145 91 0 0
420 146 91 0 0
421 147 91 0 0
422 146 91 0 0
423 147 91 0 0
424 148 91 0 0
425 149 91 0 0
426 148 91 0 0
427 149 91 0 0
428 148 91 0 0
429 149 91 0 0
430 150 91 0 0
431 149 91 0 0
432 150 91 0 0
433 151 91 0 0
434 150 91 0 0
435 151 91 0 0
436 152 91 0 0
437 153 91 0 0
438 152 91 0 0
439 152 92 0 0
440 153 92 0 0
441 152 92 0 0
442 153 92 0 0
443 154 92 0 0
444 155 92 0 0
445 154 92 0 0
446 155 92 0 0
447 156 92 0 0
448 155 92 0 0
449 156 92 0 0
450 155 92 0 0
451 156 92 0 0
452 157 92 0 0
453 158 92 0 0
454 157 92 0 0
455 158 92 0 0
456 159 92 0 0
457 158 92 0 0
458 159 92 0 0
459 159 93 0 0
460 160 93 0 0
461 159 93 0 0
462 160 93 0 0
463 161 93 0 0
464 160 93 0 0
465 161 93 0 0
466 162 93 0 0
467 161 93 0 0
468 162 93 0 0
469 163 93 0 0
470 162 93 0 0
471 163 93 0 0
472 164 93 0 0
473 163 93 0 0
474 164 93 0 0
475 165 93 0 0
476 164 93 0 0
477 165 93 0 0
478 166 93 0 0
479 165 93 0 0
480 165 94 0 0
481 166 94 0 0
482 167 94 0 0
483 166 94 0 0
484 167 94 0 0
485 168 94 0 0
486 169 94 0 0
487 168 94 0 0
488 169 94 0 0
489 168 94 0 0
490 169 94 0 0
491 170 94 0 0
492 169 94 0 0
493 170 94 0 0
494 171 94 0 0
495 170 94 0 0
496 171 94 0 0
497 172 94 0 0
498 173 94 0 0
499 172 94 0 0
500 172 95 0 0
501 173 95 0 0
502 172 95 0 0
503 173 95 0 0
504 174 95 0 0
505 175 95 0 0
506 174 95 0 0
507 175 95 0 0
508 176 95 0 0
509 175 95 0 0
510 176 95 0 0
511 175 95 0 0
512 176 95 0 0
513 177 95 0 0
514 176 95 0 0
515 177 95 0 0
516 178 95 0 0
517 177 95 0 0
518 178 95 0 0
519 177 95 0 0
520 178 95 0 0
521 179 95 0 0
522 178 95 0 0
523 179 95 0 0
524 180 95 0 0
525 179 95 0 0
526 180 95 0 0
527 179 95 0 0
528 180 95 0 0
529 181 95 0 0
530 180 95 0 0
531 181 95 0 0
532 182 95 0 0
533 181 95 0 0
534 182 95 0 0
535 183 95 0 0
536 182 95 0 0
537 183 95 0 0
538 184 95 0 0
539 183 95 0 0
540 184 95 0 0
541 183 95 0 0
542 184 95 0 0
543 184 96 0 0
544 185 96 0 0
545 184 96 0 0
546 185 96 0 0
547 185 95 0 0
548 186 95 0 0
549 185 95 0 0
550 186 95 0 0
551 187 95 0 0
552 186 95 0 0
553 187 95 0 0
554 187 96 0 0
555 188 96 0 0
556 187 96 0 0
557 188 96 0 0
558 189 96 0 0
559 188 96 0 0
560 189 96 0 0
561 190 96 0 0
562 189 96 0 0
563 189 95 0 0
564 190 95 0 0
565 190 96 0 0
566 191 96 0 0
567 190 96 0 0
568 191 96 0 0
569 190 96 0 0
570 191 96 0 0
571 190 96 0 0
572 191 96 0 0
573 192 96 0 0
574 191 96 0 0
575 192 96 0 0
576 191 96 0 0
577 192 96 0 0
578 193 96 0 0
579 192 96 0 0
580 193 96 0 0
581 192 96 0 0
582 193 96 0 0
583 192 96 0 0
584 193 96 0 0
