0 2 95 0 0
1 2 96 0 0
2 3 96 0 0
3 4 96 0 0
4 5 96 0 0
5 5 97 0 0
6 6 97 0 0
7 7 97 0 0
8 8 97 0 0
9 9 97 0 0
10 10 97 0 0
11 11 97 0 0
12 12 97 0 0
13 13 97 0 0
14 14 97 0 0
15 15 97 0 0
16 16 97 0 0
17 17 97 0 0
18 18 97 0 0
19 18 98 0 0
20 19 98 0 0
21 20 98 0 0
22 21 98 0 0
23 22 98 0 0
24 23 98 0 0
25 24 98 0 0
26 25 98 0 0
27 26 98 0 0
28 27 98 0 0
29 27 99 0 0
30 28 99 0 0
31 29 99 0 0
32 30 99 0 0
33 31 99 0 0
34 32 99 0 0
35 33 99 0 0
36 34 99 0 0
37 35 99 0 0
38 35 100 0 0
39 36 100 0 0
40 37 100 0 0
41 38 100 0 0
42 39 100 0 0
43 40 100 0 0
44 41 100 0 0
45 42 100 0 0
46 43 100 0 0
47 44 100 0 0
48 45 100 0 0
49 46 100 0 0
50 47 100 0 0
51 48 100 0 0
52 49 100 0 0
53 50 100 0 0
54 51 100 0 0
55 52 100 0 0
56 52 101 0 0
57 53 101 0 0
58 54 101 0 0
59 55 101 0 0
60 56 101 0 0
61 57 101 0 0
62 58 101 0 0
63 59 101 0 0
64 60 101 0 0
65 61 101 0 0
66 62 101 0 0
67 63 101 0 0
68 64 101 0 0
69 65 101 0 0
70 66 101 0 0
71 67 101 0 0
72 67 100 0 0
73 68 100 0 0
74 69 100 0 0
75 70 100 0 0
76 71 100 0 0
77 72 100 0 0
78 72 99 0 0
79 73 99 0 0
80 74 99 0 0
81 75 99 0 0
82 76 99 0 0
83 77 99 0 0
84 77 98 0 0
85 78 98 0 0
86 79 98 0 0
87 79 97 0 0
88 80 97 0 0
89 81 97 0 0
90 81 96 0 0
91 82 96 0 0
92 83 96 0 0
93 83 95 0 0
94 84 95 0 0
95 85 95 0 0
96 86 95 0 0
97 86 94 0 0
98 87 94 0 0
99 88 94 0 0
100 89 94 0 0
101 90 94 0 0
102 90 93 0 0
103 91 93 0 0
104 92 93 0 0
105 92 92 0 0
106 93 92 0 0
107 94 92 0 0
108 94 91 0 0
109 95 91 0 0
110 96 91 0 0
111 96 90 0 0
112 97 90 0 0
113 98 90 0 0
114 98 89 0 0
115 99 89 0 0
116 100 89 0 0
117 101 89 0 0
118 102 89 0 0
119 103 89 0 0
120 104 89 0 0
121 105 89 0 0
122 106 89 0 0
123 107 89 0 0
124 108 89 0 0
125 109 89 0 0
126 110 89 0 0
127 111 89 0 0
128 112 89 0 0
129 113 89 0 0
130 114 89 0 0
131 114 90 0 0
132 115 90 0 0
133 116 90 0 0
134 117 90 0 0
135 118 90 0 0
136 119 90 0 0
137 119 91 0 0
138 120 91 0 0
139 121 91 0 0
140 122 91 0 0
141 123 91 0 0
142 124 91 0 0
143 124 92 0 0
144 125 92 0 0
145 126 92 0 0
146 127 92 0 0
147 128 92 0 0
148 129 92 0 0
149 130 92 0 0
150 130 93 0 0
151 131 93 0 0
152 132 93 0 0
153 133 93 0 0
154 134 93 0 0
155 135 93 0 0
156 136 93 0 0
157 137 93 0 0
158 138 93 0 0
159 139 93 0 0
160 139 94 0 0
161 140 94 0 0
162 141 94 0 0
163 142 94 0 0
164 143 94 0 0
165 144 94 0 0
166 144 95 0 0
167 145 95 0 0
168 146 95 0 0
169 147 95 0 0
170 148 95 0 0
171 149 95 0 0
172 149 96 0 0
173 150 96 0 0
174 151 96 0 0
175 152 96 0 0
176 153 96 0 0
177 154 96 0 0
178 155 96 0 0
179 156 96 0 0
180 157 96 0 0
181 158 96 0 0
182 159 96 0 0
183 160 96 0 0
184 161 96 0 0
185 162 96 0 0
186 163 96 0 0
187 164 96 0 0
188 165 96 0 0
189 166 96 0 0
190 167 96 0 0
191 168 96 0 0
192 169 96 0 0
193 169 97 0 0
194 170 97 0 0
195 171 97 0 0
196 172 97 0 0
197 173 97 0 0
198 174 97 0 0
199 175 97 0 0
200 176 97 0 0
201 177 97 0 0
202 178 97 0 0
203 179 97 0 0
204 180 97 0 0
205 181 97 0 0
206 182 97 0 0
207 183 97 0 0
208 184 97 0 0
209 185 97 0 0
210 186 97 0 0
211 187 97 0 0
212 188 97 0 0
213 189 97 0 0
214 189 96 0 0
215 190 96 0 0
216 190 97 0 0
217 191 97 0 0
218 192 97 0 0
219 193 97 0 0
220 194 97 0 0
