0 3 100 0 0
1 4 100 0 0
2 5 100 0 0
3 6 100 0 0
4 7 100 0 0
5 8 100 0 0
6 9 100 0 0
7 10 100 0 0
8 11 100 0 0
9 12 100 0 0
10 13 100 0 0
11 14 100 0 0
12 15 100 0 0
13 16 100 0 0
14 17 100 0 0
15 18 100 0 0
16 19 100 0 0
17 20 100 0 0
18 21 100 0 0
19 22 100 0 0
20 23 100 0 0
21 24 100 0 0
22 25 100 0 0
23 26 100 0 0
24 27 100 0 0
25 28 100 0 0
26 29 100 0 0
27 30 100 0 0
28 31 100 0 0
29 32 100 0 0
30 33 100 0 0
31 34 100 0 0
32 35 100 0 0
33 36 100 0 0
34 37 100 0 0
35 38 100 0 0
36 39 100 0 0
37 40 100 0 0
38 41 100 0 0
39 42 100 0 0
40 43 100 0 0
41 44 100 0 0
42 45 100 0 0
43 46 100 0 0
44 47 100 0 0
45 48 100 0 0
46 49 100 0 0
47 50 100 0 0
48 51 100 0 0
49 52 100 0 0
50 53 100 0 0
51 54 100 0 0
52 55 100 0 0
53 55 101 0 0
54 56 101 0 0
55 57 101 0 0
56 58 101 0 0
57 59 101 0 0
58 60 101 0 0
59 60 102 0 0
60 61 102 0 0
61 62 102 0 0
62 63 102 0 0
63 64 102 0 0
64 64 103 0 0
65 65 103 0 0
66 66 103 0 0
67 67 103 0 0
68 68 103 0 0
69 69 103 0 0
70 69 104 0 0
71 70 104 0 0
72 71 104 0 0
73 72 104 0 0
74 72 105 0 0
75 73 105 0 0
76 73 106 0 0
77 74 106 0 0
78 74 107 0 0
79 75 107 0 0
80 75 108 0 0
81 76 108 0 0
82 77 108 0 0
83 77 109 0 0
84 78 109 0 0
85 78 110 0 0
86 79 110 0 0
87 79 111 0 0
88 80 111 0 0
89 80 112 0 0
90 81 112 0 0
91 81 113 0 0
92 82 113 0 0
93 82 114 0 0
94 83 114 0 0
95 83 115 0 0
96 84 115 0 0
97 84 116 0 0
98 85 116 0 0
99 85 117 0 0
100 86 117 0 0
101 86 118 0 0
102 87 118 0 0
103 87 119 0 0
104 87 120 0 0
105 88 120 0 0
106 88 121 0 0
107 89 121 0 0
108 89 122 0 0
109 90 122 0 0
110 90 123 0 0
111 91 123 0 0
112 91 124 0 0
113 91 125 0 0
114 92 125 0 0
115 92 126 0 0
116 92 127 0 0
117 93 127 0 0
118 93 128 0 0
119 93 129 0 0
120 94 129 0 0
121 94 130 0 0
122 95 130 0 0
123 95 131 0 0
124 95 132 0 0
125 95 133 0 0
126 96 133 0 0
127 96 134 0 0
128 97 134 0 0
129 97 135 0 0
130 97 136 0 0
131 98 136 0 0
132 98 137 0 0
133 98 138 0 0
134 99 138 0 0
135 99 139 0 0
136 99 140 0 0
137 100 140 0 0
138 100 141 0 0
139 100 142 0 0
140 101 142 0 0
141 101 143 0 0
142 101 144 0 0
143 102 144 0 0
144 102 145 0 0
145 102 146 0 0
146 103 146 0 0
147 103 147 0 0
148 103 148 0 0
149 104 148 0 0
150 104 149 0 0
151 104 150 0 0
152 105 150 0 0
153 105 151 0 0
154 105 152 0 0
155 105 153 0 0
156 106 153 0 0
157 106 154 0 0
158 106 155 0 0
159 106 156 0 0
160 107 156 0 0
161 107 157 0 0
162 107 158 0 0
163 107 159 0 0
164 108 159 0 0
165 108 160 0 0
166 108 161 0 0
167 108 162 0 0
168 108 163 0 0
169 109 163 0 0
170 109 164 0 0
171 109 165 0 0
172 110 165 0 0
173 110 166 0 0
174 110 167 0 0
175 110 168 0 0
176 111 168 0 0
177 111 169 0 0
178 111 170 0 0
179 111 171 0 0
180 111 172 0 0
181 112 172 0 0
182 112 173 0 0
183 112 174 0 0
184 113 174 0 0
185 113 175 0 0
186 113 176 0 0
187 113 177 0 0
188 113 178 0 0
189 114 178 0 0
190 114 179 0 0
191 114 180 0 0
192 114 181 0 0
193 115 181 0 0
194 115 182 0 0
195 115 183 0 0
196 115 184 0 0
197 116 184 0 0
198 116 185 0 0
199 116 186 0 0
200 116 187 0 0
201 116 188 0 0
202 117 188 0 0
203 117 189 0 0
204 117 190 0 0
205 118 190 0 0
206 118 191 0 0
207 118 192 0 0
208 119 192 0 0
209 119 193 0 0
210 119 194 0 0
211 120 194 0 0
212 120 195 0 0
213 120 196 0 0
214 121 196 0 0
215 121 197 0 0
216 121 198 0 0
217 122 198 0 0
218 122 199 0 0
219 122 200 0 0
220 122 201 0 0
221 123 201 0 0
222 123 202 0 0
223 123 203 0 0
224 123 204 0 0
225 123 205 0 0
226 124 205 0 0
227 124 206 0 0
228 124 207 0 0
229 124 208 0 0
230 125 208 0 0
231 125 209 0 0
232 125 210 0 0
233 125 211 0 0
234 125 212 0 0
235 125 213 0 0
236 125 214 0 0
237 125 215 0 0
238 125 216 0 0
239 126 216 0 0
240 126 217 0 0
241 126 218 0 0
242 126 219 0 0
243 126 220 0 0
244 126 221 0 0
245 125 221 0 0
246 125 222 0 0
247 125 223 0 0
248 125 224 0 0
249 125 225 0 0
250 125 226 0 0
251 125 227 0 0
252 125 228 0 0
253 125 229 0 0
254 125 230 0 0
255 125 231 0 0
256 125 232 0 0
257 125 233 0 0
