0 194 105 0 0
1 193 105 0 0
2 194 105 0 0
3 193 105 0 0
4 192 105 0 0
5 193 105 0 0
6 192 105 0 0
7 191 105 0 0
8 192 105 0 0
9 191 105 0 0
10 190 105 0 0
11 189 105 0 0
12 190 105 0 0
13 189 105 0 0
14 189 104 0 0
15 188 104 0 0
16 187 104 0 0
17 188 104 0 0
18 187 104 0 0
19 186 104 0 0
20 187 104 0 0
21 186 104 0 0
22 185 104 0 0
23 186 104 0 0
24 185 104 0 0
25 184 104 0 0
26 185 104 0 0
27 184 104 0 0
28 183 104 0 0
29 182 104 0 0
30 183 104 0 0
31 182 104 0 0
32 181 104 0 0
33 182 104 0 0
34 181 104 0 0
35 182 104 0 0
36 181 104 0 0
37 180 104 0 0
38 179 104 0 0
39 180 104 0 0
40 179 104 0 0
41 180 104 0 0
42 179 104 0 0
43 178 104 0 0
44 178 103 0 0
45 177 103 0 0
46 178 103 0 0
47 177 103 0 0
48 178 103 0 0
49 177 103 0 0
50 176 103 0 0
51 175 103 0 0
52 176 103 0 0
53 175 103 0 0
54 176 103 0 0
55 175 103 0 0
56 174 103 0 0
57 175 103 0 0
58 174 103 0 0
59 173 103 0 0
60 174 103 0 0
61 173 103 0 0
62 172 103 0 0
63 171 103 0 0
64 172 103 0 0
65 171 103 0 0
66 170 103 0 0
67 169 103 0 0
68 170 103 0 0
69 169 103 0 0
70 168 103 0 0
71 167 103 0 0
72 168 103 0 0
73 167 103 0 0
74 166 103 0 0
75 166 104 0 0
76 167 104 0 0
77 166 104 0 0
78 165 104 0 0
79 164 104 0 0
80 165 104 0 0
81 164 104 0 0
82 163 104 0 0
83 162 104 0 0
84 163 104 0 0
85 162 104 0 0
86 161 104 0 0
87 160 104 0 0
88 161 104 0 0
89 160 104 0 0
90 159 104 0 0
91 160 104 0 0
92 159 104 0 0
93 158 104 0 0
94 157 104 0 0
95 158 104 0 0
96 157 104 0 0
97 158 104 0 0
98 157 104 0 0
99 156 104 0 0
100 155 104 0 0
101 156 104 0 0
102 155 104 0 0
103 156 104 0 0
104 155 104 0 0
105 155 105 0 0
106 154 105 0 0
107 155 105 0 0
108 154 105 0 0
109 153 105 0 0
110 152 105 0 0
111 153 105 0 0
112 152 105 0 0
113 153 105 0 0
114 152 105 0 0
115 151 105 0 0
116 152 105 0 0
117 151 105 0 0
118 150 105 0 0
119 151 105 0 0
120 150 105 0 0
121 149 105 0 0
122 150 105 0 0
123 149 105 0 0
124 148 105 0 0
125 149 105 0 0
126 148 105 0 0
127 147 105 0 0
128 148 105 0 0
129 147 105 0 0
130 146 105 0 0
131 147 105 0 0
132 146 105 0 0
133 145 105 0 0
134 146 105 0 0
135 145 105 0 0
136 145 106 0 0
137 144 106 0 0
138 145 106 0 0
139 144 106 0 0
140 143 106 0 0
141 144 106 0 0
142 143 106 0 0
143 142 106 0 0
144 143 106 0 0
145 142 106 0 0
146 143 106 0 0
147 142 106 0 0
148 141 106 0 0
149 142 106 0 0
150 141 106 0 0
151 140 106 0 0
152 141 106 0 0
153 140 106 0 0
154 139 106 0 0
155 140 106 0 0
156 139 106 0 0
157 140 106 0 0
158 139 106 0 0
159 139 107 0 0
160 138 107 0 0
161 139 107 0 0
162 138 107 0 0
163 137 107 0 0
164 138 107 0 0
165 137 107 0 0
166 136 107 0 0
167 137 107 0 0
168 136 107 0 0
169 135 107 0 0
170 136 107 0 0
171 135 107 0 0
172 135 108 0 0
173 136 108 0 0
174 135 108 0 0
175 134 108 0 0
176 135 108 0 0
177 134 108 0 0
178 135 108 0 0
179 134 108 0 0
180 133 108 0 0
181 134 108 0 0
182 133 108 0 0
183 132 108 0 0
184 133 108 0 0
185 132 108 0 0
186 132 109 0 0
187 131 109 0 0
188 132 109 0 0
189 131 109 0 0
190 130 109 0 0
191 131 109 0 0
192 130 109 0 0
193 129 109 0 0
194 130 109 0 0
195 129 109 0 0
196 130 109 0 0
197 129 109 0 0
198 128 109 0 0
199 127 109 0 0
200 128 109 0 0
201 127 109 0 0
202 127 110 0 0
203 128 110 0 0
204 127 110 0 0
205 126 110 0 0
206 127 110 0 0
207 126 110 0 0
208 125 110 0 0
209 126 110 0 0
210 125 110 0 0
211 124 110 0 0
212 125 110 0 0
213 124 110 0 0
214 123 110 0 0
215 124 110 0 0
216 123 110 0 0
217 122 110 0 0
218 122 111 0 0
219 123 111 0 0
220 122 111 0 0
221 121 111 0 0
222 122 111 0 0
223 121 111 0 0
224 122 111 0 0
225 121 111 0 0
226 120 111 0 0
227 121 111 0 0
228 120 111 0 0
229 119 111 0 0
230 120 111 0 0
231 119 111 0 0
232 118 111 0 0
233 119 111 0 0
234 118 111 0 0
235 117 111 0 0
236 118 111 0 0
237 117 111 0 0
238 116 111 0 0
239 116 112 0 0
240 117 112 0 0
241 116 112 0 0
242 115 112 0 0
243 116 112 0 0
244 115 112 0 0
245 114 112 0 0
246 115 112 0 0
247 114 112 0 0
248 115 112 0 0
249 114 112 0 0
250 113 112 0 0
251 114 112 0 0
252 113 112 0 0
253 113 113 0 0
254 112 113 0 0
255 113 113 0 0
256 112 113 0 0
257 111 113 0 0
258 112 113 0 0
259 111 113 0 0
260 111 114 0 0
261 110 114 0 0
262 109 114 0 0
263 110 114 0 0
264 109 114 0 0
265 108 114 0 0
266 108 115 0 0
267 109 115 0 0
268 108 115 0 0
269 107 115 0 0
270 108 115 0 0
271 107 115 0 0
272 106 115 0 0
273 106 116 0 0
274 107 116 0 0
275 106 116 0 0
276 105 116 0 0
277 104 116 0 0
278 105 116 0 0
279 104 116 0 0
280 104 117 0 0
281 103 117 0 0
282 104 117 0 0
283 103 117 0 0
284 102 117 0 0
285 103 117 0 0
286 102 117 0 0
287 102 118 0 0
288 101 118 0 0
289 102 118 0 0
290 101 118 0 0
291 100 118 0 0
292 101 118 0 0
293 100 118 0 0
294 99 118 0 0
295 100 118 0 0
296 99 118 0 0
297 99 119 0 0
298 98 119 0 0
299 99 119 0 0
300 98 119 0 0
301 97 119 0 0
302 98 119 0 0
303 97 119 0 0
304 97 120 0 0
305 96 120 0 0
306 97 120 0 0
307 96 120 0 0
308 97 120 0 0
309 96 120 0 0
310 95 120 0 0
311 96 120 0 0
312 95 120 0 0
313 95 121 0 0
314 94 121 0 0
315 95 121 0 0
316 94 121 0 0
317 93 121 0 0
318 94 121 0 0
319 93 121 0 0
320 92 121 0 0
321 93 121 0 0
322 92 121 0 0
323 92 122 0 0
324 91 122 0 0
325 92 122 0 0
326 91 122 0 0
327 92 122 0 0
328 91 122 0 0
329 91 123 0 0
330 92 123 0 0
331 91 123 0 0
332 90 123 0 0
333 91 123 0 0
334 90 123 0 0
335 89 123 0 0
336 89 124 0 0
337 90 124 0 0
338 89 124 0 0
339 90 124 0 0
340 89 124 0 0
341 88 124 0 0
342 89 124 0 0
343 88 124 0 0
344 88 125 0 0
345 89 125 0 0
346 88 125 0 0
347 87 125 0 0
348 88 125 0 0
349 87 125 0 0
350 88 125 0 0
351 87 125 0 0
352 87 126 0 0
353 86 126 0 0
354 87 126 0 0
355 86 126 0 0
356 85 126 0 0
357 86 126 0 0
358 85 126 0 0
359 85 127 0 0
360 86 127 0 0
361 85 127 0 0
362 84 127 0 0
363 85 127 0 0
364 84 127 0 0
365 85 127 0 0
366 84 127 0 0
367 84 128 0 0
368 85 128 0 0
369 84 128 0 0
370 83 128 0 0
371 84 128 0 0
372 83 128 0 0
373 82 128 0 0
374 82 129 0 0
375 83 129 0 0
376 82 129 0 0
377 83 129 0 0
378 82 129 0 0
379 81 129 0 0
380 82 129 0 0
381 81 129 0 0
382 80 129 0 0
383 80 130 0 0
384 81 130 0 0
385 80 130 0 0
386 79 130 0 0
387 80 130 0 0
388 79 130 0 0
389 80 130 0 0
390 79 130 0 0
391 79 131 0 0
392 78 131 0 0
393 79 131 0 0
394 78 131 0 0
395 79 131 0 0
396 78 131 0 0
397 77 131 0 0
398 78 131 0 0
399 77 131 0 0
400 77 132 0 0
401 76 132 0 0
402 77 132 0 0
403 76 132 0 0
404 75 132 0 0
405 76 132 0 0
406 75 132 0 0
407 76 132 0 0
408 75 132 0 0
409 75 133 0 0
410 74 133 0 0
411 75 133 0 0
412 74 133 0 0
413 73 133 0 0
414 72 133 0 0
415 72 134 0 0
416 73 134 0 0
417 72 134 0 0
418 71 134 0 0
419 72 134 0 0
420 71 134 0 0
421 70 134 0 0
422 70 135 0 0
423 71 135 0 0
424 70 135 0 0
425 69 135 0 0
426 70 135 0 0
427 69 135 0 0
428 68 135 0 0
429 68 136 0 0
430 67 136 0 0
431 68 136 0 0
432 67 136 0 0
433 66 136 0 0
434 67 136 0 0
435 66 136 0 0
436 66 137 0 0
437 65 137 0 0
438 66 137 0 0
439 65 137 0 0
440 64 137 0 0
441 65 137 0 0
442 64 137 0 0
443 63 137 0 0
444 64 137 0 0
445 63 137 0 0
446 62 137 0 0
447 63 137 0 0
448 62 137 0 0
449 63 137 0 0
450 62 137 0 0
451 61 137 0 0
452 62 137 0 0
453 61 137 0 0
454 60 137 0 0
455 61 137 0 0
456 60 137 0 0
457 59 137 0 0
458 60 137 0 0
459 59 137 0 0
460 60 137 0 0
461 59 137 0 0
462 58 137 0 0
463 59 137 0 0
464 58 137 0 0
465 57 137 0 0
466 58 137 0 0
467 57 137 0 0
468 56 137 0 0
469 57 137 0 0
470 56 137 0 0
471 57 137 0 0
472 56 137 0 0
473 55 137 0 0
474 56 137 0 0
475 55 137 0 0
476 55 136 0 0
477 54 136 0 0
478 55 136 0 0
479 54 136 0 0
480 53 136 0 0
481 54 136 0 0
482 53 136 0 0
483 52 136 0 0
484 53 136 0 0
485 52 136 0 0
486 51 136 0 0
487 52 136 0 0
488 51 136 0 0
489 50 136 0 0
490 49 136 0 0
491 50 136 0 0
492 49 136 0 0
493 48 136 0 0
494 49 136 0 0
495 48 136 0 0
496 47 136 0 0
497 48 136 0 0
498 47 136 0 0
499 46 136 0 0
500 45 136 0 0
501 46 136 0 0
502 45 136 0 0
503 44 136 0 0
504 45 136 0 0
505 44 136 0 0
506 43 136 0 0
507 44 136 0 0
508 43 136 0 0
509 42 136 0 0
510 43 136 0 0
511 42 136 0 0
512 41 136 0 0
513 42 136 0 0
514 41 136 0 0
515 41 135 0 0
516 40 135 0 0
517 41 135 0 0
518 40 135 0 0
519 39 135 0 0
520 40 135 0 0
521 39 135 0 0
522 38 135 0 0
523 39 135 0 0
524 38 135 0 0
525 37 135 0 0
526 38 135 0 0
527 37 135 0 0
528 36 135 0 0
529 37 135 0 0
530 36 135 0 0
531 35 135 0 0
532 36 135 0 0
533 35 135 0 0
534 34 135 0 0
535 35 135 0 0
536 34 135 0 0
537 33 135 0 0
538 34 135 0 0
539 33 135 0 0
540 32 135 0 0
541 33 135 0 0
542 32 135 0 0
543 32 136 0 0
544 31 136 0 0
545 32 136 0 0
546 31 136 0 0
547 30 136 0 0
548 31 136 0 0
549 30 136 0 0
550 29 136 0 0
551 30 136 0 0
552 29 136 0 0
553 30 136 0 0
554 29 136 0 0
555 28 136 0 0
556 27 136 0 0
557 28 136 0 0
558 27 136 0 0
559 28 136 0 0
560 27 136 0 0
561 26 136 0 0
562 25 136 0 0
563 26 136 0 0
564 25 136 0 0
565 26 136 0 0
566 25 136 0 0
567 24 136 0 0
568 25 136 0 0
569 24 136 0 0
570 23 136 0 0
571 22 136 0 0
572 23 136 0 0
573 22 136 0 0
574 23 136 0 0
575 22 136 0 0
576 21 136 0 0
577 22 136 0 0
578 21 136 0 0
579 20 136 0 0
580 19 136 0 0
581 20 136 0 0
582 19 136 0 0
583 20 136 0 0
584 19 136 0 0
585 18 136 0 0
586 19 136 0 0
587 18 136 0 0
588 18 135 0 0
589 17 135 0 0
590 16 135 0 0
591 17 135 0 0
592 16 135 0 0
593 17 135 0 0
594 16 135 0 0
595 15 135 0 0
596 14 135 0 0
597 15 135 0 0
598 14 135 0 0
599 15 135 0 0
600 14 135 0 0
601 13 135 0 0
602 12 135 0 0
603 13 135 0 0
604 12 135 0 0
605 11 135 0 0
606 12 135 0 0
607 11 135 0 0
608 10 135 0 0
609 11 135 0 0
610 10 135 0 0
611 10 136 0 0
612 9 136 0 0
613 10 136 0 0
614 9 136 0 0
615 8 136 0 0
616 9 136 0 0
617 8 136 0 0
618 7 136 0 0
619 8 136 0 0
620 7 136 0 0
621 6 136 0 0
622 7 136 0 0
623 6 136 0 0
624 5 136 0 0
625 6 136 0 0
626 5 136 0 0
627 4 136 0 0
628 5 136 0 0
629 4 136 0 0
