0 200 19600 0 0
1 400 19600 0 0
2 600 19600 0 0
3 800 19600 0 0
4 1000 19600 0 0
5 1200 19600 0 0
6 1400 19600 0 0
7 1600 19600 0 0
8 1800 19600 0 0
9 2000 19600 0 0
10 2200 19600 0 0
11 2400 19600 0 0
12 2600 19600 0 0
13 2800 19600 0 0
14 3000 19600 0 0
15 3200 19600 0 0
16 3400 19600 0 0
17 3600 19600 0 0
18 3800 19600 0 0
19 4000 19600 0 0
20 4200 19600 0 0
21 4400 19600 0 0
22 4600 19600 0 0
23 4800 19600 0 0
24 5000 19600 0 0
25 5200 19600 0 0
26 5400 19600 0 0
27 5600 19600 0 0
28 5800 19600 0 0
29 6000 19600 0 0
30 6200 19600 0 0
31 6400 19600 0 0
32 6600 19600 0 0
33 6800 19600 0 0
34 7000 19600 0 0
35 7200 19600 0 0
36 7400 19600 0 0
37 7600 19600 0 0
38 7800 19600 0 0
39 8000 19600 0 0
40 8200 19600 0 0
41 8400 19600 0 0
42 8600 19600 0 0
43 8800 19600 0 0
44 9000 19600 0 0
45 9200 19600 0 0
46 9400 19600 0 0
47 9600 19600 0 0
48 9800 19600 0 0
49 10000 19600 0 0
50 10200 19600 0 0
51 10400 19600 0 0
52 10600 19600 0 0
53 10800 19600 0 0
54 11000 19600 0 0
55 11200 19600 0 0
56 11400 19600 0 0
57 11400 19400 0 0
58 11600 19400 0 0
59 11600 19600 0 0
60 11800 19600 0 0
61 11800 19400 0 0
62 12000 19400 0 0
63 12200 19400 0 0
64 12200 19600 0 0
65 12400 19600 0 0
66 12600 19600 0 0
67 12800 19600 0 0
68 13000 19600 0 0
69 13200 19600 0 0
70 13400 19600 0 0
71 13600 19600 0 0
72 13800 19600 0 0
73 14000 19600 0 0
74 14200 19600 0 0
75 14200 19400 0 0
76 14400 19400 0 0
77 14400 19200 0 0
78 14600 19200 0 0
79 14800 19200 0 0
80 15000 19200 0 0
81 15000 19000 0 0
82 15200 19000 0 0
83 15400 19000 0 0
84 15400 18800 0 0
85 15600 18800 0 0
86 15800 18800 0 0
87 15800 18600 0 0
88 16000 18600 0 0
89 16200 18600 0 0
90 16200 18400 0 0
91 16400 18400 0 0
92 16600 18400 0 0
93 16600 18200 0 0
94 16800 18200 0 0
95 16800 18000 0 0
96 17000 18000 0 0
97 17200 18000 0 0
98 17400 18000 0 0
99 17600 18000 0 0
100 17800 18000 0 0
101 18000 18000 0 0
102 18200 18000 0 0
103 18400 18000 0 0
104 18400 17800 0 0
105 18600 17800 0 0
106 18800 17800 0 0
107 19000 17800 0 0
108 19000 17600 0 0
109 19200 17600 0 0
110 19400 17600 0 0
111 19400 17400 0 0
112 19600 17400 0 0
113 19800 17400 0 0
114 20000 17400 0 0
115 20200 17400 0 0
116 20400 17400 0 0
117 20600 17400 0 0
118 20800 17400 0 0
119 21000 17400 0 0
120 21200 17400 0 0
121 21400 17400 0 0
122 21600 17400 0 0
123 21800 17400 0 0
124 22000 17400 0 0
125 22200 17400 0 0
126 22400 17400 0 0
127 22400 17600 0 0
128 22600 17600 0 0
129 22800 17600 0 0
130 23000 17600 0 0
131 23000 17800 0 0
132 23200 17800 0 0
133 23400 17800 0 0
134 23400 18000 0 0
135 23600 18000 0 0
136 23800 18000 0 0
137 23800 18200 0 0
138 24000 18200 0 0
139 24200 18200 0 0
140 24400 18200 0 0
141 24400 18400 0 0
142 24600 18400 0 0
143 24800 18400 0 0
144 24800 18600 0 0
145 25000 18600 0 0
146 25200 18600 0 0
147 25200 18800 0 0
148 25400 18800 0 0
149 25600 18800 0 0
150 25600 19000 0 0
151 25800 19000 0 0
152 26000 19000 0 0
153 26200 19000 0 0
154 26400 19000 0 0
155 26600 19000 0 0
156 26800 19000 0 0
157 27000 19000 0 0
158 27200 19000 0 0
159 27400 19000 0 0
160 27600 19000 0 0
161 27800 19000 0 0
162 28000 19000 0 0
163 28200 19000 0 0
164 28400 19000 0 0
165 28600 19000 0 0
166 28800 19000 0 0
167 29000 19000 0 0
168 29200 19000 0 0
169 29400 19000 0 0
170 29600 19000 0 0
171 29800 19000 0 0
172 29800 19200 0 0
173 30000 19200 0 0
174 30200 19200 0 0
175 30400 19200 0 0
176 30600 19200 0 0
177 30800 19200 0 0
178 31000 19200 0 0
179 31200 19200 0 0
180 31400 19200 0 0
181 31600 19200 0 0
182 31800 19200 0 0
183 32000 19200 0 0
184 32200 19200 0 0
185 32400 19200 0 0
186 32600 19200 0 0
187 32800 19200 0 0
188 33000 19200 0 0
189 33200 19200 0 0
190 33400 19200 0 0
191 33400 19400 0 0
192 33600 19400 0 0
193 33800 19400 0 0
194 34000 19400 0 0
195 34200 19400 0 0
196 34400 19400 0 0
197 34400 19600 0 0
198 34600 19600 0 0
199 34800 19600 0 0
200 35000 19600 0 0
201 35200 19600 0 0
202 35200 19800 0 0
203 35400 19800 0 0
204 35600 19800 0 0
205 35800 19800 0 0
206 36000 19800 0 0
207 36200 19800 0 0
208 36200 20000 0 0
209 36400 20000 0 0
210 36600 20000 0 0
211 36800 20000 0 0
212 36800 20200 0 0
213 37000 20200 0 0
214 37200 20200 0 0
215 37400 20200 0 0
216 37400 20400 0 0
217 37600 20400 0 0
218 37800 20400 0 0
219 37800 20600 0 0
220 38000 20600 0 0
221 38000 20800 0 0
222 38200 20800 0 0
223 38200 21000 0 0
224 38400 21000 0 0
225 38400 21200 0 0
226 38600 21200 0 0
227 38800 21200 0 0
228 38800 21400 0 0
229 38800 21600 0 0
230 39000 21600 0 0
