0 90 234 0 0
1 90 233 0 0
2 90 232 0 0
3 90 231 0 0
4 90 230 0 0
5 90 229 0 0
6 90 228 0 0
7 90 227 0 0
8 90 226 0 0
9 90 225 0 0
10 90 224 0 0
11 90 223 0 0
12 90 222 0 0
13 90 221 0 0
14 90 220 0 0
15 91 220 0 0
16 91 219 0 0
17 91 218 0 0
18 91 217 0 0
19 91 216 0 0
20 91 215 0 0
21 91 214 0 0
22 91 213 0 0
23 91 212 0 0
24 91 211 0 0
25 91 210 0 0
26 91 209 0 0
27 91 208 0 0
28 91 207 0 0
29 91 206 0 0
30 91 205 0 0
31 91 204 0 0
32 91 203 0 0
33 92 203 0 0
34 92 202 0 0
35 92 201 0 0
36 92 200 0 0
37 92 199 0 0
38 92 198 0 0
39 92 197 0 0
40 92 196 0 0
41 92 195 0 0
42 92 194 0 0
43 92 193 0 0
44 92 192 0 0
45 92 191 0 0
46 92 190 0 0
47 92 189 0 0
48 92 188 0 0
49 92 187 0 0
50 92 186 0 0
51 92 185 0 0
52 92 184 0 0
53 92 183 0 0
54 92 182 0 0
55 92 181 0 0
56 92 180 0 0
57 92 179 0 0
58 93 179 0 0
59 93 178 0 0
60 92 178 0 0
61 92 177 0 0
62 92 176 0 0
63 92 175 0 0
64 92 174 0 0
65 92 173 0 0
66 92 172 0 0
67 92 171 0 0
68 92 170 0 0
69 92 169 0 0
70 92 168 0 0
71 92 167 0 0
72 92 166 0 0
73 92 165 0 0
74 92 164 0 0
75 92 163 0 0
76 92 162 0 0
77 92 161 0 0
78 92 160 0 0
79 92 159 0 0
80 92 158 0 0
81 92 157 0 0
82 92 156 0 0
83 92 155 0 0
84 92 154 0 0
85 92 153 0 0
86 92 152 0 0
87 92 151 0 0
88 92 150 0 0
89 92 149 0 0
90 92 148 0 0
91 91 148 0 0
92 91 147 0 0
93 91 146 0 0
94 91 145 0 0
95 91 144 0 0
96 91 143 0 0
97 91 142 0 0
98 91 141 0 0
99 91 140 0 0
100 91 139 0 0
101 91 138 0 0
102 91 137 0 0
103 90 137 0 0
104 90 136 0 0
105 90 135 0 0
106 90 134 0 0
107 90 133 0 0
108 90 132 0 0
109 90 131 0 0
110 90 130 0 0
111 89 130 0 0
112 89 129 0 0
113 89 128 0 0
114 89 127 0 0
115 89 126 0 0
116 89 125 0 0
117 88 125 0 0
118 88 124 0 0
119 88 123 0 0
120 88 122 0 0
121 88 121 0 0
122 88 120 0 0
123 87 120 0 0
124 87 119 0 0
125 87 118 0 0
126 87 117 0 0
127 87 116 0 0
128 86 116 0 0
129 86 115 0 0
130 86 114 0 0
131 86 113 0 0
132 86 112 0 0
133 86 111 0 0
134 86 110 0 0
135 86 109 0 0
136 86 108 0 0
137 86 107 0 0
138 86 106 0 0
139 86 105 0 0
140 86 104 0 0
141 86 103 0 0
142 86 102 0 0
143 86 101 0 0
144 86 100 0 0
145 86 99 0 0
146 87 99 0 0
147 87 98 0 0
148 87 97 0 0
149 88 97 0 0
150 88 96 0 0
151 88 95 0 0
152 88 94 0 0
153 88 93 0 0
154 89 93 0 0
155 89 92 0 0
156 90 92 0 0
157 90 91 0 0
158 90 90 0 0
159 91 90 0 0
160 91 89 0 0
161 92 89 0 0
162 92 88 0 0
163 93 88 0 0
164 93 87 0 0
165 94 87 0 0
166 94 86 0 0
167 95 86 0 0
168 95 85 0 0
169 96 85 0 0
170 96 84 0 0
171 97 84 0 0
172 98 84 0 0
173 98 83 0 0
174 99 83 0 0
175 100 83 0 0
176 100 82 0 0
177 101 82 0 0
178 102 82 0 0
179 102 81 0 0
180 103 81 0 0
181 103 80 0 0
182 104 80 0 0
183 105 80 0 0
184 105 79 0 0
185 106 79 0 0
186 106 78 0 0
187 107 78 0 0
188 107 79 0 0
189 108 79 0 0
190 109 79 0 0
191 110 79 0 0
192 111 79 0 0
193 112 79 0 0
194 113 79 0 0
195 114 79 0 0
196 115 79 0 0
197 115 78 0 0
198 116 78 0 0
199 117 78 0 0
200 118 78 0 0
201 119 78 0 0
202 119 79 0 0
203 120 79 0 0
204 121 79 0 0
205 122 79 0 0
206 123 79 0 0
207 123 80 0 0
208 124 80 0 0
209 125 80 0 0
210 126 80 0 0
211 126 81 0 0
212 127 81 0 0
213 127 82 0 0
214 128 82 0 0
215 129 82 0 0
216 129 83 0 0
217 130 83 0 0
218 131 83 0 0
219 132 83 0 0
220 133 83 0 0
221 134 83 0 0
222 134 84 0 0
223 135 84 0 0
224 136 84 0 0
225 136 85 0 0
226 137 85 0 0
227 137 86 0 0
228 138 86 0 0
229 139 86 0 0
230 139 87 0 0
231 140 87 0 0
232 141 87 0 0
233 142 87 0 0
234 142 88 0 0
235 143 88 0 0
236 144 88 0 0
237 145 88 0 0
238 145 89 0 0
239 146 89 0 0
240 147 89 0 0
241 148 89 0 0
242 149 89 0 0
243 150 89 0 0
244 150 90 0 0
245 151 90 0 0
246 152 90 0 0
247 152 91 0 0
248 153 91 0 0
249 154 91 0 0
250 155 91 0 0
251 156 91 0 0
252 157 91 0 0
253 158 91 0 0
254 159 91 0 0
255 160 91 0 0
256 161 91 0 0
257 162 91 0 0
258 162 92 0 0
259 163 92 0 0
260 164 92 0 0
261 165 92 0 0
262 166 92 0 0
263 167 92 0 0
264 167 93 0 0
265 168 93 0 0
266 169 93 0 0
267 170 93 0 0
268 171 93 0 0
269 172 93 0 0
270 173 93 0 0
271 174 93 0 0
272 175 93 0 0
273 176 93 0 0
274 177 93 0 0
275 178 93 0 0
276 179 93 0 0
277 180 93 0 0
278 181 93 0 0
279 182 93 0 0
280 183 93 0 0
281 184 93 0 0
282 185 93 0 0
283 186 93 0 0
284 187 93 0 0
285 188 93 0 0
286 189 93 0 0
287 190 93 0 0
288 191 93 0 0
289 191 92 0 0
290 192 92 0 0
291 192 93 0 0
292 193 93 0 0
293 194 93 0 0
