0 0 90 0 0
1 1 90 0 0
2 2 90 0 0
3 3 90 0 0
4 2 90 0 0
5 3 90 0 0
6 4 90 0 0
7 3 90 0 0
8 4 90 0 0
9 5 90 0 0
10 6 90 0 0
11 5 90 0 0
12 6 90 0 0
13 7 90 0 0
14 6 90 0 0
15 7 90 0 0
16 8 90 0 0
17 7 90 0 0
18 8 90 0 0
19 9 90 0 0
20 10 90 0 0
21 9 90 0 0
22 10 90 0 0
23 11 90 0 0
24 10 90 0 0
25 11 90 0 0
26 12 90 0 0
27 12 89 0 0
28 13 89 0 0
29 12 89 0 0
30 12 90 0 0
31 13 90 0 0
32 12 90 0 0
33 13 90 0 0
34 12 90 0 0
35 13 90 0 0
36 12 90 0 0
37 13 90 0 0
38 12 90 0 0
39 13 90 0 0
40 12 90 0 0
41 13 90 0 0
42 12 90 0 0
43 13 90 0 0
44 12 90 0 0
45 13 90 0 0
46 12 90 0 0
47 13 90 0 0
48 12 90 0 0
49 13 90 0 0
50 14 90 0 0
51 15 90 0 0
52 16 90 0 0
53 17 90 0 0
54 17 91 0 0
55 18 91 0 0
56 19 91 0 0
57 20 91 0 0
58 19 91 0 0
59 20 91 0 0
60 21 91 0 0
61 20 91 0 0
62 21 91 0 0
63 22 91 0 0
64 21 91 0 0
65 22 91 0 0
66 21 91 0 0
67 22 91 0 0
68 23 91 0 0
69 22 91 0 0
70 23 91 0 0
71 24 91 0 0
72 25 91 0 0
73 24 91 0 0
74 25 91 0 0
75 26 91 0 0
76 25 91 0 0
77 26 91 0 0
78 27 91 0 0
79 26 91 0 0
80 27 91 0 0
81 28 91 0 0
82 28 90 0 0
83 29 90 0 0
84 28 90 0 0
85 28 91 0 0
86 29 91 0 0
87 30 91 0 0
88 29 91 0 0
89 30 91 0 0
90 31 91 0 0
91 32 91 0 0
92 31 91 0 0
93 32 91 0 0
94 33 91 0 0
95 32 91 0 0
96 33 91 0 0
97 34 91 0 0
98 33 91 0 0
99 34 91 0 0
100 35 91 0 0
101 34 91 0 0
102 35 91 0 0
103 36 91 0 0
104 37 91 0 0
105 36 91 0 0
106 37 91 0 0
107 38 91 0 0
108 37 91 0 0
109 38 91 0 0
110 39 91 0 0
111 38 91 0 0
112 39 91 0 0
113 40 91 0 0
114 39 91 0 0
115 40 91 0 0
116 39 91 0 0
117 40 91 0 0
118 41 91 0 0
119 40 91 0 0
120 41 91 0 0
121 42 91 0 0
122 41 91 0 0
123 42 91 0 0
124 41 91 0 0
125 42 91 0 0
126 43 91 0 0
127 42 91 0 0
128 43 91 0 0
129 43 90 0 0
130 44 90 0 0
131 43 90 0 0
132 43 91 0 0
133 44 91 0 0
134 45 91 0 0
135 44 91 0 0
136 45 91 0 0
137 46 91 0 0
138 45 91 0 0
139 46 91 0 0
140 47 91 0 0
141 48 91 0 0
142 47 91 0 0
143 48 91 0 0
144 49 91 0 0
145 48 91 0 0
146 49 91 0 0
147 50 91 0 0
148 49 91 0 0
149 50 91 0 0
150 51 91 0 0
151 51 92 0 0
152 52 92 0 0
153 51 92 0 0
154 52 92 0 0
155 53 92 0 0
156 52 92 0 0
157 53 92 0 0
158 54 92 0 0
159 53 92 0 0
160 54 92 0 0
161 55 92 0 0
162 54 92 0 0
163 55 92 0 0
164 56 92 0 0
165 55 92 0 0
166 56 92 0 0
167 56 91 0 0
168 57 91 0 0
169 56 91 0 0
170 57 91 0 0
171 58 91 0 0
172 59 91 0 0
173 58 91 0 0
174 59 91 0 0
175 60 91 0 0
176 59 91 0 0
177 59 90 0 0
178 60 90 0 0
179 59 90 0 0
180 60 90 0 0
181 61 90 0 0
182 62 90 0 0
183 61 90 0 0
184 62 90 0 0
185 63 90 0 0
186 62 90 0 0
187 63 90 0 0
188 63 89 0 0
189 64 89 0 0
190 63 89 0 0
191 64 89 0 0
192 65 89 0 0
193 64 89 0 0
194 65 89 0 0
195 66 89 0 0
196 65 89 0 0
197 66 89 0 0
198 67 89 0 0
199 68 89 0 0
200 67 89 0 0
201 68 89 0 0
202 69 89 0 0
203 68 89 0 0
204 68 88 0 0
205 69 88 0 0
206 70 88 0 0
207 69 88 0 0
208 70 88 0 0
209 71 88 0 0
210 72 88 0 0
211 71 88 0 0
212 72 88 0 0
213 73 88 0 0
214 72 88 0 0
215 73 88 0 0
216 74 88 0 0
217 73 88 0 0
218 74 88 0 0
219 75 88 0 0
220 74 88 0 0
221 75 88 0 0
222 76 88 0 0
223 76 87 0 0
224 77 87 0 0
225 76 87 0 0
226 75 87 0 0
227 76 87 0 0
228 75 87 0 0
229 76 87 0 0
230 77 87 0 0
231 76 87 0 0
232 77 87 0 0
233 76 87 0 0
234 76 86 0 0
235 77 86 0 0
236 76 86 0 0
237 77 86 0 0
238 78 86 0 0
239 77 86 0 0
240 77 85 0 0
241 78 85 0 0
242 77 85 0 0
243 78 85 0 0
244 77 85 0 0
245 78 85 0 0
246 78 84 0 0
247 79 84 0 0
248 78 84 0 0
249 79 84 0 0
250 78 84 0 0
251 79 84 0 0
252 78 84 0 0
253 78 83 0 0
254 79 83 0 0
255 80 83 0 0
256 79 83 0 0
257 80 83 0 0
258 79 83 0 0
259 80 83 0 0
260 79 83 0 0
261 79 82 0 0
262 80 82 0 0
263 79 82 0 0
264 80 82 0 0
265 81 82 0 0
266 80 82 0 0
267 80 81 0 0
268 81 81 0 0
269 80 81 0 0
270 81 81 0 0
271 80 81 0 0
272 80 80 0 0
273 81 80 0 0
274 82 80 0 0
275 81 80 0 0
276 82 80 0 0
277 81 80 0 0
278 81 79 0 0
279 82 79 0 0
280 81 79 0 0
281 82 79 0 0
282 83 79 0 0
283 82 79 0 0
284 82 78 0 0
285 83 78 0 0
286 82 78 0 0
287 83 78 0 0
288 82 78 0 0
289 83 78 0 0
290 83 77 0 0
291 84 77 0 0
292 83 77 0 0
293 84 77 0 0
294 83 77 0 0
295 84 77 0 0
296 83 77 0 0
297 83 76 0 0
298 84 76 0 0
299 85 76 0 0
300 84 76 0 0
301 85 76 0 0
302 84 76 0 0
303 84 75 0 0
304 85 75 0 0
305 84 75 0 0
306 85 75 0 0
307 86 75 0 0
308 85 75 0 0
309 85 74 0 0
310 86 74 0 0
311 85 74 0 0
312 86 74 0 0
313 85 74 0 0
314 86 74 0 0
315 85 74 0 0
316 85 73 0 0
317 86 73 0 0
318 87 73 0 0
319 86 73 0 0
320 87 73 0 0
321 86 73 0 0
322 86 72 0 0
323 87 72 0 0
324 86 72 0 0
325 87 72 0 0
326 88 72 0 0
327 87 72 0 0
328 87 71 0 0
329 88 71 0 0
330 87 71 0 0
331 88 71 0 0
332 87 71 0 0
333 88 71 0 0
334 87 71 0 0
335 87 70 0 0
336 88 70 0 0
337 87 70 0 0
338 88 70 0 0
339 88 69 0 0
340 89 69 0 0
341 88 69 0 0
342 89 69 0 0
343 88 69 0 0
344 89 69 0 0
345 88 69 0 0
346 88 68 0 0
347 89 68 0 0
348 88 68 0 0
349 89 68 0 0
350 88 68 0 0
351 89 68 0 0
352 88 68 0 0
353 88 67 0 0
354 89 67 0 0
355 88 67 0 0
356 89 67 0 0
357 88 67 0 0
358 88 66 0 0
359 89 66 0 0
360 88 66 0 0
361 89 66 0 0
362 88 66 0 0
363 89 66 0 0
364 88 66 0 0
365 88 65 0 0
366 89 65 0 0
367 90 65 0 0
368 89 65 0 0
369 89 64 0 0
370 90 64 0 0
371 89 64 0 0
372 90 64 0 0
373 89 64 0 0
374 90 64 0 0
375 89 64 0 0
376 89 63 0 0
377 90 63 0 0
378 89 63 0 0
379 90 63 0 0
380 89 63 0 0
381 90 63 0 0
382 89 63 0 0
383 89 62 0 0
384 90 62 0 0
385 89 62 0 0
386 90 62 0 0
387 89 62 0 0
388 89 61 0 0
389 90 61 0 0
390 91 61 0 0
391 90 61 0 0
392 91 61 0 0
393 90 61 0 0
394 90 60 0 0
395 91 60 0 0
396 90 60 0 0
397 91 60 0 0
398 90 60 0 0
399 90 59 0 0
400 91 59 0 0
401 90 59 0 0
402 91 59 0 0
403 90 59 0 0
404 91 59 0 0
405 90 59 0 0
406 90 58 0 0
407 91 58 0 0
408 90 58 0 0
409 91 58 0 0
410 90 58 0 0
411 91 58 0 0
412 90 58 0 0
413 90 57 0 0
414 91 57 0 0
415 90 57 0 0
416 91 57 0 0
417 91 56 0 0
418 92 56 0 0
419 91 56 0 0
420 92 56 0 0
421 91 56 0 0
422 92 56 0 0
423 91 56 0 0
424 91 55 0 0
425 92 55 0 0
426 91 55 0 0
427 92 55 0 0
428 91 55 0 0
429 92 55 0 0
430 91 55 0 0
431 91 54 0 0
432 92 54 0 0
433 91 54 0 0
434 92 54 0 0
435 91 54 0 0
436 91 53 0 0
437 92 53 0 0
438 91 53 0 0
439 92 53 0 0
440 93 53 0 0
441 92 53 0 0
442 92 52 0 0
443 93 52 0 0
444 92 52 0 0
445 93 52 0 0
446 92 52 0 0
447 92 51 0 0
448 93 51 0 0
449 92 51 0 0
450 93 51 0 0
451 92 51 0 0
452 93 51 0 0
453 92 51 0 0
454 92 50 0 0
455 93 50 0 0
456 92 50 0 0
457 93 50 0 0
458 92 50 0 0
459 93 50 0 0
460 92 50 0 0
461 92 49 0 0
462 93 49 0 0
463 92 49 0 0
464 93 49 0 0
465 92 49 0 0
466 92 48 0 0
467 93 48 0 0
468 94 48 0 0
469 93 48 0 0
470 94 48 0 0
471 93 48 0 0
472 93 47 0 0
473 94 47 0 0
474 93 47 0 0
475 94 47 0 0
476 93 47 0 0
477 93 46 0 0
478 94 46 0 0
479 93 46 0 0
480 94 46 0 0
481 93 46 0 0
482 93 45 0 0
483 94 45 0 0
484 95 45 0 0
485 94 45 0 0
486 95 45 0 0
487 94 45 0 0
488 94 44 0 0
489 95 44 0 0
490 94 44 0 0
491 95 44 0 0
492 94 44 0 0
493 94 43 0 0
494 95 43 0 0
495 96 43 0 0
496 95 43 0 0
497 95 42 0 0
498 96 42 0 0
499 95 42 0 0
500 96 42 0 0
501 95 42 0 0
502 95 41 0 0
503 96 41 0 0
504 95 41 0 0
505 96 41 0 0
506 95 41 0 0
507 96 41 0 0
508 96 40 0 0
509 97 40 0 0
510 96 40 0 0
511 97 40 0 0
512 96 40 0 0
513 96 39 0 0
514 97 39 0 0
515 96 39 0 0
516 97 39 0 0
517 96 39 0 0
518 96 38 0 0
519 97 38 0 0
520 98 38 0 0
521 97 38 0 0
522 98 38 0 0
523 97 38 0 0
524 97 37 0 0
525 98 37 0 0
526 97 37 0 0
527 98 37 0 0
528 97 37 0 0
529 97 36 0 0
530 98 36 0 0
531 97 36 0 0
532 98 36 0 0
533 98 35 0 0
534 99 35 0 0
535 98 35 0 0
536 99 35 0 0
537 98 35 0 0
538 99 35 0 0
539 98 35 0 0
540 98 34 0 0
541 99 34 0 0
542 98 34 0 0
543 99 34 0 0
544 98 34 0 0
545 99 34 0 0
546 98 34 0 0
547 98 33 0 0
548 99 33 0 0
549 98 33 0 0
550 99 33 0 0
551 98 33 0 0
552 99 33 0 0
553 98 33 0 0
554 98 32 0 0
555 99 32 0 0
556 98 32 0 0
557 99 32 0 0
558 98 32 0 0
559 98 31 0 0
560 99 31 0 0
561 98 31 0 0
562 99 31 0 0
563 98 31 0 0
564 99 31 0 0
565 98 31 0 0
566 98 30 0 0
567 99 30 0 0
568 98 30 0 0
569 99 30 0 0
570 98 30 0 0
571 99 30 0 0
572 98 30 0 0
573 98 29 0 0
574 99 29 0 0
575 98 29 0 0
576 99 29 0 0
577 98 29 0 0
578 99 29 0 0
579 98 29 0 0
580 98 28 0 0
581 99 28 0 0
582 98 28 0 0
583 99 28 0 0
584 98 28 0 0
585 99 28 0 0
586 98 28 0 0
587 98 27 0 0
588 99 27 0 0
589 98 27 0 0
590 99 27 0 0
591 98 27 0 0
592 99 27 0 0
593 98 27 0 0
594 98 26 0 0
595 99 26 0 0
596 98 26 0 0
597 99 26 0 0
598 98 26 0 0
599 99 26 0 0
600 98 26 0 0
601 98 25 0 0
602 99 25 0 0
603 98 25 0 0
604 99 25 0 0
605 98 25 0 0
606 98 24 0 0
607 99 24 0 0
608 98 24 0 0
609 99 24 0 0
610 98 24 0 0
611 99 24 0 0
612 98 24 0 0
613 98 23 0 0
614 99 23 0 0
615 98 23 0 0
616 99 23 0 0
617 98 23 0 0
618 99 23 0 0
619 98 23 0 0
620 98 22 0 0
621 99 22 0 0
622 98 22 0 0
623 99 22 0 0
624 99 21 0 0
625 100 21 0 0
626 99 21 0 0
627 99 20 0 0
628 100 20 0 0
629 99 20 0 0
630 100 20 0 0
631 99 20 0 0
632 99 19 0 0
633 100 19 0 0
634 99 19 0 0
635 100 19 0 0
636 99 19 0 0
637 99 18 0 0
638 100 18 0 0
639 99 18 0 0
640 100 18 0 0
641 100 17 0 0
642 101 17 0 0
643 100 17 0 0
644 101 17 0 0
645 100 17 0 0
646 101 17 0 0
647 100 17 0 0
648 100 16 0 0
649 101 16 0 0
650 100 16 0 0
651 101 16 0 0
652 100 16 0 0
653 101 16 0 0
654 100 16 0 0
655 100 15 0 0
656 101 15 0 0
657 100 15 0 0
658 101 15 0 0
659 100 15 0 0
660 100 14 0 0
661 101 14 0 0
662 100 14 0 0
663 101 14 0 0
664 101 13 0 0
665 102 13 0 0
666 101 13 0 0
667 102 13 0 0
668 101 13 0 0
669 101 12 0 0
670 102 12 0 0
671 101 12 0 0
672 101 11 0 0
673 102 11 0 0
674 101 11 0 0
675 102 11 0 0
676 101 11 0 0
677 101 10 0 0
678 102 10 0 0
679 101 10 0 0
680 102 10 0 0
681 101 10 0 0
682 102 10 0 0
683 101 10 0 0
684 102 10 0 0
