0 2 98 0 0
1 3 98 0 0
2 2 98 0 0
3 3 98 0 0
4 4 98 0 0
5 3 98 0 0
6 4 98 0 0
7 3 98 0 0
8 4 98 0 0
9 5 98 0 0
10 4 98 0 0
11 5 98 0 0
12 6 98 0 0
13 5 98 0 0
14 6 98 0 0
15 7 98 0 0
16 6 98 0 0
17 7 98 0 0
18 8 98 0 0
19 7 98 0 0
20 8 98 0 0
21 9 98 0 0
22 8 98 0 0
23 9 98 0 0
24 10 98 0 0
25 9 98 0 0
26 10 98 0 0
27 11 98 0 0
28 10 98 0 0
29 11 98 0 0
30 12 98 0 0
31 11 98 0 0
32 12 98 0 0
33 13 98 0 0
34 12 98 0 0
35 13 98 0 0
36 12 98 0 0
37 13 98 0 0
38 14 98 0 0
39 13 98 0 0
40 14 98 0 0
41 15 98 0 0
42 14 98 0 0
43 15 98 0 0
44 16 98 0 0
45 15 98 0 0
46 16 98 0 0
47 16 99 0 0
48 17 99 0 0
49 16 99 0 0
50 17 99 0 0
51 16 99 0 0
52 17 99 0 0
53 18 99 0 0
54 19 99 0 0
55 18 99 0 0
56 19 99 0 0
57 18 99 0 0
58 19 99 0 0
59 20 99 0 0
60 19 99 0 0
61 20 99 0 0
62 21 99 0 0
63 20 99 0 0
64 21 99 0 0
65 22 99 0 0
66 21 99 0 0
67 22 99 0 0
68 23 99 0 0
69 22 99 0 0
70 23 99 0 0
71 24 99 0 0
72 23 99 0 0
73 24 99 0 0
74 23 99 0 0
75 24 99 0 0
76 25 99 0 0
77 26 99 0 0
78 25 99 0 0
79 26 99 0 0
80 25 99 0 0
81 26 99 0 0
82 27 99 0 0
83 26 99 0 0
84 27 99 0 0
85 28 99 0 0
86 27 99 0 0
87 28 99 0 0
88 29 99 0 0
89 28 99 0 0
90 29 99 0 0
91 30 99 0 0
92 29 99 0 0
93 29 100 0 0
94 30 100 0 0
95 31 100 0 0
96 30 100 0 0
97 31 100 0 0
98 30 100 0 0
99 31 100 0 0
100 32 100 0 0
101 33 100 0 0
102 32 100 0 0
103 33 100 0 0
104 32 100 0 0
105 33 100 0 0
106 34 100 0 0
107 33 100 0 0
108 34 100 0 0
109 35 100 0 0
110 34 100 0 0
111 35 100 0 0
112 36 100 0 0
113 35 100 0 0
114 36 100 0 0
115 37 100 0 0
116 36 100 0 0
117 37 100 0 0
118 36 100 0 0
119 37 100 0 0
120 38 100 0 0
121 37 100 0 0
122 38 100 0 0
123 39 100 0 0
124 38 100 0 0
125 39 100 0 0
126 40 100 0 0
127 39 100 0 0
128 40 100 0 0
129 41 100 0 0
130 40 100 0 0
131 41 100 0 0
132 42 100 0 0
133 41 100 0 0
134 42 100 0 0
135 43 100 0 0
136 42 100 0 0
137 43 100 0 0
138 44 100 0 0
139 43 100 0 0
140 44 100 0 0
141 45 100 0 0
142 44 100 0 0
143 45 100 0 0
144 44 100 0 0
145 45 100 0 0
146 46 100 0 0
147 45 100 0 0
148 46 100 0 0
149 47 100 0 0
150 46 100 0 0
151 47 100 0 0
152 48 100 0 0
153 47 100 0 0
154 48 100 0 0
155 47 100 0 0
156 48 100 0 0
157 49 100 0 0
158 48 100 0 0
159 49 100 0 0
160 50 100 0 0
161 49 100 0 0
162 50 100 0 0
163 51 100 0 0
164 50 100 0 0
165 51 100 0 0
166 52 100 0 0
167 51 100 0 0
168 52 100 0 0
169 51 100 0 0
170 52 100 0 0
171 53 100 0 0
172 52 100 0 0
173 53 100 0 0
174 54 100 0 0
175 53 100 0 0
176 54 100 0 0
177 55 100 0 0
178 54 100 0 0
179 55 100 0 0
180 54 100 0 0
181 55 100 0 0
182 56 100 0 0
183 55 100 0 0
184 56 100 0 0
185 57 100 0 0
186 56 100 0 0
187 57 100 0 0
188 58 100 0 0
189 57 100 0 0
190 58 100 0 0
191 59 100 0 0
192 58 100 0 0
193 59 100 0 0
194 58 100 0 0
195 59 100 0 0
196 60 100 0 0
197 59 100 0 0
198 60 100 0 0
199 61 100 0 0
200 60 100 0 0
201 61 100 0 0
202 62 100 0 0
203 61 100 0 0
204 62 100 0 0
205 61 100 0 0
206 62 100 0 0
207 63 100 0 0
208 62 100 0 0
209 63 100 0 0
210 64 100 0 0
211 63 100 0 0
212 64 100 0 0
213 63 100 0 0
214 64 100 0 0
215 65 100 0 0
216 65 99 0 0
217 66 99 0 0
218 65 99 0 0
219 66 99 0 0
220 65 99 0 0
221 66 99 0 0
222 67 99 0 0
223 66 99 0 0
224 67 99 0 0
225 66 99 0 0
226 67 99 0 0
227 68 99 0 0
228 67 99 0 0
229 68 99 0 0
230 68 98 0 0
231 69 98 0 0
232 68 98 0 0
233 69 98 0 0
234 70 98 0 0
235 69 98 0 0
236 70 98 0 0
237 71 98 0 0
238 70 98 0 0
239 71 98 0 0
240 70 98 0 0
241 71 98 0 0
242 71 97 0 0
243 72 97 0 0
244 71 97 0 0
245 72 97 0 0
246 73 97 0 0
247 72 97 0 0
248 73 97 0 0
249 72 97 0 0
250 73 97 0 0
251 74 97 0 0
252 73 97 0 0
253 74 97 0 0
254 75 97 0 0
255 74 97 0 0
256 74 96 0 0
257 75 96 0 0
258 76 96 0 0
259 75 96 0 0
260 76 96 0 0
261 75 96 0 0
262 76 96 0 0
263 77 96 0 0
264 76 96 0 0
265 77 96 0 0
266 78 96 0 0
267 77 96 0 0
268 77 95 0 0
269 78 95 0 0
270 77 95 0 0
271 78 95 0 0
272 79 95 0 0
273 78 95 0 0
274 79 95 0 0
275 78 95 0 0
276 79 95 0 0
277 80 95 0 0
278 79 95 0 0
279 80 95 0 0
280 81 95 0 0
281 80 95 0 0
282 80 94 0 0
283 81 94 0 0
284 80 94 0 0
285 81 94 0 0
286 82 94 0 0
287 81 94 0 0
288 82 94 0 0
289 81 94 0 0
290 82 94 0 0
291 83 94 0 0
292 82 94 0 0
293 83 94 0 0
294 82 94 0 0
295 83 94 0 0
296 83 93 0 0
297 84 93 0 0
298 83 93 0 0
299 84 93 0 0
300 83 93 0 0
301 84 93 0 0
302 85 93 0 0
303 84 93 0 0
304 85 93 0 0
305 86 93 0 0
306 85 93 0 0
307 86 93 0 0
308 85 93 0 0
309 86 93 0 0
310 87 93 0 0
311 86 93 0 0
312 86 92 0 0
313 87 92 0 0
314 86 92 0 0
315 87 92 0 0
316 88 92 0 0
317 87 92 0 0
318 88 92 0 0
319 89 92 0 0
320 88 92 0 0
321 89 92 0 0
322 88 92 0 0
323 89 92 0 0
324 90 92 0 0
325 89 92 0 0
326 90 92 0 0
327 91 92 0 0
328 90 92 0 0
329 90 91 0 0
330 91 91 0 0
331 90 91 0 0
332 91 91 0 0
333 92 91 0 0
334 91 91 0 0
335 92 91 0 0
336 91 91 0 0
337 92 91 0 0
338 93 91 0 0
339 92 91 0 0
340 93 91 0 0
341 92 91 0 0
342 93 91 0 0
343 94 91 0 0
344 93 91 0 0
345 94 91 0 0
346 94 90 0 0
347 95 90 0 0
348 94 90 0 0
349 95 90 0 0
350 94 90 0 0
351 95 90 0 0
352 96 90 0 0
353 95 90 0 0
354 96 90 0 0
355 95 90 0 0
356 96 90 0 0
357 97 90 0 0
358 96 90 0 0
359 97 90 0 0
360 98 90 0 0
361 97 90 0 0
362 98 90 0 0
363 97 90 0 0
364 97 89 0 0
365 98 89 0 0
366 99 89 0 0
367 98 89 0 0
368 99 89 0 0
369 98 89 0 0
370 99 89 0 0
371 100 89 0 0
372 99 89 0 0
373 100 89 0 0
374 101 89 0 0
375 100 89 0 0
376 101 89 0 0
377 100 89 0 0
378 101 89 0 0
379 102 89 0 0
380 101 89 0 0
381 101 88 0 0
382 102 88 0 0
383 103 88 0 0
384 102 88 0 0
385 103 88 0 0
386 102 88 0 0
387 103 88 0 0
388 104 88 0 0
389 103 88 0 0
390 104 88 0 0
391 103 88 0 0
392 104 88 0 0
393 105 88 0 0
394 104 88 0 0
395 105 88 0 0
396 106 88 0 0
397 105 88 0 0
398 106 88 0 0
399 105 88 0 0
400 106 88 0 0
401 107 88 0 0
402 106 88 0 0
403 107 88 0 0
404 106 88 0 0
405 107 88 0 0
406 108 88 0 0
407 107 88 0 0
408 107 89 0 0
409 108 89 0 0
410 109 89 0 0
411 108 89 0 0
412 109 89 0 0
413 108 89 0 0
414 109 89 0 0
415 110 89 0 0
416 109 89 0 0
417 110 89 0 0
418 109 89 0 0
419 110 89 0 0
420 111 89 0 0
421 110 89 0 0
422 111 89 0 0
423 110 89 0 0
424 111 89 0 0
425 112 89 0 0
426 111 89 0 0
427 112 89 0 0
428 113 89 0 0
429 112 89 0 0
430 113 89 0 0
431 112 89 0 0
432 113 89 0 0
433 114 89 0 0
434 113 89 0 0
435 114 89 0 0
436 113 89 0 0
437 114 89 0 0
438 115 89 0 0
439 114 89 0 0
440 115 89 0 0
441 115 90 0 0
442 116 90 0 0
443 115 90 0 0
444 116 90 0 0
445 115 90 0 0
446 116 90 0 0
447 117 90 0 0
448 116 90 0 0
449 117 90 0 0
450 118 90 0 0
451 117 90 0 0
452 118 90 0 0
453 119 90 0 0
454 118 90 0 0
455 119 90 0 0
456 118 90 0 0
457 119 90 0 0
458 119 91 0 0
459 120 91 0 0
460 119 91 0 0
461 120 91 0 0
462 121 91 0 0
463 120 91 0 0
464 121 91 0 0
465 122 91 0 0
466 121 91 0 0
467 122 91 0 0
468 123 91 0 0
469 122 91 0 0
470 123 91 0 0
471 122 91 0 0
472 123 91 0 0
473 124 91 0 0
474 123 91 0 0
475 123 92 0 0
476 124 92 0 0
477 125 92 0 0
478 124 92 0 0
479 125 92 0 0
480 126 92 0 0
481 125 92 0 0
482 126 92 0 0
483 125 92 0 0
484 126 92 0 0
485 127 92 0 0
486 126 92 0 0
487 127 92 0 0
488 128 92 0 0
489 127 92 0 0
490 128 92 0 0
491 128 93 0 0
492 129 93 0 0
493 128 93 0 0
494 129 93 0 0
495 130 93 0 0
496 129 93 0 0
497 130 93 0 0
498 131 93 0 0
499 130 93 0 0
500 131 93 0 0
501 130 93 0 0
502 131 93 0 0
503 132 93 0 0
504 133 93 0 0
505 132 93 0 0
506 133 93 0 0
507 132 93 0 0
508 133 93 0 0
509 134 93 0 0
510 133 93 0 0
511 134 93 0 0
512 135 93 0 0
513 134 93 0 0
514 135 93 0 0
515 135 94 0 0
516 136 94 0 0
517 135 94 0 0
518 136 94 0 0
519 137 94 0 0
520 136 94 0 0
521 137 94 0 0
522 138 94 0 0
523 137 94 0 0
524 138 94 0 0
525 139 94 0 0
526 138 94 0 0
527 139 94 0 0
528 138 94 0 0
529 139 94 0 0
530 140 94 0 0
531 141 94 0 0
532 140 94 0 0
533 141 94 0 0
534 140 94 0 0
535 141 94 0 0
536 142 94 0 0
537 143 94 0 0
538 142 94 0 0
539 142 95 0 0
540 143 95 0 0
541 142 95 0 0
542 143 95 0 0
543 144 95 0 0
544 143 95 0 0
545 144 95 0 0
546 145 95 0 0
547 146 95 0 0
548 145 95 0 0
549 146 95 0 0
550 147 95 0 0
551 146 95 0 0
552 147 95 0 0
553 148 95 0 0
554 147 95 0 0
555 148 95 0 0
556 149 95 0 0
557 148 95 0 0
558 149 95 0 0
559 150 95 0 0
560 151 95 0 0
561 150 95 0 0
562 150 96 0 0
563 151 96 0 0
564 150 96 0 0
565 151 96 0 0
566 152 96 0 0
567 153 96 0 0
568 152 96 0 0
569 153 96 0 0
570 154 96 0 0
571 153 96 0 0
572 154 96 0 0
573 155 96 0 0
574 154 96 0 0
575 155 96 0 0
576 156 96 0 0
577 155 96 0 0
578 156 96 0 0
579 157 96 0 0
580 158 96 0 0
581 157 96 0 0
582 158 96 0 0
583 159 96 0 0
584 158 96 0 0
585 159 96 0 0
586 158 96 0 0
587 159 96 0 0
588 160 96 0 0
589 159 96 0 0
590 160 96 0 0
591 161 96 0 0
592 160 96 0 0
593 161 96 0 0
594 162 96 0 0
595 161 96 0 0
596 162 96 0 0
597 163 96 0 0
598 162 96 0 0
599 163 96 0 0
600 164 96 0 0
601 163 96 0 0
602 164 96 0 0
603 165 96 0 0
604 164 96 0 0
605 165 96 0 0
606 166 96 0 0
607 165 96 0 0
608 166 96 0 0
609 165 96 0 0
610 166 96 0 0
611 167 96 0 0
612 166 96 0 0
613 167 96 0 0
614 167 95 0 0
615 168 95 0 0
616 167 95 0 0
617 167 96 0 0
618 168 96 0 0
619 169 96 0 0
620 168 96 0 0
621 169 96 0 0
622 170 96 0 0
623 171 96 0 0
624 170 96 0 0
625 171 96 0 0
626 172 96 0 0
627 171 96 0 0
628 172 96 0 0
629 173 96 0 0
630 172 96 0 0
631 173 96 0 0
632 174 96 0 0
633 173 96 0 0
634 174 96 0 0
635 175 96 0 0
636 174 96 0 0
637 175 96 0 0
638 176 96 0 0
639 175 96 0 0
640 176 96 0 0
641 177 96 0 0
642 178 96 0 0
643 177 96 0 0
644 178 96 0 0
645 179 96 0 0
646 178 96 0 0
647 179 96 0 0
648 178 96 0 0
649 179 96 0 0
650 180 96 0 0
651 179 96 0 0
652 180 96 0 0
653 181 96 0 0
654 180 96 0 0
655 181 96 0 0
656 182 96 0 0
657 181 96 0 0
658 182 96 0 0
659 183 96 0 0
660 182 96 0 0
661 183 96 0 0
662 184 96 0 0
663 183 96 0 0
664 184 96 0 0
665 183 96 0 0
666 184 96 0 0
667 185 96 0 0
668 184 96 0 0
669 185 96 0 0
670 186 96 0 0
671 185 96 0 0
672 186 96 0 0
673 187 96 0 0
674 186 96 0 0
675 187 96 0 0
676 188 96 0 0
677 187 96 0 0
678 188 96 0 0
679 189 96 0 0
680 188 96 0 0
681 189 96 0 0
682 190 96 0 0
683 189 96 0 0
684 190 96 0 0
685 191 96 0 0
686 190 96 0 0
687 191 96 0 0
688 192 96 0 0
