0 101 4 0 0
1 101 5 0 0
2 102 5 0 0
3 101 5 0 0
4 102 5 0 0
5 101 5 0 0
6 101 6 0 0
7 102 6 0 0
8 101 6 0 0
9 102 6 0 0
10 101 6 0 0
11 101 7 0 0
12 102 7 0 0
13 101 7 0 0
14 102 7 0 0
15 101 7 0 0
16 102 7 0 0
17 101 7 0 0
18 101 8 0 0
19 102 8 0 0
20 101 8 0 0
21 102 8 0 0
22 101 8 0 0
23 101 9 0 0
24 102 9 0 0
25 101 9 0 0
26 102 9 0 0
27 101 9 0 0
28 101 10 0 0
29 102 10 0 0
30 101 10 0 0
31 100 10 0 0
32 101 10 0 0
33 100 10 0 0
34 100 11 0 0
35 101 11 0 0
36 100 11 0 0
37 101 11 0 0
38 100 11 0 0
39 100 12 0 0
40 101 12 0 0
41 100 12 0 0
42 101 12 0 0
43 100 12 0 0
44 101 12 0 0
45 100 12 0 0
46 100 13 0 0
47 101 13 0 0
48 100 13 0 0
49 100 14 0 0
50 101 14 0 0
51 100 14 0 0
52 101 14 0 0
53 100 14 0 0
54 101 14 0 0
55 100 14 0 0
56 100 15 0 0
57 101 15 0 0
58 100 15 0 0
59 99 15 0 0
60 99 16 0 0
61 100 16 0 0
62 99 16 0 0
63 100 16 0 0
64 99 16 0 0
65 99 17 0 0
66 100 17 0 0
67 99 17 0 0
68 100 17 0 0
69 99 17 0 0
70 100 17 0 0
71 99 17 0 0
72 99 18 0 0
73 100 18 0 0
74 99 18 0 0
75 100 18 0 0
76 99 18 0 0
77 99 19 0 0
78 100 19 0 0
79 99 19 0 0
80 100 19 0 0
81 99 19 0 0
82 99 20 0 0
83 98 20 0 0
84 99 20 0 0
85 98 20 0 0
86 98 21 0 0
87 99 21 0 0
88 98 21 0 0
89 99 21 0 0
90 98 21 0 0
91 99 21 0 0
92 98 21 0 0
93 98 22 0 0
94 99 22 0 0
95 98 22 0 0
96 99 22 0 0
97 98 22 0 0
98 98 23 0 0
99 99 23 0 0
100 98 23 0 0
101 99 23 0 0
102 98 23 0 0
103 98 24 0 0
104 99 24 0 0
105 98 24 0 0
106 97 24 0 0
107 97 25 0 0
108 98 25 0 0
109 97 25 0 0
110 98 25 0 0
111 97 25 0 0
112 97 26 0 0
113 98 26 0 0
114 97 26 0 0
115 98 26 0 0
116 97 26 0 0
117 97 27 0 0
118 98 27 0 0
119 97 27 0 0
120 98 27 0 0
121 97 27 0 0
122 97 28 0 0
123 98 28 0 0
124 97 28 0 0
125 98 28 0 0
126 97 28 0 0
127 97 29 0 0
128 98 29 0 0
129 97 29 0 0
130 98 29 0 0
131 97 29 0 0
132 97 30 0 0
133 98 30 0 0
134 97 30 0 0
135 97 31 0 0
136 98 31 0 0
137 97 31 0 0
138 98 31 0 0
139 97 31 0 0
140 97 32 0 0
141 98 32 0 0
142 97 32 0 0
143 98 32 0 0
144 97 32 0 0
145 97 33 0 0
146 98 33 0 0
147 97 33 0 0
148 97 34 0 0
149 98 34 0 0
150 97 34 0 0
151 98 34 0 0
152 98 35 0 0
153 99 35 0 0
154 98 35 0 0
155 99 35 0 0
156 98 35 0 0
157 98 36 0 0
158 99 36 0 0
159 98 36 0 0
160 99 36 0 0
161 98 36 0 0
162 98 37 0 0
163 99 37 0 0
164 98 37 0 0
165 98 38 0 0
166 99 38 0 0
167 98 38 0 0
168 99 38 0 0
169 98 38 0 0
170 98 39 0 0
171 99 39 0 0
172 98 39 0 0
173 99 39 0 0
174 98 39 0 0
175 98 40 0 0
176 99 40 0 0
177 98 40 0 0
178 98 41 0 0
179 99 41 0 0
180 98 41 0 0
181 99 41 0 0
182 98 41 0 0
183 98 42 0 0
184 99 42 0 0
185 98 42 0 0
186 99 42 0 0
187 98 42 0 0
188 98 43 0 0
189 99 43 0 0
190 98 43 0 0
191 99 43 0 0
192 98 43 0 0
193 98 44 0 0
194 99 44 0 0
195 98 44 0 0
196 98 45 0 0
197 99 45 0 0
198 98 45 0 0
199 99 45 0 0
200 98 45 0 0
201 98 46 0 0
202 99 46 0 0
203 98 46 0 0
204 99 46 0 0
205 98 46 0 0
206 98 47 0 0
207 99 47 0 0
208 98 47 0 0
209 99 47 0 0
210 98 47 0 0
211 98 48 0 0
212 99 48 0 0
213 98 48 0 0
214 99 48 0 0
215 98 48 0 0
216 98 49 0 0
217 99 49 0 0
218 98 49 0 0
219 99 49 0 0
220 98 49 0 0
221 98 50 0 0
222 99 50 0 0
223 98 50 0 0
224 99 50 0 0
225 98 50 0 0
226 98 51 0 0
227 99 51 0 0
228 98 51 0 0
229 99 51 0 0
230 98 51 0 0
231 98 52 0 0
232 99 52 0 0
233 98 52 0 0
234 99 52 0 0
235 98 52 0 0
236 98 53 0 0
237 99 53 0 0
238 98 53 0 0
239 99 53 0 0
240 99 54 0 0
241 100 54 0 0
242 99 54 0 0
243 100 54 0 0
244 99 54 0 0
245 99 55 0 0
246 100 55 0 0
247 99 55 0 0
248 100 55 0 0
249 101 55 0 0
250 100 55 0 0
251 100 56 0 0
252 101 56 0 0
253 100 56 0 0
254 101 56 0 0
255 100 56 0 0
256 101 56 0 0
257 100 56 0 0
258 100 57 0 0
259 101 57 0 0
260 100 57 0 0
261 101 57 0 0
262 102 57 0 0
263 101 57 0 0
264 101 58 0 0
265 102 58 0 0
266 101 58 0 0
267 102 58 0 0
268 101 58 0 0
269 101 59 0 0
270 102 59 0 0
271 103 59 0 0
272 102 59 0 0
273 103 59 0 0
274 102 59 0 0
275 102 60 0 0
276 103 60 0 0
277 102 60 0 0
278 103 60 0 0
279 102 60 0 0
280 103 60 0 0
281 103 61 0 0
282 104 61 0 0
283 103 61 0 0
284 104 61 0 0
285 103 61 0 0
286 104 61 0 0
287 103 61 0 0
288 103 62 0 0
289 104 62 0 0
290 103 62 0 0
291 104 62 0 0
292 104 63 0 0
293 105 63 0 0
294 104 63 0 0
295 105 63 0 0
296 104 63 0 0
297 104 64 0 0
298 105 64 0 0
299 106 64 0 0
300 105 64 0 0
301 105 65 0 0
302 106 65 0 0
303 105 65 0 0
304 106 65 0 0
305 105 65 0 0
306 106 65 0 0
307 106 66 0 0
308 107 66 0 0
309 106 66 0 0
310 107 66 0 0
311 106 66 0 0
312 106 67 0 0
313 107 67 0 0
314 106 67 0 0
315 107 67 0 0
316 107 68 0 0
317 108 68 0 0
318 107 68 0 0
319 108 68 0 0
320 107 68 0 0
321 107 69 0 0
322 108 69 0 0
323 109 69 0 0
324 108 69 0 0
325 108 70 0 0
326 109 70 0 0
327 108 70 0 0
328 109 70 0 0
329 108 70 0 0
330 109 70 0 0
331 109 71 0 0
332 110 71 0 0
333 109 71 0 0
334 110 71 0 0
335 109 71 0 0
336 109 72 0 0
337 110 72 0 0
338 111 72 0 0
339 110 72 0 0
340 110 73 0 0
341 111 73 0 0
342 110 73 0 0
343 111 73 0 0
344 110 73 0 0
345 110 74 0 0
346 111 74 0 0
347 112 74 0 0
348 111 74 0 0
349 112 74 0 0
350 111 74 0 0
351 111 75 0 0
352 112 75 0 0
353 113 75 0 0
354 112 75 0 0
355 113 75 0 0
356 112 75 0 0
357 112 76 0 0
358 113 76 0 0
359 112 76 0 0
360 113 76 0 0
361 114 76 0 0
362 113 76 0 0
363 113 77 0 0
364 114 77 0 0
365 113 77 0 0
366 114 77 0 0
367 113 77 0 0
368 114 77 0 0
369 115 77 0 0
370 114 77 0 0
371 114 78 0 0
372 115 78 0 0
373 114 78 0 0
374 115 78 0 0
375 116 78 0 0
376 115 78 0 0
377 115 79 0 0
378 116 79 0 0
379 115 79 0 0
380 116 79 0 0
381 115 79 0 0
382 116 79 0 0
383 116 80 0 0
384 117 80 0 0
385 116 80 0 0
386 117 80 0 0
387 116 80 0 0
388 117 80 0 0
389 116 80 0 0
390 117 80 0 0
391 117 81 0 0
392 118 81 0 0
393 117 81 0 0
394 118 81 0 0
395 117 81 0 0
396 118 81 0 0
397 118 82 0 0
398 119 82 0 0
399 118 82 0 0
400 119 82 0 0
401 118 82 0 0
402 119 82 0 0
403 118 82 0 0
404 118 83 0 0
405 119 83 0 0
406 120 83 0 0
407 119 83 0 0
408 120 83 0 0
409 121 83 0 0
410 120 83 0 0
411 120 84 0 0
412 121 84 0 0
413 120 84 0 0
414 121 84 0 0
415 120 84 0 0
416 121 84 0 0
417 122 84 0 0
418 121 84 0 0
419 122 84 0 0
420 123 84 0 0
421 122 84 0 0
422 122 85 0 0
423 123 85 0 0
424 122 85 0 0
425 123 85 0 0
426 124 85 0 0
427 123 85 0 0
428 124 85 0 0
429 123 85 0 0
430 124 85 0 0
431 125 85 0 0
432 124 85 0 0
433 125 85 0 0
434 125 86 0 0
435 126 86 0 0
436 125 86 0 0
437 126 86 0 0
438 125 86 0 0
439 126 86 0 0
440 127 86 0 0
441 126 86 0 0
442 127 86 0 0
443 126 86 0 0
444 127 86 0 0
445 128 86 0 0
446 127 86 0 0
447 127 87 0 0
448 128 87 0 0
449 127 87 0 0
450 128 87 0 0
451 129 87 0 0
452 128 87 0 0
453 129 87 0 0
454 128 87 0 0
455 129 87 0 0
456 130 87 0 0
457 129 87 0 0
458 129 88 0 0
459 130 88 0 0
460 131 88 0 0
461 130 88 0 0
462 131 88 0 0
463 130 88 0 0
464 131 88 0 0
465 132 88 0 0
466 131 88 0 0
467 132 88 0 0
468 132 89 0 0
469 133 89 0 0
470 132 89 0 0
471 133 89 0 0
472 132 89 0 0
473 133 89 0 0
474 134 89 0 0
475 133 89 0 0
476 133 90 0 0
477 134 90 0 0
478 135 90 0 0
479 134 90 0 0
480 135 90 0 0
481 136 90 0 0
482 135 90 0 0
483 135 91 0 0
484 136 91 0 0
485 135 91 0 0
486 136 91 0 0
487 137 91 0 0
488 136 91 0 0
489 137 91 0 0
490 137 92 0 0
491 138 92 0 0
492 137 92 0 0
493 138 92 0 0
494 139 92 0 0
495 138 92 0 0
496 139 92 0 0
497 138 92 0 0
498 138 93 0 0
499 139 93 0 0
500 140 93 0 0
501 139 93 0 0
502 140 93 0 0
503 141 93 0 0
504 140 93 0 0
505 140 94 0 0
506 141 94 0 0
507 140 94 0 0
508 141 94 0 0
509 142 94 0 0
510 141 94 0 0
511 142 94 0 0
512 142 95 0 0
513 143 95 0 0
514 142 95 0 0
515 143 95 0 0
516 144 95 0 0
517 143 95 0 0
518 144 95 0 0
519 143 95 0 0
520 143 96 0 0
521 144 96 0 0
522 145 96 0 0
523 144 96 0 0
524 145 96 0 0
525 146 96 0 0
526 145 96 0 0
527 146 96 0 0
528 147 96 0 0
529 146 96 0 0
530 147 96 0 0
531 148 96 0 0
532 147 96 0 0
533 148 96 0 0
534 149 96 0 0
535 148 96 0 0
536 149 96 0 0
537 148 96 0 0
538 149 96 0 0
539 149 97 0 0
540 150 97 0 0
541 149 97 0 0
542 150 97 0 0
543 151 97 0 0
544 150 97 0 0
545 151 97 0 0
546 152 97 0 0
547 151 97 0 0
548 152 97 0 0
549 153 97 0 0
550 152 97 0 0
551 153 97 0 0
552 154 97 0 0
553 153 97 0 0
554 154 97 0 0
555 153 97 0 0
556 154 97 0 0
557 155 97 0 0
558 154 97 0 0
559 154 98 0 0
560 155 98 0 0
561 156 98 0 0
562 155 98 0 0
563 156 98 0 0
564 157 98 0 0
565 156 98 0 0
566 157 98 0 0
567 158 98 0 0
568 157 98 0 0
569 158 98 0 0
570 159 98 0 0
571 158 98 0 0
572 159 98 0 0
573 158 98 0 0
574 159 98 0 0
575 160 98 0 0
576 159 98 0 0
577 160 98 0 0
578 160 99 0 0
579 161 99 0 0
580 160 99 0 0
581 161 99 0 0
582 162 99 0 0
583 161 99 0 0
584 162 99 0 0
585 163 99 0 0
586 162 99 0 0
587 163 99 0 0
588 162 99 0 0
589 163 99 0 0
590 164 99 0 0
591 163 99 0 0
592 164 99 0 0
593 165 99 0 0
594 164 99 0 0
595 165 99 0 0
596 166 99 0 0
597 165 99 0 0
598 165 100 0 0
599 166 100 0 0
600 165 100 0 0
601 166 100 0 0
602 167 100 0 0
603 166 100 0 0
604 167 100 0 0
605 168 100 0 0
606 167 100 0 0
607 168 100 0 0
608 169 100 0 0
609 168 100 0 0
610 169 100 0 0
611 168 100 0 0
612 169 100 0 0
613 170 100 0 0
614 169 100 0 0
615 170 100 0 0
616 171 100 0 0
617 170 100 0 0
618 171 100 0 0
619 172 100 0 0
620 171 100 0 0
621 172 100 0 0
622 173 100 0 0
623 172 100 0 0
624 173 100 0 0
625 172 100 0 0
626 173 100 0 0
627 174 100 0 0
628 173 100 0 0
629 174 100 0 0
630 175 100 0 0
631 174 100 0 0
632 174 99 0 0
633 175 99 0 0
634 176 99 0 0
635 175 99 0 0
636 176 99 0 0
637 175 99 0 0
638 176 99 0 0
639 177 99 0 0
640 176 99 0 0
641 177 99 0 0
642 178 99 0 0
643 177 99 0 0
644 178 99 0 0
645 179 99 0 0
646 178 99 0 0
647 179 99 0 0
648 179 98 0 0
649 180 98 0 0
650 179 98 0 0
651 180 98 0 0
652 181 98 0 0
653 180 98 0 0
654 181 98 0 0
655 180 98 0 0
656 181 98 0 0
657 182 98 0 0
658 181 98 0 0
659 182 98 0 0
660 183 98 0 0
661 182 98 0 0
662 183 98 0 0
663 184 98 0 0
664 183 98 0 0
665 183 97 0 0
666 184 97 0 0
667 183 97 0 0
668 183 98 0 0
669 184 98 0 0
670 185 98 0 0
671 184 98 0 0
672 185 98 0 0
673 186 98 0 0
674 185 98 0 0
675 186 98 0 0
676 185 98 0 0
677 186 98 0 0
678 187 98 0 0
679 186 98 0 0
680 187 98 0 0
681 186 98 0 0
682 187 98 0 0
683 188 98 0 0
684 187 98 0 0
685 187 99 0 0
686 188 99 0 0
687 189 99 0 0
688 188 99 0 0
689 189 99 0 0
690 190 99 0 0
691 189 99 0 0
692 190 99 0 0
693 189 99 0 0
694 190 99 0 0
695 191 99 0 0
696 190 99 0 0
697 191 99 0 0
698 192 99 0 0
699 191 99 0 0
700 192 99 0 0
701 191 99 0 0
702 191 100 0 0
703 192 100 0 0
704 193 100 0 0
705 192 100 0 0
706 193 100 0 0
707 192 100 0 0
708 193 100 0 0
709 194 100 0 0
710 193 100 0 0
711 194 100 0 0
