0 20600 1000 0 0
1 20600 1200 0 0
2 20600 1400 0 0
3 20600 1600 0 0
4 20600 1800 0 0
5 20600 2000 0 0
6 20600 2200 0 0
7 20400 2200 0 0
8 20400 2400 0 0
9 20400 2600 0 0
10 20400 2800 0 0
11 20400 3000 0 0
12 20400 3200 0 0
13 20400 3400 0 0
14 20400 3600 0 0
15 20400 3800 0 0
16 20400 4000 0 0
17 20400 4200 0 0
18 20400 4400 0 0
19 20400 4600 0 0
20 20400 4800 0 0
21 20400 5000 0 0
22 20400 5200 0 0
23 20400 5400 0 0
24 20400 5600 0 0
25 20400 5800 0 0
26 20400 6000 0 0
27 20400 6200 0 0
28 20400 6400 0 0
29 20400 6600 0 0
30 20400 6800 0 0
31 20400 7000 0 0
32 20400 7200 0 0
33 20400 7400 0 0
34 20400 7600 0 0
35 20600 7600 0 0
36 20600 7800 0 0
37 20600 8000 0 0
38 20600 8200 0 0
39 20600 8400 0 0
40 20600 8600 0 0
41 20600 8800 0 0
42 20600 9000 0 0
43 20600 9200 0 0
44 20600 9400 0 0
45 20600 9600 0 0
46 20600 9800 0 0
47 20600 10000 0 0
48 20600 10200 0 0
49 20600 10400 0 0
50 20600 10600 0 0
51 20800 10600 0 0
52 20800 10800 0 0
53 20800 11000 0 0
54 20800 11200 0 0
55 20800 11400 0 0
56 21000 11400 0 0
57 21000 11600 0 0
58 21000 11800 0 0
59 21000 12000 0 0
60 21000 12200 0 0
61 21200 12200 0 0
62 21200 12400 0 0
63 21200 12600 0 0
64 21200 12800 0 0
65 21200 13000 0 0
66 21400 13000 0 0
67 21400 13200 0 0
68 21400 13400 0 0
69 21400 13600 0 0
70 21600 13600 0 0
71 21600 13800 0 0
72 21800 13800 0 0
73 21800 14000 0 0
74 21800 14200 0 0
75 22000 14200 0 0
76 22000 14400 0 0
77 22000 14600 0 0
78 22200 14600 0 0
79 22200 14800 0 0
80 22400 14800 0 0
81 22400 15000 0 0
82 22400 15200 0 0
83 22600 15200 0 0
84 22800 15200 0 0
85 22800 15400 0 0
86 22800 15600 0 0
87 23000 15600 0 0
88 23000 15800 0 0
89 23000 16000 0 0
90 23200 16000 0 0
91 23200 16200 0 0
92 23200 16400 0 0
93 23400 16400 0 0
94 23400 16600 0 0
95 23400 16800 0 0
96 23600 16800 0 0
97 23600 17000 0 0
98 23600 17200 0 0
99 23800 17200 0 0
100 23800 17400 0 0
101 23800 17600 0 0
102 24000 17600 0 0
103 24000 17800 0 0
104 23800 17800 0 0
105 23800 18000 0 0
106 23800 18200 0 0
107 23800 18400 0 0
108 23800 18600 0 0
109 23800 18800 0 0
110 23600 18800 0 0
111 23600 19000 0 0
112 23600 19200 0 0
113 23600 19400 0 0
114 23600 19600 0 0
115 23400 19600 0 0
116 23400 19800 0 0
117 23400 20000 0 0
118 23400 20200 0 0
119 23400 20400 0 0
120 23200 20400 0 0
121 23000 20400 0 0
122 23000 20600 0 0
123 22800 20600 0 0
124 22600 20600 0 0
125 22400 20600 0 0
126 22400 20800 0 0
127 22200 20800 0 0
128 22000 20800 0 0
129 22000 21000 0 0
130 21800 21000 0 0
131 21600 21000 0 0
132 21600 21200 0 0
133 21400 21200 0 0
134 21200 21200 0 0
135 21200 21400 0 0
136 21000 21400 0 0
137 20800 21400 0 0
138 20600 21400 0 0
139 20400 21400 0 0
140 20400 21600 0 0
141 20200 21600 0 0
142 20000 21600 0 0
143 19800 21600 0 0
144 19800 21800 0 0
145 19600 21800 0 0
146 19400 21800 0 0
147 19200 21800 0 0
148 19000 21800 0 0
149 18800 21800 0 0
150 18600 21800 0 0
151 18400 21800 0 0
152 18200 21800 0 0
153 18000 21800 0 0
154 17800 21800 0 0
155 17600 21800 0 0
156 17400 21800 0 0
157 17200 21800 0 0
158 17000 21800 0 0
159 16800 21800 0 0
160 16600 21800 0 0
161 16400 21800 0 0
162 16200 21800 0 0
163 16000 21800 0 0
164 15800 21800 0 0
165 15600 21800 0 0
166 15600 21600 0 0
167 15400 21600 0 0
168 15200 21600 0 0
169 15000 21600 0 0
170 14800 21600 0 0
171 14600 21600 0 0
172 14400 21600 0 0
173 14400 21400 0 0
174 14200 21400 0 0
175 14000 21400 0 0
176 13800 21400 0 0
177 13600 21400 0 0
178 13400 21400 0 0
179 13200 21400 0 0
180 13200 21200 0 0
181 13000 21200 0 0
182 12800 21200 0 0
183 12600 21200 0 0
184 12400 21200 0 0
185 12400 21000 0 0
186 12200 21000 0 0
187 12000 21000 0 0
188 11800 21000 0 0
189 11600 21000 0 0
190 11400 21000 0 0
191 11200 21000 0 0
192 11000 21000 0 0
193 10800 21000 0 0
194 10600 21000 0 0
195 10400 21000 0 0
196 10200 21000 0 0
197 10200 21200 0 0
198 10000 21200 0 0
199 10000 21000 0 0
200 9800 21000 0 0
201 9600 21000 0 0
202 9400 21000 0 0
203 9200 21000 0 0
204 9200 20800 0 0
205 9000 20800 0 0
206 8800 20800 0 0
207 8600 20800 0 0
208 8400 20800 0 0
209 8200 20800 0 0
210 8000 20800 0 0
211 7800 20800 0 0
212 7600 20800 0 0
213 7400 20800 0 0
214 7200 20800 0 0
215 7000 20800 0 0
216 6800 20800 0 0
217 6600 20800 0 0
218 6400 20800 0 0
219 6200 20800 0 0
220 6200 20600 0 0
221 6000 20600 0 0
222 5800 20600 0 0
223 5600 20600 0 0
224 5400 20600 0 0
225 5200 20600 0 0
226 5000 20600 0 0
227 4800 20600 0 0
228 4600 20600 0 0
229 4600 20400 0 0
230 4600 20600 0 0
231 4400 20600 0 0
232 4200 20600 0 0
233 4000 20600 0 0
234 3800 20600 0 0
235 3600 20600 0 0
236 3600 20800 0 0
237 3400 20800 0 0
238 3200 20800 0 0
239 3000 20800 0 0
240 2800 20800 0 0
241 2600 20800 0 0
242 2400 20800 0 0
243 2200 20800 0 0
244 2000 20800 0 0
245 1800 20800 0 0
246 1600 20800 0 0
247 1600 20600 0 0
248 1400 20600 0 0
