0 97 5 0 0
1 97 6 0 0
2 97 7 0 0
3 97 8 0 0
4 97 9 0 0
5 97 10 0 0
6 97 11 0 0
7 97 12 0 0
8 97 13 0 0
9 97 14 0 0
10 97 15 0 0
11 97 16 0 0
12 97 17 0 0
13 97 18 0 0
14 97 19 0 0
15 97 20 0 0
16 97 21 0 0
17 97 22 0 0
18 97 23 0 0
19 97 24 0 0
20 97 25 0 0
21 97 26 0 0
22 97 27 0 0
23 97 28 0 0
24 97 29 0 0
25 97 30 0 0
26 98 30 0 0
27 98 31 0 0
28 98 32 0 0
29 98 33 0 0
30 98 34 0 0
31 98 35 0 0
32 99 35 0 0
33 99 36 0 0
34 99 37 0 0
35 99 38 0 0
36 99 39 0 0
37 99 40 0 0
38 99 41 0 0
39 99 42 0 0
40 100 42 0 0
41 100 43 0 0
42 100 44 0 0
43 100 45 0 0
44 100 46 0 0
45 100 47 0 0
46 101 47 0 0
47 101 48 0 0
48 101 49 0 0
49 101 50 0 0
50 101 51 0 0
51 101 52 0 0
52 101 53 0 0
53 101 54 0 0
54 101 55 0 0
55 102 55 0 0
56 102 56 0 0
57 102 57 0 0
58 102 58 0 0
59 102 59 0 0
60 103 59 0 0
61 103 60 0 0
62 103 61 0 0
63 104 61 0 0
64 104 62 0 0
65 104 63 0 0
66 105 63 0 0
67 105 64 0 0
68 105 65 0 0
69 106 65 0 0
70 106 66 0 0
71 106 67 0 0
72 107 67 0 0
73 107 68 0 0
74 107 69 0 0
75 108 69 0 0
76 108 70 0 0
77 109 70 0 0
78 109 71 0 0
79 109 72 0 0
80 109 73 0 0
81 110 73 0 0
82 110 74 0 0
83 111 74 0 0
84 111 75 0 0
85 111 76 0 0
86 112 76 0 0
87 112 77 0 0
88 112 78 0 0
89 113 78 0 0
90 113 79 0 0
91 113 80 0 0
92 114 80 0 0
93 114 81 0 0
94 114 82 0 0
95 115 82 0 0
96 115 83 0 0
97 115 84 0 0
98 115 85 0 0
99 115 86 0 0
100 115 87 0 0
101 115 88 0 0
102 115 89 0 0
103 115 90 0 0
104 115 91 0 0
105 115 92 0 0
106 115 93 0 0
107 115 94 0 0
108 115 95 0 0
109 115 96 0 0
110 115 97 0 0
111 115 98 0 0
112 116 98 0 0
113 116 99 0 0
114 116 100 0 0
115 116 101 0 0
116 116 102 0 0
117 116 103 0 0
118 116 104 0 0
119 116 105 0 0
120 116 106 0 0
121 115 106 0 0
122 115 107 0 0
123 115 108 0 0
124 114 108 0 0
125 114 109 0 0
126 114 110 0 0
127 113 110 0 0
128 113 111 0 0
129 112 111 0 0
130 112 112 0 0
131 111 112 0 0
132 110 112 0 0
133 110 113 0 0
134 109 113 0 0
135 108 113 0 0
136 107 113 0 0
137 107 114 0 0
138 106 114 0 0
139 105 114 0 0
140 104 114 0 0
141 104 115 0 0
142 103 115 0 0
143 102 115 0 0
144 101 115 0 0
145 101 116 0 0
146 100 116 0 0
147 99 116 0 0
148 98 116 0 0
149 97 116 0 0
150 96 116 0 0
151 95 116 0 0
152 94 116 0 0
153 93 116 0 0
154 93 115 0 0
155 92 115 0 0
156 91 115 0 0
157 90 115 0 0
158 89 115 0 0
159 89 114 0 0
160 88 114 0 0
161 87 114 0 0
162 86 114 0 0
163 86 113 0 0
164 85 113 0 0
165 84 113 0 0
166 84 112 0 0
167 83 112 0 0
168 82 112 0 0
169 81 112 0 0
170 81 111 0 0
171 80 111 0 0
172 79 111 0 0
173 79 110 0 0
174 78 110 0 0
175 77 110 0 0
176 77 109 0 0
177 76 109 0 0
178 75 109 0 0
179 74 109 0 0
180 73 109 0 0
181 72 109 0 0
182 71 109 0 0
183 70 109 0 0
184 69 109 0 0
185 69 108 0 0
186 68 108 0 0
187 67 108 0 0
188 66 108 0 0
189 65 108 0 0
190 64 108 0 0
191 63 108 0 0
192 63 107 0 0
193 62 107 0 0
194 61 107 0 0
195 60 107 0 0
196 59 107 0 0
197 58 107 0 0
198 57 107 0 0
199 56 107 0 0
200 55 107 0 0
201 54 107 0 0
202 53 107 0 0
203 52 107 0 0
204 52 108 0 0
205 51 108 0 0
206 50 108 0 0
207 49 108 0 0
208 48 108 0 0
209 47 108 0 0
210 46 108 0 0
211 45 108 0 0
212 44 108 0 0
213 43 108 0 0
214 42 108 0 0
215 41 108 0 0
216 40 108 0 0
217 39 108 0 0
218 38 108 0 0
219 37 108 0 0
220 37 109 0 0
221 36 109 0 0
222 35 109 0 0
223 34 109 0 0
224 33 109 0 0
225 32 109 0 0
226 31 109 0 0
227 30 109 0 0
228 29 109 0 0
229 28 109 0 0
230 27 109 0 0
231 26 109 0 0
232 25 109 0 0
233 24 109 0 0
234 23 109 0 0
235 22 109 0 0
236 22 108 0 0
237 21 108 0 0
238 20 108 0 0
239 19 108 0 0
240 18 108 0 0
241 17 108 0 0
242 16 108 0 0
243 15 108 0 0
244 14 108 0 0
245 13 108 0 0
246 12 108 0 0
247 11 108 0 0
248 10 108 0 0
249 9 108 0 0
250 8 108 0 0
251 7 108 0 0
252 7 107 0 0
253 6 107 0 0
254 5 107 0 0
255 4 107 0 0
256 3 107 0 0
257 2 107 0 0
