0 400 18800 0 0
1 400 19000 0 0
2 600 19000 0 0
3 800 19000 0 0
4 800 19200 0 0
5 1000 19200 0 0
6 1200 19200 0 0
7 1200 19400 0 0
8 1400 19400 0 0
9 1600 19400 0 0
10 1800 19400 0 0
11 2000 19400 0 0
12 2200 19400 0 0
13 2400 19400 0 0
14 2600 19400 0 0
15 2800 19400 0 0
16 3000 19400 0 0
17 3200 19400 0 0
18 3400 19400 0 0
19 3600 19400 0 0
20 3800 19400 0 0
21 4000 19400 0 0
22 4000 19600 0 0
23 4200 19600 0 0
24 4400 19600 0 0
25 4600 19600 0 0
26 4800 19600 0 0
27 5000 19600 0 0
28 5200 19600 0 0
29 5400 19600 0 0
30 5600 19600 0 0
31 5600 19800 0 0
32 5800 19800 0 0
33 6000 19800 0 0
34 6200 19800 0 0
35 6400 19800 0 0
36 6600 19800 0 0
37 6600 19600 0 0
38 6800 19600 0 0
39 7000 19600 0 0
40 7200 19600 0 0
41 7400 19600 0 0
42 7400 19400 0 0
43 7400 19600 0 0
44 7600 19600 0 0
45 7800 19600 0 0
46 8000 19600 0 0
47 8200 19600 0 0
48 8400 19600 0 0
49 8600 19600 0 0
50 8800 19600 0 0
51 9000 19600 0 0
52 9200 19600 0 0
53 9400 19600 0 0
54 9400 19800 0 0
55 9600 19800 0 0
56 9800 19800 0 0
57 10000 19800 0 0
58 10200 19800 0 0
59 10400 19800 0 0
60 10600 19800 0 0
61 10800 19800 0 0
62 11000 19800 0 0
63 11200 19800 0 0
64 11400 19800 0 0
65 11600 19800 0 0
66 11800 19800 0 0
67 12000 19800 0 0
68 12000 19600 0 0
69 12200 19600 0 0
70 12400 19600 0 0
71 12400 19400 0 0
72 12600 19400 0 0
73 12800 19400 0 0
74 13000 19400 0 0
75 13200 19400 0 0
76 13400 19400 0 0
77 13600 19400 0 0
78 13600 19200 0 0
79 13800 19200 0 0
80 14000 19200 0 0
81 14200 19200 0 0
82 14200 19000 0 0
83 14400 19000 0 0
84 14600 19000 0 0
85 14800 19000 0 0
86 14800 18800 0 0
87 15000 18800 0 0
88 15200 18800 0 0
89 15200 18600 0 0
90 15400 18600 0 0
91 15600 18600 0 0
92 15600 18400 0 0
93 15800 18400 0 0
94 16000 18400 0 0
95 16000 18200 0 0
96 16200 18200 0 0
97 16400 18200 0 0
98 16400 18000 0 0
99 16600 18000 0 0
100 16600 17800 0 0
101 16800 17800 0 0
102 16800 17600 0 0
103 17000 17600 0 0
104 17200 17600 0 0
105 17200 17400 0 0
106 17400 17400 0 0
107 17400 17200 0 0
108 17600 17200 0 0
109 17600 17000 0 0
110 17800 17000 0 0
111 17800 16800 0 0
112 18000 16800 0 0
113 18000 16600 0 0
114 18200 16600 0 0
115 18200 16400 0 0
116 18400 16400 0 0
117 18400 16200 0 0
118 18600 16200 0 0
119 18800 16200 0 0
120 18800 16000 0 0
121 19000 16000 0 0
122 19200 16000 0 0
123 19200 15800 0 0
124 19400 15800 0 0
125 19600 15800 0 0
126 19600 15600 0 0
127 19800 15600 0 0
128 20000 15600 0 0
129 20200 15600 0 0
130 20400 15600 0 0
131 20600 15600 0 0
132 20600 15400 0 0
133 20600 15600 0 0
134 20800 15600 0 0
135 21000 15600 0 0
136 21200 15600 0 0
137 21400 15600 0 0
138 21600 15600 0 0
139 21800 15600 0 0
140 22000 15600 0 0
141 22200 15600 0 0
142 22400 15600 0 0
143 22400 15800 0 0
144 22600 15800 0 0
145 22800 15800 0 0
146 22800 16000 0 0
147 23000 16000 0 0
148 23200 16000 0 0
149 23200 16200 0 0
150 23400 16200 0 0
151 23400 16400 0 0
152 23600 16400 0 0
153 23800 16400 0 0
154 23800 16600 0 0
155 24000 16600 0 0
156 24200 16600 0 0
157 24200 16800 0 0
158 24400 16800 0 0
159 24600 16800 0 0
160 24800 16800 0 0
161 24800 17000 0 0
162 25000 17000 0 0
163 25000 17200 0 0
164 25200 17200 0 0
165 25200 17400 0 0
166 25400 17400 0 0
167 25600 17400 0 0
168 25600 17600 0 0
169 25800 17600 0 0
170 25800 17800 0 0
171 26000 17800 0 0
172 26000 18000 0 0
173 26200 18000 0 0
174 26400 18000 0 0
175 26400 18200 0 0
176 26600 18200 0 0
177 26800 18200 0 0
178 27000 18200 0 0
179 27000 18400 0 0
180 27200 18400 0 0
181 27400 18400 0 0
182 27600 18400 0 0
183 27800 18400 0 0
184 27800 18600 0 0
185 28000 18600 0 0
186 28200 18600 0 0
187 28400 18600 0 0
188 28400 18800 0 0
189 28600 18800 0 0
190 28800 18800 0 0
191 29000 18800 0 0
192 29200 18800 0 0
193 29400 18800 0 0
194 29600 18800 0 0
195 29800 18800 0 0
196 30000 18800 0 0
197 30200 18800 0 0
198 30400 18800 0 0
199 30600 18800 0 0
200 30800 18800 0 0
201 30800 19000 0 0
202 31000 19000 0 0
203 31200 19000 0 0
204 31400 19000 0 0
205 31600 19000 0 0
206 31800 19000 0 0
207 32000 19000 0 0
208 32200 19000 0 0
209 32400 19000 0 0
210 32400 19200 0 0
211 32600 19200 0 0
212 32800 19200 0 0
213 33000 19200 0 0
214 33200 19200 0 0
215 33400 19200 0 0
216 33600 19200 0 0
217 33800 19200 0 0
218 34000 19200 0 0
219 34200 19200 0 0
220 34400 19200 0 0
221 34600 19200 0 0
222 34800 19200 0 0
223 35000 19200 0 0
224 35200 19200 0 0
225 35400 19200 0 0
226 35600 19200 0 0
227 35800 19200 0 0
228 36000 19200 0 0
229 36200 19200 0 0
230 36400 19200 0 0
231 36600 19200 0 0
232 36600 19400 0 0
233 36800 19400 0 0
234 37000 19400 0 0
235 37200 19400 0 0
236 37400 19400 0 0
237 37600 19400 0 0
238 37800 19400 0 0
239 38000 19400 0 0
240 38200 19400 0 0
241 38400 19400 0 0
242 38400 19200 0 0
243 38600 19200 0 0
244 38800 19200 0 0
245 39000 19200 0 0
246 39200 19200 0 0
