0 17800 47200 0 0
1 17800 47000 0 0
2 17800 46800 0 0
3 17800 46600 0 0
4 17800 46400 0 0
5 17800 46200 0 0
6 17800 46000 0 0
7 17800 45800 0 0
8 17800 45600 0 0
9 18000 45600 0 0
10 18000 45400 0 0
11 18000 45200 0 0
12 18000 45000 0 0
13 18000 44800 0 0
14 18000 44600 0 0
15 18000 44400 0 0
16 18000 44200 0 0
17 18200 44200 0 0
18 18200 44000 0 0
19 18200 43800 0 0
20 18400 43800 0 0
21 18400 43600 0 0
22 18400 43400 0 0
23 18400 43200 0 0
24 18400 43000 0 0
25 18400 42800 0 0
26 18400 42600 0 0
27 18400 42400 0 0
28 18400 42200 0 0
29 18400 42000 0 0
30 18400 41800 0 0
31 18400 41600 0 0
32 18400 41400 0 0
33 18400 41200 0 0
34 18400 41000 0 0
35 18400 40800 0 0
36 18400 40600 0 0
37 18400 40400 0 0
38 18400 40200 0 0
39 18400 40000 0 0
40 18400 39800 0 0
41 18400 39600 0 0
42 18400 39400 0 0
43 18400 39200 0 0
44 18400 39000 0 0
45 18400 38800 0 0
46 18400 38600 0 0
47 18400 38400 0 0
48 18400 38200 0 0
49 18400 38000 0 0
50 18400 37800 0 0
51 18400 37600 0 0
52 18400 37400 0 0
53 18200 37400 0 0
54 18200 37200 0 0
55 18200 37000 0 0
56 18200 36800 0 0
57 18200 36600 0 0
58 18200 36400 0 0
59 18000 36400 0 0
60 18000 36200 0 0
61 18000 36000 0 0
62 18000 35800 0 0
63 18000 35600 0 0
64 17800 35600 0 0
65 17800 35400 0 0
66 17800 35200 0 0
67 17800 35000 0 0
68 17600 35000 0 0
69 17600 34800 0 0
70 17600 34600 0 0
71 17600 34400 0 0
72 17600 34200 0 0
73 17600 34000 0 0
74 17400 34000 0 0
75 17400 33800 0 0
76 17400 33600 0 0
77 17400 33400 0 0
78 17400 33200 0 0
79 17400 33000 0 0
80 17200 33000 0 0
81 17200 32800 0 0
82 17200 32600 0 0
83 17200 32400 0 0
84 17200 32200 0 0
85 17000 32200 0 0
86 17000 32000 0 0
87 17000 31800 0 0
88 17000 31600 0 0
89 17000 31400 0 0
90 17000 31200 0 0
91 17000 31000 0 0
92 17000 30800 0 0
93 17000 30600 0 0
94 17000 30400 0 0
95 17200 30400 0 0
96 17200 30200 0 0
97 17200 30000 0 0
98 17200 29800 0 0
99 17200 29600 0 0
100 17400 29600 0 0
101 17400 29400 0 0
102 17400 29200 0 0
103 17400 29000 0 0
104 17400 28800 0 0
105 17600 28800 0 0
106 17600 28600 0 0
107 17600 28400 0 0
108 17800 28400 0 0
109 17800 28200 0 0
110 17800 28000 0 0
111 18000 28000 0 0
112 18000 27800 0 0
113 18000 27600 0 0
114 18000 27400 0 0
115 18200 27400 0 0
116 18200 27200 0 0
117 18200 27000 0 0
118 18200 26800 0 0
119 18200 26600 0 0
120 18400 26600 0 0
121 18400 26400 0 0
122 18400 26200 0 0
123 18400 26000 0 0
124 18400 25800 0 0
125 18400 25600 0 0
126 18400 25400 0 0
127 18400 25200 0 0
128 18400 25000 0 0
129 18400 24800 0 0
130 18400 24600 0 0
131 18200 24600 0 0
132 18200 24400 0 0
133 18200 24200 0 0
134 18200 24000 0 0
135 18200 23800 0 0
136 18200 23600 0 0
137 18200 23400 0 0
138 18200 23200 0 0
139 18200 23000 0 0
140 18200 22800 0 0
141 18200 22600 0 0
142 18200 22400 0 0
143 18000 22400 0 0
144 18000 22200 0 0
145 18000 22000 0 0
146 18000 21800 0 0
147 18000 21600 0 0
148 18000 21400 0 0
149 18000 21200 0 0
150 18000 21000 0 0
151 18000 20800 0 0
152 18000 20600 0 0
153 18000 20400 0 0
154 18000 20200 0 0
155 18000 20000 0 0
156 18000 19800 0 0
157 18000 19600 0 0
158 18000 19400 0 0
159 18000 19200 0 0
160 18000 19000 0 0
161 18000 18800 0 0
162 18000 18600 0 0
163 18000 18400 0 0
164 18000 18200 0 0
165 18000 18000 0 0
166 18000 17800 0 0
167 18000 17600 0 0
168 18000 17400 0 0
169 18000 17200 0 0
170 18000 17000 0 0
171 18000 16800 0 0
172 18000 16600 0 0
173 18000 16400 0 0
174 18000 16200 0 0
175 18000 16000 0 0
176 18000 15800 0 0
177 18000 15600 0 0
178 18000 15400 0 0
179 18000 15200 0 0
180 18000 15000 0 0
181 18000 14800 0 0
182 18000 14600 0 0
183 18000 14400 0 0
184 18000 14200 0 0
185 18000 14000 0 0
186 18000 13800 0 0
187 18000 13600 0 0
188 18000 13400 0 0
189 18000 13200 0 0
190 18000 13000 0 0
191 18000 12800 0 0
192 18000 12600 0 0
193 18200 12600 0 0
194 18200 12400 0 0
195 18200 12200 0 0
196 18200 12000 0 0
197 18200 11800 0 0
198 18200 11600 0 0
199 18200 11400 0 0
200 18200 11200 0 0
201 18200 11000 0 0
202 18200 10800 0 0
203 18200 10600 0 0
204 18200 10400 0 0
205 18400 10400 0 0
206 18400 10200 0 0
207 18400 10000 0 0
208 18400 9800 0 0
209 18400 9600 0 0
210 18400 9400 0 0
211 18400 9200 0 0
212 18600 9200 0 0
213 18600 9000 0 0
214 18600 8800 0 0
215 18600 8600 0 0
216 18600 8400 0 0
217 18600 8200 0 0
218 18600 8000 0 0
219 18800 8000 0 0
220 18800 7800 0 0
221 18600 7800 0 0
222 18600 7600 0 0
223 18600 7400 0 0
224 18600 7200 0 0
225 18600 7000 0 0
226 18600 6800 0 0
227 18600 6600 0 0
228 18600 6400 0 0
229 18600 6200 0 0
230 18600 6000 0 0
231 18600 5800 0 0
232 18600 5600 0 0
233 18600 5400 0 0
234 18600 5200 0 0
235 18600 5000 0 0
236 18600 4800 0 0
237 18600 4600 0 0
238 18800 4600 0 0
239 18800 4400 0 0
240 18800 4200 0 0
241 18800 4000 0 0
242 18800 3800 0 0
243 19000 3800 0 0
244 19000 3600 0 0
245 19000 3400 0 0
246 19000 3200 0 0
247 19000 3000 0 0
248 19000 2800 0 0
249 19000 2600 0 0
250 19000 2400 0 0
251 19200 2400 0 0
252 19200 2200 0 0
253 19200 2000 0 0
254 19200 1800 0 0
