0 20200 1000 0 0
1 20200 1200 0 0
2 20200 1400 0 0
3 20200 1600 0 0
4 20200 1800 0 0
5 20200 2000 0 0
6 20200 2200 0 0
7 20200 2400 0 0
8 20200 2600 0 0
9 20200 2800 0 0
10 20200 3000 0 0
11 20200 3200 0 0
12 20200 3400 0 0
13 20200 3600 0 0
14 20200 3800 0 0
15 20200 4000 0 0
16 20400 4000 0 0
17 20400 4200 0 0
18 20400 4400 0 0
19 20400 4600 0 0
20 20400 4800 0 0
21 20400 5000 0 0
22 20400 5200 0 0
23 20400 5400 0 0
24 20400 5600 0 0
25 20400 5800 0 0
26 20400 6000 0 0
27 20400 6200 0 0
28 20400 6400 0 0
29 20400 6600 0 0
30 20400 6800 0 0
31 20400 7000 0 0
32 20400 7200 0 0
33 20400 7400 0 0
34 20400 7600 0 0
35 20400 7800 0 0
36 20400 8000 0 0
37 20400 8200 0 0
38 20600 8200 0 0
39 20600 8400 0 0
40 20600 8600 0 0
41 20600 8800 0 0
42 20600 9000 0 0
43 20600 9200 0 0
44 20600 9400 0 0
45 20600 9600 0 0
46 20600 9800 0 0
47 20600 10000 0 0
48 20600 10200 0 0
49 20600 10400 0 0
50 20600 10600 0 0
51 20600 10800 0 0
52 20600 11000 0 0
53 20600 11200 0 0
54 20600 11400 0 0
55 20800 11400 0 0
56 20800 11600 0 0
57 20800 11800 0 0
58 21000 11800 0 0
59 21000 12000 0 0
60 21000 12200 0 0
61 21000 12400 0 0
62 21200 12400 0 0
63 21200 12600 0 0
64 21200 12800 0 0
65 21200 13000 0 0
66 21400 13000 0 0
67 21400 13200 0 0
68 21400 13400 0 0
69 21400 13600 0 0
70 21600 13600 0 0
71 21600 13800 0 0
72 21600 14000 0 0
73 21600 14200 0 0
74 21800 14200 0 0
75 21800 14400 0 0
76 22000 14400 0 0
77 22000 14600 0 0
78 22200 14600 0 0
79 22200 14800 0 0
80 22400 14800 0 0
81 22400 15000 0 0
82 22400 15200 0 0
83 22600 15200 0 0
84 22600 15400 0 0
85 22800 15400 0 0
86 22800 15600 0 0
87 23000 15600 0 0
88 23000 15800 0 0
89 23200 15800 0 0
90 23200 16000 0 0
91 23400 16000 0 0
92 23400 16200 0 0
93 23600 16200 0 0
94 23600 16400 0 0
95 23600 16600 0 0
96 23800 16600 0 0
97 23800 16800 0 0
98 24000 16800 0 0
99 24000 17000 0 0
100 24200 17000 0 0
101 24200 17200 0 0
102 24400 17200 0 0
103 24400 17400 0 0
104 24600 17400 0 0
105 24600 17600 0 0
106 24800 17600 0 0
107 24800 17800 0 0
108 25000 17800 0 0
109 25000 18000 0 0
110 25000 18200 0 0
111 25200 18200 0 0
112 25200 18400 0 0
113 25200 18600 0 0
114 25200 18800 0 0
115 25200 19000 0 0
116 25200 19200 0 0
117 25200 19400 0 0
118 25200 19600 0 0
119 25200 19800 0 0
120 25200 20000 0 0
121 25200 20200 0 0
122 25200 20400 0 0
123 25200 20600 0 0
124 25200 20800 0 0
125 25200 21000 0 0
126 25000 21000 0 0
127 25000 21200 0 0
128 25000 21400 0 0
129 24800 21400 0 0
130 24800 21600 0 0
131 24800 21800 0 0
132 24600 21800 0 0
133 24600 22000 0 0
134 24600 22200 0 0
135 24600 22400 0 0
136 24400 22400 0 0
137 24400 22600 0 0
138 24400 22800 0 0
139 24200 22800 0 0
140 24200 23000 0 0
141 24200 23200 0 0
142 24200 23400 0 0
143 24000 23400 0 0
144 24000 23600 0 0
145 24000 23800 0 0
146 24000 24000 0 0
147 23800 24000 0 0
148 23800 24200 0 0
149 23800 24400 0 0
150 23800 24600 0 0
151 23600 24600 0 0
152 23600 24800 0 0
153 23600 25000 0 0
154 23400 25000 0 0
155 23400 25200 0 0
156 23400 25400 0 0
157 23400 25600 0 0
158 23200 25600 0 0
159 23200 25800 0 0
160 23200 26000 0 0
161 23200 26200 0 0
162 23200 26400 0 0
163 23200 26600 0 0
164 23000 26600 0 0
165 23000 26800 0 0
166 23000 27000 0 0
167 23000 27200 0 0
168 23000 27400 0 0
169 23000 27600 0 0
170 23000 27800 0 0
171 23000 28000 0 0
172 22800 28000 0 0
173 22800 28200 0 0
174 22800 28400 0 0
175 22800 28600 0 0
176 22800 28800 0 0
177 22800 29000 0 0
178 22800 29200 0 0
179 22800 29400 0 0
180 22800 29600 0 0
181 22800 29800 0 0
182 22800 30000 0 0
183 22800 30200 0 0
184 22800 30400 0 0
185 22800 30600 0 0
186 22800 30800 0 0
187 22800 31000 0 0
188 22800 31200 0 0
189 22800 31400 0 0
190 22800 31600 0 0
191 22800 31800 0 0
192 22800 32000 0 0
193 22800 32200 0 0
194 22800 32400 0 0
195 22800 32600 0 0
196 22800 32800 0 0
197 22800 33000 0 0
198 22800 33200 0 0
199 22800 33400 0 0
200 22800 33600 0 0
201 22800 33800 0 0
202 23000 33800 0 0
203 23000 34000 0 0
204 23000 34200 0 0
205 23000 34400 0 0
206 23000 34600 0 0
207 23000 34800 0 0
208 23000 35000 0 0
209 23000 35200 0 0
210 23000 35400 0 0
211 23000 35600 0 0
212 23200 35600 0 0
213 23200 35800 0 0
214 23200 36000 0 0
215 23200 36200 0 0
216 23200 36400 0 0
217 23200 36600 0 0
218 23200 36800 0 0
219 23200 37000 0 0
220 23400 37000 0 0
221 23400 37200 0 0
222 23400 37400 0 0
223 23400 37600 0 0
224 23400 37800 0 0
225 23400 38000 0 0
226 23400 38200 0 0
227 23400 38400 0 0
228 23400 38600 0 0
229 23400 38800 0 0
230 23400 39000 0 0
231 23400 39200 0 0
232 23600 39200 0 0
233 23600 39400 0 0
234 23600 39600 0 0
235 23600 39800 0 0
236 23600 40000 0 0
237 23600 40200 0 0
238 23600 40400 0 0
239 23600 40600 0 0
240 23600 40800 0 0
241 23800 40800 0 0
242 23800 41000 0 0
243 23800 41200 0 0
244 23800 41400 0 0
245 23800 41600 0 0
246 23800 41800 0 0
247 23800 42000 0 0
248 23800 42200 0 0
249 23800 42400 0 0
250 24000 42400 0 0
251 24000 42600 0 0
252 24000 42800 0 0
253 24000 43000 0 0
254 24000 43200 0 0
255 24000 43400 0 0
256 24200 43400 0 0
257 24200 43600 0 0
258 24200 43800 0 0
259 24200 44000 0 0
260 24200 44200 0 0
261 24200 44400 0 0
262 24200 44600 0 0
263 24200 44800 0 0
264 24200 45000 0 0
265 24200 45200 0 0
266 24200 45400 0 0
267 24200 45600 0 0
268 24200 45800 0 0
269 24200 46000 0 0
270 24400 46000 0 0
271 24400 46200 0 0
272 24400 46400 0 0
273 24400 46600 0 0
274 24400 46800 0 0
275 24400 47000 0 0
