0 0 87 0 0
1 1 87 0 0
2 2 87 0 0
3 1 87 0 0
4 2 87 0 0
5 3 87 0 0
6 2 87 0 0
7 3 87 0 0
8 4 87 0 0
9 3 87 0 0
10 4 87 0 0
11 5 87 0 0
12 4 87 0 0
13 5 87 0 0
14 6 87 0 0
15 5 87 0 0
16 6 87 0 0
17 7 87 0 0
18 6 87 0 0
19 7 87 0 0
20 8 87 0 0
21 9 87 0 0
22 8 87 0 0
23 9 87 0 0
24 8 87 0 0
25 9 87 0 0
26 10 87 0 0
27 11 87 0 0
28 10 87 0 0
29 11 87 0 0
30 12 87 0 0
31 11 87 0 0
32 12 87 0 0
33 13 87 0 0
34 12 87 0 0
35 13 87 0 0
36 14 87 0 0
37 13 87 0 0
38 14 87 0 0
39 15 87 0 0
40 16 87 0 0
41 15 87 0 0
42 16 87 0 0
43 16 86 0 0
44 17 86 0 0
45 16 86 0 0
46 17 86 0 0
47 18 86 0 0
48 19 86 0 0
49 18 86 0 0
50 19 86 0 0
51 20 86 0 0
52 19 86 0 0
53 20 86 0 0
54 21 86 0 0
55 22 86 0 0
56 21 86 0 0
57 22 86 0 0
58 23 86 0 0
59 22 86 0 0
60 23 86 0 0
61 24 86 0 0
62 25 86 0 0
63 24 86 0 0
64 25 86 0 0
65 26 86 0 0
66 25 86 0 0
67 26 86 0 0
68 27 86 0 0
69 26 86 0 0
70 27 86 0 0
71 28 86 0 0
72 28 85 0 0
73 29 85 0 0
74 28 85 0 0
75 28 86 0 0
76 29 86 0 0
77 30 86 0 0
78 31 86 0 0
79 30 86 0 0
80 31 86 0 0
81 32 86 0 0
82 33 86 0 0
83 32 86 0 0
84 33 86 0 0
85 34 86 0 0
86 35 86 0 0
87 34 86 0 0
88 35 86 0 0
89 36 86 0 0
90 37 86 0 0
91 36 86 0 0
92 37 86 0 0
93 38 86 0 0
94 39 86 0 0
95 40 86 0 0
96 39 86 0 0
97 40 86 0 0
98 41 86 0 0
99 42 86 0 0
100 41 86 0 0
101 42 86 0 0
102 42 87 0 0
103 43 87 0 0
104 42 87 0 0
105 43 87 0 0
106 44 87 0 0
107 43 87 0 0
108 44 87 0 0
109 45 87 0 0
110 44 87 0 0
111 45 87 0 0
112 46 87 0 0
113 47 87 0 0
114 46 87 0 0
115 47 87 0 0
116 48 87 0 0
117 47 87 0 0
118 48 87 0 0
119 49 87 0 0
120 48 87 0 0
121 49 87 0 0
122 50 87 0 0
123 49 87 0 0
124 50 87 0 0
125 51 87 0 0
126 52 87 0 0
127 51 87 0 0
128 52 87 0 0
129 53 87 0 0
130 52 87 0 0
131 53 87 0 0
132 54 87 0 0
133 53 87 0 0
134 54 87 0 0
135 55 87 0 0
136 54 87 0 0
137 55 87 0 0
138 56 87 0 0
139 55 87 0 0
140 56 87 0 0
141 57 87 0 0
142 56 87 0 0
143 57 87 0 0
144 58 87 0 0
145 57 87 0 0
146 58 87 0 0
147 59 87 0 0
148 60 87 0 0
149 59 87 0 0
150 60 87 0 0
151 61 87 0 0
152 60 87 0 0
153 61 87 0 0
154 62 87 0 0
155 61 87 0 0
156 62 87 0 0
157 63 87 0 0
158 62 87 0 0
159 63 87 0 0
160 63 86 0 0
161 64 86 0 0
162 63 86 0 0
163 64 86 0 0
164 63 86 0 0
165 64 86 0 0
166 65 86 0 0
167 64 86 0 0
168 65 86 0 0
169 66 86 0 0
170 65 86 0 0
171 66 86 0 0
172 65 86 0 0
173 66 86 0 0
174 67 86 0 0
175 66 86 0 0
176 67 86 0 0
177 66 86 0 0
178 67 86 0 0
179 68 86 0 0
180 67 86 0 0
181 68 86 0 0
182 69 86 0 0
183 68 86 0 0
184 69 86 0 0
185 68 86 0 0
186 69 86 0 0
187 70 86 0 0
188 69 86 0 0
189 70 86 0 0
190 71 86 0 0
191 70 86 0 0
192 71 86 0 0
193 70 86 0 0
194 71 86 0 0
195 72 86 0 0
196 71 86 0 0
197 72 86 0 0
198 71 86 0 0
199 72 86 0 0
200 73 86 0 0
201 72 86 0 0
202 73 86 0 0
203 72 86 0 0
204 73 86 0 0
205 72 86 0 0
206 72 85 0 0
207 73 85 0 0
208 74 85 0 0
209 73 85 0 0
210 74 85 0 0
211 73 85 0 0
212 74 85 0 0
213 75 85 0 0
214 74 85 0 0
215 75 85 0 0
216 74 85 0 0
217 75 85 0 0
218 75 84 0 0
219 76 84 0 0
220 75 84 0 0
221 76 84 0 0
222 75 84 0 0
223 76 84 0 0
224 75 84 0 0
225 76 84 0 0
226 77 84 0 0
227 76 84 0 0
228 77 84 0 0
229 77 83 0 0
230 78 83 0 0
231 77 83 0 0
232 78 83 0 0
233 77 83 0 0
234 78 83 0 0
235 77 83 0 0
236 78 83 0 0
237 77 83 0 0
238 78 83 0 0
239 77 83 0 0
240 78 83 0 0
241 79 83 0 0
242 78 83 0 0
243 79 83 0 0
244 78 83 0 0
245 78 82 0 0
246 79 82 0 0
247 78 82 0 0
248 79 82 0 0
249 78 82 0 0
250 78 81 0 0
251 79 81 0 0
252 80 81 0 0
253 79 81 0 0
254 80 81 0 0
255 79 81 0 0
256 80 81 0 0
257 79 81 0 0
258 80 81 0 0
259 80 80 0 0
260 81 80 0 0
261 80 80 0 0
262 81 80 0 0
263 80 80 0 0
264 81 80 0 0
265 80 80 0 0
266 81 80 0 0
267 80 80 0 0
268 81 80 0 0
269 81 79 0 0
270 82 79 0 0
271 81 79 0 0
272 82 79 0 0
273 81 79 0 0
274 82 79 0 0
275 81 79 0 0
276 82 79 0 0
277 81 79 0 0
278 82 79 0 0
279 83 79 0 0
280 82 79 0 0
281 83 79 0 0
282 82 79 0 0
283 83 79 0 0
284 82 79 0 0
285 83 79 0 0
286 82 79 0 0
287 83 79 0 0
288 83 78 0 0
289 84 78 0 0
290 83 78 0 0
291 84 78 0 0
292 83 78 0 0
293 84 78 0 0
294 83 78 0 0
295 84 78 0 0
296 83 78 0 0
297 84 78 0 0
298 83 78 0 0
299 84 78 0 0
300 85 78 0 0
301 84 78 0 0
302 85 78 0 0
303 84 78 0 0
304 85 78 0 0
305 84 78 0 0
306 85 78 0 0
307 85 77 0 0
308 86 77 0 0
309 85 77 0 0
310 86 77 0 0
311 85 77 0 0
312 86 77 0 0
313 85 77 0 0
314 86 77 0 0
315 85 77 0 0
316 86 77 0 0
317 85 77 0 0
318 86 77 0 0
319 85 77 0 0
320 86 77 0 0
321 87 77 0 0
322 86 77 0 0
323 86 76 0 0
324 87 76 0 0
325 86 76 0 0
326 87 76 0 0
327 86 76 0 0
328 87 76 0 0
329 86 76 0 0
330 87 76 0 0
331 86 76 0 0
332 87 76 0 0
333 86 76 0 0
334 87 76 0 0
335 88 76 0 0
336 87 76 0 0
337 88 76 0 0
338 87 76 0 0
339 88 76 0 0
340 87 76 0 0
341 88 76 0 0
342 87 76 0 0
343 88 76 0 0
344 89 76 0 0
345 88 76 0 0
346 88 75 0 0
347 89 75 0 0
348 88 75 0 0
349 89 75 0 0
350 88 75 0 0
351 89 75 0 0
352 90 75 0 0
353 89 75 0 0
354 90 75 0 0
355 89 75 0 0
356 90 75 0 0
357 91 75 0 0
358 90 75 0 0
359 91 75 0 0
360 90 75 0 0
361 91 75 0 0
362 90 75 0 0
363 91 75 0 0
364 92 75 0 0
365 91 75 0 0
366 92 75 0 0
367 91 75 0 0
368 92 75 0 0
369 93 75 0 0
370 92 75 0 0
371 93 75 0 0
372 92 75 0 0
373 93 75 0 0
374 92 75 0 0
375 93 75 0 0
376 94 75 0 0
377 93 75 0 0
378 94 75 0 0
379 93 75 0 0
380 94 75 0 0
381 93 75 0 0
382 94 75 0 0
383 93 75 0 0
384 93 76 0 0
385 94 76 0 0
386 95 76 0 0
387 94 76 0 0
388 95 76 0 0
389 94 76 0 0
390 95 76 0 0
391 96 76 0 0
392 95 76 0 0
393 96 76 0 0
394 95 76 0 0
395 96 76 0 0
396 95 76 0 0
397 96 76 0 0
398 97 76 0 0
399 96 76 0 0
400 97 76 0 0
401 96 76 0 0
402 97 76 0 0
403 98 76 0 0
404 97 76 0 0
405 98 76 0 0
406 97 76 0 0
407 98 76 0 0
408 97 76 0 0
409 98 76 0 0
410 99 76 0 0
411 98 76 0 0
412 99 76 0 0
413 98 76 0 0
414 99 76 0 0
415 98 76 0 0
416 99 76 0 0
417 100 76 0 0
418 99 76 0 0
419 100 76 0 0
420 99 76 0 0
421 100 76 0 0
422 101 76 0 0
423 100 76 0 0
424 101 76 0 0
425 100 76 0 0
426 101 76 0 0
427 100 76 0 0
428 101 76 0 0
429 102 76 0 0
430 101 76 0 0
431 102 76 0 0
432 103 76 0 0
433 102 76 0 0
434 103 76 0 0
435 102 76 0 0
436 102 77 0 0
437 103 77 0 0
438 102 77 0 0
439 103 77 0 0
440 104 77 0 0
441 103 77 0 0
442 104 77 0 0
443 103 77 0 0
444 104 77 0 0
445 105 77 0 0
446 104 77 0 0
447 105 77 0 0
448 104 77 0 0
449 105 77 0 0
450 106 77 0 0
451 105 77 0 0
452 106 77 0 0
453 105 77 0 0
454 106 77 0 0
455 107 77 0 0
456 106 77 0 0
457 107 77 0 0
458 106 77 0 0
459 107 77 0 0
460 106 77 0 0
461 107 77 0 0
462 108 77 0 0
463 107 77 0 0
464 108 77 0 0
465 109 77 0 0
466 108 77 0 0
467 109 77 0 0
468 108 77 0 0
469 109 77 0 0
470 108 77 0 0
471 108 78 0 0
472 109 78 0 0
473 110 78 0 0
474 109 78 0 0
475 110 78 0 0
476 111 78 0 0
477 110 78 0 0
478 111 78 0 0
479 110 78 0 0
480 111 78 0 0
481 110 78 0 0
482 111 78 0 0
483 112 78 0 0
484 111 78 0 0
485 112 78 0 0
486 113 78 0 0
487 112 78 0 0
488 113 78 0 0
489 112 78 0 0
490 113 78 0 0
491 112 78 0 0
492 112 79 0 0
493 113 79 0 0
494 112 79 0 0
495 113 79 0 0
496 114 79 0 0
497 113 79 0 0
498 114 79 0 0
499 113 79 0 0
500 114 79 0 0
501 113 79 0 0
502 114 79 0 0
503 114 80 0 0
504 115 80 0 0
505 114 80 0 0
506 115 80 0 0
507 114 80 0 0
508 115 80 0 0
509 116 80 0 0
510 115 80 0 0
511 116 80 0 0
512 115 80 0 0
513 115 81 0 0
514 116 81 0 0
515 115 81 0 0
516 116 81 0 0
517 117 81 0 0
518 116 81 0 0
519 117 81 0 0
520 116 81 0 0
521 117 81 0 0
522 117 82 0 0
523 118 82 0 0
524 117 82 0 0
525 118 82 0 0
526 117 82 0 0
527 118 82 0 0
528 117 82 0 0
529 118 82 0 0
530 119 82 0 0
531 118 82 0 0
532 119 82 0 0
533 118 82 0 0
534 118 83 0 0
535 119 83 0 0
536 118 83 0 0
537 119 83 0 0
538 120 83 0 0
539 119 83 0 0
540 120 83 0 0
541 119 83 0 0
542 120 83 0 0
543 120 84 0 0
544 121 84 0 0
545 120 84 0 0
546 121 84 0 0
547 120 84 0 0
548 121 84 0 0
549 120 84 0 0
550 121 84 0 0
551 122 84 0 0
552 121 84 0 0
553 122 84 0 0
554 121 84 0 0
555 121 85 0 0
556 122 85 0 0
557 123 85 0 0
558 122 85 0 0
559 123 85 0 0
560 122 85 0 0
561 123 85 0 0
562 122 85 0 0
563 122 86 0 0
564 123 86 0 0
565 124 86 0 0
566 123 86 0 0
567 124 86 0 0
568 125 86 0 0
569 124 86 0 0
570 125 86 0 0
571 124 86 0 0
572 124 87 0 0
573 125 87 0 0
574 126 87 0 0
575 125 87 0 0
576 126 87 0 0
577 125 87 0 0
578 126 87 0 0
579 127 87 0 0
580 126 87 0 0
581 126 88 0 0
582 127 88 0 0
583 126 88 0 0
584 127 88 0 0
585 128 88 0 0
586 127 88 0 0
587 128 88 0 0
588 127 88 0 0
589 128 88 0 0
590 128 89 0 0
591 129 89 0 0
592 128 89 0 0
593 129 89 0 0
594 128 89 0 0
595 129 89 0 0
596 130 89 0 0
597 129 89 0 0
598 129 90 0 0
599 130 90 0 0
600 131 90 0 0
601 130 90 0 0
602 131 90 0 0
603 130 90 0 0
604 131 90 0 0
605 130 90 0 0
606 131 90 0 0
607 131 91 0 0
608 132 91 0 0
609 131 91 0 0
610 132 91 0 0
611 133 91 0 0
612 132 91 0 0
613 133 91 0 0
614 132 91 0 0
615 133 91 0 0
616 134 91 0 0
617 133 91 0 0
618 134 91 0 0
619 133 91 0 0
620 133 92 0 0
621 134 92 0 0
622 135 92 0 0
623 134 92 0 0
624 135 92 0 0
625 136 92 0 0
626 135 92 0 0
627 136 92 0 0
628 135 92 0 0
629 136 92 0 0
630 135 92 0 0
631 136 92 0 0
632 137 92 0 0
633 136 92 0 0
634 137 92 0 0
635 136 92 0 0
636 137 92 0 0
637 137 93 0 0
638 138 93 0 0
639 137 93 0 0
640 138 93 0 0
641 139 93 0 0
642 138 93 0 0
643 139 93 0 0
644 138 93 0 0
645 139 93 0 0
646 140 93 0 0
647 139 93 0 0
648 140 93 0 0
649 139 93 0 0
650 140 93 0 0
651 141 93 0 0
652 140 93 0 0
653 141 93 0 0
654 140 93 0 0
655 140 94 0 0
656 141 94 0 0
657 142 94 0 0
658 141 94 0 0
659 142 94 0 0
660 143 94 0 0
661 142 94 0 0
662 143 94 0 0
663 142 94 0 0
664 143 94 0 0
665 144 94 0 0
666 143 94 0 0
667 144 94 0 0
668 143 94 0 0
669 144 94 0 0
670 145 94 0 0
671 144 94 0 0
672 144 95 0 0
673 145 95 0 0
674 144 95 0 0
675 145 95 0 0
676 146 95 0 0
677 145 95 0 0
678 146 95 0 0
679 145 95 0 0
680 146 95 0 0
681 147 95 0 0
682 146 95 0 0
683 147 95 0 0
684 148 95 0 0
685 147 95 0 0
686 148 95 0 0
687 147 95 0 0
688 148 95 0 0
689 148 96 0 0
690 149 96 0 0
691 148 96 0 0
692 149 96 0 0
693 148 96 0 0
694 149 96 0 0
695 150 96 0 0
696 149 96 0 0
697 150 96 0 0
698 151 96 0 0
699 150 96 0 0
700 151 96 0 0
701 150 96 0 0
702 151 96 0 0
703 152 96 0 0
704 151 96 0 0
705 152 96 0 0
706 153 96 0 0
707 152 96 0 0
708 153 96 0 0
709 152 96 0 0
710 153 96 0 0
711 154 96 0 0
712 153 96 0 0
713 153 95 0 0
714 154 95 0 0
715 153 95 0 0
716 154 95 0 0
717 155 95 0 0
718 154 95 0 0
719 155 95 0 0
720 156 95 0 0
721 155 95 0 0
722 156 95 0 0
723 155 95 0 0
724 156 95 0 0
725 157 95 0 0
726 156 95 0 0
727 157 95 0 0
728 158 95 0 0
729 157 95 0 0
730 158 95 0 0
731 159 95 0 0
732 158 95 0 0
733 159 95 0 0
734 158 95 0 0
735 159 95 0 0
736 160 95 0 0
737 159 95 0 0
738 160 95 0 0
739 161 95 0 0
740 160 95 0 0
741 161 95 0 0
742 160 95 0 0
743 161 95 0 0
744 162 95 0 0
745 161 95 0 0
746 161 94 0 0
747 162 94 0 0
748 163 94 0 0
749 162 94 0 0
750 163 94 0 0
751 162 94 0 0
752 163 94 0 0
753 164 94 0 0
754 163 94 0 0
755 164 94 0 0
756 165 94 0 0
757 164 94 0 0
758 165 94 0 0
759 166 94 0 0
760 165 94 0 0
761 166 94 0 0
762 165 94 0 0
763 166 94 0 0
764 167 94 0 0
765 166 94 0 0
766 167 94 0 0
767 168 94 0 0
768 167 94 0 0
769 168 94 0 0
770 169 94 0 0
771 168 94 0 0
772 169 94 0 0
773 168 94 0 0
774 169 94 0 0
775 170 94 0 0
776 169 94 0 0
777 170 94 0 0
778 171 94 0 0
779 170 94 0 0
780 171 94 0 0
781 172 94 0 0
782 171 94 0 0
783 172 94 0 0
784 173 94 0 0
785 172 94 0 0
786 173 94 0 0
787 172 94 0 0
788 173 94 0 0
789 174 94 0 0
790 173 94 0 0
791 174 94 0 0
792 175 94 0 0
793 174 94 0 0
794 175 94 0 0
795 176 94 0 0
796 175 94 0 0
797 176 94 0 0
798 175 94 0 0
799 176 94 0 0
800 177 94 0 0
801 176 94 0 0
802 177 94 0 0
803 177 93 0 0
804 178 93 0 0
805 177 93 0 0
806 178 93 0 0
807 179 93 0 0
808 178 93 0 0
809 179 93 0 0
810 178 93 0 0
811 179 93 0 0
812 180 93 0 0
813 181 93 0 0
814 180 93 0 0
815 181 93 0 0
816 180 93 0 0
817 181 93 0 0
818 182 93 0 0
819 181 93 0 0
820 182 93 0 0
821 183 93 0 0
822 182 93 0 0
823 183 93 0 0
824 184 93 0 0
825 183 93 0 0
826 184 93 0 0
827 183 93 0 0
828 184 93 0 0
829 185 93 0 0
830 186 93 0 0
831 185 93 0 0
832 186 93 0 0
833 185 93 0 0
834 186 93 0 0
835 187 93 0 0
836 186 93 0 0
837 187 93 0 0
838 188 93 0 0
839 187 93 0 0
840 188 93 0 0
841 189 93 0 0
842 188 93 0 0
843 189 93 0 0
844 190 93 0 0
845 189 93 0 0
846 190 93 0 0
847 191 93 0 0
848 190 93 0 0
849 191 93 0 0
850 192 93 0 0
851 191 93 0 0
852 192 93 0 0
