0 1 99 0 0
1 2 99 0 0
2 3 99 0 0
3 2 99 0 0
4 3 99 0 0
5 4 99 0 0
6 3 99 0 0
7 4 99 0 0
8 5 99 0 0
9 4 99 0 0
10 5 99 0 0
11 6 99 0 0
12 5 99 0 0
13 6 99 0 0
14 7 99 0 0
15 8 99 0 0
16 7 99 0 0
17 8 99 0 0
18 7 99 0 0
19 8 99 0 0
20 9 99 0 0
21 8 99 0 0
22 9 99 0 0
23 10 99 0 0
24 11 99 0 0
25 10 99 0 0
26 11 99 0 0
27 10 99 0 0
28 11 99 0 0
29 12 99 0 0
30 13 99 0 0
31 12 99 0 0
32 13 99 0 0
33 12 99 0 0
34 13 99 0 0
35 14 99 0 0
36 13 99 0 0
37 14 99 0 0
38 15 99 0 0
39 16 99 0 0
40 15 99 0 0
41 16 99 0 0
42 15 99 0 0
43 16 99 0 0
44 17 99 0 0
45 16 99 0 0
46 17 99 0 0
47 18 99 0 0
48 19 99 0 0
49 18 99 0 0
50 19 99 0 0
51 18 99 0 0
52 19 99 0 0
53 20 99 0 0
54 21 99 0 0
55 20 99 0 0
56 21 99 0 0
57 22 99 0 0
58 21 99 0 0
59 22 99 0 0
60 23 99 0 0
61 22 99 0 0
62 23 99 0 0
63 24 99 0 0
64 23 99 0 0
65 24 99 0 0
66 25 99 0 0
67 24 99 0 0
68 25 99 0 0
69 26 99 0 0
70 25 99 0 0
71 26 99 0 0
72 27 99 0 0
73 26 99 0 0
74 27 99 0 0
75 28 99 0 0
76 27 99 0 0
77 28 99 0 0
78 29 99 0 0
79 28 99 0 0
80 29 99 0 0
81 30 99 0 0
82 29 99 0 0
83 30 99 0 0
84 31 99 0 0
85 30 99 0 0
86 31 99 0 0
87 32 99 0 0
88 31 99 0 0
89 32 99 0 0
90 33 99 0 0
91 32 99 0 0
92 33 99 0 0
93 34 99 0 0
94 33 99 0 0
95 34 99 0 0
96 35 99 0 0
97 34 99 0 0
98 35 99 0 0
99 36 99 0 0
100 35 99 0 0
101 36 99 0 0
102 37 99 0 0
103 36 99 0 0
104 37 99 0 0
105 38 99 0 0
106 37 99 0 0
107 38 99 0 0
108 39 99 0 0
109 38 99 0 0
110 39 99 0 0
111 40 99 0 0
112 39 99 0 0
113 40 99 0 0
114 41 99 0 0
115 40 99 0 0
116 41 99 0 0
117 42 99 0 0
118 42 98 0 0
119 43 98 0 0
120 42 98 0 0
121 42 99 0 0
122 43 99 0 0
123 42 99 0 0
124 43 99 0 0
125 44 99 0 0
126 43 99 0 0
127 44 99 0 0
128 43 99 0 0
129 44 99 0 0
130 45 99 0 0
131 44 99 0 0
132 45 99 0 0
133 46 99 0 0
134 45 99 0 0
135 46 99 0 0
136 47 99 0 0
137 46 99 0 0
138 47 99 0 0
139 48 99 0 0
140 47 99 0 0
141 48 99 0 0
142 47 99 0 0
143 48 99 0 0
144 49 99 0 0
145 48 99 0 0
146 49 99 0 0
147 50 99 0 0
148 49 99 0 0
149 50 99 0 0
150 51 99 0 0
151 50 99 0 0
152 51 99 0 0
153 50 99 0 0
154 51 99 0 0
155 52 99 0 0
156 51 99 0 0
157 52 99 0 0
158 53 99 0 0
159 52 99 0 0
160 53 99 0 0
161 54 99 0 0
162 53 99 0 0
163 54 99 0 0
164 55 99 0 0
165 54 99 0 0
166 55 99 0 0
167 56 99 0 0
168 55 99 0 0
169 56 99 0 0
170 57 99 0 0
171 56 99 0 0
172 57 99 0 0
173 56 99 0 0
174 57 99 0 0
175 57 98 0 0
176 58 98 0 0
177 59 98 0 0
178 58 98 0 0
179 59 98 0 0
180 58 98 0 0
181 59 98 0 0
182 60 98 0 0
183 61 98 0 0
184 60 98 0 0
185 61 98 0 0
186 60 98 0 0
187 61 98 0 0
188 62 98 0 0
189 63 98 0 0
190 62 98 0 0
191 63 98 0 0
192 62 98 0 0
193 63 98 0 0
194 64 98 0 0
195 63 98 0 0
196 63 97 0 0
197 64 97 0 0
198 63 97 0 0
199 64 97 0 0
200 65 97 0 0
201 64 97 0 0
202 65 97 0 0
203 66 97 0 0
204 65 97 0 0
205 66 97 0 0
206 65 97 0 0
207 65 96 0 0
208 66 96 0 0
209 67 96 0 0
210 66 96 0 0
211 67 96 0 0
212 66 96 0 0
213 67 96 0 0
214 68 96 0 0
215 67 96 0 0
216 68 96 0 0
217 67 96 0 0
218 67 95 0 0
219 68 95 0 0
220 69 95 0 0
221 68 95 0 0
222 69 95 0 0
223 68 95 0 0
224 69 95 0 0
225 70 95 0 0
226 69 95 0 0
227 69 94 0 0
228 70 94 0 0
229 69 94 0 0
230 70 94 0 0
231 71 94 0 0
232 70 94 0 0
233 71 94 0 0
234 70 94 0 0
235 71 94 0 0
236 70 94 0 0
237 71 94 0 0
238 70 94 0 0
239 71 94 0 0
240 70 94 0 0
241 71 94 0 0
242 72 94 0 0
243 71 94 0 0
244 72 94 0 0
245 71 94 0 0
246 72 94 0 0
247 71 94 0 0
248 72 94 0 0
249 73 94 0 0
250 72 94 0 0
251 72 93 0 0
252 73 93 0 0
253 72 93 0 0
254 73 93 0 0
255 74 93 0 0
256 73 93 0 0
257 74 93 0 0
258 73 93 0 0
259 73 92 0 0
260 74 92 0 0
261 75 92 0 0
262 74 92 0 0
263 75 92 0 0
264 74 92 0 0
265 75 92 0 0
266 76 92 0 0
267 75 92 0 0
268 76 92 0 0
269 75 92 0 0
270 76 92 0 0
271 75 92 0 0
272 76 92 0 0
273 75 92 0 0
274 76 92 0 0
275 75 92 0 0
276 76 92 0 0
277 77 92 0 0
278 76 92 0 0
279 77 92 0 0
280 76 92 0 0
281 77 92 0 0
282 76 92 0 0
283 76 91 0 0
284 77 91 0 0
285 76 91 0 0
286 77 91 0 0
287 78 91 0 0
288 77 91 0 0
289 77 90 0 0
290 78 90 0 0
291 77 90 0 0
292 78 90 0 0
293 79 90 0 0
294 78 90 0 0
295 78 89 0 0
296 79 89 0 0
297 78 89 0 0
298 79 89 0 0
299 78 89 0 0
300 79 89 0 0
301 79 88 0 0
302 80 88 0 0
303 79 88 0 0
304 80 88 0 0
305 79 88 0 0
306 80 88 0 0
307 79 88 0 0
308 80 88 0 0
309 81 88 0 0
310 80 88 0 0
311 81 88 0 0
312 80 88 0 0
313 81 88 0 0
314 82 88 0 0
315 81 88 0 0
316 82 88 0 0
317 81 88 0 0
318 82 88 0 0
319 83 88 0 0
320 82 88 0 0
321 83 88 0 0
322 82 88 0 0
323 82 87 0 0
324 83 87 0 0
325 82 87 0 0
326 83 87 0 0
327 84 87 0 0
328 83 87 0 0
329 84 87 0 0
330 83 87 0 0
331 84 87 0 0
332 85 87 0 0
333 84 87 0 0
334 85 87 0 0
335 84 87 0 0
336 85 87 0 0
337 84 87 0 0
338 85 87 0 0
339 86 87 0 0
340 85 87 0 0
341 86 87 0 0
342 85 87 0 0
343 86 87 0 0
344 86 86 0 0
345 87 86 0 0
346 86 86 0 0
347 87 86 0 0
348 86 86 0 0
349 87 86 0 0
350 86 86 0 0
351 87 86 0 0
352 88 86 0 0
353 87 86 0 0
354 88 86 0 0
355 87 86 0 0
356 88 86 0 0
357 89 86 0 0
358 88 86 0 0
359 89 86 0 0
360 88 86 0 0
361 89 86 0 0
362 90 86 0 0
363 89 86 0 0
364 90 86 0 0
365 89 86 0 0
366 90 86 0 0
367 89 86 0 0
368 89 85 0 0
369 90 85 0 0
370 91 85 0 0
371 90 85 0 0
372 91 85 0 0
373 90 85 0 0
374 91 85 0 0
375 92 85 0 0
376 91 85 0 0
377 92 85 0 0
378 91 85 0 0
379 92 85 0 0
380 91 85 0 0
381 92 85 0 0
382 93 85 0 0
383 92 85 0 0
384 93 85 0 0
385 92 85 0 0
386 93 85 0 0
387 92 85 0 0
388 93 85 0 0
389 94 85 0 0
390 93 85 0 0
391 93 84 0 0
392 94 84 0 0
393 93 84 0 0
394 94 84 0 0
395 95 84 0 0
396 94 84 0 0
397 95 84 0 0
398 94 84 0 0
399 95 84 0 0
400 94 84 0 0
401 95 84 0 0
402 96 84 0 0
403 95 84 0 0
404 96 84 0 0
405 95 84 0 0
406 96 84 0 0
407 97 84 0 0
408 96 84 0 0
409 97 84 0 0
410 96 84 0 0
411 97 84 0 0
412 96 84 0 0
413 97 84 0 0
414 98 84 0 0
415 97 84 0 0
416 97 83 0 0
417 98 83 0 0
418 97 83 0 0
419 98 83 0 0
420 99 83 0 0
421 98 83 0 0
422 99 83 0 0
423 98 83 0 0
424 99 83 0 0
425 98 83 0 0
426 99 83 0 0
427 100 83 0 0
428 99 83 0 0
429 100 83 0 0
430 99 83 0 0
431 100 83 0 0
432 99 83 0 0
433 100 83 0 0
434 99 83 0 0
435 100 83 0 0
436 101 83 0 0
437 100 83 0 0
438 101 83 0 0
439 100 83 0 0
440 101 83 0 0
441 102 83 0 0
442 101 83 0 0
443 102 83 0 0
444 101 83 0 0
445 102 83 0 0
446 101 83 0 0
447 102 83 0 0
448 101 83 0 0
449 102 83 0 0
450 103 83 0 0
451 102 83 0 0
452 103 83 0 0
453 102 83 0 0
454 103 83 0 0
455 102 83 0 0
456 103 83 0 0
457 104 83 0 0
458 103 83 0 0
459 104 83 0 0
460 103 83 0 0
461 104 83 0 0
462 105 83 0 0
463 104 83 0 0
464 104 84 0 0
465 105 84 0 0
466 104 84 0 0
467 105 84 0 0
468 104 84 0 0
469 105 84 0 0
470 106 84 0 0
471 105 84 0 0
472 106 84 0 0
473 105 84 0 0
474 106 84 0 0
475 106 85 0 0
476 107 85 0 0
477 106 85 0 0
478 107 85 0 0
479 108 85 0 0
480 107 85 0 0
481 108 85 0 0
482 107 85 0 0
483 108 85 0 0
484 109 85 0 0
485 108 85 0 0
486 109 85 0 0
487 109 86 0 0
488 110 86 0 0
489 109 86 0 0
490 110 86 0 0
491 109 86 0 0
492 110 86 0 0
493 111 86 0 0
494 110 86 0 0
495 111 86 0 0
496 110 86 0 0
497 111 86 0 0
498 112 86 0 0
499 111 86 0 0
500 111 87 0 0
501 112 87 0 0
502 111 87 0 0
503 112 87 0 0
504 113 87 0 0
505 112 87 0 0
506 113 87 0 0
507 112 87 0 0
508 113 87 0 0
509 114 87 0 0
510 113 87 0 0
511 114 87 0 0
512 113 87 0 0
513 114 87 0 0
514 115 87 0 0
515 114 87 0 0
516 115 87 0 0
517 114 87 0 0
518 114 88 0 0
519 115 88 0 0
520 116 88 0 0
521 115 88 0 0
522 116 88 0 0
523 115 88 0 0
524 116 88 0 0
525 117 88 0 0
526 116 88 0 0
527 117 88 0 0
528 116 88 0 0
529 117 88 0 0
530 118 88 0 0
531 117 88 0 0
532 118 88 0 0
533 119 88 0 0
534 118 88 0 0
535 118 89 0 0
536 119 89 0 0
537 118 89 0 0
538 119 89 0 0
539 118 89 0 0
540 119 89 0 0
541 120 89 0 0
542 119 89 0 0
543 120 89 0 0
544 119 89 0 0
545 120 89 0 0
546 121 89 0 0
547 120 89 0 0
548 121 89 0 0
549 120 89 0 0
550 121 89 0 0
551 122 89 0 0
552 121 89 0 0
553 121 90 0 0
554 122 90 0 0
555 121 90 0 0
556 122 90 0 0
557 123 90 0 0
558 122 90 0 0
559 123 90 0 0
560 122 90 0 0
561 123 90 0 0
562 122 90 0 0
563 123 90 0 0
564 124 90 0 0
565 123 90 0 0
566 124 90 0 0
567 125 90 0 0
568 124 90 0 0
569 125 90 0 0
570 124 90 0 0
571 125 90 0 0
572 124 90 0 0
573 125 90 0 0
574 125 91 0 0
575 126 91 0 0
576 125 91 0 0
577 126 91 0 0
578 125 91 0 0
579 126 91 0 0
580 127 91 0 0
581 126 91 0 0
582 127 91 0 0
583 126 91 0 0
584 127 91 0 0
585 128 91 0 0
586 127 91 0 0
587 128 91 0 0
588 127 91 0 0
589 128 91 0 0
590 127 91 0 0
591 128 91 0 0
592 129 91 0 0
593 128 91 0 0
594 129 91 0 0
595 129 92 0 0
596 130 92 0 0
597 129 92 0 0
598 130 92 0 0
599 129 92 0 0
600 130 92 0 0
601 129 92 0 0
602 130 92 0 0
603 131 92 0 0
604 130 92 0 0
605 131 92 0 0
606 132 92 0 0
607 131 92 0 0
608 132 92 0 0
609 131 92 0 0
610 131 93 0 0
611 132 93 0 0
612 131 93 0 0
613 132 93 0 0
614 133 93 0 0
615 132 93 0 0
616 133 93 0 0
617 132 93 0 0
618 133 93 0 0
619 134 93 0 0
620 133 93 0 0
621 133 94 0 0
622 134 94 0 0
623 135 94 0 0
624 134 94 0 0
625 135 94 0 0
626 134 94 0 0
627 135 94 0 0
628 134 94 0 0
629 135 94 0 0
630 136 94 0 0
631 135 94 0 0
632 135 95 0 0
633 136 95 0 0
634 137 95 0 0
635 136 95 0 0
636 137 95 0 0
637 136 95 0 0
638 137 95 0 0
639 136 95 0 0
640 137 95 0 0
641 138 95 0 0
642 137 95 0 0
643 137 96 0 0
644 138 96 0 0
645 139 96 0 0
646 138 96 0 0
647 139 96 0 0
648 138 96 0 0
649 139 96 0 0
650 140 96 0 0
651 139 96 0 0
652 140 96 0 0
653 141 96 0 0
654 140 96 0 0
655 141 96 0 0
656 142 96 0 0
657 141 96 0 0
658 142 96 0 0
659 141 96 0 0
660 141 97 0 0
661 142 97 0 0
662 143 97 0 0
663 142 97 0 0
664 143 97 0 0
665 142 97 0 0
666 143 97 0 0
667 144 97 0 0
668 143 97 0 0
669 144 97 0 0
670 145 97 0 0
671 144 97 0 0
672 145 97 0 0
673 144 97 0 0
674 145 97 0 0
675 146 97 0 0
676 145 97 0 0
677 146 97 0 0
678 145 97 0 0
679 146 97 0 0
680 147 97 0 0
681 146 97 0 0
682 147 97 0 0
683 148 97 0 0
684 147 97 0 0
685 148 97 0 0
686 147 97 0 0
687 148 97 0 0
688 149 97 0 0
689 148 97 0 0
690 149 97 0 0
691 148 97 0 0
692 149 97 0 0
693 150 97 0 0
694 149 97 0 0
695 150 97 0 0
696 149 97 0 0
697 150 97 0 0
698 151 97 0 0
699 150 97 0 0
700 151 97 0 0
701 152 97 0 0
702 151 97 0 0
703 152 97 0 0
704 151 97 0 0
705 152 97 0 0
706 153 97 0 0
707 152 97 0 0
708 153 97 0 0
709 152 97 0 0
710 153 97 0 0
711 154 97 0 0
712 153 97 0 0
713 154 97 0 0
714 155 97 0 0
715 154 97 0 0
716 155 97 0 0
717 156 97 0 0
718 155 97 0 0
719 156 97 0 0
720 155 97 0 0
721 156 97 0 0
722 157 97 0 0
723 158 97 0 0
724 157 97 0 0
725 158 97 0 0
726 157 97 0 0
727 158 97 0 0
728 159 97 0 0
729 158 97 0 0
730 159 97 0 0
731 160 97 0 0
732 159 97 0 0
733 160 97 0 0
734 161 97 0 0
735 160 97 0 0
736 161 97 0 0
737 160 97 0 0
738 161 97 0 0
739 162 97 0 0
740 161 97 0 0
741 161 98 0 0
742 162 98 0 0
743 163 98 0 0
744 162 98 0 0
745 163 98 0 0
746 162 98 0 0
747 163 98 0 0
748 164 98 0 0
749 163 98 0 0
750 164 98 0 0
751 163 98 0 0
752 164 98 0 0
753 165 98 0 0
754 164 98 0 0
755 165 98 0 0
756 166 98 0 0
757 165 98 0 0
758 166 98 0 0
759 165 98 0 0
760 166 98 0 0
761 165 98 0 0
762 166 98 0 0
763 166 99 0 0
764 167 99 0 0
765 166 99 0 0
766 167 99 0 0
767 166 99 0 0
768 167 99 0 0
769 168 99 0 0
770 167 99 0 0
771 168 99 0 0
772 169 99 0 0
773 168 99 0 0
774 169 99 0 0
775 168 99 0 0
776 169 99 0 0
777 170 99 0 0
778 171 99 0 0
779 170 99 0 0
780 171 99 0 0
781 172 99 0 0
782 171 99 0 0
783 172 99 0 0
784 172 100 0 0
785 173 100 0 0
786 172 100 0 0
787 173 100 0 0
788 174 100 0 0
789 173 100 0 0
790 174 100 0 0
791 173 100 0 0
792 174 100 0 0
793 175 100 0 0
794 176 100 0 0
795 175 100 0 0
796 176 100 0 0
797 177 100 0 0
798 176 100 0 0
799 177 100 0 0
800 178 100 0 0
801 177 100 0 0
802 178 100 0 0
803 179 100 0 0
804 178 100 0 0
805 179 100 0 0
806 178 100 0 0
807 179 100 0 0
808 180 100 0 0
809 179 100 0 0
810 180 100 0 0
811 181 100 0 0
812 180 100 0 0
813 181 100 0 0
814 182 100 0 0
815 181 100 0 0
816 182 100 0 0
817 183 100 0 0
818 182 100 0 0
819 183 100 0 0
820 182 100 0 0
821 183 100 0 0
822 184 100 0 0
823 183 100 0 0
824 184 100 0 0
825 183 100 0 0
826 184 100 0 0
827 185 100 0 0
828 184 100 0 0
829 185 100 0 0
830 186 100 0 0
831 185 100 0 0
832 186 100 0 0
833 187 100 0 0
834 186 100 0 0
835 187 100 0 0
836 186 100 0 0
837 187 100 0 0
838 188 100 0 0
839 187 100 0 0
840 188 100 0 0
841 189 100 0 0
842 188 100 0 0
843 189 100 0 0
844 188 100 0 0
845 189 100 0 0
846 190 100 0 0
847 189 100 0 0
848 190 100 0 0
849 191 100 0 0
850 190 100 0 0
851 191 100 0 0
852 190 100 0 0
853 191 100 0 0
854 192 100 0 0
855 191 100 0 0
856 192 100 0 0
857 193 100 0 0
858 192 100 0 0
859 193 100 0 0
860 192 100 0 0
861 193 100 0 0
862 194 100 0 0
863 193 100 0 0
864 194 100 0 0
865 193 100 0 0
866 194 100 0 0
867 195 100 0 0
868 194 100 0 0
869 195 100 0 0
