0 1 100 0 0
1 2 100 0 0
2 3 100 0 0
3 4 100 0 0
4 5 100 0 0
5 6 100 0 0
6 7 100 0 0
7 8 100 0 0
8 9 100 0 0
9 10 100 0 0
10 11 100 0 0
11 12 100 0 0
12 13 100 0 0
13 14 100 0 0
14 15 100 0 0
15 16 100 0 0
16 17 100 0 0
17 18 100 0 0
18 19 100 0 0
19 20 100 0 0
20 21 100 0 0
21 22 100 0 0
22 23 100 0 0
23 24 100 0 0
24 25 100 0 0
25 26 100 0 0
26 27 100 0 0
27 28 100 0 0
28 29 100 0 0
29 30 100 0 0
30 31 100 0 0
31 32 100 0 0
32 33 100 0 0
33 34 100 0 0
34 35 100 0 0
35 36 100 0 0
36 37 100 0 0
37 38 100 0 0
38 38 101 0 0
39 39 101 0 0
40 40 101 0 0
41 41 101 0 0
42 42 101 0 0
43 43 101 0 0
44 44 101 0 0
45 45 101 0 0
46 46 101 0 0
47 47 101 0 0
48 48 101 0 0
49 49 101 0 0
50 50 101 0 0
51 51 101 0 0
52 52 101 0 0
53 53 101 0 0
54 54 101 0 0
55 55 101 0 0
56 56 101 0 0
57 57 101 0 0
58 58 101 0 0
59 59 101 0 0
60 60 101 0 0
61 61 101 0 0
62 61 100 0 0
63 62 100 0 0
64 63 100 0 0
65 64 100 0 0
66 65 100 0 0
67 66 100 0 0
68 66 99 0 0
69 67 99 0 0
70 68 99 0 0
71 69 99 0 0
72 70 99 0 0
73 71 99 0 0
74 71 98 0 0
75 72 98 0 0
76 73 98 0 0
77 73 97 0 0
78 74 97 0 0
79 75 97 0 0
80 75 96 0 0
81 76 96 0 0
82 77 96 0 0
83 77 95 0 0
84 78 95 0 0
85 78 94 0 0
86 79 94 0 0
87 80 94 0 0
88 80 93 0 0
89 81 93 0 0
90 81 92 0 0
91 82 92 0 0
92 83 92 0 0
93 84 92 0 0
94 85 92 0 0
95 85 91 0 0
96 86 91 0 0
97 87 91 0 0
98 88 91 0 0
99 89 91 0 0
100 90 91 0 0
101 90 90 0 0
102 91 90 0 0
103 92 90 0 0
104 93 90 0 0
105 94 90 0 0
106 94 89 0 0
107 95 89 0 0
108 96 89 0 0
109 97 89 0 0
110 98 89 0 0
111 98 88 0 0
112 99 88 0 0
113 100 88 0 0
114 101 88 0 0
115 102 88 0 0
116 102 89 0 0
117 103 89 0 0
118 103 90 0 0
119 104 90 0 0
120 105 90 0 0
121 105 91 0 0
122 106 91 0 0
123 106 92 0 0
124 107 92 0 0
125 107 93 0 0
126 108 93 0 0
127 108 94 0 0
128 108 95 0 0
129 109 95 0 0
130 109 96 0 0
131 110 96 0 0
132 110 97 0 0
133 110 98 0 0
134 111 98 0 0
135 111 99 0 0
136 111 100 0 0
137 111 101 0 0
138 112 101 0 0
139 112 102 0 0
140 112 103 0 0
141 112 104 0 0
142 113 104 0 0
143 113 105 0 0
144 113 106 0 0
145 114 106 0 0
146 114 107 0 0
147 114 108 0 0
148 114 109 0 0
149 114 110 0 0
150 114 111 0 0
151 114 112 0 0
152 115 112 0 0
153 115 113 0 0
154 115 114 0 0
155 115 115 0 0
156 115 116 0 0
157 115 117 0 0
158 116 117 0 0
159 116 118 0 0
160 116 119 0 0
161 116 120 0 0
162 116 121 0 0
163 116 122 0 0
164 116 123 0 0
165 116 124 0 0
166 116 125 0 0
167 116 126 0 0
168 116 127 0 0
169 116 128 0 0
170 116 129 0 0
171 116 130 0 0
172 116 131 0 0
173 116 132 0 0
174 116 133 0 0
175 115 133 0 0
176 115 134 0 0
177 115 135 0 0
178 115 136 0 0
179 115 137 0 0
180 115 138 0 0
181 115 139 0 0
182 115 140 0 0
183 115 141 0 0
184 115 142 0 0
185 115 143 0 0
186 115 144 0 0
187 115 145 0 0
188 114 145 0 0
189 114 146 0 0
190 114 147 0 0
191 114 148 0 0
192 114 149 0 0
193 114 150 0 0
194 114 151 0 0
195 114 152 0 0
196 114 153 0 0
197 114 154 0 0
198 114 155 0 0
199 115 155 0 0
200 115 156 0 0
201 115 157 0 0
202 115 158 0 0
203 115 159 0 0
204 116 159 0 0
205 116 160 0 0
206 116 161 0 0
207 116 162 0 0
208 116 163 0 0
209 116 164 0 0
210 116 165 0 0
211 117 165 0 0
212 117 166 0 0
213 117 167 0 0
214 117 168 0 0
215 117 169 0 0
216 118 169 0 0
217 118 170 0 0
218 118 171 0 0
219 118 172 0 0
220 118 173 0 0
221 118 174 0 0
222 118 175 0 0
223 119 175 0 0
224 119 176 0 0
225 119 177 0 0
226 119 178 0 0
227 119 179 0 0
228 119 180 0 0
229 119 181 0 0
230 120 181 0 0
231 120 182 0 0
232 120 183 0 0
233 120 184 0 0
234 120 185 0 0
235 120 186 0 0
236 121 186 0 0
237 121 187 0 0
238 121 188 0 0
239 121 189 0 0
240 121 190 0 0
241 121 191 0 0
242 121 192 0 0
243 122 192 0 0
244 122 193 0 0
245 122 194 0 0
246 122 195 0 0
247 122 196 0 0
248 122 197 0 0
249 122 198 0 0
250 123 198 0 0
251 123 199 0 0
252 123 200 0 0
253 123 201 0 0
254 123 202 0 0
255 123 203 0 0
256 124 203 0 0
257 124 204 0 0
258 124 205 0 0
259 124 206 0 0
260 124 207 0 0
261 124 208 0 0
262 124 209 0 0
263 124 210 0 0
264 125 210 0 0
265 125 211 0 0
266 125 212 0 0
267 125 213 0 0
268 125 214 0 0
269 125 215 0 0
270 125 216 0 0
271 125 217 0 0
272 125 218 0 0
273 125 219 0 0
274 125 220 0 0
275 125 221 0 0
276 125 222 0 0
277 125 223 0 0
278 125 224 0 0
279 125 225 0 0
280 125 226 0 0
281 125 227 0 0
282 125 228 0 0
283 125 229 0 0
284 125 230 0 0
285 125 231 0 0
286 125 232 0 0
287 125 233 0 0
288 125 234 0 0
289 125 235 0 0
