0 4 97 0 0
1 4 98 0 0
2 5 98 0 0
3 6 98 0 0
4 7 98 0 0
5 8 98 0 0
6 9 98 0 0
7 10 98 0 0
8 11 98 0 0
9 12 98 0 0
10 13 98 0 0
11 14 98 0 0
12 14 99 0 0
13 15 99 0 0
14 16 99 0 0
15 16 100 0 0
16 17 100 0 0
17 18 100 0 0
18 19 100 0 0
19 19 99 0 0
20 20 99 0 0
21 21 99 0 0
22 22 99 0 0
23 23 99 0 0
24 24 99 0 0
25 24 98 0 0
26 24 99 0 0
27 25 99 0 0
28 26 99 0 0
29 27 99 0 0
30 28 99 0 0
31 29 99 0 0
32 30 99 0 0
33 31 99 0 0
34 32 99 0 0
35 33 99 0 0
36 34 99 0 0
37 34 100 0 0
38 35 100 0 0
39 36 100 0 0
40 37 100 0 0
41 38 100 0 0
42 39 100 0 0
43 40 100 0 0
44 40 99 0 0
45 41 99 0 0
46 42 99 0 0
47 42 98 0 0
48 43 98 0 0
49 44 98 0 0
50 45 98 0 0
51 46 98 0 0
52 47 98 0 0
53 48 98 0 0
54 48 97 0 0
55 48 98 0 0
56 49 98 0 0
57 50 98 0 0
58 51 98 0 0
59 51 99 0 0
60 52 99 0 0
61 53 99 0 0
62 54 99 0 0
63 55 99 0 0
64 56 99 0 0
65 57 99 0 0
66 58 99 0 0
67 59 99 0 0
68 60 99 0 0
69 61 99 0 0
70 61 98 0 0
71 62 98 0 0
72 63 98 0 0
73 64 98 0 0
74 65 98 0 0
75 66 98 0 0
76 67 98 0 0
77 68 98 0 0
78 69 98 0 0
79 69 97 0 0
80 70 97 0 0
81 71 97 0 0
82 72 97 0 0
83 73 97 0 0
84 73 96 0 0
85 74 96 0 0
86 74 95 0 0
87 75 95 0 0
88 75 94 0 0
89 76 94 0 0
90 76 93 0 0
91 77 93 0 0
92 77 92 0 0
93 78 92 0 0
94 79 92 0 0
95 79 91 0 0
96 80 91 0 0
97 81 91 0 0
98 81 90 0 0
99 82 90 0 0
100 82 89 0 0
101 83 89 0 0
102 84 89 0 0
103 84 88 0 0
104 85 88 0 0
105 86 88 0 0
106 87 88 0 0
107 87 87 0 0
108 88 87 0 0
109 89 87 0 0
110 90 87 0 0
111 90 86 0 0
112 91 86 0 0
113 92 86 0 0
114 92 85 0 0
115 93 85 0 0
116 94 85 0 0
117 95 85 0 0
118 95 84 0 0
119 96 84 0 0
120 97 84 0 0
121 98 84 0 0
122 99 84 0 0
123 99 83 0 0
124 100 83 0 0
125 101 83 0 0
126 102 83 0 0
127 103 83 0 0
128 104 83 0 0
129 105 83 0 0
130 105 82 0 0
131 105 83 0 0
132 106 83 0 0
133 107 83 0 0
134 107 84 0 0
135 108 84 0 0
136 109 84 0 0
137 109 85 0 0
138 110 85 0 0
139 111 85 0 0
140 111 86 0 0
141 112 86 0 0
142 112 87 0 0
143 113 87 0 0
144 113 88 0 0
145 114 88 0 0
146 114 89 0 0
147 114 90 0 0
148 114 91 0 0
149 115 91 0 0
150 115 92 0 0
151 115 93 0 0
152 115 94 0 0
153 116 94 0 0
154 116 95 0 0
155 116 96 0 0
156 116 97 0 0
157 117 97 0 0
158 117 98 0 0
159 117 99 0 0
160 118 99 0 0
161 118 100 0 0
162 118 101 0 0
163 118 102 0 0
164 119 102 0 0
165 119 103 0 0
166 119 104 0 0
167 119 105 0 0
168 119 106 0 0
169 119 107 0 0
170 119 108 0 0
171 119 109 0 0
172 119 110 0 0
173 119 111 0 0
174 119 112 0 0
175 119 113 0 0
176 119 114 0 0
177 118 114 0 0
178 118 115 0 0
179 118 116 0 0
180 118 117 0 0
181 118 118 0 0
182 118 119 0 0
183 118 120 0 0
184 118 121 0 0
185 118 122 0 0
186 118 123 0 0
187 117 123 0 0
188 117 124 0 0
189 117 125 0 0
190 117 126 0 0
191 117 127 0 0
192 117 128 0 0
193 117 129 0 0
194 117 130 0 0
195 117 131 0 0
196 117 132 0 0
197 117 133 0 0
198 117 134 0 0
199 117 135 0 0
200 117 136 0 0
201 116 136 0 0
202 116 137 0 0
203 116 138 0 0
204 116 139 0 0
205 116 140 0 0
206 116 141 0 0
207 115 141 0 0
208 115 142 0 0
209 115 143 0 0
210 115 144 0 0
211 115 145 0 0
212 115 146 0 0
213 115 147 0 0
214 115 148 0 0
215 114 148 0 0
216 114 149 0 0
217 114 150 0 0
218 114 151 0 0
219 114 152 0 0
220 114 153 0 0
221 114 154 0 0
222 114 155 0 0
223 114 156 0 0
224 114 157 0 0
225 114 158 0 0
226 114 159 0 0
227 114 160 0 0
228 114 161 0 0
229 114 162 0 0
230 114 163 0 0
231 115 163 0 0
232 115 164 0 0
233 115 165 0 0
234 115 166 0 0
235 115 167 0 0
236 115 168 0 0
237 116 168 0 0
238 116 169 0 0
239 116 170 0 0
240 116 171 0 0
241 116 172 0 0
242 117 172 0 0
243 117 173 0 0
244 117 174 0 0
245 117 175 0 0
246 117 176 0 0
247 118 176 0 0
248 118 177 0 0
249 119 177 0 0
250 119 178 0 0
251 119 179 0 0
252 120 179 0 0
253 120 180 0 0
254 120 181 0 0
255 121 181 0 0
256 121 182 0 0
257 121 183 0 0
258 122 183 0 0
259 122 184 0 0
260 122 185 0 0
261 122 186 0 0
262 122 187 0 0
263 123 187 0 0
264 123 188 0 0
265 123 189 0 0
266 123 190 0 0
267 123 191 0 0
268 124 191 0 0
269 124 192 0 0
270 124 193 0 0
271 124 194 0 0
272 124 195 0 0
273 124 196 0 0
274 125 196 0 0
275 125 197 0 0
276 125 198 0 0
277 125 199 0 0
278 125 200 0 0
279 126 200 0 0
280 126 201 0 0
281 126 202 0 0
282 126 203 0 0
283 126 204 0 0
284 126 205 0 0
285 126 206 0 0
286 126 207 0 0
287 126 208 0 0
288 126 209 0 0
289 126 210 0 0
290 126 211 0 0
291 126 212 0 0
292 126 213 0 0
293 126 214 0 0
294 126 215 0 0
295 126 216 0 0
296 126 217 0 0
297 126 218 0 0
298 126 219 0 0
299 126 220 0 0
300 126 221 0 0
301 126 222 0 0
302 126 223 0 0
303 126 224 0 0
304 127 224 0 0
305 127 225 0 0
306 127 226 0 0
307 127 227 0 0
308 127 228 0 0
309 127 229 0 0
310 126 229 0 0
311 126 230 0 0
312 126 231 0 0
313 126 232 0 0
314 126 233 0 0
315 125 233 0 0
