0 1 97 0 0
1 1 98 0 0
2 2 98 0 0
3 1 98 0 0
4 2 98 0 0
5 3 98 0 0
6 2 98 0 0
7 3 98 0 0
8 4 98 0 0
9 3 98 0 0
10 4 98 0 0
11 3 98 0 0
12 4 98 0 0
13 5 98 0 0
14 4 98 0 0
15 5 98 0 0
16 6 98 0 0
17 5 98 0 0
18 6 98 0 0
19 5 98 0 0
20 6 98 0 0
21 7 98 0 0
22 6 98 0 0
23 7 98 0 0
24 8 98 0 0
25 7 98 0 0
26 8 98 0 0
27 9 98 0 0
28 8 98 0 0
29 9 98 0 0
30 8 98 0 0
31 9 98 0 0
32 10 98 0 0
33 9 98 0 0
34 10 98 0 0
35 11 98 0 0
36 10 98 0 0
37 11 98 0 0
38 12 98 0 0
39 11 98 0 0
40 12 98 0 0
41 13 98 0 0
42 12 98 0 0
43 13 98 0 0
44 12 98 0 0
45 13 98 0 0
46 14 98 0 0
47 13 98 0 0
48 14 98 0 0
49 15 98 0 0
50 14 98 0 0
51 15 98 0 0
52 14 98 0 0
53 15 98 0 0
54 16 98 0 0
55 15 98 0 0
56 16 98 0 0
57 17 98 0 0
58 16 98 0 0
59 17 98 0 0
60 17 99 0 0
61 18 99 0 0
62 17 99 0 0
63 18 99 0 0
64 17 99 0 0
65 18 99 0 0
66 19 99 0 0
67 18 99 0 0
68 19 99 0 0
69 20 99 0 0
70 19 99 0 0
71 20 99 0 0
72 21 99 0 0
73 20 99 0 0
74 21 99 0 0
75 20 99 0 0
76 21 99 0 0
77 22 99 0 0
78 21 99 0 0
79 22 99 0 0
80 23 99 0 0
81 22 99 0 0
82 23 99 0 0
83 22 99 0 0
84 23 99 0 0
85 24 99 0 0
86 23 99 0 0
87 24 99 0 0
88 23 99 0 0
89 24 99 0 0
90 25 99 0 0
91 24 99 0 0
92 25 99 0 0
93 26 99 0 0
94 25 99 0 0
95 26 99 0 0
96 25 99 0 0
97 26 99 0 0
98 27 99 0 0
99 26 99 0 0
100 27 99 0 0
101 26 99 0 0
102 27 99 0 0
103 28 99 0 0
104 27 99 0 0
105 28 99 0 0
106 29 99 0 0
107 28 99 0 0
108 29 99 0 0
109 28 99 0 0
110 29 99 0 0
111 30 99 0 0
112 29 99 0 0
113 30 99 0 0
114 31 99 0 0
115 30 99 0 0
116 31 99 0 0
117 30 99 0 0
118 31 99 0 0
119 32 99 0 0
120 31 99 0 0
121 32 99 0 0
122 31 99 0 0
123 32 99 0 0
124 32 98 0 0
125 33 98 0 0
126 32 98 0 0
127 33 98 0 0
128 32 98 0 0
129 33 98 0 0
130 34 98 0 0
131 33 98 0 0
132 34 98 0 0
133 33 98 0 0
134 34 98 0 0
135 35 98 0 0
136 34 98 0 0
137 35 98 0 0
138 36 98 0 0
139 35 98 0 0
140 36 98 0 0
141 35 98 0 0
142 36 98 0 0
143 37 98 0 0
144 36 98 0 0
145 37 98 0 0
146 36 98 0 0
147 37 98 0 0
148 38 98 0 0
149 37 98 0 0
150 38 98 0 0
151 39 98 0 0
152 38 98 0 0
153 39 98 0 0
154 38 98 0 0
155 39 98 0 0
156 40 98 0 0
157 39 98 0 0
158 40 98 0 0
159 41 98 0 0
160 40 98 0 0
161 41 98 0 0
162 40 98 0 0
163 41 98 0 0
164 42 98 0 0
165 41 98 0 0
166 42 98 0 0
167 41 98 0 0
168 42 98 0 0
169 43 98 0 0
170 42 98 0 0
171 43 98 0 0
172 42 98 0 0
173 43 98 0 0
174 44 98 0 0
175 43 98 0 0
176 44 98 0 0
177 43 98 0 0
178 44 98 0 0
179 45 98 0 0
180 44 98 0 0
181 45 98 0 0
182 46 98 0 0
183 45 98 0 0
184 46 98 0 0
185 45 98 0 0
186 46 98 0 0
187 47 98 0 0
188 46 98 0 0
189 47 98 0 0
190 46 98 0 0
191 47 98 0 0
192 48 98 0 0
193 47 98 0 0
194 48 98 0 0
195 49 98 0 0
196 48 98 0 0
197 49 98 0 0
198 48 98 0 0
199 49 98 0 0
200 50 98 0 0
201 49 98 0 0
202 50 98 0 0
203 51 98 0 0
204 50 98 0 0
205 51 98 0 0
206 50 98 0 0
207 51 98 0 0
208 52 98 0 0
209 51 98 0 0
210 52 98 0 0
211 52 97 0 0
212 53 97 0 0
213 52 97 0 0
214 52 98 0 0
215 53 98 0 0
216 52 98 0 0
217 53 98 0 0
218 54 98 0 0
219 53 98 0 0
220 54 98 0 0
221 53 98 0 0
222 54 98 0 0
223 55 98 0 0
224 54 98 0 0
225 55 98 0 0
226 56 98 0 0
227 55 98 0 0
228 56 98 0 0
229 57 98 0 0
230 56 98 0 0
231 57 98 0 0
232 56 98 0 0
233 57 98 0 0
234 58 98 0 0
235 57 98 0 0
236 58 98 0 0
237 59 98 0 0
238 58 98 0 0
239 59 98 0 0
240 60 98 0 0
241 59 98 0 0
242 60 98 0 0
243 61 98 0 0
244 60 98 0 0
245 61 98 0 0
246 60 98 0 0
247 61 98 0 0
248 62 98 0 0
249 61 98 0 0
250 62 98 0 0
251 61 98 0 0
252 61 97 0 0
253 62 97 0 0
254 63 97 0 0
255 62 97 0 0
256 63 97 0 0
257 62 97 0 0
258 63 97 0 0
259 64 97 0 0
260 63 97 0 0
261 64 97 0 0
262 63 97 0 0
263 64 97 0 0
264 65 97 0 0
265 64 97 0 0
266 65 97 0 0
267 64 97 0 0
268 65 97 0 0
269 66 97 0 0
270 65 97 0 0
271 65 96 0 0
272 66 96 0 0
273 65 96 0 0
274 66 96 0 0
275 67 96 0 0
276 66 96 0 0
277 67 96 0 0
278 66 96 0 0
279 67 96 0 0
280 68 96 0 0
281 67 96 0 0
282 68 96 0 0
283 67 96 0 0
284 68 96 0 0
285 69 96 0 0
286 68 96 0 0
287 69 96 0 0
288 68 96 0 0
289 69 96 0 0
290 70 96 0 0
291 69 96 0 0
292 69 95 0 0
293 70 95 0 0
294 69 95 0 0
295 70 95 0 0
296 71 95 0 0
297 70 95 0 0
298 71 95 0 0
299 72 95 0 0
300 71 95 0 0
301 72 95 0 0
302 71 95 0 0
303 71 94 0 0
304 72 94 0 0
305 71 94 0 0
306 72 94 0 0
307 73 94 0 0
308 72 94 0 0
309 73 94 0 0
310 72 94 0 0
311 73 94 0 0
312 72 94 0 0
313 73 94 0 0
314 73 93 0 0
315 74 93 0 0
316 73 93 0 0
317 74 93 0 0
318 75 93 0 0
319 74 93 0 0
320 75 93 0 0
321 74 93 0 0
322 75 93 0 0
323 74 93 0 0
324 75 93 0 0
325 75 92 0 0
326 76 92 0 0
327 75 92 0 0
328 76 92 0 0
329 75 92 0 0
330 76 92 0 0
331 77 92 0 0
332 76 92 0 0
333 77 92 0 0
334 76 92 0 0
335 77 92 0 0
336 77 91 0 0
337 78 91 0 0
338 77 91 0 0
339 78 91 0 0
340 77 91 0 0
341 78 91 0 0
342 79 91 0 0
343 78 91 0 0
344 79 91 0 0
345 78 91 0 0
346 79 91 0 0
347 78 91 0 0
348 78 90 0 0
349 79 90 0 0
350 80 90 0 0
351 79 90 0 0
352 80 90 0 0
353 79 90 0 0
354 80 90 0 0
355 81 90 0 0
356 80 90 0 0
357 81 90 0 0
358 80 90 0 0
359 81 90 0 0
360 81 89 0 0
361 82 89 0 0
362 81 89 0 0
363 82 89 0 0
364 81 89 0 0
365 82 89 0 0
366 81 89 0 0
367 82 89 0 0
368 83 89 0 0
369 82 89 0 0
370 83 89 0 0
371 82 89 0 0
372 83 89 0 0
373 84 89 0 0
374 83 89 0 0
375 83 88 0 0
376 84 88 0 0
377 83 88 0 0
378 84 88 0 0
379 85 88 0 0
380 84 88 0 0
381 85 88 0 0
382 84 88 0 0
383 85 88 0 0
384 84 88 0 0
385 85 88 0 0
386 86 88 0 0
387 85 88 0 0
388 85 87 0 0
389 86 87 0 0
390 85 87 0 0
391 86 87 0 0
392 87 87 0 0
393 86 87 0 0
394 87 87 0 0
395 86 87 0 0
396 87 87 0 0
397 88 87 0 0
398 87 87 0 0
399 88 87 0 0
400 87 87 0 0
401 88 87 0 0
402 87 87 0 0
403 87 86 0 0
404 88 86 0 0
405 89 86 0 0
406 88 86 0 0
407 89 86 0 0
408 90 86 0 0
409 89 86 0 0
410 90 86 0 0
411 89 86 0 0
412 90 86 0 0
413 89 86 0 0
414 90 86 0 0
415 91 86 0 0
416 90 86 0 0
417 91 86 0 0
418 92 86 0 0
419 91 86 0 0
420 92 86 0 0
421 91 86 0 0
422 92 86 0 0
423 91 86 0 0
424 92 86 0 0
425 93 86 0 0
426 92 86 0 0
427 93 86 0 0
428 92 86 0 0
429 93 86 0 0
430 94 86 0 0
431 93 86 0 0
432 94 86 0 0
433 93 86 0 0
434 94 86 0 0
435 95 86 0 0
436 94 86 0 0
437 95 86 0 0
438 94 86 0 0
439 94 85 0 0
440 95 85 0 0
441 96 85 0 0
442 95 85 0 0
443 96 85 0 0
444 95 85 0 0
445 96 85 0 0
446 97 85 0 0
447 96 85 0 0
448 97 85 0 0
449 96 85 0 0
450 97 85 0 0
451 98 85 0 0
452 97 85 0 0
453 98 85 0 0
454 97 85 0 0
455 98 85 0 0
456 99 85 0 0
457 98 85 0 0
458 99 85 0 0
459 98 85 0 0
460 99 85 0 0
461 100 85 0 0
462 99 85 0 0
463 100 85 0 0
464 99 85 0 0
465 100 85 0 0
466 99 85 0 0
467 100 85 0 0
468 101 85 0 0
469 100 85 0 0
470 101 85 0 0
471 102 85 0 0
472 101 85 0 0
473 102 85 0 0
474 101 85 0 0
475 102 85 0 0
476 101 85 0 0
477 102 85 0 0
478 103 85 0 0
479 102 85 0 0
480 103 85 0 0
481 102 85 0 0
482 103 85 0 0
483 104 85 0 0
484 103 85 0 0
485 104 85 0 0
486 103 85 0 0
487 104 85 0 0
488 105 85 0 0
489 104 85 0 0
490 105 85 0 0
491 104 85 0 0
492 105 85 0 0
493 106 85 0 0
494 105 85 0 0
495 106 85 0 0
496 105 85 0 0
497 106 85 0 0
498 106 84 0 0
499 107 84 0 0
500 106 84 0 0
501 107 84 0 0
502 106 84 0 0
503 107 84 0 0
504 108 84 0 0
505 107 84 0 0
506 108 84 0 0
507 107 84 0 0
508 108 84 0 0
509 109 84 0 0
510 108 84 0 0
511 109 84 0 0
512 108 84 0 0
513 109 84 0 0
514 110 84 0 0
515 109 84 0 0
516 110 84 0 0
517 109 84 0 0
518 110 84 0 0
519 111 84 0 0
520 110 84 0 0
521 111 84 0 0
522 110 84 0 0
523 111 84 0 0
524 112 84 0 0
525 111 84 0 0
526 112 84 0 0
527 111 84 0 0
528 112 84 0 0
529 113 84 0 0
530 112 84 0 0
531 113 84 0 0
532 112 84 0 0
533 113 84 0 0
534 112 84 0 0
535 112 85 0 0
536 113 85 0 0
537 114 85 0 0
538 113 85 0 0
539 114 85 0 0
540 113 85 0 0
541 114 85 0 0
542 115 85 0 0
543 114 85 0 0
544 115 85 0 0
545 114 85 0 0
546 115 85 0 0
547 115 86 0 0
548 116 86 0 0
549 115 86 0 0
550 116 86 0 0
551 115 86 0 0
552 116 86 0 0
553 117 86 0 0
554 116 86 0 0
555 117 86 0 0
556 116 86 0 0
557 117 86 0 0
558 117 87 0 0
559 118 87 0 0
560 117 87 0 0
561 118 87 0 0
562 117 87 0 0
563 118 87 0 0
564 119 87 0 0
565 118 87 0 0
566 119 87 0 0
567 118 87 0 0
568 119 87 0 0
569 120 87 0 0
570 119 87 0 0
571 119 88 0 0
572 120 88 0 0
573 119 88 0 0
574 120 88 0 0
575 119 88 0 0
576 120 88 0 0
577 121 88 0 0
578 120 88 0 0
579 121 88 0 0
580 120 88 0 0
581 121 88 0 0
582 122 88 0 0
583 121 88 0 0
584 121 89 0 0
585 122 89 0 0
586 121 89 0 0
587 122 89 0 0
588 123 89 0 0
589 122 89 0 0
590 123 89 0 0
591 122 89 0 0
592 123 89 0 0
593 124 89 0 0
594 123 89 0 0
595 124 89 0 0
596 123 89 0 0
597 124 89 0 0
598 125 89 0 0
599 124 89 0 0
600 125 89 0 0
601 124 89 0 0
602 125 89 0 0
603 126 89 0 0
604 125 89 0 0
605 126 89 0 0
606 125 89 0 0
607 126 89 0 0
608 127 89 0 0
609 126 89 0 0
610 127 89 0 0
611 126 89 0 0
612 127 89 0 0
613 128 89 0 0
614 127 89 0 0
615 128 89 0 0
616 127 89 0 0
617 128 89 0 0
618 128 90 0 0
619 129 90 0 0
620 128 90 0 0
621 129 90 0 0
622 128 90 0 0
623 129 90 0 0
624 130 90 0 0
625 129 90 0 0
626 130 90 0 0
627 129 90 0 0
628 130 90 0 0
629 131 90 0 0
630 130 90 0 0
631 131 90 0 0
632 130 90 0 0
633 131 90 0 0
634 132 90 0 0
635 131 90 0 0
636 132 90 0 0
637 131 90 0 0
638 132 90 0 0
639 133 90 0 0
640 132 90 0 0
641 133 90 0 0
642 132 90 0 0
643 133 90 0 0
644 134 90 0 0
645 133 90 0 0
646 134 90 0 0
647 133 90 0 0
648 134 90 0 0
649 135 90 0 0
650 134 90 0 0
651 135 90 0 0
652 134 90 0 0
653 134 91 0 0
654 135 91 0 0
655 136 91 0 0
656 135 91 0 0
657 136 91 0 0
658 135 91 0 0
659 136 91 0 0
660 137 91 0 0
661 136 91 0 0
662 137 91 0 0
663 136 91 0 0
664 137 91 0 0
665 138 91 0 0
666 137 91 0 0
667 138 91 0 0
668 139 91 0 0
669 138 91 0 0
670 139 91 0 0
671 138 91 0 0
672 139 91 0 0
673 138 91 0 0
674 139 91 0 0
675 140 91 0 0
676 139 91 0 0
677 140 91 0 0
678 139 91 0 0
679 140 91 0 0
680 141 91 0 0
681 140 91 0 0
682 141 91 0 0
683 140 91 0 0
684 141 91 0 0
685 142 91 0 0
686 141 91 0 0
687 141 92 0 0
688 142 92 0 0
689 141 92 0 0
690 142 92 0 0
691 143 92 0 0
692 142 92 0 0
693 143 92 0 0
694 142 92 0 0
695 143 92 0 0
696 144 92 0 0
697 143 92 0 0
698 144 92 0 0
699 143 92 0 0
700 144 92 0 0
701 145 92 0 0
702 144 92 0 0
703 145 92 0 0
704 144 92 0 0
705 145 92 0 0
706 146 92 0 0
707 145 92 0 0
708 146 92 0 0
709 145 92 0 0
710 146 92 0 0
711 147 92 0 0
712 146 92 0 0
713 147 92 0 0
714 146 92 0 0
715 147 92 0 0
716 148 92 0 0
717 147 92 0 0
718 148 92 0 0
719 147 92 0 0
720 148 92 0 0
721 148 93 0 0
722 149 93 0 0
723 148 93 0 0
724 149 93 0 0
725 150 93 0 0
726 149 93 0 0
727 150 93 0 0
728 149 93 0 0
729 150 93 0 0
730 151 93 0 0
731 150 93 0 0
732 151 93 0 0
733 152 93 0 0
734 151 93 0 0
735 152 93 0 0
736 153 93 0 0
737 152 93 0 0
738 152 94 0 0
739 153 94 0 0
740 152 94 0 0
741 153 94 0 0
742 154 94 0 0
743 153 94 0 0
744 154 94 0 0
745 155 94 0 0
746 154 94 0 0
747 155 94 0 0
748 156 94 0 0
749 155 94 0 0
750 156 94 0 0
751 157 94 0 0
752 156 94 0 0
753 157 94 0 0
754 156 94 0 0
755 156 95 0 0
756 157 95 0 0
757 158 95 0 0
758 157 95 0 0
759 158 95 0 0
760 159 95 0 0
761 158 95 0 0
762 159 95 0 0
763 158 95 0 0
764 159 95 0 0
765 160 95 0 0
766 159 95 0 0
767 160 95 0 0
768 161 95 0 0
769 160 95 0 0
770 161 95 0 0
771 160 95 0 0
772 161 95 0 0
773 162 95 0 0
774 161 95 0 0
775 162 95 0 0
776 163 95 0 0
777 162 95 0 0
778 163 95 0 0
779 162 95 0 0
780 163 95 0 0
781 164 95 0 0
782 163 95 0 0
783 164 95 0 0
784 165 95 0 0
785 164 95 0 0
786 165 95 0 0
787 164 95 0 0
788 165 95 0 0
789 164 95 0 0
790 165 95 0 0
791 166 95 0 0
792 165 95 0 0
793 166 95 0 0
794 165 95 0 0
795 165 94 0 0
796 166 94 0 0
797 167 94 0 0
798 166 94 0 0
799 167 94 0 0
800 166 94 0 0
801 167 94 0 0
802 167 95 0 0
803 168 95 0 0
804 167 95 0 0
805 168 95 0 0
806 169 95 0 0
807 168 95 0 0
808 169 95 0 0
809 170 95 0 0
810 169 95 0 0
811 170 95 0 0
812 171 95 0 0
813 170 95 0 0
814 171 95 0 0
815 170 95 0 0
816 171 95 0 0
817 172 95 0 0
818 171 95 0 0
819 172 95 0 0
820 173 95 0 0
821 172 95 0 0
822 173 95 0 0
823 174 95 0 0
824 173 95 0 0
825 174 95 0 0
826 173 95 0 0
827 174 95 0 0
828 175 95 0 0
829 174 95 0 0
830 175 95 0 0
831 176 95 0 0
832 175 95 0 0
833 176 95 0 0
834 177 95 0 0
835 176 95 0 0
836 177 95 0 0
837 176 95 0 0
838 177 95 0 0
839 178 95 0 0
840 179 95 0 0
841 178 95 0 0
842 179 95 0 0
843 178 95 0 0
844 178 96 0 0
845 179 96 0 0
846 180 96 0 0
847 179 96 0 0
848 180 96 0 0
849 181 96 0 0
850 180 96 0 0
851 181 96 0 0
852 182 96 0 0
853 181 96 0 0
854 182 96 0 0
855 183 96 0 0
856 182 96 0 0
857 183 96 0 0
858 182 96 0 0
859 183 96 0 0
860 184 96 0 0
861 183 96 0 0
862 184 96 0 0
863 185 96 0 0
864 184 96 0 0
865 185 96 0 0
866 186 96 0 0
867 185 96 0 0
868 186 96 0 0
869 185 96 0 0
870 186 96 0 0
871 187 96 0 0
872 186 96 0 0
873 187 96 0 0
874 187 97 0 0
875 188 97 0 0
876 187 97 0 0
877 188 97 0 0
878 187 97 0 0
879 188 97 0 0
880 189 97 0 0
881 188 97 0 0
882 189 97 0 0
883 190 97 0 0
884 189 97 0 0
885 190 97 0 0
886 189 97 0 0
887 190 97 0 0
888 191 97 0 0
889 190 97 0 0
890 191 97 0 0
891 190 97 0 0
892 191 97 0 0
893 192 97 0 0
894 191 97 0 0
895 192 97 0 0
896 193 97 0 0
897 192 97 0 0
898 193 97 0 0
899 192 97 0 0
900 193 97 0 0
901 194 97 0 0
902 193 97 0 0
903 194 97 0 0
904 193 97 0 0
905 194 97 0 0
906 195 97 0 0
907 194 97 0 0
908 195 97 0 0
909 194 97 0 0
910 195 97 0 0
