0 1 88 0 0
1 2 88 0 0
2 3 88 0 0
3 3 89 0 0
4 4 89 0 0
5 5 89 0 0
6 6 89 0 0
7 7 89 0 0
8 8 89 0 0
9 9 89 0 0
10 9 88 0 0
11 9 89 0 0
12 10 89 0 0
13 11 89 0 0
14 12 89 0 0
15 13 89 0 0
16 14 89 0 0
17 15 89 0 0
18 16 89 0 0
19 17 89 0 0
20 18 89 0 0
21 19 89 0 0
22 20 89 0 0
23 21 89 0 0
24 22 89 0 0
25 23 89 0 0
26 24 89 0 0
27 24 90 0 0
28 25 90 0 0
29 26 90 0 0
30 27 90 0 0
31 28 90 0 0
32 29 90 0 0
33 30 90 0 0
34 31 90 0 0
35 32 90 0 0
36 33 90 0 0
37 34 90 0 0
38 35 90 0 0
39 36 90 0 0
40 37 90 0 0
41 38 90 0 0
42 39 90 0 0
43 40 90 0 0
44 41 90 0 0
45 42 90 0 0
46 43 90 0 0
47 44 90 0 0
48 45 90 0 0
49 46 90 0 0
50 47 90 0 0
51 48 90 0 0
52 49 90 0 0
53 50 90 0 0
54 51 90 0 0
55 52 90 0 0
56 53 90 0 0
57 54 90 0 0
58 54 89 0 0
59 55 89 0 0
60 56 89 0 0
61 57 89 0 0
62 58 89 0 0
63 59 89 0 0
64 60 89 0 0
65 61 89 0 0
66 62 89 0 0
67 63 89 0 0
68 63 88 0 0
69 64 88 0 0
70 65 88 0 0
71 66 88 0 0
72 67 88 0 0
73 68 88 0 0
74 69 88 0 0
75 70 88 0 0
76 71 88 0 0
77 72 88 0 0
78 73 88 0 0
79 73 87 0 0
80 74 87 0 0
81 75 87 0 0
82 76 87 0 0
83 76 86 0 0
84 77 86 0 0
85 78 86 0 0
86 79 86 0 0
87 79 85 0 0
88 80 85 0 0
89 81 85 0 0
90 82 85 0 0
91 82 84 0 0
92 83 84 0 0
93 84 84 0 0
94 85 84 0 0
95 85 83 0 0
96 86 83 0 0
97 87 83 0 0
98 88 83 0 0
99 89 83 0 0
100 90 83 0 0
101 90 82 0 0
102 91 82 0 0
103 92 82 0 0
104 92 81 0 0
105 93 81 0 0
106 94 81 0 0
107 94 80 0 0
108 94 81 0 0
109 95 81 0 0
110 96 81 0 0
111 97 81 0 0
112 97 82 0 0
113 98 82 0 0
114 99 82 0 0
115 100 82 0 0
116 101 82 0 0
117 102 82 0 0
118 103 82 0 0
119 104 82 0 0
120 104 83 0 0
121 105 83 0 0
122 106 83 0 0
123 107 83 0 0
124 108 83 0 0
125 108 84 0 0
126 109 84 0 0
127 109 85 0 0
128 109 86 0 0
129 110 86 0 0
130 110 87 0 0
131 110 88 0 0
132 111 88 0 0
133 111 89 0 0
134 112 89 0 0
135 112 90 0 0
136 112 91 0 0
137 113 91 0 0
138 113 92 0 0
139 113 93 0 0
140 114 93 0 0
141 114 94 0 0
142 114 95 0 0
143 115 95 0 0
144 115 96 0 0
145 115 97 0 0
146 116 97 0 0
147 116 98 0 0
148 116 99 0 0
149 117 99 0 0
150 117 100 0 0
151 118 100 0 0
152 118 101 0 0
153 118 102 0 0
154 119 102 0 0
155 119 103 0 0
156 119 104 0 0
157 120 104 0 0
158 120 105 0 0
159 120 106 0 0
160 121 106 0 0
161 121 107 0 0
162 122 107 0 0
163 122 108 0 0
164 122 109 0 0
165 122 110 0 0
166 122 111 0 0
167 121 111 0 0
168 121 112 0 0
169 121 113 0 0
170 121 114 0 0
171 121 115 0 0
172 120 115 0 0
173 120 116 0 0
174 120 117 0 0
175 120 118 0 0
176 120 119 0 0
177 120 120 0 0
178 120 121 0 0
179 119 121 0 0
180 119 122 0 0
181 119 123 0 0
182 119 124 0 0
183 119 125 0 0
184 118 125 0 0
185 118 126 0 0
186 118 127 0 0
187 118 128 0 0
188 118 129 0 0
189 118 130 0 0
190 117 130 0 0
191 117 131 0 0
192 117 132 0 0
193 117 133 0 0
194 117 134 0 0
195 117 135 0 0
196 117 136 0 0
197 117 137 0 0
198 117 138 0 0
199 117 139 0 0
200 117 140 0 0
201 117 141 0 0
202 117 142 0 0
203 117 143 0 0
204 117 144 0 0
205 117 145 0 0
206 117 146 0 0
207 117 147 0 0
208 117 148 0 0
209 117 149 0 0
210 117 150 0 0
211 117 151 0 0
212 117 152 0 0
213 117 153 0 0
214 116 153 0 0
215 116 154 0 0
216 116 155 0 0
217 116 156 0 0
218 116 157 0 0
219 116 158 0 0
220 116 159 0 0
221 116 160 0 0
222 116 161 0 0
223 116 162 0 0
224 116 163 0 0
225 116 164 0 0
226 116 165 0 0
227 116 166 0 0
228 117 166 0 0
229 117 167 0 0
230 117 168 0 0
231 117 169 0 0
232 117 170 0 0
233 117 171 0 0
234 117 172 0 0
235 117 173 0 0
236 117 174 0 0
237 117 175 0 0
238 117 176 0 0
239 117 177 0 0
240 118 177 0 0
241 118 178 0 0
242 118 179 0 0
243 118 180 0 0
244 118 181 0 0
245 118 182 0 0
246 118 183 0 0
247 118 184 0 0
248 118 185 0 0
249 119 185 0 0
250 119 186 0 0
251 119 187 0 0
252 119 188 0 0
253 119 189 0 0
254 119 190 0 0
255 119 191 0 0
256 119 192 0 0
257 119 193 0 0
258 120 193 0 0
259 120 194 0 0
260 120 195 0 0
261 120 196 0 0
262 120 197 0 0
263 120 198 0 0
264 120 199 0 0
265 120 200 0 0
266 120 201 0 0
267 120 202 0 0
268 120 203 0 0
269 120 204 0 0
270 120 205 0 0
271 120 206 0 0
272 120 207 0 0
273 120 208 0 0
274 121 208 0 0
275 121 209 0 0
276 121 210 0 0
277 121 211 0 0
278 121 212 0 0
279 121 213 0 0
280 121 214 0 0
281 121 215 0 0
282 121 216 0 0
283 121 217 0 0
284 121 218 0 0
285 121 219 0 0
286 121 220 0 0
287 121 221 0 0
288 121 222 0 0
289 121 223 0 0
290 121 224 0 0
291 121 225 0 0
292 121 226 0 0
293 121 227 0 0
294 121 228 0 0
295 121 229 0 0
296 121 230 0 0
297 121 231 0 0
298 122 231 0 0
299 122 232 0 0
300 122 233 0 0
301 122 234 0 0
302 122 235 0 0
