0 101 7 0 0
1 101 8 0 0
2 100 8 0 0
3 100 9 0 0
4 100 10 0 0
5 100 11 0 0
6 100 12 0 0
7 100 13 0 0
8 100 14 0 0
9 100 15 0 0
10 100 16 0 0
11 100 17 0 0
12 100 18 0 0
13 100 19 0 0
14 99 19 0 0
15 99 20 0 0
16 99 21 0 0
17 99 22 0 0
18 99 23 0 0
19 99 24 0 0
20 99 25 0 0
21 99 26 0 0
22 99 27 0 0
23 98 27 0 0
24 98 28 0 0
25 98 29 0 0
26 98 30 0 0
27 98 31 0 0
28 98 32 0 0
29 98 33 0 0
30 98 34 0 0
31 98 35 0 0
32 98 36 0 0
33 98 37 0 0
34 98 38 0 0
35 98 39 0 0
36 98 40 0 0
37 98 41 0 0
38 98 42 0 0
39 98 43 0 0
40 98 44 0 0
41 98 45 0 0
42 98 46 0 0
43 98 47 0 0
44 98 48 0 0
45 98 49 0 0
46 98 50 0 0
47 98 51 0 0
48 98 52 0 0
49 98 53 0 0
50 98 54 0 0
51 98 55 0 0
52 98 56 0 0
53 98 57 0 0
54 99 57 0 0
55 99 58 0 0
56 99 59 0 0
57 99 60 0 0
58 100 60 0 0
59 100 61 0 0
60 100 62 0 0
61 100 63 0 0
62 100 64 0 0
63 100 65 0 0
64 101 65 0 0
65 101 66 0 0
66 101 67 0 0
67 101 68 0 0
68 102 68 0 0
69 102 69 0 0
70 102 70 0 0
71 103 70 0 0
72 103 71 0 0
73 103 72 0 0
74 104 72 0 0
75 104 73 0 0
76 104 74 0 0
77 105 74 0 0
78 105 75 0 0
79 105 76 0 0
80 106 76 0 0
81 106 77 0 0
82 106 78 0 0
83 107 78 0 0
84 107 79 0 0
85 107 80 0 0
86 108 80 0 0
87 108 81 0 0
88 108 82 0 0
89 109 82 0 0
90 109 83 0 0
91 109 84 0 0
92 109 85 0 0
93 110 85 0 0
94 110 86 0 0
95 110 87 0 0
96 110 88 0 0
97 111 88 0 0
98 111 89 0 0
99 111 90 0 0
100 111 91 0 0
101 112 91 0 0
102 112 92 0 0
103 112 93 0 0
104 112 94 0 0
105 113 94 0 0
106 113 95 0 0
107 113 96 0 0
108 113 97 0 0
109 113 98 0 0
110 113 99 0 0
111 114 99 0 0
112 114 100 0 0
113 114 101 0 0
114 115 101 0 0
115 115 102 0 0
116 114 102 0 0
117 114 103 0 0
118 114 104 0 0
119 114 105 0 0
120 114 106 0 0
121 114 107 0 0
122 114 108 0 0
123 114 109 0 0
124 114 110 0 0
125 114 111 0 0
126 114 112 0 0
127 114 113 0 0
128 114 114 0 0
129 114 115 0 0
130 114 116 0 0
131 114 117 0 0
132 114 118 0 0
133 114 119 0 0
134 114 120 0 0
135 114 121 0 0
136 114 122 0 0
137 114 123 0 0
138 114 124 0 0
139 114 125 0 0
140 114 126 0 0
141 114 127 0 0
142 113 127 0 0
143 113 128 0 0
144 113 129 0 0
145 113 130 0 0
146 113 131 0 0
147 113 132 0 0
148 113 133 0 0
149 113 134 0 0
150 113 135 0 0
151 113 136 0 0
152 113 137 0 0
153 113 138 0 0
154 113 139 0 0
155 113 140 0 0
156 113 141 0 0
157 113 142 0 0
158 113 143 0 0
159 113 144 0 0
160 113 145 0 0
161 113 146 0 0
162 113 147 0 0
163 113 148 0 0
164 113 149 0 0
165 113 150 0 0
166 113 151 0 0
167 113 152 0 0
168 113 153 0 0
169 113 154 0 0
170 114 154 0 0
171 114 155 0 0
172 114 156 0 0
173 114 157 0 0
174 114 158 0 0
175 114 159 0 0
176 114 160 0 0
177 114 161 0 0
178 114 162 0 0
179 114 163 0 0
180 114 164 0 0
181 114 165 0 0
182 115 165 0 0
183 115 166 0 0
184 115 167 0 0
185 115 168 0 0
186 115 169 0 0
187 115 170 0 0
188 115 171 0 0
189 116 171 0 0
190 116 172 0 0
191 116 173 0 0
192 116 174 0 0
193 116 175 0 0
194 116 176 0 0
195 116 177 0 0
196 117 177 0 0
197 117 178 0 0
198 117 179 0 0
199 117 180 0 0
200 117 181 0 0
201 117 182 0 0
202 117 183 0 0
203 117 184 0 0
204 117 185 0 0
205 117 186 0 0
206 117 187 0 0
207 117 188 0 0
208 117 189 0 0
209 117 190 0 0
210 118 190 0 0
211 118 191 0 0
212 118 192 0 0
213 118 193 0 0
214 118 194 0 0
215 118 195 0 0
216 118 196 0 0
217 118 197 0 0
218 118 198 0 0
219 118 199 0 0
220 118 200 0 0
221 118 201 0 0
222 118 202 0 0
223 118 203 0 0
224 118 204 0 0
225 118 205 0 0
226 118 206 0 0
227 118 207 0 0
228 118 208 0 0
229 118 209 0 0
230 118 210 0 0
231 118 211 0 0
232 118 212 0 0
233 118 213 0 0
234 118 214 0 0
235 119 214 0 0
236 119 215 0 0
237 119 216 0 0
238 119 217 0 0
239 119 218 0 0
240 119 219 0 0
241 119 220 0 0
242 119 221 0 0
243 119 222 0 0
244 119 223 0 0
245 119 224 0 0
246 119 225 0 0
247 119 226 0 0
248 119 227 0 0
249 119 228 0 0
250 119 229 0 0
251 119 230 0 0
252 120 230 0 0
253 120 231 0 0
254 119 231 0 0
255 119 232 0 0
256 119 233 0 0
257 119 234 0 0
