0 25800 21600 0 0
1 26000 21600 0 0
2 26200 21600 0 0
3 26400 21600 0 0
4 26600 21600 0 0
5 26800 21600 0 0
6 27000 21600 0 0
7 27200 21600 0 0
8 27200 21400 0 0
9 27400 21400 0 0
10 27600 21400 0 0
11 27800 21400 0 0
12 28000 21400 0 0
13 28200 21400 0 0
14 28400 21400 0 0
15 28600 21400 0 0
16 28800 21400 0 0
17 29000 21400 0 0
18 29200 21400 0 0
19 29400 21400 0 0
20 29600 21400 0 0
21 29800 21400 0 0
22 30000 21400 0 0
23 30200 21400 0 0
24 30400 21400 0 0
25 30600 21400 0 0
26 30800 21400 0 0
27 31000 21400 0 0
28 31000 21200 0 0
29 31200 21200 0 0
30 31400 21200 0 0
31 31600 21200 0 0
32 31800 21200 0 0
33 32000 21200 0 0
34 32200 21200 0 0
35 32400 21200 0 0
36 32600 21200 0 0
37 32800 21200 0 0
38 33000 21200 0 0
39 33200 21200 0 0
40 33200 21000 0 0
41 33400 21000 0 0
42 33600 21000 0 0
43 33800 21000 0 0
44 34000 21000 0 0
45 34200 21000 0 0
46 34400 21000 0 0
47 34600 21000 0 0
48 34800 21000 0 0
49 35000 21000 0 0
50 35200 21000 0 0
51 35400 21000 0 0
52 35600 21000 0 0
53 35800 21000 0 0
54 36000 21000 0 0
55 36200 21000 0 0
56 36400 21000 0 0
57 36600 21000 0 0
58 36600 20800 0 0
59 36800 20800 0 0
60 37000 20800 0 0
61 37200 20800 0 0
62 37400 20800 0 0
63 37600 20800 0 0
64 37800 20800 0 0
65 38000 20800 0 0
66 38200 20800 0 0
67 38400 20800 0 0
68 38600 20800 0 0
69 38600 20600 0 0
