0 196 86 0 0
1 195 86 0 0
2 194 86 0 0
3 194 87 0 0
4 193 87 0 0
5 192 87 0 0
6 191 87 0 0
7 190 87 0 0
8 189 87 0 0
9 188 87 0 0
10 187 87 0 0
11 186 87 0 0
12 186 88 0 0
13 185 88 0 0
14 184 88 0 0
15 183 88 0 0
16 182 88 0 0
17 181 88 0 0
18 181 89 0 0
19 180 89 0 0
20 179 89 0 0
21 178 89 0 0
22 177 89 0 0
23 176 89 0 0
24 175 89 0 0
25 174 89 0 0
26 174 90 0 0
27 173 90 0 0
28 172 90 0 0
29 171 90 0 0
30 170 90 0 0
31 169 90 0 0
32 169 91 0 0
33 168 91 0 0
34 167 91 0 0
35 167 92 0 0
36 166 92 0 0
37 165 92 0 0
38 164 92 0 0
39 164 93 0 0
40 163 93 0 0
41 162 93 0 0
42 161 93 0 0
43 160 93 0 0
44 159 93 0 0
45 158 93 0 0
46 157 93 0 0
47 157 94 0 0
48 156 94 0 0
49 155 94 0 0
50 154 94 0 0
51 153 94 0 0
52 152 94 0 0
53 151 94 0 0
54 151 95 0 0
55 150 95 0 0
56 149 95 0 0
57 148 95 0 0
58 147 95 0 0
59 146 95 0 0
60 146 96 0 0
61 144 96 0 0
62 143 96 0 0
63 142 96 0 0
64 141 96 0 0
65 140 96 0 0
66 139 96 0 0
67 138 96 0 0
68 137 96 0 0
69 136 96 0 0
70 135 96 0 0
71 134 96 0 0
72 133 96 0 0
73 133 95 0 0
74 132 95 0 0
75 132 96 0 0
76 131 96 0 0
77 130 96 0 0
78 129 96 0 0
79 128 96 0 0
80 127 96 0 0
81 126 96 0 0
82 125 96 0 0
83 125 97 0 0
84 124 97 0 0
85 123 97 0 0
86 122 97 0 0
87 121 97 0 0
88 120 97 0 0
89 119 97 0 0
90 119 96 0 0
91 119 97 0 0
92 118 97 0 0
93 117 97 0 0
94 116 97 0 0
95 115 97 0 0
96 114 97 0 0
97 113 97 0 0
98 112 97 0 0
99 111 97 0 0
100 110 97 0 0
101 109 97 0 0
102 108 97 0 0
103 107 97 0 0
104 106 97 0 0
105 105 97 0 0
106 104 97 0 0
107 104 98 0 0
108 103 98 0 0
109 102 98 0 0
110 101 98 0 0
111 101 97 0 0
112 100 97 0 0
113 100 96 0 0
114 99 96 0 0
115 98 96 0 0
116 97 96 0 0
117 96 96 0 0
118 96 97 0 0
119 95 97 0 0
120 94 97 0 0
121 93 97 0 0
122 92 97 0 0
123 91 97 0 0
124 90 97 0 0
125 89 97 0 0
126 88 97 0 0
127 87 97 0 0
128 86 97 0 0
129 85 97 0 0
130 84 97 0 0
131 83 97 0 0
132 82 97 0 0
133 81 97 0 0
134 80 97 0 0
135 80 98 0 0
136 79 98 0 0
137 78 98 0 0
138 77 98 0 0
139 76 98 0 0
140 75 98 0 0
141 74 98 0 0
142 73 98 0 0
143 72 98 0 0
144 71 98 0 0
145 70 98 0 0
146 69 98 0 0
147 68 98 0 0
148 67 98 0 0
149 66 98 0 0
150 65 98 0 0
151 64 98 0 0
152 63 98 0 0
153 62 98 0 0
154 61 98 0 0
155 60 98 0 0
156 60 97 0 0
157 59 97 0 0
158 59 98 0 0
159 58 98 0 0
160 57 98 0 0
161 56 98 0 0
162 55 98 0 0
163 54 98 0 0
164 54 97 0 0
165 53 97 0 0
166 52 97 0 0
167 51 97 0 0
168 50 97 0 0
169 49 97 0 0
170 48 97 0 0
171 47 97 0 0
172 46 97 0 0
173 45 97 0 0
174 44 97 0 0
175 43 97 0 0
176 42 97 0 0
177 41 97 0 0
178 41 98 0 0
179 40 98 0 0
180 39 98 0 0
181 38 98 0 0
182 37 98 0 0
183 37 97 0 0
184 37 98 0 0
185 36 98 0 0
186 36 97 0 0
187 35 97 0 0
188 35 98 0 0
189 34 98 0 0
190 34 97 0 0
191 33 97 0 0
192 33 98 0 0
193 32 98 0 0
194 32 97 0 0
195 31 97 0 0
196 30 97 0 0
197 29 97 0 0
198 28 97 0 0
199 27 97 0 0
200 26 97 0 0
201 25 97 0 0
202 24 97 0 0
203 23 97 0 0
204 22 97 0 0
205 21 97 0 0
206 20 97 0 0
207 19 97 0 0
208 18 97 0 0
209 18 98 0 0
210 17 98 0 0
211 16 98 0 0
212 16 97 0 0
213 15 97 0 0
214 14 97 0 0
215 13 97 0 0
216 12 97 0 0
217 11 97 0 0
218 10 97 0 0
219 9 97 0 0
220 8 97 0 0
221 7 97 0 0
222 6 97 0 0
223 5 97 0 0
224 4 97 0 0
225 3 97 0 0
226 2 97 0 0
227 1 97 0 0
