0 0 91 0 0
1 0 92 0 0
2 1 92 0 0
3 0 92 0 0
4 1 92 0 0
5 2 92 0 0
6 1 92 0 0
7 1 93 0 0
8 2 93 0 0
9 1 93 0 0
10 2 93 0 0
11 3 93 0 0
12 2 93 0 0
13 2 94 0 0
14 3 94 0 0
15 2 94 0 0
16 3 94 0 0
17 2 94 0 0
18 3 94 0 0
19 4 94 0 0
20 3 94 0 0
21 3 95 0 0
22 4 95 0 0
23 5 95 0 0
24 4 95 0 0
25 5 95 0 0
26 6 95 0 0
27 5 95 0 0
28 6 95 0 0
29 5 95 0 0
30 6 95 0 0
31 7 95 0 0
32 6 95 0 0
33 7 95 0 0
34 8 95 0 0
35 7 95 0 0
36 8 95 0 0
37 7 95 0 0
38 7 96 0 0
39 8 96 0 0
40 9 96 0 0
41 10 96 0 0
42 9 96 0 0
43 9 97 0 0
44 10 97 0 0
45 11 97 0 0
46 10 97 0 0
47 11 97 0 0
48 11 98 0 0
49 12 98 0 0
50 11 98 0 0
51 12 98 0 0
52 13 98 0 0
53 12 98 0 0
54 13 98 0 0
55 13 99 0 0
56 14 99 0 0
57 13 99 0 0
58 14 99 0 0
59 15 99 0 0
60 16 99 0 0
61 15 99 0 0
62 16 99 0 0
63 16 100 0 0
64 17 100 0 0
65 18 100 0 0
66 17 100 0 0
67 18 100 0 0
68 18 101 0 0
69 19 101 0 0
70 20 101 0 0
71 19 101 0 0
72 20 101 0 0
73 19 101 0 0
74 20 101 0 0
75 20 102 0 0
76 21 102 0 0
77 20 102 0 0
78 21 102 0 0
79 20 102 0 0
80 21 102 0 0
81 22 102 0 0
82 21 102 0 0
83 21 103 0 0
84 22 103 0 0
85 23 103 0 0
86 22 103 0 0
87 23 103 0 0
88 22 103 0 0
89 23 103 0 0
90 23 104 0 0
91 24 104 0 0
92 23 104 0 0
93 24 104 0 0
94 24 105 0 0
95 25 105 0 0
96 24 105 0 0
97 25 105 0 0
98 26 105 0 0
99 26 106 0 0
100 27 106 0 0
101 26 106 0 0
102 27 106 0 0
103 28 106 0 0
104 27 106 0 0
105 27 107 0 0
106 28 107 0 0
