0 51 2 0 0
1 52 2 0 0
2 51 2 0 0
3 52 2 0 0
4 51 2 0 0
5 52 2 0 0
6 51 2 0 0
7 52 2 0 0
8 51 2 0 0
9 50 2 0 0
10 51 2 0 0
11 50 2 0 0
12 51 2 0 0
13 50 2 0 0
14 51 2 0 0
15 50 2 0 0
16 50 3 0 0
17 51 3 0 0
18 50 3 0 0
19 51 3 0 0
20 50 3 0 0
21 51 3 0 0
22 50 3 0 0
23 51 3 0 0
24 50 3 0 0
25 51 3 0 0
26 50 3 0 0
27 51 3 0 0
28 50 3 0 0
29 51 3 0 0
30 50 3 0 0
31 51 3 0 0
32 50 3 0 0
33 51 3 0 0
34 50 3 0 0
35 51 3 0 0
36 50 3 0 0
37 51 3 0 0
38 50 3 0 0
39 51 3 0 0
40 50 3 0 0
41 51 3 0 0
42 50 3 0 0
43 51 3 0 0
44 50 3 0 0
45 50 4 0 0
46 51 4 0 0
47 50 4 0 0
48 51 4 0 0
49 50 4 0 0
50 51 4 0 0
51 50 4 0 0
52 51 4 0 0
53 50 4 0 0
54 51 4 0 0
55 50 4 0 0
56 51 4 0 0
57 50 4 0 0
58 51 4 0 0
59 50 4 0 0
60 51 4 0 0
61 50 4 0 0
62 51 4 0 0
63 50 4 0 0
64 50 3 0 0
65 51 3 0 0
66 50 3 0 0
67 50 4 0 0
68 51 4 0 0
69 50 4 0 0
70 51 4 0 0
71 50 4 0 0
72 51 4 0 0
73 50 4 0 0
74 51 4 0 0
75 50 4 0 0
76 51 4 0 0
77 50 4 0 0
78 51 4 0 0
79 50 4 0 0
80 50 5 0 0
81 51 5 0 0
82 50 5 0 0
83 51 5 0 0
84 50 5 0 0
85 51 5 0 0
86 50 5 0 0
87 51 5 0 0
88 50 5 0 0
89 51 5 0 0
90 50 5 0 0
91 51 5 0 0
92 50 5 0 0
93 50 6 0 0
94 51 6 0 0
95 50 6 0 0
96 51 6 0 0
97 50 6 0 0
98 51 6 0 0
99 50 6 0 0
100 51 6 0 0
101 50 6 0 0
102 51 6 0 0
103 50 6 0 0
104 51 6 0 0
105 50 6 0 0
106 51 6 0 0
107 50 6 0 0
108 50 7 0 0
109 51 7 0 0
110 50 7 0 0
111 51 7 0 0
112 50 7 0 0
113 51 7 0 0
114 50 7 0 0
115 51 7 0 0
116 50 7 0 0
117 51 7 0 0
118 50 7 0 0
119 51 7 0 0
120 50 7 0 0
121 51 7 0 0
122 50 7 0 0
123 50 8 0 0
124 51 8 0 0
125 50 8 0 0
126 51 8 0 0
127 50 8 0 0
128 51 8 0 0
129 50 8 0 0
130 51 8 0 0
131 50 8 0 0
132 51 8 0 0
133 50 8 0 0
134 51 8 0 0
135 50 8 0 0
136 51 8 0 0
137 50 8 0 0
138 50 9 0 0
139 51 9 0 0
140 50 9 0 0
141 51 9 0 0
142 50 9 0 0
143 51 9 0 0
144 50 9 0 0
145 51 9 0 0
146 50 9 0 0
147 51 9 0 0
148 50 9 0 0
149 51 9 0 0
150 50 9 0 0
151 50 10 0 0
152 51 10 0 0
153 50 10 0 0
154 51 10 0 0
155 50 10 0 0
156 51 10 0 0
157 50 10 0 0
158 51 10 0 0
159 50 10 0 0
160 51 10 0 0
161 50 10 0 0
162 51 10 0 0
163 50 10 0 0
164 51 10 0 0
165 50 10 0 0
166 50 11 0 0
167 51 11 0 0
168 50 11 0 0
169 51 11 0 0
170 50 11 0 0
171 51 11 0 0
172 50 11 0 0
173 51 11 0 0
174 50 11 0 0
175 51 11 0 0
176 50 11 0 0
177 51 11 0 0
178 50 11 0 0
179 50 12 0 0
180 51 12 0 0
181 50 12 0 0
182 51 12 0 0
183 50 12 0 0
184 51 12 0 0
185 50 12 0 0
186 51 12 0 0
187 50 12 0 0
188 51 12 0 0
189 50 12 0 0
190 51 12 0 0
191 50 12 0 0
192 51 12 0 0
193 50 12 0 0
194 50 13 0 0
195 51 13 0 0
196 50 13 0 0
197 51 13 0 0
198 50 13 0 0
199 51 13 0 0
200 50 13 0 0
201 51 13 0 0
202 50 13 0 0
203 51 13 0 0
204 50 13 0 0
205 51 13 0 0
206 50 13 0 0
207 51 13 0 0
208 50 13 0 0
209 50 14 0 0
210 51 14 0 0
211 50 14 0 0
212 51 14 0 0
213 50 14 0 0
214 51 14 0 0
215 50 14 0 0
216 51 14 0 0
217 50 14 0 0
218 51 14 0 0
219 50 14 0 0
220 51 14 0 0
221 50 14 0 0
222 51 14 0 0
223 50 14 0 0
224 50 15 0 0
225 51 15 0 0
226 50 15 0 0
227 51 15 0 0
228 50 15 0 0
229 51 15 0 0
230 50 15 0 0
231 51 15 0 0
232 50 15 0 0
233 51 15 0 0
234 50 15 0 0
235 51 15 0 0
236 50 15 0 0
237 50 16 0 0
238 51 16 0 0
239 50 16 0 0
240 51 16 0 0
241 50 16 0 0
242 51 16 0 0
243 50 16 0 0
244 51 16 0 0
245 50 16 0 0
246 51 16 0 0
247 50 16 0 0
248 51 16 0 0
249 50 16 0 0
250 51 16 0 0
251 50 16 0 0
252 50 17 0 0
253 51 17 0 0
254 50 17 0 0
255 51 17 0 0
256 50 17 0 0
257 51 17 0 0
258 50 17 0 0
259 51 17 0 0
260 50 17 0 0
261 51 17 0 0
262 50 17 0 0
263 51 17 0 0
264 50 17 0 0
265 51 17 0 0
266 50 17 0 0
267 50 18 0 0
268 51 18 0 0
269 50 18 0 0
270 51 18 0 0
271 50 18 0 0
272 51 18 0 0
273 50 18 0 0
274 51 18 0 0
275 50 18 0 0
276 51 18 0 0
277 50 18 0 0
278 51 18 0 0
279 50 18 0 0
280 51 18 0 0
281 50 18 0 0
282 50 19 0 0
283 51 19 0 0
284 50 19 0 0
285 51 19 0 0
286 50 19 0 0
287 51 19 0 0
288 50 19 0 0
289 51 19 0 0
290 50 19 0 0
291 51 19 0 0
292 50 19 0 0
293 51 19 0 0
294 50 19 0 0
295 50 20 0 0
296 51 20 0 0
297 50 20 0 0
298 51 20 0 0
299 50 20 0 0
300 51 20 0 0
301 50 20 0 0
302 51 20 0 0
303 50 20 0 0
304 51 20 0 0
305 50 20 0 0
306 51 20 0 0
307 50 20 0 0
308 50 21 0 0
309 51 21 0 0
310 50 21 0 0
311 51 21 0 0
312 50 21 0 0
313 51 21 0 0
314 50 21 0 0
315 51 21 0 0
316 50 21 0 0
317 51 21 0 0
318 50 21 0 0
319 51 21 0 0
320 50 21 0 0
321 51 21 0 0
322 50 21 0 0
323 50 22 0 0
324 51 22 0 0
325 50 22 0 0
326 51 22 0 0
327 50 22 0 0
328 51 22 0 0
329 50 22 0 0
330 51 22 0 0
331 50 22 0 0
332 51 22 0 0
333 50 22 0 0
334 51 22 0 0
335 50 22 0 0
336 51 22 0 0
337 50 22 0 0
338 51 22 0 0
339 50 22 0 0
340 50 23 0 0
341 51 23 0 0
342 50 23 0 0
343 51 23 0 0
344 50 23 0 0
345 51 23 0 0
346 50 23 0 0
347 51 23 0 0
348 50 23 0 0
349 51 23 0 0
350 50 23 0 0
351 50 24 0 0
352 51 24 0 0
353 50 24 0 0
354 51 24 0 0
355 50 24 0 0
356 51 24 0 0
357 50 24 0 0
358 51 24 0 0
359 50 24 0 0
360 51 24 0 0
361 50 24 0 0
362 51 24 0 0
363 50 24 0 0
364 50 25 0 0
365 51 25 0 0
366 50 25 0 0
367 51 25 0 0
368 50 25 0 0
369 51 25 0 0
370 50 25 0 0
371 51 25 0 0
372 50 25 0 0
373 51 25 0 0
374 50 25 0 0
375 51 25 0 0
376 50 25 0 0
377 50 26 0 0
378 49 26 0 0
379 50 26 0 0
380 49 26 0 0
381 50 26 0 0
382 49 26 0 0
383 50 26 0 0
384 49 26 0 0
385 50 26 0 0
386 49 26 0 0
387 50 26 0 0
388 49 26 0 0
389 49 27 0 0
390 50 27 0 0
391 49 27 0 0
392 50 27 0 0
393 49 27 0 0
394 50 27 0 0
395 49 27 0 0
396 50 27 0 0
397 49 27 0 0
398 50 27 0 0
399 49 27 0 0
400 50 27 0 0
401 49 27 0 0
402 49 28 0 0
403 50 28 0 0
404 49 28 0 0
405 50 28 0 0
406 49 28 0 0
407 50 28 0 0
408 49 28 0 0
409 50 28 0 0
410 49 28 0 0
411 50 28 0 0
412 49 28 0 0
413 50 28 0 0
414 49 28 0 0
415 49 29 0 0
416 50 29 0 0
417 49 29 0 0
418 50 29 0 0
419 49 29 0 0
420 50 29 0 0
421 49 29 0 0
422 50 29 0 0
423 49 29 0 0
424 50 29 0 0
425 49 29 0 0
426 50 29 0 0
427 49 29 0 0
428 49 30 0 0
429 50 30 0 0
430 49 30 0 0
431 50 30 0 0
432 49 30 0 0
433 50 30 0 0
434 49 30 0 0
435 50 30 0 0
436 49 30 0 0
437 50 30 0 0
438 49 30 0 0
439 49 31 0 0
440 50 31 0 0
441 49 31 0 0
442 50 31 0 0
443 49 31 0 0
444 50 31 0 0
445 49 31 0 0
446 50 31 0 0
447 49 31 0 0
448 50 31 0 0
449 49 31 0 0
450 50 31 0 0
451 49 31 0 0
452 49 32 0 0
453 50 32 0 0
454 49 32 0 0
455 50 32 0 0
456 49 32 0 0
457 50 32 0 0
458 49 32 0 0
459 50 32 0 0
460 49 32 0 0
461 50 32 0 0
462 49 32 0 0
463 50 32 0 0
464 49 32 0 0
465 50 32 0 0
466 49 32 0 0
467 49 33 0 0
468 50 33 0 0
469 49 33 0 0
470 50 33 0 0
471 49 33 0 0
472 50 33 0 0
473 49 33 0 0
474 50 33 0 0
475 49 33 0 0
476 50 33 0 0
477 49 33 0 0
478 50 33 0 0
479 49 33 0 0
480 49 34 0 0
481 50 34 0 0
482 49 34 0 0
483 50 34 0 0
484 49 34 0 0
485 50 34 0 0
486 49 34 0 0
487 50 34 0 0
488 49 34 0 0
489 50 34 0 0
490 49 34 0 0
491 50 34 0 0
492 49 34 0 0
493 49 35 0 0
494 50 35 0 0
495 49 35 0 0
496 50 35 0 0
497 49 35 0 0
498 50 35 0 0
499 49 35 0 0
500 50 35 0 0
501 49 35 0 0
502 50 35 0 0
503 49 35 0 0
504 50 35 0 0
505 49 35 0 0
506 50 35 0 0
507 49 35 0 0
508 49 36 0 0
509 50 36 0 0
510 49 36 0 0
511 50 36 0 0
512 49 36 0 0
513 50 36 0 0
514 49 36 0 0
515 50 36 0 0
516 49 36 0 0
517 50 36 0 0
518 49 36 0 0
519 50 36 0 0
520 49 36 0 0
521 50 36 0 0
522 49 36 0 0
523 50 36 0 0
524 49 36 0 0
525 50 36 0 0
526 49 36 0 0
527 49 37 0 0
528 50 37 0 0
529 49 37 0 0
530 50 37 0 0
531 49 37 0 0
532 50 37 0 0
533 49 37 0 0
534 50 37 0 0
535 49 37 0 0
536 50 37 0 0
537 49 37 0 0
538 49 38 0 0
539 50 38 0 0
540 49 38 0 0
541 50 38 0 0
542 49 38 0 0
543 50 38 0 0
544 49 38 0 0
545 50 38 0 0
546 49 38 0 0
547 50 38 0 0
548 49 38 0 0
549 50 38 0 0
550 49 38 0 0
551 50 38 0 0
552 49 38 0 0
553 49 39 0 0
554 50 39 0 0
555 49 39 0 0
556 50 39 0 0
557 49 39 0 0
558 50 39 0 0
559 49 39 0 0
560 50 39 0 0
561 49 39 0 0
562 50 39 0 0
563 49 39 0 0
564 49 40 0 0
565 50 40 0 0
566 49 40 0 0
567 50 40 0 0
568 49 40 0 0
569 50 40 0 0
570 49 40 0 0
571 50 40 0 0
572 49 40 0 0
573 50 40 0 0
574 49 40 0 0
575 50 40 0 0
576 49 40 0 0
577 49 41 0 0
578 48 41 0 0
579 49 41 0 0
580 48 41 0 0
581 49 41 0 0
582 48 41 0 0
583 49 41 0 0
584 48 41 0 0
585 49 41 0 0
586 48 41 0 0
587 48 42 0 0
588 49 42 0 0
589 48 42 0 0
590 49 42 0 0
591 48 42 0 0
592 49 42 0 0
593 48 42 0 0
594 49 42 0 0
595 48 42 0 0
596 49 42 0 0
597 48 42 0 0
598 48 43 0 0
599 49 43 0 0
600 48 43 0 0
601 49 43 0 0
602 48 43 0 0
603 49 43 0 0
604 48 43 0 0
605 49 43 0 0
606 48 43 0 0
607 49 43 0 0
608 48 43 0 0
609 49 43 0 0
610 48 43 0 0
611 49 43 0 0
612 48 43 0 0
613 48 44 0 0
614 49 44 0 0
615 48 44 0 0
616 49 44 0 0
617 48 44 0 0
618 49 44 0 0
619 48 44 0 0
620 49 44 0 0
621 48 44 0 0
622 49 44 0 0
623 48 44 0 0
624 49 44 0 0
625 48 44 0 0
626 48 45 0 0
627 49 45 0 0
628 48 45 0 0
629 49 45 0 0
630 48 45 0 0
631 49 45 0 0
632 48 45 0 0
633 49 45 0 0
634 48 45 0 0
635 49 45 0 0
636 48 45 0 0
637 48 46 0 0
638 49 46 0 0
639 48 46 0 0
640 49 46 0 0
641 48 46 0 0
642 49 46 0 0
643 48 46 0 0
644 49 46 0 0
645 48 46 0 0
646 49 46 0 0
647 48 46 0 0
648 49 46 0 0
649 48 46 0 0
650 49 46 0 0
651 48 46 0 0
652 48 47 0 0
653 49 47 0 0
654 48 47 0 0
655 49 47 0 0
656 48 47 0 0
657 49 47 0 0
658 48 47 0 0
659 49 47 0 0
660 48 47 0 0
661 49 47 0 0
662 48 47 0 0
663 49 47 0 0
664 48 47 0 0
665 48 48 0 0
666 49 48 0 0
667 48 48 0 0
668 49 48 0 0
669 48 48 0 0
670 49 48 0 0
671 48 48 0 0
672 49 48 0 0
673 48 48 0 0
674 49 48 0 0
675 48 48 0 0
676 48 49 0 0
677 49 49 0 0
678 48 49 0 0
679 49 49 0 0
680 48 49 0 0
681 49 49 0 0
682 48 49 0 0
683 49 49 0 0
684 48 49 0 0
685 49 49 0 0
686 48 49 0 0
687 49 49 0 0
688 48 49 0 0
689 49 49 0 0
690 48 49 0 0
691 48 50 0 0
692 49 50 0 0
693 48 50 0 0
694 49 50 0 0
695 48 50 0 0
696 49 50 0 0
697 48 50 0 0
698 49 50 0 0
699 48 50 0 0
700 49 50 0 0
701 48 50 0 0
702 48 51 0 0
703 49 51 0 0
704 48 51 0 0
705 49 51 0 0
706 48 51 0 0
707 49 51 0 0
708 48 51 0 0
709 49 51 0 0
710 48 51 0 0
711 49 51 0 0
712 48 51 0 0
713 49 51 0 0
714 48 51 0 0
715 48 52 0 0
716 49 52 0 0
717 48 52 0 0
718 49 52 0 0
719 48 52 0 0
720 49 52 0 0
721 48 52 0 0
722 49 52 0 0
723 48 52 0 0
724 49 52 0 0
725 48 52 0 0
726 49 52 0 0
727 48 52 0 0
728 49 52 0 0
729 48 52 0 0
730 48 53 0 0
731 49 53 0 0
732 48 53 0 0
733 49 53 0 0
734 48 53 0 0
735 49 53 0 0
736 48 53 0 0
737 49 53 0 0
738 48 53 0 0
739 49 53 0 0
740 48 53 0 0
741 48 54 0 0
742 49 54 0 0
743 48 54 0 0
744 49 54 0 0
745 48 54 0 0
746 49 54 0 0
747 48 54 0 0
748 49 54 0 0
749 48 54 0 0
750 49 54 0 0
751 48 54 0 0
752 47 54 0 0
753 47 55 0 0
754 48 55 0 0
755 47 55 0 0
756 48 55 0 0
757 47 55 0 0
758 48 55 0 0
759 47 55 0 0
760 48 55 0 0
761 47 55 0 0
762 48 55 0 0
763 47 55 0 0
764 47 56 0 0
765 48 56 0 0
766 47 56 0 0
767 48 56 0 0
768 47 56 0 0
769 48 56 0 0
770 47 56 0 0
771 48 56 0 0
772 47 56 0 0
773 48 56 0 0
774 47 56 0 0
775 47 57 0 0
776 48 57 0 0
777 47 57 0 0
778 48 57 0 0
779 47 57 0 0
780 48 57 0 0
781 47 57 0 0
782 48 57 0 0
783 47 57 0 0
784 48 57 0 0
785 47 57 0 0
786 47 58 0 0
787 48 58 0 0
788 47 58 0 0
789 48 58 0 0
790 47 58 0 0
791 48 58 0 0
792 47 58 0 0
793 48 58 0 0
794 47 58 0 0
795 48 58 0 0
796 47 58 0 0
797 48 58 0 0
798 47 58 0 0
799 47 59 0 0
800 48 59 0 0
801 47 59 0 0
802 48 59 0 0
803 47 59 0 0
804 48 59 0 0
805 47 59 0 0
806 48 59 0 0
807 47 59 0 0
808 48 59 0 0
809 47 59 0 0
810 47 60 0 0
811 48 60 0 0
812 47 60 0 0
813 48 60 0 0
814 47 60 0 0
815 48 60 0 0
816 47 60 0 0
817 48 60 0 0
818 47 60 0 0
819 48 60 0 0
820 47 60 0 0
821 48 60 0 0
822 47 60 0 0
823 48 60 0 0
824 47 60 0 0
825 47 61 0 0
826 48 61 0 0
827 47 61 0 0
828 48 61 0 0
829 47 61 0 0
830 48 61 0 0
831 47 61 0 0
832 48 61 0 0
833 47 61 0 0
834 48 61 0 0
835 47 61 0 0
836 47 62 0 0
837 48 62 0 0
838 47 62 0 0
839 48 62 0 0
840 47 62 0 0
841 48 62 0 0
842 47 62 0 0
843 48 62 0 0
844 47 62 0 0
845 48 62 0 0
846 47 62 0 0
847 47 63 0 0
848 48 63 0 0
849 47 63 0 0
850 48 63 0 0
851 47 63 0 0
852 48 63 0 0
853 47 63 0 0
854 46 63 0 0
855 47 63 0 0
856 46 63 0 0
857 47 63 0 0
858 46 63 0 0
859 46 64 0 0
860 47 64 0 0
861 46 64 0 0
862 47 64 0 0
863 46 64 0 0
864 47 64 0 0
865 46 64 0 0
866 47 64 0 0
867 46 64 0 0
868 47 64 0 0
869 46 64 0 0
870 46 65 0 0
871 47 65 0 0
872 46 65 0 0
873 47 65 0 0
874 46 65 0 0
875 47 65 0 0
876 46 65 0 0
877 47 65 0 0
878 46 65 0 0
879 47 65 0 0
880 46 65 0 0
881 46 66 0 0
882 47 66 0 0
883 46 66 0 0
884 47 66 0 0
885 46 66 0 0
886 47 66 0 0
887 46 66 0 0
888 47 66 0 0
889 46 66 0 0
890 47 66 0 0
891 46 66 0 0
892 46 67 0 0
893 47 67 0 0
894 46 67 0 0
895 47 67 0 0
896 46 67 0 0
897 47 67 0 0
898 46 67 0 0
899 47 67 0 0
900 46 67 0 0
901 47 67 0 0
902 46 67 0 0
903 47 67 0 0
904 46 67 0 0
905 46 68 0 0
906 47 68 0 0
907 46 68 0 0
908 47 68 0 0
909 46 68 0 0
910 47 68 0 0
911 46 68 0 0
912 47 68 0 0
913 46 68 0 0
914 45 68 0 0
915 46 68 0 0
916 45 68 0 0
917 45 69 0 0
918 46 69 0 0
919 45 69 0 0
920 46 69 0 0
921 45 69 0 0
922 46 69 0 0
923 45 69 0 0
924 46 69 0 0
925 45 69 0 0
926 46 69 0 0
927 45 69 0 0
928 46 69 0 0
929 45 69 0 0
930 45 70 0 0
931 46 70 0 0
932 45 70 0 0
933 46 70 0 0
934 45 70 0 0
935 46 70 0 0
936 45 70 0 0
937 46 70 0 0
938 45 70 0 0
939 46 70 0 0
940 45 70 0 0
941 45 71 0 0
942 46 71 0 0
943 45 71 0 0
944 46 71 0 0
945 45 71 0 0
946 46 71 0 0
947 45 71 0 0
948 46 71 0 0
949 45 71 0 0
950 46 71 0 0
951 45 71 0 0
952 45 72 0 0
953 46 72 0 0
954 45 72 0 0
955 46 72 0 0
956 45 72 0 0
957 46 72 0 0
958 45 72 0 0
959 46 72 0 0
960 45 72 0 0
961 46 72 0 0
962 45 72 0 0
963 46 72 0 0
964 45 72 0 0
965 46 72 0 0
966 45 72 0 0
967 45 73 0 0
968 46 73 0 0
969 45 73 0 0
970 44 73 0 0
971 45 73 0 0
972 44 73 0 0
973 45 73 0 0
974 44 73 0 0
975 45 73 0 0
976 44 73 0 0
977 45 73 0 0
978 44 73 0 0
979 45 73 0 0
980 44 73 0 0
981 44 74 0 0
982 45 74 0 0
983 44 74 0 0
984 45 74 0 0
985 44 74 0 0
986 45 74 0 0
987 44 74 0 0
988 43 74 0 0
989 44 74 0 0
990 43 74 0 0
991 44 74 0 0
992 43 74 0 0
993 44 74 0 0
994 43 74 0 0
995 44 74 0 0
996 43 74 0 0
997 44 74 0 0
998 43 74 0 0
999 43 75 0 0
1000 44 75 0 0
1001 43 75 0 0
1002 44 75 0 0
1003 43 75 0 0
1004 44 75 0 0
1005 43 75 0 0
1006 44 75 0 0
1007 43 75 0 0
1008 44 75 0 0
1009 43 75 0 0
1010 44 75 0 0
1011 43 75 0 0
1012 42 75 0 0
1013 43 75 0 0
1014 42 75 0 0
1015 42 76 0 0
1016 43 76 0 0
1017 42 76 0 0
1018 43 76 0 0
1019 42 76 0 0
1020 43 76 0 0
1021 42 76 0 0
1022 43 76 0 0
1023 42 76 0 0
1024 43 76 0 0
1025 42 76 0 0
1026 43 76 0 0
1027 42 76 0 0
1028 43 76 0 0
1029 42 76 0 0
1030 42 77 0 0
1031 43 77 0 0
1032 42 77 0 0
1033 43 77 0 0
1034 42 77 0 0
1035 43 77 0 0
1036 42 77 0 0
1037 41 77 0 0
1038 42 77 0 0
1039 41 77 0 0
1040 42 77 0 0
1041 41 77 0 0
1042 42 77 0 0
1043 41 77 0 0
1044 41 78 0 0
1045 42 78 0 0
1046 41 78 0 0
1047 42 78 0 0
1048 41 78 0 0
1049 42 78 0 0
1050 41 78 0 0
1051 42 78 0 0
1052 41 78 0 0
1053 42 78 0 0
1054 41 78 0 0
1055 40 78 0 0
1056 41 78 0 0
1057 40 78 0 0
1058 41 78 0 0
1059 40 78 0 0
1060 41 78 0 0
1061 40 78 0 0
1062 40 79 0 0
1063 41 79 0 0
1064 40 79 0 0
1065 41 79 0 0
1066 40 79 0 0
1067 41 79 0 0
1068 40 79 0 0
1069 41 79 0 0
1070 40 79 0 0
1071 41 79 0 0
1072 40 79 0 0
1073 40 80 0 0
1074 39 80 0 0
1075 40 80 0 0
1076 39 80 0 0
1077 40 80 0 0
1078 39 80 0 0
1079 40 80 0 0
1080 39 80 0 0
1081 40 80 0 0
1082 39 80 0 0
1083 39 81 0 0
1084 40 81 0 0
1085 39 81 0 0
1086 38 81 0 0
1087 39 81 0 0
1088 38 81 0 0
1089 39 81 0 0
1090 38 81 0 0
1091 39 81 0 0
1092 38 81 0 0
1093 39 81 0 0
1094 38 81 0 0
1095 38 82 0 0
1096 39 82 0 0
1097 38 82 0 0
1098 39 82 0 0
1099 38 82 0 0
1100 37 82 0 0
1101 38 82 0 0
1102 37 82 0 0
1103 37 83 0 0
1104 38 83 0 0
1105 37 83 0 0
1106 38 83 0 0
1107 37 83 0 0
1108 38 83 0 0
1109 37 83 0 0
1110 38 83 0 0
1111 37 83 0 0
1112 36 83 0 0
1113 37 83 0 0
1114 36 83 0 0
1115 37 83 0 0
1116 36 83 0 0
1117 37 83 0 0
1118 36 83 0 0
1119 37 83 0 0
1120 36 83 0 0
1121 35 83 0 0
1122 36 83 0 0
1123 35 83 0 0
1124 36 83 0 0
1125 35 83 0 0
1126 36 83 0 0
1127 35 83 0 0
1128 36 83 0 0
1129 35 83 0 0
1130 36 83 0 0
1131 35 83 0 0
1132 34 83 0 0
1133 35 83 0 0
1134 34 83 0 0
1135 35 83 0 0
1136 34 83 0 0
1137 35 83 0 0
1138 34 83 0 0
1139 34 84 0 0
1140 33 84 0 0
1141 34 84 0 0
1142 33 84 0 0
1143 34 84 0 0
1144 33 84 0 0
1145 34 84 0 0
1146 33 84 0 0
1147 34 84 0 0
1148 33 84 0 0
1149 34 84 0 0
1150 33 84 0 0
1151 32 84 0 0
1152 33 84 0 0
1153 32 84 0 0
1154 33 84 0 0
1155 32 84 0 0
1156 33 84 0 0
1157 32 84 0 0
1158 33 84 0 0
1159 32 84 0 0
1160 33 84 0 0
1161 32 84 0 0
1162 31 84 0 0
1163 32 84 0 0
1164 31 84 0 0
1165 32 84 0 0
1166 31 84 0 0
1167 32 84 0 0
1168 31 84 0 0
1169 32 84 0 0
1170 31 84 0 0
1171 30 84 0 0
1172 30 85 0 0
1173 31 85 0 0
1174 30 85 0 0
1175 31 85 0 0
1176 30 85 0 0
1177 31 85 0 0
1178 30 85 0 0
1179 31 85 0 0
1180 30 85 0 0
1181 31 85 0 0
1182 30 85 0 0
1183 29 85 0 0
1184 30 85 0 0
1185 29 85 0 0
1186 30 85 0 0
1187 29 85 0 0
1188 30 85 0 0
1189 29 85 0 0
1190 30 85 0 0
1191 29 85 0 0
1192 28 85 0 0
1193 29 85 0 0
1194 28 85 0 0
1195 29 85 0 0
1196 28 85 0 0
1197 29 85 0 0
1198 28 85 0 0
1199 29 85 0 0
1200 28 85 0 0
1201 29 85 0 0
1202 28 85 0 0
1203 29 85 0 0
1204 28 85 0 0
1205 29 85 0 0
1206 28 85 0 0
1207 27 85 0 0
1208 28 85 0 0
1209 27 85 0 0
1210 28 85 0 0
1211 27 85 0 0
1212 28 85 0 0
1213 27 85 0 0
1214 28 85 0 0
1215 27 85 0 0
1216 28 85 0 0
1217 27 85 0 0
1218 28 85 0 0
1219 27 85 0 0
1220 26 85 0 0
1221 27 85 0 0
1222 26 85 0 0
1223 26 86 0 0
1224 27 86 0 0
1225 26 86 0 0
1226 27 86 0 0
1227 26 86 0 0
1228 27 86 0 0
1229 26 86 0 0
1230 27 86 0 0
1231 26 86 0 0
1232 25 86 0 0
1233 26 86 0 0
1234 25 86 0 0
1235 26 86 0 0
1236 25 86 0 0
1237 26 86 0 0
1238 25 86 0 0
1239 26 86 0 0
1240 25 86 0 0
1241 24 86 0 0
1242 25 86 0 0
1243 24 86 0 0
1244 25 86 0 0
1245 24 86 0 0
1246 25 86 0 0
1247 24 86 0 0
1248 23 86 0 0
1249 24 86 0 0
1250 23 86 0 0
1251 24 86 0 0
1252 23 86 0 0
1253 24 86 0 0
1254 23 86 0 0
1255 22 86 0 0
1256 23 86 0 0
1257 22 86 0 0
1258 23 86 0 0
1259 22 86 0 0
1260 23 86 0 0
1261 22 86 0 0
1262 23 86 0 0
1263 22 86 0 0
1264 21 86 0 0
1265 22 86 0 0
1266 21 86 0 0
1267 22 86 0 0
1268 21 86 0 0
1269 22 86 0 0
1270 21 86 0 0
1271 20 86 0 0
1272 21 86 0 0
1273 20 86 0 0
1274 21 86 0 0
1275 20 86 0 0
1276 21 86 0 0
1277 20 86 0 0
1278 21 86 0 0
1279 20 86 0 0
1280 21 86 0 0
1281 20 86 0 0
1282 21 86 0 0
1283 20 86 0 0
1284 21 86 0 0
1285 20 86 0 0
1286 21 86 0 0
1287 20 86 0 0
1288 21 86 0 0
1289 20 86 0 0
1290 20 85 0 0
1291 21 85 0 0
1292 20 85 0 0
1293 19 85 0 0
1294 20 85 0 0
1295 19 85 0 0
1296 20 85 0 0
1297 19 85 0 0
1298 20 85 0 0
1299 19 85 0 0
1300 18 85 0 0
1301 19 85 0 0
1302 18 85 0 0
1303 19 85 0 0
1304 18 85 0 0
1305 19 85 0 0
1306 18 85 0 0
1307 19 85 0 0
1308 18 85 0 0
1309 17 85 0 0
1310 18 85 0 0
1311 17 85 0 0
1312 18 85 0 0
1313 17 85 0 0
1314 18 85 0 0
1315 17 85 0 0
1316 18 85 0 0
1317 17 85 0 0
1318 16 85 0 0
1319 17 85 0 0
1320 16 85 0 0
1321 17 85 0 0
1322 16 85 0 0
1323 17 85 0 0
1324 16 85 0 0
1325 15 85 0 0
1326 16 85 0 0
1327 15 85 0 0
1328 16 85 0 0
1329 15 85 0 0
1330 16 85 0 0
1331 15 85 0 0
1332 16 85 0 0
1333 15 85 0 0
1334 14 85 0 0
1335 14 86 0 0
1336 15 86 0 0
1337 14 86 0 0
1338 15 86 0 0
1339 14 86 0 0
1340 15 86 0 0
1341 14 86 0 0
1342 15 86 0 0
1343 14 86 0 0
1344 13 86 0 0
1345 14 86 0 0
1346 13 86 0 0
1347 14 86 0 0
1348 13 86 0 0
1349 14 86 0 0
1350 13 86 0 0
1351 14 86 0 0
1352 13 86 0 0
1353 12 86 0 0
1354 13 86 0 0
1355 12 86 0 0
1356 13 86 0 0
1357 12 86 0 0
1358 13 86 0 0
1359 12 86 0 0
1360 11 86 0 0
1361 12 86 0 0
1362 11 86 0 0
1363 12 86 0 0
1364 11 86 0 0
1365 11 87 0 0
1366 12 87 0 0
1367 11 87 0 0
1368 12 87 0 0
1369 11 87 0 0
1370 12 87 0 0
1371 11 87 0 0
1372 10 87 0 0
1373 11 87 0 0
1374 10 87 0 0
1375 11 87 0 0
1376 10 87 0 0
1377 11 87 0 0
1378 10 87 0 0
1379 11 87 0 0
1380 10 87 0 0
1381 9 87 0 0
1382 10 87 0 0
1383 9 87 0 0
1384 10 87 0 0
1385 9 87 0 0
1386 10 87 0 0
1387 9 87 0 0
1388 10 87 0 0
1389 9 87 0 0
1390 8 87 0 0
1391 9 87 0 0
1392 8 87 0 0
1393 9 87 0 0
1394 8 87 0 0
1395 9 87 0 0
1396 8 87 0 0
1397 9 87 0 0
1398 8 87 0 0
1399 7 87 0 0
1400 8 87 0 0
1401 7 87 0 0
1402 8 87 0 0
1403 7 87 0 0
1404 8 87 0 0
1405 7 87 0 0
1406 8 87 0 0
1407 7 87 0 0
1408 8 87 0 0
1409 7 87 0 0
1410 6 87 0 0
1411 7 87 0 0
1412 6 87 0 0
1413 7 87 0 0
1414 6 87 0 0
1415 7 87 0 0
1416 6 87 0 0
1417 7 87 0 0
1418 6 87 0 0
1419 7 87 0 0
1420 6 87 0 0
1421 5 87 0 0
1422 6 87 0 0
1423 5 87 0 0
1424 6 87 0 0
1425 5 87 0 0
1426 6 87 0 0
1427 5 87 0 0
1428 6 87 0 0
1429 5 87 0 0
1430 4 87 0 0
1431 5 87 0 0
1432 4 87 0 0
1433 5 87 0 0
1434 4 87 0 0
1435 5 87 0 0
1436 4 87 0 0
1437 5 87 0 0
1438 4 87 0 0
1439 5 87 0 0
1440 4 87 0 0
1441 5 87 0 0
1442 4 87 0 0
1443 3 87 0 0
1444 4 87 0 0
1445 3 87 0 0
1446 3 86 0 0
1447 4 86 0 0
1448 3 86 0 0
1449 4 86 0 0
1450 3 86 0 0
1451 4 86 0 0
1452 3 86 0 0
1453 2 86 0 0
1454 3 86 0 0
1455 2 86 0 0
1456 3 86 0 0
1457 2 86 0 0
1458 3 86 0 0
1459 2 86 0 0
1460 3 86 0 0
1461 2 86 0 0
1462 3 86 0 0
1463 2 86 0 0
1464 3 86 0 0
1465 2 86 0 0
1466 3 86 0 0
1467 2 86 0 0
1468 3 86 0 0
1469 2 86 0 0
1470 3 86 0 0
1471 2 86 0 0
1472 3 86 0 0
1473 2 86 0 0
1474 3 86 0 0
1475 2 86 0 0
1476 3 86 0 0
1477 2 86 0 0
1478 3 86 0 0
1479 2 86 0 0
1480 3 86 0 0
1481 2 86 0 0
1482 3 86 0 0
1483 2 86 0 0
1484 3 86 0 0
1485 2 86 0 0
