0 196 98 0 0
1 195 98 0 0
2 196 98 0 0
3 195 98 0 0
4 194 98 0 0
5 195 98 0 0
6 194 98 0 0
7 193 98 0 0
8 192 98 0 0
9 193 98 0 0
10 192 98 0 0
11 191 98 0 0
12 192 98 0 0
13 191 98 0 0
14 190 98 0 0
15 191 98 0 0
16 190 98 0 0
17 189 98 0 0
18 188 98 0 0
19 189 98 0 0
20 188 98 0 0
21 188 99 0 0
22 187 99 0 0
23 188 99 0 0
24 187 99 0 0
25 186 99 0 0
26 185 99 0 0
27 186 99 0 0
28 185 99 0 0
29 184 99 0 0
30 185 99 0 0
31 184 99 0 0
32 183 99 0 0
33 182 99 0 0
34 183 99 0 0
35 182 99 0 0
36 181 99 0 0
37 182 99 0 0
38 181 99 0 0
39 180 99 0 0
40 179 99 0 0
41 180 99 0 0
42 179 99 0 0
43 179 100 0 0
44 178 100 0 0
45 179 100 0 0
46 178 100 0 0
47 177 100 0 0
48 178 100 0 0
49 177 100 0 0
50 176 100 0 0
51 175 100 0 0
52 176 100 0 0
53 175 100 0 0
54 174 100 0 0
55 173 100 0 0
56 172 100 0 0
57 173 100 0 0
58 172 100 0 0
59 171 100 0 0
60 171 101 0 0
61 170 101 0 0
62 169 101 0 0
63 170 101 0 0
64 169 101 0 0
65 168 101 0 0
66 167 101 0 0
67 168 101 0 0
68 167 101 0 0
69 166 101 0 0
70 165 101 0 0
71 164 101 0 0
72 163 101 0 0
73 164 101 0 0
74 163 101 0 0
75 162 101 0 0
76 161 101 0 0
77 161 102 0 0
78 160 102 0 0
79 161 102 0 0
80 160 102 0 0
81 159 102 0 0
82 158 102 0 0
83 159 102 0 0
84 158 102 0 0
85 157 102 0 0
86 156 102 0 0
87 155 102 0 0
88 156 102 0 0
89 155 102 0 0
90 154 102 0 0
91 153 102 0 0
92 152 102 0 0
93 153 102 0 0
94 152 102 0 0
95 152 103 0 0
96 151 103 0 0
97 150 103 0 0
98 151 103 0 0
99 150 103 0 0
100 149 103 0 0
101 148 103 0 0
102 149 103 0 0
103 148 103 0 0
104 149 103 0 0
105 148 103 0 0
106 148 104 0 0
107 147 104 0 0
108 148 104 0 0
109 147 104 0 0
110 146 104 0 0
111 147 104 0 0
112 146 104 0 0
113 145 104 0 0
114 144 104 0 0
115 145 104 0 0
116 144 104 0 0
117 143 104 0 0
118 142 104 0 0
119 143 104 0 0
120 142 104 0 0
121 142 105 0 0
122 141 105 0 0
123 140 105 0 0
124 139 105 0 0
125 140 105 0 0
126 139 105 0 0
127 138 105 0 0
128 137 105 0 0
129 137 106 0 0
130 138 106 0 0
131 137 106 0 0
132 136 106 0 0
133 135 106 0 0
134 135 107 0 0
135 136 107 0 0
136 135 107 0 0
137 134 107 0 0
138 133 107 0 0
139 134 107 0 0
140 133 107 0 0
141 133 108 0 0
142 132 108 0 0
143 133 108 0 0
144 132 108 0 0
145 131 108 0 0
146 130 108 0 0
147 131 108 0 0
148 130 108 0 0
149 129 108 0 0
150 130 108 0 0
151 129 108 0 0
152 128 108 0 0
153 129 108 0 0
154 128 108 0 0
