0 129 108 0 0
1 130 108 0 0
2 131 108 0 0
3 130 108 0 0
4 131 108 0 0
5 132 108 0 0
6 131 108 0 0
7 132 108 0 0
8 133 108 0 0
9 132 108 0 0
10 133 108 0 0
11 132 108 0 0
12 133 108 0 0
13 134 108 0 0
14 135 108 0 0
15 134 108 0 0
16 135 108 0 0
17 134 108 0 0
18 135 108 0 0
19 136 108 0 0
20 135 108 0 0
21 136 108 0 0
22 136 107 0 0
23 137 107 0 0
24 136 107 0 0
25 137 107 0 0
26 138 107 0 0
27 137 107 0 0
28 138 107 0 0
29 139 107 0 0
30 138 107 0 0
31 139 107 0 0
32 140 107 0 0
33 139 107 0 0
34 140 107 0 0
35 141 107 0 0
36 140 107 0 0
37 141 107 0 0
38 142 107 0 0
39 141 107 0 0
40 142 107 0 0
41 141 107 0 0
42 142 107 0 0
43 143 107 0 0
44 142 107 0 0
45 143 107 0 0
46 144 107 0 0
47 143 107 0 0
48 144 107 0 0
49 145 107 0 0
50 144 107 0 0
51 145 107 0 0
52 146 107 0 0
53 147 107 0 0
54 146 107 0 0
55 147 107 0 0
56 148 107 0 0
57 147 107 0 0
58 148 107 0 0
59 149 107 0 0
60 148 107 0 0
61 149 107 0 0
62 150 107 0 0
63 149 107 0 0
64 150 107 0 0
65 151 107 0 0
66 150 107 0 0
67 151 107 0 0
68 152 107 0 0
69 151 107 0 0
70 152 107 0 0
71 153 107 0 0
72 152 107 0 0
73 153 107 0 0
74 154 107 0 0
75 155 107 0 0
76 154 107 0 0
77 155 107 0 0
78 155 106 0 0
79 156 106 0 0
80 155 106 0 0
81 156 106 0 0
82 157 106 0 0
83 158 106 0 0
84 157 106 0 0
85 158 106 0 0
86 159 106 0 0
87 158 106 0 0
88 159 106 0 0
89 160 106 0 0
90 159 106 0 0
91 160 106 0 0
92 161 106 0 0
93 162 106 0 0
94 161 106 0 0
95 162 106 0 0
96 163 106 0 0
97 162 106 0 0
98 163 106 0 0
99 164 106 0 0
100 165 106 0 0
101 164 106 0 0
102 165 106 0 0
103 166 106 0 0
104 165 106 0 0
105 166 106 0 0
106 167 106 0 0
107 166 106 0 0
108 166 105 0 0
109 167 105 0 0
110 168 105 0 0
111 167 105 0 0
112 168 105 0 0
113 169 105 0 0
114 168 105 0 0
115 169 105 0 0
116 170 105 0 0
117 169 105 0 0
118 170 105 0 0
119 171 105 0 0
120 170 105 0 0
121 171 105 0 0
122 172 105 0 0
123 171 105 0 0
124 172 105 0 0
125 173 105 0 0
126 172 105 0 0
127 173 105 0 0
128 174 105 0 0
129 173 105 0 0
130 174 105 0 0
131 175 105 0 0
132 174 105 0 0
133 175 105 0 0
134 176 105 0 0
135 175 105 0 0
136 176 105 0 0
137 175 105 0 0
138 176 105 0 0
139 177 105 0 0
140 178 105 0 0
141 177 105 0 0
142 178 105 0 0
143 179 105 0 0
144 178 105 0 0
145 179 105 0 0
146 180 105 0 0
147 179 105 0 0
148 180 105 0 0
149 181 105 0 0
150 180 105 0 0
151 181 105 0 0
152 182 105 0 0
153 181 105 0 0
154 182 105 0 0
155 183 105 0 0
156 183 104 0 0
157 184 104 0 0
158 183 104 0 0
159 184 104 0 0
160 185 104 0 0
161 184 104 0 0
162 185 104 0 0
163 186 104 0 0
164 185 104 0 0
165 186 104 0 0
166 187 104 0 0
167 186 104 0 0
168 187 104 0 0
169 188 104 0 0
170 187 104 0 0
171 188 104 0 0
172 189 104 0 0
173 188 104 0 0
174 189 104 0 0
175 190 104 0 0
176 189 104 0 0
177 190 104 0 0
178 191 104 0 0
179 190 104 0 0
180 191 104 0 0
181 192 104 0 0
182 193 104 0 0
183 192 104 0 0
184 193 104 0 0
185 193 103 0 0
186 194 103 0 0
187 193 103 0 0
188 194 103 0 0
189 195 103 0 0
