0 0 16800 0 0
1 200 16800 0 0
2 400 16800 0 0
3 600 16800 0 0
4 800 16800 0 0
5 1000 16800 0 0
6 1200 16800 0 0
7 1400 16800 0 0
8 1600 16800 0 0
9 1800 16800 0 0
10 2000 16800 0 0
11 2200 16800 0 0
12 2400 16800 0 0
13 2600 16800 0 0
14 2800 16800 0 0
15 2800 17000 0 0
16 3000 17000 0 0
17 3200 17000 0 0
18 3400 17000 0 0
19 3600 17000 0 0
20 3800 17000 0 0
21 4000 17000 0 0
22 4200 17000 0 0
23 4400 17000 0 0
24 4600 17000 0 0
25 4800 17000 0 0
26 5000 17000 0 0
27 5200 17000 0 0
28 5400 17000 0 0
29 5600 17000 0 0
30 5800 17000 0 0
31 6000 17000 0 0
32 6200 17000 0 0
33 6400 17000 0 0
34 6600 17000 0 0
35 6800 17000 0 0
36 7000 17000 0 0
37 7200 17000 0 0
38 7400 17000 0 0
39 7600 17000 0 0
40 7800 17000 0 0
41 8000 17000 0 0
42 8200 17000 0 0
43 8400 17000 0 0
44 8600 17000 0 0
45 8800 17000 0 0
46 9000 17000 0 0
47 9200 17000 0 0
48 9400 17000 0 0
49 9600 17000 0 0
50 9600 16800 0 0
51 9800 16800 0 0
52 10000 16800 0 0
53 10200 16800 0 0
54 10400 16800 0 0
55 10600 16800 0 0
56 10800 16800 0 0
57 11000 16800 0 0
58 11200 16800 0 0
59 11400 16800 0 0
60 11600 16800 0 0
61 11800 16800 0 0
62 12000 16800 0 0
63 12200 16800 0 0
64 12400 16800 0 0
65 12600 16800 0 0
66 12800 16800 0 0
67 13000 16800 0 0
68 13200 16800 0 0
69 13400 16800 0 0
70 13600 16800 0 0
71 13800 16800 0 0
72 14000 16800 0 0
73 14000 17000 0 0
74 14200 17000 0 0
75 14400 17000 0 0
76 14600 17000 0 0
77 14800 17000 0 0
78 15000 17000 0 0
79 15200 17000 0 0
80 15400 17000 0 0
81 15600 17000 0 0
82 15800 17000 0 0
83 16000 17000 0 0
84 16200 17000 0 0
85 16400 17000 0 0
86 16600 17000 0 0
87 16800 17000 0 0
88 17000 17000 0 0
89 17200 17000 0 0
90 17400 17000 0 0
91 17600 17000 0 0
92 17800 17000 0 0
93 18000 17000 0 0
94 18000 17200 0 0
95 18200 17200 0 0
96 18400 17200 0 0
97 18600 17200 0 0
98 18800 17200 0 0
99 19000 17200 0 0
100 19200 17200 0 0
101 19400 17200 0 0
102 19600 17200 0 0
103 19600 17400 0 0
104 19800 17400 0 0
105 20000 17400 0 0
106 20200 17400 0 0
107 20400 17400 0 0
108 20600 17400 0 0
109 20800 17400 0 0
110 21000 17400 0 0
111 21200 17400 0 0
112 21400 17400 0 0
113 21600 17400 0 0
114 21800 17400 0 0
115 22000 17400 0 0
116 22200 17400 0 0
117 22400 17400 0 0
118 22600 17400 0 0
119 22800 17400 0 0
120 23000 17400 0 0
121 23200 17400 0 0
122 23400 17400 0 0
123 23600 17400 0 0
124 23600 17200 0 0
125 23800 17200 0 0
126 24000 17200 0 0
127 24200 17200 0 0
128 24400 17200 0 0
129 24600 17200 0 0
130 24800 17200 0 0
131 25000 17200 0 0
132 25000 17000 0 0
133 25200 17000 0 0
134 25400 17000 0 0
135 25600 17000 0 0
136 25800 17000 0 0
137 26000 17000 0 0
138 26200 17000 0 0
139 26400 17000 0 0
140 26600 17000 0 0
141 26800 17000 0 0
142 27000 17000 0 0
143 27200 17000 0 0
144 27400 17000 0 0
145 27600 17000 0 0
146 27800 17000 0 0
147 28000 17000 0 0
148 28200 17000 0 0
149 28400 17000 0 0
150 28600 17000 0 0
151 28800 17000 0 0
152 29000 17000 0 0
153 29200 17000 0 0
154 29400 17000 0 0
155 29600 17000 0 0
156 29800 17000 0 0
157 30000 17000 0 0
158 30000 16800 0 0
159 30200 16800 0 0
160 30400 16800 0 0
161 30600 16800 0 0
162 30800 16800 0 0
163 31000 16800 0 0
164 31200 16800 0 0
165 31400 16800 0 0
166 31600 16800 0 0
167 31600 16600 0 0
168 31800 16600 0 0
169 32000 16600 0 0
170 32200 16600 0 0
171 32400 16600 0 0
172 32600 16600 0 0
173 32800 16600 0 0
174 33000 16600 0 0
175 33200 16600 0 0
176 33400 16600 0 0
177 33400 16400 0 0
178 33600 16400 0 0
179 33800 16400 0 0
180 34000 16400 0 0
181 34200 16400 0 0
182 34400 16400 0 0
183 34600 16400 0 0
184 34800 16400 0 0
185 35000 16400 0 0
186 35200 16400 0 0
187 35400 16400 0 0
188 35600 16400 0 0
189 35800 16400 0 0
190 36000 16400 0 0
191 36200 16400 0 0
192 36400 16400 0 0
193 36600 16400 0 0
194 36800 16400 0 0
195 37000 16400 0 0
196 37200 16400 0 0
197 37400 16400 0 0
198 37600 16400 0 0
199 37800 16400 0 0
200 38000 16400 0 0
201 38200 16400 0 0
202 38400 16400 0 0
203 38600 16400 0 0
204 38800 16400 0 0
205 39000 16400 0 0
206 39200 16400 0 0
