0 5200 21600 0 0
1 5000 21600 0 0
2 4800 21600 0 0
3 4600 21600 0 0
4 4400 21600 0 0
5 4400 21400 0 0
6 4200 21400 0 0
7 4000 21400 0 0
8 3800 21400 0 0
9 3600 21400 0 0
10 3600 21200 0 0
11 3400 21200 0 0
12 3200 21200 0 0
13 3000 21200 0 0
14 3000 21000 0 0
15 2800 21000 0 0
16 2600 21000 0 0
17 2400 21000 0 0
18 2400 20800 0 0
19 2200 20800 0 0
20 2000 20800 0 0
21 1800 20800 0 0
22 1800 20600 0 0
23 1600 20600 0 0
24 1400 20600 0 0
25 1200 20600 0 0
26 1200 20400 0 0
27 1000 20400 0 0
28 800 20400 0 0
29 800 20200 0 0
30 600 20200 0 0
31 600 20000 0 0
32 400 20000 0 0
33 400 19800 0 0
34 200 19800 0 0
