0 39200 21600 0 0
1 39000 21600 0 0
2 38800 21600 0 0
3 38600 21600 0 0
4 38400 21600 0 0
5 38200 21600 0 0
6 38000 21600 0 0
7 37800 21600 0 0
8 37600 21600 0 0
9 37400 21600 0 0
10 37200 21600 0 0
11 37000 21600 0 0
12 36800 21600 0 0
13 36600 21600 0 0
14 36400 21600 0 0
15 36200 21600 0 0
16 36000 21600 0 0
17 35800 21600 0 0
18 35600 21600 0 0
19 35400 21600 0 0
20 35200 21600 0 0
21 35000 21600 0 0
22 34800 21600 0 0
23 34600 21600 0 0
24 34600 21400 0 0
25 34400 21400 0 0
26 34400 21600 0 0
27 34200 21600 0 0
28 34000 21600 0 0
29 33800 21600 0 0
30 33600 21600 0 0
31 33400 21600 0 0
32 33400 21400 0 0
33 33200 21400 0 0
34 33000 21400 0 0
35 32800 21400 0 0
36 32600 21400 0 0
37 32400 21400 0 0
38 32200 21400 0 0
39 32000 21400 0 0
40 31800 21400 0 0
41 31600 21400 0 0
42 31400 21400 0 0
43 31200 21400 0 0
44 31000 21400 0 0
45 30800 21400 0 0
46 30600 21400 0 0
47 30400 21400 0 0
48 30400 21600 0 0
49 30200 21600 0 0
50 30000 21600 0 0
51 30000 21400 0 0
52 29800 21400 0 0
53 29600 21400 0 0
54 29400 21400 0 0
55 29200 21400 0 0
56 29000 21400 0 0
57 28800 21400 0 0
58 28600 21400 0 0
59 28400 21400 0 0
60 28200 21400 0 0
61 28000 21400 0 0
62 28000 21200 0 0
63 27800 21200 0 0
64 27600 21200 0 0
65 27400 21200 0 0
66 27400 21000 0 0
67 27200 21000 0 0
68 27000 21000 0 0
69 26800 21000 0 0
70 26600 21000 0 0
71 26600 20800 0 0
72 26400 20800 0 0
73 26200 20800 0 0
74 26000 20800 0 0
75 25800 20800 0 0
76 25800 20600 0 0
77 25600 20600 0 0
78 25400 20600 0 0
79 25200 20600 0 0
80 25000 20600 0 0
81 24800 20600 0 0
82 24600 20600 0 0
83 24400 20600 0 0
84 24400 20400 0 0
85 24200 20400 0 0
86 24000 20400 0 0
87 23800 20400 0 0
88 23600 20400 0 0
89 23400 20400 0 0
90 23400 20200 0 0
91 23200 20200 0 0
92 23000 20200 0 0
93 22800 20200 0 0
94 22600 20200 0 0
95 22400 20200 0 0
96 22400 20000 0 0
97 22200 20000 0 0
98 22000 20000 0 0
99 21800 20000 0 0
100 21600 20000 0 0
101 21600 19800 0 0
102 21400 19800 0 0
103 21200 19800 0 0
104 21000 19800 0 0
105 20800 19800 0 0
106 20800 19600 0 0
107 20600 19600 0 0
108 20400 19600 0 0
109 20200 19600 0 0
110 20000 19600 0 0
111 19800 19600 0 0
112 19800 19400 0 0
113 19600 19400 0 0
114 19400 19400 0 0
115 19200 19400 0 0
116 19200 19200 0 0
117 19000 19200 0 0
118 18800 19200 0 0
119 18600 19200 0 0
120 18600 19000 0 0
121 18400 19000 0 0
122 18200 19000 0 0
123 18000 19000 0 0
124 18000 18800 0 0
125 17800 18800 0 0
126 17600 18800 0 0
127 17400 18800 0 0
128 17200 18800 0 0
129 17000 18800 0 0
130 17000 18600 0 0
131 16800 18600 0 0
132 16600 18600 0 0
133 16400 18600 0 0
134 16200 18600 0 0
135 16000 18600 0 0
136 15800 18600 0 0
137 15600 18600 0 0
138 15400 18600 0 0
139 15200 18600 0 0
140 15000 18600 0 0
141 14800 18600 0 0
142 14800 18400 0 0
143 14600 18400 0 0
144 14400 18400 0 0
145 14200 18400 0 0
146 14000 18400 0 0
147 13800 18400 0 0
148 13600 18400 0 0
149 13400 18400 0 0
150 13200 18400 0 0
151 13000 18400 0 0
152 12800 18400 0 0
153 12800 18200 0 0
154 12600 18200 0 0
155 12400 18200 0 0
156 12200 18200 0 0
157 12000 18200 0 0
158 11800 18200 0 0
159 11600 18200 0 0
160 11400 18200 0 0
161 11200 18200 0 0
162 11000 18200 0 0
163 10800 18200 0 0
164 10600 18200 0 0
165 10400 18200 0 0
166 10200 18200 0 0
167 10000 18200 0 0
168 9800 18200 0 0
169 9600 18200 0 0
170 9400 18200 0 0
171 9200 18200 0 0
172 9000 18200 0 0
173 8800 18200 0 0
174 8600 18200 0 0
175 8400 18200 0 0
176 8200 18200 0 0
177 8000 18200 0 0
178 7800 18200 0 0
179 7600 18200 0 0
180 7400 18200 0 0
181 7200 18200 0 0
182 7000 18200 0 0
183 6800 18200 0 0
184 6600 18200 0 0
185 6400 18200 0 0
186 6400 18400 0 0
187 6200 18400 0 0
188 6000 18400 0 0
189 5800 18400 0 0
190 5600 18400 0 0
191 5400 18400 0 0
192 5200 18400 0 0
193 5000 18400 0 0
194 4800 18400 0 0
195 4600 18400 0 0
196 4400 18400 0 0
197 4200 18400 0 0
198 4000 18400 0 0
199 3800 18400 0 0
200 3600 18400 0 0
201 3400 18400 0 0
202 3200 18400 0 0
203 3000 18400 0 0
204 2800 18400 0 0
205 2600 18400 0 0
206 2400 18400 0 0
207 2200 18400 0 0
208 2000 18400 0 0
209 1800 18400 0 0
210 1600 18400 0 0
211 1400 18400 0 0
212 1200 18400 0 0
213 1000 18400 0 0
214 800 18400 0 0
215 600 18400 0 0
216 400 18400 0 0
217 200 18400 0 0
218 0 18400 0 0
219 0 18200 0 0
220 0 18000 0 0
221 200 18000 0 0
222 400 18000 0 0
223 600 18000 0 0
224 800 18000 0 0
225 800 18200 0 0
226 1000 18200 0 0
227 1200 18200 0 0
228 1400 18200 0 0
229 1400 18400 0 0
230 1600 18400 0 0
231 1800 18400 0 0
232 2000 18400 0 0
233 2200 18400 0 0
234 2200 18600 0 0
235 2400 18600 0 0
236 2600 18600 0 0
237 2600 18800 0 0
238 2800 18800 0 0
239 3000 18800 0 0
240 3000 19000 0 0
241 3200 19000 0 0
242 3400 19000 0 0
243 3600 19000 0 0
244 3600 19200 0 0
245 3800 19200 0 0
246 4000 19200 0 0
247 4000 19400 0 0
248 4200 19400 0 0
249 4400 19400 0 0
250 4400 19600 0 0
251 4600 19600 0 0
252 4600 19800 0 0
253 4800 19800 0 0
254 4800 20000 0 0
255 5000 20000 0 0
256 5000 20200 0 0
257 5200 20200 0 0
258 5400 20200 0 0
259 5400 20400 0 0
260 5400 20600 0 0
261 5600 20600 0 0
262 5800 20600 0 0
263 5800 20800 0 0
264 6000 20800 0 0
265 6000 21000 0 0
266 6200 21000 0 0
267 6200 21200 0 0
268 6400 21200 0 0
269 6600 21200 0 0
270 6600 21400 0 0
271 6800 21400 0 0
272 7000 21400 0 0
