0 38800 11800 0 0
1 38600 11800 0 0
2 38600 11600 0 0
3 38400 11600 0 0
4 38200 11600 0 0
5 38000 11600 0 0
6 37800 11600 0 0
7 37600 11600 0 0
8 37600 11400 0 0
9 37400 11400 0 0
10 37200 11400 0 0
11 37000 11400 0 0
12 37000 11200 0 0
13 36800 11200 0 0
14 36600 11200 0 0
15 36400 11200 0 0
16 36200 11200 0 0
17 36200 11000 0 0
18 36000 11000 0 0
19 35800 11000 0 0
20 35600 11000 0 0
21 35400 11000 0 0
22 35400 10800 0 0
23 35200 10800 0 0
24 35000 10800 0 0
25 34800 10800 0 0
26 34800 10600 0 0
27 34600 10600 0 0
28 34400 10600 0 0
29 34200 10600 0 0
30 34200 10400 0 0
31 34000 10400 0 0
32 33800 10400 0 0
33 33600 10400 0 0
34 33400 10400 0 0
35 33400 10200 0 0
36 33200 10200 0 0
37 33000 10200 0 0
38 32800 10200 0 0
39 32600 10200 0 0
40 32400 10200 0 0
41 32400 10000 0 0
42 32200 10000 0 0
43 32000 10000 0 0
44 31800 10000 0 0
45 31600 10000 0 0
46 31400 10000 0 0
47 31400 9800 0 0
48 31200 9800 0 0
49 31000 9800 0 0
50 30800 9800 0 0
51 30800 9600 0 0
52 30600 9600 0 0
53 30400 9600 0 0
54 30200 9600 0 0
55 30000 9600 0 0
56 30000 9400 0 0
57 29800 9400 0 0
58 29600 9400 0 0
59 29400 9400 0 0
60 29200 9400 0 0
61 29200 9200 0 0
62 29000 9200 0 0
63 28800 9200 0 0
64 28600 9200 0 0
65 28600 9000 0 0
66 28400 9000 0 0
67 28200 9000 0 0
68 28000 9000 0 0
69 28000 8800 0 0
70 27800 8800 0 0
71 27600 8800 0 0
72 27400 8800 0 0
73 27200 8800 0 0
74 27200 8600 0 0
75 27000 8600 0 0
76 26800 8600 0 0
77 26600 8600 0 0
78 26600 8400 0 0
79 26400 8400 0 0
80 26200 8400 0 0
81 26000 8400 0 0
82 26000 8200 0 0
83 25800 8200 0 0
84 25600 8200 0 0
85 25400 8200 0 0
86 25200 8200 0 0
87 25200 8000 0 0
88 25000 8000 0 0
89 24800 8000 0 0
90 24600 8000 0 0
91 24400 8000 0 0
92 24400 7800 0 0
93 24200 7800 0 0
94 24000 7800 0 0
95 23800 7800 0 0
96 23600 7800 0 0
97 23600 7600 0 0
98 23400 7600 0 0
99 23200 7600 0 0
100 23000 7600 0 0
101 22800 7600 0 0
102 22600 7600 0 0
103 22600 7400 0 0
104 22400 7400 0 0
105 22200 7400 0 0
106 22000 7400 0 0
107 21800 7400 0 0
108 21600 7400 0 0
109 21600 7200 0 0
110 21400 7200 0 0
111 21200 7200 0 0
112 21000 7200 0 0
113 20800 7200 0 0
114 20800 7000 0 0
115 20600 7000 0 0
116 20400 7000 0 0
117 20200 7000 0 0
118 20000 7000 0 0
119 19800 7000 0 0
120 19600 7000 0 0
121 19400 7000 0 0
122 19200 7000 0 0
123 19000 7000 0 0
124 18800 7000 0 0
125 18600 7000 0 0
126 18400 7000 0 0
127 18200 7000 0 0
128 18000 7000 0 0
129 17800 7000 0 0
130 17600 7000 0 0
131 17400 7000 0 0
132 17200 7000 0 0
133 17000 7000 0 0
134 16800 7000 0 0
135 16600 7000 0 0
136 16400 7000 0 0
137 16200 7000 0 0
138 16000 7000 0 0
139 15800 7000 0 0
140 15600 7000 0 0
141 15400 7000 0 0
142 15200 7000 0 0
143 15000 7000 0 0
144 14800 7000 0 0
145 14600 7000 0 0
146 14400 7000 0 0
147 14200 7000 0 0
148 14000 7000 0 0
149 14000 6800 0 0
150 13800 6800 0 0
151 13600 6800 0 0
152 13400 6800 0 0
153 13200 6800 0 0
154 13000 6800 0 0
155 12800 6800 0 0
156 12600 6800 0 0
157 12400 6800 0 0
158 12400 6600 0 0
159 12200 6600 0 0
160 12000 6600 0 0
161 11800 6600 0 0
162 11600 6600 0 0
163 11400 6600 0 0
164 11200 6600 0 0
165 11000 6600 0 0
166 10800 6600 0 0
167 10600 6600 0 0
168 10600 6400 0 0
169 10400 6400 0 0
170 10200 6400 0 0
171 10000 6400 0 0
172 9800 6400 0 0
173 9600 6400 0 0
174 9400 6400 0 0
175 9200 6400 0 0
176 9000 6400 0 0
177 8800 6400 0 0
178 8800 6200 0 0
179 8600 6200 0 0
180 8400 6200 0 0
181 8200 6200 0 0
182 8000 6200 0 0
183 7800 6200 0 0
184 7600 6200 0 0
185 7400 6200 0 0
186 7200 6200 0 0
187 7200 6000 0 0
188 7000 6000 0 0
189 6800 6000 0 0
190 6600 6000 0 0
191 6400 6000 0 0
192 6200 6000 0 0
193 6000 6000 0 0
194 5800 6000 0 0
195 5600 6000 0 0
196 5600 5800 0 0
197 5400 5800 0 0
198 5200 5800 0 0
199 5000 5800 0 0
200 4800 5800 0 0
201 4600 5800 0 0
202 4600 5600 0 0
203 4400 5600 0 0
204 4200 5600 0 0
205 4000 5600 0 0
206 3800 5600 0 0
207 3600 5600 0 0
208 3600 5400 0 0
209 3400 5400 0 0
210 3200 5400 0 0
211 3000 5400 0 0
212 3000 5200 0 0
213 2800 5200 0 0
214 2600 5200 0 0
215 2400 5200 0 0
216 2200 5200 0 0
217 2200 5000 0 0
218 2000 5000 0 0
219 1800 5000 0 0
220 1600 5000 0 0
221 1600 4800 0 0
222 1400 4800 0 0
223 1200 4800 0 0
224 1000 4800 0 0
225 1000 4600 0 0
226 800 4600 0 0
227 800 4400 0 0
228 600 4400 0 0
229 400 4400 0 0
230 400 4200 0 0
231 200 4200 0 0
232 200 4000 0 0
