0 191 114 0 0
1 190 114 0 0
2 189 114 0 0
3 188 114 0 0
4 187 114 0 0
5 186 114 0 0
6 186 113 0 0
7 185 113 0 0
8 184 113 0 0
9 183 113 0 0
10 182 113 0 0
11 181 113 0 0
12 180 113 0 0
13 179 113 0 0
14 179 112 0 0
15 178 112 0 0
16 177 112 0 0
17 176 112 0 0
18 175 112 0 0
19 174 112 0 0
20 174 111 0 0
21 173 111 0 0
22 172 111 0 0
23 172 110 0 0
24 171 110 0 0
25 170 110 0 0
26 170 109 0 0
27 169 109 0 0
28 168 109 0 0
29 168 108 0 0
30 167 108 0 0
31 166 108 0 0
32 165 108 0 0
33 165 107 0 0
34 164 107 0 0
35 163 107 0 0
36 162 107 0 0
37 162 106 0 0
38 161 106 0 0
39 160 106 0 0
40 160 105 0 0
41 159 105 0 0
42 158 105 0 0
43 157 105 0 0
44 157 104 0 0
45 156 104 0 0
46 155 104 0 0
47 154 104 0 0
48 154 103 0 0
49 153 103 0 0
50 152 103 0 0
51 152 102 0 0
52 151 102 0 0
53 150 102 0 0
54 149 102 0 0
55 148 102 0 0
56 147 102 0 0
57 146 102 0 0
58 145 102 0 0
59 145 101 0 0
60 144 101 0 0
61 143 101 0 0
62 142 101 0 0
63 141 101 0 0
64 140 101 0 0
65 139 101 0 0
66 138 101 0 0
67 137 101 0 0
68 136 101 0 0
69 135 101 0 0
70 134 101 0 0
71 133 101 0 0
72 133 100 0 0
73 132 100 0 0
74 131 100 0 0
75 130 100 0 0
76 129 100 0 0
77 128 100 0 0
78 127 100 0 0
79 126 100 0 0
80 125 100 0 0
81 124 100 0 0
82 123 100 0 0
83 122 100 0 0
84 121 100 0 0
85 120 100 0 0
86 120 99 0 0
87 119 99 0 0
88 118 99 0 0
89 117 99 0 0
90 116 99 0 0
91 115 99 0 0
92 114 99 0 0
93 113 99 0 0
94 112 99 0 0
95 112 98 0 0
96 111 98 0 0
97 110 98 0 0
98 109 98 0 0
99 108 98 0 0
100 107 98 0 0
101 107 97 0 0
102 106 97 0 0
103 105 97 0 0
104 104 97 0 0
105 103 97 0 0
106 102 97 0 0
107 101 97 0 0
108 100 97 0 0
109 99 97 0 0
110 98 97 0 0
111 97 97 0 0
112 96 97 0 0
113 95 97 0 0
114 95 98 0 0
115 94 98 0 0
116 93 98 0 0
117 92 98 0 0
118 91 98 0 0
119 90 98 0 0
120 89 98 0 0
121 88 98 0 0
122 87 98 0 0
123 86 98 0 0
124 85 98 0 0
125 84 98 0 0
126 84 99 0 0
127 83 99 0 0
128 82 99 0 0
129 81 99 0 0
130 80 99 0 0
131 79 99 0 0
132 78 99 0 0
133 77 99 0 0
134 76 99 0 0
135 75 99 0 0
136 74 99 0 0
137 73 99 0 0
138 72 99 0 0
139 71 99 0 0
140 70 99 0 0
141 69 99 0 0
142 68 99 0 0
143 67 99 0 0
144 66 99 0 0
145 65 99 0 0
146 64 99 0 0
147 63 99 0 0
148 62 99 0 0
149 61 99 0 0
150 60 99 0 0
151 59 99 0 0
152 58 99 0 0
153 57 99 0 0
154 56 99 0 0
155 55 99 0 0
156 54 99 0 0
157 54 98 0 0
158 53 98 0 0
159 52 98 0 0
160 52 97 0 0
161 51 97 0 0
162 51 96 0 0
163 50 96 0 0
164 50 95 0 0
165 49 95 0 0
166 48 95 0 0
167 48 94 0 0
168 47 94 0 0
169 46 94 0 0
170 46 93 0 0
171 45 93 0 0
172 45 92 0 0
173 44 92 0 0
174 44 91 0 0
175 43 91 0 0
176 43 90 0 0
177 42 90 0 0
178 41 90 0 0
179 41 89 0 0
180 41 88 0 0
181 40 88 0 0
182 40 87 0 0
183 39 87 0 0
184 39 86 0 0
185 38 86 0 0
186 38 85 0 0
187 37 85 0 0
188 37 84 0 0
189 36 84 0 0
190 36 83 0 0
191 35 83 0 0
192 35 82 0 0
193 34 82 0 0
194 34 81 0 0
195 33 81 0 0
196 33 80 0 0
197 32 80 0 0
198 32 79 0 0
199 31 79 0 0
200 31 78 0 0
201 30 78 0 0
202 30 77 0 0
203 30 76 0 0
204 29 76 0 0
205 28 76 0 0
206 28 75 0 0
207 27 75 0 0
208 27 74 0 0
209 27 73 0 0
210 26 73 0 0
211 26 72 0 0
212 25 72 0 0
213 25 71 0 0
214 24 71 0 0
215 23 71 0 0
216 23 70 0 0
217 23 69 0 0
218 23 68 0 0
219 23 67 0 0
220 23 66 0 0
221 23 65 0 0
222 23 64 0 0
223 22 64 0 0
224 22 63 0 0
225 22 62 0 0
226 22 61 0 0
227 22 60 0 0
228 22 59 0 0
229 22 58 0 0
230 22 57 0 0
231 22 56 0 0
232 22 55 0 0
233 22 54 0 0
234 22 53 0 0
235 22 52 0 0
236 22 51 0 0
237 23 51 0 0
238 23 50 0 0
239 23 49 0 0
240 23 48 0 0
241 23 47 0 0
242 23 46 0 0
243 23 45 0 0
244 23 44 0 0
245 24 44 0 0
246 24 43 0 0
247 23 43 0 0
248 23 42 0 0
249 23 41 0 0
250 23 40 0 0
251 22 40 0 0
252 22 39 0 0
253 22 38 0 0
254 21 38 0 0
255 21 37 0 0
256 21 36 0 0
257 20 36 0 0
258 20 35 0 0
259 19 35 0 0
260 19 34 0 0
261 18 34 0 0
262 18 33 0 0
263 17 33 0 0
264 16 33 0 0
265 16 32 0 0
266 15 32 0 0
267 15 31 0 0
268 14 31 0 0
269 14 30 0 0
270 13 30 0 0
271 13 29 0 0
272 12 29 0 0
273 11 29 0 0
274 11 28 0 0
275 10 28 0 0
276 10 27 0 0
277 9 27 0 0
278 9 26 0 0
279 8 26 0 0
280 8 25 0 0
281 7 25 0 0
282 6 25 0 0
283 6 24 0 0
284 5 24 0 0
285 5 23 0 0
286 4 23 0 0
287 3 23 0 0
288 3 22 0 0
289 2 22 0 0
290 1 22 0 0
291 1 21 0 0
