0 400 27200 0 0
1 600 27200 0 0
2 600 27000 0 0
3 800 27000 0 0
4 800 26800 0 0
5 1000 26800 0 0
6 1000 26600 0 0
7 1200 26600 0 0
8 1200 26400 0 0
9 1200 26200 0 0
10 1400 26200 0 0
11 1400 26000 0 0
12 1400 25800 0 0
13 1600 25800 0 0
14 1600 25600 0 0
15 1800 25600 0 0
16 1800 25400 0 0
17 1800 25200 0 0
18 2000 25200 0 0
19 2000 25000 0 0
20 2200 25000 0 0
21 2200 24800 0 0
22 2400 24800 0 0
23 2400 24600 0 0
24 2600 24600 0 0
25 2600 24400 0 0
26 2800 24400 0 0
27 2800 24200 0 0
28 3000 24200 0 0
29 3000 24000 0 0
30 3200 24000 0 0
31 3200 23800 0 0
32 3400 23800 0 0
33 3400 23600 0 0
34 3600 23600 0 0
35 3800 23600 0 0
36 4000 23600 0 0
37 4000 23400 0 0
38 4200 23400 0 0
39 4400 23400 0 0
40 4400 23200 0 0
41 4600 23200 0 0
42 4800 23200 0 0
43 5000 23200 0 0
44 5200 23200 0 0
45 5400 23200 0 0
46 5600 23200 0 0
47 5800 23200 0 0
48 6000 23200 0 0
49 6200 23200 0 0
50 6400 23200 0 0
51 6600 23200 0 0
52 6800 23200 0 0
53 7000 23200 0 0
54 7200 23200 0 0
55 7400 23200 0 0
56 7600 23200 0 0
57 7600 23400 0 0
58 7800 23400 0 0
59 8000 23400 0 0
60 8200 23400 0 0
61 8400 23400 0 0
62 8600 23400 0 0
63 8800 23400 0 0
64 9000 23400 0 0
65 9200 23400 0 0
66 9400 23400 0 0
67 9600 23400 0 0
68 9800 23400 0 0
69 10000 23400 0 0
70 10200 23400 0 0
71 10400 23400 0 0
72 10600 23400 0 0
73 10800 23400 0 0
74 11000 23400 0 0
75 11200 23400 0 0
76 11400 23400 0 0
77 11600 23400 0 0
78 11800 23400 0 0
79 11800 23600 0 0
80 12000 23600 0 0
81 12200 23600 0 0
82 12400 23600 0 0
83 12600 23600 0 0
84 12800 23600 0 0
85 13000 23600 0 0
86 13200 23600 0 0
87 13400 23600 0 0
88 13600 23600 0 0
89 13800 23600 0 0
90 14000 23600 0 0
91 14200 23600 0 0
92 14400 23600 0 0
93 14600 23600 0 0
94 14800 23600 0 0
95 15000 23600 0 0
96 15200 23600 0 0
97 15400 23600 0 0
98 15600 23600 0 0
99 15800 23600 0 0
100 16000 23600 0 0
101 16200 23600 0 0
102 16200 23800 0 0
103 16400 23800 0 0
104 16600 23800 0 0
105 16800 23800 0 0
106 17000 23800 0 0
107 17200 23800 0 0
108 17400 23800 0 0
109 17600 23800 0 0
110 17800 23800 0 0
111 18000 23800 0 0
112 18200 23800 0 0
113 18400 23800 0 0
114 18600 23800 0 0
115 18800 23800 0 0
116 19000 23800 0 0
117 19200 23800 0 0
118 19400 23800 0 0
119 19600 23800 0 0
120 19800 23800 0 0
121 20000 23800 0 0
122 20200 23800 0 0
123 20400 23800 0 0
124 20600 23800 0 0
125 20600 24000 0 0
126 20800 24000 0 0
127 21000 24000 0 0
128 21200 24000 0 0
129 21400 24000 0 0
130 21600 24000 0 0
131 21800 24000 0 0
132 22000 24000 0 0
133 22200 24000 0 0
134 22400 24000 0 0
135 22600 24000 0 0
136 22600 24200 0 0
137 22800 24200 0 0
138 23000 24200 0 0
139 23000 24400 0 0
140 23200 24400 0 0
141 23200 24600 0 0
142 23400 24600 0 0
143 23600 24600 0 0
144 23600 24800 0 0
145 23800 24800 0 0
146 24000 24800 0 0
147 24200 24800 0 0
148 24200 25000 0 0
149 24400 25000 0 0
150 24600 25000 0 0
151 24600 25200 0 0
152 24800 25200 0 0
153 25000 25200 0 0
154 25000 25400 0 0
155 25200 25400 0 0
156 25400 25400 0 0
157 25400 25600 0 0
158 25600 25600 0 0
159 25800 25600 0 0
160 25800 25800 0 0
161 26000 25800 0 0
162 26200 25800 0 0
163 26400 25800 0 0
164 26400 26000 0 0
165 26600 26000 0 0
166 26600 26200 0 0
167 26800 26200 0 0
168 27000 26200 0 0
169 27000 26400 0 0
170 27200 26400 0 0
171 27400 26400 0 0
172 27600 26400 0 0
173 27600 26600 0 0
174 27800 26600 0 0
175 28000 26600 0 0
176 28000 26800 0 0
177 28200 26800 0 0
178 28400 26800 0 0
179 28400 27000 0 0
180 28600 27000 0 0
181 28800 27000 0 0
182 28800 27200 0 0
183 29000 27200 0 0
184 29200 27200 0 0
185 29200 27400 0 0
186 29400 27400 0 0
187 29600 27400 0 0
188 29600 27600 0 0
189 29800 27600 0 0
190 30000 27600 0 0
191 30000 27800 0 0
192 30200 27800 0 0
193 30400 27800 0 0
194 30400 28000 0 0
195 30600 28000 0 0
196 30800 28000 0 0
197 31000 28000 0 0
198 31000 28200 0 0
199 31200 28200 0 0
200 31400 28200 0 0
201 31600 28200 0 0
202 31800 28200 0 0
203 32000 28200 0 0
204 32000 28400 0 0
205 32200 28400 0 0
206 32400 28400 0 0
207 32600 28400 0 0
208 32600 28600 0 0
209 32800 28600 0 0
210 33000 28600 0 0
211 33200 28600 0 0
212 33400 28600 0 0
213 33400 28800 0 0
214 33600 28800 0 0
215 33800 28800 0 0
216 34000 28800 0 0
217 34000 29000 0 0
218 34200 29000 0 0
219 34400 29000 0 0
220 34400 29200 0 0
221 34600 29200 0 0
222 34600 29400 0 0
223 34800 29400 0 0
224 35000 29400 0 0
225 35000 29600 0 0
226 35200 29600 0 0
227 35400 29600 0 0
228 35600 29600 0 0
229 35600 29800 0 0
230 35800 29800 0 0
231 36000 29800 0 0
