0 5400 600 0 0
1 5400 800 0 0
2 5400 1000 0 0
3 5600 1000 0 0
4 5600 1200 0 0
5 5600 1400 0 0
6 5800 1400 0 0
7 5800 1600 0 0
8 5800 1800 0 0
9 6000 1800 0 0
10 6000 2000 0 0
11 6000 2200 0 0
12 6000 2400 0 0
13 6200 2400 0 0
14 6200 2600 0 0
15 6400 2600 0 0
16 6400 2800 0 0
17 6600 2800 0 0
18 6600 3000 0 0
19 6800 3000 0 0
20 6800 3200 0 0
21 7000 3200 0 0
22 7000 3400 0 0
23 7200 3400 0 0
24 7200 3600 0 0
25 7400 3600 0 0
26 7400 3800 0 0
27 7600 3800 0 0
28 7800 3800 0 0
29 8000 3800 0 0
30 8000 4000 0 0
31 8200 4000 0 0
32 8400 4000 0 0
33 8600 4000 0 0
34 8800 4000 0 0
35 9000 4000 0 0
36 9200 4000 0 0
37 9200 4200 0 0
38 9400 4200 0 0
39 9600 4200 0 0
40 9800 4200 0 0
41 10000 4200 0 0
42 10200 4200 0 0
43 10400 4200 0 0
44 10600 4200 0 0
45 10800 4200 0 0
46 10800 4400 0 0
47 11000 4400 0 0
48 11200 4400 0 0
49 11400 4400 0 0
50 11400 4600 0 0
51 11600 4600 0 0
52 11800 4600 0 0
53 12000 4600 0 0
54 12000 4800 0 0
55 12200 4800 0 0
56 12400 4800 0 0
57 12600 4800 0 0
58 12800 4800 0 0
59 12800 4600 0 0
60 13000 4600 0 0
61 13200 4600 0 0
62 13200 4400 0 0
63 13400 4400 0 0
64 13600 4400 0 0
65 13600 4600 0 0
66 13800 4600 0 0
67 14000 4600 0 0
68 14200 4600 0 0
69 14400 4600 0 0
70 14600 4600 0 0
71 14800 4600 0 0
72 15000 4600 0 0
73 15200 4600 0 0
74 15400 4600 0 0
75 15600 4600 0 0
76 15800 4600 0 0
77 16000 4600 0 0
78 16200 4600 0 0
79 16400 4600 0 0
80 16600 4600 0 0
81 16800 4600 0 0
82 16800 4800 0 0
83 17000 4800 0 0
84 17200 4800 0 0
85 17400 4800 0 0
86 17600 4800 0 0
87 17800 4800 0 0
88 18000 4800 0 0
89 18200 4800 0 0
90 18400 4800 0 0
91 18600 4800 0 0
92 18800 4800 0 0
93 19000 4800 0 0
94 19200 4800 0 0
95 19200 5000 0 0
96 19400 5000 0 0
97 19600 5000 0 0
98 19800 5000 0 0
99 19800 5200 0 0
100 20000 5200 0 0
101 20200 5200 0 0
102 20400 5200 0 0
103 20400 5400 0 0
104 20600 5400 0 0
105 20800 5400 0 0
106 21000 5400 0 0
107 21000 5600 0 0
108 21200 5600 0 0
109 21400 5600 0 0
110 21600 5600 0 0
111 21600 5800 0 0
112 21800 5800 0 0
113 22000 5800 0 0
114 22200 5800 0 0
115 22400 5800 0 0
116 22400 6000 0 0
117 22600 6000 0 0
118 22800 6000 0 0
119 22800 6200 0 0
120 23000 6200 0 0
121 23200 6200 0 0
122 23200 6400 0 0
123 23400 6400 0 0
124 23600 6400 0 0
125 23600 6600 0 0
126 23800 6600 0 0
127 24000 6600 0 0
128 24000 6800 0 0
129 24200 6800 0 0
130 24400 6800 0 0
131 24400 7000 0 0
132 24600 7000 0 0
133 24800 7000 0 0
134 24800 7200 0 0
135 25000 7200 0 0
136 25200 7200 0 0
137 25400 7200 0 0
138 25400 7400 0 0
139 25600 7400 0 0
140 25800 7400 0 0
141 26000 7400 0 0
142 26000 7600 0 0
143 26200 7600 0 0
144 26400 7600 0 0
145 26400 7800 0 0
146 26600 7800 0 0
147 26800 7800 0 0
148 27000 7800 0 0
149 27200 7800 0 0
150 27200 8000 0 0
151 27400 8000 0 0
152 27600 8000 0 0
153 27800 8000 0 0
154 28000 8000 0 0
155 28000 8200 0 0
156 28200 8200 0 0
157 28400 8200 0 0
158 28600 8200 0 0
159 28600 8400 0 0
160 28800 8400 0 0
161 29000 8400 0 0
162 29000 8600 0 0
163 29200 8600 0 0
164 29200 8800 0 0
165 29400 8800 0 0
166 29600 8800 0 0
167 29800 8800 0 0
168 29800 9000 0 0
169 30000 9000 0 0
170 30200 9000 0 0
171 30200 9200 0 0
172 30400 9200 0 0
173 30600 9200 0 0
174 30600 9400 0 0
175 30800 9400 0 0
176 31000 9400 0 0
177 31000 9600 0 0
178 31200 9600 0 0
179 31400 9600 0 0
180 31400 9800 0 0
181 31600 9800 0 0
182 31800 9800 0 0
183 32000 9800 0 0
184 32000 10000 0 0
185 32200 10000 0 0
186 32400 10000 0 0
187 32600 10000 0 0
188 32600 10200 0 0
189 32800 10200 0 0
190 33000 10200 0 0
191 33200 10200 0 0
192 33200 10400 0 0
193 33400 10400 0 0
194 33600 10400 0 0
195 33800 10400 0 0
196 34000 10400 0 0
197 34000 10600 0 0
198 34200 10600 0 0
199 34400 10600 0 0
200 34600 10600 0 0
201 34600 10800 0 0
202 34800 10800 0 0
203 35000 10800 0 0
204 35200 10800 0 0
205 35200 11000 0 0
206 35400 11000 0 0
207 35600 11000 0 0
208 35800 11000 0 0
209 36000 11000 0 0
210 36000 11200 0 0
211 36200 11200 0 0
212 36400 11200 0 0
213 36600 11200 0 0
214 36600 11400 0 0
215 36800 11400 0 0
216 37000 11400 0 0
217 37200 11400 0 0
218 37400 11400 0 0
219 37600 11400 0 0
220 37800 11400 0 0
221 37800 11600 0 0
222 38000 11600 0 0
223 38200 11600 0 0
224 38400 11600 0 0
225 38600 11600 0 0
