0 6000 600 0 0
1 6000 800 0 0
2 6000 1000 0 0
3 6000 1200 0 0
4 6000 1400 0 0
5 6000 1600 0 0
6 6000 1800 0 0
7 6200 1800 0 0
8 6200 2000 0 0
9 6200 2200 0 0
10 6200 2400 0 0
11 6200 2600 0 0
12 6400 2600 0 0
13 6400 2800 0 0
14 6400 3000 0 0
15 6600 3000 0 0
16 6600 3200 0 0
17 6600 3400 0 0
18 6800 3400 0 0
19 6800 3600 0 0
20 6800 3800 0 0
21 7000 3800 0 0
22 7000 4000 0 0
23 7200 4000 0 0
24 7200 4200 0 0
25 7400 4200 0 0
26 7400 4400 0 0
27 7600 4400 0 0
28 7600 4600 0 0
29 7800 4600 0 0
30 7800 4800 0 0
31 8000 4800 0 0
32 8000 5000 0 0
33 8200 5000 0 0
34 8400 5000 0 0
35 8400 5200 0 0
36 8600 5200 0 0
37 8600 5400 0 0
38 8800 5400 0 0
39 8800 5600 0 0
40 9000 5600 0 0
41 9000 5800 0 0
42 9200 5800 0 0
43 9400 5800 0 0
44 9400 6000 0 0
45 9600 6000 0 0
46 9800 6000 0 0
47 10000 6000 0 0
48 10200 6000 0 0
49 10200 6200 0 0
50 10400 6200 0 0
51 10600 6200 0 0
52 10800 6200 0 0
53 11000 6200 0 0
54 11200 6200 0 0
55 11200 6400 0 0
56 11400 6400 0 0
57 11600 6400 0 0
58 11800 6400 0 0
59 12000 6400 0 0
60 12200 6400 0 0
61 12200 6200 0 0
62 12400 6200 0 0
63 12600 6200 0 0
64 12800 6200 0 0
65 12800 6000 0 0
66 13000 6000 0 0
67 13200 6000 0 0
68 13400 6000 0 0
69 13400 5800 0 0
70 13600 5800 0 0
71 13800 5800 0 0
72 14000 5800 0 0
73 14000 5600 0 0
74 14200 5600 0 0
75 14400 5600 0 0
76 14600 5600 0 0
77 14600 5400 0 0
78 14600 5600 0 0
79 14800 5600 0 0
80 15000 5600 0 0
81 15200 5600 0 0
82 15400 5600 0 0
83 15600 5600 0 0
84 15800 5600 0 0
85 16000 5600 0 0
86 16200 5600 0 0
87 16400 5600 0 0
88 16600 5600 0 0
89 16800 5600 0 0
90 17000 5600 0 0
91 17200 5600 0 0
92 17400 5600 0 0
93 17600 5600 0 0
94 17800 5600 0 0
95 18000 5600 0 0
96 18200 5600 0 0
97 18400 5600 0 0
98 18600 5600 0 0
99 18800 5600 0 0
100 19000 5600 0 0
101 19200 5600 0 0
102 19400 5600 0 0
103 19600 5600 0 0
104 19800 5600 0 0
105 20000 5600 0 0
106 20000 5800 0 0
107 20200 5800 0 0
108 20400 5800 0 0
109 20600 5800 0 0
110 20800 5800 0 0
111 20800 5600 0 0
112 21000 5600 0 0
113 21000 5800 0 0
114 21200 5800 0 0
115 21400 5800 0 0
116 21400 6000 0 0
117 21600 6000 0 0
118 21800 6000 0 0
119 21800 6200 0 0
120 22000 6200 0 0
121 22200 6200 0 0
122 22400 6200 0 0
123 22400 6400 0 0
124 22600 6400 0 0
125 22800 6400 0 0
126 22800 6600 0 0
127 23000 6600 0 0
128 23200 6600 0 0
129 23400 6600 0 0
130 23600 6600 0 0
131 23600 6800 0 0
132 23800 6800 0 0
133 24000 6800 0 0
134 24000 7000 0 0
135 24200 7000 0 0
136 24400 7000 0 0
137 24400 7200 0 0
138 24600 7200 0 0
139 24800 7200 0 0
140 25000 7200 0 0
141 25000 7400 0 0
142 25200 7400 0 0
143 25400 7400 0 0
144 25400 7600 0 0
145 25600 7600 0 0
146 25800 7600 0 0
147 26000 7600 0 0
148 26000 7800 0 0
149 26200 7800 0 0
150 26400 7800 0 0
151 26400 8000 0 0
152 26600 8000 0 0
153 26800 8000 0 0
154 26800 8200 0 0
155 27000 8200 0 0
156 27200 8200 0 0
157 27400 8200 0 0
158 27400 8400 0 0
159 27600 8400 0 0
160 27800 8400 0 0
161 27800 8600 0 0
162 28000 8600 0 0
163 28200 8600 0 0
164 28400 8600 0 0
165 28400 8800 0 0
166 28600 8800 0 0
167 28800 8800 0 0
168 28800 9000 0 0
169 29000 9000 0 0
170 29200 9000 0 0
171 29200 9200 0 0
172 29400 9200 0 0
173 29600 9200 0 0
174 29800 9200 0 0
175 29800 9400 0 0
176 30000 9400 0 0
177 30200 9400 0 0
178 30400 9400 0 0
179 30400 9600 0 0
180 30600 9600 0 0
181 30800 9600 0 0
182 31000 9600 0 0
183 31200 9600 0 0
184 31200 9800 0 0
185 31400 9800 0 0
186 31600 9800 0 0
187 31800 9800 0 0
188 31800 10000 0 0
189 32000 10000 0 0
190 32200 10000 0 0
191 32400 10000 0 0
192 32400 10200 0 0
193 32600 10200 0 0
194 32800 10200 0 0
195 33000 10200 0 0
196 33000 10400 0 0
197 33200 10400 0 0
198 33400 10400 0 0
199 33600 10400 0 0
200 33600 10600 0 0
201 33800 10600 0 0
202 34000 10600 0 0
203 34200 10600 0 0
204 34200 10800 0 0
205 34400 10800 0 0
206 34600 10800 0 0
207 34800 10800 0 0
208 35000 10800 0 0
209 35000 11000 0 0
210 35200 11000 0 0
211 35400 11000 0 0
212 35400 11200 0 0
213 35600 11200 0 0
214 35800 11200 0 0
215 36000 11200 0 0
216 36000 11400 0 0
217 36200 11400 0 0
218 36400 11400 0 0
219 36400 11600 0 0
220 36600 11600 0 0
221 36800 11600 0 0
222 37000 11600 0 0
223 37000 11800 0 0
224 37200 11800 0 0
225 37400 11800 0 0
226 37600 11800 0 0
227 37800 11800 0 0
228 38000 11800 0 0
229 38200 11800 0 0
230 38200 12000 0 0
231 38400 12000 0 0
232 38600 12000 0 0
233 38800 12000 0 0
