0 196 98 0 0
1 195 98 0 0
2 194 98 0 0
3 193 98 0 0
4 192 98 0 0
5 191 98 0 0
6 190 98 0 0
7 189 98 0 0
8 188 98 0 0
9 188 99 0 0
10 187 99 0 0
11 186 99 0 0
12 185 99 0 0
13 184 99 0 0
14 183 99 0 0
15 182 99 0 0
16 181 99 0 0
17 180 99 0 0
18 179 99 0 0
19 179 100 0 0
20 178 100 0 0
21 177 100 0 0
22 176 100 0 0
23 175 100 0 0
24 174 100 0 0
25 173 100 0 0
26 172 100 0 0
27 171 100 0 0
28 171 101 0 0
29 170 101 0 0
30 169 101 0 0
31 168 101 0 0
32 167 101 0 0
33 166 101 0 0
34 165 101 0 0
35 164 101 0 0
36 163 101 0 0
37 162 101 0 0
38 161 101 0 0
39 161 102 0 0
40 160 102 0 0
41 159 102 0 0
42 158 102 0 0
43 157 102 0 0
44 156 102 0 0
45 155 102 0 0
46 154 102 0 0
47 153 102 0 0
48 152 102 0 0
49 152 103 0 0
50 151 103 0 0
51 150 103 0 0
52 149 103 0 0
53 148 103 0 0
54 148 104 0 0
55 147 104 0 0
56 146 104 0 0
57 145 104 0 0
58 144 104 0 0
59 143 104 0 0
60 142 104 0 0
61 142 105 0 0
62 141 105 0 0
63 140 105 0 0
64 139 105 0 0
65 138 105 0 0
66 137 105 0 0
67 137 106 0 0
68 136 106 0 0
69 135 106 0 0
70 135 107 0 0
71 134 107 0 0
72 133 107 0 0
73 133 108 0 0
74 132 108 0 0
75 131 108 0 0
76 130 108 0 0
77 129 108 0 0
78 128 108 0 0
