0 0 90 0 0
1 1 90 0 0
2 0 90 0 0
3 1 90 0 0
4 2 90 0 0
5 1 90 0 0
6 2 90 0 0
7 1 90 0 0
8 2 90 0 0
9 1 90 0 0
10 1 91 0 0
11 2 91 0 0
12 3 91 0 0
13 2 91 0 0
14 3 91 0 0
15 2 91 0 0
16 3 91 0 0
17 2 91 0 0
18 3 91 0 0
19 4 91 0 0
20 3 91 0 0
21 4 91 0 0
22 3 91 0 0
23 4 91 0 0
24 4 92 0 0
25 5 92 0 0
26 4 92 0 0
27 5 92 0 0
28 4 92 0 0
29 5 92 0 0
30 6 92 0 0
31 5 92 0 0
32 6 92 0 0
33 5 92 0 0
34 5 93 0 0
35 6 93 0 0
36 7 93 0 0
37 8 93 0 0
38 7 93 0 0
39 8 93 0 0
40 9 93 0 0
41 8 93 0 0
42 9 93 0 0
43 9 94 0 0
44 10 94 0 0
45 11 94 0 0
46 10 94 0 0
47 11 94 0 0
48 12 94 0 0
49 11 94 0 0
50 12 94 0 0
51 13 94 0 0
52 12 94 0 0
53 12 95 0 0
54 13 95 0 0
55 14 95 0 0
56 13 95 0 0
57 14 95 0 0
58 14 96 0 0
59 15 96 0 0
60 16 96 0 0
61 15 96 0 0
62 16 96 0 0
63 16 97 0 0
64 17 97 0 0
65 16 97 0 0
66 17 97 0 0
67 18 97 0 0
68 17 97 0 0
69 17 98 0 0
70 18 98 0 0
71 19 98 0 0
72 18 98 0 0
73 19 98 0 0
74 18 98 0 0
75 18 99 0 0
76 19 99 0 0
77 20 99 0 0
78 21 99 0 0
79 20 99 0 0
80 20 100 0 0
81 21 100 0 0
82 20 100 0 0
83 21 100 0 0
84 21 101 0 0
85 22 101 0 0
86 21 101 0 0
87 22 101 0 0
88 23 101 0 0
89 22 101 0 0
90 22 102 0 0
91 23 102 0 0
92 24 102 0 0
93 23 102 0 0
94 23 103 0 0
95 24 103 0 0
96 23 103 0 0
97 24 103 0 0
98 25 103 0 0
99 24 103 0 0
100 24 104 0 0
101 25 104 0 0
102 26 104 0 0
103 25 104 0 0
104 25 105 0 0
105 26 105 0 0
106 27 105 0 0
107 26 105 0 0
108 27 105 0 0
109 27 106 0 0
110 28 106 0 0
111 27 106 0 0
112 28 106 0 0
113 27 106 0 0
114 28 106 0 0
115 29 106 0 0
116 28 106 0 0
117 29 106 0 0
118 29 107 0 0
119 30 107 0 0
120 29 107 0 0
121 30 107 0 0
122 31 107 0 0
123 30 107 0 0
124 31 107 0 0
125 32 107 0 0
126 31 107 0 0
127 31 108 0 0
128 32 108 0 0
129 33 108 0 0
130 34 108 0 0
131 33 108 0 0
132 34 108 0 0
