0 197 79 0 0
1 198 79 0 0
2 197 79 0 0
3 196 79 0 0
4 197 79 0 0
5 196 79 0 0
6 197 79 0 0
7 196 79 0 0
8 197 79 0 0
9 196 79 0 0
10 197 79 0 0
11 196 79 0 0
12 197 79 0 0
13 196 79 0 0
14 197 79 0 0
15 196 79 0 0
16 197 79 0 0
17 196 79 0 0
18 197 79 0 0
19 196 79 0 0
20 197 79 0 0
21 196 79 0 0
22 197 79 0 0
23 196 79 0 0
24 197 79 0 0
25 196 79 0 0
26 197 79 0 0
27 196 79 0 0
28 195 79 0 0
29 196 79 0 0
30 195 79 0 0
31 196 79 0 0
32 195 79 0 0
33 196 79 0 0
34 195 79 0 0
35 196 79 0 0
36 195 79 0 0
37 196 79 0 0
38 195 79 0 0
39 196 79 0 0
40 195 79 0 0
41 196 79 0 0
42 195 79 0 0
43 196 79 0 0
44 195 79 0 0
45 196 79 0 0
46 195 79 0 0
47 196 79 0 0
48 195 79 0 0
49 196 79 0 0
50 195 79 0 0
51 194 79 0 0
52 195 79 0 0
53 194 79 0 0
54 195 79 0 0
55 194 79 0 0
56 195 79 0 0
57 194 79 0 0
58 195 79 0 0
59 194 79 0 0
60 195 79 0 0
61 194 79 0 0
62 195 79 0 0
63 194 79 0 0
64 194 78 0 0
65 195 78 0 0
66 194 78 0 0
67 195 78 0 0
68 194 78 0 0
69 195 78 0 0
70 194 78 0 0
71 195 78 0 0
72 194 78 0 0
73 195 78 0 0
74 194 78 0 0
75 195 78 0 0
76 194 78 0 0
77 195 78 0 0
78 194 78 0 0
79 195 78 0 0
80 194 78 0 0
81 195 78 0 0
82 194 78 0 0
83 195 78 0 0
84 194 78 0 0
85 195 78 0 0
86 194 78 0 0
87 195 78 0 0
88 194 78 0 0
89 193 78 0 0
90 194 78 0 0
91 193 78 0 0
92 194 78 0 0
93 193 78 0 0
94 194 78 0 0
95 193 78 0 0
96 194 78 0 0
97 193 78 0 0
98 194 78 0 0
99 193 78 0 0
100 192 78 0 0
101 193 78 0 0
102 192 78 0 0
103 193 78 0 0
104 192 78 0 0
105 193 78 0 0
106 192 78 0 0
107 193 78 0 0
108 192 78 0 0
109 193 78 0 0
110 192 78 0 0
111 193 78 0 0
112 192 78 0 0
113 192 77 0 0
114 193 77 0 0
115 192 77 0 0
116 191 77 0 0
117 192 77 0 0
118 191 77 0 0
119 192 77 0 0
120 191 77 0 0
121 192 77 0 0
122 191 77 0 0
123 192 77 0 0
124 191 77 0 0
125 192 77 0 0
126 191 77 0 0
127 190 77 0 0
128 191 77 0 0
129 190 77 0 0
130 191 77 0 0
131 190 77 0 0
132 191 77 0 0
133 190 77 0 0
134 191 77 0 0
135 190 77 0 0
136 191 77 0 0
137 190 77 0 0
138 191 77 0 0
139 190 77 0 0
140 189 77 0 0
141 190 77 0 0
142 189 77 0 0
143 190 77 0 0
144 189 77 0 0
145 190 77 0 0
146 189 77 0 0
147 190 77 0 0
148 189 77 0 0
149 190 77 0 0
150 189 77 0 0
151 190 77 0 0
152 189 77 0 0
153 188 77 0 0
154 189 77 0 0
155 188 77 0 0
156 189 77 0 0
157 188 77 0 0
158 189 77 0 0
159 188 77 0 0
160 189 77 0 0
161 188 77 0 0
162 189 77 0 0
163 188 77 0 0
164 187 77 0 0
165 188 77 0 0
166 187 77 0 0
167 187 76 0 0
168 188 76 0 0
169 187 76 0 0
170 188 76 0 0
171 187 76 0 0
172 188 76 0 0
173 187 76 0 0
174 188 76 0 0
175 187 76 0 0
176 188 76 0 0
177 187 76 0 0
178 188 76 0 0
179 187 76 0 0
180 186 76 0 0
181 187 76 0 0
182 186 76 0 0
183 187 76 0 0
184 186 76 0 0
185 187 76 0 0
186 186 76 0 0
187 187 76 0 0
188 186 76 0 0
189 187 76 0 0
190 186 76 0 0
191 187 76 0 0
192 186 76 0 0
193 185 76 0 0
194 186 76 0 0
195 185 76 0 0
196 186 76 0 0
197 185 76 0 0
198 186 76 0 0
199 185 76 0 0
200 186 76 0 0
201 185 76 0 0
202 186 76 0 0
203 185 76 0 0
204 184 76 0 0
205 185 76 0 0
206 184 76 0 0
207 185 76 0 0
208 184 76 0 0
209 185 76 0 0
210 184 76 0 0
211 185 76 0 0
212 184 76 0 0
213 185 76 0 0
214 184 76 0 0
215 185 76 0 0
216 184 76 0 0
217 183 76 0 0
218 184 76 0 0
219 183 76 0 0
220 184 76 0 0
221 183 76 0 0
222 184 76 0 0
223 183 76 0 0
224 183 75 0 0
225 184 75 0 0
226 183 75 0 0
227 184 75 0 0
228 183 75 0 0
229 184 75 0 0
230 183 75 0 0
231 182 75 0 0
232 183 75 0 0
233 182 75 0 0
234 183 75 0 0
235 182 75 0 0
236 183 75 0 0
237 182 75 0 0
238 183 75 0 0
239 182 75 0 0
240 183 75 0 0
241 182 75 0 0
242 183 75 0 0
243 182 75 0 0
244 183 75 0 0
245 182 75 0 0
246 181 75 0 0
247 182 75 0 0
248 181 75 0 0
249 182 75 0 0
250 181 75 0 0
251 182 75 0 0
252 181 75 0 0
253 182 75 0 0
254 181 75 0 0
255 182 75 0 0
256 181 75 0 0
257 182 75 0 0
258 181 75 0 0
259 182 75 0 0
260 181 75 0 0
261 182 75 0 0
262 181 75 0 0
263 182 75 0 0
264 181 75 0 0
265 180 75 0 0
266 180 74 0 0
267 181 74 0 0
268 180 74 0 0
269 181 74 0 0
270 180 74 0 0
271 181 74 0 0
272 180 74 0 0
273 181 74 0 0
274 180 74 0 0
275 181 74 0 0
276 180 74 0 0
277 181 74 0 0
278 180 74 0 0
279 179 74 0 0
280 180 74 0 0
281 179 74 0 0
282 180 74 0 0
283 179 74 0 0
284 180 74 0 0
285 179 74 0 0
286 180 74 0 0
287 179 74 0 0
288 180 74 0 0
289 179 74 0 0
290 180 74 0 0
291 179 74 0 0
292 180 74 0 0
293 179 74 0 0
294 180 74 0 0
295 179 74 0 0
296 179 73 0 0
297 180 73 0 0
298 179 73 0 0
299 178 73 0 0
300 179 73 0 0
301 178 73 0 0
302 179 73 0 0
303 178 73 0 0
304 179 73 0 0
305 178 73 0 0
306 179 73 0 0
307 178 73 0 0
308 179 73 0 0
309 178 73 0 0
310 179 73 0 0
311 178 73 0 0
312 177 73 0 0
313 178 73 0 0
314 177 73 0 0
315 178 73 0 0
316 177 73 0 0
317 178 73 0 0
318 177 73 0 0
319 178 73 0 0
320 177 73 0 0
321 178 73 0 0
322 177 73 0 0
323 178 73 0 0
324 177 73 0 0
325 178 73 0 0
326 177 73 0 0
327 177 72 0 0
328 178 72 0 0
329 177 72 0 0
330 178 72 0 0
331 177 72 0 0
332 176 72 0 0
333 177 72 0 0
334 176 72 0 0
335 177 72 0 0
336 176 72 0 0
337 177 72 0 0
338 176 72 0 0
339 177 72 0 0
340 176 72 0 0
341 177 72 0 0
342 176 72 0 0
343 177 72 0 0
344 176 72 0 0
345 177 72 0 0
346 176 72 0 0
347 177 72 0 0
348 176 72 0 0
349 177 72 0 0
350 176 72 0 0
351 175 72 0 0
352 176 72 0 0
353 175 72 0 0
354 176 72 0 0
355 175 72 0 0
356 176 72 0 0
357 175 72 0 0
358 176 72 0 0
359 175 72 0 0
360 175 71 0 0
361 176 71 0 0
362 175 71 0 0
363 174 71 0 0
364 175 71 0 0
365 174 71 0 0
366 175 71 0 0
367 174 71 0 0
368 175 71 0 0
369 174 71 0 0
370 175 71 0 0
371 174 71 0 0
372 175 71 0 0
373 174 71 0 0
374 175 71 0 0
375 174 71 0 0
376 175 71 0 0
377 174 71 0 0
378 173 71 0 0
379 173 70 0 0
380 174 70 0 0
381 173 70 0 0
382 174 70 0 0
383 173 70 0 0
384 174 70 0 0
385 173 70 0 0
386 174 70 0 0
387 173 70 0 0
388 174 70 0 0
389 173 70 0 0
390 172 70 0 0
391 173 70 0 0
392 172 70 0 0
393 173 70 0 0
394 172 70 0 0
395 173 70 0 0
396 172 70 0 0
397 173 70 0 0
398 172 70 0 0
399 173 70 0 0
400 172 70 0 0
401 173 70 0 0
402 172 70 0 0
403 172 69 0 0
404 173 69 0 0
405 172 69 0 0
406 171 69 0 0
407 172 69 0 0
408 171 69 0 0
409 172 69 0 0
410 171 69 0 0
411 172 69 0 0
412 171 69 0 0
413 172 69 0 0
414 171 69 0 0
415 172 69 0 0
416 171 69 0 0
417 172 69 0 0
418 171 69 0 0
419 172 69 0 0
420 171 69 0 0
421 170 69 0 0
422 170 68 0 0
423 171 68 0 0
424 170 68 0 0
425 171 68 0 0
426 170 68 0 0
427 171 68 0 0
428 170 68 0 0
429 171 68 0 0
430 170 68 0 0
431 171 68 0 0
432 170 68 0 0
433 169 68 0 0
434 170 68 0 0
435 169 68 0 0
436 170 68 0 0
437 169 68 0 0
438 170 68 0 0
439 169 68 0 0
440 170 68 0 0
441 169 68 0 0
442 169 67 0 0
443 170 67 0 0
444 169 67 0 0
445 170 67 0 0
446 169 67 0 0
447 170 67 0 0
448 169 67 0 0
449 168 67 0 0
450 169 67 0 0
451 168 67 0 0
452 169 67 0 0
453 168 67 0 0
454 169 67 0 0
455 168 67 0 0
456 169 67 0 0
457 168 67 0 0
458 169 67 0 0
459 168 67 0 0
460 168 66 0 0
461 169 66 0 0
462 168 66 0 0
463 167 66 0 0
464 168 66 0 0
465 167 66 0 0
466 168 66 0 0
467 167 66 0 0
468 168 66 0 0
469 167 66 0 0
470 168 66 0 0
471 167 66 0 0
472 168 66 0 0
473 167 66 0 0
474 168 66 0 0
475 167 66 0 0
476 168 66 0 0
477 167 66 0 0
478 168 66 0 0
479 167 66 0 0
480 166 66 0 0
481 166 65 0 0
482 167 65 0 0
483 166 65 0 0
484 167 65 0 0
485 166 65 0 0
486 167 65 0 0
487 166 65 0 0
488 167 65 0 0
489 166 65 0 0
490 167 65 0 0
491 166 65 0 0
492 167 65 0 0
493 166 65 0 0
494 167 65 0 0
495 166 65 0 0
496 167 65 0 0
497 166 65 0 0
498 165 65 0 0
499 165 64 0 0
500 166 64 0 0
501 165 64 0 0
502 166 64 0 0
503 165 64 0 0
504 166 64 0 0
505 165 64 0 0
506 166 64 0 0
507 165 64 0 0
508 166 64 0 0
509 165 64 0 0
510 166 64 0 0
511 165 64 0 0
512 164 64 0 0
513 165 64 0 0
514 164 64 0 0
515 165 64 0 0
516 164 64 0 0
517 164 63 0 0
518 165 63 0 0
519 164 63 0 0
520 165 63 0 0
521 164 63 0 0
522 165 63 0 0
523 164 63 0 0
524 165 63 0 0
525 164 63 0 0
526 165 63 0 0
527 164 63 0 0
528 165 63 0 0
529 164 63 0 0
530 163 63 0 0
531 164 63 0 0
532 163 63 0 0
533 164 63 0 0
534 163 63 0 0
535 164 63 0 0
536 163 63 0 0
537 164 63 0 0
538 163 63 0 0
539 163 62 0 0
540 164 62 0 0
541 163 62 0 0
542 164 62 0 0
543 163 62 0 0
544 162 62 0 0
545 163 62 0 0
546 162 62 0 0
547 163 62 0 0
548 162 62 0 0
549 163 62 0 0
550 162 62 0 0
551 163 62 0 0
552 162 62 0 0
553 163 62 0 0
554 162 62 0 0
555 162 61 0 0
556 163 61 0 0
557 162 61 0 0
558 163 61 0 0
559 162 61 0 0
560 163 61 0 0
561 162 61 0 0
562 163 61 0 0
563 162 61 0 0
564 163 61 0 0
565 162 61 0 0
566 163 61 0 0
567 162 61 0 0
568 163 61 0 0
569 162 61 0 0
570 162 60 0 0
571 163 60 0 0
572 162 60 0 0
573 163 60 0 0
574 162 60 0 0
575 163 60 0 0
576 162 60 0 0
577 163 60 0 0
578 162 60 0 0
579 161 60 0 0
580 162 60 0 0
581 161 60 0 0
582 161 59 0 0
583 162 59 0 0
584 161 59 0 0
585 162 59 0 0
586 161 59 0 0
587 162 59 0 0
588 161 59 0 0
589 162 59 0 0
590 161 59 0 0
591 162 59 0 0
592 161 59 0 0
593 162 59 0 0
594 161 59 0 0
595 161 58 0 0
596 162 58 0 0
597 161 58 0 0
598 162 58 0 0
599 161 58 0 0
600 162 58 0 0
601 161 58 0 0
602 162 58 0 0
603 161 58 0 0
604 162 58 0 0
605 161 58 0 0
606 162 58 0 0
607 161 58 0 0
608 162 58 0 0
609 161 58 0 0
610 161 57 0 0
611 162 57 0 0
612 161 57 0 0
613 162 57 0 0
614 161 57 0 0
615 162 57 0 0
616 161 57 0 0
617 162 57 0 0
618 161 57 0 0
619 162 57 0 0
620 161 57 0 0
621 160 57 0 0
622 161 57 0 0
623 160 57 0 0
624 160 56 0 0
625 161 56 0 0
626 160 56 0 0
627 161 56 0 0
628 160 56 0 0
629 161 56 0 0
630 160 56 0 0
631 161 56 0 0
632 160 56 0 0
633 161 56 0 0
634 160 56 0 0
635 161 56 0 0
636 160 56 0 0
637 160 55 0 0
638 161 55 0 0
639 160 55 0 0
640 161 55 0 0
641 160 55 0 0
642 161 55 0 0
643 160 55 0 0
644 161 55 0 0
645 160 55 0 0
646 161 55 0 0
647 160 55 0 0
648 161 55 0 0
649 160 55 0 0
650 161 55 0 0
651 160 55 0 0
652 159 55 0 0
653 159 54 0 0
654 160 54 0 0
655 159 54 0 0
656 160 54 0 0
657 159 54 0 0
658 160 54 0 0
659 159 54 0 0
660 160 54 0 0
661 159 54 0 0
662 160 54 0 0
663 159 54 0 0
664 160 54 0 0
665 159 54 0 0
666 160 54 0 0
667 159 54 0 0
668 159 53 0 0
669 160 53 0 0
670 159 53 0 0
671 160 53 0 0
672 159 53 0 0
673 160 53 0 0
674 159 53 0 0
675 160 53 0 0
676 159 53 0 0
677 160 53 0 0
678 159 53 0 0
679 160 53 0 0
680 159 53 0 0
681 159 52 0 0
682 160 52 0 0
683 159 52 0 0
684 160 52 0 0
685 159 52 0 0
686 160 52 0 0
687 159 52 0 0
688 160 52 0 0
689 159 52 0 0
690 160 52 0 0
691 159 52 0 0
692 160 52 0 0
693 159 52 0 0
694 160 52 0 0
695 159 52 0 0
696 160 52 0 0
697 159 52 0 0
698 159 51 0 0
699 160 51 0 0
700 159 51 0 0
701 158 51 0 0
702 159 51 0 0
703 158 51 0 0
704 159 51 0 0
705 158 51 0 0
706 159 51 0 0
707 158 51 0 0
708 159 51 0 0
709 158 51 0 0
710 159 51 0 0
711 158 51 0 0
712 158 50 0 0
713 159 50 0 0
714 158 50 0 0
715 159 50 0 0
716 158 50 0 0
717 159 50 0 0
718 158 50 0 0
719 159 50 0 0
720 158 50 0 0
721 159 50 0 0
722 158 50 0 0
723 159 50 0 0
724 158 50 0 0
725 159 50 0 0
726 158 50 0 0
727 158 49 0 0
728 159 49 0 0
729 158 49 0 0
730 159 49 0 0
731 158 49 0 0
732 159 49 0 0
733 158 49 0 0
734 159 49 0 0
735 158 49 0 0
736 159 49 0 0
737 158 49 0 0
738 157 49 0 0
739 158 49 0 0
740 157 49 0 0
741 158 49 0 0
742 157 49 0 0
743 157 48 0 0
744 158 48 0 0
745 157 48 0 0
746 158 48 0 0
747 157 48 0 0
748 158 48 0 0
749 157 48 0 0
750 158 48 0 0
751 157 48 0 0
752 158 48 0 0
753 157 48 0 0
754 158 48 0 0
755 157 48 0 0
756 157 47 0 0
757 158 47 0 0
758 157 47 0 0
759 158 47 0 0
760 157 47 0 0
761 158 47 0 0
762 157 47 0 0
763 158 47 0 0
764 157 47 0 0
765 158 47 0 0
766 157 47 0 0
767 158 47 0 0
768 157 47 0 0
769 158 47 0 0
770 157 47 0 0
771 157 46 0 0
772 158 46 0 0
773 157 46 0 0
774 158 46 0 0
775 157 46 0 0
776 158 46 0 0
777 157 46 0 0
778 158 46 0 0
779 157 46 0 0
780 158 46 0 0
781 157 46 0 0
782 158 46 0 0
783 157 46 0 0
784 158 46 0 0
785 157 46 0 0
786 158 46 0 0
787 157 46 0 0
788 157 45 0 0
789 156 45 0 0
790 157 45 0 0
791 156 45 0 0
792 157 45 0 0
793 156 45 0 0
794 157 45 0 0
795 156 45 0 0
796 157 45 0 0
797 156 45 0 0
798 157 45 0 0
799 156 45 0 0
800 157 45 0 0
801 156 45 0 0
802 156 44 0 0
803 157 44 0 0
804 156 44 0 0
805 157 44 0 0
806 156 44 0 0
807 157 44 0 0
808 156 44 0 0
809 157 44 0 0
810 156 44 0 0
811 157 44 0 0
812 156 44 0 0
813 157 44 0 0
814 156 44 0 0
815 156 43 0 0
816 157 43 0 0
817 156 43 0 0
818 157 43 0 0
819 156 43 0 0
820 157 43 0 0
821 156 43 0 0
822 157 43 0 0
823 156 43 0 0
824 157 43 0 0
825 156 43 0 0
826 157 43 0 0
827 156 43 0 0
828 157 43 0 0
829 156 43 0 0
830 157 43 0 0
831 156 43 0 0
832 157 43 0 0
833 156 43 0 0
834 156 42 0 0
835 157 42 0 0
836 156 42 0 0
837 157 42 0 0
838 156 42 0 0
839 155 42 0 0
840 156 42 0 0
841 155 42 0 0
842 156 42 0 0
843 155 42 0 0
844 156 42 0 0
845 155 42 0 0
846 155 41 0 0
847 156 41 0 0
848 155 41 0 0
849 156 41 0 0
850 155 41 0 0
851 156 41 0 0
852 155 41 0 0
853 156 41 0 0
854 155 41 0 0
855 156 41 0 0
856 155 41 0 0
857 156 41 0 0
858 155 41 0 0
859 156 41 0 0
860 155 41 0 0
861 156 41 0 0
862 155 41 0 0
863 155 40 0 0
864 156 40 0 0
865 155 40 0 0
866 156 40 0 0
867 155 40 0 0
868 156 40 0 0
869 155 40 0 0
870 156 40 0 0
871 155 40 0 0
872 156 40 0 0
873 155 40 0 0
874 155 39 0 0
875 156 39 0 0
876 155 39 0 0
877 156 39 0 0
878 155 39 0 0
879 156 39 0 0
880 155 39 0 0
881 156 39 0 0
882 155 39 0 0
883 156 39 0 0
884 155 39 0 0
885 154 39 0 0
886 154 38 0 0
887 155 38 0 0
888 154 38 0 0
889 155 38 0 0
890 154 38 0 0
891 155 38 0 0
892 154 38 0 0
893 155 38 0 0
894 154 38 0 0
895 155 38 0 0
896 154 38 0 0
897 155 38 0 0
898 154 38 0 0
899 154 37 0 0
900 155 37 0 0
901 154 37 0 0
902 155 37 0 0
903 154 37 0 0
904 155 37 0 0
905 154 37 0 0
906 155 37 0 0
907 154 37 0 0
908 155 37 0 0
909 154 37 0 0
910 155 37 0 0
911 154 37 0 0
912 154 36 0 0
913 155 36 0 0
914 154 36 0 0
915 155 36 0 0
916 154 36 0 0
917 155 36 0 0
918 154 36 0 0
919 155 36 0 0
920 154 36 0 0
921 155 36 0 0
922 154 36 0 0
923 155 36 0 0
924 154 36 0 0
925 154 35 0 0
926 155 35 0 0
927 154 35 0 0
928 155 35 0 0
929 154 35 0 0
930 155 35 0 0
931 154 35 0 0
932 155 35 0 0
933 154 35 0 0
934 155 35 0 0
935 154 35 0 0
936 155 35 0 0
937 154 35 0 0
938 154 34 0 0
939 155 34 0 0
940 154 34 0 0
941 155 34 0 0
942 154 34 0 0
943 155 34 0 0
944 154 34 0 0
945 153 34 0 0
946 154 34 0 0
947 153 34 0 0
948 154 34 0 0
949 153 34 0 0
950 153 33 0 0
951 154 33 0 0
952 153 33 0 0
953 154 33 0 0
954 153 33 0 0
955 154 33 0 0
956 153 33 0 0
957 154 33 0 0
958 153 33 0 0
959 154 33 0 0
960 153 33 0 0
961 154 33 0 0
962 153 33 0 0
963 153 32 0 0
964 154 32 0 0
965 153 32 0 0
966 154 32 0 0
967 153 32 0 0
968 154 32 0 0
969 153 32 0 0
970 154 32 0 0
971 153 32 0 0
972 154 32 0 0
973 153 32 0 0
974 154 32 0 0
975 153 32 0 0
976 154 32 0 0
977 153 32 0 0
978 154 32 0 0
979 153 32 0 0
980 154 32 0 0
981 153 32 0 0
982 154 32 0 0
983 153 32 0 0
984 153 31 0 0
985 152 31 0 0
986 153 31 0 0
987 152 31 0 0
988 153 31 0 0
989 152 31 0 0
990 153 31 0 0
991 152 31 0 0
992 153 31 0 0
993 152 31 0 0
994 153 31 0 0
995 152 31 0 0
996 153 31 0 0
997 152 31 0 0
998 153 31 0 0
999 152 31 0 0
1000 152 30 0 0
1001 153 30 0 0
1002 152 30 0 0
1003 153 30 0 0
1004 152 30 0 0
1005 153 30 0 0
1006 152 30 0 0
1007 153 30 0 0
1008 152 30 0 0
1009 153 30 0 0
1010 152 30 0 0
1011 153 30 0 0
1012 152 30 0 0
1013 153 30 0 0
1014 152 30 0 0
1015 151 30 0 0
1016 151 29 0 0
1017 152 29 0 0
1018 151 29 0 0
1019 152 29 0 0
1020 151 29 0 0
1021 152 29 0 0
1022 151 29 0 0
1023 152 29 0 0
1024 151 29 0 0
1025 152 29 0 0
1026 151 29 0 0
1027 152 29 0 0
1028 151 29 0 0
1029 152 29 0 0
1030 151 29 0 0
1031 152 29 0 0
1032 151 29 0 0
1033 152 29 0 0
1034 151 29 0 0
1035 152 29 0 0
1036 151 29 0 0
1037 151 28 0 0
1038 150 28 0 0
1039 151 28 0 0
1040 150 28 0 0
1041 151 28 0 0
1042 150 28 0 0
1043 151 28 0 0
1044 150 28 0 0
1045 151 28 0 0
1046 150 28 0 0
1047 151 28 0 0
1048 150 28 0 0
1049 151 28 0 0
1050 150 28 0 0
1051 150 27 0 0
1052 151 27 0 0
1053 150 27 0 0
1054 151 27 0 0
1055 150 27 0 0
1056 151 27 0 0
1057 150 27 0 0
1058 151 27 0 0
1059 150 27 0 0
1060 151 27 0 0
1061 150 27 0 0
1062 151 27 0 0
1063 150 27 0 0
1064 150 26 0 0
1065 151 26 0 0
1066 150 26 0 0
1067 151 26 0 0
1068 150 26 0 0
1069 151 26 0 0
1070 150 26 0 0
1071 151 26 0 0
1072 150 26 0 0
1073 151 26 0 0
1074 150 26 0 0
1075 149 26 0 0
1076 150 26 0 0
1077 149 26 0 0
1078 150 26 0 0
1079 149 26 0 0
1080 149 25 0 0
1081 150 25 0 0
1082 149 25 0 0
1083 150 25 0 0
1084 149 25 0 0
1085 150 25 0 0
1086 149 25 0 0
1087 150 25 0 0
1088 149 25 0 0
1089 150 25 0 0
1090 149 25 0 0
1091 150 25 0 0
1092 149 25 0 0
1093 149 24 0 0
1094 150 24 0 0
1095 149 24 0 0
1096 150 24 0 0
1097 149 24 0 0
1098 150 24 0 0
1099 149 24 0 0
1100 150 24 0 0
1101 149 24 0 0
1102 150 24 0 0
1103 149 24 0 0
1104 150 24 0 0
1105 149 24 0 0
1106 149 23 0 0
1107 150 23 0 0
1108 149 23 0 0
1109 150 23 0 0
1110 149 23 0 0
1111 148 23 0 0
1112 149 23 0 0
1113 148 23 0 0
1114 149 23 0 0
1115 148 23 0 0
1116 149 23 0 0
1117 148 23 0 0
1118 149 23 0 0
1119 148 23 0 0
1120 149 23 0 0
1121 148 23 0 0
1122 149 23 0 0
1123 148 23 0 0
1124 148 22 0 0
1125 149 22 0 0
1126 148 22 0 0
1127 149 22 0 0
1128 148 22 0 0
1129 147 22 0 0
1130 148 22 0 0
1131 147 22 0 0
1132 148 22 0 0
1133 147 22 0 0
1134 148 22 0 0
1135 147 22 0 0
1136 147 21 0 0
1137 148 21 0 0
1138 147 21 0 0
1139 148 21 0 0
1140 147 21 0 0
1141 146 21 0 0
1142 147 21 0 0
1143 146 21 0 0
1144 147 21 0 0
1145 146 21 0 0
1146 147 21 0 0
1147 146 21 0 0
1148 146 20 0 0
1149 147 20 0 0
1150 146 20 0 0
1151 147 20 0 0
1152 146 20 0 0
1153 147 20 0 0
1154 146 20 0 0
1155 147 20 0 0
1156 146 20 0 0
1157 145 20 0 0
1158 146 20 0 0
1159 145 20 0 0
1160 146 20 0 0
1161 145 20 0 0
1162 145 19 0 0
1163 146 19 0 0
1164 145 19 0 0
1165 146 19 0 0
1166 145 19 0 0
1167 146 19 0 0
1168 145 19 0 0
1169 146 19 0 0
1170 145 19 0 0
1171 144 19 0 0
1172 144 18 0 0
1173 145 18 0 0
1174 144 18 0 0
1175 145 18 0 0
1176 144 18 0 0
1177 145 18 0 0
1178 144 18 0 0
1179 145 18 0 0
1180 144 18 0 0
1181 145 18 0 0
1182 144 18 0 0
1183 144 17 0 0
1184 145 17 0 0
1185 144 17 0 0
1186 145 17 0 0
1187 144 17 0 0
1188 143 17 0 0
1189 144 17 0 0
1190 143 17 0 0
1191 144 17 0 0
1192 143 17 0 0
1193 144 17 0 0
1194 143 17 0 0
1195 143 16 0 0
1196 144 16 0 0
1197 143 16 0 0
1198 144 16 0 0
1199 143 16 0 0
1200 144 16 0 0
1201 143 16 0 0
1202 144 16 0 0
1203 143 16 0 0
1204 144 16 0 0
1205 143 16 0 0
1206 144 16 0 0
1207 143 16 0 0
1208 144 16 0 0
1209 143 16 0 0
1210 144 16 0 0
1211 143 16 0 0
1212 144 16 0 0
1213 143 16 0 0
1214 143 15 0 0
1215 144 15 0 0
1216 143 15 0 0
1217 144 15 0 0
1218 143 15 0 0
1219 142 15 0 0
1220 143 15 0 0
1221 142 15 0 0
1222 143 15 0 0
1223 142 15 0 0
1224 143 15 0 0
1225 142 15 0 0
1226 142 14 0 0
1227 143 14 0 0
1228 142 14 0 0
1229 143 14 0 0
1230 142 14 0 0
1231 143 14 0 0
1232 142 14 0 0
1233 143 14 0 0
1234 142 14 0 0
1235 143 14 0 0
1236 142 14 0 0
1237 143 14 0 0
1238 142 14 0 0
1239 143 14 0 0
1240 142 14 0 0
1241 142 13 0 0
1242 143 13 0 0
1243 142 13 0 0
1244 143 13 0 0
1245 142 13 0 0
1246 143 13 0 0
1247 142 13 0 0
1248 143 13 0 0
1249 142 13 0 0
1250 143 13 0 0
1251 142 13 0 0
1252 143 13 0 0
1253 142 13 0 0
1254 142 12 0 0
1255 143 12 0 0
1256 142 12 0 0
1257 143 12 0 0
1258 142 12 0 0
1259 143 12 0 0
1260 142 12 0 0
1261 143 12 0 0
1262 142 12 0 0
1263 141 12 0 0
1264 142 12 0 0
1265 141 12 0 0
1266 142 12 0 0
1267 141 12 0 0
1268 141 11 0 0
1269 142 11 0 0
1270 141 11 0 0
1271 142 11 0 0
1272 141 11 0 0
1273 142 11 0 0
1274 141 11 0 0
1275 142 11 0 0
1276 141 11 0 0
1277 142 11 0 0
1278 141 11 0 0
1279 142 11 0 0
1280 141 11 0 0
1281 142 11 0 0
1282 141 11 0 0
1283 140 11 0 0
1284 140 10 0 0
1285 141 10 0 0
1286 140 10 0 0
1287 141 10 0 0
1288 140 10 0 0
1289 141 10 0 0
1290 140 10 0 0
1291 141 10 0 0
1292 140 10 0 0
1293 141 10 0 0
1294 140 10 0 0
1295 141 10 0 0
1296 140 10 0 0
1297 141 10 0 0
1298 140 10 0 0
1299 140 9 0 0
1300 141 9 0 0
1301 140 9 0 0
1302 141 9 0 0
1303 140 9 0 0
1304 141 9 0 0
1305 140 9 0 0
1306 141 9 0 0
1307 140 9 0 0
1308 141 9 0 0
1309 140 9 0 0
1310 141 9 0 0
1311 140 9 0 0
1312 139 9 0 0
1313 139 8 0 0
1314 140 8 0 0
1315 139 8 0 0
1316 140 8 0 0
1317 139 8 0 0
1318 140 8 0 0
1319 139 8 0 0
1320 140 8 0 0
1321 139 8 0 0
1322 140 8 0 0
1323 139 8 0 0
1324 140 8 0 0
1325 139 8 0 0
1326 140 8 0 0
1327 139 8 0 0
1328 140 8 0 0
1329 139 8 0 0
1330 139 7 0 0
1331 140 7 0 0
1332 139 7 0 0
1333 140 7 0 0
1334 139 7 0 0
1335 140 7 0 0
1336 139 7 0 0
1337 140 7 0 0
1338 139 7 0 0
1339 140 7 0 0
1340 139 7 0 0
1341 140 7 0 0
1342 139 7 0 0
1343 140 7 0 0
1344 139 7 0 0
1345 140 7 0 0
1346 139 7 0 0
1347 140 7 0 0
1348 139 7 0 0
1349 138 7 0 0
1350 139 7 0 0
1351 138 7 0 0
1352 139 7 0 0
1353 138 7 0 0
1354 139 7 0 0
1355 138 7 0 0
1356 139 7 0 0
1357 138 7 0 0
1358 138 6 0 0
1359 139 6 0 0
1360 138 6 0 0
1361 139 6 0 0
1362 138 6 0 0
1363 139 6 0 0
1364 138 6 0 0
1365 139 6 0 0
1366 138 6 0 0
1367 139 6 0 0
1368 138 6 0 0
1369 139 6 0 0
1370 138 6 0 0
1371 139 6 0 0
1372 138 6 0 0
1373 139 6 0 0
1374 138 6 0 0
1375 138 5 0 0
1376 139 5 0 0
1377 138 5 0 0
1378 139 5 0 0
1379 138 5 0 0
1380 139 5 0 0
1381 138 5 0 0
1382 139 5 0 0
1383 138 5 0 0
