0 0 16400 0 0
1 200 16400 0 0
2 200 16600 0 0
3 400 16600 0 0
4 600 16600 0 0
5 800 16600 0 0
6 1000 16600 0 0
7 1200 16600 0 0
8 1400 16600 0 0
9 1600 16600 0 0
10 1800 16600 0 0
11 2000 16600 0 0
12 2000 16800 0 0
13 2200 16800 0 0
14 2400 16800 0 0
15 2600 16800 0 0
16 2600 17000 0 0
17 2800 17000 0 0
18 3000 17000 0 0
19 3200 17000 0 0
20 3400 17000 0 0
21 3400 17200 0 0
22 3600 17200 0 0
23 3800 17200 0 0
24 4000 17200 0 0
25 4200 17200 0 0
26 4200 17400 0 0
27 4400 17400 0 0
28 4600 17400 0 0
29 4800 17400 0 0
30 5000 17400 0 0
31 5200 17400 0 0
32 5200 17600 0 0
33 5400 17600 0 0
34 5600 17600 0 0
35 5800 17600 0 0
36 6000 17600 0 0
37 6200 17600 0 0
38 6400 17600 0 0
39 6600 17600 0 0
40 6600 17800 0 0
41 6800 17800 0 0
42 7000 17800 0 0
43 7200 17800 0 0
44 7400 17800 0 0
45 7600 17800 0 0
46 7800 17800 0 0
47 7800 18000 0 0
48 8000 18000 0 0
49 8200 18000 0 0
50 8400 18000 0 0
51 8600 18000 0 0
52 8800 18000 0 0
53 9000 18000 0 0
54 9200 18000 0 0
55 9400 18000 0 0
56 9400 18200 0 0
57 9600 18200 0 0
58 9800 18200 0 0
59 10000 18200 0 0
60 10200 18200 0 0
61 10400 18200 0 0
62 10600 18200 0 0
63 10800 18200 0 0
64 11000 18200 0 0
65 11200 18200 0 0
66 11400 18200 0 0
67 11600 18200 0 0
68 11800 18200 0 0
69 12000 18200 0 0
70 12200 18200 0 0
71 12200 18400 0 0
72 12400 18400 0 0
73 12600 18400 0 0
74 12600 18600 0 0
75 12800 18600 0 0
76 13000 18600 0 0
77 13000 18800 0 0
78 13200 18800 0 0
79 13400 18800 0 0
80 13400 19000 0 0
81 13600 19000 0 0
82 13800 19000 0 0
83 14000 19000 0 0
84 14200 19000 0 0
85 14200 19200 0 0
86 14400 19200 0 0
87 14600 19200 0 0
88 14800 19200 0 0
89 15000 19200 0 0
90 15000 19400 0 0
91 15200 19400 0 0
92 15400 19400 0 0
93 15600 19400 0 0
94 15800 19400 0 0
95 16000 19400 0 0
96 16000 19600 0 0
97 16200 19600 0 0
98 16400 19600 0 0
99 16600 19600 0 0
100 16800 19600 0 0
101 17000 19600 0 0
102 17200 19600 0 0
103 17400 19600 0 0
104 17400 19800 0 0
105 17600 19800 0 0
106 17800 19800 0 0
107 18000 19800 0 0
108 18200 19800 0 0
109 18400 19800 0 0
110 18600 19800 0 0
111 18600 20000 0 0
112 18800 20000 0 0
113 19000 20000 0 0
114 19200 20000 0 0
115 19400 20000 0 0
116 19600 20000 0 0
117 19800 20000 0 0
118 20000 20000 0 0
119 20200 20000 0 0
120 20400 20000 0 0
121 20400 20200 0 0
122 20600 20200 0 0
123 20800 20200 0 0
124 21000 20200 0 0
125 21200 20200 0 0
126 21400 20200 0 0
127 21600 20200 0 0
128 21800 20200 0 0
129 22000 20200 0 0
130 22200 20200 0 0
131 22400 20200 0 0
132 22600 20200 0 0
133 22800 20200 0 0
134 23000 20200 0 0
135 23200 20200 0 0
136 23400 20200 0 0
137 23400 20400 0 0
138 23600 20400 0 0
139 23800 20400 0 0
140 24000 20400 0 0
141 24200 20400 0 0
142 24400 20400 0 0
143 24600 20400 0 0
144 24800 20400 0 0
145 24800 20600 0 0
146 25000 20600 0 0
147 25200 20600 0 0
148 25400 20600 0 0
149 25600 20600 0 0
150 25800 20600 0 0
151 26000 20600 0 0
152 26200 20600 0 0
153 26400 20600 0 0
154 26600 20600 0 0
155 26800 20600 0 0
156 26800 20800 0 0
157 27000 20800 0 0
158 27200 20800 0 0
159 27400 20800 0 0
160 27600 20800 0 0
161 27800 20800 0 0
162 28000 20800 0 0
163 28200 20800 0 0
164 28400 20800 0 0
165 28600 20800 0 0
166 28600 21000 0 0
167 28800 21000 0 0
168 29000 21000 0 0
169 29200 21000 0 0
170 29400 21000 0 0
171 29600 21000 0 0
172 29800 21000 0 0
173 29800 21200 0 0
174 30000 21200 0 0
175 30200 21200 0 0
176 30400 21200 0 0
177 30600 21200 0 0
178 30800 21200 0 0
179 31000 21200 0 0
180 31200 21200 0 0
181 31200 21400 0 0
182 31400 21400 0 0
183 31600 21400 0 0
184 31800 21400 0 0
185 32000 21400 0 0
186 32200 21400 0 0
187 32400 21400 0 0
188 32600 21400 0 0
189 32800 21400 0 0
190 33000 21400 0 0
191 33200 21400 0 0
192 33400 21400 0 0
193 33600 21400 0 0
194 33600 21600 0 0
195 33800 21600 0 0
196 34000 21600 0 0
197 34200 21600 0 0
198 34400 21600 0 0
199 34600 21600 0 0
200 34800 21600 0 0
201 35000 21600 0 0
202 35200 21600 0 0
203 35400 21600 0 0
204 35600 21600 0 0
205 35800 21600 0 0
206 36000 21600 0 0
207 36200 21600 0 0
208 36200 21800 0 0
209 36400 21800 0 0
210 36600 21800 0 0
211 36800 21800 0 0
212 37000 21800 0 0
213 37200 21800 0 0
214 37400 21800 0 0
215 37600 21800 0 0
216 37800 21800 0 0
217 38000 21800 0 0
218 38200 21800 0 0
219 38400 21800 0 0
220 38600 21800 0 0
221 38800 21800 0 0
