0 197 97 0 0
1 196 97 0 0
2 197 97 0 0
3 196 97 0 0
4 197 97 0 0
5 196 97 0 0
6 195 97 0 0
7 196 97 0 0
8 195 97 0 0
9 196 97 0 0
10 195 97 0 0
11 194 97 0 0
12 195 97 0 0
13 194 97 0 0
14 195 97 0 0
15 194 97 0 0
16 193 97 0 0
17 194 97 0 0
18 193 97 0 0
19 194 97 0 0
20 193 97 0 0
21 192 97 0 0
22 193 97 0 0
23 192 97 0 0
24 191 97 0 0
25 192 97 0 0
26 191 97 0 0
27 192 97 0 0
28 191 97 0 0
29 192 97 0 0
30 191 97 0 0
31 190 97 0 0
32 191 97 0 0
33 190 97 0 0
34 191 97 0 0
35 190 97 0 0
36 189 97 0 0
37 188 97 0 0
38 189 97 0 0
39 188 97 0 0
40 189 97 0 0
41 188 97 0 0
42 187 97 0 0
43 188 97 0 0
44 187 97 0 0
45 186 97 0 0
46 185 97 0 0
47 186 97 0 0
48 185 97 0 0
49 186 97 0 0
50 185 97 0 0
51 184 97 0 0
52 185 97 0 0
53 184 97 0 0
54 183 97 0 0
55 184 97 0 0
56 183 97 0 0
57 182 97 0 0
58 181 97 0 0
59 182 97 0 0
60 181 97 0 0
61 180 97 0 0
62 181 97 0 0
63 180 97 0 0
64 181 97 0 0
65 180 97 0 0
66 179 97 0 0
67 178 97 0 0
68 179 97 0 0
69 178 97 0 0
70 179 97 0 0
71 178 97 0 0
72 177 97 0 0
73 178 97 0 0
74 177 97 0 0
75 176 97 0 0
76 175 97 0 0
77 176 97 0 0
78 175 97 0 0
79 176 97 0 0
80 175 97 0 0
81 174 97 0 0
82 175 97 0 0
83 174 97 0 0
84 173 97 0 0
85 174 97 0 0
86 173 97 0 0
87 172 97 0 0
88 171 97 0 0
89 172 97 0 0
90 171 97 0 0
91 170 97 0 0
92 171 97 0 0
93 170 97 0 0
94 171 97 0 0
95 170 97 0 0
96 169 97 0 0
97 168 97 0 0
98 169 97 0 0
99 168 97 0 0
100 169 97 0 0
101 168 97 0 0
102 168 98 0 0
103 167 98 0 0
104 168 98 0 0
105 167 98 0 0
106 166 98 0 0
107 165 98 0 0
108 166 98 0 0
109 165 98 0 0
110 166 98 0 0
111 165 98 0 0
112 164 98 0 0
113 165 98 0 0
114 164 98 0 0
115 163 98 0 0
116 164 98 0 0
117 163 98 0 0
118 162 98 0 0
119 161 98 0 0
120 162 98 0 0
121 161 98 0 0
122 160 98 0 0
123 161 98 0 0
124 160 98 0 0
125 161 98 0 0
126 160 98 0 0
127 159 98 0 0
128 158 98 0 0
129 159 98 0 0
130 158 98 0 0
131 159 98 0 0
132 158 98 0 0
133 157 98 0 0
134 158 98 0 0
135 157 98 0 0
136 156 98 0 0
137 155 98 0 0
138 156 98 0 0
139 155 98 0 0
140 156 98 0 0
141 155 98 0 0
142 154 98 0 0
143 155 98 0 0
144 154 98 0 0
145 153 98 0 0
146 154 98 0 0
147 153 98 0 0
148 152 98 0 0
149 151 98 0 0
150 152 98 0 0
151 151 98 0 0
152 150 98 0 0
153 151 98 0 0
154 150 98 0 0
155 151 98 0 0
156 150 98 0 0
157 149 98 0 0
158 148 98 0 0
159 149 98 0 0
160 148 98 0 0
161 149 98 0 0
162 148 98 0 0
163 147 98 0 0
164 148 98 0 0
165 147 98 0 0
166 146 98 0 0
167 145 98 0 0
168 146 98 0 0
169 145 98 0 0
170 145 99 0 0
171 146 99 0 0
172 145 99 0 0
173 144 99 0 0
174 145 99 0 0
175 144 99 0 0
176 143 99 0 0
177 144 99 0 0
178 143 99 0 0
179 142 99 0 0
180 141 99 0 0
181 142 99 0 0
182 141 99 0 0
183 140 99 0 0
184 141 99 0 0
185 140 99 0 0
186 141 99 0 0
187 140 99 0 0
188 139 99 0 0
189 138 99 0 0
190 139 99 0 0
191 138 99 0 0
192 139 99 0 0
193 138 99 0 0
194 137 99 0 0
195 138 99 0 0
196 137 99 0 0
197 136 99 0 0
198 135 99 0 0
199 136 99 0 0
200 135 99 0 0
201 136 99 0 0
202 135 99 0 0
203 134 99 0 0
204 135 99 0 0
205 134 99 0 0
206 133 99 0 0
207 132 99 0 0
208 133 99 0 0
209 132 99 0 0
210 131 99 0 0
211 132 99 0 0
212 131 99 0 0
213 130 99 0 0
214 131 99 0 0
215 130 99 0 0
216 129 99 0 0
217 128 99 0 0
218 129 99 0 0
219 128 99 0 0
220 127 99 0 0
221 128 99 0 0
222 127 99 0 0
223 128 99 0 0
224 127 99 0 0
225 126 99 0 0
226 125 99 0 0
227 126 99 0 0
228 125 99 0 0
229 124 99 0 0
230 125 99 0 0
231 124 99 0 0
232 123 99 0 0
233 124 99 0 0
234 123 99 0 0
235 122 99 0 0
236 121 99 0 0
237 122 99 0 0
238 121 99 0 0
239 120 99 0 0
240 121 99 0 0
241 120 99 0 0
242 119 99 0 0
243 120 99 0 0
244 119 99 0 0
245 118 99 0 0
246 119 99 0 0
247 118 99 0 0
248 117 99 0 0
249 118 99 0 0
250 117 99 0 0
251 116 99 0 0
252 117 99 0 0
253 116 99 0 0
254 115 99 0 0
255 116 99 0 0
256 115 99 0 0
257 114 99 0 0
258 115 99 0 0
259 114 99 0 0
260 113 99 0 0
261 114 99 0 0
262 113 99 0 0
263 112 99 0 0
264 113 99 0 0
265 112 99 0 0
266 113 99 0 0
267 112 99 0 0
268 111 99 0 0
269 110 99 0 0
270 111 99 0 0
271 110 99 0 0
272 109 99 0 0
273 110 99 0 0
274 109 99 0 0
275 108 99 0 0
276 109 99 0 0
277 108 99 0 0
278 107 99 0 0
279 106 99 0 0
280 107 99 0 0
281 106 99 0 0
282 105 99 0 0
283 106 99 0 0
284 105 99 0 0
285 104 99 0 0
286 105 99 0 0
287 104 99 0 0
288 103 99 0 0
289 104 99 0 0
290 103 99 0 0
291 102 99 0 0
292 103 99 0 0
293 102 99 0 0
294 101 99 0 0
295 100 99 0 0
296 101 99 0 0
297 100 99 0 0
298 99 99 0 0
299 100 99 0 0
300 99 99 0 0
301 98 99 0 0
302 99 99 0 0
303 98 99 0 0
304 97 99 0 0
305 96 99 0 0
306 97 99 0 0
307 96 99 0 0
308 95 99 0 0
309 96 99 0 0
310 95 99 0 0
311 94 99 0 0
312 95 99 0 0
313 94 99 0 0
314 93 99 0 0
315 94 99 0 0
316 93 99 0 0
317 92 99 0 0
318 93 99 0 0
319 92 99 0 0
320 91 99 0 0
321 90 99 0 0
322 90 98 0 0
323 91 98 0 0
324 90 98 0 0
325 90 99 0 0
326 89 99 0 0
327 90 99 0 0
328 89 99 0 0
329 88 99 0 0
330 89 99 0 0
331 88 99 0 0
332 87 99 0 0
333 86 99 0 0
334 87 99 0 0
335 86 99 0 0
336 85 99 0 0
337 86 99 0 0
338 85 99 0 0
339 84 99 0 0
340 85 99 0 0
341 84 99 0 0
342 83 99 0 0
343 84 99 0 0
344 83 99 0 0
345 82 99 0 0
346 81 99 0 0
347 82 99 0 0
348 81 99 0 0
349 80 99 0 0
350 81 99 0 0
351 80 99 0 0
352 79 99 0 0
353 80 99 0 0
354 79 99 0 0
355 78 99 0 0
356 77 99 0 0
357 78 99 0 0
358 77 99 0 0
359 76 99 0 0
360 77 99 0 0
361 76 99 0 0
362 75 99 0 0
363 76 99 0 0
364 75 99 0 0
365 74 99 0 0
366 73 99 0 0
367 74 99 0 0
368 73 99 0 0
369 72 99 0 0
370 73 99 0 0
371 72 99 0 0
372 71 99 0 0
373 70 99 0 0
374 71 99 0 0
375 70 99 0 0
376 69 99 0 0
377 70 99 0 0
378 69 99 0 0
379 68 99 0 0
380 67 99 0 0
381 68 99 0 0
382 67 99 0 0
383 66 99 0 0
384 67 99 0 0
385 66 99 0 0
386 65 99 0 0
387 66 99 0 0
388 65 99 0 0
389 65 98 0 0
390 64 98 0 0
391 63 98 0 0
392 64 98 0 0
393 63 98 0 0
394 62 98 0 0
395 63 98 0 0
396 62 98 0 0
397 61 98 0 0
398 62 98 0 0
399 61 98 0 0
400 60 98 0 0
401 61 98 0 0
402 60 98 0 0
403 59 98 0 0
404 60 98 0 0
405 59 98 0 0
406 58 98 0 0
407 57 98 0 0
408 58 98 0 0
409 57 98 0 0
410 56 98 0 0
411 57 98 0 0
412 56 98 0 0
413 55 98 0 0
414 54 98 0 0
415 55 98 0 0
416 54 98 0 0
417 53 98 0 0
418 54 98 0 0
419 53 98 0 0
420 52 98 0 0
421 53 98 0 0
422 52 98 0 0
423 51 98 0 0
424 50 98 0 0
425 51 98 0 0
426 50 98 0 0
427 49 98 0 0
428 50 98 0 0
429 49 98 0 0
430 48 98 0 0
431 47 98 0 0
432 48 98 0 0
433 47 98 0 0
434 46 98 0 0
435 47 98 0 0
436 46 98 0 0
437 46 97 0 0
438 45 97 0 0
439 44 97 0 0
440 45 97 0 0
441 44 97 0 0
442 43 97 0 0
443 44 97 0 0
444 43 97 0 0
445 42 97 0 0
446 43 97 0 0
447 42 97 0 0
448 41 97 0 0
449 40 97 0 0
450 41 97 0 0
451 40 97 0 0
452 39 97 0 0
453 40 97 0 0
454 39 97 0 0
455 38 97 0 0
456 37 97 0 0
457 38 97 0 0
458 37 97 0 0
459 36 97 0 0
460 37 97 0 0
461 36 97 0 0
462 35 97 0 0
463 34 97 0 0
464 35 97 0 0
465 34 97 0 0
466 33 97 0 0
467 34 97 0 0
468 33 97 0 0
469 32 97 0 0
470 33 97 0 0
471 32 97 0 0
472 31 97 0 0
473 30 97 0 0
474 31 97 0 0
475 30 97 0 0
476 29 97 0 0
477 30 97 0 0
478 29 97 0 0
479 28 97 0 0
480 29 97 0 0
481 28 97 0 0
482 27 97 0 0
483 26 97 0 0
484 27 97 0 0
485 26 97 0 0
486 25 97 0 0
487 26 97 0 0
488 25 97 0 0
489 25 96 0 0
490 24 96 0 0
491 23 96 0 0
492 24 96 0 0
493 23 96 0 0
494 22 96 0 0
495 23 96 0 0
496 22 96 0 0
497 21 96 0 0
498 22 96 0 0
499 21 96 0 0
500 20 96 0 0
501 21 96 0 0
502 20 96 0 0
503 19 96 0 0
504 18 96 0 0
505 19 96 0 0
506 18 96 0 0
507 17 96 0 0
508 18 96 0 0
509 17 96 0 0
510 16 96 0 0
511 17 96 0 0
512 16 96 0 0
513 15 96 0 0
514 16 96 0 0
515 15 96 0 0
516 14 96 0 0
517 13 96 0 0
518 14 96 0 0
519 13 96 0 0
520 12 96 0 0
521 13 96 0 0
522 12 96 0 0
523 11 96 0 0
524 12 96 0 0
525 11 96 0 0
526 10 96 0 0
527 11 96 0 0
528 10 96 0 0
529 9 96 0 0
530 8 96 0 0
531 8 95 0 0
532 9 95 0 0
533 8 95 0 0
534 7 95 0 0
535 8 95 0 0
536 7 95 0 0
537 6 95 0 0
538 7 95 0 0
539 6 95 0 0
540 5 95 0 0
541 6 95 0 0
542 5 95 0 0
543 4 95 0 0
544 5 95 0 0
545 4 95 0 0
546 5 95 0 0
547 4 95 0 0
548 5 95 0 0
549 4 95 0 0
550 3 95 0 0
551 4 95 0 0
552 3 95 0 0
553 4 95 0 0
554 3 95 0 0
555 2 95 0 0
556 3 95 0 0
557 2 95 0 0
558 3 95 0 0
559 2 95 0 0
560 3 95 0 0
561 2 95 0 0
562 1 95 0 0
563 2 95 0 0
564 1 95 0 0
565 2 95 0 0
566 1 95 0 0
