0 0 82 0 0
1 1 82 0 0
2 0 82 0 0
3 1 82 0 0
4 0 82 0 0
5 1 82 0 0
6 2 82 0 0
7 1 82 0 0
8 2 82 0 0
9 1 82 0 0
10 2 82 0 0
11 1 82 0 0
12 2 82 0 0
13 1 82 0 0
14 1 83 0 0
15 2 83 0 0
16 3 83 0 0
17 2 83 0 0
18 3 83 0 0
19 2 83 0 0
20 3 83 0 0
21 2 83 0 0
22 3 83 0 0
23 2 83 0 0
24 3 83 0 0
25 2 83 0 0
26 3 83 0 0
27 4 83 0 0
28 3 83 0 0
29 4 83 0 0
30 3 83 0 0
31 4 83 0 0
32 3 83 0 0
33 4 83 0 0
34 3 83 0 0
35 4 83 0 0
36 5 83 0 0
37 4 83 0 0
38 5 83 0 0
39 4 83 0 0
40 5 83 0 0
41 6 83 0 0
42 5 83 0 0
43 6 83 0 0
44 7 83 0 0
45 6 83 0 0
46 7 83 0 0
47 6 83 0 0
48 7 83 0 0
49 8 83 0 0
50 7 83 0 0
51 8 83 0 0
52 9 83 0 0
53 8 83 0 0
54 9 83 0 0
55 8 83 0 0
56 9 83 0 0
57 10 83 0 0
58 9 83 0 0
59 10 83 0 0
60 9 83 0 0
61 10 83 0 0
62 10 84 0 0
63 11 84 0 0
64 10 84 0 0
65 11 84 0 0
66 10 84 0 0
67 11 84 0 0
68 12 84 0 0
69 11 84 0 0
70 12 84 0 0
71 11 84 0 0
72 12 84 0 0
73 13 84 0 0
74 12 84 0 0
75 13 84 0 0
76 12 84 0 0
77 13 84 0 0
78 14 84 0 0
79 13 84 0 0
80 14 84 0 0
81 13 84 0 0
82 13 85 0 0
83 14 85 0 0
84 15 85 0 0
85 14 85 0 0
86 15 85 0 0
87 14 85 0 0
88 15 85 0 0
89 16 85 0 0
90 15 85 0 0
91 16 85 0 0
92 15 85 0 0
93 16 85 0 0
94 17 85 0 0
95 16 85 0 0
96 17 85 0 0
97 16 85 0 0
98 17 85 0 0
99 18 85 0 0
100 17 85 0 0
101 18 85 0 0
102 17 85 0 0
103 17 86 0 0
104 18 86 0 0
105 19 86 0 0
106 18 86 0 0
107 19 86 0 0
108 18 86 0 0
109 19 86 0 0
110 20 86 0 0
111 19 86 0 0
112 20 86 0 0
113 21 86 0 0
114 20 86 0 0
115 21 86 0 0
116 20 86 0 0
117 21 86 0 0
118 22 86 0 0
119 21 86 0 0
120 22 86 0 0
121 21 86 0 0
122 21 87 0 0
123 22 87 0 0
124 21 87 0 0
125 22 87 0 0
126 23 87 0 0
127 22 87 0 0
128 23 87 0 0
129 24 87 0 0
130 23 87 0 0
131 24 87 0 0
132 23 87 0 0
133 24 87 0 0
134 25 87 0 0
135 24 87 0 0
136 25 87 0 0
137 24 87 0 0
138 25 87 0 0
139 26 87 0 0
140 25 87 0 0
141 26 87 0 0
142 27 87 0 0
143 26 87 0 0
144 26 88 0 0
145 27 88 0 0
146 28 88 0 0
147 27 88 0 0
148 28 88 0 0
149 27 88 0 0
150 28 88 0 0
151 29 88 0 0
152 28 88 0 0
153 29 88 0 0
154 30 88 0 0
155 29 88 0 0
156 30 88 0 0
157 29 88 0 0
158 30 88 0 0
159 31 88 0 0
160 30 88 0 0
161 31 88 0 0
162 32 88 0 0
163 31 88 0 0
164 32 88 0 0
165 31 88 0 0
166 32 88 0 0
167 33 88 0 0
168 32 88 0 0
169 33 88 0 0
170 33 89 0 0
171 34 89 0 0
172 33 89 0 0
173 34 89 0 0
174 33 89 0 0
175 34 89 0 0
176 35 89 0 0
177 34 89 0 0
178 35 89 0 0
179 36 89 0 0
180 35 89 0 0
181 36 89 0 0
182 37 89 0 0
183 36 89 0 0
184 37 89 0 0
185 36 89 0 0
186 37 89 0 0
187 38 89 0 0
188 37 89 0 0
189 38 89 0 0
190 37 89 0 0
191 38 89 0 0
192 39 89 0 0
193 38 89 0 0
194 39 89 0 0
195 38 89 0 0
196 39 89 0 0
197 39 90 0 0
198 40 90 0 0
199 39 90 0 0
200 40 90 0 0
201 39 90 0 0
202 40 90 0 0
203 41 90 0 0
204 40 90 0 0
205 41 90 0 0
206 40 90 0 0
207 41 90 0 0
208 42 90 0 0
209 41 90 0 0
210 42 90 0 0
211 43 90 0 0
212 42 90 0 0
213 43 90 0 0
214 42 90 0 0
215 43 90 0 0
216 44 90 0 0
217 43 90 0 0
218 44 90 0 0
219 45 90 0 0
220 44 90 0 0
221 45 90 0 0
222 44 90 0 0
223 45 90 0 0
224 46 90 0 0
225 45 90 0 0
226 46 90 0 0
227 47 90 0 0
228 46 90 0 0
229 47 90 0 0
230 48 90 0 0
231 47 90 0 0
232 47 91 0 0
233 48 91 0 0
234 47 91 0 0
235 48 91 0 0
236 49 91 0 0
237 48 91 0 0
238 49 91 0 0
239 48 91 0 0
240 49 91 0 0
241 50 91 0 0
242 49 91 0 0
243 50 91 0 0
244 51 91 0 0
245 50 91 0 0
246 51 91 0 0
247 50 91 0 0
248 51 91 0 0
249 52 91 0 0
250 51 91 0 0
251 52 91 0 0
252 53 91 0 0
253 52 91 0 0
254 53 91 0 0
255 52 91 0 0
256 53 91 0 0
257 54 91 0 0
258 53 91 0 0
259 54 91 0 0
260 55 91 0 0
261 54 91 0 0
262 55 91 0 0
263 54 91 0 0
264 55 91 0 0
265 56 91 0 0
266 55 91 0 0
267 56 91 0 0
268 57 91 0 0
269 56 91 0 0
270 57 91 0 0
271 56 91 0 0
272 57 91 0 0
273 58 91 0 0
274 57 91 0 0
275 58 91 0 0
276 59 91 0 0
277 58 91 0 0
278 59 91 0 0
279 58 91 0 0
280 59 91 0 0
281 60 91 0 0
282 59 91 0 0
283 60 91 0 0
284 61 91 0 0
285 60 91 0 0
286 61 91 0 0
287 62 91 0 0
288 61 91 0 0
289 61 92 0 0
290 62 92 0 0
291 61 92 0 0
292 62 92 0 0
293 63 92 0 0
294 62 92 0 0
295 63 92 0 0
296 64 92 0 0
297 63 92 0 0
298 64 92 0 0
299 63 92 0 0
300 63 93 0 0
301 64 93 0 0
302 65 93 0 0
303 64 93 0 0
304 65 93 0 0
305 66 93 0 0
306 65 93 0 0
307 66 93 0 0
308 65 93 0 0
309 65 94 0 0
310 66 94 0 0
311 67 94 0 0
312 66 94 0 0
313 67 94 0 0
314 66 94 0 0
315 67 94 0 0
316 68 94 0 0
317 67 94 0 0
318 67 95 0 0
319 68 95 0 0
320 69 95 0 0
321 68 95 0 0
322 69 95 0 0
323 70 95 0 0
324 69 95 0 0
325 70 95 0 0
326 69 95 0 0
327 70 95 0 0
328 71 95 0 0
329 70 95 0 0
330 71 95 0 0
331 71 96 0 0
332 72 96 0 0
333 71 96 0 0
334 72 96 0 0
335 71 96 0 0
336 72 96 0 0
337 73 96 0 0
338 72 96 0 0
339 73 96 0 0
340 74 96 0 0
341 73 96 0 0
342 74 96 0 0
343 75 96 0 0
344 74 96 0 0
345 75 96 0 0
346 74 96 0 0
347 75 96 0 0
348 76 96 0 0
349 75 96 0 0
350 75 97 0 0
351 76 97 0 0
352 77 97 0 0
353 76 97 0 0
354 77 97 0 0
355 78 97 0 0
356 77 97 0 0
357 78 97 0 0
358 77 97 0 0
359 78 97 0 0
360 79 97 0 0
361 78 97 0 0
362 79 97 0 0
363 80 97 0 0
364 79 97 0 0
365 80 97 0 0
366 79 97 0 0
367 80 97 0 0
368 80 98 0 0
369 81 98 0 0
370 80 98 0 0
371 81 98 0 0
372 82 98 0 0
373 81 98 0 0
374 82 98 0 0
375 81 98 0 0
376 82 98 0 0
377 83 98 0 0
378 82 98 0 0
379 83 98 0 0
380 84 98 0 0
381 83 98 0 0
382 84 98 0 0
383 83 98 0 0
384 84 98 0 0
385 85 98 0 0
386 84 98 0 0
387 85 98 0 0
388 86 98 0 0
389 85 98 0 0
390 86 98 0 0
391 85 98 0 0
392 86 98 0 0
393 87 98 0 0
394 86 98 0 0
395 87 98 0 0
396 87 99 0 0
397 88 99 0 0
398 87 99 0 0
399 88 99 0 0
400 87 99 0 0
401 88 99 0 0
402 89 99 0 0
403 88 99 0 0
404 89 99 0 0
405 90 99 0 0
406 89 99 0 0
407 90 99 0 0
408 89 99 0 0
409 90 99 0 0
410 91 99 0 0
411 90 99 0 0
412 91 99 0 0
413 92 99 0 0
414 91 99 0 0
415 92 99 0 0
416 93 99 0 0
417 92 99 0 0
418 93 99 0 0
419 92 99 0 0
420 93 99 0 0
421 94 99 0 0
422 93 99 0 0
423 93 100 0 0
424 94 100 0 0
425 95 100 0 0
426 94 100 0 0
427 95 100 0 0
428 96 100 0 0
429 95 100 0 0
430 96 100 0 0
431 95 100 0 0
432 96 100 0 0
433 97 100 0 0
434 96 100 0 0
435 97 100 0 0
436 98 100 0 0
437 97 100 0 0
438 98 100 0 0
439 97 100 0 0
440 98 100 0 0
441 99 100 0 0
442 98 100 0 0
443 99 100 0 0
444 100 100 0 0
445 99 100 0 0
446 100 100 0 0
447 101 100 0 0
448 100 100 0 0
449 101 100 0 0
450 100 100 0 0
451 101 100 0 0
452 102 100 0 0
453 101 100 0 0
454 102 100 0 0
455 101 100 0 0
456 102 100 0 0
457 102 101 0 0
458 103 101 0 0
459 102 101 0 0
460 103 101 0 0
461 104 101 0 0
462 103 101 0 0
463 104 101 0 0
464 105 101 0 0
465 104 101 0 0
466 105 101 0 0
467 104 101 0 0
468 105 101 0 0
469 106 101 0 0
470 105 101 0 0
471 106 101 0 0
472 105 101 0 0
473 106 101 0 0
474 107 101 0 0
475 106 101 0 0
476 107 101 0 0
477 108 101 0 0
478 107 101 0 0
479 108 101 0 0
480 107 101 0 0
481 108 101 0 0
482 109 101 0 0
483 108 101 0 0
484 109 101 0 0
485 110 101 0 0
486 109 101 0 0
487 110 101 0 0
488 109 101 0 0
489 110 101 0 0
490 111 101 0 0
491 110 101 0 0
492 111 101 0 0
493 112 101 0 0
494 111 101 0 0
495 112 101 0 0
496 111 101 0 0
497 112 101 0 0
498 113 101 0 0
499 112 101 0 0
500 113 101 0 0
501 114 101 0 0
502 113 101 0 0
503 114 101 0 0
504 113 101 0 0
505 114 101 0 0
506 115 101 0 0
507 114 101 0 0
508 115 101 0 0
509 116 101 0 0
510 115 101 0 0
511 116 101 0 0
512 115 101 0 0
513 116 101 0 0
514 117 101 0 0
515 116 101 0 0
516 117 101 0 0
517 116 101 0 0
518 117 101 0 0
519 118 101 0 0
520 117 101 0 0
521 117 102 0 0
522 118 102 0 0
523 119 102 0 0
524 118 102 0 0
525 119 102 0 0
526 120 102 0 0
527 119 102 0 0
528 120 102 0 0
529 121 102 0 0
530 120 102 0 0
531 121 102 0 0
532 122 102 0 0
533 121 102 0 0
534 122 102 0 0
535 123 102 0 0
536 122 102 0 0
537 123 102 0 0
538 122 102 0 0
539 123 102 0 0
540 124 102 0 0
541 123 102 0 0
542 124 102 0 0
543 124 103 0 0
544 125 103 0 0
545 124 103 0 0
546 125 103 0 0
547 126 103 0 0
548 125 103 0 0
549 126 103 0 0
550 125 103 0 0
551 126 103 0 0
552 127 103 0 0
553 126 103 0 0
554 127 103 0 0
555 128 103 0 0
556 127 103 0 0
557 128 103 0 0
558 129 103 0 0
559 128 103 0 0
560 129 103 0 0
561 128 103 0 0
562 129 103 0 0
563 130 103 0 0
564 129 103 0 0
565 130 103 0 0
566 131 103 0 0
567 130 103 0 0
568 131 103 0 0
569 132 103 0 0
570 131 103 0 0
571 132 103 0 0
572 133 103 0 0
573 132 103 0 0
574 133 103 0 0
575 132 103 0 0
576 133 103 0 0
577 134 103 0 0
578 133 103 0 0
579 134 103 0 0
580 135 103 0 0
581 134 103 0 0
582 134 104 0 0
583 135 104 0 0
584 136 104 0 0
585 135 104 0 0
586 136 104 0 0
587 135 104 0 0
588 136 104 0 0
589 137 104 0 0
590 136 104 0 0
591 137 104 0 0
592 138 104 0 0
593 137 104 0 0
594 138 104 0 0
595 139 104 0 0
596 138 104 0 0
597 139 104 0 0
598 138 104 0 0
599 139 104 0 0
600 140 104 0 0
601 139 104 0 0
602 140 104 0 0
603 141 104 0 0
604 140 104 0 0
605 141 104 0 0
606 142 104 0 0
607 141 104 0 0
608 142 104 0 0
609 141 104 0 0
610 142 104 0 0
611 143 104 0 0
612 142 104 0 0
613 143 104 0 0
614 144 104 0 0
615 143 104 0 0
616 143 105 0 0
617 144 105 0 0
618 145 105 0 0
619 144 105 0 0
620 145 105 0 0
621 146 105 0 0
622 145 105 0 0
623 146 105 0 0
624 147 105 0 0
625 146 105 0 0
626 147 105 0 0
627 148 105 0 0
628 147 105 0 0
629 148 105 0 0
630 147 105 0 0
631 148 105 0 0
632 149 105 0 0
633 148 105 0 0
634 149 105 0 0
635 149 106 0 0
636 150 106 0 0
637 149 106 0 0
638 150 106 0 0
639 151 106 0 0
640 150 106 0 0
641 151 106 0 0
642 150 106 0 0
643 151 106 0 0
644 152 106 0 0
645 151 106 0 0
646 152 106 0 0
647 153 106 0 0
648 152 106 0 0
649 153 106 0 0
650 154 106 0 0
651 153 106 0 0
652 154 106 0 0
653 155 106 0 0
654 154 106 0 0
655 155 106 0 0
656 154 106 0 0
657 155 106 0 0
658 156 106 0 0
659 155 106 0 0
660 156 106 0 0
661 156 107 0 0
662 157 107 0 0
663 156 107 0 0
664 157 107 0 0
665 158 107 0 0
666 157 107 0 0
667 158 107 0 0
668 157 107 0 0
669 158 107 0 0
670 159 107 0 0
671 158 107 0 0
672 159 107 0 0
673 160 107 0 0
674 159 107 0 0
675 160 107 0 0
676 159 107 0 0
677 160 107 0 0
678 161 107 0 0
679 160 107 0 0
680 161 107 0 0
681 162 107 0 0
682 161 107 0 0
683 162 107 0 0
684 161 107 0 0
685 162 107 0 0
686 163 107 0 0
687 162 107 0 0
688 163 107 0 0
689 162 107 0 0
690 163 107 0 0
691 164 107 0 0
692 163 107 0 0
693 164 107 0 0
694 165 107 0 0
695 164 107 0 0
696 165 107 0 0
697 164 107 0 0
698 165 107 0 0
699 166 107 0 0
700 165 107 0 0
701 166 107 0 0
702 165 107 0 0
703 166 107 0 0
704 167 107 0 0
705 166 107 0 0
706 167 107 0 0
707 168 107 0 0
708 167 107 0 0
709 168 107 0 0
710 167 107 0 0
711 168 107 0 0
712 169 107 0 0
713 168 107 0 0
714 169 107 0 0
715 168 107 0 0
716 168 108 0 0
717 169 108 0 0
718 170 108 0 0
719 169 108 0 0
720 170 108 0 0
721 171 108 0 0
722 170 108 0 0
723 171 108 0 0
724 170 108 0 0
725 171 108 0 0
726 172 108 0 0
727 171 108 0 0
728 172 108 0 0
729 171 108 0 0
730 172 108 0 0
731 173 108 0 0
732 172 108 0 0
733 173 108 0 0
734 174 108 0 0
735 173 108 0 0
736 174 108 0 0
737 175 108 0 0
738 174 108 0 0
739 175 108 0 0
740 176 108 0 0
741 175 108 0 0
742 176 108 0 0
743 175 108 0 0
744 176 108 0 0
745 177 108 0 0
746 176 108 0 0
747 177 108 0 0
748 178 108 0 0
749 177 108 0 0
750 178 108 0 0
751 179 108 0 0
752 178 108 0 0
753 179 108 0 0
754 180 108 0 0
755 179 108 0 0
756 180 108 0 0
757 179 108 0 0
758 180 108 0 0
759 181 108 0 0
760 180 108 0 0
761 181 108 0 0
762 182 108 0 0
763 181 108 0 0
764 181 109 0 0
765 182 109 0 0
766 181 109 0 0
767 182 109 0 0
768 183 109 0 0
769 182 109 0 0
770 183 109 0 0
771 182 109 0 0
772 183 109 0 0
773 184 109 0 0
774 183 109 0 0
775 184 109 0 0
776 183 109 0 0
777 184 109 0 0
778 185 109 0 0
779 184 109 0 0
780 185 109 0 0
781 186 109 0 0
782 185 109 0 0
783 186 109 0 0
784 185 109 0 0
785 186 109 0 0
786 187 109 0 0
787 186 109 0 0
788 187 109 0 0
789 188 109 0 0
790 187 109 0 0
791 188 109 0 0
792 187 109 0 0
793 188 109 0 0
794 189 109 0 0
795 188 109 0 0
796 189 109 0 0
797 188 109 0 0
798 189 109 0 0
799 190 109 0 0
800 189 109 0 0
801 190 109 0 0
802 191 109 0 0
803 190 109 0 0
804 191 109 0 0
805 190 109 0 0
806 191 109 0 0
807 192 109 0 0
808 191 109 0 0
809 192 109 0 0
810 191 109 0 0
811 192 109 0 0
812 193 109 0 0
813 192 109 0 0
814 193 109 0 0
815 192 109 0 0
816 193 109 0 0
817 194 109 0 0
818 193 109 0 0
819 194 109 0 0
820 195 109 0 0
821 194 109 0 0
822 195 109 0 0
823 194 109 0 0
824 195 109 0 0
