0 46 1 0 0
1 46 2 0 0
2 45 2 0 0
3 45 3 0 0
4 44 3 0 0
5 44 4 0 0
6 44 3 0 0
7 44 4 0 0
8 44 5 0 0
9 44 6 0 0
10 44 7 0 0
11 44 8 0 0
12 44 9 0 0
13 44 10 0 0
14 44 11 0 0
15 44 12 0 0
16 44 13 0 0
17 44 14 0 0
18 44 15 0 0
19 44 16 0 0
20 44 17 0 0
21 44 18 0 0
22 44 19 0 0
23 44 20 0 0
24 44 21 0 0
25 44 22 0 0
26 44 23 0 0
27 43 23 0 0
28 43 24 0 0
29 43 25 0 0
30 43 26 0 0
31 43 27 0 0
32 43 28 0 0
33 43 29 0 0
34 43 30 0 0
35 43 31 0 0
36 43 32 0 0
37 43 33 0 0
38 43 34 0 0
39 43 35 0 0
40 43 36 0 0
41 43 37 0 0
42 43 38 0 0
43 43 39 0 0
44 42 39 0 0
45 42 40 0 0
46 42 41 0 0
47 42 42 0 0
48 42 43 0 0
49 42 44 0 0
50 42 45 0 0
51 42 46 0 0
52 42 47 0 0
53 42 48 0 0
54 42 49 0 0
55 42 50 0 0
56 42 51 0 0
57 42 52 0 0
58 42 53 0 0
59 42 54 0 0
60 42 55 0 0
61 42 56 0 0
62 42 57 0 0
63 42 58 0 0
64 42 59 0 0
65 42 60 0 0
66 42 61 0 0
67 42 62 0 0
68 42 63 0 0
69 42 64 0 0
70 42 65 0 0
71 42 66 0 0
72 41 66 0 0
73 41 67 0 0
74 41 68 0 0
75 41 69 0 0
76 40 69 0 0
77 40 70 0 0
78 40 71 0 0
79 39 71 0 0
80 39 72 0 0
81 39 73 0 0
82 38 73 0 0
83 38 74 0 0
84 38 75 0 0
85 37 75 0 0
86 37 76 0 0
87 36 76 0 0
88 35 76 0 0
89 35 77 0 0
90 35 78 0 0
91 34 78 0 0
92 33 78 0 0
93 32 78 0 0
94 31 78 0 0
95 31 79 0 0
96 30 79 0 0
97 29 79 0 0
98 28 79 0 0
99 28 80 0 0
100 27 80 0 0
101 26 80 0 0
102 25 80 0 0
103 24 80 0 0
104 23 80 0 0
105 22 80 0 0
106 22 81 0 0
107 21 81 0 0
108 20 81 0 0
109 19 81 0 0
110 18 81 0 0
111 17 81 0 0
112 16 81 0 0
113 15 81 0 0
114 14 81 0 0
115 13 81 0 0
116 12 81 0 0
117 11 81 0 0
118 10 81 0 0
119 9 81 0 0
120 8 81 0 0
121 7 81 0 0
122 6 81 0 0
123 6 82 0 0
124 5 82 0 0
125 4 82 0 0
126 3 82 0 0
127 2 82 0 0
128 1 82 0 0
129 1 81 0 0
