0 200 19000 0 0
1 400 19000 0 0
2 600 19000 0 0
3 800 19000 0 0
4 1000 19000 0 0
5 1200 19000 0 0
6 1400 19000 0 0
7 1600 19000 0 0
8 1800 19000 0 0
9 2000 19000 0 0
10 2000 18800 0 0
11 2200 18800 0 0
12 2400 18800 0 0
13 2600 18800 0 0
14 2800 18800 0 0
15 3000 18800 0 0
16 3200 18800 0 0
17 3400 18800 0 0
18 3400 18600 0 0
19 3600 18600 0 0
20 3800 18600 0 0
21 4000 18600 0 0
22 4200 18600 0 0
23 4400 18600 0 0
24 4600 18600 0 0
25 4800 18600 0 0
26 5000 18600 0 0
27 5200 18600 0 0
28 5400 18600 0 0
29 5600 18600 0 0
30 5800 18600 0 0
31 6000 18600 0 0
32 6200 18600 0 0
33 6400 18600 0 0
34 6600 18600 0 0
35 6800 18600 0 0
36 7000 18600 0 0
37 7200 18600 0 0
38 7400 18600 0 0
39 7600 18600 0 0
40 7800 18600 0 0
41 8000 18600 0 0
42 8200 18600 0 0
43 8400 18600 0 0
44 8600 18600 0 0
45 8800 18600 0 0
46 9000 18600 0 0
47 9200 18600 0 0
48 9400 18600 0 0
49 9600 18600 0 0
50 9800 18600 0 0
51 10000 18600 0 0
52 10200 18600 0 0
53 10400 18600 0 0
54 10600 18600 0 0
55 10800 18600 0 0
56 11000 18600 0 0
57 11200 18600 0 0
58 11400 18600 0 0
59 11600 18600 0 0
60 11800 18600 0 0
61 11800 18800 0 0
62 12000 18800 0 0
63 12200 18800 0 0
64 12400 18800 0 0
65 12600 18800 0 0
66 12800 18800 0 0
67 13000 18800 0 0
68 13200 18800 0 0
69 13400 18800 0 0
70 13600 18800 0 0
71 13800 18800 0 0
72 14000 18800 0 0
73 14200 18800 0 0
74 14400 18800 0 0
75 14600 18800 0 0
76 14800 18800 0 0
77 15000 18800 0 0
78 15200 18800 0 0
79 15400 18800 0 0
80 15600 18800 0 0
81 15800 18800 0 0
82 15800 18600 0 0
83 16000 18600 0 0
84 16200 18600 0 0
85 16400 18600 0 0
86 16600 18600 0 0
87 16800 18600 0 0
88 16800 18400 0 0
89 17000 18400 0 0
90 17200 18400 0 0
91 17400 18400 0 0
92 17600 18400 0 0
93 17800 18400 0 0
94 18000 18400 0 0
95 18200 18400 0 0
96 18400 18400 0 0
97 18600 18400 0 0
98 18800 18400 0 0
99 19000 18400 0 0
100 19200 18400 0 0
101 19400 18400 0 0
102 19600 18400 0 0
103 19800 18400 0 0
104 20000 18400 0 0
105 20200 18400 0 0
106 20400 18400 0 0
107 20600 18400 0 0
108 20800 18400 0 0
109 21000 18400 0 0
110 21200 18400 0 0
111 21400 18400 0 0
112 21600 18400 0 0
113 21800 18400 0 0
114 21800 18600 0 0
115 22000 18600 0 0
116 22200 18600 0 0
117 22400 18600 0 0
118 22600 18600 0 0
119 22800 18600 0 0
120 23000 18600 0 0
121 23200 18600 0 0
122 23400 18600 0 0
123 23600 18600 0 0
124 23800 18600 0 0
125 24000 18600 0 0
126 24200 18600 0 0
127 24400 18600 0 0
128 24400 18800 0 0
129 24600 18800 0 0
130 24800 18800 0 0
131 25000 18800 0 0
132 25200 18800 0 0
133 25400 18800 0 0
134 25600 18800 0 0
135 25600 19000 0 0
136 25800 19000 0 0
137 26000 19000 0 0
138 26200 19000 0 0
139 26400 19000 0 0
140 26400 19200 0 0
141 26600 19200 0 0
142 26800 19200 0 0
143 27000 19200 0 0
144 27200 19200 0 0
145 27400 19200 0 0
146 27400 19400 0 0
147 27600 19400 0 0
148 27800 19400 0 0
149 28000 19400 0 0
150 28200 19400 0 0
151 28400 19400 0 0
152 28600 19400 0 0
153 28600 19600 0 0
154 28800 19600 0 0
155 29000 19600 0 0
156 29200 19600 0 0
157 29400 19600 0 0
158 29400 19800 0 0
159 29600 19800 0 0
160 29800 19800 0 0
161 30000 19800 0 0
162 30200 19800 0 0
163 30400 19800 0 0
164 30600 19800 0 0
165 30800 19800 0 0
166 30800 20000 0 0
167 31000 20000 0 0
168 31200 20000 0 0
169 31400 20000 0 0
170 31600 20000 0 0
171 31800 20000 0 0
172 32000 20000 0 0
173 32000 20200 0 0
174 32200 20200 0 0
175 32400 20200 0 0
176 32600 20200 0 0
177 32800 20200 0 0
178 33000 20200 0 0
179 33200 20200 0 0
180 33400 20200 0 0
181 33400 20400 0 0
182 33600 20400 0 0
183 33800 20400 0 0
184 34000 20400 0 0
185 34200 20400 0 0
186 34400 20400 0 0
187 34400 20600 0 0
188 34600 20600 0 0
189 34800 20600 0 0
190 35000 20600 0 0
191 35200 20600 0 0
192 35400 20600 0 0
193 35400 20800 0 0
194 35600 20800 0 0
195 35800 20800 0 0
196 36000 20800 0 0
197 36200 20800 0 0
198 36200 21000 0 0
199 36400 21000 0 0
200 36600 21000 0 0
201 36800 21000 0 0
202 37000 21000 0 0
203 37000 21200 0 0
204 37200 21200 0 0
205 37400 21200 0 0
206 37600 21200 0 0
207 37800 21200 0 0
208 37800 21400 0 0
209 38000 21400 0 0
210 38200 21400 0 0
211 38400 21400 0 0
212 38600 21400 0 0
213 38800 21400 0 0
214 39000 21400 0 0
215 39200 21400 0 0
216 39200 21200 0 0
217 39200 21000 0 0
218 39200 20800 0 0
219 39000 20800 0 0
220 38800 20800 0 0
221 38600 20800 0 0
222 38400 20800 0 0
223 38200 20800 0 0
224 38000 20800 0 0
225 37800 20800 0 0
226 37600 20800 0 0
227 37400 20800 0 0
228 37200 20800 0 0
229 37200 21000 0 0
230 37000 21000 0 0
231 36800 21000 0 0
232 36600 21000 0 0
233 36400 21000 0 0
234 36200 21000 0 0
235 36000 21000 0 0
236 35800 21000 0 0
237 35600 21000 0 0
238 35400 21000 0 0
239 35200 21000 0 0
240 35000 21000 0 0
241 34800 21000 0 0
242 34600 21000 0 0
243 34400 21000 0 0
244 34200 21000 0 0
245 34000 21000 0 0
246 33800 21000 0 0
247 33600 21000 0 0
248 33400 21000 0 0
249 33200 21000 0 0
250 33000 21000 0 0
251 32800 21000 0 0
252 32600 21000 0 0
253 32400 21000 0 0
254 32200 21000 0 0
255 32000 21000 0 0
256 31800 21000 0 0
257 31600 21000 0 0
258 31400 21000 0 0
259 31200 21000 0 0
260 31000 21000 0 0
261 30800 21000 0 0
262 30600 21000 0 0
263 30400 21000 0 0
264 30200 21000 0 0
265 30000 21000 0 0
266 29800 21000 0 0
267 29600 21000 0 0
268 29400 21000 0 0
269 29200 21000 0 0
270 29200 21200 0 0
271 29000 21200 0 0
272 28800 21200 0 0
273 28600 21200 0 0
274 28400 21200 0 0
275 28200 21200 0 0
276 28200 21400 0 0
277 28000 21400 0 0
278 27800 21400 0 0
279 27600 21400 0 0
280 27400 21400 0 0
281 27600 21400 0 0
282 27800 21400 0 0
283 27400 21400 0 0
284 27400 21600 0 0
285 27200 21600 0 0
286 27000 21600 0 0
287 26800 21600 0 0
288 26600 21600 0 0
289 26400 21600 0 0
290 26200 21600 0 0
291 26000 21600 0 0
292 25800 21600 0 0
293 25600 21600 0 0
294 25400 21600 0 0
295 25400 21800 0 0
