0 0 90 0 0
1 1 90 0 0
2 1 91 0 0
3 2 91 0 0
4 3 91 0 0
5 4 91 0 0
6 4 92 0 0
7 5 92 0 0
8 5 93 0 0
9 6 93 0 0
10 7 93 0 0
11 8 93 0 0
12 9 93 0 0
13 9 94 0 0
14 10 94 0 0
15 11 94 0 0
16 12 94 0 0
17 12 95 0 0
18 13 95 0 0
19 14 95 0 0
20 14 96 0 0
21 15 96 0 0
22 16 96 0 0
23 16 97 0 0
24 17 97 0 0
25 17 98 0 0
26 18 98 0 0
27 18 99 0 0
28 19 99 0 0
29 20 99 0 0
30 20 100 0 0
31 21 100 0 0
32 21 101 0 0
33 22 101 0 0
34 22 102 0 0
35 23 102 0 0
36 23 103 0 0
37 24 103 0 0
38 24 104 0 0
39 25 104 0 0
40 25 105 0 0
41 26 105 0 0
42 27 105 0 0
43 27 106 0 0
44 28 106 0 0
45 29 106 0 0
46 29 107 0 0
47 30 107 0 0
48 31 107 0 0
49 31 108 0 0
50 32 108 0 0
51 33 108 0 0
