0 125 135 0 0
1 126 135 0 0
2 127 135 0 0
3 128 135 0 0
4 129 135 0 0
5 130 135 0 0
6 131 135 0 0
7 132 135 0 0
8 133 135 0 0
9 134 135 0 0
10 134 134 0 0
11 135 134 0 0
12 136 134 0 0
13 137 134 0 0
14 138 134 0 0
15 139 134 0 0
16 140 134 0 0
17 141 134 0 0
18 142 134 0 0
19 143 134 0 0
20 144 134 0 0
21 145 134 0 0
22 146 134 0 0
23 147 134 0 0
24 148 134 0 0
25 149 134 0 0
26 150 134 0 0
27 150 133 0 0
28 151 133 0 0
29 152 133 0 0
30 153 133 0 0
31 154 133 0 0
32 155 133 0 0
33 156 133 0 0
34 157 133 0 0
35 158 133 0 0
36 159 133 0 0
37 160 133 0 0
38 161 133 0 0
39 162 133 0 0
40 163 133 0 0
41 164 133 0 0
42 165 133 0 0
43 166 133 0 0
44 167 133 0 0
45 168 133 0 0
46 169 133 0 0
47 170 133 0 0
48 171 133 0 0
49 172 133 0 0
50 173 133 0 0
51 174 133 0 0
52 175 133 0 0
53 176 133 0 0
54 176 132 0 0
55 177 132 0 0
56 178 132 0 0
57 179 132 0 0
58 180 132 0 0
59 181 132 0 0
60 182 132 0 0
61 183 132 0 0
62 184 132 0 0
63 185 132 0 0
64 185 131 0 0
65 186 131 0 0
66 187 131 0 0
67 188 131 0 0
68 189 131 0 0
69 190 131 0 0
70 191 131 0 0
71 192 131 0 0
72 193 131 0 0
73 194 131 0 0
74 195 131 0 0
75 196 131 0 0
76 197 131 0 0
77 198 131 0 0
78 199 131 0 0
79 200 131 0 0
80 201 131 0 0
81 202 131 0 0
82 203 131 0 0
83 204 131 0 0
84 205 131 0 0
85 206 131 0 0
86 207 131 0 0
87 208 131 0 0
88 209 131 0 0
89 210 131 0 0
90 210 130 0 0
91 211 130 0 0
92 212 130 0 0
93 212 129 0 0
94 213 129 0 0
