0 207 107 0 0
1 208 107 0 0
2 209 107 0 0
3 210 107 0 0
4 211 107 0 0
5 212 107 0 0
6 211 107 0 0
7 210 107 0 0
8 209 107 0 0
9 208 107 0 0
10 207 107 0 0
11 206 107 0 0
12 205 107 0 0
13 204 107 0 0
14 204 108 0 0
15 203 108 0 0
16 202 108 0 0
17 201 108 0 0
18 200 108 0 0
19 200 109 0 0
20 199 109 0 0
21 199 110 0 0
22 198 110 0 0
23 197 110 0 0
24 196 110 0 0
25 195 110 0 0
26 195 111 0 0
27 194 111 0 0
28 193 111 0 0
29 192 111 0 0
30 192 112 0 0
31 191 112 0 0
32 190 112 0 0
33 189 112 0 0
34 188 112 0 0
35 188 113 0 0
36 187 113 0 0
37 187 114 0 0
38 186 114 0 0
39 185 114 0 0
40 184 114 0 0
41 184 115 0 0
42 183 115 0 0
43 182 115 0 0
44 182 116 0 0
45 181 116 0 0
46 180 116 0 0
47 179 116 0 0
48 178 116 0 0
49 177 116 0 0
50 176 116 0 0
51 175 116 0 0
52 174 116 0 0
53 173 116 0 0
54 172 116 0 0
55 171 116 0 0
56 170 116 0 0
57 169 116 0 0
58 168 116 0 0
59 167 116 0 0
60 166 116 0 0
61 165 116 0 0
62 164 116 0 0
63 163 116 0 0
64 162 116 0 0
65 161 116 0 0
66 160 116 0 0
67 159 116 0 0
68 158 116 0 0
69 157 116 0 0
70 157 115 0 0
71 156 115 0 0
72 155 115 0 0
73 154 115 0 0
74 153 115 0 0
75 152 115 0 0
76 151 115 0 0
77 150 115 0 0
78 149 115 0 0
79 148 115 0 0
80 147 115 0 0
81 146 115 0 0
82 145 115 0 0
83 144 115 0 0
84 143 115 0 0
85 142 115 0 0
86 142 114 0 0
87 141 114 0 0
88 140 114 0 0
89 139 114 0 0
90 138 114 0 0
91 138 115 0 0
92 137 115 0 0
93 136 115 0 0
94 135 115 0 0
95 134 115 0 0
96 133 115 0 0
97 133 116 0 0
98 132 116 0 0
99 131 116 0 0
100 130 116 0 0
101 129 116 0 0
102 129 115 0 0
103 128 115 0 0
104 127 115 0 0
105 126 115 0 0
106 125 115 0 0
107 124 115 0 0
108 123 115 0 0
109 122 115 0 0
110 121 115 0 0
111 120 115 0 0
112 119 115 0 0
113 118 115 0 0
114 117 115 0 0
115 116 115 0 0
116 115 115 0 0
117 114 115 0 0
118 113 115 0 0
119 113 114 0 0
120 112 114 0 0
121 111 114 0 0
122 110 114 0 0
123 110 113 0 0
124 109 113 0 0
125 108 113 0 0
126 107 113 0 0
127 106 113 0 0
128 105 113 0 0
129 104 113 0 0
130 103 113 0 0
131 102 113 0 0
132 101 113 0 0
133 101 112 0 0
134 100 112 0 0
135 99 112 0 0
136 98 112 0 0
137 98 111 0 0
138 97 111 0 0
139 97 110 0 0
140 96 110 0 0
141 95 110 0 0
142 95 109 0 0
143 94 109 0 0
144 94 108 0 0
145 93 108 0 0
146 92 108 0 0
147 92 107 0 0
148 92 106 0 0
149 91 106 0 0
150 90 106 0 0
151 90 105 0 0
152 89 105 0 0
153 89 104 0 0
154 88 104 0 0
155 88 103 0 0
156 88 102 0 0
157 88 101 0 0
158 88 100 0 0
159 87 100 0 0
160 87 99 0 0
161 87 98 0 0
162 87 97 0 0
163 87 96 0 0
164 86 96 0 0
165 86 95 0 0
166 86 94 0 0
167 86 93 0 0
168 86 92 0 0
169 86 91 0 0
170 85 91 0 0
171 85 90 0 0
172 85 89 0 0
173 85 88 0 0
174 85 87 0 0
175 86 87 0 0
176 86 86 0 0
177 86 85 0 0
178 86 84 0 0
179 86 83 0 0
180 86 82 0 0
181 87 82 0 0
182 87 81 0 0
183 87 80 0 0
184 87 79 0 0
185 88 79 0 0
186 88 78 0 0
187 88 77 0 0
188 88 76 0 0
189 89 76 0 0
190 89 75 0 0
191 89 74 0 0
192 90 74 0 0
193 90 73 0 0
194 90 72 0 0
195 90 71 0 0
196 91 71 0 0
197 91 70 0 0
198 92 70 0 0
199 92 69 0 0
200 93 69 0 0
201 93 68 0 0
202 94 68 0 0
203 95 68 0 0
204 95 67 0 0
205 96 67 0 0
206 97 67 0 0
207 97 66 0 0
208 97 65 0 0
209 98 65 0 0
210 99 65 0 0
211 100 65 0 0
212 100 64 0 0
213 101 64 0 0
214 102 64 0 0
215 103 64 0 0
216 104 64 0 0
217 105 64 0 0
218 105 63 0 0
219 106 63 0 0
220 107 63 0 0
221 108 63 0 0
222 109 63 0 0
223 110 63 0 0
224 111 63 0 0
225 112 63 0 0
226 113 63 0 0
227 114 63 0 0
228 115 63 0 0
229 116 63 0 0
230 117 63 0 0
231 118 63 0 0
232 119 63 0 0
233 120 63 0 0
234 121 63 0 0
235 122 63 0 0
236 123 63 0 0
237 124 63 0 0
238 125 63 0 0
239 126 63 0 0
240 127 63 0 0
241 128 63 0 0
242 129 63 0 0
243 130 63 0 0
244 131 63 0 0
245 132 63 0 0
246 133 63 0 0
247 134 63 0 0
248 135 63 0 0
249 136 63 0 0
250 137 63 0 0
251 138 63 0 0
252 138 64 0 0
253 139 64 0 0
254 140 64 0 0
255 141 64 0 0
256 142 64 0 0
257 143 64 0 0
258 144 64 0 0
259 144 63 0 0
260 145 63 0 0
261 146 63 0 0
262 147 63 0 0
263 148 63 0 0
264 149 63 0 0
265 149 62 0 0
266 150 62 0 0
267 151 62 0 0
268 152 62 0 0
269 153 62 0 0
270 154 62 0 0
271 154 63 0 0
272 155 63 0 0
273 156 63 0 0
274 157 63 0 0
275 158 63 0 0
276 159 63 0 0
277 160 63 0 0
278 161 63 0 0
279 162 63 0 0
280 163 63 0 0
281 163 62 0 0
282 164 62 0 0
283 165 62 0 0
284 166 62 0 0
285 167 62 0 0
286 168 62 0 0
287 169 62 0 0
288 170 62 0 0
289 171 62 0 0
290 172 62 0 0
291 173 62 0 0
292 174 62 0 0
293 175 62 0 0
294 176 62 0 0
295 177 62 0 0
296 178 62 0 0
297 179 62 0 0
298 179 61 0 0
299 180 61 0 0
300 181 61 0 0
301 182 61 0 0
302 183 61 0 0
303 184 61 0 0
304 185 61 0 0
305 186 61 0 0
306 187 61 0 0
307 188 61 0 0
308 189 61 0 0
309 190 61 0 0
310 191 61 0 0
311 192 61 0 0
312 193 61 0 0
313 194 61 0 0
314 195 61 0 0
315 196 61 0 0
316 197 61 0 0
317 198 61 0 0
318 199 61 0 0
319 200 61 0 0
320 201 61 0 0
321 202 61 0 0
322 203 61 0 0
323 204 61 0 0
324 205 61 0 0
325 206 61 0 0
326 207 61 0 0
327 208 61 0 0
328 209 61 0 0
329 210 61 0 0
330 211 61 0 0
331 211 62 0 0
332 212 62 0 0
333 213 62 0 0
334 213 61 0 0
335 213 60 0 0
336 213 59 0 0
337 213 58 0 0
338 213 57 0 0
339 212 57 0 0
340 211 57 0 0
341 210 57 0 0
342 209 57 0 0
343 208 57 0 0
344 207 57 0 0
345 206 57 0 0
346 205 57 0 0
347 205 56 0 0
348 204 56 0 0
349 203 56 0 0
350 202 56 0 0
351 201 56 0 0
352 200 56 0 0
353 200 55 0 0
354 199 55 0 0
355 198 55 0 0
356 197 55 0 0
357 196 55 0 0
358 196 56 0 0
359 195 56 0 0
360 195 55 0 0
361 194 55 0 0
362 193 55 0 0
363 192 55 0 0
364 191 55 0 0
365 190 55 0 0
366 189 55 0 0
367 188 55 0 0
368 188 54 0 0
369 187 54 0 0
370 186 54 0 0
371 185 54 0 0
372 185 55 0 0
373 184 55 0 0
374 183 55 0 0
375 182 55 0 0
376 181 55 0 0
377 180 55 0 0
378 179 55 0 0
379 178 55 0 0
380 177 55 0 0
381 176 55 0 0
382 175 55 0 0
383 174 55 0 0
384 173 55 0 0
385 173 56 0 0
386 172 56 0 0
387 171 56 0 0
388 170 56 0 0
389 170 55 0 0
390 169 55 0 0
391 168 55 0 0
392 167 55 0 0
393 166 55 0 0
394 165 55 0 0
395 164 55 0 0
396 163 55 0 0
397 163 54 0 0
398 162 54 0 0
