0 110 51 0 0
1 110 50 0 0
2 111 50 0 0
3 111 49 0 0
4 111 48 0 0
5 112 48 0 0
6 112 47 0 0
7 112 46 0 0
8 113 46 0 0
9 113 45 0 0
10 113 44 0 0
11 114 44 0 0
12 114 43 0 0
13 114 42 0 0
14 115 42 0 0
15 115 41 0 0
16 115 40 0 0
17 116 40 0 0
18 116 39 0 0
19 116 38 0 0
20 117 38 0 0
21 117 37 0 0
22 117 36 0 0
23 118 36 0 0
24 118 35 0 0
25 118 34 0 0
26 118 33 0 0
27 119 33 0 0
28 119 32 0 0
29 119 31 0 0
30 120 31 0 0
31 120 30 0 0
32 120 29 0 0
33 121 29 0 0
34 121 28 0 0
35 121 27 0 0
36 122 27 0 0
37 123 27 0 0
38 123 26 0 0
39 124 26 0 0
40 125 26 0 0
41 126 26 0 0
42 126 25 0 0
43 127 25 0 0
44 128 25 0 0
45 129 25 0 0
46 129 24 0 0
47 130 24 0 0
48 131 24 0 0
49 132 24 0 0
50 132 23 0 0
51 133 23 0 0
52 134 23 0 0
53 135 23 0 0
54 135 22 0 0
55 136 22 0 0
56 137 22 0 0
57 137 21 0 0
58 138 21 0 0
59 139 21 0 0
60 140 21 0 0
61 140 20 0 0
62 141 20 0 0
63 142 20 0 0
64 143 20 0 0
65 143 19 0 0
66 144 19 0 0
67 144 18 0 0
68 145 18 0 0
69 146 18 0 0
70 147 18 0 0
71 148 18 0 0
72 149 18 0 0
73 149 17 0 0
74 150 17 0 0
75 151 17 0 0
