0 96 268 0 0
1 96 267 0 0
2 96 266 0 0
3 96 265 0 0
4 96 264 0 0
5 96 263 0 0
6 96 262 0 0
7 96 261 0 0
8 96 260 0 0
9 96 259 0 0
10 96 258 0 0
11 96 257 0 0
12 96 256 0 0
13 96 255 0 0
14 96 254 0 0
15 96 253 0 0
16 96 252 0 0
17 96 251 0 0
18 95 251 0 0
19 95 250 0 0
20 96 250 0 0
21 96 249 0 0
22 95 249 0 0
23 95 248 0 0
24 95 247 0 0
25 95 246 0 0
26 95 245 0 0
27 95 244 0 0
28 95 243 0 0
29 95 242 0 0
30 95 241 0 0
31 95 240 0 0
32 95 239 0 0
33 95 238 0 0
34 96 238 0 0
35 96 237 0 0
36 96 236 0 0
37 96 235 0 0
38 96 234 0 0
39 96 233 0 0
40 96 232 0 0
41 96 231 0 0
42 96 230 0 0
43 96 229 0 0
44 96 228 0 0
45 96 227 0 0
46 97 227 0 0
47 97 226 0 0
48 97 225 0 0
49 97 224 0 0
50 97 223 0 0
51 97 222 0 0
52 97 221 0 0
53 97 220 0 0
54 97 219 0 0
55 98 219 0 0
56 98 218 0 0
57 98 217 0 0
58 98 216 0 0
59 98 215 0 0
60 98 214 0 0
61 98 213 0 0
62 98 212 0 0
63 98 211 0 0
64 99 211 0 0
65 99 210 0 0
66 99 209 0 0
67 99 208 0 0
68 99 207 0 0
69 99 206 0 0
70 100 206 0 0
71 100 205 0 0
72 100 204 0 0
73 100 203 0 0
74 100 202 0 0
75 100 201 0 0
76 100 200 0 0
77 100 199 0 0
78 100 198 0 0
79 101 198 0 0
80 101 197 0 0
81 101 196 0 0
82 101 195 0 0
83 101 194 0 0
84 101 193 0 0
85 101 192 0 0
86 102 192 0 0
87 102 191 0 0
88 102 190 0 0
89 102 189 0 0
90 102 188 0 0
91 102 187 0 0
92 103 187 0 0
93 103 186 0 0
94 103 185 0 0
95 103 184 0 0
96 103 183 0 0
97 103 182 0 0
98 103 181 0 0
99 104 181 0 0
100 104 180 0 0
101 104 179 0 0
102 104 178 0 0
103 104 177 0 0
104 104 176 0 0
105 104 175 0 0
106 104 174 0 0
107 104 173 0 0
108 105 173 0 0
109 105 172 0 0
110 105 171 0 0
111 105 170 0 0
112 106 170 0 0
113 106 169 0 0
114 106 168 0 0
115 106 167 0 0
116 107 167 0 0
117 107 166 0 0
118 107 165 0 0
119 108 165 0 0
120 108 164 0 0
121 108 163 0 0
122 108 162 0 0
123 109 162 0 0
124 109 161 0 0
125 109 160 0 0
126 109 159 0 0
127 109 158 0 0
128 109 157 0 0
129 109 156 0 0
130 109 155 0 0
131 109 154 0 0
132 109 153 0 0
133 109 152 0 0
134 109 151 0 0
135 109 150 0 0
136 109 149 0 0
137 110 149 0 0
138 110 148 0 0
139 110 147 0 0
140 110 146 0 0
141 110 145 0 0
142 110 144 0 0
143 110 143 0 0
144 110 142 0 0
145 110 141 0 0
146 109 141 0 0
147 109 140 0 0
148 109 139 0 0
149 109 138 0 0
150 108 138 0 0
151 108 137 0 0
152 108 136 0 0
153 108 135 0 0
154 108 134 0 0
155 108 133 0 0
156 107 133 0 0
157 107 132 0 0
158 107 131 0 0
159 107 130 0 0
160 106 130 0 0
161 106 129 0 0
162 106 128 0 0
163 106 127 0 0
164 106 126 0 0
165 105 126 0 0
166 105 125 0 0
167 105 124 0 0
168 105 123 0 0
169 105 122 0 0
170 104 122 0 0
171 104 121 0 0
172 104 120 0 0
173 104 119 0 0
174 104 118 0 0
175 104 117 0 0
176 104 116 0 0
177 104 115 0 0
178 104 114 0 0
179 104 113 0 0
180 103 113 0 0
181 103 112 0 0
182 103 111 0 0
183 103 110 0 0
184 103 109 0 0
185 103 108 0 0
186 103 107 0 0
187 103 106 0 0
188 103 105 0 0
189 102 105 0 0
190 102 104 0 0
191 102 103 0 0
192 102 102 0 0
193 102 101 0 0
194 102 100 0 0
195 103 100 0 0
196 103 99 0 0
197 103 98 0 0
198 103 97 0 0
199 104 97 0 0
200 104 96 0 0
201 104 95 0 0
202 104 94 0 0
203 104 93 0 0
204 105 93 0 0
205 105 92 0 0
206 105 91 0 0
207 105 90 0 0
208 106 90 0 0
209 106 89 0 0
210 106 88 0 0
211 106 87 0 0
212 106 86 0 0
213 107 86 0 0
214 107 85 0 0
215 107 84 0 0
216 108 84 0 0
217 108 83 0 0
218 108 82 0 0
219 108 81 0 0
220 108 80 0 0
221 109 80 0 0
222 109 79 0 0
223 109 78 0 0
224 109 77 0 0
225 110 77 0 0
226 110 76 0 0
227 110 75 0 0
228 110 74 0 0
229 110 73 0 0
230 110 72 0 0
231 111 72 0 0
232 111 71 0 0
233 111 70 0 0
234 111 69 0 0
235 111 68 0 0
236 112 68 0 0
237 112 67 0 0
238 112 66 0 0
239 112 65 0 0
240 112 64 0 0
241 112 63 0 0
242 112 62 0 0
243 112 61 0 0
244 112 60 0 0
245 113 60 0 0
246 114 60 0 0
247 115 60 0 0
248 116 60 0 0
249 117 60 0 0
250 118 60 0 0
251 118 61 0 0
252 119 61 0 0
253 120 61 0 0
254 121 61 0 0
255 122 61 0 0
256 122 62 0 0
257 123 62 0 0
258 124 62 0 0
259 124 63 0 0
260 124 62 0 0
261 125 62 0 0
262 125 61 0 0
263 126 61 0 0
264 127 61 0 0
265 127 62 0 0
266 128 62 0 0
267 129 62 0 0
268 130 62 0 0
269 130 63 0 0
270 131 63 0 0
271 132 63 0 0
272 132 64 0 0
273 133 64 0 0
274 133 65 0 0
275 134 65 0 0
276 134 66 0 0
277 135 66 0 0
278 135 67 0 0
279 136 67 0 0
