0 94 266 0 0
1 94 265 0 0
2 94 264 0 0
3 94 263 0 0
4 95 263 0 0
5 95 262 0 0
6 95 261 0 0
7 95 260 0 0
8 95 259 0 0
9 95 258 0 0
10 95 257 0 0
11 95 256 0 0
12 95 255 0 0
13 95 254 0 0
14 95 253 0 0
15 95 252 0 0
16 95 251 0 0
17 95 250 0 0
18 95 249 0 0
19 95 248 0 0
20 96 248 0 0
21 96 247 0 0
22 96 246 0 0
23 96 245 0 0
24 96 244 0 0
25 96 243 0 0
26 96 242 0 0
27 96 241 0 0
28 96 240 0 0
29 96 239 0 0
30 96 238 0 0
31 96 237 0 0
32 96 236 0 0
33 96 235 0 0
34 96 234 0 0
35 97 234 0 0
36 97 233 0 0
37 97 232 0 0
38 97 231 0 0
39 97 230 0 0
40 97 229 0 0
41 97 228 0 0
42 97 227 0 0
43 97 226 0 0
44 97 225 0 0
45 97 224 0 0
46 97 223 0 0
47 98 223 0 0
48 98 222 0 0
49 98 221 0 0
50 98 220 0 0
51 98 219 0 0
52 98 218 0 0
53 98 217 0 0
54 98 216 0 0
55 98 215 0 0
56 98 214 0 0
57 98 213 0 0
58 98 212 0 0
59 98 211 0 0
60 98 210 0 0
61 98 209 0 0
62 98 208 0 0
63 99 208 0 0
64 99 207 0 0
65 99 206 0 0
66 99 205 0 0
67 99 204 0 0
68 99 203 0 0
69 99 202 0 0
70 99 201 0 0
71 99 200 0 0
72 99 199 0 0
73 99 198 0 0
74 100 198 0 0
75 100 197 0 0
76 100 196 0 0
77 101 196 0 0
78 101 195 0 0
79 102 195 0 0
80 102 194 0 0
81 102 193 0 0
82 103 193 0 0
83 103 192 0 0
84 103 191 0 0
85 104 191 0 0
86 104 190 0 0
87 104 189 0 0
88 105 189 0 0
89 105 188 0 0
90 106 188 0 0
91 106 187 0 0
92 106 186 0 0
93 107 186 0 0
94 107 185 0 0
95 108 185 0 0
96 108 184 0 0
97 108 183 0 0
98 109 183 0 0
99 109 182 0 0
100 110 182 0 0
101 110 181 0 0
102 110 180 0 0
103 111 180 0 0
104 111 179 0 0
105 112 179 0 0
106 112 178 0 0
107 112 177 0 0
108 113 177 0 0
109 113 176 0 0
110 113 175 0 0
111 114 175 0 0
112 114 174 0 0
113 115 174 0 0
114 115 173 0 0
115 115 172 0 0
116 116 172 0 0
117 116 171 0 0
118 116 170 0 0
119 117 170 0 0
120 118 170 0 0
121 118 169 0 0
122 118 168 0 0
123 119 168 0 0
124 119 167 0 0
125 120 167 0 0
126 120 166 0 0
127 121 166 0 0
128 121 165 0 0
129 121 164 0 0
130 122 164 0 0
131 123 164 0 0
132 123 163 0 0
133 123 162 0 0
134 124 162 0 0
135 124 161 0 0
136 125 161 0 0
137 125 160 0 0
138 126 160 0 0
139 127 160 0 0
140 128 160 0 0
141 128 159 0 0
142 129 159 0 0
143 130 159 0 0
144 130 158 0 0
145 131 158 0 0
146 132 158 0 0
147 133 158 0 0
148 133 157 0 0
149 134 157 0 0
150 135 157 0 0
151 136 157 0 0
152 136 156 0 0
153 137 156 0 0
154 138 156 0 0
155 138 155 0 0
156 139 155 0 0
157 140 155 0 0
158 140 154 0 0
159 141 154 0 0
160 142 154 0 0
161 143 154 0 0
162 143 153 0 0
163 144 153 0 0
164 145 153 0 0
165 146 153 0 0
166 146 152 0 0
167 147 152 0 0
168 147 151 0 0
169 148 151 0 0
170 149 151 0 0
171 150 151 0 0
172 150 150 0 0
173 151 150 0 0
174 152 150 0 0
175 153 150 0 0
176 154 150 0 0
177 155 150 0 0
178 156 150 0 0
179 156 149 0 0
180 157 149 0 0
181 158 149 0 0
182 159 149 0 0
183 160 149 0 0
184 161 149 0 0
185 162 149 0 0
186 163 149 0 0
187 163 150 0 0
188 164 150 0 0
189 165 150 0 0
190 166 150 0 0
191 167 150 0 0
192 168 150 0 0
193 169 150 0 0
194 170 150 0 0
195 171 150 0 0
196 172 150 0 0
197 173 150 0 0
198 174 150 0 0
199 175 150 0 0
200 176 150 0 0
201 177 150 0 0
202 178 150 0 0
203 179 150 0 0
204 180 150 0 0
205 181 150 0 0
206 182 150 0 0
207 183 150 0 0
208 184 150 0 0
209 184 149 0 0
210 185 149 0 0
211 186 149 0 0
212 187 149 0 0
213 188 149 0 0
214 188 148 0 0
215 189 148 0 0
216 190 148 0 0
217 191 148 0 0
218 191 147 0 0
219 192 147 0 0
220 193 147 0 0
221 194 147 0 0
222 195 147 0 0
223 196 147 0 0
