0 79 3 0 0
1 79 2 0 0
2 79 3 0 0
3 79 4 0 0
4 79 5 0 0
5 79 6 0 0
6 79 7 0 0
7 79 8 0 0
8 79 9 0 0
9 79 10 0 0
10 79 11 0 0
11 79 12 0 0
12 79 13 0 0
13 79 14 0 0
14 80 14 0 0
15 80 15 0 0
16 80 16 0 0
17 80 17 0 0
18 80 18 0 0
19 80 19 0 0
20 80 20 0 0
21 80 21 0 0
22 80 22 0 0
23 80 23 0 0
24 80 24 0 0
25 80 25 0 0
26 80 26 0 0
27 80 27 0 0
28 80 28 0 0
29 80 29 0 0
30 80 30 0 0
31 80 31 0 0
32 80 32 0 0
33 80 33 0 0
34 80 34 0 0
35 80 35 0 0
36 80 36 0 0
37 80 37 0 0
38 80 38 0 0
39 80 39 0 0
40 80 40 0 0
41 80 41 0 0
42 80 42 0 0
43 81 42 0 0
44 81 43 0 0
45 81 44 0 0
46 81 45 0 0
47 81 46 0 0
48 81 47 0 0
49 81 48 0 0
50 81 49 0 0
51 81 50 0 0
52 81 51 0 0
53 81 52 0 0
54 81 53 0 0
55 81 54 0 0
56 81 55 0 0
57 80 55 0 0
58 80 56 0 0
59 80 57 0 0
60 80 58 0 0
61 80 59 0 0
62 80 60 0 0
63 80 61 0 0
64 80 62 0 0
65 80 63 0 0
66 80 64 0 0
67 80 65 0 0
68 80 66 0 0
69 80 67 0 0
70 79 67 0 0
71 79 68 0 0
72 79 69 0 0
73 79 70 0 0
74 79 71 0 0
75 78 71 0 0
76 78 72 0 0
77 78 73 0 0
78 78 74 0 0
79 78 75 0 0
80 77 75 0 0
81 77 76 0 0
82 77 77 0 0
83 77 78 0 0
84 76 78 0 0
85 76 79 0 0
86 76 80 0 0
87 75 80 0 0
88 75 81 0 0
89 75 82 0 0
90 75 83 0 0
91 74 83 0 0
92 74 84 0 0
93 74 85 0 0
94 73 85 0 0
95 73 86 0 0
96 72 86 0 0
97 72 87 0 0
98 72 88 0 0
99 71 88 0 0
100 71 89 0 0
101 70 89 0 0
102 70 90 0 0
103 69 90 0 0
104 69 91 0 0
105 69 92 0 0
106 68 92 0 0
107 68 93 0 0
108 67 93 0 0
109 67 94 0 0
110 66 94 0 0
111 66 95 0 0
112 66 96 0 0
113 65 96 0 0
114 65 97 0 0
115 64 97 0 0
116 64 98 0 0
117 64 99 0 0
118 63 99 0 0
119 63 100 0 0
120 63 101 0 0
121 62 101 0 0
122 62 102 0 0
123 61 102 0 0
124 61 103 0 0
125 60 103 0 0
126 60 104 0 0
127 59 104 0 0
128 59 105 0 0
129 59 106 0 0
130 58 106 0 0
131 57 106 0 0
132 57 107 0 0
133 56 107 0 0
134 56 108 0 0
135 55 108 0 0
136 55 109 0 0
137 54 109 0 0
138 54 110 0 0
139 53 110 0 0
140 53 111 0 0
141 52 111 0 0
142 51 111 0 0
143 51 112 0 0
144 50 112 0 0
145 50 113 0 0
146 49 113 0 0
147 49 114 0 0
148 48 114 0 0
149 48 115 0 0
150 47 115 0 0
151 46 115 0 0
152 46 116 0 0
153 45 116 0 0
154 45 117 0 0
155 44 117 0 0
156 43 117 0 0
157 42 117 0 0
