0 91 267 0 0
1 91 266 0 0
2 91 265 0 0
3 91 264 0 0
4 91 263 0 0
5 91 262 0 0
6 91 261 0 0
7 91 260 0 0
8 91 259 0 0
9 91 258 0 0
10 91 257 0 0
11 91 256 0 0
12 91 255 0 0
13 91 254 0 0
14 91 253 0 0
15 91 252 0 0
16 91 251 0 0
17 91 250 0 0
18 91 249 0 0
19 91 248 0 0
20 91 247 0 0
21 91 246 0 0
22 91 245 0 0
23 90 245 0 0
24 90 244 0 0
25 90 243 0 0
26 90 242 0 0
27 90 241 0 0
28 90 240 0 0
29 90 239 0 0
30 90 238 0 0
31 90 237 0 0
32 90 236 0 0
33 90 235 0 0
34 90 234 0 0
35 90 233 0 0
36 90 232 0 0
37 90 231 0 0
38 90 230 0 0
39 90 229 0 0
40 90 228 0 0
41 90 227 0 0
42 90 226 0 0
43 90 225 0 0
44 90 224 0 0
45 90 223 0 0
46 90 222 0 0
47 90 221 0 0
48 90 220 0 0
49 90 219 0 0
50 90 218 0 0
51 90 217 0 0
52 89 217 0 0
53 89 216 0 0
54 89 215 0 0
55 89 214 0 0
56 89 213 0 0
57 89 212 0 0
58 89 211 0 0
59 89 210 0 0
60 89 209 0 0
61 89 208 0 0
62 89 207 0 0
63 89 206 0 0
64 89 205 0 0
65 89 204 0 0
66 89 203 0 0
67 89 202 0 0
68 90 202 0 0
69 90 201 0 0
70 90 200 0 0
71 91 200 0 0
72 91 199 0 0
73 91 198 0 0
74 91 197 0 0
75 92 197 0 0
76 92 196 0 0
77 92 195 0 0
78 92 194 0 0
79 93 194 0 0
80 93 193 0 0
81 93 192 0 0
82 94 192 0 0
83 94 191 0 0
84 94 190 0 0
85 95 190 0 0
86 95 189 0 0
87 95 188 0 0
88 95 187 0 0
89 96 187 0 0
90 96 186 0 0
91 96 185 0 0
92 96 184 0 0
93 97 184 0 0
94 97 183 0 0
95 97 182 0 0
96 98 182 0 0
97 98 181 0 0
98 98 180 0 0
99 98 179 0 0
100 99 179 0 0
101 99 178 0 0
102 99 177 0 0
103 100 177 0 0
104 100 176 0 0
105 100 175 0 0
106 101 175 0 0
107 101 174 0 0
108 101 173 0 0
109 102 173 0 0
110 102 172 0 0
111 102 171 0 0
112 103 171 0 0
113 104 171 0 0
114 104 170 0 0
115 105 170 0 0
116 105 169 0 0
117 106 169 0 0
118 106 168 0 0
119 107 168 0 0
120 108 168 0 0
121 108 167 0 0
122 109 167 0 0
123 109 166 0 0
124 110 166 0 0
125 111 166 0 0
126 111 165 0 0
127 112 165 0 0
128 112 164 0 0
129 113 164 0 0
130 113 163 0 0
131 114 163 0 0
132 115 163 0 0
133 115 162 0 0
134 116 162 0 0
135 116 161 0 0
136 117 161 0 0
137 117 160 0 0
138 118 160 0 0
139 119 160 0 0
140 119 159 0 0
141 120 159 0 0
142 120 158 0 0
143 121 158 0 0
144 122 158 0 0
145 122 157 0 0
146 123 157 0 0
147 123 156 0 0
148 124 156 0 0
149 125 156 0 0
150 126 156 0 0
151 127 156 0 0
152 128 156 0 0
153 129 156 0 0
154 130 156 0 0
155 130 155 0 0
156 131 155 0 0
157 132 155 0 0
158 133 155 0 0
159 134 155 0 0
160 135 155 0 0
161 136 155 0 0
162 137 155 0 0
163 138 155 0 0
164 138 154 0 0
165 139 154 0 0
166 140 154 0 0
167 141 154 0 0
168 142 154 0 0
169 142 153 0 0
170 143 153 0 0
171 144 153 0 0
172 145 153 0 0
173 146 153 0 0
174 147 153 0 0
175 148 153 0 0
176 149 153 0 0
177 150 153 0 0
178 151 153 0 0
179 152 153 0 0
180 153 153 0 0
181 154 153 0 0
182 155 153 0 0
183 156 153 0 0
184 157 153 0 0
185 158 153 0 0
186 159 153 0 0
187 160 153 0 0
188 160 152 0 0
189 160 151 0 0
190 160 150 0 0
191 161 150 0 0
192 161 149 0 0
193 162 149 0 0
194 163 149 0 0
195 164 149 0 0
196 165 149 0 0
197 166 149 0 0
198 167 149 0 0
199 168 149 0 0
200 169 149 0 0
201 170 149 0 0
202 171 149 0 0
203 172 149 0 0
204 173 149 0 0
205 174 149 0 0
206 175 149 0 0
207 176 149 0 0
208 177 149 0 0
209 178 149 0 0
210 179 149 0 0
211 180 149 0 0
212 180 150 0 0
213 181 150 0 0
214 182 150 0 0
215 183 150 0 0
216 184 150 0 0
217 185 150 0 0
218 185 151 0 0
219 186 151 0 0
220 187 151 0 0
221 188 151 0 0
222 189 151 0 0
223 190 151 0 0
224 191 151 0 0
225 192 151 0 0
226 193 151 0 0
227 194 151 0 0
228 195 151 0 0
229 196 151 0 0
230 197 151 0 0
