0 126 69 0 0
1 126 68 0 0
2 126 67 0 0
3 125 67 0 0
4 125 66 0 0
5 125 65 0 0
6 124 65 0 0
7 124 64 0 0
8 123 64 0 0
9 122 64 0 0
10 121 64 0 0
11 120 64 0 0
12 119 64 0 0
13 118 64 0 0
14 117 64 0 0
15 116 64 0 0
16 116 63 0 0
17 115 63 0 0
18 114 63 0 0
19 113 63 0 0
20 112 63 0 0
21 111 63 0 0
22 110 63 0 0
23 110 64 0 0
24 110 63 0 0
25 110 62 0 0
26 110 61 0 0
27 110 60 0 0
28 110 59 0 0
29 110 58 0 0
30 110 57 0 0
31 111 57 0 0
32 110 57 0 0
33 110 56 0 0
34 111 56 0 0
35 111 55 0 0
36 111 56 0 0
37 111 57 0 0
38 111 56 0 0
39 111 57 0 0
40 111 58 0 0
41 112 58 0 0
42 111 58 0 0
43 111 57 0 0
44 112 57 0 0
45 112 56 0 0
46 112 55 0 0
47 112 54 0 0
48 112 53 0 0
49 112 52 0 0
50 112 51 0 0
51 112 50 0 0
52 112 49 0 0
53 112 48 0 0
54 112 47 0 0
55 112 46 0 0
56 112 45 0 0
57 112 44 0 0
58 112 43 0 0
59 112 42 0 0
60 112 41 0 0
61 112 40 0 0
62 112 39 0 0
63 112 38 0 0
64 112 37 0 0
65 112 36 0 0
66 112 35 0 0
67 112 34 0 0
68 112 33 0 0
69 112 32 0 0
70 112 31 0 0
71 112 30 0 0
72 112 29 0 0
73 111 29 0 0
74 111 28 0 0
75 111 27 0 0
76 111 26 0 0
77 111 25 0 0
78 111 24 0 0
79 111 23 0 0
80 111 22 0 0
81 111 21 0 0
82 110 21 0 0
83 110 20 0 0
84 110 19 0 0
85 110 18 0 0
86 110 17 0 0
87 110 16 0 0
88 109 16 0 0
89 109 15 0 0
90 109 14 0 0
91 109 13 0 0
92 109 12 0 0
93 109 11 0 0
94 109 10 0 0
95 108 10 0 0
96 108 9 0 0
97 108 8 0 0
98 108 7 0 0
99 107 7 0 0
100 107 6 0 0
