0 195 140 0 0
1 195 139 0 0
2 194 139 0 0
3 193 139 0 0
4 192 139 0 0
5 191 139 0 0
6 190 139 0 0
7 189 139 0 0
8 188 139 0 0
9 187 139 0 0
10 186 139 0 0
11 185 139 0 0
12 184 139 0 0
13 183 139 0 0
14 182 139 0 0
15 182 138 0 0
16 181 138 0 0
17 180 138 0 0
18 179 138 0 0
19 178 138 0 0
20 177 138 0 0
21 176 138 0 0
22 175 138 0 0
23 174 138 0 0
24 173 138 0 0
25 172 138 0 0
26 171 138 0 0
27 170 138 0 0
28 169 138 0 0
29 168 138 0 0
30 167 138 0 0
31 167 137 0 0
32 166 137 0 0
33 165 137 0 0
34 164 137 0 0
35 163 137 0 0
36 162 137 0 0
37 161 137 0 0
38 160 137 0 0
39 160 136 0 0
40 159 136 0 0
41 158 136 0 0
42 157 136 0 0
43 156 136 0 0
44 155 136 0 0
45 154 136 0 0
46 153 136 0 0
47 152 136 0 0
48 151 136 0 0
49 150 136 0 0
50 149 136 0 0
51 148 136 0 0
52 147 136 0 0
53 146 136 0 0
54 146 135 0 0
55 145 135 0 0
56 144 135 0 0
57 143 135 0 0
58 142 135 0 0
59 141 135 0 0
60 140 135 0 0
61 139 135 0 0
62 138 135 0 0
63 138 134 0 0
64 137 134 0 0
65 137 133 0 0
66 136 133 0 0
67 136 132 0 0
68 135 132 0 0
69 135 131 0 0
70 134 131 0 0
71 133 131 0 0
72 133 130 0 0
73 132 130 0 0
74 131 130 0 0
75 131 129 0 0
76 130 129 0 0
77 130 128 0 0
78 129 128 0 0
79 128 128 0 0
80 128 127 0 0
81 127 127 0 0
82 127 126 0 0
83 126 126 0 0
84 126 125 0 0
85 125 125 0 0
86 124 125 0 0
87 124 124 0 0
88 123 124 0 0
89 123 123 0 0
90 122 123 0 0
91 122 122 0 0
92 121 122 0 0
93 121 121 0 0
94 120 121 0 0
95 120 120 0 0
96 119 120 0 0
97 119 119 0 0
98 118 119 0 0
99 118 118 0 0
100 117 118 0 0
101 117 117 0 0
102 116 117 0 0
103 116 116 0 0
104 115 116 0 0
105 114 116 0 0
106 114 115 0 0
107 114 114 0 0
108 113 114 0 0
109 112 114 0 0
110 112 113 0 0
111 111 113 0 0
112 111 112 0 0
113 110 112 0 0
114 110 111 0 0
115 109 111 0 0
116 109 110 0 0
117 108 110 0 0
118 108 109 0 0
119 107 109 0 0
120 106 109 0 0
121 106 108 0 0
122 105 108 0 0
123 105 107 0 0
124 105 106 0 0
125 104 106 0 0
126 103 106 0 0
127 103 105 0 0
128 102 105 0 0
129 102 104 0 0
130 101 104 0 0
131 100 104 0 0
132 100 103 0 0
133 100 102 0 0
134 99 102 0 0
135 98 102 0 0
136 98 101 0 0
137 97 101 0 0
138 97 100 0 0
139 96 100 0 0
140 96 99 0 0
141 95 99 0 0
142 95 98 0 0
143 94 98 0 0
144 93 98 0 0
145 93 97 0 0
146 92 97 0 0
147 92 96 0 0
148 91 96 0 0
149 91 95 0 0
150 90 95 0 0
151 89 95 0 0
152 89 94 0 0
153 88 94 0 0
154 87 94 0 0
155 86 94 0 0
156 85 94 0 0
157 84 94 0 0
158 84 93 0 0
159 83 93 0 0
160 82 93 0 0
161 81 93 0 0
162 80 93 0 0
163 79 93 0 0
164 79 92 0 0
165 78 92 0 0
166 77 92 0 0
167 76 92 0 0
168 75 92 0 0
169 75 91 0 0
170 74 91 0 0
171 73 91 0 0
172 72 91 0 0
173 71 91 0 0
174 71 90 0 0
175 70 90 0 0
176 70 91 0 0
177 70 90 0 0
178 69 90 0 0
179 68 90 0 0
180 67 90 0 0
181 66 90 0 0
182 66 89 0 0
183 65 89 0 0
184 64 89 0 0
185 64 90 0 0
186 63 90 0 0
187 63 91 0 0
188 62 91 0 0
189 62 92 0 0
190 61 92 0 0
191 61 93 0 0
192 60 93 0 0
193 60 94 0 0
194 59 94 0 0
195 59 95 0 0
196 58 95 0 0
197 58 96 0 0
198 57 96 0 0
199 57 97 0 0
200 56 97 0 0
201 56 98 0 0
202 55 98 0 0
203 55 99 0 0
204 54 99 0 0
205 54 100 0 0
206 53 100 0 0
207 53 101 0 0
208 52 101 0 0
209 52 102 0 0
210 51 102 0 0
211 51 103 0 0
212 50 103 0 0
213 50 104 0 0
214 49 104 0 0
215 49 105 0 0
216 48 105 0 0
217 48 106 0 0
218 47 106 0 0
219 47 107 0 0
220 46 107 0 0
221 46 108 0 0
222 45 108 0 0
223 45 109 0 0
224 45 110 0 0
225 44 110 0 0
226 44 111 0 0
227 43 111 0 0
228 42 111 0 0
229 42 112 0 0
230 41 112 0 0
231 41 113 0 0
232 41 114 0 0
233 40 114 0 0
234 40 115 0 0
235 39 115 0 0
236 39 116 0 0
237 39 117 0 0
238 38 117 0 0
239 37 117 0 0
240 37 118 0 0
241 36 118 0 0
242 36 119 0 0
243 35 119 0 0
244 35 120 0 0
245 34 120 0 0
246 34 121 0 0
247 34 122 0 0
248 33 122 0 0
249 32 122 0 0
250 31 122 0 0
251 31 123 0 0
252 30 123 0 0
253 29 123 0 0
