0 75 228 0 0
1 74 228 0 0
2 74 229 0 0
3 74 230 0 0
4 74 231 0 0
5 73 231 0 0
6 73 232 0 0
7 73 233 0 0
8 73 234 0 0
9 74 234 0 0
10 74 235 0 0
11 75 235 0 0
12 75 236 0 0
13 75 237 0 0
14 75 238 0 0
15 75 239 0 0
16 75 240 0 0
17 75 241 0 0
18 74 241 0 0
19 74 242 0 0
20 74 243 0 0
21 74 244 0 0
22 74 245 0 0
23 73 245 0 0
24 73 246 0 0
25 73 247 0 0
26 73 248 0 0
27 72 248 0 0
28 72 249 0 0
29 72 250 0 0
30 72 251 0 0
31 72 252 0 0
32 72 253 0 0
33 72 254 0 0
34 72 255 0 0
35 72 256 0 0
36 72 257 0 0
37 72 258 0 0
38 72 259 0 0
39 72 260 0 0
40 72 261 0 0
41 71 261 0 0
42 71 262 0 0
43 71 263 0 0
44 71 264 0 0
45 71 265 0 0
46 71 266 0 0
47 71 267 0 0
48 71 268 0 0
49 70 268 0 0
50 70 269 0 0
51 70 270 0 0
52 70 271 0 0
53 70 272 0 0
54 70 273 0 0
55 70 274 0 0
