0 75 3 0 0
1 76 3 0 0
2 76 4 0 0
3 77 4 0 0
4 77 5 0 0
5 78 5 0 0
6 79 5 0 0
7 79 6 0 0
8 80 6 0 0
9 80 7 0 0
10 81 7 0 0
11 81 8 0 0
12 82 8 0 0
13 83 8 0 0
14 83 9 0 0
15 84 9 0 0
16 84 10 0 0
17 85 10 0 0
18 85 11 0 0
19 86 11 0 0
20 87 11 0 0
21 87 12 0 0
22 88 12 0 0
23 88 13 0 0
24 89 13 0 0
25 89 14 0 0
26 90 14 0 0
27 90 15 0 0
28 91 15 0 0
29 92 15 0 0
30 92 16 0 0
31 93 16 0 0
32 94 16 0 0
33 94 17 0 0
34 94 18 0 0
35 95 18 0 0
36 96 18 0 0
37 96 19 0 0
38 97 19 0 0
39 97 20 0 0
40 98 20 0 0
41 99 20 0 0
42 99 21 0 0
43 99 22 0 0
44 100 22 0 0
45 100 23 0 0
46 101 23 0 0
47 101 24 0 0
48 102 24 0 0
49 102 25 0 0
50 103 25 0 0
51 103 26 0 0
52 104 26 0 0
53 104 27 0 0
54 104 28 0 0
55 105 28 0 0
56 105 29 0 0
57 106 29 0 0
58 106 30 0 0
59 107 30 0 0
60 107 31 0 0
61 107 32 0 0
62 108 32 0 0
63 108 33 0 0
64 109 33 0 0
65 109 34 0 0
66 109 35 0 0
67 110 35 0 0
68 110 36 0 0
69 111 36 0 0
70 111 37 0 0
71 111 38 0 0
72 112 38 0 0
73 112 39 0 0
74 113 39 0 0
75 113 40 0 0
76 114 40 0 0
77 115 40 0 0
78 116 40 0 0
79 117 40 0 0
80 117 41 0 0
81 117 42 0 0
82 117 43 0 0
83 117 44 0 0
84 117 45 0 0
85 117 46 0 0
86 117 47 0 0
87 117 48 0 0
88 117 49 0 0
89 117 50 0 0
90 117 51 0 0
91 117 52 0 0
92 117 53 0 0
93 117 54 0 0
94 118 54 0 0
95 118 55 0 0
96 119 55 0 0
97 120 55 0 0
98 120 56 0 0
99 121 56 0 0
100 122 56 0 0
101 122 57 0 0
102 123 57 0 0
103 124 57 0 0
104 124 58 0 0
105 125 58 0 0
106 126 58 0 0
107 126 59 0 0
108 127 59 0 0
109 128 59 0 0
110 128 60 0 0
111 129 60 0 0
112 130 60 0 0
113 130 61 0 0
114 131 61 0 0
115 132 61 0 0
116 132 62 0 0
