0 87 3 0 0
1 87 4 0 0
2 87 5 0 0
3 87 6 0 0
4 88 6 0 0
5 88 7 0 0
6 88 8 0 0
7 88 9 0 0
8 87 9 0 0
9 87 10 0 0
10 87 11 0 0
11 87 12 0 0
12 87 13 0 0
13 87 14 0 0
14 87 15 0 0
15 87 16 0 0
16 87 17 0 0
17 87 18 0 0
18 87 19 0 0
19 87 20 0 0
20 87 21 0 0
21 87 22 0 0
22 88 22 0 0
23 88 23 0 0
24 88 24 0 0
25 88 25 0 0
26 88 26 0 0
27 88 27 0 0
28 88 28 0 0
29 88 29 0 0
30 88 30 0 0
31 88 31 0 0
32 88 32 0 0
33 88 33 0 0
34 88 34 0 0
35 88 35 0 0
36 89 35 0 0
37 89 36 0 0
38 89 37 0 0
39 89 38 0 0
40 89 39 0 0
41 89 40 0 0
42 89 41 0 0
43 89 42 0 0
44 89 43 0 0
45 89 44 0 0
46 89 45 0 0
47 89 46 0 0
48 89 47 0 0
49 90 47 0 0
50 90 48 0 0
51 90 49 0 0
52 90 50 0 0
53 90 51 0 0
54 90 52 0 0
55 90 53 0 0
56 91 53 0 0
57 91 54 0 0
58 91 55 0 0
59 91 56 0 0
60 91 57 0 0
61 91 58 0 0
62 91 59 0 0
63 91 60 0 0
64 91 61 0 0
65 91 62 0 0
66 91 63 0 0
67 90 63 0 0
68 90 64 0 0
69 90 65 0 0
70 90 66 0 0
71 90 67 0 0
72 90 68 0 0
73 90 69 0 0
74 90 70 0 0
75 90 71 0 0
76 90 72 0 0
77 90 73 0 0
78 90 74 0 0
79 90 75 0 0
80 90 76 0 0
81 90 77 0 0
82 90 78 0 0
83 90 79 0 0
84 90 80 0 0
85 90 81 0 0
86 90 82 0 0
87 90 83 0 0
88 89 83 0 0
89 89 84 0 0
90 89 85 0 0
91 89 86 0 0
92 89 87 0 0
93 89 88 0 0
94 89 89 0 0
95 89 90 0 0
96 89 91 0 0
97 89 92 0 0
98 89 93 0 0
99 89 94 0 0
100 89 95 0 0
101 89 96 0 0
102 89 97 0 0
103 90 97 0 0
104 90 98 0 0
105 90 99 0 0
106 90 100 0 0
107 90 101 0 0
108 90 102 0 0
109 91 102 0 0
110 91 103 0 0
111 91 104 0 0
112 91 105 0 0
113 92 105 0 0
114 92 106 0 0
115 92 107 0 0
116 93 107 0 0
117 93 108 0 0
118 93 109 0 0
119 94 109 0 0
120 94 110 0 0
121 95 110 0 0
122 95 111 0 0
123 95 112 0 0
124 96 112 0 0
125 96 113 0 0
126 96 114 0 0
127 97 114 0 0
128 97 115 0 0
129 97 116 0 0
130 98 116 0 0
131 99 116 0 0
132 99 117 0 0
133 100 117 0 0
134 100 118 0 0
135 101 118 0 0
136 101 119 0 0
137 102 119 0 0
138 102 120 0 0
139 103 120 0 0
140 104 120 0 0
141 104 121 0 0
142 105 121 0 0
143 106 121 0 0
144 106 122 0 0
145 107 122 0 0
146 107 123 0 0
147 108 123 0 0
148 109 123 0 0
149 109 124 0 0
150 110 124 0 0
151 111 124 0 0
152 111 125 0 0
153 112 125 0 0
154 113 125 0 0
155 113 126 0 0
156 114 126 0 0
157 115 126 0 0
158 115 127 0 0
159 116 127 0 0
160 117 127 0 0
161 118 127 0 0
162 119 127 0 0
163 120 127 0 0
164 121 127 0 0
165 122 127 0 0
166 123 127 0 0
167 124 127 0 0
168 124 128 0 0
169 124 127 0 0
170 125 127 0 0
171 126 127 0 0
172 127 127 0 0
173 128 127 0 0
174 129 127 0 0
175 130 127 0 0
176 131 127 0 0
177 132 127 0 0
178 133 127 0 0
179 134 127 0 0
180 135 127 0 0
181 136 127 0 0
182 136 128 0 0
183 137 128 0 0
184 138 128 0 0
185 139 128 0 0
186 140 128 0 0
187 140 129 0 0
188 141 129 0 0
189 142 129 0 0
190 143 129 0 0
191 144 129 0 0
192 145 129 0 0
193 146 129 0 0
194 147 129 0 0
195 148 129 0 0
196 149 129 0 0
197 150 129 0 0
198 151 129 0 0
199 152 129 0 0
200 153 129 0 0
201 153 128 0 0
202 154 128 0 0
203 155 128 0 0
204 156 128 0 0
205 157 128 0 0
206 158 128 0 0
207 159 128 0 0
208 160 128 0 0
209 161 128 0 0
210 162 128 0 0
211 163 128 0 0
212 164 128 0 0
213 165 128 0 0
214 166 128 0 0
215 167 128 0 0
216 168 128 0 0
217 168 129 0 0
218 168 128 0 0
219 169 128 0 0
220 170 128 0 0
221 171 128 0 0
222 172 128 0 0
223 173 128 0 0
224 174 128 0 0
225 175 128 0 0
226 176 128 0 0
227 177 128 0 0
228 178 128 0 0
229 179 128 0 0
230 180 128 0 0
231 181 128 0 0
232 182 128 0 0
233 183 128 0 0
234 183 127 0 0
235 184 127 0 0
236 185 127 0 0
237 186 127 0 0
238 187 127 0 0
239 188 127 0 0
240 189 127 0 0
241 190 127 0 0
242 191 127 0 0
243 192 127 0 0
244 193 127 0 0
245 194 127 0 0
246 195 127 0 0
247 196 127 0 0
248 197 127 0 0
249 198 127 0 0
250 199 127 0 0
251 200 127 0 0
252 200 128 0 0
253 201 128 0 0
254 202 128 0 0
255 203 128 0 0
256 204 128 0 0
257 205 128 0 0
258 206 128 0 0
259 207 128 0 0
260 208 128 0 0
261 209 128 0 0
262 210 128 0 0
263 211 128 0 0
264 211 127 0 0
265 212 127 0 0
266 212 126 0 0
267 213 126 0 0
268 213 127 0 0
269 213 128 0 0
