0 196 137 0 0
1 195 137 0 0
2 194 137 0 0
3 193 137 0 0
4 192 137 0 0
5 191 137 0 0
6 190 137 0 0
7 189 137 0 0
8 188 137 0 0
9 187 137 0 0
10 187 138 0 0
11 186 138 0 0
12 185 138 0 0
13 184 138 0 0
14 183 138 0 0
15 182 138 0 0
16 181 138 0 0
17 180 138 0 0
18 179 138 0 0
19 178 138 0 0
20 178 139 0 0
21 178 138 0 0
22 177 138 0 0
23 176 138 0 0
24 175 138 0 0
25 174 138 0 0
26 173 138 0 0
27 172 138 0 0
28 171 138 0 0
29 170 138 0 0
30 170 137 0 0
31 169 137 0 0
32 168 137 0 0
33 167 137 0 0
34 166 137 0 0
35 165 137 0 0
36 164 137 0 0
37 163 137 0 0
38 162 137 0 0
39 161 137 0 0
40 161 136 0 0
41 160 136 0 0
42 159 136 0 0
43 158 136 0 0
44 157 136 0 0
45 156 136 0 0
46 155 136 0 0
47 154 136 0 0
48 153 136 0 0
49 153 135 0 0
50 152 135 0 0
51 151 135 0 0
52 150 135 0 0
53 149 135 0 0
54 149 134 0 0
55 148 134 0 0
56 147 134 0 0
57 146 134 0 0
58 145 134 0 0
59 144 134 0 0
60 143 134 0 0
61 142 134 0 0
62 141 134 0 0
63 141 133 0 0
64 140 133 0 0
65 139 133 0 0
66 138 133 0 0
67 137 133 0 0
68 136 133 0 0
69 136 132 0 0
70 135 132 0 0
71 134 132 0 0
72 134 131 0 0
73 133 131 0 0
74 132 131 0 0
75 132 130 0 0
76 131 130 0 0
77 131 129 0 0
78 130 129 0 0
79 129 129 0 0
80 129 128 0 0
81 128 128 0 0
82 127 128 0 0
83 127 127 0 0
84 126 127 0 0
85 126 126 0 0
86 125 126 0 0
87 125 125 0 0
88 124 125 0 0
89 123 125 0 0
90 123 124 0 0
91 122 124 0 0
92 122 123 0 0
93 121 123 0 0
94 121 122 0 0
95 120 122 0 0
96 120 121 0 0
97 119 121 0 0
98 119 120 0 0
99 118 120 0 0
100 117 120 0 0
101 117 119 0 0
102 116 119 0 0
103 116 118 0 0
104 115 118 0 0
105 114 118 0 0
106 114 117 0 0
107 113 117 0 0
108 113 116 0 0
109 112 116 0 0
110 112 115 0 0
111 111 115 0 0
112 111 114 0 0
113 110 114 0 0
114 110 113 0 0
115 110 112 0 0
116 109 112 0 0
117 108 112 0 0
118 108 111 0 0
119 107 111 0 0
120 107 110 0 0
121 106 110 0 0
122 106 109 0 0
123 105 109 0 0
124 105 108 0 0
125 104 108 0 0
126 104 107 0 0
127 103 107 0 0
128 103 106 0 0
129 103 105 0 0
130 102 105 0 0
131 102 104 0 0
132 101 104 0 0
133 100 104 0 0
134 100 103 0 0
135 99 103 0 0
136 98 103 0 0
137 97 103 0 0
138 96 103 0 0
139 95 103 0 0
140 94 103 0 0
141 93 103 0 0
142 92 103 0 0
143 91 103 0 0
144 90 103 0 0
145 89 103 0 0
146 88 103 0 0
147 87 103 0 0
148 86 103 0 0
149 85 103 0 0
150 84 103 0 0
151 83 103 0 0
152 82 103 0 0
153 82 104 0 0
154 81 104 0 0
155 81 105 0 0
156 80 105 0 0
157 80 106 0 0
158 80 107 0 0
159 79 107 0 0
160 79 108 0 0
161 78 108 0 0
162 78 109 0 0
163 78 110 0 0
164 77 110 0 0
165 77 111 0 0
166 77 112 0 0
167 76 112 0 0
168 76 113 0 0
169 75 113 0 0
170 75 114 0 0
171 75 115 0 0
172 74 115 0 0
173 74 116 0 0
174 74 117 0 0
175 73 117 0 0
176 73 118 0 0
177 72 118 0 0
178 72 119 0 0
179 72 120 0 0
180 71 120 0 0
181 71 121 0 0
182 70 121 0 0
183 70 122 0 0
184 70 123 0 0
185 69 123 0 0
186 69 124 0 0
187 69 125 0 0
188 69 126 0 0
189 69 127 0 0
190 69 128 0 0
191 68 128 0 0
192 68 129 0 0
193 68 130 0 0
194 68 131 0 0
195 68 132 0 0
196 67 132 0 0
197 67 133 0 0
198 67 134 0 0
199 67 135 0 0
200 67 136 0 0
201 66 136 0 0
202 66 137 0 0
203 66 138 0 0
204 66 139 0 0
205 66 140 0 0
206 66 141 0 0
207 66 142 0 0
208 66 143 0 0
209 66 144 0 0
210 66 145 0 0
211 66 146 0 0
212 66 147 0 0
213 66 148 0 0
214 66 149 0 0
215 67 149 0 0
216 67 150 0 0
217 67 151 0 0
218 67 152 0 0
219 67 153 0 0
220 67 154 0 0
221 67 155 0 0
222 67 156 0 0
223 67 157 0 0
224 67 158 0 0
225 67 159 0 0
226 68 159 0 0
227 68 160 0 0
228 68 161 0 0
229 68 162 0 0
230 68 163 0 0
231 68 164 0 0
232 68 165 0 0
233 68 166 0 0
234 68 167 0 0
235 69 167 0 0
236 69 168 0 0
237 69 169 0 0
238 69 170 0 0
239 70 170 0 0
240 70 171 0 0
241 70 172 0 0
242 70 173 0 0
243 71 173 0 0
244 71 174 0 0
245 71 175 0 0
246 71 176 0 0
247 72 176 0 0
248 72 177 0 0
249 72 178 0 0
250 72 179 0 0
251 73 179 0 0
252 73 180 0 0
253 73 181 0 0
254 73 182 0 0
255 74 182 0 0
256 74 183 0 0
257 74 184 0 0
258 74 185 0 0
259 75 185 0 0
260 75 186 0 0
261 75 187 0 0
262 75 188 0 0
263 75 189 0 0
264 75 190 0 0
265 75 191 0 0
266 75 192 0 0
267 75 193 0 0
268 75 194 0 0
269 76 194 0 0
270 76 195 0 0
271 76 196 0 0
272 76 197 0 0
273 76 198 0 0
274 76 199 0 0
275 76 200 0 0
276 76 201 0 0
277 76 202 0 0
278 76 203 0 0
279 77 203 0 0
280 77 204 0 0
281 77 205 0 0
282 77 206 0 0
283 77 207 0 0
284 77 208 0 0
285 77 209 0 0
286 77 210 0 0
287 77 211 0 0
288 77 212 0 0
289 77 213 0 0
290 78 213 0 0
291 78 214 0 0
292 78 215 0 0
293 78 216 0 0
294 78 217 0 0
295 78 218 0 0
296 78 219 0 0
297 78 220 0 0
298 78 221 0 0
299 78 222 0 0
300 79 222 0 0
301 79 223 0 0
302 79 224 0 0
303 79 225 0 0
304 79 226 0 0
305 79 227 0 0
306 79 228 0 0
307 79 229 0 0
308 79 230 0 0
309 79 231 0 0
310 79 232 0 0
311 79 233 0 0
312 79 234 0 0
313 79 235 0 0
314 79 236 0 0
315 79 237 0 0
316 79 238 0 0
317 80 238 0 0
318 80 239 0 0
319 80 240 0 0
320 80 241 0 0
321 80 242 0 0
322 80 243 0 0
323 80 244 0 0
324 80 245 0 0
325 80 246 0 0
326 80 247 0 0
327 80 248 0 0
328 80 249 0 0
329 80 250 0 0
330 80 251 0 0
331 80 252 0 0
332 80 253 0 0
333 80 254 0 0
334 80 255 0 0
335 80 256 0 0
336 80 257 0 0
337 80 258 0 0
338 80 259 0 0
339 80 260 0 0
340 80 261 0 0
341 80 262 0 0
342 80 263 0 0
343 80 264 0 0
344 80 265 0 0
345 80 266 0 0
346 80 267 0 0
347 80 268 0 0
348 80 269 0 0
349 80 270 0 0
350 80 271 0 0
351 81 271 0 0
352 82 271 0 0
353 83 271 0 0
354 83 272 0 0
