0 68 247 0 0
1 68 246 0 0
2 68 245 0 0
3 68 244 0 0
4 68 243 0 0
5 68 242 0 0
6 68 241 0 0
7 68 240 0 0
8 68 239 0 0
9 68 238 0 0
10 68 237 0 0
11 68 236 0 0
12 68 235 0 0
13 68 234 0 0
14 69 234 0 0
15 69 233 0 0
16 69 232 0 0
17 69 231 0 0
18 69 230 0 0
19 69 229 0 0
20 69 228 0 0
21 69 227 0 0
22 69 226 0 0
23 69 225 0 0
24 69 224 0 0
25 70 224 0 0
26 70 223 0 0
27 70 222 0 0
28 70 221 0 0
29 71 221 0 0
30 71 220 0 0
31 71 219 0 0
32 72 219 0 0
33 72 218 0 0
34 73 218 0 0
35 73 217 0 0
36 74 217 0 0
37 75 217 0 0
38 75 216 0 0
39 76 216 0 0
40 77 216 0 0
41 78 216 0 0
42 78 215 0 0
43 79 215 0 0
44 79 214 0 0
45 80 214 0 0
46 80 213 0 0
47 81 213 0 0
48 81 212 0 0
49 82 212 0 0
50 82 211 0 0
51 83 211 0 0
52 83 210 0 0
53 84 210 0 0
54 84 209 0 0
55 85 209 0 0
56 86 209 0 0
57 86 208 0 0
58 87 208 0 0
59 88 208 0 0
60 88 207 0 0
61 89 207 0 0
62 90 207 0 0
63 91 207 0 0
64 92 207 0 0
65 93 207 0 0
66 93 206 0 0
67 94 206 0 0
68 94 205 0 0
69 95 205 0 0
70 95 204 0 0
71 96 204 0 0
72 97 204 0 0
73 97 203 0 0
74 98 203 0 0
75 98 202 0 0
76 99 202 0 0
77 99 201 0 0
78 100 201 0 0
79 101 201 0 0
80 101 200 0 0
81 101 199 0 0
82 102 199 0 0
83 102 198 0 0
84 103 198 0 0
85 103 197 0 0
86 104 197 0 0
87 104 196 0 0
88 104 195 0 0
89 105 195 0 0
90 105 194 0 0
91 106 194 0 0
92 107 194 0 0
93 107 193 0 0
94 108 193 0 0
95 109 193 0 0
96 109 192 0 0
97 109 191 0 0
98 110 191 0 0
99 110 190 0 0
100 110 189 0 0
101 111 189 0 0
102 111 188 0 0
103 111 187 0 0
104 112 187 0 0
105 112 186 0 0
106 113 186 0 0
107 113 185 0 0
108 114 185 0 0
109 114 184 0 0
110 114 183 0 0
111 115 183 0 0
112 115 182 0 0
113 115 181 0 0
114 116 181 0 0
115 116 180 0 0
116 116 179 0 0
117 117 179 0 0
118 117 178 0 0
119 117 177 0 0
120 117 176 0 0
121 118 176 0 0
122 118 175 0 0
123 119 175 0 0
124 119 174 0 0
125 120 174 0 0
126 120 173 0 0
127 120 172 0 0
128 121 172 0 0
129 121 171 0 0
130 121 170 0 0
131 121 169 0 0
132 122 169 0 0
133 122 168 0 0
134 122 167 0 0
135 123 167 0 0
136 123 166 0 0
137 123 165 0 0
138 123 164 0 0
139 124 164 0 0
140 124 163 0 0
141 124 162 0 0
142 125 162 0 0
143 125 161 0 0
144 125 160 0 0
145 126 160 0 0
146 126 159 0 0
147 127 159 0 0
148 127 158 0 0
149 127 157 0 0
150 127 156 0 0
151 128 156 0 0
152 128 155 0 0
153 128 154 0 0
154 129 154 0 0
155 129 153 0 0
156 129 152 0 0
157 130 152 0 0
158 130 151 0 0
159 131 151 0 0
160 131 150 0 0
161 131 149 0 0
162 132 149 0 0
163 132 148 0 0
164 133 148 0 0
165 133 147 0 0
166 133 146 0 0
167 134 146 0 0
168 134 145 0 0
169 135 145 0 0
170 135 144 0 0
171 135 143 0 0
172 136 143 0 0
173 136 142 0 0
174 136 141 0 0
175 137 141 0 0
176 137 140 0 0
177 137 139 0 0
178 137 138 0 0
179 138 138 0 0
180 138 137 0 0
181 138 136 0 0
182 139 136 0 0
183 139 135 0 0
184 139 134 0 0
185 140 134 0 0
186 140 133 0 0
187 141 133 0 0
188 141 132 0 0
189 141 131 0 0
190 142 131 0 0
191 142 130 0 0
192 143 130 0 0
193 143 129 0 0
194 144 129 0 0
195 144 128 0 0
196 144 127 0 0
197 145 127 0 0
198 145 126 0 0
199 145 125 0 0
200 146 125 0 0
201 146 124 0 0
202 146 123 0 0
203 147 123 0 0
204 147 122 0 0
205 148 122 0 0
206 148 121 0 0
207 148 120 0 0
208 149 120 0 0
209 149 119 0 0
210 150 119 0 0
211 150 118 0 0
212 150 117 0 0
213 151 117 0 0
214 151 116 0 0
215 152 116 0 0
216 152 115 0 0
217 152 114 0 0
218 153 114 0 0
219 153 113 0 0
220 154 113 0 0
221 154 112 0 0
222 154 111 0 0
223 154 110 0 0
224 155 110 0 0
225 155 109 0 0
226 155 108 0 0
227 156 108 0 0
228 156 107 0 0
229 157 107 0 0
230 157 106 0 0
231 158 106 0 0
232 158 105 0 0
233 158 104 0 0
234 159 104 0 0
235 159 103 0 0
236 160 103 0 0
237 160 102 0 0
238 160 101 0 0
239 161 101 0 0
240 161 100 0 0
241 162 100 0 0
242 162 99 0 0
243 163 99 0 0
244 163 98 0 0
245 163 97 0 0
246 164 97 0 0
247 164 96 0 0
248 165 96 0 0
249 165 95 0 0
250 166 95 0 0
251 166 94 0 0
252 166 93 0 0
253 167 93 0 0
254 167 92 0 0
255 168 92 0 0
256 168 91 0 0
257 168 90 0 0
258 169 90 0 0
