0 196 117 0 0
1 195 117 0 0
2 194 117 0 0
3 193 117 0 0
4 192 117 0 0
5 191 117 0 0
6 190 117 0 0
7 189 117 0 0
8 188 117 0 0
9 187 117 0 0
10 186 117 0 0
11 186 116 0 0
12 185 116 0 0
13 184 116 0 0
14 183 116 0 0
15 182 116 0 0
16 181 116 0 0
17 180 116 0 0
18 180 115 0 0
19 179 115 0 0
20 178 115 0 0
21 178 116 0 0
22 177 116 0 0
23 177 117 0 0
24 177 118 0 0
25 176 118 0 0
26 175 118 0 0
27 175 117 0 0
28 174 117 0 0
29 173 117 0 0
30 172 117 0 0
31 172 116 0 0
32 171 116 0 0
33 170 116 0 0
34 170 115 0 0
35 169 115 0 0
36 168 115 0 0
37 167 115 0 0
38 166 115 0 0
39 166 114 0 0
40 165 114 0 0
41 164 114 0 0
42 163 114 0 0
43 162 114 0 0
44 162 113 0 0
45 161 113 0 0
46 161 112 0 0
47 160 112 0 0
48 159 112 0 0
49 158 112 0 0
50 158 111 0 0
51 157 111 0 0
52 156 111 0 0
53 155 111 0 0
54 155 110 0 0
55 154 110 0 0
56 153 110 0 0
57 153 109 0 0
58 152 109 0 0
59 152 108 0 0
60 151 108 0 0
61 150 108 0 0
62 149 108 0 0
63 149 107 0 0
64 148 107 0 0
65 147 107 0 0
66 146 107 0 0
67 146 106 0 0
68 145 106 0 0
69 144 106 0 0
70 144 105 0 0
71 143 105 0 0
72 142 105 0 0
73 142 104 0 0
74 141 104 0 0
75 140 104 0 0
76 140 103 0 0
77 139 103 0 0
78 138 103 0 0
79 138 102 0 0
80 137 102 0 0
81 136 102 0 0
82 136 101 0 0
83 135 101 0 0
84 135 100 0 0
85 134 100 0 0
86 133 100 0 0
87 133 99 0 0
88 132 99 0 0
89 131 99 0 0
90 131 98 0 0
91 130 98 0 0
92 130 97 0 0
93 129 97 0 0
94 129 96 0 0
95 128 96 0 0
96 128 95 0 0
97 127 95 0 0
98 127 94 0 0
99 126 94 0 0
100 126 93 0 0
101 125 93 0 0
102 125 92 0 0
103 124 92 0 0
104 123 92 0 0
105 123 91 0 0
106 122 91 0 0
107 122 90 0 0
108 121 90 0 0
109 121 89 0 0
110 120 89 0 0
111 120 88 0 0
112 119 88 0 0
113 119 87 0 0
114 118 87 0 0
115 118 86 0 0
116 117 86 0 0
117 117 85 0 0
118 117 84 0 0
119 117 83 0 0
120 116 83 0 0
121 116 82 0 0
122 116 81 0 0
123 116 80 0 0
124 115 80 0 0
125 115 79 0 0
126 115 78 0 0
127 115 77 0 0
128 114 77 0 0
129 114 76 0 0
130 114 75 0 0
131 114 74 0 0
132 113 74 0 0
133 113 73 0 0
134 113 72 0 0
135 113 71 0 0
136 112 71 0 0
137 112 70 0 0
138 112 69 0 0
139 112 68 0 0
140 111 68 0 0
141 111 67 0 0
142 111 66 0 0
143 111 65 0 0
144 111 64 0 0
145 111 63 0 0
146 110 63 0 0
147 110 62 0 0
148 110 61 0 0
149 110 60 0 0
150 110 59 0 0
151 110 58 0 0
152 110 57 0 0
153 110 56 0 0
