0 130 54 0 0
1 130 53 0 0
2 130 52 0 0
3 131 52 0 0
4 131 51 0 0
5 131 50 0 0
6 131 49 0 0
7 132 49 0 0
8 132 48 0 0
9 132 47 0 0
10 133 47 0 0
11 133 46 0 0
12 133 45 0 0
13 133 44 0 0
14 133 43 0 0
15 133 42 0 0
16 133 41 0 0
17 133 40 0 0
18 133 39 0 0
19 133 38 0 0
20 133 37 0 0
21 133 36 0 0
22 134 36 0 0
23 134 35 0 0
24 134 34 0 0
25 134 33 0 0
26 134 32 0 0
27 134 31 0 0
28 135 31 0 0
29 135 30 0 0
30 135 29 0 0
31 136 29 0 0
32 136 28 0 0
33 136 27 0 0
34 137 27 0 0
35 137 26 0 0
36 137 25 0 0
37 138 25 0 0
38 138 24 0 0
39 138 23 0 0
40 139 23 0 0
41 140 23 0 0
42 140 22 0 0
43 141 22 0 0
44 142 22 0 0
45 142 21 0 0
46 143 21 0 0
47 144 21 0 0
48 144 20 0 0
49 145 20 0 0
50 146 20 0 0
51 146 19 0 0
52 147 19 0 0
53 148 19 0 0
54 148 18 0 0
55 149 18 0 0
56 150 18 0 0
57 151 18 0 0
58 151 17 0 0
59 152 17 0 0
60 153 17 0 0
61 153 16 0 0
62 154 16 0 0
63 154 15 0 0
64 155 15 0 0
65 155 14 0 0
66 156 14 0 0
67 156 13 0 0
68 157 13 0 0
69 157 12 0 0
