0 115 115 0 0
1 115 114 0 0
2 114 114 0 0
3 113 114 0 0
4 112 114 0 0
5 111 114 0 0
6 110 114 0 0
7 109 114 0 0
8 108 114 0 0
9 107 114 0 0
10 106 114 0 0
11 105 114 0 0
12 105 115 0 0
13 105 116 0 0
14 104 116 0 0
15 103 116 0 0
16 102 116 0 0
17 101 116 0 0
18 100 116 0 0
19 99 116 0 0
20 98 116 0 0
21 97 116 0 0
22 96 116 0 0
23 95 116 0 0
24 94 116 0 0
25 93 116 0 0
26 93 117 0 0
27 92 117 0 0
28 91 117 0 0
29 90 117 0 0
30 89 117 0 0
31 88 117 0 0
32 88 118 0 0
33 88 119 0 0
34 87 119 0 0
35 87 120 0 0
36 87 121 0 0
37 86 121 0 0
38 86 122 0 0
39 86 123 0 0
40 85 123 0 0
41 84 123 0 0
42 83 123 0 0
43 82 123 0 0
44 81 123 0 0
45 80 123 0 0
46 80 124 0 0
47 79 124 0 0
48 78 124 0 0
49 77 124 0 0
