0 208 60 0 0
1 207 60 0 0
2 206 60 0 0
3 205 60 0 0
4 204 60 0 0
5 203 60 0 0
6 202 60 0 0
7 201 60 0 0
8 200 60 0 0
9 200 61 0 0
10 199 61 0 0
11 198 61 0 0
12 198 62 0 0
13 198 61 0 0
14 197 61 0 0
15 197 60 0 0
16 196 60 0 0
17 195 60 0 0
18 194 60 0 0
19 193 60 0 0
20 192 60 0 0
21 191 60 0 0
22 190 60 0 0
23 189 60 0 0
24 189 59 0 0
25 188 59 0 0
26 187 59 0 0
27 186 59 0 0
28 185 59 0 0
29 184 59 0 0
30 183 59 0 0
31 182 59 0 0
32 182 58 0 0
33 181 58 0 0
34 180 58 0 0
35 180 57 0 0
36 179 57 0 0
37 179 56 0 0
38 178 56 0 0
39 177 56 0 0
40 176 56 0 0
41 175 56 0 0
42 175 57 0 0
43 174 57 0 0
44 173 57 0 0
45 172 57 0 0
46 171 57 0 0
47 170 57 0 0
48 169 57 0 0
49 169 58 0 0
50 168 58 0 0
51 168 59 0 0
52 168 58 0 0
53 167 58 0 0
54 166 58 0 0
55 165 58 0 0
56 165 57 0 0
57 164 57 0 0
58 163 57 0 0
59 162 57 0 0
60 161 57 0 0
61 160 57 0 0
62 160 58 0 0
63 160 57 0 0
64 159 57 0 0
65 158 57 0 0
66 157 57 0 0
67 156 57 0 0
68 155 57 0 0
69 155 58 0 0
70 154 58 0 0
71 153 58 0 0
72 152 58 0 0
73 151 58 0 0
74 150 58 0 0
75 149 58 0 0
76 148 58 0 0
77 147 58 0 0
78 146 58 0 0
79 145 58 0 0
80 145 59 0 0
81 144 59 0 0
82 143 59 0 0
83 142 59 0 0
84 141 59 0 0
85 140 59 0 0
86 139 59 0 0
87 138 59 0 0
88 137 59 0 0
89 136 59 0 0
90 135 59 0 0
91 135 60 0 0
92 134 60 0 0
93 133 60 0 0
94 132 60 0 0
95 131 60 0 0
96 130 60 0 0
97 129 60 0 0
98 128 60 0 0
99 127 60 0 0
100 126 60 0 0
101 125 60 0 0
102 124 60 0 0
103 124 61 0 0
104 123 61 0 0
105 122 61 0 0
106 121 61 0 0
107 120 61 0 0
108 119 61 0 0
109 119 62 0 0
110 118 62 0 0
111 117 62 0 0
112 116 62 0 0
113 115 62 0 0
114 114 62 0 0
115 113 62 0 0
116 112 62 0 0
117 111 62 0 0
118 110 62 0 0
119 109 62 0 0
120 108 62 0 0
121 107 62 0 0
122 106 62 0 0
123 106 63 0 0
124 105 63 0 0
125 104 63 0 0
126 103 63 0 0
127 102 63 0 0
128 101 63 0 0
129 100 63 0 0
130 100 64 0 0
131 99 64 0 0
132 98 64 0 0
133 97 64 0 0
134 97 65 0 0
135 96 65 0 0
136 95 65 0 0
137 94 65 0 0
138 94 66 0 0
139 94 67 0 0
140 93 67 0 0
141 93 68 0 0
142 93 69 0 0
143 92 69 0 0
144 92 70 0 0
145 92 71 0 0
146 91 71 0 0
147 91 72 0 0
148 91 73 0 0
149 91 74 0 0
150 91 75 0 0
151 90 75 0 0
152 90 76 0 0
153 90 77 0 0
154 90 78 0 0
155 90 79 0 0
156 90 80 0 0
157 89 80 0 0
158 89 81 0 0
159 89 82 0 0
160 89 83 0 0
161 89 84 0 0
162 89 85 0 0
163 88 85 0 0
164 88 86 0 0
165 88 87 0 0
166 88 88 0 0
167 88 89 0 0
168 88 90 0 0
169 88 91 0 0
170 88 92 0 0
171 87 92 0 0
172 87 93 0 0
173 87 94 0 0
174 87 95 0 0
175 87 96 0 0
176 86 96 0 0
177 86 97 0 0
178 86 98 0 0
179 85 98 0 0
180 85 99 0 0
181 85 100 0 0
182 85 101 0 0
183 84 101 0 0
184 84 102 0 0
185 84 103 0 0
186 83 103 0 0
187 83 104 0 0
188 83 105 0 0
189 82 105 0 0
190 82 106 0 0
191 82 107 0 0
192 81 107 0 0
193 81 108 0 0
194 81 109 0 0
195 81 110 0 0
196 80 110 0 0
197 80 111 0 0
198 79 111 0 0
199 79 112 0 0
200 78 112 0 0
201 77 112 0 0
202 77 113 0 0
203 76 113 0 0
204 76 114 0 0
205 75 114 0 0
206 74 114 0 0
207 74 115 0 0
208 73 115 0 0
209 72 115 0 0
210 72 116 0 0
211 71 116 0 0
212 70 116 0 0
213 70 117 0 0
214 69 117 0 0
215 69 118 0 0
216 68 118 0 0
217 67 118 0 0
218 67 119 0 0
219 66 119 0 0
220 65 119 0 0
221 65 120 0 0
222 64 120 0 0
223 64 121 0 0
224 63 121 0 0
225 62 121 0 0
226 61 121 0 0
227 60 121 0 0
228 60 122 0 0
229 59 122 0 0
230 58 122 0 0
231 57 122 0 0
232 56 122 0 0
233 56 123 0 0
234 55 123 0 0
235 55 124 0 0
236 54 124 0 0
237 53 124 0 0
238 52 124 0 0
239 51 124 0 0
240 51 125 0 0
241 50 125 0 0
242 49 125 0 0
243 48 125 0 0
244 47 125 0 0
245 46 125 0 0
246 45 125 0 0
247 44 125 0 0
248 43 125 0 0
249 42 125 0 0
250 41 125 0 0
251 40 125 0 0
252 39 125 0 0
253 38 125 0 0
254 37 125 0 0
255 36 125 0 0
256 36 126 0 0
257 36 125 0 0
258 35 125 0 0
259 34 125 0 0
260 33 125 0 0
261 33 126 0 0
262 32 126 0 0
263 31 126 0 0
264 30 126 0 0
265 29 126 0 0
266 28 126 0 0
267 27 126 0 0
268 26 126 0 0
269 25 126 0 0
270 24 126 0 0
271 23 126 0 0
272 22 126 0 0
273 21 126 0 0
274 20 126 0 0
275 19 126 0 0
276 18 126 0 0
277 17 126 0 0
278 16 126 0 0
279 15 126 0 0
280 14 126 0 0
281 13 126 0 0
282 12 126 0 0
283 11 126 0 0
284 10 126 0 0
285 10 127 0 0
286 9 127 0 0
287 8 127 0 0
288 7 127 0 0
289 6 127 0 0
290 6 128 0 0
291 5 128 0 0
