0 100 269 0 0
1 100 268 0 0
2 100 267 0 0
3 100 266 0 0
4 100 265 0 0
5 100 264 0 0
6 100 263 0 0
7 100 262 0 0
8 100 261 0 0
9 100 260 0 0
10 100 259 0 0
11 100 258 0 0
12 100 257 0 0
13 100 256 0 0
14 100 255 0 0
15 100 254 0 0
16 100 253 0 0
17 100 252 0 0
18 100 251 0 0
19 100 250 0 0
20 100 249 0 0
21 100 248 0 0
22 100 247 0 0
23 100 246 0 0
24 100 245 0 0
25 100 244 0 0
26 100 243 0 0
27 100 242 0 0
28 100 241 0 0
29 100 240 0 0
30 100 239 0 0
31 100 238 0 0
32 100 237 0 0
33 100 236 0 0
34 100 235 0 0
35 100 234 0 0
36 100 233 0 0
37 100 232 0 0
38 100 231 0 0
39 100 230 0 0
40 100 229 0 0
41 100 228 0 0
42 100 227 0 0
43 100 226 0 0
44 100 225 0 0
45 100 224 0 0
46 100 223 0 0
47 100 222 0 0
48 100 221 0 0
49 100 220 0 0
50 100 219 0 0
51 100 218 0 0
52 100 217 0 0
53 100 216 0 0
54 100 215 0 0
55 100 214 0 0
56 100 213 0 0
57 100 212 0 0
58 100 211 0 0
59 100 210 0 0
60 100 209 0 0
61 100 208 0 0
62 100 207 0 0
63 101 207 0 0
64 101 206 0 0
65 101 205 0 0
66 101 204 0 0
67 101 203 0 0
68 101 202 0 0
69 102 202 0 0
70 102 201 0 0
71 102 200 0 0
72 102 199 0 0
73 102 198 0 0
74 102 197 0 0
75 103 197 0 0
76 103 196 0 0
77 103 195 0 0
78 103 194 0 0
79 103 193 0 0
80 103 192 0 0
81 104 192 0 0
82 104 191 0 0
83 104 190 0 0
84 104 189 0 0
85 104 188 0 0
86 104 187 0 0
87 105 187 0 0
88 105 186 0 0
89 105 185 0 0
90 105 184 0 0
91 105 183 0 0
92 105 182 0 0
93 106 182 0 0
94 106 181 0 0
95 106 180 0 0
96 106 179 0 0
97 106 178 0 0
98 107 178 0 0
99 107 177 0 0
100 107 176 0 0
101 107 175 0 0
102 107 174 0 0
103 107 173 0 0
104 107 172 0 0
105 108 172 0 0
106 108 171 0 0
107 108 170 0 0
108 108 169 0 0
109 109 169 0 0
110 109 168 0 0
111 109 167 0 0
112 109 166 0 0
113 109 165 0 0
114 109 164 0 0
115 109 163 0 0
116 109 162 0 0
117 109 161 0 0
118 110 161 0 0
119 110 160 0 0
120 110 159 0 0
121 110 158 0 0
122 110 157 0 0
123 110 156 0 0
124 110 155 0 0
125 110 154 0 0
126 110 153 0 0
127 110 152 0 0
128 110 151 0 0
129 110 150 0 0
130 111 150 0 0
131 111 149 0 0
132 111 148 0 0
133 111 147 0 0
134 111 146 0 0
135 111 145 0 0
136 111 144 0 0
137 111 143 0 0
138 111 142 0 0
139 111 141 0 0
140 111 140 0 0
141 111 139 0 0
142 110 139 0 0
143 110 138 0 0
144 110 137 0 0
145 110 136 0 0
146 110 135 0 0
147 109 135 0 0
148 109 134 0 0
149 109 133 0 0
150 109 132 0 0
151 109 131 0 0
152 108 131 0 0
153 108 130 0 0
154 108 129 0 0
155 108 128 0 0
156 108 127 0 0
157 107 127 0 0
158 107 126 0 0
159 107 125 0 0
160 107 124 0 0
161 107 123 0 0
162 107 122 0 0
163 106 122 0 0
164 106 121 0 0
165 106 120 0 0
166 106 119 0 0
167 106 118 0 0
168 105 118 0 0
169 105 117 0 0
170 105 116 0 0
171 105 115 0 0
172 105 114 0 0
173 105 113 0 0
174 105 112 0 0
175 105 111 0 0
176 105 110 0 0
177 105 109 0 0
178 105 108 0 0
179 105 107 0 0
180 105 106 0 0
181 105 105 0 0
182 105 104 0 0
183 105 103 0 0
184 105 102 0 0
185 105 101 0 0
186 105 100 0 0
187 105 99 0 0
188 105 98 0 0
189 105 97 0 0
190 105 96 0 0
191 105 95 0 0
192 105 94 0 0
193 105 93 0 0
194 106 93 0 0
195 106 92 0 0
196 106 91 0 0
197 106 90 0 0
198 107 90 0 0
199 107 89 0 0
200 107 88 0 0
201 107 87 0 0
202 108 87 0 0
203 108 86 0 0
204 108 85 0 0
205 109 85 0 0
206 109 84 0 0
207 109 83 0 0
208 109 82 0 0
209 110 82 0 0
210 110 81 0 0
211 110 80 0 0
212 111 80 0 0
213 111 79 0 0
214 111 78 0 0
215 111 77 0 0
216 112 77 0 0
217 112 76 0 0
218 112 75 0 0
219 112 74 0 0
220 112 73 0 0
221 112 72 0 0
222 112 71 0 0
223 112 70 0 0
224 112 69 0 0
225 112 68 0 0
226 112 67 0 0
227 112 66 0 0
228 112 65 0 0
229 112 64 0 0
230 112 63 0 0
231 112 62 0 0
232 113 62 0 0
233 113 61 0 0
234 113 60 0 0
235 113 59 0 0
236 113 58 0 0
237 113 57 0 0
238 113 56 0 0
239 113 55 0 0
240 113 54 0 0
241 113 53 0 0
242 113 52 0 0
243 113 51 0 0
244 113 50 0 0
245 113 49 0 0
246 113 48 0 0
247 113 47 0 0
248 113 46 0 0
249 113 45 0 0
250 113 44 0 0
251 113 43 0 0
252 113 42 0 0
253 113 41 0 0
254 113 40 0 0
255 113 39 0 0
256 113 38 0 0
257 113 37 0 0
258 114 37 0 0
259 114 36 0 0
260 114 35 0 0
261 115 35 0 0
262 115 34 0 0
263 115 33 0 0
264 116 33 0 0
265 116 32 0 0
266 117 32 0 0
267 117 31 0 0
268 117 30 0 0
269 118 30 0 0
270 118 29 0 0
271 119 29 0 0
272 119 28 0 0
273 120 28 0 0
274 120 27 0 0
275 121 27 0 0
276 121 26 0 0
277 122 26 0 0
278 122 25 0 0
279 123 25 0 0
