0 18 158 0 0
1 19 158 0 0
2 20 158 0 0
3 20 159 0 0
4 21 159 0 0
5 22 159 0 0
6 23 159 0 0
7 23 160 0 0
8 24 160 0 0
9 25 160 0 0
10 25 161 0 0
11 26 161 0 0
12 27 161 0 0
13 28 161 0 0
14 28 162 0 0
15 29 162 0 0
16 29 163 0 0
17 30 163 0 0
18 31 163 0 0
19 32 163 0 0
20 32 164 0 0
21 33 164 0 0
22 33 165 0 0
23 34 165 0 0
24 34 166 0 0
25 35 166 0 0
26 35 167 0 0
27 36 167 0 0
28 36 168 0 0
29 36 169 0 0
30 37 169 0 0
31 37 170 0 0
32 37 171 0 0
33 38 171 0 0
34 38 172 0 0
35 39 172 0 0
36 39 173 0 0
37 40 173 0 0
38 40 174 0 0
39 40 175 0 0
40 41 175 0 0
41 41 176 0 0
42 42 176 0 0
43 42 177 0 0
44 42 178 0 0
45 43 178 0 0
46 43 179 0 0
47 44 179 0 0
48 44 180 0 0
49 44 181 0 0
50 45 181 0 0
51 45 182 0 0
52 46 182 0 0
53 46 183 0 0
54 46 184 0 0
55 47 184 0 0
56 47 185 0 0
57 48 185 0 0
58 48 186 0 0
59 49 186 0 0
60 49 187 0 0
61 49 188 0 0
62 50 188 0 0
63 50 189 0 0
64 50 190 0 0
65 51 190 0 0
66 51 191 0 0
67 52 191 0 0
68 52 192 0 0
69 53 192 0 0
70 53 193 0 0
71 53 194 0 0
72 54 194 0 0
73 54 195 0 0
74 54 196 0 0
75 55 196 0 0
76 55 197 0 0
77 56 197 0 0
78 56 198 0 0
79 57 198 0 0
80 57 199 0 0
81 57 200 0 0
82 58 200 0 0
83 58 201 0 0
84 59 201 0 0
85 59 202 0 0
86 59 203 0 0
87 60 203 0 0
88 60 204 0 0
89 60 205 0 0
90 61 205 0 0
91 61 206 0 0
92 61 207 0 0
93 62 207 0 0
