0 100 266 0 0
1 100 265 0 0
2 100 266 0 0
3 100 265 0 0
4 100 264 0 0
5 100 263 0 0
6 100 262 0 0
7 100 261 0 0
8 100 260 0 0
9 100 259 0 0
10 100 258 0 0
11 100 257 0 0
12 100 256 0 0
13 100 255 0 0
14 101 255 0 0
15 101 254 0 0
16 101 253 0 0
17 101 252 0 0
18 101 251 0 0
19 101 250 0 0
20 101 249 0 0
21 101 248 0 0
22 101 247 0 0
23 101 246 0 0
24 101 245 0 0
25 101 244 0 0
26 101 243 0 0
27 101 242 0 0
28 101 241 0 0
29 101 240 0 0
30 101 239 0 0
31 101 238 0 0
32 101 237 0 0
33 101 236 0 0
34 101 235 0 0
35 101 234 0 0
36 101 233 0 0
37 101 232 0 0
38 101 231 0 0
39 101 230 0 0
40 101 229 0 0
41 101 228 0 0
42 101 227 0 0
43 101 226 0 0
44 101 225 0 0
45 101 224 0 0
46 101 223 0 0
47 101 222 0 0
48 101 221 0 0
49 101 220 0 0
50 101 219 0 0
51 101 218 0 0
52 102 218 0 0
53 102 217 0 0
54 102 216 0 0
55 102 215 0 0
56 102 214 0 0
57 102 213 0 0
58 102 212 0 0
59 102 211 0 0
60 102 210 0 0
61 102 209 0 0
62 102 208 0 0
63 102 207 0 0
64 102 206 0 0
65 102 205 0 0
66 102 204 0 0
67 102 203 0 0
68 102 202 0 0
69 102 201 0 0
70 102 200 0 0
71 102 199 0 0
72 102 198 0 0
73 103 198 0 0
74 103 197 0 0
75 103 196 0 0
76 103 195 0 0
77 103 194 0 0
78 104 194 0 0
79 104 193 0 0
80 104 192 0 0
81 104 191 0 0
82 104 190 0 0
83 104 189 0 0
84 105 189 0 0
85 105 188 0 0
86 105 187 0 0
87 105 186 0 0
88 105 185 0 0
89 106 185 0 0
90 106 184 0 0
91 106 183 0 0
92 106 182 0 0
93 107 182 0 0
94 107 181 0 0
95 108 181 0 0
96 108 180 0 0
97 108 179 0 0
98 109 179 0 0
99 109 178 0 0
100 110 178 0 0
101 110 177 0 0
102 110 176 0 0
103 110 175 0 0
104 111 175 0 0
105 111 174 0 0
106 112 174 0 0
107 112 173 0 0
108 112 172 0 0
109 113 172 0 0
110 113 171 0 0
111 114 171 0 0
112 114 170 0 0
113 115 170 0 0
114 115 169 0 0
115 116 169 0 0
116 116 168 0 0
117 117 168 0 0
118 117 167 0 0
119 118 167 0 0
120 118 166 0 0
121 119 166 0 0
122 120 166 0 0
123 120 165 0 0
124 120 164 0 0
125 121 164 0 0
126 122 164 0 0
127 122 163 0 0
128 123 163 0 0
129 123 162 0 0
130 124 162 0 0
131 124 161 0 0
132 125 161 0 0
133 126 161 0 0
134 127 161 0 0
135 127 160 0 0
136 128 160 0 0
137 129 160 0 0
138 129 159 0 0
139 130 159 0 0
140 131 159 0 0
141 131 158 0 0
142 132 158 0 0
143 133 158 0 0
144 133 157 0 0
145 134 157 0 0
146 134 156 0 0
147 135 156 0 0
148 136 156 0 0
149 137 156 0 0
150 137 155 0 0
151 138 155 0 0
152 139 155 0 0
153 140 155 0 0
154 141 155 0 0
155 141 154 0 0
156 142 154 0 0
157 143 154 0 0
158 144 154 0 0
159 144 153 0 0
160 145 153 0 0
161 146 153 0 0
162 147 153 0 0
163 148 153 0 0
164 149 153 0 0
165 150 153 0 0
166 151 153 0 0
167 152 153 0 0
168 153 153 0 0
169 154 153 0 0
170 155 153 0 0
171 156 153 0 0
172 157 153 0 0
173 158 153 0 0
174 159 153 0 0
175 159 152 0 0
176 160 152 0 0
177 161 152 0 0
178 162 152 0 0
179 163 152 0 0
180 164 152 0 0
181 164 153 0 0
182 165 153 0 0
183 166 153 0 0
184 167 153 0 0
185 168 153 0 0
186 169 153 0 0
187 169 154 0 0
188 170 154 0 0
189 171 154 0 0
190 172 154 0 0
191 172 155 0 0
192 173 155 0 0
193 173 154 0 0
194 174 154 0 0
195 175 154 0 0
196 176 154 0 0
197 177 154 0 0
198 178 154 0 0
199 179 154 0 0
200 180 154 0 0
201 181 154 0 0
202 182 154 0 0
203 183 154 0 0
204 184 154 0 0
205 185 154 0 0
206 186 154 0 0
207 187 154 0 0
208 188 154 0 0
209 189 154 0 0
210 190 154 0 0
211 191 154 0 0
212 191 153 0 0
213 192 153 0 0
214 193 153 0 0
215 194 153 0 0
216 195 153 0 0
