0 205 57 0 0
1 204 57 0 0
2 203 57 0 0
3 202 57 0 0
4 201 57 0 0
5 200 57 0 0
6 199 57 0 0
7 198 57 0 0
8 197 57 0 0
9 196 57 0 0
10 196 56 0 0
11 195 56 0 0
12 195 55 0 0
13 194 55 0 0
14 193 55 0 0
15 193 56 0 0
16 192 56 0 0
17 191 56 0 0
18 190 56 0 0
19 189 56 0 0
20 189 55 0 0
21 188 55 0 0
22 187 55 0 0
23 187 54 0 0
24 187 53 0 0
25 186 53 0 0
26 185 53 0 0
27 184 53 0 0
28 183 53 0 0
29 182 53 0 0
30 181 53 0 0
31 180 53 0 0
32 180 52 0 0
33 179 52 0 0
34 178 52 0 0
35 177 52 0 0
36 176 52 0 0
37 176 53 0 0
38 175 53 0 0
39 175 54 0 0
40 174 54 0 0
41 174 55 0 0
42 173 55 0 0
43 172 55 0 0
44 171 55 0 0
45 170 55 0 0
46 169 55 0 0
47 168 55 0 0
48 167 55 0 0
49 166 55 0 0
50 165 55 0 0
51 164 55 0 0
52 163 55 0 0
53 162 55 0 0
54 162 56 0 0
55 161 56 0 0
56 161 57 0 0
57 160 57 0 0
58 159 57 0 0
59 158 57 0 0
60 158 58 0 0
61 157 58 0 0
62 156 58 0 0
63 155 58 0 0
64 155 57 0 0
65 154 57 0 0
66 153 57 0 0
67 152 57 0 0
68 151 57 0 0
69 150 57 0 0
70 149 57 0 0
71 148 57 0 0
72 147 57 0 0
73 146 57 0 0
74 145 57 0 0
75 144 57 0 0
76 143 57 0 0
77 143 58 0 0
78 142 58 0 0
79 141 58 0 0
80 140 58 0 0
81 139 58 0 0
82 138 58 0 0
83 138 59 0 0
84 137 59 0 0
85 136 59 0 0
86 136 60 0 0
87 135 60 0 0
88 134 60 0 0
89 133 60 0 0
90 132 60 0 0
91 131 60 0 0
92 130 60 0 0
93 129 60 0 0
94 128 60 0 0
95 127 60 0 0
96 126 60 0 0
97 125 60 0 0
98 125 59 0 0
99 124 59 0 0
100 123 59 0 0
101 122 59 0 0
102 121 59 0 0
103 120 59 0 0
104 120 60 0 0
105 119 60 0 0
106 118 60 0 0
107 118 61 0 0
108 117 61 0 0
109 117 62 0 0
110 117 61 0 0
111 116 61 0 0
112 115 61 0 0
113 115 62 0 0
114 114 62 0 0
115 114 63 0 0
116 114 62 0 0
117 113 62 0 0
118 112 62 0 0
119 111 62 0 0
120 110 62 0 0
121 109 62 0 0
122 108 62 0 0
123 107 62 0 0
124 106 62 0 0
125 105 62 0 0
126 105 61 0 0
127 104 61 0 0
128 104 60 0 0
129 103 60 0 0
130 103 59 0 0
131 102 59 0 0
132 101 59 0 0
133 101 58 0 0
134 100 58 0 0
135 99 58 0 0
136 99 57 0 0
137 98 57 0 0
138 98 56 0 0
139 97 56 0 0
140 97 55 0 0
141 96 55 0 0
142 96 54 0 0
143 96 53 0 0
144 95 53 0 0
145 95 52 0 0
146 94 52 0 0
147 94 51 0 0
148 94 50 0 0
149 93 50 0 0
150 93 49 0 0
151 93 48 0 0
152 92 48 0 0
153 92 47 0 0
154 92 46 0 0
155 91 46 0 0
156 91 45 0 0
157 91 44 0 0
158 90 44 0 0
159 90 43 0 0
160 90 42 0 0
161 90 41 0 0
162 90 40 0 0
163 89 40 0 0
164 89 39 0 0
165 89 38 0 0
166 89 37 0 0
167 89 36 0 0
168 88 36 0 0
169 88 35 0 0
170 88 34 0 0
171 88 33 0 0
172 87 33 0 0
173 87 32 0 0
174 87 31 0 0
175 87 30 0 0
176 86 30 0 0
177 86 29 0 0
178 86 28 0 0
179 85 28 0 0
180 85 27 0 0
181 85 26 0 0
182 85 25 0 0
183 85 24 0 0
184 84 24 0 0
185 84 23 0 0
186 84 22 0 0
187 83 22 0 0
188 83 21 0 0
189 83 20 0 0
190 83 19 0 0
191 82 19 0 0
192 82 18 0 0
193 82 17 0 0
194 82 16 0 0
195 81 16 0 0
196 81 15 0 0
197 81 14 0 0
198 81 13 0 0
199 81 12 0 0
200 80 12 0 0
201 80 11 0 0
202 80 10 0 0
203 79 10 0 0
204 79 9 0 0
205 79 8 0 0
206 79 7 0 0
207 79 6 0 0
208 78 6 0 0
209 78 5 0 0
210 78 4 0 0
211 78 3 0 0
