0 68 270 0 0
1 68 269 0 0
2 68 268 0 0
3 68 267 0 0
4 68 266 0 0
5 68 265 0 0
6 68 264 0 0
7 68 263 0 0
8 68 262 0 0
9 68 261 0 0
10 68 260 0 0
11 68 259 0 0
12 68 258 0 0
13 67 258 0 0
14 68 258 0 0
15 68 257 0 0
16 67 257 0 0
17 67 256 0 0
18 67 255 0 0
19 67 254 0 0
20 67 253 0 0
21 67 252 0 0
22 67 251 0 0
23 67 250 0 0
24 67 249 0 0
25 67 248 0 0
26 67 247 0 0
27 67 246 0 0
28 67 245 0 0
29 67 244 0 0
30 67 243 0 0
31 67 242 0 0
32 67 241 0 0
33 67 240 0 0
34 67 239 0 0
35 67 238 0 0
36 67 237 0 0
37 67 236 0 0
38 67 235 0 0
39 67 234 0 0
40 68 234 0 0
41 68 233 0 0
42 68 232 0 0
43 68 231 0 0
44 68 230 0 0
45 68 229 0 0
46 68 228 0 0
47 68 227 0 0
48 68 226 0 0
49 68 225 0 0
50 68 224 0 0
51 69 224 0 0
52 69 223 0 0
53 69 222 0 0
54 69 221 0 0
55 69 220 0 0
56 69 219 0 0
57 69 218 0 0
58 69 217 0 0
59 69 216 0 0
60 69 215 0 0
61 69 214 0 0
62 69 213 0 0
63 69 212 0 0
64 69 211 0 0
65 70 211 0 0
66 70 210 0 0
67 70 209 0 0
68 70 208 0 0
69 70 207 0 0
70 70 206 0 0
71 70 205 0 0
72 71 205 0 0
73 71 204 0 0
74 71 203 0 0
75 71 202 0 0
76 71 201 0 0
77 71 200 0 0
78 72 200 0 0
79 72 199 0 0
80 72 198 0 0
81 72 197 0 0
82 73 197 0 0
83 74 197 0 0
84 74 196 0 0
85 75 196 0 0
86 76 196 0 0
87 77 196 0 0
88 78 196 0 0
89 78 195 0 0
90 79 195 0 0
91 80 195 0 0
92 81 195 0 0
93 81 194 0 0
94 82 194 0 0
95 83 194 0 0
96 83 193 0 0
97 84 193 0 0
98 85 193 0 0
99 86 193 0 0
100 87 193 0 0
101 87 192 0 0
102 88 192 0 0
103 89 192 0 0
104 90 192 0 0
105 90 191 0 0
106 91 191 0 0
107 92 191 0 0
108 93 191 0 0
109 94 191 0 0
110 94 190 0 0
111 95 190 0 0
112 96 190 0 0
113 97 190 0 0
114 98 190 0 0
115 98 191 0 0
116 99 191 0 0
117 100 191 0 0
118 101 191 0 0
119 102 191 0 0
120 103 191 0 0
121 103 192 0 0
122 104 192 0 0
123 105 192 0 0
124 106 192 0 0
125 107 192 0 0
126 107 191 0 0
127 108 191 0 0
128 109 191 0 0
129 109 190 0 0
130 110 190 0 0
131 111 190 0 0
132 112 190 0 0
133 113 190 0 0
134 113 189 0 0
135 114 189 0 0
136 115 189 0 0
137 115 188 0 0
138 116 188 0 0
139 117 188 0 0
140 117 187 0 0
141 118 187 0 0
