0 90 90 0 0
1 90 89 0 0
2 89 89 0 0
3 89 88 0 0
4 89 87 0 0
5 89 86 0 0
6 89 85 0 0
7 89 84 0 0
8 89 83 0 0
9 89 82 0 0
10 89 81 0 0
11 89 80 0 0
12 89 79 0 0
13 89 78 0 0
14 89 77 0 0
15 89 76 0 0
16 89 75 0 0
17 89 74 0 0
18 89 73 0 0
19 89 72 0 0
20 90 72 0 0
21 90 71 0 0
22 90 70 0 0
23 90 69 0 0
24 90 68 0 0
25 90 67 0 0
26 91 67 0 0
27 91 66 0 0
28 91 65 0 0
29 91 64 0 0
30 91 63 0 0
31 91 62 0 0
32 91 61 0 0
33 92 61 0 0
34 92 60 0 0
35 92 59 0 0
36 92 58 0 0
37 92 57 0 0
38 92 56 0 0
39 92 55 0 0
40 92 54 0 0
41 92 53 0 0
42 92 52 0 0
43 92 51 0 0
44 92 50 0 0
45 92 49 0 0
46 92 48 0 0
47 92 47 0 0
48 92 46 0 0
49 92 45 0 0
50 92 44 0 0
51 92 43 0 0
52 92 42 0 0
53 92 41 0 0
54 92 40 0 0
55 92 39 0 0
56 92 38 0 0
57 92 37 0 0
58 92 36 0 0
59 92 35 0 0
60 92 34 0 0
61 91 34 0 0
62 91 33 0 0
63 91 32 0 0
64 91 31 0 0
65 91 30 0 0
66 91 29 0 0
67 91 28 0 0
68 91 27 0 0
69 91 26 0 0
70 91 25 0 0
71 92 25 0 0
72 92 24 0 0
73 92 23 0 0
74 92 22 0 0
75 92 21 0 0
76 92 20 0 0
77 92 19 0 0
78 92 18 0 0
79 92 17 0 0
80 93 17 0 0
81 93 16 0 0
82 93 15 0 0
83 92 15 0 0
84 92 14 0 0
85 92 13 0 0
86 92 12 0 0
87 91 12 0 0
88 91 11 0 0
89 91 10 0 0
90 91 9 0 0
91 91 8 0 0
92 91 7 0 0
93 91 6 0 0
94 91 5 0 0
95 91 4 0 0
