0 100 254 0 0
1 100 253 0 0
2 100 252 0 0
3 100 251 0 0
4 100 250 0 0
5 100 249 0 0
6 100 248 0 0
7 100 247 0 0
8 100 246 0 0
9 100 245 0 0
10 100 244 0 0
11 100 243 0 0
12 100 242 0 0
13 100 241 0 0
14 100 240 0 0
15 100 239 0 0
16 100 238 0 0
17 100 237 0 0
18 100 236 0 0
19 100 235 0 0
20 100 234 0 0
21 100 233 0 0
22 100 232 0 0
23 100 231 0 0
24 100 230 0 0
25 100 229 0 0
26 100 228 0 0
27 100 227 0 0
28 100 226 0 0
29 100 225 0 0
30 100 224 0 0
31 100 223 0 0
32 100 222 0 0
33 100 221 0 0
34 100 220 0 0
35 100 219 0 0
36 100 218 0 0
37 99 218 0 0
38 99 217 0 0
39 99 216 0 0
40 99 215 0 0
41 99 214 0 0
42 99 213 0 0
43 99 212 0 0
44 99 211 0 0
45 99 210 0 0
46 99 209 0 0
47 99 208 0 0
48 99 207 0 0
49 99 206 0 0
50 99 205 0 0
51 100 205 0 0
52 100 204 0 0
53 100 203 0 0
54 100 202 0 0
55 100 201 0 0
56 100 200 0 0
57 101 200 0 0
58 101 199 0 0
59 101 198 0 0
60 101 197 0 0
61 101 196 0 0
62 102 196 0 0
63 102 195 0 0
64 102 194 0 0
65 102 193 0 0
66 103 193 0 0
67 103 192 0 0
68 103 191 0 0
69 103 190 0 0
70 103 189 0 0
71 104 189 0 0
72 104 188 0 0
73 104 187 0 0
74 105 187 0 0
75 105 186 0 0
76 105 185 0 0
77 106 185 0 0
78 106 184 0 0
79 107 184 0 0
80 107 183 0 0
81 107 182 0 0
82 107 181 0 0
83 108 181 0 0
84 108 180 0 0
85 109 180 0 0
86 109 179 0 0
87 110 179 0 0
88 110 178 0 0
89 110 177 0 0
90 111 177 0 0
91 111 176 0 0
92 112 176 0 0
93 112 175 0 0
94 113 175 0 0
95 113 174 0 0
96 114 174 0 0
97 114 173 0 0
98 115 173 0 0
99 115 172 0 0
100 116 172 0 0
101 116 171 0 0
102 117 171 0 0
103 117 170 0 0
104 118 170 0 0
105 118 169 0 0
106 119 169 0 0
107 119 168 0 0
108 119 167 0 0
109 120 167 0 0
110 120 166 0 0
111 120 165 0 0
112 121 165 0 0
113 121 164 0 0
114 122 164 0 0
115 122 163 0 0
116 123 163 0 0
117 124 163 0 0
118 125 163 0 0
119 126 163 0 0
120 127 163 0 0
121 128 163 0 0
122 129 163 0 0
123 129 162 0 0
124 130 162 0 0
125 130 161 0 0
126 131 161 0 0
127 132 161 0 0
128 132 160 0 0
129 133 160 0 0
130 133 159 0 0
131 134 159 0 0
132 135 159 0 0
133 135 158 0 0
134 136 158 0 0
135 136 157 0 0
136 137 157 0 0
137 137 156 0 0
138 138 156 0 0
139 139 156 0 0
140 139 155 0 0
141 140 155 0 0
142 141 155 0 0
143 142 155 0 0
144 143 155 0 0
145 144 155 0 0
146 144 154 0 0
147 145 154 0 0
148 146 154 0 0
149 146 153 0 0
150 147 153 0 0
151 148 153 0 0
152 149 153 0 0
153 150 153 0 0
154 151 153 0 0
155 151 152 0 0
156 152 152 0 0
157 153 152 0 0
158 154 152 0 0
159 155 152 0 0
160 156 152 0 0
161 156 151 0 0
162 157 151 0 0
163 158 151 0 0
164 159 151 0 0
165 160 151 0 0
166 161 151 0 0
167 162 151 0 0
168 163 151 0 0
169 164 151 0 0
170 165 151 0 0
171 166 151 0 0
172 167 151 0 0
173 168 151 0 0
174 169 151 0 0
175 170 151 0 0
176 171 151 0 0
177 172 151 0 0
178 173 151 0 0
179 174 151 0 0
180 175 151 0 0
181 176 151 0 0
182 177 151 0 0
183 178 151 0 0
184 179 151 0 0
185 180 151 0 0
186 181 151 0 0
187 181 152 0 0
188 182 152 0 0
189 183 152 0 0
190 184 152 0 0
191 185 152 0 0
192 186 152 0 0
193 187 152 0 0
194 188 152 0 0
195 189 152 0 0
196 190 152 0 0
197 190 153 0 0
198 190 152 0 0
199 190 151 0 0
200 190 150 0 0
201 191 150 0 0
202 191 149 0 0
203 191 148 0 0
204 192 148 0 0
205 192 149 0 0
206 193 149 0 0
207 194 149 0 0
208 194 150 0 0
209 195 150 0 0
210 195 151 0 0
211 195 150 0 0
212 196 150 0 0
