0 29 144 0 0
1 29 143 0 0
2 30 143 0 0
3 30 142 0 0
4 30 141 0 0
5 30 140 0 0
6 31 140 0 0
7 31 139 0 0
8 31 138 0 0
9 31 137 0 0
10 32 137 0 0
11 32 136 0 0
12 33 136 0 0
13 33 135 0 0
14 34 135 0 0
15 34 134 0 0
16 35 134 0 0
17 35 133 0 0
18 35 132 0 0
19 36 132 0 0
20 36 131 0 0
21 37 131 0 0
22 37 130 0 0
23 38 130 0 0
24 38 129 0 0
25 39 129 0 0
26 39 128 0 0
27 40 128 0 0
28 40 127 0 0
29 41 127 0 0
30 41 126 0 0
31 41 125 0 0
32 42 125 0 0
33 42 124 0 0
34 43 124 0 0
35 43 123 0 0
36 44 123 0 0
37 44 122 0 0
38 44 121 0 0
39 45 121 0 0
40 45 120 0 0
41 46 120 0 0
42 46 119 0 0
43 47 119 0 0
44 47 118 0 0
45 48 118 0 0
46 48 117 0 0
47 49 117 0 0
48 49 116 0 0
49 49 115 0 0
50 50 115 0 0
51 50 114 0 0
52 51 114 0 0
53 51 113 0 0
54 52 113 0 0
55 52 112 0 0
56 53 112 0 0
57 53 111 0 0
58 54 111 0 0
59 54 110 0 0
60 54 109 0 0
61 55 109 0 0
62 55 108 0 0
63 56 108 0 0
64 56 107 0 0
65 57 107 0 0
66 57 106 0 0
67 57 105 0 0
68 58 105 0 0
69 58 104 0 0
70 59 104 0 0
71 59 103 0 0
72 60 103 0 0
73 60 102 0 0
74 61 102 0 0
75 61 101 0 0
76 62 101 0 0
77 63 101 0 0
78 63 100 0 0
79 64 100 0 0
80 64 99 0 0
81 65 99 0 0
82 66 99 0 0
83 67 99 0 0
84 67 98 0 0
85 68 98 0 0
86 69 98 0 0
87 69 97 0 0
88 70 97 0 0
89 71 97 0 0
90 71 96 0 0
91 72 96 0 0
92 72 95 0 0
93 73 95 0 0
94 74 95 0 0
95 75 95 0 0
96 75 94 0 0
97 76 94 0 0
98 77 94 0 0
99 77 93 0 0
100 78 93 0 0
101 79 93 0 0
102 79 92 0 0
103 80 92 0 0
104 81 92 0 0
105 81 91 0 0
106 82 91 0 0
107 83 91 0 0
108 84 91 0 0
109 85 91 0 0
110 86 91 0 0
111 87 91 0 0
112 88 91 0 0
113 88 90 0 0
114 89 90 0 0
115 90 90 0 0
116 91 90 0 0
117 91 89 0 0
118 92 89 0 0
119 93 89 0 0
120 94 89 0 0
121 95 89 0 0
122 96 89 0 0
123 97 89 0 0
124 97 88 0 0
125 98 88 0 0
126 99 88 0 0
127 100 88 0 0
128 101 88 0 0
129 102 88 0 0
130 102 87 0 0
131 103 87 0 0
132 104 87 0 0
133 105 87 0 0
134 105 86 0 0
135 105 85 0 0
136 106 85 0 0
137 106 84 0 0
138 106 83 0 0
139 107 83 0 0
140 107 82 0 0
141 107 81 0 0
142 107 80 0 0
143 108 80 0 0
144 108 79 0 0
145 108 78 0 0
146 109 78 0 0
147 109 77 0 0
148 109 76 0 0
149 109 75 0 0
150 109 74 0 0
151 109 73 0 0
152 109 72 0 0
153 110 72 0 0
154 110 71 0 0
155 110 70 0 0
156 110 69 0 0
157 110 68 0 0
158 110 67 0 0
159 110 66 0 0
160 110 65 0 0
161 110 64 0 0
162 111 64 0 0
163 111 63 0 0
164 111 62 0 0
165 111 61 0 0
166 111 60 0 0
167 111 59 0 0
168 111 58 0 0
169 111 57 0 0
170 112 57 0 0
171 112 56 0 0
172 112 55 0 0
173 112 54 0 0
174 112 53 0 0
175 113 53 0 0
176 113 52 0 0
177 113 51 0 0
178 113 50 0 0
179 114 50 0 0
180 114 49 0 0
181 114 48 0 0
182 114 47 0 0
183 114 46 0 0
184 115 46 0 0
185 115 45 0 0
186 115 44 0 0
187 115 43 0 0
188 115 42 0 0
189 116 42 0 0
190 116 41 0 0
191 116 40 0 0
192 116 39 0 0
193 116 38 0 0
194 117 38 0 0
195 117 37 0 0
196 117 36 0 0
197 117 35 0 0
198 117 34 0 0
199 117 33 0 0
200 118 33 0 0
201 118 32 0 0
202 118 31 0 0
203 118 30 0 0
204 119 30 0 0
205 119 29 0 0
206 119 28 0 0
207 119 27 0 0
208 120 27 0 0
209 120 26 0 0
210 120 25 0 0
211 121 25 0 0
212 121 24 0 0
213 122 24 0 0
214 122 23 0 0
215 123 23 0 0
216 123 22 0 0
217 123 21 0 0
218 124 21 0 0
219 124 20 0 0
220 125 20 0 0
221 125 19 0 0
222 126 19 0 0
223 126 18 0 0
224 126 17 0 0
225 127 17 0 0
226 127 16 0 0
227 128 16 0 0
228 128 15 0 0
229 129 15 0 0
230 129 14 0 0
231 129 13 0 0
232 130 13 0 0
233 130 12 0 0
234 130 11 0 0
235 131 11 0 0
236 131 10 0 0
237 131 9 0 0
238 132 9 0 0
239 132 8 0 0
240 132 7 0 0
241 132 6 0 0
242 133 6 0 0
243 133 5 0 0
244 133 4 0 0
245 134 4 0 0
