0 16 163 0 0
1 16 162 0 0
2 15 162 0 0
3 15 161 0 0
4 15 160 0 0
5 15 159 0 0
6 14 159 0 0
7 14 158 0 0
8 14 157 0 0
9 14 156 0 0
10 14 155 0 0
11 13 155 0 0
12 13 154 0 0
13 13 153 0 0
14 13 152 0 0
15 12 152 0 0
16 12 151 0 0
17 12 150 0 0
18 12 149 0 0
19 11 149 0 0
20 11 148 0 0
21 11 147 0 0
22 11 146 0 0
23 11 145 0 0
24 10 145 0 0
25 10 144 0 0
26 10 143 0 0
27 10 142 0 0
28 10 141 0 0
29 9 141 0 0
30 9 140 0 0
31 9 139 0 0
32 9 138 0 0
33 8 138 0 0
34 8 137 0 0
35 8 136 0 0
36 8 135 0 0
37 8 134 0 0
38 7 134 0 0
39 7 133 0 0
40 7 132 0 0
41 7 131 0 0
42 6 131 0 0
43 6 130 0 0
44 6 129 0 0
45 6 128 0 0
46 6 127 0 0
47 5 127 0 0
48 5 126 0 0
49 5 125 0 0
50 5 124 0 0
51 4 124 0 0
52 4 123 0 0
53 4 122 0 0
54 4 121 0 0
55 4 120 0 0
56 3 120 0 0
57 3 119 0 0
58 3 118 0 0
59 3 117 0 0
60 3 116 0 0
61 4 116 0 0
62 5 116 0 0
63 6 116 0 0
64 7 116 0 0
65 8 116 0 0
66 9 116 0 0
67 9 117 0 0
68 10 117 0 0
69 11 117 0 0
70 12 117 0 0
71 13 117 0 0
72 14 117 0 0
73 15 117 0 0
74 16 117 0 0
75 17 117 0 0
76 18 117 0 0
77 19 117 0 0
78 20 117 0 0
79 21 117 0 0
80 22 117 0 0
81 23 117 0 0
82 23 116 0 0
83 24 116 0 0
84 25 116 0 0
85 26 116 0 0
86 27 116 0 0
87 28 116 0 0
88 29 116 0 0
89 30 116 0 0
90 31 116 0 0
91 31 115 0 0
92 32 115 0 0
93 33 115 0 0
94 34 115 0 0
95 35 115 0 0
96 35 114 0 0
97 36 114 0 0
98 37 114 0 0
99 38 114 0 0
100 39 114 0 0
101 40 114 0 0
102 41 114 0 0
103 41 113 0 0
104 42 113 0 0
105 43 113 0 0
106 44 113 0 0
107 45 113 0 0
108 46 113 0 0
109 47 113 0 0
110 48 113 0 0
111 49 113 0 0
112 50 113 0 0
113 50 114 0 0
114 51 114 0 0
115 52 114 0 0
116 53 114 0 0
117 54 114 0 0
118 55 114 0 0
119 55 115 0 0
120 56 115 0 0
121 57 115 0 0
122 58 115 0 0
123 59 115 0 0
124 60 115 0 0
125 61 115 0 0
126 62 115 0 0
127 63 115 0 0
128 63 114 0 0
129 64 114 0 0
130 65 114 0 0
131 66 114 0 0
132 66 113 0 0
133 67 113 0 0
134 68 113 0 0
135 69 113 0 0
136 70 113 0 0
137 71 113 0 0
138 72 113 0 0
139 73 113 0 0
140 73 112 0 0
141 74 112 0 0
142 75 112 0 0
143 76 112 0 0
144 77 112 0 0
145 78 112 0 0
146 79 112 0 0
147 80 112 0 0
148 81 112 0 0
149 82 112 0 0
150 82 111 0 0
151 83 111 0 0
152 84 111 0 0
153 85 111 0 0
154 85 112 0 0
155 86 112 0 0
156 87 112 0 0
157 88 112 0 0
158 89 112 0 0
159 89 113 0 0
160 90 113 0 0
161 91 113 0 0
162 92 113 0 0
163 93 113 0 0
164 94 113 0 0
165 95 113 0 0
166 96 113 0 0
167 97 113 0 0
168 98 113 0 0
169 99 113 0 0
170 100 113 0 0
171 100 114 0 0
172 101 114 0 0
173 102 114 0 0
174 103 114 0 0
175 103 115 0 0
176 104 115 0 0
177 105 115 0 0
178 106 115 0 0
179 107 115 0 0
180 108 115 0 0
181 109 115 0 0
182 110 115 0 0
183 111 115 0 0
184 112 115 0 0
185 113 115 0 0
186 114 115 0 0
187 115 115 0 0
188 116 115 0 0
189 117 115 0 0
190 118 115 0 0
191 119 115 0 0
192 120 115 0 0
193 120 116 0 0
194 120 115 0 0
195 121 115 0 0
196 122 115 0 0
197 123 115 0 0
198 124 115 0 0
199 125 115 0 0
200 126 115 0 0
201 127 115 0 0
202 128 115 0 0
203 129 115 0 0
204 130 115 0 0
205 131 115 0 0
206 132 115 0 0
207 133 115 0 0
208 134 115 0 0
209 135 115 0 0
210 136 115 0 0
211 137 115 0 0
212 138 115 0 0
213 139 115 0 0
214 139 114 0 0
215 140 114 0 0
216 141 114 0 0
217 142 114 0 0
218 143 114 0 0
219 143 113 0 0
220 144 113 0 0
221 145 113 0 0
222 146 113 0 0
223 147 113 0 0
224 148 113 0 0
225 149 113 0 0
226 150 113 0 0
227 151 113 0 0
228 151 112 0 0
229 152 112 0 0
230 153 112 0 0
231 154 112 0 0
232 155 112 0 0
233 156 112 0 0
234 157 112 0 0
235 158 112 0 0
236 159 112 0 0
237 160 112 0 0
238 161 112 0 0
239 161 111 0 0
240 162 111 0 0
241 163 111 0 0
242 164 111 0 0
243 164 110 0 0
244 165 110 0 0
245 166 110 0 0
246 167 110 0 0
247 168 110 0 0
248 169 110 0 0
249 170 110 0 0
250 171 110 0 0
251 172 110 0 0
252 173 110 0 0
253 174 110 0 0
254 175 110 0 0
255 176 110 0 0
256 177 110 0 0
257 178 110 0 0
258 179 110 0 0
259 180 110 0 0
260 181 110 0 0
261 182 110 0 0
262 183 110 0 0
263 184 110 0 0
264 185 110 0 0
265 186 110 0 0
266 187 110 0 0
267 188 110 0 0
268 189 110 0 0
269 190 110 0 0
270 191 110 0 0
271 192 110 0 0
272 193 110 0 0
273 194 110 0 0
274 195 110 0 0
275 196 110 0 0
276 197 110 0 0
277 198 110 0 0
278 199 110 0 0
279 200 110 0 0
280 201 110 0 0
281 202 110 0 0
282 203 110 0 0
283 203 111 0 0
284 203 110 0 0
285 204 110 0 0
286 205 110 0 0
287 206 110 0 0
288 207 110 0 0
289 208 110 0 0
290 209 110 0 0
291 210 110 0 0
292 211 110 0 0
293 212 110 0 0
294 212 109 0 0
295 213 109 0 0
296 213 108 0 0
297 214 108 0 0
298 214 107 0 0
299 213 107 0 0
300 213 106 0 0
301 212 106 0 0
302 212 105 0 0
303 211 105 0 0
304 210 105 0 0
305 209 105 0 0
306 208 105 0 0
307 207 105 0 0
308 206 105 0 0
309 205 105 0 0
310 204 105 0 0
311 203 105 0 0
312 202 105 0 0
313 201 105 0 0
314 200 105 0 0
315 199 105 0 0
316 198 105 0 0
317 197 105 0 0
318 196 105 0 0
319 195 105 0 0
320 194 105 0 0
321 193 105 0 0
322 192 105 0 0
323 191 105 0 0
324 190 105 0 0
325 190 106 0 0
326 189 106 0 0
327 188 106 0 0
328 187 106 0 0
329 186 106 0 0
330 185 106 0 0
331 184 106 0 0
332 183 106 0 0
333 182 106 0 0
334 181 106 0 0
335 180 106 0 0
336 179 106 0 0
337 178 106 0 0
338 178 107 0 0
339 177 107 0 0
340 176 107 0 0
341 175 107 0 0
342 174 107 0 0
343 173 107 0 0
344 172 107 0 0
345 171 107 0 0
346 170 107 0 0
347 169 107 0 0
348 168 107 0 0
349 167 107 0 0
350 166 107 0 0
351 165 107 0 0
352 164 107 0 0
353 163 107 0 0
354 162 107 0 0
355 161 107 0 0
356 160 107 0 0
357 159 107 0 0
358 158 107 0 0
359 157 107 0 0
360 156 107 0 0
361 155 107 0 0
362 154 107 0 0
363 153 107 0 0
364 152 107 0 0
365 152 108 0 0
366 151 108 0 0
367 150 108 0 0
368 149 108 0 0
369 149 109 0 0
370 148 109 0 0
371 147 109 0 0
372 146 109 0 0
373 146 110 0 0
374 145 110 0 0
375 144 110 0 0
376 143 110 0 0
377 142 110 0 0
378 141 110 0 0
379 140 110 0 0
380 139 110 0 0
381 138 110 0 0
382 137 110 0 0
383 136 110 0 0
384 135 110 0 0
385 134 110 0 0
386 133 110 0 0
387 133 111 0 0
388 132 111 0 0
389 132 112 0 0
390 131 112 0 0
391 130 112 0 0
392 129 112 0 0
393 128 112 0 0
394 128 113 0 0
395 127 113 0 0
396 126 113 0 0
397 125 113 0 0
398 125 114 0 0
399 125 113 0 0
400 124 113 0 0
401 123 113 0 0
402 122 113 0 0
403 121 113 0 0
404 120 113 0 0
405 119 113 0 0
406 118 113 0 0
407 118 114 0 0
408 117 114 0 0
409 117 115 0 0
410 116 115 0 0
411 115 115 0 0
412 114 115 0 0
413 113 115 0 0
414 112 115 0 0
415 112 116 0 0
416 112 115 0 0
417 111 115 0 0
418 110 115 0 0
419 109 115 0 0
420 108 115 0 0
421 107 115 0 0
422 107 114 0 0
423 106 114 0 0
424 105 114 0 0
425 104 114 0 0
426 103 114 0 0
427 103 113 0 0
428 102 113 0 0
429 101 113 0 0
430 100 113 0 0
431 99 113 0 0
432 98 113 0 0
433 98 112 0 0
434 97 112 0 0
435 96 112 0 0
436 96 111 0 0
437 96 110 0 0
438 95 110 0 0
439 94 110 0 0
440 94 109 0 0
441 93 109 0 0
442 93 108 0 0
443 92 108 0 0
444 92 107 0 0
445 91 107 0 0
446 91 106 0 0
447 91 105 0 0
448 91 104 0 0
449 91 103 0 0
450 90 103 0 0
451 90 102 0 0
452 90 101 0 0
453 90 100 0 0
454 90 99 0 0
455 90 98 0 0
456 89 98 0 0
457 89 97 0 0
458 89 96 0 0
459 89 95 0 0
460 89 94 0 0
461 89 93 0 0
462 89 92 0 0
463 89 91 0 0
464 89 90 0 0
465 89 89 0 0
466 89 88 0 0
467 89 87 0 0
468 88 87 0 0
469 88 86 0 0
470 88 85 0 0
471 88 84 0 0
472 88 83 0 0
473 88 82 0 0
474 88 81 0 0
475 88 80 0 0
476 88 79 0 0
477 88 78 0 0
478 88 77 0 0
479 88 76 0 0
480 88 75 0 0
481 88 74 0 0
482 88 73 0 0
483 88 72 0 0
484 88 71 0 0
485 88 70 0 0
486 88 69 0 0
487 88 68 0 0
488 88 67 0 0
489 88 66 0 0
490 88 65 0 0
491 88 64 0 0
492 88 63 0 0
493 88 62 0 0
494 88 61 0 0
495 88 60 0 0
496 88 59 0 0
497 87 59 0 0
498 87 58 0 0
499 87 57 0 0
500 87 56 0 0
501 87 55 0 0
502 87 54 0 0
503 87 53 0 0
504 86 53 0 0
505 86 52 0 0
506 86 51 0 0
507 86 50 0 0
508 86 49 0 0
509 85 49 0 0
510 85 48 0 0
511 85 47 0 0
512 85 46 0 0
513 85 45 0 0
514 85 44 0 0
515 85 43 0 0
516 85 42 0 0
517 84 42 0 0
518 84 41 0 0
519 84 40 0 0
520 84 39 0 0
521 84 38 0 0
522 84 37 0 0
523 84 36 0 0
524 84 35 0 0
525 84 34 0 0
526 84 33 0 0
527 83 33 0 0
528 83 32 0 0
529 83 31 0 0
530 83 30 0 0
531 83 29 0 0
532 83 28 0 0
533 83 27 0 0
534 83 26 0 0
535 83 25 0 0
536 83 24 0 0
537 83 23 0 0
538 83 22 0 0
539 83 21 0 0
540 83 20 0 0
541 83 19 0 0
542 83 18 0 0
543 83 17 0 0
544 83 16 0 0
545 83 15 0 0
546 83 14 0 0
547 83 13 0 0
548 83 12 0 0
549 82 12 0 0
550 82 11 0 0
551 82 10 0 0
552 82 9 0 0
553 82 8 0 0
554 82 7 0 0
555 82 6 0 0
556 82 5 0 0
557 81 5 0 0
558 81 4 0 0
559 81 5 0 0
560 80 5 0 0
561 80 6 0 0
562 80 7 0 0
563 80 8 0 0
564 80 9 0 0
565 80 10 0 0
566 81 10 0 0
567 81 11 0 0
568 81 12 0 0
569 81 13 0 0
570 81 14 0 0
571 81 15 0 0
572 81 16 0 0
573 81 17 0 0
574 81 18 0 0
575 81 19 0 0
576 81 20 0 0
577 81 21 0 0
578 81 22 0 0
579 81 23 0 0
580 81 24 0 0
581 81 25 0 0
582 81 26 0 0
583 81 27 0 0
584 81 28 0 0
585 81 29 0 0
586 81 30 0 0
587 81 31 0 0
588 81 32 0 0
589 81 33 0 0
590 81 34 0 0
591 81 35 0 0
592 81 36 0 0
593 81 37 0 0
594 81 38 0 0
595 82 38 0 0
596 82 39 0 0
597 82 40 0 0
598 82 41 0 0
599 82 42 0 0
600 82 43 0 0
601 82 44 0 0
602 82 45 0 0
603 82 46 0 0
604 82 47 0 0
605 82 48 0 0
606 82 49 0 0
607 82 50 0 0
608 83 50 0 0
609 83 51 0 0
610 83 52 0 0
611 83 53 0 0
612 83 54 0 0
613 83 55 0 0
614 83 56 0 0
615 83 57 0 0
616 83 58 0 0
617 83 59 0 0
618 83 60 0 0
619 84 60 0 0
620 84 61 0 0
621 83 61 0 0
622 83 62 0 0
623 83 63 0 0
624 83 64 0 0
625 83 65 0 0
626 83 66 0 0
627 83 67 0 0
628 83 68 0 0
629 83 69 0 0
630 83 70 0 0
631 83 71 0 0
632 83 72 0 0
633 83 73 0 0
634 83 74 0 0
635 84 74 0 0
636 84 75 0 0
637 83 75 0 0
638 83 76 0 0
639 83 77 0 0
640 83 78 0 0
641 83 79 0 0
642 83 80 0 0
643 83 81 0 0
644 83 82 0 0
645 83 83 0 0
646 83 84 0 0
647 82 84 0 0
648 82 85 0 0
649 82 86 0 0
650 82 87 0 0
651 82 88 0 0
652 82 89 0 0
653 82 90 0 0
654 82 91 0 0
655 82 92 0 0
656 82 93 0 0
657 82 94 0 0
658 82 95 0 0
659 82 96 0 0
660 82 97 0 0
661 83 97 0 0
662 83 98 0 0
663 83 99 0 0
664 83 100 0 0
665 83 101 0 0
666 83 102 0 0
667 84 102 0 0
668 84 103 0 0
669 84 104 0 0
670 84 105 0 0
671 85 105 0 0
672 85 106 0 0
673 85 107 0 0
674 85 108 0 0
675 85 109 0 0
676 86 109 0 0
677 86 110 0 0
678 87 110 0 0
679 87 111 0 0
680 87 112 0 0
681 88 112 0 0
682 88 113 0 0
683 89 113 0 0
684 89 114 0 0
685 89 115 0 0
686 90 115 0 0
687 90 116 0 0
688 91 116 0 0
689 91 117 0 0
690 91 118 0 0
691 92 118 0 0
692 92 119 0 0
693 93 119 0 0
694 93 120 0 0
695 94 120 0 0
696 94 121 0 0
697 94 122 0 0
698 95 122 0 0
699 95 123 0 0
700 96 123 0 0
701 96 124 0 0
702 97 124 0 0
703 97 125 0 0
704 98 125 0 0
705 99 125 0 0
706 99 126 0 0
707 99 127 0 0
708 100 127 0 0
709 101 127 0 0
710 101 128 0 0
711 102 128 0 0
712 102 129 0 0
713 103 129 0 0
714 103 130 0 0
715 104 130 0 0
716 105 130 0 0
717 105 131 0 0
718 106 131 0 0
719 106 132 0 0
720 107 132 0 0
721 108 132 0 0
722 108 133 0 0
723 109 133 0 0
724 109 134 0 0
725 110 134 0 0
726 110 135 0 0
727 111 135 0 0
728 112 135 0 0
729 113 135 0 0
730 114 135 0 0
731 115 135 0 0
732 116 135 0 0
733 116 136 0 0
734 117 136 0 0
735 117 135 0 0
736 118 135 0 0
737 118 136 0 0
738 119 136 0 0
739 119 137 0 0
740 120 137 0 0
741 120 138 0 0
742 121 138 0 0
743 122 138 0 0
744 123 138 0 0
745 124 138 0 0
746 125 138 0 0
747 126 138 0 0
748 127 138 0 0
749 128 138 0 0
750 129 138 0 0
751 130 138 0 0
752 131 138 0 0
753 132 138 0 0
754 133 138 0 0
755 134 138 0 0
756 134 137 0 0
757 135 137 0 0
758 136 137 0 0
759 137 137 0 0
760 137 136 0 0
761 138 136 0 0
762 139 136 0 0
763 139 135 0 0
764 140 135 0 0
765 141 135 0 0
766 142 135 0 0
767 143 135 0 0
768 144 135 0 0
769 145 135 0 0
770 146 135 0 0
771 147 135 0 0
772 147 136 0 0
773 148 136 0 0
774 148 137 0 0
775 149 137 0 0
776 150 137 0 0
777 151 137 0 0
778 151 136 0 0
779 152 136 0 0
780 153 136 0 0
781 154 136 0 0
782 155 136 0 0
783 156 136 0 0
784 157 136 0 0
785 158 136 0 0
786 159 136 0 0
787 160 136 0 0
788 161 136 0 0
789 162 136 0 0
790 163 136 0 0
791 164 136 0 0
792 165 136 0 0
793 166 136 0 0
794 166 137 0 0
795 167 137 0 0
796 168 137 0 0
797 168 138 0 0
798 169 138 0 0
799 170 138 0 0
800 171 138 0 0
801 172 138 0 0
802 173 138 0 0
803 174 138 0 0
804 174 137 0 0
805 175 137 0 0
806 176 137 0 0
807 177 137 0 0
808 178 137 0 0
809 179 137 0 0
810 180 137 0 0
811 180 138 0 0
812 181 138 0 0
813 182 138 0 0
814 183 138 0 0
815 184 138 0 0
816 185 138 0 0
817 186 138 0 0
818 187 138 0 0
819 188 138 0 0
820 189 138 0 0
821 189 137 0 0
822 190 137 0 0
823 191 137 0 0
824 192 137 0 0
825 192 136 0 0
826 193 136 0 0
827 193 135 0 0
828 194 135 0 0
829 194 134 0 0
830 195 134 0 0
831 196 134 0 0
832 197 134 0 0
833 198 134 0 0
834 199 134 0 0
835 200 134 0 0
836 201 134 0 0
837 202 134 0 0
838 203 134 0 0
839 204 134 0 0
840 205 134 0 0
841 206 134 0 0
842 207 134 0 0
843 208 134 0 0
844 209 134 0 0
845 210 134 0 0
846 211 134 0 0
847 212 134 0 0
848 213 134 0 0
849 213 133 0 0
