0 101 265 0 0
1 101 264 0 0
2 101 263 0 0
3 101 262 0 0
4 101 261 0 0
5 101 260 0 0
6 101 259 0 0
7 101 258 0 0
8 101 257 0 0
9 101 256 0 0
10 101 255 0 0
11 101 254 0 0
12 101 253 0 0
13 101 252 0 0
14 101 251 0 0
15 101 250 0 0
16 101 249 0 0
17 101 248 0 0
18 101 247 0 0
19 101 246 0 0
20 101 245 0 0
21 101 244 0 0
22 101 243 0 0
23 101 242 0 0
24 101 241 0 0
25 101 240 0 0
26 101 239 0 0
27 101 238 0 0
28 101 237 0 0
29 101 236 0 0
30 101 235 0 0
31 101 234 0 0
32 101 233 0 0
33 101 232 0 0
34 101 231 0 0
35 101 230 0 0
36 101 229 0 0
37 101 228 0 0
38 101 227 0 0
39 101 226 0 0
40 101 225 0 0
41 101 224 0 0
42 101 223 0 0
43 101 222 0 0
44 101 221 0 0
45 101 220 0 0
46 101 219 0 0
47 101 218 0 0
48 101 217 0 0
49 101 216 0 0
50 101 215 0 0
51 102 215 0 0
52 102 214 0 0
53 102 213 0 0
54 102 212 0 0
55 102 211 0 0
56 102 210 0 0
57 102 209 0 0
58 102 208 0 0
59 102 207 0 0
60 102 206 0 0
61 102 205 0 0
62 103 205 0 0
63 103 204 0 0
64 103 203 0 0
65 103 202 0 0
66 103 201 0 0
67 103 200 0 0
68 103 199 0 0
69 104 199 0 0
70 104 198 0 0
71 104 197 0 0
72 104 196 0 0
73 104 195 0 0
74 104 194 0 0
75 104 193 0 0
76 104 192 0 0
77 104 191 0 0
78 104 190 0 0
79 105 190 0 0
80 105 189 0 0
81 105 188 0 0
82 106 188 0 0
83 106 187 0 0
84 107 187 0 0
85 107 186 0 0
86 108 186 0 0
87 108 185 0 0
88 109 185 0 0
89 109 184 0 0
90 110 184 0 0
91 110 183 0 0
92 110 182 0 0
93 111 182 0 0
94 111 181 0 0
95 112 181 0 0
96 112 180 0 0
97 113 180 0 0
98 113 179 0 0
99 113 178 0 0
100 114 178 0 0
101 114 177 0 0
102 115 177 0 0
103 115 176 0 0
104 116 176 0 0
105 116 175 0 0
106 117 175 0 0
107 117 174 0 0
108 118 174 0 0
109 118 173 0 0
110 119 173 0 0
111 119 172 0 0
112 119 171 0 0
113 120 171 0 0
114 120 170 0 0
115 120 169 0 0
116 121 169 0 0
117 121 168 0 0
118 121 167 0 0
119 122 167 0 0
120 122 166 0 0
121 122 165 0 0
122 123 165 0 0
123 123 164 0 0
124 123 163 0 0
125 124 163 0 0
126 124 162 0 0
127 124 161 0 0
128 125 161 0 0
129 125 160 0 0
130 125 159 0 0
131 126 159 0 0
132 126 158 0 0
133 126 157 0 0
134 127 157 0 0
135 127 156 0 0
136 127 155 0 0
137 128 155 0 0
138 128 154 0 0
139 128 153 0 0
140 128 152 0 0
141 128 151 0 0
142 128 150 0 0
143 129 150 0 0
144 129 149 0 0
145 129 148 0 0
146 129 147 0 0
147 129 146 0 0
148 129 145 0 0
149 129 144 0 0
150 129 143 0 0
151 129 142 0 0
152 130 142 0 0
153 130 141 0 0
154 129 141 0 0
155 129 140 0 0
156 129 139 0 0
157 128 139 0 0
158 128 138 0 0
159 128 137 0 0
160 127 137 0 0
161 127 136 0 0
162 127 135 0 0
163 127 134 0 0
164 126 134 0 0
165 126 133 0 0
166 126 132 0 0
167 125 132 0 0
168 125 131 0 0
169 125 130 0 0
170 124 130 0 0
171 124 129 0 0
172 124 128 0 0
173 123 128 0 0
174 123 127 0 0
175 123 126 0 0
176 122 126 0 0
177 122 125 0 0
178 122 124 0 0
179 121 124 0 0
180 121 123 0 0
181 121 122 0 0
182 120 122 0 0
183 120 121 0 0
184 120 120 0 0
185 120 119 0 0
186 119 119 0 0
187 119 118 0 0
188 119 117 0 0
189 118 117 0 0
190 118 116 0 0
191 117 116 0 0
192 117 115 0 0
193 116 115 0 0
194 116 114 0 0
195 115 114 0 0
196 115 113 0 0
197 115 112 0 0
198 114 112 0 0
199 114 111 0 0
200 113 111 0 0
201 113 110 0 0
202 112 110 0 0
203 112 109 0 0
204 112 108 0 0
205 111 108 0 0
206 111 107 0 0
207 110 107 0 0
208 110 106 0 0
209 110 105 0 0
210 109 105 0 0
211 109 104 0 0
212 108 104 0 0
213 108 103 0 0
214 108 102 0 0
215 107 102 0 0
216 107 101 0 0
217 106 101 0 0
218 106 100 0 0
219 106 99 0 0
220 105 99 0 0
221 105 98 0 0
222 104 98 0 0
223 104 97 0 0
224 104 96 0 0
225 103 96 0 0
226 103 95 0 0
227 102 95 0 0
228 102 94 0 0
229 102 93 0 0
230 102 92 0 0
231 102 91 0 0
232 102 90 0 0
233 102 89 0 0
234 102 88 0 0
235 101 88 0 0
236 101 87 0 0
237 101 86 0 0
238 101 85 0 0
239 101 84 0 0
240 101 83 0 0
241 101 82 0 0
242 100 82 0 0
243 100 81 0 0
244 100 80 0 0
245 100 79 0 0
246 100 78 0 0
247 100 77 0 0
248 100 76 0 0
249 100 75 0 0
250 100 74 0 0
251 100 73 0 0
252 100 72 0 0
253 100 71 0 0
254 100 70 0 0
255 100 69 0 0
256 100 68 0 0
257 100 67 0 0
258 100 66 0 0
259 100 65 0 0
260 100 64 0 0
261 100 63 0 0
262 100 62 0 0
263 100 61 0 0
264 99 61 0 0
265 99 60 0 0
266 99 59 0 0
267 99 58 0 0
268 99 57 0 0
269 99 56 0 0
270 99 55 0 0
271 99 54 0 0
272 99 53 0 0
273 99 52 0 0
274 99 51 0 0
275 99 50 0 0
276 99 49 0 0
277 99 48 0 0
278 99 47 0 0
279 99 46 0 0
280 99 45 0 0
281 99 44 0 0
282 99 43 0 0
283 99 42 0 0
284 99 41 0 0
285 99 40 0 0
286 99 39 0 0
287 99 38 0 0
288 99 37 0 0
289 99 36 0 0
290 99 35 0 0
291 99 34 0 0
292 100 34 0 0
293 100 33 0 0
294 100 32 0 0
295 100 31 0 0
296 100 30 0 0
297 100 29 0 0
298 100 28 0 0
299 100 27 0 0
300 100 26 0 0
301 100 25 0 0
302 100 24 0 0
303 101 24 0 0
304 101 23 0 0
305 101 22 0 0
306 101 21 0 0
307 101 20 0 0
308 101 19 0 0
309 102 19 0 0
310 102 18 0 0
311 102 17 0 0
312 102 16 0 0
313 102 15 0 0
314 102 14 0 0
315 102 13 0 0
316 102 12 0 0
317 103 12 0 0
318 103 11 0 0
319 103 10 0 0
320 103 9 0 0
321 103 8 0 0
322 103 7 0 0
323 103 6 0 0
