0 101 269 0 0
1 100 269 0 0
2 100 268 0 0
3 100 267 0 0
4 100 266 0 0
5 100 265 0 0
6 100 264 0 0
7 100 263 0 0
8 100 262 0 0
9 100 261 0 0
10 100 260 0 0
11 100 259 0 0
12 100 258 0 0
13 100 257 0 0
14 100 256 0 0
15 100 255 0 0
16 100 254 0 0
17 100 253 0 0
18 100 252 0 0
19 101 252 0 0
20 101 251 0 0
21 101 250 0 0
22 101 249 0 0
23 101 248 0 0
24 101 247 0 0
25 101 246 0 0
26 101 245 0 0
27 101 244 0 0
28 101 243 0 0
29 101 242 0 0
30 101 241 0 0
31 101 240 0 0
32 101 239 0 0
33 101 238 0 0
34 101 237 0 0
35 101 236 0 0
36 101 235 0 0
37 101 234 0 0
38 101 233 0 0
39 101 232 0 0
40 101 231 0 0
41 101 230 0 0
42 102 230 0 0
43 102 229 0 0
44 102 228 0 0
45 102 227 0 0
46 102 226 0 0
47 102 225 0 0
48 102 224 0 0
49 102 223 0 0
50 102 222 0 0
51 102 221 0 0
52 102 220 0 0
53 102 219 0 0
54 102 218 0 0
55 102 217 0 0
56 102 216 0 0
57 102 215 0 0
58 102 214 0 0
59 103 214 0 0
60 103 213 0 0
61 103 212 0 0
62 103 211 0 0
63 103 210 0 0
64 103 209 0 0
65 103 208 0 0
66 103 207 0 0
67 103 206 0 0
68 103 205 0 0
69 103 204 0 0
70 103 203 0 0
71 103 202 0 0
72 103 201 0 0
73 103 200 0 0
74 103 199 0 0
75 104 199 0 0
76 104 198 0 0
77 104 197 0 0
78 104 196 0 0
79 104 195 0 0
80 104 194 0 0
81 104 193 0 0
82 104 192 0 0
83 104 191 0 0
84 104 190 0 0
85 104 189 0 0
86 105 189 0 0
87 105 188 0 0
88 105 187 0 0
89 105 186 0 0
90 105 185 0 0
91 105 184 0 0
92 105 183 0 0
93 105 182 0 0
94 106 182 0 0
95 106 181 0 0
96 106 180 0 0
97 106 179 0 0
98 106 178 0 0
99 106 177 0 0
100 107 177 0 0
101 107 176 0 0
102 107 175 0 0
103 107 174 0 0
104 107 173 0 0
105 107 172 0 0
106 107 171 0 0
107 107 170 0 0
108 108 170 0 0
109 108 169 0 0
110 108 168 0 0
111 108 167 0 0
112 108 166 0 0
113 108 165 0 0
114 109 165 0 0
115 109 164 0 0
116 109 163 0 0
117 109 162 0 0
118 109 161 0 0
119 109 160 0 0
120 109 159 0 0
121 109 158 0 0
122 110 158 0 0
123 110 157 0 0
124 110 156 0 0
125 110 155 0 0
126 110 154 0 0
127 110 153 0 0
128 111 153 0 0
129 111 152 0 0
130 111 151 0 0
131 111 150 0 0
132 111 149 0 0
133 111 148 0 0
134 111 147 0 0
135 111 146 0 0
136 112 146 0 0
137 112 145 0 0
138 112 144 0 0
139 112 143 0 0
140 112 142 0 0
141 112 141 0 0
142 112 140 0 0
143 111 140 0 0
144 111 139 0 0
145 111 138 0 0
146 111 137 0 0
147 111 136 0 0
148 110 136 0 0
149 110 135 0 0
150 110 134 0 0
151 110 133 0 0
152 110 132 0 0
153 109 132 0 0
154 109 131 0 0
155 109 130 0 0
156 109 129 0 0
157 108 129 0 0
158 108 128 0 0
159 108 127 0 0
160 108 126 0 0
161 108 125 0 0
162 107 125 0 0
163 107 124 0 0
164 107 123 0 0
165 107 122 0 0
166 107 121 0 0
167 106 121 0 0
168 106 120 0 0
169 106 119 0 0
170 106 118 0 0
171 105 118 0 0
172 105 117 0 0
173 105 116 0 0
174 105 115 0 0
175 105 114 0 0
176 104 114 0 0
177 104 113 0 0
178 104 112 0 0
179 104 111 0 0
180 104 110 0 0
181 104 109 0 0
182 104 108 0 0
183 104 107 0 0
184 104 106 0 0
185 104 105 0 0
186 104 104 0 0
187 104 103 0 0
188 104 102 0 0
189 104 101 0 0
190 104 100 0 0
191 104 99 0 0
192 104 98 0 0
193 104 97 0 0
194 104 96 0 0
195 104 95 0 0
196 105 95 0 0
197 105 94 0 0
198 105 93 0 0
199 105 92 0 0
200 106 92 0 0
201 106 91 0 0
202 106 90 0 0
203 106 89 0 0
204 107 89 0 0
205 107 88 0 0
206 107 87 0 0
207 107 86 0 0
208 108 86 0 0
209 108 85 0 0
210 108 84 0 0
211 109 84 0 0
212 109 83 0 0
213 109 82 0 0
214 109 81 0 0
215 109 80 0 0
216 109 79 0 0
217 109 78 0 0
218 109 77 0 0
219 109 76 0 0
220 109 75 0 0
221 109 74 0 0
222 109 73 0 0
223 110 73 0 0
224 110 72 0 0
225 110 71 0 0
226 110 70 0 0
227 110 69 0 0
228 110 68 0 0
229 110 67 0 0
230 110 66 0 0
231 110 65 0 0
232 111 65 0 0
233 111 64 0 0
234 111 63 0 0
235 111 62 0 0
236 111 61 0 0
237 111 60 0 0
238 111 59 0 0
239 111 58 0 0
240 111 57 0 0
241 111 56 0 0
242 111 55 0 0
243 111 54 0 0
244 111 53 0 0
245 111 52 0 0
246 111 51 0 0
247 111 50 0 0
248 112 50 0 0
249 112 49 0 0
250 112 48 0 0
251 112 47 0 0
252 112 46 0 0
253 112 45 0 0
254 112 44 0 0
255 112 43 0 0
256 112 42 0 0
257 112 41 0 0
258 112 40 0 0
259 112 39 0 0
260 112 38 0 0
261 112 37 0 0
262 112 36 0 0
263 112 35 0 0
264 112 34 0 0
265 112 33 0 0
266 112 32 0 0
267 112 31 0 0
268 112 30 0 0
269 112 29 0 0
270 112 28 0 0
271 112 27 0 0
272 112 26 0 0
273 112 25 0 0
274 112 24 0 0
275 112 23 0 0
276 113 23 0 0
277 113 22 0 0
278 113 21 0 0
279 113 20 0 0
280 113 19 0 0
281 113 18 0 0
282 113 17 0 0
283 113 16 0 0
284 113 15 0 0
285 113 14 0 0
286 113 13 0 0
287 113 12 0 0
288 113 11 0 0
289 113 10 0 0
290 113 9 0 0
291 113 8 0 0
292 113 7 0 0
293 113 6 0 0
294 113 5 0 0
295 113 4 0 0
