0 152 14 0 0
1 152 13 0 0
2 151 13 0 0
3 150 13 0 0
4 149 13 0 0
5 149 12 0 0
6 148 12 0 0
7 147 12 0 0
8 146 12 0 0
9 145 12 0 0
10 144 12 0 0
11 143 12 0 0
12 143 11 0 0
13 142 11 0 0
14 141 11 0 0
15 140 11 0 0
16 139 11 0 0
17 138 11 0 0
18 138 10 0 0
19 137 10 0 0
20 136 10 0 0
21 135 10 0 0
22 135 9 0 0
23 134 9 0 0
24 133 9 0 0
25 132 9 0 0
26 132 8 0 0
27 131 8 0 0
28 130 8 0 0
29 129 8 0 0
30 129 7 0 0
31 128 7 0 0
32 127 7 0 0
33 126 7 0 0
34 126 6 0 0
35 125 6 0 0
36 125 5 0 0
37 124 5 0 0
38 123 5 0 0
39 122 5 0 0
40 122 4 0 0
41 121 4 0 0
42 120 4 0 0
43 119 4 0 0
44 119 3 0 0
45 118 3 0 0
46 118 2 0 0
