0 34 136 0 0
1 33 136 0 0
2 33 135 0 0
3 33 134 0 0
4 34 134 0 0
5 34 133 0 0
6 35 133 0 0
7 35 132 0 0
8 36 132 0 0
9 36 131 0 0
10 37 131 0 0
11 37 130 0 0
12 38 130 0 0
13 38 129 0 0
14 38 128 0 0
15 39 128 0 0
16 39 127 0 0
17 40 127 0 0
18 40 126 0 0
19 41 126 0 0
20 41 125 0 0
21 41 124 0 0
22 42 124 0 0
23 42 123 0 0
24 43 123 0 0
25 43 122 0 0
26 44 122 0 0
27 44 121 0 0
28 45 121 0 0
29 45 120 0 0
30 45 119 0 0
31 46 119 0 0
32 46 118 0 0
33 47 118 0 0
34 47 117 0 0
35 48 117 0 0
36 48 116 0 0
37 48 115 0 0
38 49 115 0 0
39 49 114 0 0
40 50 114 0 0
41 50 113 0 0
42 51 113 0 0
43 51 112 0 0
44 52 112 0 0
45 52 111 0 0
46 53 111 0 0
47 53 110 0 0
48 54 110 0 0
49 54 109 0 0
50 54 108 0 0
51 55 108 0 0
52 55 107 0 0
53 56 107 0 0
54 56 106 0 0
55 56 105 0 0
56 57 105 0 0
57 57 104 0 0
58 58 104 0 0
59 58 103 0 0
60 59 103 0 0
61 60 103 0 0
62 60 102 0 0
63 60 101 0 0
64 61 101 0 0
65 61 100 0 0
66 61 99 0 0
67 62 99 0 0
68 62 98 0 0
69 63 98 0 0
70 63 97 0 0
71 64 97 0 0
72 64 96 0 0
73 64 95 0 0
74 65 95 0 0
75 65 94 0 0
76 66 94 0 0
77 66 93 0 0
78 67 93 0 0
79 67 92 0 0
80 68 92 0 0
81 68 91 0 0
82 69 91 0 0
83 69 90 0 0
84 69 89 0 0
85 70 89 0 0
86 70 88 0 0
87 71 88 0 0
88 71 87 0 0
89 72 87 0 0
90 72 86 0 0
91 72 85 0 0
92 73 85 0 0
93 73 84 0 0
94 74 84 0 0
95 74 83 0 0
96 75 83 0 0
97 75 82 0 0
98 75 81 0 0
99 76 81 0 0
100 76 80 0 0
101 77 80 0 0
102 77 79 0 0
103 78 79 0 0
104 78 78 0 0
105 78 77 0 0
106 79 77 0 0
107 79 76 0 0
108 80 76 0 0
109 80 75 0 0
110 81 75 0 0
111 81 74 0 0
112 81 73 0 0
113 82 73 0 0
114 82 72 0 0
115 83 72 0 0
116 83 71 0 0
117 84 71 0 0
118 84 70 0 0
119 84 69 0 0
120 84 68 0 0
121 85 68 0 0
122 85 67 0 0
123 85 66 0 0
124 85 65 0 0
125 86 65 0 0
126 86 64 0 0
127 86 63 0 0
128 87 63 0 0
129 87 62 0 0
130 87 61 0 0
131 87 60 0 0
132 88 60 0 0
133 88 59 0 0
134 88 58 0 0
135 88 57 0 0
136 89 57 0 0
137 89 56 0 0
138 89 55 0 0
139 89 54 0 0
140 90 54 0 0
141 90 53 0 0
142 90 52 0 0
143 90 51 0 0
144 91 51 0 0
145 91 50 0 0
146 91 49 0 0
147 91 48 0 0
148 92 48 0 0
149 92 47 0 0
150 92 46 0 0
151 92 45 0 0
152 93 45 0 0
153 93 44 0 0
154 93 43 0 0
155 93 42 0 0
156 93 41 0 0
157 94 41 0 0
158 94 40 0 0
159 94 39 0 0
160 94 38 0 0
161 94 37 0 0
162 95 37 0 0
163 95 36 0 0
164 95 35 0 0
165 95 34 0 0
166 95 33 0 0
167 96 33 0 0
168 96 32 0 0
169 96 31 0 0
170 96 30 0 0
171 96 29 0 0
172 97 29 0 0
173 97 28 0 0
174 97 27 0 0
175 97 26 0 0
176 97 25 0 0
177 97 24 0 0
178 97 23 0 0
179 97 22 0 0
180 97 21 0 0
181 98 21 0 0
182 98 20 0 0
183 98 19 0 0
184 98 18 0 0
185 98 17 0 0
186 98 16 0 0
187 98 15 0 0
188 98 14 0 0
189 98 13 0 0
190 98 12 0 0
191 98 11 0 0
192 98 10 0 0
193 98 9 0 0
194 98 8 0 0
195 98 7 0 0
196 98 6 0 0
197 98 5 0 0
198 98 4 0 0
