0 26 158 0 0
1 26 157 0 0
2 25 157 0 0
3 24 157 0 0
4 23 157 0 0
5 23 156 0 0
6 22 156 0 0
7 21 156 0 0
8 20 156 0 0
9 19 156 0 0
10 18 156 0 0
11 17 156 0 0
12 16 156 0 0
13 17 156 0 0
14 18 156 0 0
15 19 156 0 0
16 20 156 0 0
17 21 156 0 0
18 22 156 0 0
19 23 156 0 0
20 23 157 0 0
21 24 157 0 0
22 25 157 0 0
23 26 157 0 0
24 26 158 0 0
25 27 158 0 0
26 27 159 0 0
27 28 159 0 0
28 29 159 0 0
29 29 160 0 0
30 30 160 0 0
31 30 161 0 0
32 31 161 0 0
33 32 161 0 0
34 32 162 0 0
35 33 162 0 0
36 33 163 0 0
37 34 163 0 0
38 34 164 0 0
39 35 164 0 0
40 35 165 0 0
41 36 165 0 0
42 36 166 0 0
43 37 166 0 0
44 37 167 0 0
45 38 167 0 0
46 39 167 0 0
47 39 168 0 0
48 40 168 0 0
49 40 169 0 0
50 41 169 0 0
51 41 170 0 0
52 42 170 0 0
53 43 170 0 0
54 43 171 0 0
55 44 171 0 0
56 44 172 0 0
57 45 172 0 0
58 45 173 0 0
59 46 173 0 0
60 46 174 0 0
61 47 174 0 0
62 48 174 0 0
63 48 175 0 0
64 49 175 0 0
65 49 176 0 0
66 50 176 0 0
67 50 177 0 0
68 50 178 0 0
69 51 178 0 0
70 51 179 0 0
71 52 179 0 0
72 52 180 0 0
73 53 180 0 0
74 53 181 0 0
75 54 181 0 0
76 54 182 0 0
77 54 183 0 0
78 55 183 0 0
79 55 184 0 0
80 56 184 0 0
81 56 185 0 0
82 57 185 0 0
83 57 186 0 0
84 58 186 0 0
85 58 187 0 0
86 58 188 0 0
87 59 188 0 0
88 59 189 0 0
89 60 189 0 0
90 60 190 0 0
91 60 191 0 0
92 61 191 0 0
93 61 192 0 0
94 62 192 0 0
95 62 193 0 0
96 63 193 0 0
97 63 194 0 0
98 64 194 0 0
99 65 194 0 0
100 65 195 0 0
101 66 195 0 0
102 67 195 0 0
103 68 195 0 0
104 68 196 0 0
105 69 196 0 0
106 70 196 0 0
107 71 196 0 0
108 72 196 0 0
109 73 196 0 0
110 73 197 0 0
111 74 197 0 0
112 75 197 0 0
113 76 197 0 0
114 76 198 0 0
115 77 198 0 0
116 78 198 0 0
117 79 198 0 0
118 80 198 0 0
119 80 199 0 0
120 80 198 0 0
121 81 198 0 0
122 82 198 0 0
123 83 198 0 0
124 84 198 0 0
125 85 198 0 0
126 85 197 0 0
127 86 197 0 0
128 87 197 0 0
129 88 197 0 0
130 88 196 0 0
131 89 196 0 0
132 90 196 0 0
133 91 196 0 0
134 92 196 0 0
135 93 196 0 0
136 93 195 0 0
137 94 195 0 0
138 94 194 0 0
139 95 194 0 0
140 95 193 0 0
141 95 192 0 0
142 96 192 0 0
143 96 191 0 0
144 97 191 0 0
145 98 191 0 0
146 98 190 0 0
147 99 190 0 0
148 99 189 0 0
149 100 189 0 0
150 100 188 0 0
151 101 188 0 0
152 101 187 0 0
153 102 187 0 0
154 102 186 0 0
155 103 186 0 0
156 104 186 0 0
157 104 185 0 0
158 104 184 0 0
159 105 184 0 0
160 106 184 0 0
161 106 183 0 0
162 107 183 0 0
163 107 182 0 0
164 108 182 0 0
165 108 181 0 0
166 109 181 0 0
167 110 181 0 0
168 110 180 0 0
169 111 180 0 0
170 111 179 0 0
171 112 179 0 0
172 112 178 0 0
173 113 178 0 0
174 113 177 0 0
175 114 177 0 0
176 114 176 0 0
177 115 176 0 0
178 115 175 0 0
179 116 175 0 0
180 117 175 0 0
181 117 174 0 0
182 118 174 0 0
183 118 173 0 0
184 119 173 0 0
185 119 172 0 0
186 120 172 0 0
187 120 171 0 0
188 121 171 0 0
189 121 170 0 0
190 122 170 0 0
191 122 169 0 0
192 123 169 0 0
193 123 168 0 0
194 124 168 0 0
195 125 168 0 0
196 125 167 0 0
197 125 166 0 0
198 126 166 0 0
199 127 166 0 0
200 127 165 0 0
201 128 165 0 0
202 128 164 0 0
203 129 164 0 0
204 129 163 0 0
205 130 163 0 0
206 130 162 0 0
207 131 162 0 0
208 131 161 0 0
209 132 161 0 0
210 133 161 0 0
211 133 160 0 0
212 134 160 0 0
213 135 160 0 0
214 135 159 0 0
215 136 159 0 0
216 137 159 0 0
217 137 158 0 0
218 138 158 0 0
219 139 158 0 0
220 139 157 0 0
221 140 157 0 0
222 141 157 0 0
223 142 157 0 0
224 142 156 0 0
225 143 156 0 0
226 143 155 0 0
227 144 155 0 0
228 145 155 0 0
229 145 154 0 0
230 146 154 0 0
231 147 154 0 0
232 147 153 0 0
233 148 153 0 0
234 149 153 0 0
235 149 152 0 0
236 150 152 0 0
237 151 152 0 0
238 152 152 0 0
239 153 152 0 0
240 154 152 0 0
241 155 152 0 0
242 156 152 0 0
243 157 152 0 0
244 158 152 0 0
245 159 152 0 0
246 160 152 0 0
247 161 152 0 0
248 162 152 0 0
249 163 152 0 0
250 164 152 0 0
251 165 152 0 0
252 166 152 0 0
253 167 152 0 0
254 168 152 0 0
255 169 152 0 0
256 170 152 0 0
257 171 152 0 0
258 172 152 0 0
259 173 152 0 0
260 174 152 0 0
261 175 152 0 0
262 176 152 0 0
263 177 152 0 0
264 178 152 0 0
265 179 152 0 0
266 180 152 0 0
267 181 152 0 0
268 182 152 0 0
269 182 151 0 0
270 183 151 0 0
271 184 151 0 0
272 185 151 0 0
273 186 151 0 0
274 187 151 0 0
275 188 151 0 0
276 189 151 0 0
277 190 151 0 0
278 191 151 0 0
279 192 151 0 0
280 193 151 0 0
281 194 151 0 0
282 195 151 0 0
283 196 151 0 0
