0 27 127 0 0
1 27 126 0 0
2 27 125 0 0
3 28 125 0 0
4 28 124 0 0
5 29 124 0 0
6 29 123 0 0
7 30 123 0 0
8 30 122 0 0
9 31 122 0 0
10 31 121 0 0
11 31 120 0 0
12 32 120 0 0
13 32 119 0 0
14 33 119 0 0
15 33 118 0 0
16 34 118 0 0
17 34 117 0 0
18 35 117 0 0
19 35 116 0 0
20 35 115 0 0
21 36 115 0 0
22 36 114 0 0
23 37 114 0 0
24 37 113 0 0
25 37 112 0 0
26 38 112 0 0
27 39 112 0 0
28 39 111 0 0
29 39 110 0 0
30 40 110 0 0
31 40 109 0 0
32 41 109 0 0
33 41 108 0 0
34 42 108 0 0
35 42 107 0 0
36 42 106 0 0
37 43 106 0 0
38 43 105 0 0
39 44 105 0 0
40 44 104 0 0
41 45 104 0 0
42 45 103 0 0
43 46 103 0 0
44 46 102 0 0
45 47 102 0 0
46 47 101 0 0
47 47 100 0 0
48 48 100 0 0
49 48 99 0 0
50 49 99 0 0
51 49 98 0 0
52 49 97 0 0
53 50 97 0 0
54 50 96 0 0
55 51 96 0 0
56 51 95 0 0
57 52 95 0 0
58 52 94 0 0
59 52 93 0 0
60 53 93 0 0
61 54 93 0 0
62 54 92 0 0
63 54 91 0 0
64 55 91 0 0
65 55 90 0 0
66 56 90 0 0
67 56 89 0 0
68 57 89 0 0
69 57 88 0 0
70 58 88 0 0
71 58 87 0 0
72 59 87 0 0
73 59 86 0 0
74 59 85 0 0
75 60 85 0 0
76 60 84 0 0
77 61 84 0 0
78 61 83 0 0
79 62 83 0 0
80 62 82 0 0
81 62 81 0 0
82 63 81 0 0
83 63 80 0 0
84 63 79 0 0
85 63 78 0 0
86 63 77 0 0
87 63 76 0 0
88 64 76 0 0
89 64 75 0 0
90 64 74 0 0
91 64 73 0 0
92 64 72 0 0
93 64 71 0 0
94 64 70 0 0
95 65 70 0 0
96 65 69 0 0
97 65 68 0 0
98 65 67 0 0
99 65 66 0 0
100 65 65 0 0
101 65 64 0 0
102 66 64 0 0
103 66 63 0 0
104 66 62 0 0
105 66 61 0 0
106 66 60 0 0
107 66 59 0 0
108 67 59 0 0
109 67 58 0 0
110 67 57 0 0
111 67 56 0 0
112 67 55 0 0
113 67 54 0 0
114 68 54 0 0
115 68 53 0 0
116 68 52 0 0
117 68 51 0 0
118 68 50 0 0
119 68 49 0 0
120 69 49 0 0
121 69 48 0 0
122 69 47 0 0
123 69 46 0 0
124 69 45 0 0
125 69 44 0 0
126 69 43 0 0
127 70 43 0 0
128 70 42 0 0
129 70 41 0 0
130 70 40 0 0
131 70 39 0 0
132 71 39 0 0
133 71 38 0 0
134 71 37 0 0
135 71 36 0 0
136 71 35 0 0
137 71 34 0 0
138 71 33 0 0
139 71 32 0 0
140 72 32 0 0
141 72 31 0 0
142 72 30 0 0
143 72 29 0 0
144 72 28 0 0
145 72 27 0 0
146 72 26 0 0
147 72 25 0 0
148 73 25 0 0
149 73 24 0 0
150 73 23 0 0
151 73 22 0 0
152 73 21 0 0
153 73 20 0 0
154 73 19 0 0
155 74 19 0 0
156 74 18 0 0
157 74 17 0 0
158 74 16 0 0
159 74 15 0 0
160 74 14 0 0
161 74 13 0 0
162 74 12 0 0
163 74 11 0 0
164 74 10 0 0
165 74 9 0 0
166 74 8 0 0
167 74 7 0 0
168 74 6 0 0
169 74 5 0 0
170 74 4 0 0
171 74 3 0 0
