0 101 270 0 0
1 100 270 0 0
2 100 269 0 0
3 100 268 0 0
4 100 267 0 0
5 100 266 0 0
6 100 265 0 0
7 100 264 0 0
8 100 263 0 0
9 100 262 0 0
10 100 261 0 0
11 100 260 0 0
12 100 259 0 0
13 100 258 0 0
14 100 257 0 0
15 100 256 0 0
16 100 255 0 0
17 100 254 0 0
18 100 253 0 0
19 100 252 0 0
20 100 251 0 0
21 100 250 0 0
22 100 249 0 0
23 100 248 0 0
24 100 247 0 0
25 100 246 0 0
26 100 245 0 0
27 100 244 0 0
28 100 243 0 0
29 100 242 0 0
30 100 241 0 0
31 100 240 0 0
32 100 239 0 0
33 100 238 0 0
34 100 237 0 0
35 100 236 0 0
36 100 235 0 0
37 100 234 0 0
38 100 233 0 0
39 100 232 0 0
40 100 231 0 0
41 100 230 0 0
42 100 229 0 0
43 100 228 0 0
44 100 227 0 0
45 100 226 0 0
46 100 225 0 0
47 100 224 0 0
48 100 223 0 0
49 100 222 0 0
50 100 221 0 0
51 100 220 0 0
52 100 219 0 0
53 100 218 0 0
54 100 217 0 0
55 100 216 0 0
56 100 215 0 0
57 100 214 0 0
58 100 213 0 0
59 100 212 0 0
60 100 211 0 0
61 100 210 0 0
62 100 209 0 0
63 100 208 0 0
64 101 208 0 0
65 101 207 0 0
66 101 206 0 0
67 101 205 0 0
68 101 204 0 0
69 101 203 0 0
70 102 203 0 0
71 102 202 0 0
72 102 201 0 0
73 102 200 0 0
74 102 199 0 0
75 102 198 0 0
76 102 197 0 0
77 102 196 0 0
78 102 195 0 0
79 103 195 0 0
80 103 194 0 0
81 103 193 0 0
82 103 192 0 0
83 103 191 0 0
84 103 190 0 0
85 104 190 0 0
86 104 189 0 0
87 104 188 0 0
88 104 187 0 0
89 104 186 0 0
90 104 185 0 0
91 104 184 0 0
92 104 183 0 0
93 104 182 0 0
94 104 181 0 0
95 104 180 0 0
96 105 180 0 0
97 105 179 0 0
98 105 178 0 0
99 105 177 0 0
100 106 177 0 0
101 106 176 0 0
102 106 175 0 0
103 107 175 0 0
104 107 174 0 0
105 108 174 0 0
106 108 173 0 0
107 108 172 0 0
108 109 172 0 0
109 109 171 0 0
110 109 170 0 0
111 110 170 0 0
112 110 169 0 0
113 110 168 0 0
114 111 168 0 0
115 111 167 0 0
116 112 167 0 0
117 112 166 0 0
118 112 165 0 0
119 113 165 0 0
120 113 164 0 0
121 113 163 0 0
122 114 163 0 0
123 114 162 0 0
124 115 162 0 0
125 115 161 0 0
126 115 160 0 0
127 116 160 0 0
128 116 159 0 0
129 117 159 0 0
130 117 158 0 0
131 118 158 0 0
132 118 157 0 0
133 119 157 0 0
134 119 156 0 0
135 120 156 0 0
136 120 155 0 0
137 121 155 0 0
138 121 154 0 0
139 122 154 0 0
140 122 153 0 0
141 122 152 0 0
142 123 152 0 0
143 123 151 0 0
144 124 151 0 0
145 124 150 0 0
146 125 150 0 0
147 126 150 0 0
148 126 149 0 0
149 126 148 0 0
150 127 148 0 0
151 127 147 0 0
152 128 147 0 0
153 129 147 0 0
154 130 147 0 0
155 131 147 0 0
156 132 147 0 0
157 133 147 0 0
158 134 147 0 0
159 134 146 0 0
160 135 146 0 0
161 136 146 0 0
162 137 146 0 0
163 138 146 0 0
164 139 146 0 0
165 140 146 0 0
166 140 145 0 0
167 141 145 0 0
168 142 145 0 0
169 143 145 0 0
170 144 145 0 0
171 145 145 0 0
172 146 145 0 0
173 147 145 0 0
174 148 145 0 0
175 149 145 0 0
176 150 145 0 0
177 151 145 0 0
178 152 145 0 0
179 153 145 0 0
180 154 145 0 0
181 155 145 0 0
182 156 145 0 0
183 157 145 0 0
184 158 145 0 0
185 159 145 0 0
186 160 145 0 0
187 160 146 0 0
188 161 146 0 0
189 162 146 0 0
190 162 147 0 0
191 163 147 0 0
192 163 148 0 0
193 164 148 0 0
194 164 149 0 0
195 165 149 0 0
196 166 149 0 0
197 167 149 0 0
198 168 149 0 0
199 169 149 0 0
200 170 149 0 0
201 171 149 0 0
202 171 148 0 0
203 172 148 0 0
204 173 148 0 0
205 174 148 0 0
206 175 148 0 0
207 176 148 0 0
208 177 148 0 0
209 178 148 0 0
210 179 148 0 0
211 180 148 0 0
212 181 148 0 0
213 182 148 0 0
214 183 148 0 0
215 184 148 0 0
216 184 149 0 0
217 185 149 0 0
218 186 149 0 0
219 186 150 0 0
220 187 150 0 0
221 188 150 0 0
222 188 151 0 0
223 189 151 0 0
224 189 152 0 0
225 190 152 0 0
226 190 153 0 0
227 191 153 0 0
228 192 153 0 0
229 193 153 0 0
230 193 154 0 0
231 194 154 0 0
232 193 154 0 0
233 192 154 0 0
234 191 154 0 0
235 191 153 0 0
236 190 153 0 0
237 189 153 0 0
238 188 153 0 0
239 187 153 0 0
240 187 152 0 0
241 186 152 0 0
242 185 152 0 0
243 184 152 0 0
244 183 152 0 0
245 182 152 0 0
246 182 151 0 0
247 181 151 0 0
248 180 151 0 0
249 179 151 0 0
250 178 151 0 0
251 178 150 0 0
252 177 150 0 0
253 176 150 0 0
254 175 150 0 0
255 174 150 0 0
256 174 149 0 0
257 173 149 0 0
258 172 149 0 0
