0 53 104 0 0
1 52 104 0 0
2 51 104 0 0
3 51 105 0 0
4 50 105 0 0
5 50 106 0 0
6 49 106 0 0
7 49 107 0 0
8 48 107 0 0
9 48 108 0 0
10 47 108 0 0
11 47 109 0 0
12 46 109 0 0
13 45 109 0 0
14 45 110 0 0
15 44 110 0 0
16 44 111 0 0
17 43 111 0 0
18 43 112 0 0
19 42 112 0 0
20 42 113 0 0
21 41 113 0 0
22 40 113 0 0
23 40 114 0 0
24 39 114 0 0
25 39 115 0 0
26 38 115 0 0
27 38 116 0 0
28 37 116 0 0
29 37 117 0 0
30 36 117 0 0
31 36 118 0 0
32 35 118 0 0
33 35 119 0 0
34 34 119 0 0
35 33 119 0 0
36 33 120 0 0
37 32 120 0 0
38 32 121 0 0
39 31 121 0 0
40 31 122 0 0
41 30 122 0 0
42 30 123 0 0
