0 130 98 0 0
1 131 98 0 0
2 132 98 0 0
3 133 98 0 0
4 134 98 0 0
5 135 98 0 0
6 136 98 0 0
7 137 98 0 0
8 138 98 0 0
9 139 98 0 0
10 140 98 0 0
11 141 98 0 0
12 142 98 0 0
13 143 98 0 0
14 143 99 0 0
15 144 99 0 0
16 145 99 0 0
17 146 99 0 0
18 147 99 0 0
19 148 99 0 0
20 149 99 0 0
21 150 99 0 0
22 150 100 0 0
23 151 100 0 0
24 151 101 0 0
25 152 101 0 0
26 153 101 0 0
27 153 102 0 0
28 154 102 0 0
29 155 102 0 0
30 156 102 0 0
31 156 103 0 0
32 157 103 0 0
33 157 104 0 0
34 158 104 0 0
35 159 104 0 0
36 159 105 0 0
37 160 105 0 0
38 161 105 0 0
39 161 106 0 0
40 162 106 0 0
41 163 106 0 0
42 164 106 0 0
43 164 107 0 0
44 165 107 0 0
45 166 107 0 0
46 167 107 0 0
47 167 108 0 0
48 168 108 0 0
49 169 108 0 0
50 170 108 0 0
51 171 108 0 0
52 171 109 0 0
53 172 109 0 0
54 173 109 0 0
55 174 109 0 0
56 175 109 0 0
57 176 109 0 0
58 176 110 0 0
59 177 110 0 0
60 178 110 0 0
61 179 110 0 0
62 180 110 0 0
63 181 110 0 0
64 181 111 0 0
65 182 111 0 0
66 183 111 0 0
67 183 112 0 0
68 184 112 0 0
69 185 112 0 0
70 186 112 0 0
71 187 112 0 0
72 188 112 0 0
73 188 113 0 0
74 189 113 0 0
75 190 113 0 0
76 191 113 0 0
77 192 113 0 0
78 193 113 0 0
79 193 114 0 0
80 194 114 0 0
81 195 114 0 0
82 196 114 0 0
83 197 114 0 0
84 197 115 0 0
85 198 115 0 0
86 197 115 0 0
87 196 115 0 0
88 196 116 0 0
89 195 116 0 0
90 195 115 0 0
91 194 115 0 0
92 194 116 0 0
93 194 115 0 0
94 193 115 0 0
95 192 115 0 0
96 191 115 0 0
97 190 115 0 0
98 189 115 0 0
99 188 115 0 0
100 187 115 0 0
101 186 115 0 0
102 185 115 0 0
103 184 115 0 0
104 183 115 0 0
105 182 115 0 0
106 181 115 0 0
107 180 115 0 0
108 179 115 0 0
109 178 115 0 0
110 177 115 0 0
111 176 115 0 0
112 175 115 0 0
113 174 115 0 0
114 173 115 0 0
115 172 115 0 0
116 171 115 0 0
117 170 115 0 0
118 169 115 0 0
119 168 115 0 0
120 167 115 0 0
121 167 114 0 0
122 166 114 0 0
123 165 114 0 0
124 164 114 0 0
125 164 113 0 0
126 163 113 0 0
127 162 113 0 0
128 161 113 0 0
129 161 112 0 0
130 160 112 0 0
131 159 112 0 0
132 159 111 0 0
133 158 111 0 0
134 157 111 0 0
135 156 111 0 0
136 156 110 0 0
137 155 110 0 0
138 154 110 0 0
139 154 109 0 0
140 153 109 0 0
141 152 109 0 0
142 151 109 0 0
143 151 108 0 0
144 150 108 0 0
145 149 108 0 0
146 148 108 0 0
147 148 107 0 0
148 147 107 0 0
149 147 106 0 0
150 146 106 0 0
151 145 106 0 0
152 144 106 0 0
153 144 105 0 0
154 143 105 0 0
155 142 105 0 0
156 141 105 0 0
157 141 104 0 0
158 140 104 0 0
159 139 104 0 0
160 139 103 0 0
161 138 103 0 0
162 137 103 0 0
163 137 102 0 0
164 136 102 0 0
165 136 101 0 0
166 135 101 0 0
167 134 101 0 0
168 134 100 0 0
169 133 100 0 0
170 132 100 0 0
171 132 99 0 0
172 131 99 0 0
173 130 99 0 0
174 130 98 0 0
175 129 98 0 0
176 128 98 0 0
177 128 97 0 0
178 127 97 0 0
179 126 97 0 0
180 126 96 0 0
181 125 96 0 0
182 124 96 0 0
183 124 95 0 0
184 124 94 0 0
185 123 94 0 0
186 123 93 0 0
187 123 92 0 0
188 122 92 0 0
189 122 91 0 0
190 122 90 0 0
191 121 90 0 0
192 121 89 0 0
193 121 88 0 0
194 120 88 0 0
195 120 87 0 0
196 120 86 0 0
197 119 86 0 0
198 119 85 0 0
199 119 84 0 0
200 118 84 0 0
201 118 83 0 0
202 118 82 0 0
203 117 82 0 0
204 117 81 0 0
205 117 80 0 0
206 117 79 0 0
207 117 78 0 0
208 117 77 0 0
209 117 76 0 0
210 116 76 0 0
211 116 75 0 0
212 116 74 0 0
213 116 73 0 0
214 116 72 0 0
215 116 71 0 0
216 116 70 0 0
217 116 69 0 0
218 116 68 0 0
219 115 68 0 0
220 115 67 0 0
221 115 66 0 0
222 115 65 0 0
223 115 64 0 0
224 115 63 0 0
225 115 62 0 0
226 115 61 0 0
227 115 60 0 0
228 115 59 0 0
229 116 59 0 0
230 116 58 0 0
231 116 57 0 0
232 116 56 0 0
233 116 55 0 0
234 116 54 0 0
235 116 53 0 0
236 116 52 0 0
237 116 51 0 0
238 115 51 0 0
239 115 50 0 0
240 115 49 0 0
241 115 48 0 0
242 115 47 0 0
243 115 46 0 0
244 114 46 0 0
245 114 45 0 0
246 114 44 0 0
247 114 43 0 0
248 114 42 0 0
249 114 41 0 0
250 115 41 0 0
251 115 40 0 0
252 115 39 0 0
253 115 38 0 0
254 115 37 0 0
255 115 36 0 0
256 115 35 0 0
257 115 34 0 0
258 116 34 0 0
259 116 33 0 0
260 116 32 0 0
261 117 32 0 0
262 117 31 0 0
263 117 30 0 0
264 118 30 0 0
265 118 29 0 0
266 119 29 0 0
267 119 28 0 0
268 119 27 0 0
269 120 27 0 0
270 120 26 0 0
271 121 26 0 0
272 121 25 0 0
273 121 24 0 0
274 122 24 0 0
275 123 24 0 0
276 124 24 0 0
277 125 24 0 0
278 126 24 0 0
279 126 23 0 0
280 127 23 0 0
281 128 23 0 0
282 129 23 0 0
283 130 23 0 0
284 131 23 0 0
285 132 23 0 0
286 133 23 0 0
287 133 22 0 0
288 134 22 0 0
289 135 22 0 0
290 136 22 0 0
291 137 22 0 0
292 138 22 0 0
293 139 22 0 0
294 140 22 0 0
295 141 22 0 0
296 142 22 0 0
297 143 22 0 0
298 144 22 0 0
299 145 22 0 0
300 146 22 0 0
301 146 21 0 0
302 147 21 0 0
303 147 20 0 0
304 147 19 0 0
305 148 19 0 0
306 148 18 0 0
307 149 18 0 0
308 149 17 0 0
