0 111 44 0 0
1 111 45 0 0
2 111 46 0 0
3 111 47 0 0
4 111 48 0 0
5 111 49 0 0
6 111 50 0 0
7 111 51 0 0
8 111 52 0 0
9 111 53 0 0
10 111 54 0 0
11 111 55 0 0
12 110 55 0 0
13 110 56 0 0
14 110 57 0 0
15 110 58 0 0
16 110 59 0 0
17 110 60 0 0
18 110 61 0 0
19 110 62 0 0
20 110 63 0 0
21 110 64 0 0
22 110 65 0 0
23 110 66 0 0
24 110 67 0 0
25 110 68 0 0
26 110 69 0 0
27 110 70 0 0
28 110 71 0 0
29 110 72 0 0
30 109 72 0 0
31 109 73 0 0
32 109 74 0 0
33 109 75 0 0
34 108 75 0 0
35 108 76 0 0
36 108 77 0 0
37 108 78 0 0
38 108 79 0 0
39 107 79 0 0
40 107 80 0 0
41 107 81 0 0
42 107 82 0 0
43 106 82 0 0
44 106 83 0 0
45 106 84 0 0
46 106 85 0 0
47 105 85 0 0
48 104 85 0 0
49 103 85 0 0
50 102 85 0 0
51 102 86 0 0
52 101 86 0 0
53 101 87 0 0
54 100 87 0 0
55 99 87 0 0
56 98 87 0 0
57 97 87 0 0
58 97 88 0 0
59 96 88 0 0
60 95 88 0 0
61 94 88 0 0
62 94 89 0 0
63 93 89 0 0
64 92 89 0 0
65 91 89 0 0
66 90 89 0 0
67 89 89 0 0
68 88 89 0 0
69 87 89 0 0
70 87 88 0 0
71 86 88 0 0
72 85 88 0 0
73 84 88 0 0
74 83 88 0 0
75 82 88 0 0
76 81 88 0 0
77 80 88 0 0
78 79 88 0 0
79 78 88 0 0
80 77 88 0 0
81 76 88 0 0
82 75 88 0 0
83 74 88 0 0
84 73 88 0 0
85 72 88 0 0
86 71 88 0 0
87 70 88 0 0
88 69 88 0 0
89 68 88 0 0
90 67 88 0 0
91 66 88 0 0
92 65 88 0 0
93 64 88 0 0
94 63 88 0 0
95 62 88 0 0
96 61 88 0 0
97 60 88 0 0
98 59 88 0 0
99 58 88 0 0
100 58 89 0 0
101 57 89 0 0
102 56 89 0 0
103 56 90 0 0
104 56 91 0 0
105 55 91 0 0
106 55 92 0 0
107 54 92 0 0
108 53 92 0 0
109 53 93 0 0
110 52 93 0 0
111 52 94 0 0
112 52 95 0 0
113 51 95 0 0
114 51 96 0 0
115 50 96 0 0
116 49 96 0 0
117 49 97 0 0
118 48 97 0 0
119 48 98 0 0
120 48 99 0 0
121 47 99 0 0
122 47 100 0 0
123 46 100 0 0
124 46 101 0 0
125 46 102 0 0
126 45 102 0 0
127 45 103 0 0
128 44 103 0 0
129 44 104 0 0
130 43 104 0 0
131 43 105 0 0
132 43 106 0 0
133 42 106 0 0
134 42 107 0 0
135 41 107 0 0
136 41 108 0 0
137 41 109 0 0
138 40 109 0 0
139 40 110 0 0
140 40 111 0 0
141 39 111 0 0
142 39 112 0 0
143 38 112 0 0
144 38 113 0 0
145 38 114 0 0
146 37 114 0 0
147 37 115 0 0
148 36 115 0 0
149 36 116 0 0
150 36 117 0 0
151 35 117 0 0
152 35 118 0 0
153 34 118 0 0
154 34 119 0 0
155 33 119 0 0
156 33 120 0 0
157 32 120 0 0
158 32 121 0 0
159 32 122 0 0
160 31 122 0 0
161 31 123 0 0
162 30 123 0 0
163 30 124 0 0
164 30 125 0 0
165 29 125 0 0
166 29 126 0 0
167 28 126 0 0
168 28 127 0 0
169 28 128 0 0
170 27 128 0 0
171 27 129 0 0
172 26 129 0 0
173 26 130 0 0
174 25 130 0 0
175 24 130 0 0
176 24 131 0 0
177 23 131 0 0
178 22 131 0 0
179 22 132 0 0
180 21 132 0 0
181 20 132 0 0
182 20 133 0 0
183 19 133 0 0
184 18 133 0 0
185 17 133 0 0
186 16 133 0 0
187 15 133 0 0
188 14 133 0 0
189 13 133 0 0
190 12 133 0 0
191 12 134 0 0
192 11 134 0 0
193 10 134 0 0
194 9 134 0 0
195 8 134 0 0
196 7 134 0 0
197 6 134 0 0
198 5 134 0 0
199 5 135 0 0
200 4 135 0 0
201 3 135 0 0
202 3 134 0 0
