0 6 125 0 0
1 6 124 0 0
2 5 124 0 0
3 6 124 0 0
4 6 125 0 0
5 7 125 0 0
6 8 125 0 0
7 9 125 0 0
8 10 125 0 0
9 10 126 0 0
10 11 126 0 0
11 11 127 0 0
12 12 127 0 0
13 13 127 0 0
14 14 127 0 0
15 15 127 0 0
16 15 128 0 0
17 16 128 0 0
18 17 128 0 0
19 18 128 0 0
20 18 129 0 0
21 19 129 0 0
22 20 129 0 0
23 20 130 0 0
24 21 130 0 0
25 22 130 0 0
26 23 130 0 0
27 23 131 0 0
28 24 131 0 0
29 25 131 0 0
30 26 131 0 0
31 27 131 0 0
32 27 132 0 0
33 28 132 0 0
34 29 132 0 0
35 29 133 0 0
36 30 133 0 0
37 31 133 0 0
38 32 133 0 0
39 33 133 0 0
40 33 134 0 0
41 34 134 0 0
42 35 134 0 0
43 36 134 0 0
44 37 134 0 0
45 37 135 0 0
46 38 135 0 0
47 39 135 0 0
48 40 135 0 0
49 41 135 0 0
50 41 136 0 0
51 42 136 0 0
52 43 136 0 0
53 44 136 0 0
54 45 136 0 0
55 45 137 0 0
56 46 137 0 0
57 47 137 0 0
58 48 137 0 0
59 49 137 0 0
60 50 137 0 0
61 51 137 0 0
62 51 138 0 0
63 52 138 0 0
64 53 138 0 0
65 54 138 0 0
66 55 138 0 0
67 56 138 0 0
68 57 138 0 0
69 57 139 0 0
70 58 139 0 0
71 59 139 0 0
72 60 139 0 0
73 61 139 0 0
74 61 140 0 0
75 61 139 0 0
76 62 139 0 0
77 62 138 0 0
78 63 138 0 0
79 64 138 0 0
80 65 138 0 0
81 65 137 0 0
82 66 137 0 0
83 67 137 0 0
84 68 137 0 0
85 68 136 0 0
86 69 136 0 0
87 70 136 0 0
88 70 135 0 0
89 71 135 0 0
90 72 135 0 0
91 73 135 0 0
92 73 134 0 0
93 74 134 0 0
94 75 134 0 0
95 75 133 0 0
96 76 133 0 0
97 77 133 0 0
98 78 133 0 0
99 78 132 0 0
100 79 132 0 0
101 80 132 0 0
102 80 131 0 0
103 81 131 0 0
104 82 131 0 0
105 82 130 0 0
106 83 130 0 0
107 84 130 0 0
108 85 130 0 0
109 86 130 0 0
110 87 130 0 0
111 88 130 0 0
112 89 130 0 0
113 89 131 0 0
114 90 131 0 0
115 91 131 0 0
116 92 131 0 0
117 93 131 0 0
118 93 132 0 0
119 94 132 0 0
120 95 132 0 0
121 96 132 0 0
122 96 133 0 0
123 97 133 0 0
124 98 133 0 0
125 99 133 0 0
126 100 133 0 0
127 101 133 0 0
128 101 132 0 0
129 102 132 0 0
130 103 132 0 0
131 104 132 0 0
132 105 132 0 0
133 105 131 0 0
134 106 131 0 0
135 107 131 0 0
136 108 131 0 0
137 109 131 0 0
138 110 131 0 0
139 111 131 0 0
140 112 131 0 0
141 112 130 0 0
142 113 130 0 0
143 114 130 0 0
144 115 130 0 0
145 116 130 0 0
146 117 130 0 0
147 118 130 0 0
148 119 130 0 0
149 120 130 0 0
150 121 130 0 0
151 122 130 0 0
152 123 130 0 0
153 124 130 0 0
154 125 130 0 0
155 126 130 0 0
156 127 130 0 0
157 128 130 0 0
158 129 130 0 0
159 129 131 0 0
160 130 131 0 0
161 131 131 0 0
162 132 131 0 0
163 133 131 0 0
164 134 131 0 0
165 135 131 0 0
166 136 131 0 0
167 137 131 0 0
168 138 131 0 0
169 139 131 0 0
170 140 131 0 0
171 140 132 0 0
172 141 132 0 0
173 142 132 0 0
174 143 132 0 0
175 144 132 0 0
176 145 132 0 0
177 146 132 0 0
178 147 132 0 0
179 148 132 0 0
180 149 132 0 0
181 150 132 0 0
182 151 132 0 0
183 152 132 0 0
184 152 133 0 0
185 153 133 0 0
186 154 133 0 0
187 155 133 0 0
188 156 133 0 0
189 157 133 0 0
190 158 133 0 0
191 159 133 0 0
192 160 133 0 0
193 161 133 0 0
194 162 133 0 0
195 163 133 0 0
196 164 133 0 0
197 165 133 0 0
198 166 133 0 0
199 167 133 0 0
200 168 133 0 0
201 169 133 0 0
202 169 134 0 0
203 170 134 0 0
204 171 134 0 0
205 172 134 0 0
206 173 134 0 0
207 174 134 0 0
208 175 134 0 0
209 176 134 0 0
210 177 134 0 0
211 178 134 0 0
212 179 134 0 0
213 180 134 0 0
214 180 135 0 0
215 181 135 0 0
216 182 135 0 0
217 183 135 0 0
218 184 135 0 0
219 185 135 0 0
220 186 135 0 0
221 186 134 0 0
222 187 134 0 0
223 188 134 0 0
224 188 133 0 0
225 189 133 0 0
226 190 133 0 0
227 190 132 0 0
228 191 132 0 0
229 192 132 0 0
230 193 132 0 0
231 193 131 0 0
232 194 131 0 0
233 194 130 0 0
234 195 130 0 0
235 196 130 0 0
236 196 129 0 0
237 197 129 0 0
238 198 129 0 0
239 199 129 0 0
240 199 128 0 0
241 200 128 0 0
242 201 128 0 0
243 201 127 0 0
244 202 127 0 0
245 202 126 0 0
246 203 126 0 0
247 203 127 0 0
248 203 128 0 0
249 204 128 0 0
250 205 128 0 0
251 206 128 0 0
252 207 128 0 0
253 207 127 0 0
254 208 127 0 0
255 208 126 0 0
256 209 126 0 0
257 210 126 0 0
258 210 125 0 0
259 211 125 0 0
260 211 124 0 0
261 212 124 0 0
262 213 124 0 0
263 213 125 0 0
264 213 126 0 0
265 214 126 0 0
266 213 126 0 0
267 213 125 0 0
