0 5 120 0 0
1 4 120 0 0
2 3 120 0 0
3 3 121 0 0
4 3 120 0 0
5 4 120 0 0
6 5 120 0 0
7 5 119 0 0
8 6 119 0 0
9 7 119 0 0
10 7 118 0 0
11 8 118 0 0
12 8 117 0 0
13 9 117 0 0
14 10 117 0 0
15 10 118 0 0
16 11 118 0 0
17 12 118 0 0
18 12 119 0 0
19 13 119 0 0
20 14 119 0 0
21 15 119 0 0
22 16 119 0 0
23 17 119 0 0
24 17 120 0 0
25 18 120 0 0
26 19 120 0 0
27 20 120 0 0
28 21 120 0 0
29 22 120 0 0
30 23 120 0 0
31 24 120 0 0
32 24 121 0 0
33 25 121 0 0
34 26 121 0 0
35 27 121 0 0
36 28 121 0 0
37 29 121 0 0
38 30 121 0 0
39 31 121 0 0
40 32 121 0 0
41 32 122 0 0
42 33 122 0 0
43 34 122 0 0
44 35 122 0 0
45 36 122 0 0
46 36 123 0 0
47 37 123 0 0
48 38 123 0 0
49 39 123 0 0
50 40 123 0 0
51 41 123 0 0
52 42 123 0 0
53 43 123 0 0
54 44 123 0 0
55 45 123 0 0
56 46 123 0 0
57 47 123 0 0
58 48 123 0 0
59 49 123 0 0
60 50 123 0 0
61 51 123 0 0
62 52 123 0 0
63 53 123 0 0
64 54 123 0 0
65 55 123 0 0
66 56 123 0 0
67 57 123 0 0
68 58 123 0 0
69 59 123 0 0
70 60 123 0 0
71 61 123 0 0
72 62 123 0 0
73 63 123 0 0
74 64 123 0 0
75 65 123 0 0
76 66 123 0 0
77 67 123 0 0
78 68 123 0 0
79 69 123 0 0
80 70 123 0 0
81 71 123 0 0
82 72 123 0 0
83 73 123 0 0
84 74 123 0 0
85 74 122 0 0
86 74 121 0 0
87 75 121 0 0
88 76 121 0 0
89 76 120 0 0
90 77 120 0 0
91 78 120 0 0
92 78 119 0 0
93 79 119 0 0
94 80 119 0 0
95 81 119 0 0
96 82 119 0 0
97 83 119 0 0
98 84 119 0 0
99 84 120 0 0
100 84 121 0 0
101 84 122 0 0
102 85 122 0 0
103 85 123 0 0
104 86 123 0 0
105 87 123 0 0
106 87 124 0 0
107 88 124 0 0
108 89 124 0 0
109 90 124 0 0
110 90 125 0 0
111 91 125 0 0
112 92 125 0 0
113 93 125 0 0
114 93 124 0 0
115 94 124 0 0
116 95 124 0 0
117 96 124 0 0
118 96 123 0 0
119 97 123 0 0
120 98 123 0 0
121 99 123 0 0
122 100 123 0 0
123 100 124 0 0
124 101 124 0 0
125 102 124 0 0
126 103 124 0 0
127 104 124 0 0
128 105 124 0 0
129 106 124 0 0
130 106 123 0 0
131 107 123 0 0
132 108 123 0 0
133 109 123 0 0
134 110 123 0 0
135 111 123 0 0
136 112 123 0 0
137 113 123 0 0
138 114 123 0 0
139 115 123 0 0
140 115 124 0 0
141 116 124 0 0
142 117 124 0 0
143 118 124 0 0
144 119 124 0 0
145 119 125 0 0
146 120 125 0 0
147 121 125 0 0
148 122 125 0 0
149 123 125 0 0
150 124 125 0 0
151 125 125 0 0
152 126 125 0 0
153 127 125 0 0
154 128 125 0 0
155 129 125 0 0
156 130 125 0 0
157 131 125 0 0
158 132 125 0 0
159 132 124 0 0
160 133 124 0 0
161 134 124 0 0
162 135 124 0 0
163 136 124 0 0
164 137 124 0 0
165 138 124 0 0
166 139 124 0 0
167 140 124 0 0
168 141 124 0 0
169 141 123 0 0
170 142 123 0 0
171 143 123 0 0
172 144 123 0 0
173 145 123 0 0
174 146 123 0 0
175 147 123 0 0
176 148 123 0 0
177 148 122 0 0
178 149 122 0 0
179 150 122 0 0
180 151 122 0 0
181 152 122 0 0
182 153 122 0 0
183 154 122 0 0
184 155 122 0 0
185 156 122 0 0
186 157 122 0 0
187 158 122 0 0
188 159 122 0 0
189 160 122 0 0
190 161 122 0 0
191 162 122 0 0
192 163 122 0 0
193 164 122 0 0
194 164 121 0 0
195 165 121 0 0
