0 5 158 0 0
1 6 158 0 0
2 7 158 0 0
3 8 158 0 0
4 8 159 0 0
5 9 159 0 0
6 10 159 0 0
7 11 159 0 0
8 11 160 0 0
9 12 160 0 0
10 13 160 0 0
11 14 160 0 0
12 14 161 0 0
13 15 161 0 0
14 16 161 0 0
15 17 161 0 0
16 18 161 0 0
17 18 162 0 0
18 19 162 0 0
19 20 162 0 0
20 20 163 0 0
21 21 163 0 0
22 22 163 0 0
23 23 163 0 0
24 23 164 0 0
25 24 164 0 0
26 25 164 0 0
27 26 164 0 0
28 27 164 0 0
29 27 165 0 0
30 28 165 0 0
31 29 165 0 0
32 29 166 0 0
33 30 166 0 0
34 31 166 0 0
35 32 166 0 0
36 32 167 0 0
37 33 167 0 0
38 34 167 0 0
39 34 168 0 0
40 35 168 0 0
41 35 169 0 0
42 36 169 0 0
43 36 170 0 0
44 37 170 0 0
45 37 171 0 0
46 38 171 0 0
47 38 172 0 0
48 39 172 0 0
49 39 173 0 0
50 40 173 0 0
51 40 174 0 0
52 41 174 0 0
53 41 175 0 0
54 42 175 0 0
55 42 176 0 0
56 43 176 0 0
57 44 176 0 0
58 44 177 0 0
59 45 177 0 0
60 45 178 0 0
61 46 178 0 0
62 46 179 0 0
63 47 179 0 0
64 47 180 0 0
65 48 180 0 0
66 48 181 0 0
67 49 181 0 0
68 49 182 0 0
69 50 182 0 0
70 50 183 0 0
71 51 183 0 0
72 51 184 0 0
73 52 184 0 0
74 52 185 0 0
75 53 185 0 0
76 53 186 0 0
77 54 186 0 0
78 54 187 0 0
79 54 188 0 0
80 55 188 0 0
81 55 189 0 0
82 55 190 0 0
83 55 191 0 0
84 56 191 0 0
85 56 192 0 0
86 56 193 0 0
87 57 193 0 0
88 57 194 0 0
89 57 195 0 0
90 57 196 0 0
91 58 196 0 0
92 58 197 0 0
93 58 198 0 0
94 59 198 0 0
95 59 199 0 0
96 59 200 0 0
97 59 201 0 0
98 60 201 0 0
99 60 202 0 0
100 60 203 0 0
101 61 203 0 0
102 61 204 0 0
103 61 205 0 0
104 61 206 0 0
105 62 206 0 0
106 62 207 0 0
107 62 208 0 0
108 62 209 0 0
109 63 209 0 0
110 63 210 0 0
111 63 211 0 0
112 63 212 0 0
113 63 213 0 0
114 63 214 0 0
115 64 214 0 0
116 64 215 0 0
117 64 216 0 0
118 64 217 0 0
119 64 218 0 0
120 64 219 0 0
121 64 220 0 0
122 65 220 0 0
123 65 221 0 0
124 65 222 0 0
125 65 223 0 0
126 65 224 0 0
127 65 225 0 0
128 66 225 0 0
129 66 226 0 0
130 66 227 0 0
131 66 228 0 0
132 66 229 0 0
133 67 229 0 0
134 67 230 0 0
135 67 231 0 0
136 67 232 0 0
137 67 233 0 0
138 67 234 0 0
139 68 234 0 0
140 68 235 0 0
141 68 236 0 0
142 68 237 0 0
143 68 238 0 0
144 68 239 0 0
145 68 240 0 0
146 68 241 0 0
147 68 242 0 0
148 68 243 0 0
149 68 244 0 0
150 68 245 0 0
151 68 246 0 0
152 68 247 0 0
153 68 248 0 0
154 68 249 0 0
155 68 250 0 0
156 68 251 0 0
157 68 252 0 0
158 68 253 0 0
159 68 254 0 0
160 68 255 0 0
161 68 256 0 0
162 68 257 0 0
163 68 258 0 0
164 68 259 0 0
165 68 260 0 0
166 68 261 0 0
167 68 262 0 0
168 68 263 0 0
169 68 264 0 0
170 68 265 0 0
171 68 266 0 0
172 68 267 0 0
173 68 268 0 0
174 68 269 0 0
