0 197 122 0 0
1 196 122 0 0
2 195 122 0 0
3 194 122 0 0
4 193 122 0 0
5 192 122 0 0
6 191 122 0 0
7 191 123 0 0
8 190 123 0 0
9 189 123 0 0
10 188 123 0 0
11 187 123 0 0
12 186 123 0 0
13 185 123 0 0
14 184 123 0 0
15 183 123 0 0
16 182 123 0 0
17 181 123 0 0
18 180 123 0 0
19 179 123 0 0
20 178 123 0 0
21 178 124 0 0
22 177 124 0 0
23 176 124 0 0
24 175 124 0 0
25 174 124 0 0
26 173 124 0 0
27 172 124 0 0
28 171 124 0 0
29 171 125 0 0
30 170 125 0 0
31 169 125 0 0
32 168 125 0 0
33 168 126 0 0
34 167 126 0 0
35 166 126 0 0
36 165 126 0 0
37 165 127 0 0
38 164 127 0 0
39 164 128 0 0
40 163 128 0 0
41 162 128 0 0
42 161 128 0 0
43 161 129 0 0
44 160 129 0 0
45 159 129 0 0
46 158 129 0 0
47 158 130 0 0
48 157 130 0 0
49 156 130 0 0
50 155 130 0 0
51 155 131 0 0
52 154 131 0 0
53 153 131 0 0
54 153 132 0 0
55 152 132 0 0
56 151 132 0 0
57 150 132 0 0
58 149 132 0 0
59 148 132 0 0
60 147 132 0 0
61 147 133 0 0
62 146 133 0 0
63 145 133 0 0
64 144 133 0 0
65 143 133 0 0
66 142 133 0 0
67 141 133 0 0
68 140 133 0 0
69 139 133 0 0
70 138 133 0 0
71 137 133 0 0
72 137 134 0 0
73 136 134 0 0
74 136 133 0 0
75 135 133 0 0
76 134 133 0 0
77 134 132 0 0
78 133 132 0 0
79 132 132 0 0
80 132 131 0 0
81 131 131 0 0
82 130 131 0 0
83 130 130 0 0
84 129 130 0 0
85 128 130 0 0
86 127 130 0 0
87 127 129 0 0
88 126 129 0 0
89 125 129 0 0
90 125 128 0 0
91 124 128 0 0
92 123 128 0 0
93 122 128 0 0
94 121 128 0 0
95 121 127 0 0
96 120 127 0 0
97 120 126 0 0
98 119 126 0 0
99 118 126 0 0
100 118 125 0 0
101 117 125 0 0
102 116 125 0 0
103 115 125 0 0
104 115 124 0 0
105 114 124 0 0
106 113 124 0 0
107 113 123 0 0
108 112 123 0 0
109 111 123 0 0
110 110 123 0 0
111 109 123 0 0
112 108 123 0 0
113 108 122 0 0
114 107 122 0 0
115 106 122 0 0
116 105 122 0 0
117 104 122 0 0
118 104 121 0 0
119 103 121 0 0
120 102 121 0 0
121 102 120 0 0
122 101 120 0 0
123 100 120 0 0
124 99 120 0 0
125 98 120 0 0
126 97 120 0 0
127 97 119 0 0
128 96 119 0 0
129 95 119 0 0
130 94 119 0 0
131 93 119 0 0
132 93 118 0 0
133 92 118 0 0
134 91 118 0 0
135 90 118 0 0
136 89 118 0 0
137 89 117 0 0
138 88 117 0 0
139 87 117 0 0
140 86 117 0 0
141 86 118 0 0
142 85 118 0 0
143 85 119 0 0
144 84 119 0 0
145 84 120 0 0
146 83 120 0 0
147 82 120 0 0
148 82 121 0 0
149 81 121 0 0
150 81 122 0 0
151 80 122 0 0
152 80 123 0 0
153 79 123 0 0
154 79 124 0 0
155 78 124 0 0
156 78 125 0 0
157 77 125 0 0
158 77 126 0 0
159 76 126 0 0
160 76 127 0 0
161 75 127 0 0
162 75 128 0 0
163 74 128 0 0
164 73 128 0 0
165 73 129 0 0
166 73 130 0 0
167 72 130 0 0
168 72 131 0 0
169 72 132 0 0
170 72 133 0 0
171 71 133 0 0
172 71 134 0 0
173 71 135 0 0
174 70 135 0 0
175 70 136 0 0
176 70 137 0 0
177 70 138 0 0
178 69 138 0 0
179 69 139 0 0
180 69 140 0 0
181 68 140 0 0
182 68 141 0 0
183 68 142 0 0
184 68 143 0 0
185 67 143 0 0
186 67 144 0 0
187 67 145 0 0
188 67 146 0 0
189 67 147 0 0
190 67 148 0 0
191 67 149 0 0
192 68 149 0 0
193 68 150 0 0
194 68 151 0 0
195 68 152 0 0
196 68 153 0 0
197 68 154 0 0
198 69 154 0 0
199 69 155 0 0
200 69 156 0 0
201 69 157 0 0
202 69 158 0 0
203 69 159 0 0
204 69 160 0 0
205 70 160 0 0
206 70 161 0 0
207 70 162 0 0
208 70 163 0 0
209 70 164 0 0
210 70 165 0 0
211 70 166 0 0
212 71 166 0 0
213 71 167 0 0
214 71 168 0 0
215 71 169 0 0
216 71 170 0 0
217 71 171 0 0
218 72 171 0 0
219 72 172 0 0
220 72 173 0 0
221 72 174 0 0
222 72 175 0 0
223 72 176 0 0
224 72 177 0 0
225 73 177 0 0
226 73 178 0 0
227 73 179 0 0
228 73 180 0 0
229 73 181 0 0
230 73 182 0 0
231 74 182 0 0
232 74 183 0 0
233 74 184 0 0
234 74 185 0 0
235 74 186 0 0
236 74 187 0 0
237 75 187 0 0
238 75 188 0 0
239 75 189 0 0
240 75 190 0 0
241 75 191 0 0
242 75 192 0 0
243 76 192 0 0
244 76 193 0 0
245 76 194 0 0
246 76 195 0 0
247 76 196 0 0
248 76 197 0 0
249 76 198 0 0
250 77 198 0 0
251 77 199 0 0
252 77 200 0 0
253 77 201 0 0
254 77 202 0 0
255 77 203 0 0
256 77 204 0 0
257 77 205 0 0
258 77 206 0 0
259 77 207 0 0
260 77 208 0 0
261 77 209 0 0
262 77 210 0 0
263 77 211 0 0
264 77 212 0 0
265 77 213 0 0
266 77 214 0 0
267 77 215 0 0
268 77 216 0 0
269 77 217 0 0
270 77 218 0 0
271 77 219 0 0
272 77 220 0 0
273 77 221 0 0
274 77 222 0 0
275 77 223 0 0
276 77 224 0 0
277 77 225 0 0
278 77 226 0 0
279 77 227 0 0
280 77 228 0 0
281 77 229 0 0
282 77 230 0 0
283 77 231 0 0
284 78 231 0 0
285 77 231 0 0
286 77 232 0 0
287 77 233 0 0
288 77 234 0 0
289 77 235 0 0
290 77 236 0 0
291 77 237 0 0
292 77 238 0 0
293 77 239 0 0
294 77 240 0 0
295 77 241 0 0
296 77 242 0 0
297 77 243 0 0
298 77 244 0 0
299 77 245 0 0
300 77 246 0 0
301 77 247 0 0
302 77 248 0 0
303 77 249 0 0
304 77 250 0 0
305 77 251 0 0
306 77 252 0 0
307 77 253 0 0
308 77 254 0 0
309 77 255 0 0
310 77 256 0 0
311 77 257 0 0
312 77 258 0 0
313 77 259 0 0
314 77 260 0 0
315 77 261 0 0
316 77 262 0 0
317 77 263 0 0
318 77 264 0 0
319 77 265 0 0
320 77 266 0 0
321 77 267 0 0
322 77 268 0 0
323 77 269 0 0
324 77 270 0 0
325 77 271 0 0
326 77 272 0 0
