0 93 267 0 0
1 94 267 0 0
2 94 268 0 0
3 95 268 0 0
4 95 269 0 0
5 95 268 0 0
6 95 267 0 0
7 95 266 0 0
8 95 265 0 0
9 95 264 0 0
10 95 263 0 0
11 95 262 0 0
12 95 261 0 0
13 95 260 0 0
14 95 259 0 0
15 95 258 0 0
16 95 257 0 0
17 95 256 0 0
18 95 255 0 0
19 95 254 0 0
20 95 253 0 0
21 95 252 0 0
22 95 251 0 0
23 95 250 0 0
24 95 249 0 0
25 95 248 0 0
26 95 247 0 0
27 95 246 0 0
28 95 245 0 0
29 95 244 0 0
30 95 243 0 0
31 96 243 0 0
32 96 242 0 0
33 96 241 0 0
34 96 240 0 0
35 96 239 0 0
36 96 238 0 0
37 96 237 0 0
38 96 236 0 0
39 96 235 0 0
40 96 234 0 0
41 96 233 0 0
42 96 232 0 0
43 96 231 0 0
44 96 230 0 0
45 96 229 0 0
46 96 228 0 0
47 96 227 0 0
48 96 226 0 0
49 96 225 0 0
50 96 224 0 0
51 96 223 0 0
52 96 222 0 0
53 96 221 0 0
54 96 220 0 0
55 96 219 0 0
56 96 218 0 0
57 96 217 0 0
58 96 216 0 0
59 96 215 0 0
60 96 214 0 0
61 96 213 0 0
62 96 212 0 0
63 97 212 0 0
64 97 211 0 0
65 97 210 0 0
66 97 209 0 0
67 97 208 0 0
68 98 208 0 0
69 98 207 0 0
70 98 206 0 0
71 98 205 0 0
72 98 204 0 0
73 98 203 0 0
74 99 203 0 0
75 99 202 0 0
76 99 201 0 0
77 99 200 0 0
78 99 199 0 0
79 100 199 0 0
80 100 198 0 0
81 100 197 0 0
82 100 196 0 0
83 100 195 0 0
84 100 194 0 0
85 101 194 0 0
86 101 193 0 0
87 101 192 0 0
88 101 191 0 0
89 102 191 0 0
90 102 190 0 0
91 102 189 0 0
92 102 188 0 0
93 102 187 0 0
94 102 186 0 0
95 102 185 0 0
96 103 185 0 0
97 103 184 0 0
98 103 183 0 0
99 103 182 0 0
100 103 181 0 0
101 104 181 0 0
102 104 180 0 0
103 104 179 0 0
104 104 178 0 0
105 104 177 0 0
106 104 176 0 0
107 104 175 0 0
108 105 175 0 0
109 105 174 0 0
110 105 173 0 0
111 105 172 0 0
112 105 171 0 0
113 106 171 0 0
114 106 170 0 0
115 106 169 0 0
116 106 168 0 0
117 106 167 0 0
118 106 166 0 0
119 106 165 0 0
120 106 164 0 0
121 106 163 0 0
122 106 162 0 0
123 107 162 0 0
124 107 161 0 0
125 107 160 0 0
126 107 159 0 0
127 107 158 0 0
128 107 157 0 0
129 107 156 0 0
130 107 155 0 0
131 108 155 0 0
132 108 154 0 0
133 108 153 0 0
134 108 152 0 0
135 108 151 0 0
136 108 150 0 0
137 108 149 0 0
138 108 148 0 0
139 108 147 0 0
140 108 146 0 0
141 109 146 0 0
142 109 145 0 0
143 109 144 0 0
144 109 143 0 0
145 109 142 0 0
146 109 141 0 0
147 109 140 0 0
148 110 140 0 0
149 110 139 0 0
150 110 138 0 0
151 110 137 0 0
152 110 136 0 0
153 110 135 0 0
154 110 134 0 0
155 110 133 0 0
156 110 132 0 0
157 109 132 0 0
158 109 131 0 0
159 109 130 0 0
160 109 129 0 0
161 108 129 0 0
162 108 128 0 0
163 108 127 0 0
164 108 126 0 0
165 108 125 0 0
166 108 124 0 0
167 107 124 0 0
168 107 123 0 0
169 107 122 0 0
170 107 121 0 0
171 107 120 0 0
172 107 119 0 0
173 106 119 0 0
174 106 118 0 0
175 106 117 0 0
176 106 116 0 0
177 106 115 0 0
178 106 114 0 0
179 105 114 0 0
180 105 113 0 0
181 105 112 0 0
182 105 111 0 0
183 105 110 0 0
184 105 109 0 0
185 105 108 0 0
186 104 108 0 0
187 104 107 0 0
188 104 106 0 0
189 104 105 0 0
190 104 104 0 0
191 104 103 0 0
192 104 102 0 0
193 104 101 0 0
194 103 101 0 0
195 103 100 0 0
196 103 99 0 0
197 103 98 0 0
198 103 97 0 0
199 103 96 0 0
200 103 95 0 0
201 103 94 0 0
202 103 93 0 0
203 102 93 0 0
204 102 92 0 0
205 102 91 0 0
206 102 90 0 0
207 102 89 0 0
208 102 88 0 0
209 102 87 0 0
210 102 86 0 0
211 101 86 0 0
212 101 85 0 0
213 101 84 0 0
214 101 83 0 0
215 101 82 0 0
216 101 81 0 0
217 101 80 0 0
218 101 79 0 0
219 101 78 0 0
220 100 78 0 0
221 100 77 0 0
222 100 76 0 0
223 100 75 0 0
224 100 74 0 0
225 100 73 0 0
226 100 72 0 0
227 99 72 0 0
228 99 71 0 0
229 99 70 0 0
230 99 69 0 0
231 99 68 0 0
232 99 67 0 0
233 99 66 0 0
234 99 65 0 0
235 99 64 0 0
236 99 63 0 0
237 99 62 0 0
238 99 61 0 0
239 99 60 0 0
240 98 60 0 0
241 98 59 0 0
242 98 58 0 0
243 98 57 0 0
244 98 56 0 0
245 98 55 0 0
246 98 54 0 0
247 98 53 0 0
248 98 52 0 0
249 98 51 0 0
250 98 50 0 0
251 98 49 0 0
252 98 48 0 0
253 98 47 0 0
254 98 46 0 0
255 98 45 0 0
256 98 44 0 0
257 98 43 0 0
258 98 42 0 0
259 98 41 0 0
260 97 41 0 0
261 97 40 0 0
262 97 39 0 0
263 97 38 0 0
264 97 37 0 0
265 97 36 0 0
266 97 35 0 0
267 97 34 0 0
268 97 33 0 0
269 97 32 0 0
270 97 31 0 0
271 97 30 0 0
272 97 29 0 0
273 97 28 0 0
274 97 27 0 0
275 97 26 0 0
276 97 25 0 0
277 97 24 0 0
278 97 23 0 0
279 97 22 0 0
280 97 21 0 0
281 97 20 0 0
282 97 19 0 0
283 97 18 0 0
284 97 17 0 0
285 97 16 0 0
286 97 15 0 0
287 96 15 0 0
288 96 14 0 0
289 96 13 0 0
290 96 12 0 0
291 96 11 0 0
292 96 10 0 0
293 96 9 0 0
294 96 8 0 0
295 96 7 0 0
296 96 6 0 0
297 96 5 0 0
