0 141 54 0 0
1 140 54 0 0
2 140 55 0 0
3 139 55 0 0
4 138 55 0 0
5 138 56 0 0
6 137 56 0 0
7 136 56 0 0
8 136 57 0 0
9 135 57 0 0
10 135 58 0 0
11 135 57 0 0
12 134 57 0 0
13 133 57 0 0
14 132 57 0 0
15 131 57 0 0
16 131 56 0 0
17 130 56 0 0
18 129 56 0 0
19 128 56 0 0
20 127 56 0 0
21 126 56 0 0
22 125 56 0 0
23 124 56 0 0
24 123 56 0 0
25 122 56 0 0
26 121 56 0 0
27 120 56 0 0
28 119 56 0 0
29 118 56 0 0
30 117 56 0 0
31 116 56 0 0
32 116 57 0 0
33 115 57 0 0
34 115 58 0 0
35 114 58 0 0
36 113 58 0 0
37 113 59 0 0
38 112 59 0 0
39 111 59 0 0
40 111 58 0 0
41 110 58 0 0
42 109 58 0 0
43 109 57 0 0
44 108 57 0 0
45 108 56 0 0
46 107 56 0 0
47 106 56 0 0
48 105 56 0 0
49 105 55 0 0
50 104 55 0 0
51 103 55 0 0
52 103 54 0 0
53 102 54 0 0
54 101 54 0 0
55 100 54 0 0
56 100 53 0 0
57 100 52 0 0
58 100 51 0 0
59 99 51 0 0
60 99 50 0 0
61 99 49 0 0
62 98 49 0 0
63 98 48 0 0
64 98 47 0 0
65 97 47 0 0
66 97 46 0 0
67 97 45 0 0
68 96 45 0 0
69 96 44 0 0
70 96 43 0 0
71 96 42 0 0
72 95 42 0 0
73 95 41 0 0
74 95 40 0 0
75 95 39 0 0
76 95 38 0 0
77 95 37 0 0
78 95 36 0 0
79 94 36 0 0
80 94 35 0 0
81 94 34 0 0
82 94 33 0 0
83 94 32 0 0
84 94 31 0 0
85 94 30 0 0
86 94 29 0 0
87 94 28 0 0
88 94 27 0 0
89 94 26 0 0
90 94 25 0 0
91 94 24 0 0
92 94 23 0 0
93 94 22 0 0
94 94 21 0 0
95 93 21 0 0
96 93 20 0 0
97 93 19 0 0
98 93 18 0 0
99 93 17 0 0
100 93 16 0 0
101 93 15 0 0
102 93 14 0 0
103 93 13 0 0
104 93 12 0 0
105 93 11 0 0
106 93 10 0 0
107 93 9 0 0
108 93 8 0 0
109 93 7 0 0
110 93 6 0 0
111 93 5 0 0
112 93 4 0 0
113 93 3 0 0
114 93 4 0 0
115 94 4 0 0
116 94 5 0 0
117 95 5 0 0
118 95 6 0 0
119 95 7 0 0
120 96 7 0 0
121 96 8 0 0
122 96 9 0 0
123 97 9 0 0
124 97 10 0 0
125 98 10 0 0
126 98 11 0 0
127 99 11 0 0
128 99 12 0 0
129 99 13 0 0
130 100 13 0 0
131 100 14 0 0
132 100 15 0 0
133 101 15 0 0
134 101 16 0 0
135 102 16 0 0
136 102 17 0 0
137 102 18 0 0
138 103 18 0 0
139 103 19 0 0
140 104 19 0 0
141 104 20 0 0
142 105 20 0 0
143 105 21 0 0
144 105 22 0 0
145 106 22 0 0
146 106 23 0 0
147 106 24 0 0
148 107 24 0 0
149 107 25 0 0
150 108 25 0 0
151 108 26 0 0
152 108 27 0 0
153 109 27 0 0
154 109 28 0 0
155 110 28 0 0
156 110 29 0 0
157 110 30 0 0
158 111 30 0 0
159 111 31 0 0
160 112 31 0 0
161 112 32 0 0
162 112 33 0 0
163 113 33 0 0
164 113 34 0 0
165 114 34 0 0
166 114 35 0 0
167 114 36 0 0
168 115 36 0 0
169 115 37 0 0
170 116 37 0 0
171 116 38 0 0
172 116 39 0 0
173 117 39 0 0
174 117 40 0 0
175 117 41 0 0
176 118 41 0 0
177 118 42 0 0
178 119 42 0 0
179 119 43 0 0
180 120 43 0 0
181 120 44 0 0
182 120 45 0 0
183 121 45 0 0
184 121 46 0 0
185 122 46 0 0
186 122 47 0 0
187 122 48 0 0
188 123 48 0 0
189 123 49 0 0
190 124 49 0 0
191 124 50 0 0
192 124 51 0 0
193 125 51 0 0
194 125 52 0 0
195 126 52 0 0
196 126 53 0 0
197 126 54 0 0
198 127 54 0 0
199 127 55 0 0
