0 213 60 0 0
1 212 60 0 0
2 211 60 0 0
3 210 60 0 0
4 209 60 0 0
5 209 59 0 0
6 208 59 0 0
7 207 59 0 0
8 206 59 0 0
9 205 59 0 0
10 204 59 0 0
11 203 59 0 0
12 202 59 0 0
13 201 59 0 0
14 200 59 0 0
15 199 59 0 0
16 198 59 0 0
17 197 59 0 0
18 196 59 0 0
19 195 59 0 0
20 194 59 0 0
21 193 59 0 0
22 192 59 0 0
23 191 59 0 0
24 190 59 0 0
25 189 59 0 0
26 188 59 0 0
27 187 59 0 0
28 186 59 0 0
29 186 60 0 0
30 185 60 0 0
31 184 60 0 0
32 184 61 0 0
33 184 62 0 0
34 183 62 0 0
35 182 62 0 0
36 182 63 0 0
37 181 63 0 0
38 181 64 0 0
39 180 64 0 0
40 179 64 0 0
41 179 65 0 0
42 178 65 0 0
43 177 65 0 0
44 176 65 0 0
45 175 65 0 0
46 174 65 0 0
47 173 65 0 0
48 172 65 0 0
49 171 65 0 0
50 171 64 0 0
51 170 64 0 0
52 169 64 0 0
53 168 64 0 0
54 167 64 0 0
55 166 64 0 0
56 166 63 0 0
57 165 63 0 0
58 164 63 0 0
59 163 63 0 0
60 162 63 0 0
61 161 63 0 0
62 160 63 0 0
63 159 63 0 0
64 158 63 0 0
65 157 63 0 0
66 157 64 0 0
67 156 64 0 0
68 155 64 0 0
69 154 64 0 0
70 153 64 0 0
71 153 65 0 0
72 152 65 0 0
73 151 65 0 0
74 150 65 0 0
75 149 65 0 0
76 148 65 0 0
77 147 65 0 0
78 146 65 0 0
79 145 65 0 0
80 144 65 0 0
81 143 65 0 0
82 142 65 0 0
83 142 66 0 0
84 141 66 0 0
85 140 66 0 0
86 139 66 0 0
87 138 66 0 0
88 137 66 0 0
89 136 66 0 0
90 135 66 0 0
91 134 66 0 0
92 133 66 0 0
93 132 66 0 0
94 131 66 0 0
95 130 66 0 0
96 129 66 0 0
97 128 66 0 0
98 127 66 0 0
99 126 66 0 0
100 125 66 0 0
101 124 66 0 0
102 123 66 0 0
103 122 66 0 0
104 122 67 0 0
105 121 67 0 0
106 120 67 0 0
107 120 68 0 0
108 119 68 0 0
109 119 69 0 0
110 118 69 0 0
111 117 69 0 0
112 117 70 0 0
113 117 69 0 0
114 116 69 0 0
115 115 69 0 0
116 114 69 0 0
117 113 69 0 0
118 112 69 0 0
119 111 69 0 0
120 110 69 0 0
121 109 69 0 0
122 108 69 0 0
123 107 69 0 0
124 107 68 0 0
125 106 68 0 0
