0 108 272 0 0
1 108 271 0 0
2 108 270 0 0
3 108 269 0 0
4 108 268 0 0
5 108 267 0 0
6 107 267 0 0
7 107 266 0 0
8 107 265 0 0
9 107 264 0 0
10 107 263 0 0
11 107 262 0 0
12 107 261 0 0
13 107 260 0 0
14 107 259 0 0
15 107 258 0 0
16 106 258 0 0
17 106 257 0 0
18 106 256 0 0
19 106 255 0 0
20 106 254 0 0
21 106 253 0 0
22 106 252 0 0
23 106 251 0 0
24 105 251 0 0
25 105 250 0 0
26 105 249 0 0
27 105 248 0 0
28 105 247 0 0
29 105 246 0 0
30 105 245 0 0
31 105 244 0 0
32 105 243 0 0
33 105 242 0 0
34 105 241 0 0
35 104 241 0 0
36 104 240 0 0
37 104 239 0 0
38 104 238 0 0
39 104 237 0 0
40 104 236 0 0
41 104 235 0 0
42 104 234 0 0
43 104 233 0 0
44 104 232 0 0
45 103 232 0 0
46 103 231 0 0
47 103 230 0 0
48 103 229 0 0
49 103 228 0 0
50 103 227 0 0
51 103 226 0 0
52 103 225 0 0
53 103 224 0 0
54 103 223 0 0
55 103 222 0 0
56 103 221 0 0
57 103 220 0 0
58 103 219 0 0
59 103 218 0 0
60 103 217 0 0
61 103 216 0 0
62 103 215 0 0
63 103 214 0 0
64 103 213 0 0
65 103 212 0 0
66 103 211 0 0
67 103 210 0 0
68 103 209 0 0
69 103 208 0 0
70 103 207 0 0
71 103 206 0 0
72 103 205 0 0
73 103 204 0 0
74 103 203 0 0
75 103 202 0 0
76 103 201 0 0
77 102 201 0 0
78 102 200 0 0
79 102 199 0 0
80 102 198 0 0
81 102 197 0 0
82 102 196 0 0
83 102 195 0 0
84 101 195 0 0
85 101 194 0 0
86 101 193 0 0
87 101 192 0 0
88 101 191 0 0
89 101 190 0 0
90 101 189 0 0
91 101 188 0 0
92 101 187 0 0
93 101 186 0 0
94 101 185 0 0
95 101 184 0 0
96 101 183 0 0
97 101 182 0 0
98 101 181 0 0
99 101 180 0 0
100 100 180 0 0
101 100 179 0 0
102 100 178 0 0
103 100 177 0 0
104 100 176 0 0
105 100 175 0 0
106 100 174 0 0
107 100 173 0 0
108 100 172 0 0
109 100 171 0 0
110 100 170 0 0
111 100 169 0 0
112 100 168 0 0
113 100 167 0 0
114 100 166 0 0
115 99 166 0 0
116 99 165 0 0
117 99 164 0 0
118 99 163 0 0
119 99 162 0 0
120 99 161 0 0
121 99 160 0 0
122 99 159 0 0
123 99 158 0 0
124 99 157 0 0
125 99 156 0 0
126 99 155 0 0
127 99 154 0 0
128 99 153 0 0
129 99 152 0 0
130 99 151 0 0
131 99 150 0 0
132 98 150 0 0
133 98 149 0 0
134 98 148 0 0
135 98 147 0 0
136 98 146 0 0
137 98 145 0 0
138 98 144 0 0
139 98 143 0 0
140 98 142 0 0
141 98 141 0 0
142 98 140 0 0
143 98 139 0 0
144 98 138 0 0
145 97 138 0 0
146 97 137 0 0
147 97 136 0 0
148 97 135 0 0
149 97 134 0 0
150 96 134 0 0
151 96 133 0 0
152 96 132 0 0
153 96 131 0 0
154 96 130 0 0
155 96 129 0 0
156 96 128 0 0
157 95 128 0 0
158 95 127 0 0
159 95 126 0 0
160 95 125 0 0
161 94 125 0 0
162 94 124 0 0
163 94 123 0 0
164 94 122 0 0
165 94 121 0 0
166 93 121 0 0
167 93 120 0 0
168 93 119 0 0
169 93 118 0 0
170 93 117 0 0
171 92 117 0 0
172 92 116 0 0
173 92 115 0 0
174 92 114 0 0
175 92 113 0 0
