0 100 266 0 0
1 100 265 0 0
2 100 264 0 0
3 100 263 0 0
4 100 262 0 0
5 100 261 0 0
6 100 260 0 0
7 100 259 0 0
8 100 258 0 0
9 100 257 0 0
10 100 256 0 0
11 100 255 0 0
12 100 254 0 0
13 100 253 0 0
14 100 252 0 0
15 100 251 0 0
16 100 250 0 0
17 100 249 0 0
18 100 248 0 0
19 100 247 0 0
20 100 246 0 0
21 100 245 0 0
22 100 244 0 0
23 100 243 0 0
24 100 242 0 0
25 100 241 0 0
26 100 240 0 0
27 100 239 0 0
28 100 238 0 0
29 100 237 0 0
30 100 236 0 0
31 100 235 0 0
32 100 234 0 0
33 100 233 0 0
34 100 232 0 0
35 100 231 0 0
36 100 230 0 0
37 100 229 0 0
38 100 228 0 0
39 100 227 0 0
40 100 226 0 0
41 101 226 0 0
42 101 225 0 0
43 101 224 0 0
44 101 223 0 0
45 101 222 0 0
46 101 221 0 0
47 101 220 0 0
48 101 219 0 0
49 101 218 0 0
50 101 217 0 0
51 101 216 0 0
52 101 215 0 0
53 101 214 0 0
54 101 213 0 0
55 101 212 0 0
56 101 211 0 0
57 101 210 0 0
58 101 209 0 0
59 101 208 0 0
60 101 207 0 0
61 101 206 0 0
62 101 205 0 0
63 101 204 0 0
64 102 204 0 0
65 102 203 0 0
66 102 202 0 0
67 102 201 0 0
68 102 200 0 0
69 102 199 0 0
70 103 199 0 0
71 103 198 0 0
72 103 197 0 0
73 103 196 0 0
74 103 195 0 0
75 103 194 0 0
76 103 193 0 0
77 104 193 0 0
78 104 192 0 0
79 104 191 0 0
80 104 190 0 0
81 104 189 0 0
82 104 188 0 0
83 104 187 0 0
84 105 187 0 0
85 105 186 0 0
86 105 185 0 0
87 105 184 0 0
88 105 183 0 0
89 106 183 0 0
90 106 182 0 0
91 106 181 0 0
92 106 180 0 0
93 106 179 0 0
94 106 178 0 0
95 107 178 0 0
96 107 177 0 0
97 107 176 0 0
98 107 175 0 0
99 107 174 0 0
100 108 174 0 0
101 108 173 0 0
102 108 172 0 0
103 108 171 0 0
104 108 170 0 0
105 108 169 0 0
106 108 168 0 0
107 109 168 0 0
108 109 167 0 0
109 109 166 0 0
110 109 165 0 0
111 109 164 0 0
112 110 164 0 0
113 110 163 0 0
114 109 163 0 0
115 108 163 0 0
116 108 162 0 0
117 108 161 0 0
118 108 160 0 0
119 108 159 0 0
120 108 158 0 0
121 108 157 0 0
122 108 156 0 0
123 108 155 0 0
124 108 154 0 0
125 108 153 0 0
126 108 152 0 0
127 108 151 0 0
128 108 150 0 0
129 108 149 0 0
130 108 148 0 0
131 108 147 0 0
132 108 146 0 0
133 108 145 0 0
134 108 144 0 0
135 108 143 0 0
136 109 143 0 0
137 109 142 0 0
138 109 141 0 0
139 109 140 0 0
140 109 139 0 0
141 109 138 0 0
142 109 137 0 0
143 109 136 0 0
144 109 135 0 0
145 109 134 0 0
146 109 133 0 0
147 109 132 0 0
148 109 131 0 0
149 108 131 0 0
150 108 130 0 0
151 108 129 0 0
152 108 128 0 0
153 108 127 0 0
154 108 126 0 0
155 107 126 0 0
156 107 125 0 0
157 107 124 0 0
158 107 123 0 0
159 107 122 0 0
160 106 122 0 0
161 106 121 0 0
162 106 120 0 0
163 106 119 0 0
164 106 118 0 0
165 106 117 0 0
166 105 117 0 0
167 105 116 0 0
168 105 115 0 0
169 105 114 0 0
170 105 113 0 0
171 104 113 0 0
172 104 112 0 0
173 104 111 0 0
174 104 110 0 0
175 104 109 0 0
176 104 108 0 0
177 103 108 0 0
178 103 107 0 0
179 103 106 0 0
180 103 105 0 0
181 103 104 0 0
182 103 103 0 0
183 102 103 0 0
184 102 102 0 0
185 102 101 0 0
186 102 100 0 0
187 101 100 0 0
188 101 99 0 0
189 101 98 0 0
190 100 98 0 0
191 100 97 0 0
192 100 96 0 0
193 99 96 0 0
194 99 95 0 0
195 98 95 0 0
196 98 94 0 0
197 98 93 0 0
198 98 92 0 0
199 98 91 0 0
200 98 90 0 0
201 98 89 0 0
202 98 88 0 0
203 98 87 0 0
204 98 86 0 0
205 98 85 0 0
206 98 84 0 0
207 98 83 0 0
208 98 82 0 0
209 98 81 0 0
210 98 80 0 0
211 98 79 0 0
212 98 78 0 0
213 98 77 0 0
214 99 77 0 0
215 100 77 0 0
216 100 76 0 0
217 101 76 0 0
218 102 76 0 0
219 102 75 0 0
220 103 75 0 0
221 103 74 0 0
222 103 73 0 0
223 104 73 0 0
224 105 73 0 0
225 106 73 0 0
226 106 72 0 0
227 106 71 0 0
228 107 71 0 0
229 107 70 0 0
230 108 70 0 0
231 108 69 0 0
232 108 68 0 0
233 109 68 0 0
234 110 68 0 0
235 110 67 0 0
236 111 67 0 0
237 112 67 0 0
238 112 66 0 0
239 113 66 0 0
240 114 66 0 0
241 114 65 0 0
242 115 65 0 0
243 116 65 0 0
244 117 65 0 0
245 118 65 0 0
246 118 64 0 0
247 119 64 0 0
248 120 64 0 0
249 121 64 0 0
250 121 63 0 0
251 122 63 0 0
252 122 62 0 0
253 123 62 0 0
254 124 62 0 0
255 125 62 0 0
256 125 61 0 0
257 126 61 0 0
258 127 61 0 0
259 127 60 0 0
260 128 60 0 0
261 128 59 0 0
262 129 59 0 0
263 129 58 0 0
264 130 58 0 0
265 131 58 0 0
266 131 57 0 0
267 131 56 0 0
268 131 55 0 0
269 131 54 0 0
270 131 53 0 0
271 131 52 0 0
272 131 51 0 0
273 131 50 0 0
274 132 50 0 0
275 132 49 0 0
