0 80 5 0 0
1 80 6 0 0
2 81 6 0 0
3 81 7 0 0
4 81 8 0 0
5 81 9 0 0
6 81 10 0 0
7 81 11 0 0
8 81 12 0 0
9 81 13 0 0
10 81 14 0 0
11 81 15 0 0
12 81 16 0 0
13 81 17 0 0
14 81 18 0 0
15 81 19 0 0
16 81 20 0 0
17 81 21 0 0
18 81 22 0 0
19 81 23 0 0
20 81 24 0 0
21 81 25 0 0
22 81 26 0 0
23 81 27 0 0
24 81 28 0 0
25 81 29 0 0
26 81 30 0 0
27 81 31 0 0
28 81 32 0 0
29 81 33 0 0
30 81 34 0 0
31 81 35 0 0
32 81 36 0 0
33 81 37 0 0
34 81 38 0 0
35 81 39 0 0
36 81 40 0 0
37 81 41 0 0
38 81 42 0 0
39 81 43 0 0
40 81 44 0 0
41 81 45 0 0
42 81 46 0 0
43 81 47 0 0
44 81 48 0 0
45 81 49 0 0
46 81 50 0 0
47 81 51 0 0
48 81 52 0 0
49 81 53 0 0
50 81 54 0 0
51 81 55 0 0
52 81 56 0 0
53 82 56 0 0
54 82 57 0 0
55 82 58 0 0
56 82 59 0 0
57 83 59 0 0
58 83 60 0 0
59 83 61 0 0
60 83 62 0 0
61 84 62 0 0
62 84 63 0 0
63 84 64 0 0
64 84 65 0 0
65 84 66 0 0
66 85 66 0 0
67 85 67 0 0
68 85 68 0 0
69 85 69 0 0
70 86 69 0 0
71 86 70 0 0
72 86 71 0 0
73 86 72 0 0
74 87 72 0 0
75 87 73 0 0
76 87 74 0 0
77 87 75 0 0
78 87 76 0 0
79 88 76 0 0
80 88 77 0 0
81 89 77 0 0
82 89 78 0 0
83 90 78 0 0
84 90 79 0 0
85 91 79 0 0
86 91 80 0 0
87 92 80 0 0
88 92 81 0 0
89 93 81 0 0
90 93 82 0 0
91 94 82 0 0
92 94 83 0 0
93 94 84 0 0
94 95 84 0 0
95 95 85 0 0
96 96 85 0 0
97 97 85 0 0
98 98 85 0 0
99 99 85 0 0
100 100 85 0 0
101 100 84 0 0
102 101 84 0 0
103 102 84 0 0
104 103 84 0 0
105 104 84 0 0
106 105 84 0 0
107 106 84 0 0
108 106 83 0 0
109 107 83 0 0
110 108 83 0 0
111 109 83 0 0
112 109 82 0 0
113 109 81 0 0
114 109 80 0 0
115 110 80 0 0
116 110 79 0 0
117 110 78 0 0
118 110 77 0 0
119 110 76 0 0
120 110 75 0 0
121 110 74 0 0
122 110 73 0 0
123 110 72 0 0
124 110 71 0 0
125 110 70 0 0
126 110 69 0 0
127 111 69 0 0
128 111 68 0 0
129 111 67 0 0
130 111 66 0 0
131 111 65 0 0
132 111 64 0 0
133 111 63 0 0
134 111 62 0 0
135 111 61 0 0
136 111 60 0 0
137 111 59 0 0
138 112 59 0 0
139 112 58 0 0
140 112 57 0 0
141 112 56 0 0
142 112 55 0 0
143 112 54 0 0
144 112 53 0 0
145 112 52 0 0
146 112 51 0 0
147 112 50 0 0
148 112 49 0 0
149 112 48 0 0
150 112 47 0 0
151 112 46 0 0
152 112 45 0 0
153 112 44 0 0
154 112 43 0 0
155 112 42 0 0
156 112 41 0 0
157 112 40 0 0
158 112 39 0 0
159 112 38 0 0
160 112 37 0 0
161 112 36 0 0
162 112 35 0 0
163 112 34 0 0
164 112 33 0 0
165 112 32 0 0
166 112 31 0 0
167 112 30 0 0
168 112 29 0 0
169 112 28 0 0
170 112 27 0 0
171 112 26 0 0
172 112 25 0 0
173 112 24 0 0
174 112 23 0 0
175 112 22 0 0
176 112 21 0 0
177 112 20 0 0
178 112 19 0 0
179 112 18 0 0
180 112 17 0 0
181 112 16 0 0
182 111 16 0 0
183 111 15 0 0
184 111 14 0 0
185 111 13 0 0
186 111 12 0 0
187 111 11 0 0
188 111 10 0 0
189 110 10 0 0
190 110 9 0 0
191 110 8 0 0
