0 98 252 0 0
1 98 251 0 0
2 98 250 0 0
3 98 249 0 0
4 98 248 0 0
5 98 247 0 0
6 99 247 0 0
7 99 246 0 0
8 99 245 0 0
9 99 244 0 0
10 99 243 0 0
11 99 242 0 0
12 99 241 0 0
13 99 240 0 0
14 99 239 0 0
15 99 238 0 0
16 99 237 0 0
17 99 236 0 0
18 99 235 0 0
19 99 234 0 0
20 99 233 0 0
21 99 232 0 0
22 99 231 0 0
23 100 231 0 0
24 100 230 0 0
25 100 229 0 0
26 100 228 0 0
27 100 227 0 0
28 100 226 0 0
29 100 225 0 0
30 100 224 0 0
31 100 223 0 0
32 100 222 0 0
33 100 221 0 0
34 100 220 0 0
35 100 219 0 0
36 101 219 0 0
37 101 218 0 0
38 101 217 0 0
39 101 216 0 0
40 101 215 0 0
41 101 214 0 0
42 101 213 0 0
43 101 212 0 0
44 101 211 0 0
45 101 210 0 0
46 101 209 0 0
47 101 208 0 0
48 101 207 0 0
49 101 206 0 0
50 101 205 0 0
51 101 204 0 0
52 101 203 0 0
53 101 202 0 0
54 102 202 0 0
55 102 201 0 0
56 102 200 0 0
57 102 199 0 0
58 102 198 0 0
59 102 197 0 0
60 102 196 0 0
61 102 195 0 0
62 102 194 0 0
63 102 193 0 0
64 103 193 0 0
65 103 192 0 0
66 103 191 0 0
67 103 190 0 0
68 103 189 0 0
69 104 189 0 0
70 104 188 0 0
71 104 187 0 0
72 104 186 0 0
73 105 186 0 0
74 105 185 0 0
75 105 184 0 0
76 105 183 0 0
77 105 182 0 0
78 106 182 0 0
79 106 181 0 0
80 106 180 0 0
81 106 179 0 0
82 107 179 0 0
83 107 178 0 0
84 107 177 0 0
85 107 176 0 0
86 107 175 0 0
87 108 175 0 0
88 108 174 0 0
89 108 173 0 0
90 108 172 0 0
91 109 172 0 0
92 109 171 0 0
93 109 170 0 0
94 109 169 0 0
95 109 168 0 0
96 110 168 0 0
97 110 167 0 0
98 110 166 0 0
99 110 165 0 0
100 111 165 0 0
101 111 164 0 0
102 111 163 0 0
103 111 162 0 0
104 111 161 0 0
105 112 161 0 0
106 112 160 0 0
107 112 159 0 0
108 112 158 0 0
109 112 157 0 0
110 112 156 0 0
111 112 155 0 0
112 112 154 0 0
113 112 153 0 0
114 111 153 0 0
115 111 152 0 0
116 111 151 0 0
117 111 150 0 0
118 111 149 0 0
119 111 148 0 0
120 111 147 0 0
121 111 146 0 0
122 111 145 0 0
123 111 144 0 0
124 111 143 0 0
125 111 142 0 0
126 111 141 0 0
127 111 140 0 0
128 110 140 0 0
129 110 139 0 0
130 110 138 0 0
131 110 137 0 0
132 110 136 0 0
133 110 135 0 0
134 110 134 0 0
135 110 133 0 0
136 110 132 0 0
137 109 132 0 0
138 109 131 0 0
139 109 130 0 0
140 109 129 0 0
141 109 128 0 0
142 109 127 0 0
143 108 127 0 0
144 108 126 0 0
145 108 125 0 0
146 108 124 0 0
147 108 123 0 0
148 108 122 0 0
149 107 122 0 0
150 107 121 0 0
151 107 120 0 0
152 107 119 0 0
153 107 118 0 0
154 106 118 0 0
155 106 117 0 0
156 106 116 0 0
157 106 115 0 0
158 106 114 0 0
159 106 113 0 0
160 106 112 0 0
161 105 112 0 0
162 105 111 0 0
163 105 110 0 0
164 105 109 0 0
165 105 108 0 0
166 104 108 0 0
167 104 107 0 0
168 104 106 0 0
169 104 105 0 0
170 104 104 0 0
171 104 103 0 0
172 104 102 0 0
173 103 102 0 0
174 103 101 0 0
175 103 100 0 0
176 103 99 0 0
177 103 98 0 0
178 103 97 0 0
179 102 97 0 0
180 102 96 0 0
181 102 95 0 0
182 102 94 0 0
183 102 93 0 0
184 102 92 0 0
185 102 91 0 0
186 102 90 0 0
187 102 89 0 0
188 102 88 0 0
189 101 88 0 0
190 101 87 0 0
191 101 86 0 0
192 101 85 0 0
193 101 84 0 0
194 101 83 0 0
195 101 82 0 0
196 101 81 0 0
197 101 80 0 0
198 101 79 0 0
199 101 78 0 0
200 101 77 0 0
201 100 77 0 0
202 100 76 0 0
203 100 75 0 0
204 100 74 0 0
205 100 73 0 0
206 100 72 0 0
207 100 71 0 0
208 100 70 0 0
209 100 69 0 0
210 100 68 0 0
211 99 68 0 0
212 99 67 0 0
213 99 66 0 0
214 99 65 0 0
215 99 64 0 0
216 99 63 0 0
217 99 62 0 0
218 99 61 0 0
219 99 60 0 0
220 99 59 0 0
221 99 58 0 0
222 99 57 0 0
223 99 56 0 0
224 99 55 0 0
225 99 54 0 0
226 99 53 0 0
227 99 52 0 0
228 99 51 0 0
229 99 50 0 0
230 99 49 0 0
231 99 48 0 0
232 99 47 0 0
233 99 46 0 0
234 99 45 0 0
235 99 44 0 0
236 99 43 0 0
237 99 42 0 0
238 98 42 0 0
239 98 41 0 0
240 98 40 0 0
241 98 39 0 0
242 98 38 0 0
243 98 37 0 0
244 98 36 0 0
245 98 35 0 0
246 98 34 0 0
247 98 33 0 0
248 98 32 0 0
249 98 31 0 0
250 98 30 0 0
251 98 29 0 0
252 98 28 0 0
253 98 27 0 0
254 98 26 0 0
255 98 25 0 0
256 98 24 0 0
257 98 23 0 0
258 98 22 0 0
259 98 21 0 0
260 98 20 0 0
261 98 19 0 0
262 98 18 0 0
263 98 17 0 0
264 98 16 0 0
265 98 15 0 0
266 99 15 0 0
267 99 14 0 0
268 98 14 0 0
269 98 13 0 0
270 98 12 0 0
271 98 11 0 0
272 98 10 0 0
273 98 9 0 0
274 98 8 0 0
275 98 7 0 0
276 98 6 0 0
277 98 5 0 0
