0 110 270 0 0
1 110 269 0 0
2 110 268 0 0
3 110 267 0 0
4 110 266 0 0
5 110 265 0 0
6 110 264 0 0
7 110 263 0 0
8 110 262 0 0
9 110 261 0 0
10 110 260 0 0
11 110 259 0 0
12 110 258 0 0
13 110 257 0 0
14 110 256 0 0
15 110 255 0 0
16 110 254 0 0
17 110 253 0 0
18 110 252 0 0
19 110 251 0 0
20 110 250 0 0
21 110 249 0 0
22 110 248 0 0
23 111 248 0 0
24 111 247 0 0
25 111 246 0 0
26 111 245 0 0
27 111 244 0 0
28 111 243 0 0
29 111 242 0 0
30 111 241 0 0
31 111 240 0 0
32 111 239 0 0
33 111 238 0 0
34 111 237 0 0
35 111 236 0 0
36 111 235 0 0
37 111 234 0 0
38 111 233 0 0
39 111 232 0 0
40 111 231 0 0
41 111 230 0 0
42 111 229 0 0
43 111 228 0 0
44 111 227 0 0
45 111 226 0 0
46 111 225 0 0
47 111 224 0 0
48 111 223 0 0
49 111 222 0 0
50 111 221 0 0
51 111 220 0 0
52 111 219 0 0
53 111 218 0 0
54 111 217 0 0
55 111 216 0 0
