0 94 272 0 0
1 93 272 0 0
2 93 271 0 0
3 93 270 0 0
4 93 269 0 0
5 93 268 0 0
6 94 268 0 0
7 94 267 0 0
8 94 266 0 0
9 94 265 0 0
10 94 264 0 0
11 94 263 0 0
12 94 262 0 0
13 94 261 0 0
14 94 260 0 0
15 94 259 0 0
16 94 258 0 0
17 94 257 0 0
18 95 257 0 0
19 95 256 0 0
20 95 255 0 0
21 95 254 0 0
22 95 253 0 0
23 95 252 0 0
24 95 251 0 0
25 95 250 0 0
26 95 249 0 0
27 95 248 0 0
28 95 247 0 0
29 95 246 0 0
30 95 245 0 0
31 95 244 0 0
32 95 243 0 0
33 96 243 0 0
34 96 242 0 0
35 96 241 0 0
36 96 240 0 0
37 96 239 0 0
38 96 238 0 0
39 96 237 0 0
40 96 236 0 0
41 96 235 0 0
42 96 234 0 0
43 96 233 0 0
44 96 232 0 0
45 96 231 0 0
46 96 230 0 0
47 96 229 0 0
48 96 228 0 0
49 97 228 0 0
50 97 227 0 0
51 97 226 0 0
52 97 225 0 0
53 97 224 0 0
54 97 223 0 0
55 97 222 0 0
56 97 221 0 0
57 97 220 0 0
58 97 219 0 0
59 97 218 0 0
60 97 217 0 0
61 97 216 0 0
62 98 216 0 0
63 98 215 0 0
64 98 214 0 0
65 98 213 0 0
66 98 212 0 0
67 98 211 0 0
68 98 210 0 0
69 98 209 0 0
70 99 209 0 0
71 99 208 0 0
72 99 207 0 0
73 99 206 0 0
74 99 205 0 0
75 100 205 0 0
76 100 204 0 0
77 100 203 0 0
78 100 202 0 0
79 100 201 0 0
80 100 200 0 0
81 101 200 0 0
82 101 199 0 0
83 101 198 0 0
84 101 197 0 0
85 101 196 0 0
86 102 196 0 0
87 102 195 0 0
88 102 194 0 0
89 102 193 0 0
90 102 192 0 0
91 103 192 0 0
92 103 191 0 0
93 103 190 0 0
94 103 189 0 0
95 103 188 0 0
96 104 188 0 0
97 104 187 0 0
98 104 186 0 0
99 104 185 0 0
100 104 184 0 0
101 104 183 0 0
102 104 182 0 0
103 105 182 0 0
104 105 181 0 0
105 105 180 0 0
106 105 179 0 0
107 105 178 0 0
108 105 177 0 0
109 106 177 0 0
110 106 176 0 0
111 106 175 0 0
112 106 174 0 0
113 106 173 0 0
114 107 173 0 0
115 107 172 0 0
116 106 172 0 0
117 106 171 0 0
118 106 170 0 0
119 106 169 0 0
120 106 168 0 0
121 106 167 0 0
122 106 166 0 0
123 106 165 0 0
124 106 164 0 0
125 106 163 0 0
126 106 162 0 0
127 106 161 0 0
128 106 160 0 0
129 106 159 0 0
130 106 158 0 0
131 106 157 0 0
132 106 156 0 0
133 106 155 0 0
134 106 154 0 0
135 106 153 0 0
136 106 152 0 0
137 106 151 0 0
138 106 150 0 0
139 106 149 0 0
140 106 148 0 0
141 106 147 0 0
142 106 146 0 0
143 106 145 0 0
144 106 144 0 0
145 106 143 0 0
146 106 142 0 0
147 106 141 0 0
148 106 140 0 0
149 106 139 0 0
150 106 138 0 0
151 106 137 0 0
152 106 136 0 0
153 106 135 0 0
154 106 134 0 0
155 106 133 0 0
156 106 132 0 0
157 106 131 0 0
158 106 130 0 0
159 106 129 0 0
160 106 128 0 0
161 106 127 0 0
162 106 126 0 0
163 106 125 0 0
164 105 125 0 0
165 105 124 0 0
166 105 123 0 0
167 105 122 0 0
168 105 121 0 0
169 104 121 0 0
170 104 120 0 0
171 104 119 0 0
172 104 118 0 0
173 104 117 0 0
174 104 116 0 0
175 104 115 0 0
176 104 114 0 0
177 103 114 0 0
178 103 113 0 0
179 103 112 0 0
180 103 111 0 0
181 103 110 0 0
182 102 110 0 0
183 102 109 0 0
184 102 108 0 0
185 102 107 0 0
186 102 106 0 0
187 102 105 0 0
188 102 104 0 0
189 101 104 0 0
190 101 103 0 0
191 101 102 0 0
192 101 101 0 0
193 101 100 0 0
194 100 100 0 0
195 100 99 0 0
196 100 98 0 0
197 100 97 0 0
198 100 96 0 0
199 100 95 0 0
200 100 94 0 0
201 99 94 0 0
202 99 93 0 0
203 99 92 0 0
204 99 91 0 0
205 99 90 0 0
206 98 90 0 0
207 98 89 0 0
208 98 88 0 0
209 98 87 0 0
210 98 86 0 0
211 98 85 0 0
212 98 84 0 0
213 98 83 0 0
214 98 82 0 0
215 98 81 0 0
216 98 80 0 0
217 98 79 0 0
218 97 79 0 0
219 97 78 0 0
220 97 77 0 0
221 97 76 0 0
222 97 75 0 0
223 97 74 0 0
224 97 73 0 0
225 97 72 0 0
226 97 71 0 0
227 97 70 0 0
228 97 69 0 0
229 97 68 0 0
230 97 67 0 0
231 97 66 0 0
232 97 65 0 0
233 97 64 0 0
234 97 63 0 0
235 97 62 0 0
236 97 61 0 0
237 97 60 0 0
238 96 60 0 0
239 96 59 0 0
240 96 58 0 0
241 96 57 0 0
242 96 56 0 0
243 96 55 0 0
244 96 54 0 0
245 96 53 0 0
246 96 52 0 0
247 96 51 0 0
248 96 50 0 0
249 96 49 0 0
250 96 48 0 0
251 96 47 0 0
252 96 46 0 0
253 96 45 0 0
254 96 44 0 0
255 96 43 0 0
256 96 42 0 0
257 96 41 0 0
258 96 40 0 0
259 96 39 0 0
260 96 38 0 0
261 96 37 0 0
262 96 36 0 0
263 96 35 0 0
264 96 34 0 0
265 96 33 0 0
266 96 32 0 0
267 96 31 0 0
268 96 30 0 0
269 96 29 0 0
270 96 28 0 0
271 96 27 0 0
272 96 26 0 0
273 96 25 0 0
274 96 24 0 0
275 96 23 0 0
276 96 22 0 0
277 96 21 0 0
278 96 20 0 0
279 96 19 0 0
280 96 18 0 0
281 96 17 0 0
282 96 16 0 0
283 96 15 0 0
284 96 14 0 0
285 96 13 0 0
286 96 12 0 0
287 96 11 0 0
288 95 11 0 0
289 95 10 0 0
290 95 9 0 0
291 95 8 0 0
292 95 7 0 0
293 95 6 0 0
294 95 5 0 0
295 95 4 0 0
