0 32 125 0 0
1 33 125 0 0
2 33 124 0 0
3 34 124 0 0
4 34 123 0 0
5 35 123 0 0
6 35 122 0 0
7 36 122 0 0
8 36 121 0 0
9 37 121 0 0
10 37 120 0 0
11 38 120 0 0
12 38 119 0 0
13 39 119 0 0
14 39 118 0 0
15 40 118 0 0
16 40 117 0 0
17 41 117 0 0
18 41 116 0 0
19 42 116 0 0
20 42 115 0 0
21 43 115 0 0
22 43 114 0 0
23 44 114 0 0
24 44 113 0 0
25 45 113 0 0
26 45 112 0 0
27 46 112 0 0
28 46 111 0 0
29 47 111 0 0
30 47 110 0 0
31 48 110 0 0
32 48 109 0 0
33 49 109 0 0
34 49 108 0 0
35 50 108 0 0
36 50 107 0 0
37 51 107 0 0
38 51 106 0 0
39 52 106 0 0
40 52 105 0 0
41 53 105 0 0
42 53 104 0 0
43 54 104 0 0
44 54 103 0 0
45 55 103 0 0
46 56 103 0 0
47 56 102 0 0
48 57 102 0 0
49 57 101 0 0
50 58 101 0 0
51 58 100 0 0
52 59 100 0 0
53 59 99 0 0
54 60 99 0 0
55 60 98 0 0
56 61 98 0 0
57 61 97 0 0
58 62 97 0 0
59 62 96 0 0
60 63 96 0 0
61 63 95 0 0
62 64 95 0 0
63 64 94 0 0
64 65 94 0 0
65 65 93 0 0
66 66 93 0 0
67 66 92 0 0
68 67 92 0 0
69 67 91 0 0
70 68 91 0 0
71 68 90 0 0
72 69 90 0 0
73 69 89 0 0
74 70 89 0 0
75 70 88 0 0
76 71 88 0 0
77 71 87 0 0
78 72 87 0 0
79 72 86 0 0
80 72 85 0 0
81 73 85 0 0
82 73 84 0 0
83 74 84 0 0
84 74 83 0 0
85 75 83 0 0
86 75 82 0 0
87 75 81 0 0
88 76 81 0 0
89 76 80 0 0
90 77 80 0 0
91 77 79 0 0
92 78 79 0 0
93 78 78 0 0
94 78 77 0 0
95 79 77 0 0
96 79 76 0 0
97 80 76 0 0
98 80 75 0 0
99 81 75 0 0
100 81 74 0 0
101 81 73 0 0
102 82 73 0 0
103 82 72 0 0
104 82 71 0 0
105 82 70 0 0
106 82 69 0 0
107 83 69 0 0
108 83 68 0 0
109 83 67 0 0
110 83 66 0 0
111 83 65 0 0
112 84 65 0 0
113 84 64 0 0
114 84 63 0 0
115 84 62 0 0
116 84 61 0 0
117 85 61 0 0
118 85 60 0 0
119 85 59 0 0
120 85 58 0 0
121 85 57 0 0
122 85 56 0 0
123 86 56 0 0
124 86 55 0 0
125 86 54 0 0
126 86 53 0 0
127 86 52 0 0
128 87 52 0 0
129 87 51 0 0
130 87 50 0 0
131 87 49 0 0
132 87 48 0 0
133 88 48 0 0
134 88 47 0 0
135 88 46 0 0
136 88 45 0 0
137 88 44 0 0
138 88 43 0 0
139 89 43 0 0
140 89 42 0 0
141 89 41 0 0
142 90 41 0 0
143 90 40 0 0
144 90 39 0 0
145 90 38 0 0
146 90 37 0 0
147 90 36 0 0
148 91 36 0 0
149 91 35 0 0
150 91 34 0 0
151 91 33 0 0
152 91 32 0 0
153 92 32 0 0
154 92 31 0 0
155 92 30 0 0
156 92 29 0 0
157 93 29 0 0
158 93 28 0 0
159 93 27 0 0
160 93 26 0 0
161 93 25 0 0
162 93 24 0 0
163 93 23 0 0
164 93 22 0 0
165 94 22 0 0
166 94 21 0 0
167 94 20 0 0
168 94 19 0 0
169 94 18 0 0
170 94 17 0 0
171 95 17 0 0
172 95 16 0 0
173 95 15 0 0
174 95 14 0 0
175 95 13 0 0
176 95 12 0 0
177 95 11 0 0
178 96 11 0 0
179 96 10 0 0
180 96 9 0 0
181 96 8 0 0
182 96 7 0 0
183 96 6 0 0
184 96 5 0 0
185 97 5 0 0
186 97 4 0 0
187 97 3 0 0
188 97 2 0 0
