0 102 182 0 0
1 103 182 0 0
2 103 181 0 0
3 104 181 0 0
4 104 180 0 0
5 104 179 0 0
6 105 179 0 0
7 106 179 0 0
8 106 178 0 0
9 107 178 0 0
10 107 177 0 0
11 108 177 0 0
12 108 176 0 0
13 109 176 0 0
14 109 175 0 0
15 110 175 0 0
16 110 174 0 0
17 111 174 0 0
18 111 173 0 0
19 112 173 0 0
20 112 172 0 0
21 113 172 0 0
22 113 171 0 0
23 114 171 0 0
24 114 170 0 0
25 115 170 0 0
26 116 170 0 0
27 116 169 0 0
28 117 169 0 0
29 117 168 0 0
30 118 168 0 0
31 118 167 0 0
32 119 167 0 0
33 119 166 0 0
34 120 166 0 0
35 120 165 0 0
36 121 165 0 0
37 121 164 0 0
38 122 164 0 0
39 122 163 0 0
40 123 163 0 0
41 123 162 0 0
42 124 162 0 0
43 124 161 0 0
44 125 161 0 0
45 125 160 0 0
46 126 160 0 0
47 127 160 0 0
48 127 159 0 0
49 128 159 0 0
50 128 158 0 0
51 129 158 0 0
52 129 157 0 0
53 130 157 0 0
54 131 157 0 0
55 132 157 0 0
56 132 156 0 0
57 133 156 0 0
58 134 156 0 0
59 135 156 0 0
60 136 156 0 0
61 137 156 0 0
62 137 155 0 0
63 138 155 0 0
64 139 155 0 0
65 140 155 0 0
66 141 155 0 0
67 142 155 0 0
68 142 154 0 0
69 143 154 0 0
70 144 154 0 0
71 145 154 0 0
72 145 153 0 0
73 146 153 0 0
74 147 153 0 0
75 148 153 0 0
76 149 153 0 0
77 150 153 0 0
78 150 152 0 0
79 151 152 0 0
80 152 152 0 0
81 153 152 0 0
82 154 152 0 0
83 155 152 0 0
84 156 152 0 0
85 157 152 0 0
86 158 152 0 0
87 159 152 0 0
88 160 152 0 0
89 161 152 0 0
90 162 152 0 0
91 163 152 0 0
92 164 152 0 0
93 165 152 0 0
94 166 152 0 0
95 167 152 0 0
96 168 152 0 0
97 169 152 0 0
98 170 152 0 0
99 171 152 0 0
100 172 152 0 0
101 173 152 0 0
102 174 152 0 0
103 174 153 0 0
104 173 153 0 0
105 172 153 0 0
106 171 153 0 0
107 170 153 0 0
108 169 153 0 0
109 168 153 0 0
110 167 153 0 0
111 166 153 0 0
112 165 153 0 0
113 164 153 0 0
114 163 153 0 0
115 163 154 0 0
116 162 154 0 0
117 161 154 0 0
118 160 154 0 0
119 159 154 0 0
120 158 154 0 0
121 157 154 0 0
122 157 155 0 0
123 156 155 0 0
124 155 155 0 0
125 154 155 0 0
126 153 155 0 0
127 152 155 0 0
128 151 155 0 0
129 150 155 0 0
130 149 155 0 0
131 148 155 0 0
132 147 155 0 0
133 146 155 0 0
134 146 156 0 0
135 145 156 0 0
136 144 156 0 0
137 143 156 0 0
138 142 156 0 0
139 141 156 0 0
140 140 156 0 0
141 139 156 0 0
142 138 156 0 0
143 137 156 0 0
144 136 156 0 0
145 135 156 0 0
146 135 157 0 0
147 134 157 0 0
148 133 157 0 0
149 132 157 0 0
150 131 157 0 0
151 130 157 0 0
152 129 157 0 0
