0 6 125 0 0
1 5 125 0 0
2 5 124 0 0
3 5 123 0 0
4 6 123 0 0
5 6 122 0 0
6 7 122 0 0
7 8 122 0 0
8 9 122 0 0
9 10 122 0 0
10 11 122 0 0
11 12 122 0 0
12 13 122 0 0
13 14 122 0 0
14 15 122 0 0
15 16 122 0 0
16 17 122 0 0
17 18 122 0 0
18 19 122 0 0
19 20 122 0 0
20 21 122 0 0
21 22 122 0 0
22 23 122 0 0
23 24 122 0 0
24 24 121 0 0
25 25 121 0 0
26 26 121 0 0
27 27 121 0 0
28 28 121 0 0
29 29 121 0 0
30 30 121 0 0
31 31 121 0 0
32 32 121 0 0
33 33 121 0 0
34 34 121 0 0
35 35 121 0 0
36 36 121 0 0
37 37 121 0 0
38 38 121 0 0
39 39 121 0 0
40 40 121 0 0
41 41 121 0 0
42 42 121 0 0
43 42 120 0 0
44 43 120 0 0
45 44 120 0 0
46 45 120 0 0
47 46 120 0 0
48 47 120 0 0
49 48 120 0 0
50 49 120 0 0
51 50 120 0 0
52 51 120 0 0
53 52 120 0 0
54 53 120 0 0
55 54 120 0 0
56 54 119 0 0
57 55 119 0 0
58 56 119 0 0
59 57 119 0 0
60 58 119 0 0
61 58 118 0 0
62 59 118 0 0
63 60 118 0 0
64 60 117 0 0
65 61 117 0 0
66 62 117 0 0
67 63 117 0 0
68 63 116 0 0
69 64 116 0 0
70 65 116 0 0
71 66 116 0 0
72 67 116 0 0
73 67 115 0 0
74 68 115 0 0
75 69 115 0 0
76 69 114 0 0
77 70 114 0 0
78 71 114 0 0
79 71 113 0 0
80 72 113 0 0
81 73 113 0 0
82 73 112 0 0
83 74 112 0 0
84 74 111 0 0
85 74 110 0 0
86 74 109 0 0
87 75 109 0 0
88 75 108 0 0
89 75 107 0 0
90 75 106 0 0
91 76 106 0 0
92 76 105 0 0
93 76 104 0 0
94 77 104 0 0
95 77 103 0 0
96 77 102 0 0
97 78 102 0 0
98 78 101 0 0
99 78 100 0 0
100 78 99 0 0
101 79 99 0 0
102 79 98 0 0
103 79 97 0 0
104 79 96 0 0
105 79 95 0 0
106 79 94 0 0
107 79 93 0 0
108 79 92 0 0
109 80 92 0 0
110 80 91 0 0
111 80 90 0 0
112 80 89 0 0
113 80 88 0 0
114 80 87 0 0
115 80 86 0 0
116 80 85 0 0
117 80 84 0 0
118 80 83 0 0
119 81 83 0 0
120 81 82 0 0
121 81 81 0 0
122 81 80 0 0
123 81 79 0 0
124 81 78 0 0
125 81 77 0 0
126 81 76 0 0
127 81 75 0 0
128 81 74 0 0
129 81 73 0 0
130 82 73 0 0
131 82 72 0 0
132 82 71 0 0
133 83 71 0 0
134 83 70 0 0
135 83 69 0 0
136 83 68 0 0
137 84 68 0 0
138 84 67 0 0
139 84 66 0 0
140 84 65 0 0
141 85 65 0 0
142 85 64 0 0
143 85 63 0 0
144 85 62 0 0
145 86 62 0 0
146 86 61 0 0
147 86 60 0 0
148 86 59 0 0
149 87 59 0 0
150 87 58 0 0
151 87 57 0 0
152 87 56 0 0
153 87 55 0 0
154 88 55 0 0
155 88 54 0 0
156 88 53 0 0
157 88 52 0 0
158 89 52 0 0
159 89 51 0 0
160 89 50 0 0
161 89 49 0 0
162 90 49 0 0
163 90 48 0 0
164 90 47 0 0
165 90 46 0 0
166 90 45 0 0
167 91 45 0 0
168 91 44 0 0
169 91 43 0 0
170 91 42 0 0
171 91 41 0 0
172 91 40 0 0
173 91 39 0 0
174 91 38 0 0
175 91 37 0 0
176 91 36 0 0
177 91 35 0 0
178 91 34 0 0
179 91 33 0 0
180 91 32 0 0
181 92 32 0 0
182 92 31 0 0
183 92 30 0 0
184 92 29 0 0
185 92 28 0 0
186 92 27 0 0
187 92 26 0 0
188 92 25 0 0
189 92 24 0 0
190 92 23 0 0
191 91 23 0 0
192 91 22 0 0
193 91 21 0 0
194 91 20 0 0
195 91 19 0 0
196 91 18 0 0
197 91 17 0 0
198 90 17 0 0
199 90 16 0 0
200 90 15 0 0
201 90 14 0 0
202 90 13 0 0
203 90 12 0 0
204 90 11 0 0
205 89 11 0 0
206 89 10 0 0
207 89 9 0 0
208 89 8 0 0
209 89 7 0 0
210 89 6 0 0
211 89 5 0 0
212 89 4 0 0
213 89 3 0 0
214 89 2 0 0
215 88 2 0 0
