0 50 100 0 0
1 51 100 0 0
2 51 99 0 0
3 52 99 0 0
4 53 99 0 0
5 53 98 0 0
6 54 98 0 0
7 55 98 0 0
8 55 97 0 0
9 56 97 0 0
10 57 97 0 0
11 57 96 0 0
12 58 96 0 0
13 59 96 0 0
14 60 96 0 0
15 60 95 0 0
16 61 95 0 0
17 62 95 0 0
18 62 94 0 0
19 63 94 0 0
20 63 93 0 0
21 64 93 0 0
22 65 93 0 0
23 65 92 0 0
24 66 92 0 0
25 67 92 0 0
26 67 91 0 0
27 68 91 0 0
28 69 91 0 0
29 70 91 0 0
30 71 91 0 0
31 72 91 0 0
32 73 91 0 0
33 74 91 0 0
34 75 91 0 0
35 76 91 0 0
36 77 91 0 0
37 78 91 0 0
38 79 91 0 0
39 79 92 0 0
40 80 92 0 0
41 81 92 0 0
42 82 92 0 0
43 83 92 0 0
44 84 92 0 0
45 85 92 0 0
46 86 92 0 0
47 87 92 0 0
48 88 92 0 0
49 89 92 0 0
50 90 92 0 0
51 90 93 0 0
52 91 93 0 0
53 92 93 0 0
54 93 93 0 0
55 94 93 0 0
56 95 93 0 0
57 96 93 0 0
58 96 94 0 0
59 97 94 0 0
60 97 95 0 0
61 98 95 0 0
62 99 95 0 0
63 99 96 0 0
64 100 96 0 0
65 101 96 0 0
66 101 97 0 0
67 102 97 0 0
68 103 97 0 0
69 103 98 0 0
70 104 98 0 0
71 104 99 0 0
72 104 98 0 0
73 105 98 0 0
74 106 98 0 0
75 106 97 0 0
76 107 97 0 0
77 108 97 0 0
78 109 97 0 0
79 109 96 0 0
80 110 96 0 0
81 110 95 0 0
82 110 94 0 0
83 110 93 0 0
84 110 92 0 0
85 110 91 0 0
86 110 90 0 0
87 110 89 0 0
88 110 88 0 0
89 110 87 0 0
90 110 86 0 0
91 110 85 0 0
92 110 84 0 0
93 110 83 0 0
94 110 82 0 0
95 110 81 0 0
96 111 81 0 0
97 111 80 0 0
98 111 79 0 0
99 112 79 0 0
100 112 78 0 0
101 112 77 0 0
102 112 76 0 0
103 113 76 0 0
104 113 75 0 0
105 113 74 0 0
106 114 74 0 0
107 114 73 0 0
108 114 72 0 0
109 115 72 0 0
110 115 71 0 0
111 115 70 0 0
112 116 70 0 0
113 116 69 0 0
114 116 68 0 0
115 117 68 0 0
116 117 67 0 0
117 117 66 0 0
118 118 66 0 0
119 118 65 0 0
120 118 64 0 0
121 119 64 0 0
122 119 63 0 0
123 120 63 0 0
124 121 63 0 0
125 122 63 0 0
126 123 63 0 0
127 124 63 0 0
128 125 63 0 0
129 126 63 0 0
130 127 63 0 0
131 128 63 0 0
132 128 62 0 0
133 129 62 0 0
134 129 61 0 0
135 129 60 0 0
136 129 59 0 0
137 130 59 0 0
138 130 58 0 0
139 130 57 0 0
140 130 56 0 0
141 131 56 0 0
142 131 55 0 0
143 132 55 0 0
144 132 54 0 0
145 132 53 0 0
146 132 52 0 0
147 132 51 0 0
148 132 50 0 0
149 132 49 0 0
150 132 48 0 0
151 132 47 0 0
152 131 47 0 0
153 131 46 0 0
154 131 45 0 0
155 131 44 0 0
