0 177 150 0 0
1 177 149 0 0
2 178 149 0 0
3 179 149 0 0
4 180 149 0 0
5 181 149 0 0
6 182 149 0 0
7 183 149 0 0
8 184 149 0 0
9 185 149 0 0
10 186 149 0 0
11 186 148 0 0
12 187 148 0 0
13 188 148 0 0
14 189 148 0 0
15 190 148 0 0
16 191 148 0 0
17 192 148 0 0
18 193 148 0 0
19 194 148 0 0
20 194 147 0 0
21 195 147 0 0
22 196 147 0 0
23 196 146 0 0
24 195 146 0 0
25 195 145 0 0
26 195 144 0 0
27 195 143 0 0
28 195 142 0 0
29 195 141 0 0
30 194 141 0 0
31 193 141 0 0
32 192 141 0 0
33 191 141 0 0
34 190 141 0 0
35 189 141 0 0
36 188 141 0 0
37 187 141 0 0
38 187 142 0 0
39 186 142 0 0
40 185 142 0 0
41 184 142 0 0
42 183 142 0 0
43 182 142 0 0
44 181 142 0 0
45 180 142 0 0
46 179 142 0 0
47 178 142 0 0
48 177 142 0 0
49 176 142 0 0
50 175 142 0 0
51 174 142 0 0
52 174 143 0 0
53 173 143 0 0
54 172 143 0 0
55 171 143 0 0
56 170 143 0 0
57 169 143 0 0
58 168 143 0 0
59 167 143 0 0
60 166 143 0 0
61 165 143 0 0
62 164 143 0 0
63 163 143 0 0
64 162 143 0 0
65 161 143 0 0
66 161 142 0 0
67 160 142 0 0
68 159 142 0 0
69 158 142 0 0
70 157 142 0 0
71 156 142 0 0
72 156 141 0 0
73 155 141 0 0
74 154 141 0 0
75 153 141 0 0
76 152 141 0 0
77 152 140 0 0
78 151 140 0 0
79 150 140 0 0
80 149 140 0 0
81 148 140 0 0
82 147 140 0 0
83 147 139 0 0
84 146 139 0 0
85 145 139 0 0
86 144 139 0 0
87 143 139 0 0
88 142 139 0 0
89 141 139 0 0
90 141 138 0 0
91 140 138 0 0
92 139 138 0 0
93 139 137 0 0
94 138 137 0 0
95 138 136 0 0
96 137 136 0 0
97 136 136 0 0
98 136 135 0 0
99 135 135 0 0
100 135 134 0 0
101 134 134 0 0
102 133 134 0 0
103 133 133 0 0
104 132 133 0 0
105 131 133 0 0
106 131 132 0 0
107 130 132 0 0
108 130 131 0 0
109 129 131 0 0
110 128 131 0 0
111 128 130 0 0
112 127 130 0 0
113 127 129 0 0
114 126 129 0 0
115 125 129 0 0
116 125 128 0 0
117 124 128 0 0
118 123 128 0 0
119 123 127 0 0
120 122 127 0 0
121 121 127 0 0
122 121 126 0 0
123 120 126 0 0
124 120 125 0 0
125 119 125 0 0
126 119 124 0 0
127 118 124 0 0
128 118 123 0 0
129 117 123 0 0
130 117 122 0 0
131 117 121 0 0
132 116 121 0 0
133 116 120 0 0
134 115 120 0 0
135 115 119 0 0
136 114 119 0 0
137 113 119 0 0
138 113 118 0 0
139 113 117 0 0
