0 198 120 0 0
1 197 120 0 0
2 197 119 0 0
3 196 119 0 0
4 195 119 0 0
5 195 118 0 0
6 194 118 0 0
7 193 118 0 0
8 192 118 0 0
9 192 119 0 0
10 191 119 0 0
11 190 119 0 0
12 189 119 0 0
13 188 119 0 0
14 187 119 0 0
15 186 119 0 0
16 185 119 0 0
17 185 120 0 0
18 184 120 0 0
19 183 120 0 0
20 182 120 0 0
21 181 120 0 0
22 181 119 0 0
23 180 119 0 0
24 179 119 0 0
25 178 119 0 0
26 177 119 0 0
27 176 119 0 0
28 175 119 0 0
29 174 119 0 0
30 174 118 0 0
31 173 118 0 0
32 172 118 0 0
33 172 117 0 0
34 171 117 0 0
35 170 117 0 0
36 169 117 0 0
37 168 117 0 0
38 167 117 0 0
39 167 116 0 0
40 166 116 0 0
41 166 117 0 0
42 165 117 0 0
43 164 117 0 0
44 163 117 0 0
45 162 117 0 0
46 161 117 0 0
47 160 117 0 0
48 159 117 0 0
49 158 117 0 0
50 158 116 0 0
51 157 116 0 0
52 156 116 0 0
53 155 116 0 0
54 154 116 0 0
55 154 115 0 0
56 153 115 0 0
57 153 114 0 0
58 152 114 0 0
59 151 114 0 0
60 150 114 0 0
61 149 114 0 0
62 149 113 0 0
63 148 113 0 0
64 147 113 0 0
65 146 113 0 0
66 146 112 0 0
67 145 112 0 0
68 144 112 0 0
69 144 111 0 0
70 143 111 0 0
71 142 111 0 0
72 142 110 0 0
73 141 110 0 0
74 141 109 0 0
75 140 109 0 0
76 139 109 0 0
77 139 108 0 0
78 138 108 0 0
79 137 108 0 0
80 136 108 0 0
81 136 107 0 0
82 135 107 0 0
83 135 106 0 0
84 134 106 0 0
85 133 106 0 0
86 133 105 0 0
87 132 105 0 0
88 131 105 0 0
89 131 104 0 0
90 130 104 0 0
91 129 104 0 0
92 128 104 0 0
93 128 103 0 0
94 128 102 0 0
95 127 102 0 0
96 127 101 0 0
97 126 101 0 0
98 126 100 0 0
99 125 100 0 0
100 125 99 0 0
101 125 98 0 0
102 124 98 0 0
103 124 97 0 0
104 123 97 0 0
105 123 96 0 0
106 122 96 0 0
107 122 95 0 0
108 121 95 0 0
109 121 94 0 0
110 120 94 0 0
111 120 93 0 0
112 120 92 0 0
113 119 92 0 0
114 119 91 0 0
115 118 91 0 0
116 118 90 0 0
117 118 89 0 0
118 117 89 0 0
119 117 88 0 0
120 117 87 0 0
121 116 87 0 0
122 116 86 0 0
123 116 85 0 0
124 115 85 0 0
125 115 84 0 0
126 115 83 0 0
127 114 83 0 0
128 114 82 0 0
129 113 82 0 0
130 113 81 0 0
131 113 80 0 0
132 113 79 0 0
133 112 79 0 0
134 112 78 0 0
135 112 77 0 0
136 111 77 0 0
137 111 76 0 0
138 111 75 0 0
139 111 74 0 0
140 110 74 0 0
141 110 73 0 0
142 110 72 0 0
143 110 71 0 0
144 110 70 0 0
145 110 69 0 0
146 110 68 0 0
147 110 67 0 0
148 109 67 0 0
149 109 66 0 0
150 109 65 0 0
151 109 64 0 0
152 109 63 0 0
153 109 62 0 0
154 108 62 0 0
155 108 61 0 0
156 108 60 0 0
157 108 59 0 0
158 108 58 0 0
159 108 57 0 0
160 108 56 0 0
161 108 55 0 0
162 107 55 0 0
163 107 54 0 0
164 107 53 0 0
165 107 52 0 0
166 107 51 0 0
167 107 50 0 0
168 107 49 0 0
169 107 48 0 0
170 107 47 0 0
171 107 46 0 0
172 107 45 0 0
173 107 44 0 0
174 107 43 0 0
175 108 43 0 0
176 108 42 0 0
177 108 41 0 0
178 109 41 0 0
179 109 40 0 0
180 109 39 0 0
181 110 39 0 0
182 110 38 0 0
183 111 38 0 0
184 111 37 0 0
185 111 36 0 0
186 112 36 0 0
187 112 35 0 0
188 112 34 0 0
189 113 34 0 0
190 113 33 0 0
191 113 32 0 0
192 114 32 0 0
193 114 31 0 0
194 115 31 0 0
195 115 30 0 0
196 115 29 0 0
197 116 29 0 0
198 116 28 0 0
199 117 28 0 0
200 117 27 0 0
201 117 26 0 0
202 118 26 0 0
203 118 25 0 0
204 119 25 0 0
205 120 25 0 0
206 120 24 0 0
207 121 24 0 0
208 122 24 0 0
209 123 24 0 0
210 123 23 0 0
211 124 23 0 0
212 125 23 0 0
213 125 22 0 0
214 126 22 0 0
215 127 22 0 0
216 127 21 0 0
217 128 21 0 0
218 129 21 0 0
219 129 20 0 0
220 130 20 0 0
221 131 20 0 0
222 132 20 0 0
223 132 19 0 0
224 133 19 0 0
225 134 19 0 0
226 134 18 0 0
227 135 18 0 0
228 136 18 0 0
229 137 18 0 0
230 138 18 0 0
231 138 17 0 0
232 139 17 0 0
233 140 17 0 0
234 141 17 0 0
235 142 17 0 0
236 143 17 0 0
237 144 17 0 0
238 145 17 0 0
239 146 17 0 0
240 147 17 0 0
241 148 17 0 0
242 149 17 0 0
243 150 17 0 0
244 151 17 0 0
245 151 16 0 0
246 152 16 0 0
247 153 16 0 0
