0 10 158 0 0
1 11 158 0 0
2 12 158 0 0
3 13 158 0 0
4 13 159 0 0
5 14 159 0 0
6 15 159 0 0
7 16 159 0 0
8 17 159 0 0
9 18 159 0 0
10 19 159 0 0
11 20 159 0 0
12 20 160 0 0
13 21 160 0 0
14 22 160 0 0
15 23 160 0 0
16 24 160 0 0
17 25 160 0 0
18 25 161 0 0
19 26 161 0 0
20 26 162 0 0
21 27 162 0 0
22 27 163 0 0
23 28 163 0 0
24 28 164 0 0
25 29 164 0 0
26 30 164 0 0
27 30 165 0 0
28 31 165 0 0
29 31 166 0 0
30 32 166 0 0
31 32 167 0 0
32 33 167 0 0
33 34 167 0 0
34 34 168 0 0
35 35 168 0 0
36 35 169 0 0
37 36 169 0 0
38 37 169 0 0
39 37 170 0 0
40 38 170 0 0
41 39 170 0 0
42 39 171 0 0
43 40 171 0 0
44 41 171 0 0
45 41 172 0 0
46 42 172 0 0
47 43 172 0 0
48 43 173 0 0
49 44 173 0 0
50 44 174 0 0
51 45 174 0 0
52 46 174 0 0
53 46 175 0 0
54 47 175 0 0
55 47 176 0 0
56 48 176 0 0
57 49 176 0 0
58 49 177 0 0
59 49 178 0 0
60 50 178 0 0
61 50 179 0 0
62 51 179 0 0
63 52 179 0 0
64 52 180 0 0
65 53 180 0 0
66 53 181 0 0
67 54 181 0 0
68 54 182 0 0
69 55 182 0 0
70 55 183 0 0
71 56 183 0 0
72 56 184 0 0
73 57 184 0 0
74 57 185 0 0
75 58 185 0 0
76 59 185 0 0
77 59 186 0 0
78 60 186 0 0
79 60 187 0 0
80 61 187 0 0
81 61 188 0 0
82 61 189 0 0
83 62 189 0 0
84 62 190 0 0
85 63 190 0 0
86 63 191 0 0
87 63 192 0 0
88 64 192 0 0
89 64 193 0 0
90 65 193 0 0
91 65 194 0 0
92 65 195 0 0
93 66 195 0 0
94 66 196 0 0
95 67 196 0 0
96 67 197 0 0
97 68 197 0 0
98 68 198 0 0
99 69 198 0 0
100 70 198 0 0
101 70 199 0 0
102 71 199 0 0
103 72 199 0 0
104 73 199 0 0
105 73 200 0 0
106 74 200 0 0
107 75 200 0 0
108 76 200 0 0
109 77 200 0 0
110 77 201 0 0
111 78 201 0 0
112 79 201 0 0
113 80 201 0 0
114 81 201 0 0
115 81 200 0 0
116 82 200 0 0
117 83 200 0 0
118 84 200 0 0
119 84 199 0 0
120 85 199 0 0
121 86 199 0 0
122 86 198 0 0
123 87 198 0 0
124 88 198 0 0
125 89 198 0 0
126 89 197 0 0
127 90 197 0 0
128 91 197 0 0
129 92 197 0 0
130 93 197 0 0
131 93 196 0 0
132 94 196 0 0
133 95 196 0 0
134 96 196 0 0
135 96 195 0 0
136 96 194 0 0
137 96 193 0 0
138 97 193 0 0
139 97 192 0 0
140 97 191 0 0
141 97 190 0 0
142 98 190 0 0
143 98 189 0 0
144 98 188 0 0
145 98 187 0 0
146 99 187 0 0
147 99 186 0 0
148 99 185 0 0
149 100 185 0 0
150 100 184 0 0
151 100 183 0 0
152 100 182 0 0
153 101 182 0 0
154 101 181 0 0
155 101 180 0 0
156 101 179 0 0
157 102 179 0 0
158 102 178 0 0
159 102 177 0 0
160 102 176 0 0
161 103 176 0 0
162 103 175 0 0
163 104 175 0 0
164 104 174 0 0
165 105 174 0 0
166 105 173 0 0
167 106 173 0 0
168 106 172 0 0
169 107 172 0 0
170 107 171 0 0
171 108 171 0 0
172 108 170 0 0
173 109 170 0 0
174 109 169 0 0
175 110 169 0 0
176 110 168 0 0
177 111 168 0 0
178 111 167 0 0
179 112 167 0 0
180 112 166 0 0
181 113 166 0 0
182 114 166 0 0
183 114 165 0 0
184 115 165 0 0
185 115 164 0 0
186 116 164 0 0
187 117 164 0 0
188 117 163 0 0
189 118 163 0 0
190 119 163 0 0
191 119 162 0 0
192 120 162 0 0
193 120 161 0 0
194 121 161 0 0
195 122 161 0 0
196 123 161 0 0
197 123 160 0 0
198 124 160 0 0
199 125 160 0 0
200 125 159 0 0
201 126 159 0 0
202 127 159 0 0
203 127 158 0 0
204 128 158 0 0
205 129 158 0 0
206 129 157 0 0
207 130 157 0 0
208 131 157 0 0
209 132 157 0 0
210 132 156 0 0
211 133 156 0 0
212 134 156 0 0
213 135 156 0 0
214 136 156 0 0
215 136 155 0 0
216 137 155 0 0
217 138 155 0 0
218 139 155 0 0
219 140 155 0 0
220 141 155 0 0
221 141 154 0 0
222 142 154 0 0
223 143 154 0 0
224 144 154 0 0
225 144 153 0 0
226 145 153 0 0
227 146 153 0 0
228 147 153 0 0
229 148 153 0 0
230 149 153 0 0
231 149 152 0 0
232 150 152 0 0
233 151 152 0 0
234 152 152 0 0
235 153 152 0 0
236 154 152 0 0
237 155 152 0 0
238 156 152 0 0
239 157 152 0 0
240 158 152 0 0
241 159 152 0 0
242 160 152 0 0
243 161 152 0 0
244 162 152 0 0
245 163 152 0 0
246 164 152 0 0
247 165 152 0 0
248 166 152 0 0
249 167 152 0 0
250 168 152 0 0
251 169 152 0 0
252 170 152 0 0
253 171 152 0 0
254 171 151 0 0
255 172 151 0 0
256 173 151 0 0
257 174 151 0 0
258 175 151 0 0
259 176 151 0 0
260 177 151 0 0
261 178 151 0 0
262 179 151 0 0
263 180 151 0 0
264 181 151 0 0
265 182 151 0 0
266 183 151 0 0
267 183 152 0 0
268 184 152 0 0
269 185 152 0 0
270 186 152 0 0
271 187 152 0 0
272 187 153 0 0
273 188 153 0 0
274 189 153 0 0
275 190 153 0 0
276 191 153 0 0
277 191 152 0 0
278 192 152 0 0
279 193 152 0 0
