0 142 144 0 0
1 142 143 0 0
2 142 142 0 0
3 142 141 0 0
4 143 141 0 0
5 143 140 0 0
6 143 139 0 0
7 143 138 0 0
8 144 138 0 0
9 144 137 0 0
10 144 136 0 0
11 144 135 0 0
12 144 134 0 0
13 145 134 0 0
14 145 133 0 0
15 145 132 0 0
16 145 131 0 0
17 145 130 0 0
18 146 130 0 0
19 146 129 0 0
20 146 128 0 0
21 146 127 0 0
22 146 126 0 0
23 146 125 0 0
24 146 124 0 0
25 146 123 0 0
26 146 122 0 0
27 146 121 0 0
28 146 120 0 0
29 146 119 0 0
30 146 118 0 0
31 146 117 0 0
32 146 116 0 0
33 146 115 0 0
34 145 115 0 0
35 145 114 0 0
36 145 113 0 0
37 144 113 0 0
38 144 112 0 0
39 144 111 0 0
40 144 110 0 0
41 143 110 0 0
42 143 109 0 0
43 143 108 0 0
44 142 108 0 0
45 142 107 0 0
46 142 106 0 0
47 141 106 0 0
48 141 105 0 0
49 141 104 0 0
50 140 104 0 0
51 140 103 0 0
52 139 103 0 0
53 139 102 0 0
54 138 102 0 0
55 137 102 0 0
56 137 101 0 0
57 136 101 0 0
58 136 100 0 0
59 135 100 0 0
60 135 99 0 0
61 134 99 0 0
62 134 98 0 0
63 133 98 0 0
64 132 98 0 0
65 132 97 0 0
66 131 97 0 0
67 131 96 0 0
68 130 96 0 0
69 129 96 0 0
70 129 95 0 0
71 129 94 0 0
72 128 94 0 0
73 128 93 0 0
74 127 93 0 0
75 126 93 0 0
76 126 92 0 0
77 126 91 0 0
78 125 91 0 0
79 124 91 0 0
80 124 90 0 0
81 123 90 0 0
82 123 89 0 0
83 122 89 0 0
84 122 88 0 0
85 121 88 0 0
86 121 87 0 0
87 120 87 0 0
88 120 86 0 0
89 119 86 0 0
90 118 86 0 0
91 118 85 0 0
92 118 84 0 0
93 117 84 0 0
94 117 83 0 0
95 117 82 0 0
96 116 82 0 0
97 116 81 0 0
98 117 81 0 0
99 117 80 0 0
100 117 79 0 0
101 118 79 0 0
102 118 78 0 0
