0 171 70 0 0
1 170 70 0 0
2 169 70 0 0
3 169 71 0 0
4 168 71 0 0
5 167 71 0 0
6 166 71 0 0
7 165 71 0 0
8 165 72 0 0
9 164 72 0 0
10 163 72 0 0
11 163 73 0 0
12 163 72 0 0
13 162 72 0 0
14 162 71 0 0
15 161 71 0 0
16 160 71 0 0
17 160 72 0 0
18 160 73 0 0
19 159 73 0 0
20 158 73 0 0
21 158 72 0 0
22 158 71 0 0
23 157 71 0 0
24 156 71 0 0
25 155 71 0 0
26 154 71 0 0
27 153 71 0 0
28 152 71 0 0
29 151 71 0 0
30 150 71 0 0
31 149 71 0 0
32 148 71 0 0
33 148 72 0 0
34 147 72 0 0
35 146 72 0 0
36 145 72 0 0
37 144 72 0 0
38 143 72 0 0
39 142 72 0 0
40 141 72 0 0
41 140 72 0 0
42 139 72 0 0
43 138 72 0 0
44 137 72 0 0
45 136 72 0 0
46 135 72 0 0
47 134 72 0 0
48 133 72 0 0
49 132 72 0 0
50 131 72 0 0
51 130 72 0 0
52 129 72 0 0
53 128 72 0 0
54 127 72 0 0
55 126 72 0 0
56 125 72 0 0
57 124 72 0 0
58 123 72 0 0
59 122 72 0 0
60 121 72 0 0
61 121 73 0 0
62 120 73 0 0
63 119 73 0 0
64 118 73 0 0
65 117 73 0 0
66 116 73 0 0
67 115 73 0 0
68 114 73 0 0
69 113 73 0 0
70 112 73 0 0
71 111 73 0 0
72 111 72 0 0
73 110 72 0 0
74 109 72 0 0
75 108 72 0 0
76 107 72 0 0
77 106 72 0 0
78 105 72 0 0
79 105 73 0 0
80 104 73 0 0
81 103 73 0 0
82 103 72 0 0
83 102 72 0 0
84 101 72 0 0
85 100 72 0 0
86 99 72 0 0
87 98 72 0 0
88 97 72 0 0
89 96 72 0 0
90 96 73 0 0
91 96 74 0 0
92 95 74 0 0
93 95 75 0 0
94 95 76 0 0
95 95 77 0 0
96 95 78 0 0
97 95 79 0 0
98 94 79 0 0
99 94 80 0 0
100 94 81 0 0
101 94 82 0 0
102 94 83 0 0
103 95 83 0 0
104 95 84 0 0
105 95 85 0 0
106 95 86 0 0
107 95 87 0 0
108 95 88 0 0
109 95 89 0 0
110 95 90 0 0
111 95 91 0 0
112 94 91 0 0
113 94 92 0 0
114 94 93 0 0
115 94 94 0 0
116 94 95 0 0
117 94 96 0 0
118 94 97 0 0
119 94 98 0 0
120 94 99 0 0
121 94 100 0 0
122 94 101 0 0
123 94 102 0 0
124 94 103 0 0
125 94 104 0 0
126 94 105 0 0
127 93 105 0 0
128 93 106 0 0
129 93 107 0 0
130 93 108 0 0
131 93 109 0 0
132 92 109 0 0
133 92 110 0 0
134 92 111 0 0
135 92 112 0 0
136 92 113 0 0
137 92 114 0 0
138 92 115 0 0
139 92 116 0 0
140 92 117 0 0
141 92 118 0 0
142 92 119 0 0
143 92 120 0 0
144 92 121 0 0
145 92 122 0 0
146 92 123 0 0
147 91 123 0 0
148 91 124 0 0
149 91 125 0 0
150 91 126 0 0
151 91 127 0 0
152 91 128 0 0
153 91 129 0 0
154 91 130 0 0
155 91 131 0 0
156 91 132 0 0
157 91 133 0 0
158 91 134 0 0
159 91 135 0 0
160 91 136 0 0
161 91 137 0 0
162 91 138 0 0
163 91 139 0 0
164 91 140 0 0
165 91 141 0 0
166 91 142 0 0
167 91 143 0 0
168 91 144 0 0
169 91 145 0 0
170 91 146 0 0
171 91 147 0 0
172 91 148 0 0
173 91 149 0 0
174 91 150 0 0
175 91 151 0 0
176 91 152 0 0
177 91 153 0 0
178 91 154 0 0
179 91 155 0 0
180 91 156 0 0
181 91 157 0 0
182 91 158 0 0
183 91 159 0 0
184 91 160 0 0
185 91 161 0 0
186 91 162 0 0
187 91 163 0 0
188 91 164 0 0
189 91 165 0 0
190 91 166 0 0
191 91 167 0 0
192 91 168 0 0
193 91 169 0 0
194 91 170 0 0
195 91 171 0 0
196 91 172 0 0
197 91 173 0 0
198 91 174 0 0
199 91 175 0 0
200 91 176 0 0
201 91 177 0 0
202 91 178 0 0
203 91 179 0 0
204 90 179 0 0
205 90 180 0 0
206 90 181 0 0
207 90 182 0 0
208 90 183 0 0
209 90 184 0 0
210 90 185 0 0
211 90 186 0 0
212 90 187 0 0
213 90 188 0 0
214 90 189 0 0
215 90 190 0 0
216 90 191 0 0
217 90 192 0 0
218 90 193 0 0
219 90 194 0 0
220 90 195 0 0
221 90 196 0 0
222 90 197 0 0
223 90 198 0 0
224 90 199 0 0
225 90 200 0 0
226 90 201 0 0
227 90 202 0 0
228 90 203 0 0
229 90 204 0 0
230 90 205 0 0
231 90 206 0 0
232 90 207 0 0
233 90 208 0 0
234 90 209 0 0
235 90 210 0 0
236 90 211 0 0
237 90 212 0 0
238 90 213 0 0
239 90 214 0 0
240 90 215 0 0
241 90 216 0 0
242 90 217 0 0
243 90 218 0 0
244 90 219 0 0
245 90 220 0 0
246 90 221 0 0
247 91 221 0 0
248 91 222 0 0
249 91 223 0 0
250 91 224 0 0
251 91 225 0 0
252 91 226 0 0
253 91 227 0 0
254 91 228 0 0
255 91 229 0 0
256 91 230 0 0
257 91 231 0 0
258 91 232 0 0
259 91 233 0 0
260 91 234 0 0
261 92 234 0 0
262 92 235 0 0
263 92 236 0 0
264 92 237 0 0
265 92 238 0 0
266 92 239 0 0
267 92 240 0 0
268 92 241 0 0
269 92 242 0 0
270 92 243 0 0
271 92 244 0 0
272 93 244 0 0
273 93 245 0 0
274 93 246 0 0
275 93 247 0 0
276 93 248 0 0
277 93 249 0 0
278 93 250 0 0
279 93 251 0 0
280 93 252 0 0
281 93 253 0 0
282 93 254 0 0
283 94 254 0 0
284 94 255 0 0
285 94 256 0 0
286 94 257 0 0
287 95 257 0 0
288 95 258 0 0
289 95 259 0 0
290 95 260 0 0
291 94 260 0 0
292 94 261 0 0
293 94 262 0 0
294 94 263 0 0
295 94 264 0 0
296 94 265 0 0
297 94 266 0 0
298 94 267 0 0
299 94 268 0 0
300 94 269 0 0
301 94 270 0 0
302 95 270 0 0
