0 103 114 0 0
1 102 114 0 0
2 101 114 0 0
3 100 114 0 0
4 99 114 0 0
5 99 115 0 0
6 98 115 0 0
7 97 115 0 0
8 96 115 0 0
9 95 115 0 0
10 94 115 0 0
11 93 115 0 0
12 92 115 0 0
13 91 115 0 0
14 91 116 0 0
15 90 116 0 0
16 89 116 0 0
17 88 116 0 0
18 88 117 0 0
19 87 117 0 0
20 86 117 0 0
21 85 117 0 0
22 84 117 0 0
23 83 117 0 0
24 82 117 0 0
25 81 117 0 0
26 80 117 0 0
27 80 118 0 0
28 79 118 0 0
29 79 119 0 0
30 78 119 0 0
31 78 120 0 0
32 78 121 0 0
33 77 121 0 0
34 77 122 0 0
35 77 123 0 0
36 76 123 0 0
37 76 124 0 0
38 76 125 0 0
39 75 125 0 0
40 75 126 0 0
41 74 126 0 0
42 74 127 0 0
43 74 128 0 0
44 74 129 0 0
45 73 129 0 0
46 73 130 0 0
47 72 130 0 0
48 72 131 0 0
49 72 132 0 0
50 72 133 0 0
51 72 134 0 0
52 72 135 0 0
53 71 135 0 0
54 71 136 0 0
55 71 137 0 0
56 71 138 0 0
57 71 139 0 0
58 71 140 0 0
59 70 140 0 0
60 70 141 0 0
61 70 142 0 0
62 70 143 0 0
63 70 144 0 0
64 69 144 0 0
65 69 145 0 0
66 69 146 0 0
67 69 147 0 0
68 69 148 0 0
69 69 149 0 0
70 69 150 0 0
71 69 151 0 0
72 69 152 0 0
73 69 153 0 0
74 70 153 0 0
75 70 154 0 0
76 70 155 0 0
77 70 156 0 0
78 71 156 0 0
79 71 157 0 0
80 71 158 0 0
81 71 159 0 0
82 71 160 0 0
83 72 160 0 0
84 72 161 0 0
85 72 162 0 0
86 72 163 0 0
87 72 164 0 0
88 72 165 0 0
89 72 166 0 0
90 73 166 0 0
91 73 167 0 0
92 73 168 0 0
93 73 169 0 0
94 74 169 0 0
95 74 170 0 0
96 74 171 0 0
97 74 172 0 0
98 74 173 0 0
99 75 173 0 0
100 75 174 0 0
101 75 175 0 0
102 75 176 0 0
103 75 177 0 0
104 75 178 0 0
105 76 178 0 0
106 76 179 0 0
107 76 180 0 0
108 76 181 0 0
109 76 182 0 0
110 76 183 0 0
111 76 184 0 0
112 76 185 0 0
113 76 186 0 0
114 77 186 0 0
115 77 187 0 0
116 77 188 0 0
117 77 189 0 0
118 77 190 0 0
119 77 191 0 0
120 77 192 0 0
121 77 193 0 0
122 77 194 0 0
123 78 194 0 0
124 78 195 0 0
125 78 196 0 0
126 78 197 0 0
127 78 198 0 0
128 78 199 0 0
129 78 200 0 0
130 78 201 0 0
131 79 201 0 0
132 79 202 0 0
133 79 203 0 0
134 79 204 0 0
135 79 205 0 0
136 79 206 0 0
137 79 207 0 0
138 79 208 0 0
139 79 209 0 0
140 79 210 0 0
141 79 211 0 0
142 79 212 0 0
143 79 213 0 0
144 79 214 0 0
145 79 215 0 0
146 79 216 0 0
147 79 217 0 0
148 79 218 0 0
149 79 219 0 0
150 79 220 0 0
151 79 221 0 0
152 79 222 0 0
153 79 223 0 0
154 79 224 0 0
155 79 225 0 0
156 79 226 0 0
157 79 227 0 0
158 79 228 0 0
159 78 228 0 0
160 78 229 0 0
161 78 230 0 0
162 78 231 0 0
163 78 232 0 0
164 78 233 0 0
165 78 234 0 0
166 78 235 0 0
167 78 236 0 0
168 78 237 0 0
169 78 238 0 0
170 78 239 0 0
171 78 240 0 0
172 78 241 0 0
173 78 242 0 0
174 78 243 0 0
175 78 244 0 0
176 78 245 0 0
177 78 246 0 0
178 78 247 0 0
179 78 248 0 0
180 78 249 0 0
181 78 250 0 0
182 78 251 0 0
183 78 252 0 0
184 78 253 0 0
185 78 254 0 0
186 78 255 0 0
187 78 256 0 0
188 78 257 0 0
189 78 258 0 0
190 78 259 0 0
191 78 260 0 0
192 78 261 0 0
193 78 262 0 0
194 78 263 0 0
195 78 264 0 0
196 78 265 0 0
197 78 266 0 0
198 78 267 0 0
199 78 268 0 0
200 78 269 0 0
201 78 270 0 0
202 78 271 0 0
203 78 272 0 0
204 78 271 0 0
205 78 270 0 0
206 78 269 0 0
207 78 268 0 0
208 78 267 0 0
209 78 266 0 0
210 78 265 0 0
211 78 264 0 0
212 78 263 0 0
213 78 262 0 0
214 78 261 0 0
215 78 260 0 0
216 78 259 0 0
217 78 258 0 0
218 78 257 0 0
219 78 256 0 0
220 78 255 0 0
221 78 254 0 0
222 78 253 0 0
223 78 252 0 0
224 78 251 0 0
225 78 250 0 0
226 78 249 0 0
227 78 248 0 0
228 78 247 0 0
229 78 246 0 0
230 78 245 0 0
231 78 244 0 0
232 78 243 0 0
233 78 242 0 0
234 78 241 0 0
235 78 240 0 0
236 78 239 0 0
237 78 238 0 0
238 78 237 0 0
239 78 236 0 0
240 78 235 0 0
241 78 234 0 0
242 78 233 0 0
243 78 232 0 0
244 78 231 0 0
245 78 230 0 0
246 78 229 0 0
247 78 228 0 0
248 78 227 0 0
249 78 226 0 0
250 78 225 0 0
251 78 224 0 0
252 78 223 0 0
253 78 222 0 0
254 78 221 0 0
255 79 221 0 0
256 79 220 0 0
257 79 219 0 0
258 79 218 0 0
259 79 217 0 0
260 79 216 0 0
261 79 215 0 0
262 79 214 0 0
263 79 213 0 0
264 79 212 0 0
265 79 211 0 0
266 79 210 0 0
267 79 209 0 0
268 79 208 0 0
269 79 207 0 0
270 79 206 0 0
271 79 205 0 0
272 79 204 0 0
273 79 203 0 0
274 79 202 0 0
275 79 201 0 0
276 79 200 0 0
277 79 199 0 0
278 79 198 0 0
279 79 197 0 0
280 79 196 0 0
281 79 195 0 0
282 79 194 0 0
283 79 193 0 0
284 79 192 0 0
285 79 191 0 0
286 79 190 0 0
287 79 189 0 0
288 79 188 0 0
289 79 187 0 0
290 79 186 0 0
291 79 185 0 0
292 79 184 0 0
293 79 183 0 0
294 79 182 0 0
295 79 181 0 0
296 79 180 0 0
297 79 179 0 0
298 79 178 0 0
299 79 177 0 0
300 79 176 0 0
301 79 175 0 0
302 79 174 0 0
303 79 173 0 0
304 79 172 0 0
305 79 171 0 0
306 79 170 0 0
307 79 169 0 0
308 79 168 0 0
309 79 167 0 0
310 79 166 0 0
311 79 165 0 0
312 79 164 0 0
313 79 163 0 0
314 79 162 0 0
315 79 161 0 0
316 79 160 0 0
317 79 159 0 0
318 79 158 0 0
319 79 157 0 0
320 79 156 0 0
321 79 155 0 0
322 79 154 0 0
323 79 153 0 0
324 79 152 0 0
325 79 151 0 0
326 79 150 0 0
327 79 149 0 0
328 79 148 0 0
329 79 147 0 0
330 79 146 0 0
331 79 145 0 0
332 79 144 0 0
333 79 143 0 0
334 79 142 0 0
335 79 141 0 0
336 79 140 0 0
337 79 139 0 0
338 79 138 0 0
339 79 137 0 0
340 79 136 0 0
341 79 135 0 0
342 79 134 0 0
343 79 133 0 0
344 79 132 0 0
345 79 131 0 0
346 79 130 0 0
347 79 129 0 0
348 79 128 0 0
349 79 127 0 0
350 79 126 0 0
351 79 125 0 0
352 79 124 0 0
353 79 123 0 0
354 79 122 0 0
355 79 121 0 0
356 79 120 0 0
357 79 119 0 0
358 79 118 0 0
