0 211 62 0 0
1 211 61 0 0
2 212 61 0 0
3 212 60 0 0
4 212 59 0 0
5 211 59 0 0
6 210 59 0 0
7 209 59 0 0
8 209 60 0 0
9 208 60 0 0
10 207 60 0 0
11 206 60 0 0
12 205 60 0 0
13 204 60 0 0
14 203 60 0 0
15 202 60 0 0
16 201 60 0 0
17 200 60 0 0
18 199 60 0 0
19 198 60 0 0
20 197 60 0 0
21 196 60 0 0
22 195 60 0 0
23 195 61 0 0
24 194 61 0 0
25 193 61 0 0
26 193 62 0 0
27 192 62 0 0
28 191 62 0 0
29 190 62 0 0
30 190 63 0 0
31 190 62 0 0
32 189 62 0 0
33 188 62 0 0
34 187 62 0 0
35 186 62 0 0
36 185 62 0 0
37 184 62 0 0
38 183 62 0 0
39 182 62 0 0
40 181 62 0 0
41 180 62 0 0
42 180 63 0 0
43 179 63 0 0
44 178 63 0 0
45 177 63 0 0
46 176 63 0 0
47 175 63 0 0
48 174 63 0 0
49 173 63 0 0
50 172 63 0 0
51 171 63 0 0
52 170 63 0 0
53 169 63 0 0
54 168 63 0 0
55 167 63 0 0
56 167 64 0 0
57 166 64 0 0
58 165 64 0 0
59 164 64 0 0
60 163 64 0 0
61 162 64 0 0
62 161 64 0 0
63 160 64 0 0
64 159 64 0 0
65 158 64 0 0
66 158 65 0 0
67 157 65 0 0
68 156 65 0 0
69 155 65 0 0
70 154 65 0 0
71 153 65 0 0
72 152 65 0 0
73 151 65 0 0
74 150 65 0 0
75 149 65 0 0
76 148 65 0 0
77 147 65 0 0
78 146 65 0 0
79 145 65 0 0
80 145 66 0 0
81 145 65 0 0
82 144 65 0 0
83 143 65 0 0
84 142 65 0 0
85 141 65 0 0
86 140 65 0 0
87 139 65 0 0
88 138 65 0 0
89 137 65 0 0
90 136 65 0 0
91 135 65 0 0
92 134 65 0 0
93 133 65 0 0
94 132 65 0 0
95 131 65 0 0
96 130 65 0 0
97 129 65 0 0
98 128 65 0 0
99 127 65 0 0
100 126 65 0 0
101 125 65 0 0
102 124 65 0 0
103 123 65 0 0
104 122 65 0 0
105 122 64 0 0
106 121 64 0 0
107 120 64 0 0
108 119 64 0 0
109 118 64 0 0
110 118 63 0 0
111 117 63 0 0
112 116 63 0 0
113 115 63 0 0
114 114 63 0 0
115 114 62 0 0
116 113 62 0 0
117 112 62 0 0
118 111 62 0 0
119 110 62 0 0
120 110 61 0 0
121 109 61 0 0
122 108 61 0 0
123 108 60 0 0
124 107 60 0 0
125 107 59 0 0
126 106 59 0 0
127 106 58 0 0
128 105 58 0 0
129 104 58 0 0
130 104 57 0 0
131 103 57 0 0
132 103 56 0 0
133 102 56 0 0
134 102 55 0 0
135 101 55 0 0
136 101 54 0 0
137 100 54 0 0
138 100 53 0 0
139 100 52 0 0
140 100 51 0 0
141 99 51 0 0
142 99 50 0 0
143 99 49 0 0
144 98 49 0 0
145 98 48 0 0
146 98 47 0 0
147 98 46 0 0
148 97 46 0 0
149 97 45 0 0
150 97 44 0 0
151 96 44 0 0
152 96 43 0 0
153 96 42 0 0
154 95 42 0 0
155 95 41 0 0
156 95 40 0 0
157 95 39 0 0
158 94 39 0 0
159 94 38 0 0
160 94 37 0 0
161 94 36 0 0
162 94 35 0 0
163 94 34 0 0
164 94 33 0 0
165 94 32 0 0
166 94 31 0 0
167 94 30 0 0
168 94 29 0 0
169 93 29 0 0
170 93 28 0 0
171 93 27 0 0
172 93 26 0 0
173 93 25 0 0
174 93 24 0 0
175 93 23 0 0
176 93 22 0 0
177 93 21 0 0
178 94 21 0 0
179 94 20 0 0
180 94 19 0 0
181 94 18 0 0
182 94 17 0 0
183 94 16 0 0
184 94 15 0 0
185 94 14 0 0
186 94 13 0 0
187 94 12 0 0
188 94 11 0 0
189 94 10 0 0
190 94 9 0 0
191 94 8 0 0
192 94 7 0 0
193 94 6 0 0
194 94 5 0 0
195 94 4 0 0
196 94 3 0 0
197 94 2 0 0
198 93 2 0 0
199 93 3 0 0
200 93 4 0 0
201 92 4 0 0
202 92 5 0 0
203 92 6 0 0
204 92 7 0 0
205 92 8 0 0
206 92 9 0 0
207 92 10 0 0
208 91 10 0 0
209 91 11 0 0
210 91 12 0 0
211 90 12 0 0
212 90 13 0 0
213 90 14 0 0
214 90 15 0 0
215 89 15 0 0
216 89 16 0 0
217 89 17 0 0
218 89 18 0 0
219 89 19 0 0
220 89 20 0 0
221 89 21 0 0
222 89 22 0 0
223 89 23 0 0
224 89 24 0 0
225 89 25 0 0
226 89 26 0 0
227 89 27 0 0
228 89 28 0 0
229 89 29 0 0
230 90 29 0 0
231 90 30 0 0
232 90 31 0 0
233 90 32 0 0
234 90 33 0 0
235 90 34 0 0
236 90 35 0 0
237 90 36 0 0
238 90 37 0 0
239 90 38 0 0
240 91 38 0 0
241 91 39 0 0
242 91 40 0 0
243 91 41 0 0
244 91 42 0 0
245 91 43 0 0
246 91 44 0 0
247 91 45 0 0
248 91 46 0 0
249 92 46 0 0
250 92 47 0 0
251 92 48 0 0
252 92 49 0 0
253 92 50 0 0
254 92 51 0 0
255 92 52 0 0
256 92 53 0 0
257 92 54 0 0
258 92 55 0 0
259 92 56 0 0
260 92 57 0 0
261 92 58 0 0
262 92 59 0 0
263 93 59 0 0
264 93 60 0 0
265 93 61 0 0
266 93 62 0 0
267 94 62 0 0
268 94 63 0 0
269 95 63 0 0
270 95 64 0 0
271 96 64 0 0
272 96 65 0 0
273 97 65 0 0
274 98 65 0 0
275 98 66 0 0
276 99 66 0 0
277 100 66 0 0
278 101 66 0 0
279 101 67 0 0
280 102 67 0 0
281 103 67 0 0
282 104 67 0 0
283 104 68 0 0
284 105 68 0 0
285 106 68 0 0
286 106 69 0 0
287 107 69 0 0
288 108 69 0 0
289 109 69 0 0
290 110 69 0 0
291 110 70 0 0
292 111 70 0 0
293 112 70 0 0
294 113 70 0 0
295 114 70 0 0
296 115 70 0 0
297 116 70 0 0
298 117 70 0 0
299 118 70 0 0
300 119 70 0 0
301 120 70 0 0
302 121 70 0 0
303 122 70 0 0
304 123 70 0 0
305 124 70 0 0
306 125 70 0 0
307 126 70 0 0
308 127 70 0 0
309 128 70 0 0
310 129 70 0 0
311 130 70 0 0
312 131 70 0 0
313 131 71 0 0
314 132 71 0 0
315 133 71 0 0
316 134 71 0 0
317 135 71 0 0
318 136 71 0 0
319 137 71 0 0
320 136 71 0 0
321 136 70 0 0
322 135 70 0 0
323 134 70 0 0
324 133 70 0 0
325 132 70 0 0
326 132 69 0 0
327 131 69 0 0
328 130 69 0 0
329 129 69 0 0
330 128 69 0 0
331 128 70 0 0
332 128 69 0 0
333 127 69 0 0
334 126 69 0 0
335 125 69 0 0
336 125 68 0 0
337 124 68 0 0
338 124 67 0 0
339 123 67 0 0
340 122 67 0 0
341 121 67 0 0
342 121 66 0 0
343 120 66 0 0
344 119 66 0 0
345 118 66 0 0
346 117 66 0 0
347 116 66 0 0
348 115 66 0 0
349 114 66 0 0
350 113 66 0 0
351 112 66 0 0
352 111 66 0 0
353 110 66 0 0
354 109 66 0 0
355 108 66 0 0
356 108 67 0 0
357 107 67 0 0
358 106 67 0 0
359 105 67 0 0
360 104 67 0 0
361 103 67 0 0
362 103 68 0 0
363 102 68 0 0
364 102 69 0 0
365 101 69 0 0
366 100 69 0 0
367 100 70 0 0
368 99 70 0 0
369 98 70 0 0
370 97 70 0 0
371 97 71 0 0
372 97 72 0 0
373 96 72 0 0
374 96 73 0 0
375 96 74 0 0
376 96 75 0 0
377 96 76 0 0
378 96 77 0 0
379 95 77 0 0
380 95 78 0 0
381 95 79 0 0
382 95 80 0 0
383 94 80 0 0
384 94 81 0 0
385 94 82 0 0
386 94 83 0 0
387 94 84 0 0
388 94 85 0 0
389 93 85 0 0
390 93 86 0 0
391 93 87 0 0
392 92 87 0 0
393 92 88 0 0
394 91 88 0 0
395 91 89 0 0
396 91 90 0 0
397 90 90 0 0
398 90 91 0 0
399 90 92 0 0
400 90 93 0 0
401 89 93 0 0
402 89 94 0 0
403 88 94 0 0
404 88 95 0 0
405 88 96 0 0
406 88 97 0 0
407 87 97 0 0
408 87 98 0 0
409 87 99 0 0
410 86 99 0 0
411 86 100 0 0
412 86 101 0 0
413 85 101 0 0
414 85 102 0 0
415 85 103 0 0
416 85 104 0 0
417 84 104 0 0
418 84 105 0 0
419 84 106 0 0
420 83 106 0 0
421 83 107 0 0
422 83 108 0 0
423 82 108 0 0
424 81 108 0 0
425 80 108 0 0
426 79 108 0 0
427 78 108 0 0
428 77 108 0 0
429 76 108 0 0
430 75 108 0 0
431 74 108 0 0
432 74 109 0 0
433 73 109 0 0
434 72 109 0 0
435 72 110 0 0
436 71 110 0 0
437 70 110 0 0
438 70 111 0 0
439 70 110 0 0
440 71 110 0 0
441 71 109 0 0
