0 97 271 0 0
1 97 270 0 0
2 97 269 0 0
3 97 268 0 0
4 97 267 0 0
5 97 266 0 0
6 97 265 0 0
7 97 264 0 0
8 97 263 0 0
9 97 262 0 0
10 97 261 0 0
11 97 260 0 0
12 97 259 0 0
13 97 258 0 0
14 97 257 0 0
15 97 256 0 0
16 97 255 0 0
17 97 254 0 0
18 97 253 0 0
19 97 252 0 0
20 97 251 0 0
21 97 250 0 0
22 97 249 0 0
23 97 248 0 0
24 97 247 0 0
25 97 246 0 0
26 97 245 0 0
27 97 244 0 0
28 97 243 0 0
29 97 242 0 0
30 97 241 0 0
31 97 240 0 0
32 97 239 0 0
33 97 238 0 0
34 97 237 0 0
35 97 236 0 0
36 97 235 0 0
37 97 234 0 0
38 98 234 0 0
39 98 233 0 0
40 98 232 0 0
41 98 231 0 0
42 98 230 0 0
43 98 229 0 0
44 98 228 0 0
45 98 227 0 0
46 98 226 0 0
47 99 226 0 0
48 99 225 0 0
49 99 224 0 0
50 99 223 0 0
51 99 222 0 0
52 99 221 0 0
53 99 220 0 0
54 100 220 0 0
55 100 219 0 0
56 100 218 0 0
57 100 217 0 0
58 100 216 0 0
59 100 215 0 0
60 100 214 0 0
61 100 213 0 0
62 100 212 0 0
63 101 212 0 0
64 101 211 0 0
65 101 210 0 0
66 101 209 0 0
67 101 208 0 0
68 101 207 0 0
69 101 206 0 0
70 102 206 0 0
71 102 205 0 0
72 102 204 0 0
73 102 203 0 0
74 102 202 0 0
75 102 201 0 0
76 102 200 0 0
77 102 199 0 0
78 102 198 0 0
79 103 198 0 0
80 103 197 0 0
81 103 196 0 0
82 103 195 0 0
83 103 194 0 0
84 103 193 0 0
85 103 192 0 0
86 103 191 0 0
87 103 190 0 0
88 104 190 0 0
89 104 189 0 0
90 104 188 0 0
91 104 187 0 0
92 105 187 0 0
93 105 186 0 0
94 105 185 0 0
95 106 185 0 0
96 106 184 0 0
97 107 184 0 0
98 107 183 0 0
99 108 183 0 0
100 108 182 0 0
101 108 181 0 0
102 109 181 0 0
103 109 180 0 0
104 110 180 0 0
105 110 179 0 0
106 111 179 0 0
107 111 178 0 0
108 111 177 0 0
109 112 177 0 0
110 112 176 0 0
111 113 176 0 0
112 113 175 0 0
113 113 174 0 0
114 114 174 0 0
115 114 173 0 0
116 115 173 0 0
117 115 172 0 0
118 116 172 0 0
119 116 171 0 0
120 116 170 0 0
121 117 170 0 0
122 117 169 0 0
123 118 169 0 0
124 118 168 0 0
125 118 167 0 0
126 119 167 0 0
127 119 166 0 0
128 120 166 0 0
129 120 165 0 0
130 121 165 0 0
131 121 164 0 0
132 121 163 0 0
133 121 162 0 0
134 122 162 0 0
135 123 162 0 0
136 123 161 0 0
137 123 160 0 0
138 124 160 0 0
139 125 160 0 0
140 126 160 0 0
141 126 159 0 0
142 127 159 0 0
143 128 159 0 0
144 128 158 0 0
145 129 158 0 0
146 130 158 0 0
147 131 158 0 0
148 132 158 0 0
149 132 157 0 0
150 133 157 0 0
151 134 157 0 0
152 135 157 0 0
153 136 157 0 0
154 136 156 0 0
155 137 156 0 0
156 138 156 0 0
157 139 156 0 0
158 139 155 0 0
159 140 155 0 0
160 141 155 0 0
161 142 155 0 0
162 143 155 0 0
163 143 154 0 0
164 144 154 0 0
165 145 154 0 0
166 146 154 0 0
167 147 154 0 0
168 147 153 0 0
169 148 153 0 0
170 149 153 0 0
171 150 153 0 0
172 151 153 0 0
173 151 152 0 0
174 152 152 0 0
175 153 152 0 0
176 153 151 0 0
177 154 151 0 0
178 155 151 0 0
179 156 151 0 0
180 157 151 0 0
181 158 151 0 0
182 159 151 0 0
183 160 151 0 0
184 161 151 0 0
185 162 151 0 0
186 163 151 0 0
187 164 151 0 0
188 165 151 0 0
189 166 151 0 0
190 167 151 0 0
191 168 151 0 0
192 168 152 0 0
193 169 152 0 0
194 170 152 0 0
195 171 152 0 0
196 172 152 0 0
197 173 152 0 0
198 174 152 0 0
199 174 153 0 0
200 175 153 0 0
201 176 153 0 0
202 177 153 0 0
203 178 153 0 0
204 179 153 0 0
205 180 153 0 0
206 181 153 0 0
207 182 153 0 0
208 183 153 0 0
209 184 153 0 0
210 185 153 0 0
211 185 154 0 0
212 186 154 0 0
213 187 154 0 0
214 188 154 0 0
215 189 154 0 0
216 190 154 0 0
217 191 154 0 0
218 192 154 0 0
219 193 154 0 0
220 194 154 0 0
221 195 154 0 0
222 196 154 0 0
223 197 154 0 0
