0 85 107 0 0
1 85 108 0 0
2 85 109 0 0
3 85 110 0 0
4 85 111 0 0
5 85 112 0 0
6 85 113 0 0
7 85 114 0 0
8 85 115 0 0
9 85 116 0 0
10 85 117 0 0
11 85 118 0 0
12 85 119 0 0
13 85 120 0 0
14 85 121 0 0
15 85 122 0 0
16 86 122 0 0
17 86 123 0 0
18 86 124 0 0
19 86 125 0 0
20 86 126 0 0
21 86 127 0 0
22 86 128 0 0
23 86 129 0 0
24 86 130 0 0
25 86 131 0 0
26 86 132 0 0
27 86 133 0 0
28 86 134 0 0
29 86 135 0 0
30 86 136 0 0
31 86 137 0 0
32 86 138 0 0
33 86 139 0 0
34 86 140 0 0
35 86 141 0 0
36 86 142 0 0
37 86 143 0 0
38 86 144 0 0
39 87 144 0 0
40 87 145 0 0
41 87 146 0 0
42 87 147 0 0
43 87 148 0 0
44 87 149 0 0
45 88 149 0 0
46 88 150 0 0
47 88 151 0 0
48 88 152 0 0
49 88 153 0 0
50 88 154 0 0
51 89 154 0 0
52 89 155 0 0
53 89 156 0 0
54 89 157 0 0
55 89 158 0 0
56 89 159 0 0
57 89 160 0 0
58 89 161 0 0
59 89 162 0 0
60 89 163 0 0
61 89 164 0 0
62 89 165 0 0
63 89 166 0 0
64 89 167 0 0
65 89 168 0 0
66 89 169 0 0
67 90 169 0 0
68 90 170 0 0
69 90 171 0 0
70 90 172 0 0
71 90 173 0 0
72 90 174 0 0
73 90 175 0 0
74 91 175 0 0
75 91 176 0 0
76 91 177 0 0
77 91 178 0 0
78 91 179 0 0
79 91 180 0 0
80 91 181 0 0
81 92 181 0 0
82 92 182 0 0
83 92 183 0 0
84 92 184 0 0
85 92 185 0 0
86 92 186 0 0
87 92 187 0 0
88 92 188 0 0
89 92 189 0 0
90 93 189 0 0
91 93 190 0 0
92 93 191 0 0
93 93 192 0 0
94 93 193 0 0
95 93 194 0 0
96 93 195 0 0
97 94 195 0 0
98 94 196 0 0
99 94 197 0 0
100 94 198 0 0
101 94 199 0 0
102 94 200 0 0
103 94 201 0 0
104 94 202 0 0
105 95 202 0 0
106 95 203 0 0
107 95 204 0 0
108 95 205 0 0
109 95 206 0 0
110 95 207 0 0
111 96 207 0 0
112 96 208 0 0
113 96 209 0 0
114 96 210 0 0
115 96 211 0 0
116 96 212 0 0
117 96 213 0 0
118 96 214 0 0
119 96 215 0 0
120 96 216 0 0
121 96 217 0 0
122 96 218 0 0
123 96 219 0 0
124 96 220 0 0
125 96 221 0 0
126 96 222 0 0
127 97 222 0 0
128 97 223 0 0
129 97 224 0 0
130 97 225 0 0
131 97 226 0 0
132 97 227 0 0
133 97 228 0 0
134 97 229 0 0
135 98 229 0 0
136 98 230 0 0
137 98 231 0 0
138 98 232 0 0
139 98 233 0 0
140 98 234 0 0
141 98 235 0 0
142 98 236 0 0
143 98 237 0 0
144 99 237 0 0
145 99 238 0 0
146 99 239 0 0
147 99 240 0 0
148 99 241 0 0
149 99 242 0 0
150 99 243 0 0
151 99 244 0 0
152 99 245 0 0
153 99 246 0 0
154 99 247 0 0
155 99 248 0 0
156 100 248 0 0
157 100 249 0 0
158 100 250 0 0
159 100 251 0 0
160 100 252 0 0
161 100 253 0 0
162 100 254 0 0
163 100 255 0 0
164 100 256 0 0
165 100 257 0 0
166 100 258 0 0
167 100 259 0 0
168 100 260 0 0
169 100 261 0 0
170 100 262 0 0
171 100 263 0 0
172 100 264 0 0
173 100 265 0 0
174 100 266 0 0
175 100 267 0 0
176 100 268 0 0
177 100 269 0 0
178 100 270 0 0
179 101 270 0 0
180 101 271 0 0
181 101 272 0 0
182 101 273 0 0
183 102 273 0 0
