0 132 63 0 0
1 132 62 0 0
2 131 62 0 0
3 130 62 0 0
4 129 62 0 0
5 129 61 0 0
6 128 61 0 0
7 127 61 0 0
8 127 60 0 0
9 126 60 0 0
10 125 60 0 0
11 124 60 0 0
12 123 60 0 0
13 123 61 0 0
14 122 61 0 0
15 121 61 0 0
16 120 61 0 0
17 120 62 0 0
18 119 62 0 0
19 118 62 0 0
20 117 62 0 0
21 117 63 0 0
22 116 63 0 0
23 115 63 0 0
24 115 64 0 0
25 114 64 0 0
26 113 64 0 0
27 113 65 0 0
28 112 65 0 0
29 111 65 0 0
30 111 66 0 0
31 110 66 0 0
32 109 66 0 0
33 109 67 0 0
34 108 67 0 0
35 107 67 0 0
36 107 68 0 0
37 106 68 0 0
38 106 69 0 0
39 105 69 0 0
40 104 69 0 0
41 104 70 0 0
42 103 70 0 0
43 103 71 0 0
44 102 71 0 0
45 102 72 0 0
46 101 72 0 0
47 100 72 0 0
48 100 73 0 0
49 99 73 0 0
50 98 73 0 0
51 98 74 0 0
52 97 74 0 0
53 97 75 0 0
54 96 75 0 0
55 96 76 0 0
56 96 75 0 0
57 97 75 0 0
58 97 74 0 0
59 98 74 0 0
60 99 74 0 0
61 99 73 0 0
62 100 73 0 0
63 101 73 0 0
64 102 73 0 0
65 102 72 0 0
66 103 72 0 0
67 103 71 0 0
68 104 71 0 0
69 105 71 0 0
70 105 70 0 0
71 106 70 0 0
72 107 70 0 0
73 107 69 0 0
74 108 69 0 0
75 109 69 0 0
76 109 68 0 0
77 110 68 0 0
78 111 68 0 0
79 111 67 0 0
80 112 67 0 0
81 112 66 0 0
82 113 66 0 0
83 114 66 0 0
84 114 65 0 0
85 115 65 0 0
86 116 65 0 0
87 116 64 0 0
88 117 64 0 0
89 118 64 0 0
90 118 63 0 0
91 119 63 0 0
92 120 63 0 0
93 120 62 0 0
94 121 62 0 0
95 122 62 0 0
96 122 61 0 0
97 123 61 0 0
98 124 61 0 0
