0 100 270 0 0
1 100 269 0 0
2 100 268 0 0
3 100 267 0 0
4 100 266 0 0
5 100 265 0 0
6 100 264 0 0
7 100 263 0 0
8 100 262 0 0
9 100 261 0 0
10 100 260 0 0
11 100 259 0 0
12 99 259 0 0
13 99 258 0 0
14 99 257 0 0
15 99 256 0 0
16 99 255 0 0
17 99 254 0 0
18 99 253 0 0
19 99 252 0 0
20 99 251 0 0
21 99 250 0 0
22 99 249 0 0
23 99 248 0 0
24 99 247 0 0
25 99 246 0 0
26 99 245 0 0
27 99 244 0 0
28 99 243 0 0
29 99 242 0 0
30 99 241 0 0
31 99 240 0 0
32 99 239 0 0
33 99 238 0 0
34 98 238 0 0
35 98 237 0 0
36 98 236 0 0
37 98 235 0 0
38 98 234 0 0
39 98 233 0 0
40 98 232 0 0
41 98 231 0 0
42 98 230 0 0
43 98 229 0 0
44 98 228 0 0
45 98 227 0 0
46 98 226 0 0
47 98 225 0 0
48 98 224 0 0
49 99 224 0 0
50 99 223 0 0
51 99 222 0 0
52 99 221 0 0
53 99 220 0 0
54 99 219 0 0
55 99 218 0 0
56 99 217 0 0
57 99 216 0 0
58 100 216 0 0
59 100 215 0 0
60 100 214 0 0
61 100 213 0 0
62 100 212 0 0
63 100 211 0 0
64 100 210 0 0
65 100 209 0 0
66 101 209 0 0
67 101 208 0 0
68 101 207 0 0
69 101 206 0 0
70 101 205 0 0
71 101 204 0 0
72 101 203 0 0
73 101 202 0 0
74 101 201 0 0
75 102 201 0 0
76 102 200 0 0
77 102 199 0 0
78 102 198 0 0
79 102 197 0 0
80 102 196 0 0
81 102 195 0 0
82 102 194 0 0
83 102 193 0 0
84 103 193 0 0
85 103 192 0 0
86 103 191 0 0
87 103 190 0 0
88 103 189 0 0
89 103 188 0 0
90 103 187 0 0
91 103 186 0 0
92 103 185 0 0
93 104 185 0 0
94 104 184 0 0
95 104 183 0 0
96 104 182 0 0
97 104 181 0 0
98 104 180 0 0
99 104 179 0 0
100 105 179 0 0
101 106 179 0 0
102 106 178 0 0
103 107 178 0 0
104 107 177 0 0
105 107 176 0 0
106 108 176 0 0
107 109 176 0 0
108 109 175 0 0
109 110 175 0 0
110 110 174 0 0
111 111 174 0 0
112 111 173 0 0
113 112 173 0 0
114 112 172 0 0
115 113 172 0 0
116 113 171 0 0
117 114 171 0 0
118 114 170 0 0
119 115 170 0 0
120 115 169 0 0
121 116 169 0 0
122 116 168 0 0
123 117 168 0 0
124 117 167 0 0
125 118 167 0 0
126 118 166 0 0
127 119 166 0 0
128 119 165 0 0
129 120 165 0 0
130 120 164 0 0
131 121 164 0 0
132 121 163 0 0
133 122 163 0 0
134 122 162 0 0
135 123 162 0 0
136 123 161 0 0
137 124 161 0 0
138 124 160 0 0
139 125 160 0 0
140 125 159 0 0
141 126 159 0 0
142 127 159 0 0
143 127 158 0 0
144 128 158 0 0
145 128 157 0 0
146 128 156 0 0
147 129 156 0 0
148 130 156 0 0
149 131 156 0 0
150 132 156 0 0
151 133 156 0 0
152 134 156 0 0
153 135 156 0 0
154 136 156 0 0
155 137 156 0 0
156 138 156 0 0
157 138 155 0 0
158 139 155 0 0
159 140 155 0 0
160 141 155 0 0
161 142 155 0 0
162 143 155 0 0
163 144 155 0 0
164 145 155 0 0
165 146 155 0 0
166 147 155 0 0
167 147 154 0 0
168 148 154 0 0
169 149 154 0 0
170 150 154 0 0
171 151 154 0 0
172 152 154 0 0
173 152 153 0 0
174 153 153 0 0
175 154 153 0 0
176 155 153 0 0
177 156 153 0 0
178 157 153 0 0
179 158 153 0 0
180 159 153 0 0
181 160 153 0 0
182 161 153 0 0
183 161 152 0 0
184 162 152 0 0
185 163 152 0 0
186 164 152 0 0
187 165 152 0 0
188 166 152 0 0
189 167 152 0 0
190 168 152 0 0
191 169 152 0 0
192 170 152 0 0
193 170 151 0 0
194 171 151 0 0
195 172 151 0 0
196 173 151 0 0
197 174 151 0 0
198 175 151 0 0
199 176 151 0 0
200 177 151 0 0
201 177 150 0 0
202 178 150 0 0
203 179 150 0 0
204 180 150 0 0
205 180 149 0 0
206 181 149 0 0
207 182 149 0 0
208 183 149 0 0
209 184 149 0 0
210 185 149 0 0
211 185 148 0 0
212 186 148 0 0
213 187 148 0 0
214 188 148 0 0
215 189 148 0 0
216 190 148 0 0
217 191 148 0 0
218 192 148 0 0
219 192 147 0 0
220 193 147 0 0
221 194 147 0 0
222 195 147 0 0
223 196 147 0 0
224 197 147 0 0
