0 190 117 0 0
1 191 117 0 0
2 191 116 0 0
3 192 116 0 0
4 193 116 0 0
5 193 115 0 0
6 194 115 0 0
7 195 115 0 0
8 196 115 0 0
9 196 114 0 0
10 197 114 0 0
11 197 113 0 0
12 198 113 0 0
13 199 113 0 0
14 200 113 0 0
15 200 112 0 0
16 201 112 0 0
17 202 112 0 0
18 202 111 0 0
19 203 111 0 0
20 203 110 0 0
21 204 110 0 0
22 205 110 0 0
23 206 110 0 0
24 206 109 0 0
25 207 109 0 0
26 208 109 0 0
27 208 108 0 0
28 209 108 0 0
29 210 108 0 0
30 210 107 0 0
31 211 107 0 0
32 212 107 0 0
33 211 107 0 0
34 210 107 0 0
35 209 107 0 0
36 209 108 0 0
37 208 108 0 0
38 207 108 0 0
39 206 108 0 0
40 205 108 0 0
41 204 108 0 0
42 203 108 0 0
43 202 108 0 0
44 202 109 0 0
45 201 109 0 0
46 200 109 0 0
47 199 109 0 0
48 198 109 0 0
49 197 109 0 0
50 196 109 0 0
51 195 109 0 0
52 194 109 0 0
53 193 109 0 0
54 192 109 0 0
55 191 109 0 0
56 191 110 0 0
57 190 110 0 0
58 189 110 0 0
59 188 110 0 0
60 187 110 0 0
61 186 110 0 0
62 185 110 0 0
63 184 110 0 0
64 183 110 0 0
65 183 111 0 0
66 182 111 0 0
67 181 111 0 0
68 180 111 0 0
69 179 111 0 0
70 179 112 0 0
71 178 112 0 0
72 177 112 0 0
73 176 112 0 0
74 175 112 0 0
75 174 112 0 0
76 173 112 0 0
77 172 112 0 0
78 171 112 0 0
79 171 113 0 0
80 170 113 0 0
81 169 113 0 0
82 168 113 0 0
83 167 113 0 0
84 166 113 0 0
85 165 113 0 0
86 164 113 0 0
87 163 113 0 0
88 163 114 0 0
89 162 114 0 0
90 161 114 0 0
91 160 114 0 0
92 159 114 0 0
93 158 114 0 0
94 158 115 0 0
95 157 115 0 0
96 156 115 0 0
97 155 115 0 0
98 154 115 0 0
99 153 115 0 0
100 152 115 0 0
101 151 115 0 0
102 150 115 0 0
103 149 115 0 0
104 148 115 0 0
105 147 115 0 0
106 147 116 0 0
107 146 116 0 0
108 145 116 0 0
109 144 116 0 0
110 143 116 0 0
111 142 116 0 0
112 141 116 0 0
113 140 116 0 0
114 139 116 0 0
115 139 117 0 0
116 138 117 0 0
117 137 117 0 0
118 136 117 0 0
119 135 117 0 0
120 134 117 0 0
121 133 117 0 0
122 132 117 0 0
123 132 118 0 0
124 131 118 0 0
125 130 118 0 0
126 129 118 0 0
127 128 118 0 0
128 127 118 0 0
129 127 119 0 0
130 126 119 0 0
131 125 119 0 0
132 124 119 0 0
133 123 119 0 0
134 122 119 0 0
135 121 119 0 0
136 120 119 0 0
137 120 120 0 0
138 119 120 0 0
139 118 120 0 0
140 117 120 0 0
141 116 120 0 0
142 115 120 0 0
143 115 121 0 0
144 114 121 0 0
145 113 121 0 0
146 112 121 0 0
147 111 121 0 0
148 110 121 0 0
149 110 120 0 0
150 109 120 0 0
151 108 120 0 0
152 107 120 0 0
153 106 120 0 0
154 105 120 0 0
155 105 119 0 0
156 104 119 0 0
157 104 118 0 0
158 103 118 0 0
159 103 117 0 0
160 102 117 0 0
161 102 116 0 0
162 101 116 0 0
163 101 115 0 0
164 101 114 0 0
165 100 114 0 0
166 100 113 0 0
167 99 113 0 0
168 99 112 0 0
169 98 112 0 0
170 98 111 0 0
171 98 110 0 0
172 97 110 0 0
173 97 109 0 0
174 96 109 0 0
175 96 108 0 0
176 95 108 0 0
177 95 107 0 0
178 94 107 0 0
179 94 106 0 0
180 94 105 0 0
181 93 105 0 0
182 92 105 0 0
183 92 104 0 0
184 92 103 0 0
185 91 103 0 0
186 91 102 0 0
187 90 102 0 0
188 90 101 0 0
189 90 100 0 0
190 89 100 0 0
191 89 99 0 0
192 88 99 0 0
193 88 98 0 0
194 87 98 0 0
195 87 97 0 0
196 87 96 0 0
197 87 95 0 0
198 87 94 0 0
199 87 93 0 0
200 87 92 0 0
201 86 92 0 0
202 86 91 0 0
203 86 90 0 0
204 86 89 0 0
205 86 88 0 0
206 86 87 0 0
207 86 86 0 0
208 87 86 0 0
209 87 85 0 0
210 87 84 0 0
211 87 83 0 0
212 87 82 0 0
213 88 82 0 0
214 88 81 0 0
215 88 80 0 0
216 88 79 0 0
217 89 79 0 0
218 89 78 0 0
219 89 77 0 0
220 89 76 0 0
221 90 76 0 0
222 90 75 0 0
223 90 74 0 0
224 90 73 0 0
225 90 72 0 0
226 91 72 0 0
227 91 71 0 0
228 91 70 0 0
229 91 69 0 0
230 91 68 0 0
231 91 67 0 0
232 91 66 0 0
233 91 65 0 0
234 91 64 0 0
235 91 63 0 0
236 91 62 0 0
237 91 61 0 0
238 91 60 0 0
239 92 60 0 0
240 92 59 0 0
241 92 58 0 0
242 92 57 0 0
243 92 56 0 0
244 92 55 0 0
245 92 54 0 0
246 92 53 0 0
247 92 52 0 0
248 92 51 0 0
249 92 50 0 0
250 92 49 0 0
251 92 48 0 0
252 92 47 0 0
253 92 46 0 0
254 92 45 0 0
255 92 44 0 0
256 92 43 0 0
257 92 42 0 0
258 93 42 0 0
259 93 41 0 0
260 93 40 0 0
261 93 39 0 0
262 93 38 0 0
263 93 37 0 0
264 93 36 0 0
265 94 36 0 0
266 94 35 0 0
267 94 34 0 0
268 94 33 0 0
269 94 32 0 0
270 94 31 0 0
271 94 30 0 0
272 94 29 0 0
273 94 28 0 0
274 95 28 0 0
275 95 27 0 0
276 95 26 0 0
277 95 25 0 0
278 95 24 0 0
279 95 23 0 0
280 95 22 0 0
281 95 21 0 0
282 95 20 0 0
283 95 19 0 0
284 96 19 0 0
285 96 18 0 0
286 96 17 0 0
287 96 16 0 0
288 96 15 0 0
289 96 14 0 0
290 96 13 0 0
291 96 12 0 0
292 96 11 0 0
293 96 10 0 0
294 96 9 0 0
295 97 9 0 0
296 97 8 0 0
297 97 7 0 0
298 97 6 0 0
299 97 5 0 0
300 97 4 0 0
