0 137 66 0 0
1 138 66 0 0
2 139 66 0 0
3 140 66 0 0
4 140 65 0 0
5 141 65 0 0
6 142 65 0 0
7 142 64 0 0
8 142 63 0 0
9 143 63 0 0
10 144 63 0 0
11 145 63 0 0
12 146 63 0 0
13 147 63 0 0
14 148 63 0 0
15 149 63 0 0
16 150 63 0 0
17 151 63 0 0
18 152 63 0 0
19 153 63 0 0
20 154 63 0 0
21 154 64 0 0
22 154 63 0 0
23 155 63 0 0
24 156 63 0 0
25 156 62 0 0
26 157 62 0 0
27 158 62 0 0
28 159 62 0 0
29 159 63 0 0
30 160 63 0 0
31 161 63 0 0
32 161 64 0 0
33 162 64 0 0
34 162 65 0 0
35 163 65 0 0
36 164 65 0 0
37 165 65 0 0
38 165 66 0 0
39 166 66 0 0
40 167 66 0 0
41 168 66 0 0
42 169 66 0 0
43 169 67 0 0
44 170 67 0 0
45 171 67 0 0
46 172 67 0 0
47 172 66 0 0
48 173 66 0 0
49 174 66 0 0
50 175 66 0 0
51 175 67 0 0
52 176 67 0 0
53 176 68 0 0
54 177 68 0 0
55 177 69 0 0
56 178 69 0 0
57 179 69 0 0
58 180 69 0 0
59 181 69 0 0
60 182 69 0 0
61 183 69 0 0
62 184 69 0 0
63 185 69 0 0
64 186 69 0 0
65 187 69 0 0
66 187 70 0 0
67 188 70 0 0
68 189 70 0 0
69 190 70 0 0
70 191 70 0 0
71 192 70 0 0
72 192 71 0 0
73 193 71 0 0
74 194 71 0 0
75 195 71 0 0
76 196 71 0 0
77 197 71 0 0
78 198 71 0 0
79 199 71 0 0
80 200 71 0 0
81 201 71 0 0
82 202 71 0 0
83 203 71 0 0
84 204 71 0 0
85 205 71 0 0
86 206 71 0 0
87 206 70 0 0
88 207 70 0 0
89 208 70 0 0
90 209 70 0 0
91 210 70 0 0
