0 88 10 0 0
1 88 11 0 0
2 88 12 0 0
3 88 13 0 0
4 88 14 0 0
5 88 15 0 0
6 88 16 0 0
7 87 16 0 0
8 87 17 0 0
9 87 18 0 0
10 87 19 0 0
11 87 20 0 0
12 87 21 0 0
13 87 22 0 0
14 86 22 0 0
15 86 23 0 0
16 86 24 0 0
17 86 25 0 0
18 86 26 0 0
19 86 27 0 0
20 86 28 0 0
21 86 29 0 0
22 85 29 0 0
23 85 30 0 0
24 85 31 0 0
25 85 32 0 0
26 85 33 0 0
27 85 34 0 0
28 85 35 0 0
29 85 36 0 0
30 84 36 0 0
31 84 37 0 0
32 84 38 0 0
33 84 39 0 0
34 84 40 0 0
35 84 41 0 0
36 84 42 0 0
37 84 43 0 0
38 83 43 0 0
39 83 44 0 0
40 83 45 0 0
41 83 46 0 0
42 83 47 0 0
43 83 48 0 0
44 82 48 0 0
45 82 49 0 0
46 82 50 0 0
47 82 51 0 0
48 82 52 0 0
49 82 53 0 0
50 82 54 0 0
51 82 55 0 0
52 82 56 0 0
53 81 56 0 0
54 81 57 0 0
55 81 58 0 0
56 81 59 0 0
57 81 60 0 0
58 81 61 0 0
59 81 62 0 0
60 80 62 0 0
61 80 63 0 0
62 80 64 0 0
63 80 65 0 0
64 80 66 0 0
65 80 67 0 0
66 80 68 0 0
67 80 69 0 0
68 80 70 0 0
69 79 70 0 0
70 79 71 0 0
71 79 72 0 0
72 79 73 0 0
73 79 74 0 0
74 79 75 0 0
75 79 76 0 0
76 79 77 0 0
77 79 78 0 0
78 78 78 0 0
79 78 79 0 0
80 78 80 0 0
81 78 81 0 0
82 78 82 0 0
83 78 83 0 0
84 77 83 0 0
85 77 84 0 0
86 77 85 0 0
87 77 86 0 0
88 77 87 0 0
89 77 88 0 0
90 77 89 0 0
91 77 90 0 0
92 77 91 0 0
93 76 91 0 0
94 76 92 0 0
95 76 93 0 0
96 76 94 0 0
97 76 95 0 0
98 76 96 0 0
99 75 96 0 0
100 75 97 0 0
101 75 98 0 0
102 75 99 0 0
103 75 100 0 0
104 75 101 0 0
105 75 102 0 0
106 75 103 0 0
107 75 104 0 0
108 74 104 0 0
109 74 105 0 0
110 74 106 0 0
111 74 107 0 0
112 74 108 0 0
113 74 109 0 0
114 74 110 0 0
115 73 110 0 0
116 73 111 0 0
117 73 112 0 0
118 73 113 0 0
119 73 114 0 0
120 72 114 0 0
121 72 115 0 0
122 72 116 0 0
123 72 117 0 0
124 72 118 0 0
125 71 118 0 0
126 71 119 0 0
127 71 120 0 0
128 71 121 0 0
129 71 122 0 0
130 70 122 0 0
131 70 123 0 0
132 70 124 0 0
133 70 125 0 0
134 70 126 0 0
135 69 126 0 0
136 69 127 0 0
137 69 128 0 0
138 69 129 0 0
139 69 130 0 0
140 68 130 0 0
141 68 131 0 0
142 68 132 0 0
143 68 133 0 0
144 67 133 0 0
145 67 134 0 0
146 67 135 0 0
147 67 136 0 0
148 67 137 0 0
149 67 138 0 0
150 66 138 0 0
151 66 139 0 0
152 66 140 0 0
153 66 141 0 0
154 65 141 0 0
155 65 142 0 0
156 65 143 0 0
157 65 144 0 0
158 65 145 0 0
159 64 145 0 0
160 64 146 0 0
161 64 147 0 0
162 64 148 0 0
163 64 149 0 0
164 65 149 0 0
165 65 150 0 0
166 65 151 0 0
167 65 152 0 0
168 65 153 0 0
169 66 153 0 0
170 66 154 0 0
171 66 155 0 0
172 66 156 0 0
173 66 157 0 0
174 67 157 0 0
175 67 158 0 0
176 67 159 0 0
177 67 160 0 0
178 67 161 0 0
179 68 161 0 0
180 68 162 0 0
181 68 163 0 0
182 68 164 0 0
183 69 164 0 0
184 69 165 0 0
185 69 166 0 0
186 69 167 0 0
187 69 168 0 0
188 70 168 0 0
189 70 169 0 0
190 70 170 0 0
191 70 171 0 0
192 70 172 0 0
193 71 172 0 0
194 71 173 0 0
195 71 174 0 0
196 71 175 0 0
197 71 176 0 0
198 72 176 0 0
199 72 177 0 0
200 72 178 0 0
201 72 179 0 0
202 72 180 0 0
203 73 180 0 0
204 73 181 0 0
205 73 182 0 0
206 73 183 0 0
207 73 184 0 0
208 74 184 0 0
209 74 185 0 0
210 74 186 0 0
211 74 187 0 0
212 74 188 0 0
213 75 188 0 0
214 75 189 0 0
215 75 190 0 0
216 75 191 0 0
217 76 191 0 0
218 76 192 0 0
219 76 193 0 0
220 76 194 0 0
221 76 195 0 0
222 76 196 0 0
223 76 197 0 0
224 76 198 0 0
225 76 199 0 0
226 77 199 0 0
227 77 200 0 0
228 77 201 0 0
229 77 202 0 0
230 77 203 0 0
231 77 204 0 0
232 77 205 0 0
233 77 206 0 0
234 77 207 0 0
235 77 208 0 0
236 77 209 0 0
237 77 210 0 0
238 77 211 0 0
239 78 211 0 0
240 78 212 0 0
241 78 213 0 0
242 78 214 0 0
243 78 215 0 0
244 78 216 0 0
245 78 217 0 0
246 78 218 0 0
247 78 219 0 0
248 78 220 0 0
249 79 220 0 0
250 79 221 0 0
251 79 222 0 0
252 79 223 0 0
253 79 224 0 0
254 79 225 0 0
255 79 226 0 0
256 79 227 0 0
257 79 228 0 0
258 79 229 0 0
259 79 230 0 0
260 79 231 0 0
261 79 232 0 0
262 79 233 0 0
263 79 234 0 0
264 79 235 0 0
265 79 236 0 0
266 79 237 0 0
267 79 238 0 0
268 79 239 0 0
269 79 240 0 0
270 79 241 0 0
271 79 242 0 0
272 79 243 0 0
273 79 244 0 0
274 79 245 0 0
275 79 246 0 0
276 79 247 0 0
277 79 248 0 0
278 79 249 0 0
279 79 250 0 0
280 79 251 0 0
281 79 252 0 0
282 79 253 0 0
283 79 254 0 0
284 79 255 0 0
285 79 256 0 0
286 79 257 0 0
287 79 258 0 0
288 79 259 0 0
289 79 260 0 0
290 78 260 0 0
291 78 261 0 0
292 78 262 0 0
293 78 263 0 0
294 78 264 0 0
295 78 265 0 0
296 78 266 0 0
297 78 267 0 0
298 78 268 0 0
299 78 269 0 0
300 78 270 0 0
301 78 271 0 0
