0 136 23 0 0
1 136 24 0 0
2 136 25 0 0
3 136 26 0 0
4 136 27 0 0
5 135 27 0 0
6 135 28 0 0
7 135 29 0 0
8 135 30 0 0
9 135 31 0 0
10 135 32 0 0
11 135 33 0 0
12 135 34 0 0
13 134 34 0 0
14 134 35 0 0
15 134 36 0 0
16 134 37 0 0
17 134 38 0 0
18 134 39 0 0
19 134 40 0 0
20 134 41 0 0
21 134 42 0 0
22 134 43 0 0
23 133 43 0 0
24 133 44 0 0
25 133 45 0 0
26 133 46 0 0
27 133 47 0 0
28 133 48 0 0
29 133 49 0 0
30 133 50 0 0
31 133 51 0 0
32 133 52 0 0
33 133 53 0 0
34 132 53 0 0
35 132 54 0 0
36 132 55 0 0
37 132 56 0 0
38 132 57 0 0
39 132 58 0 0
40 132 59 0 0
41 132 60 0 0
42 132 61 0 0
43 132 62 0 0
44 132 63 0 0
45 132 64 0 0
46 133 64 0 0
47 133 65 0 0
48 133 66 0 0
49 134 66 0 0
50 134 67 0 0
51 134 68 0 0
52 135 68 0 0
53 135 69 0 0
54 136 69 0 0
55 136 70 0 0
56 136 71 0 0
57 137 71 0 0
58 137 72 0 0
59 137 73 0 0
60 138 73 0 0
61 138 74 0 0
62 138 75 0 0
63 139 75 0 0
64 139 76 0 0
65 139 77 0 0
66 140 77 0 0
67 140 78 0 0
68 140 79 0 0
69 141 79 0 0
70 141 80 0 0
71 141 81 0 0
72 141 82 0 0
73 142 82 0 0
74 142 83 0 0
75 143 83 0 0
76 143 84 0 0
77 143 85 0 0
78 143 86 0 0
79 144 86 0 0
80 144 87 0 0
81 144 88 0 0
82 145 88 0 0
83 145 89 0 0
84 145 90 0 0
85 145 91 0 0
86 146 91 0 0
87 146 92 0 0
88 146 93 0 0
89 147 93 0 0
90 147 94 0 0
91 147 95 0 0
92 147 96 0 0
93 148 96 0 0
94 148 97 0 0
95 148 98 0 0
96 149 98 0 0
