0 64 259 0 0
1 64 258 0 0
2 64 257 0 0
3 64 256 0 0
4 64 255 0 0
5 64 254 0 0
6 64 253 0 0
7 64 252 0 0
8 64 251 0 0
9 64 250 0 0
10 64 249 0 0
11 64 248 0 0
12 64 247 0 0
13 64 246 0 0
14 63 246 0 0
15 63 245 0 0
16 63 244 0 0
17 63 243 0 0
18 63 242 0 0
19 63 241 0 0
20 63 240 0 0
21 63 239 0 0
22 63 238 0 0
23 63 237 0 0
24 63 236 0 0
25 63 235 0 0
26 63 234 0 0
27 63 233 0 0
28 63 232 0 0
29 63 231 0 0
30 63 230 0 0
31 63 229 0 0
32 63 228 0 0
33 63 227 0 0
34 63 226 0 0
35 63 225 0 0
36 63 224 0 0
37 63 223 0 0
38 63 222 0 0
39 63 221 0 0
40 62 221 0 0
41 62 220 0 0
42 62 219 0 0
43 62 218 0 0
44 62 217 0 0
45 62 216 0 0
46 62 215 0 0
47 62 214 0 0
48 61 214 0 0
49 61 213 0 0
50 61 212 0 0
51 60 212 0 0
52 60 211 0 0
53 59 211 0 0
54 59 210 0 0
55 58 210 0 0
56 58 209 0 0
57 58 208 0 0
58 57 208 0 0
59 57 207 0 0
60 56 207 0 0
61 56 206 0 0
62 55 206 0 0
63 55 205 0 0
64 55 204 0 0
65 54 204 0 0
66 54 203 0 0
67 53 203 0 0
68 53 202 0 0
69 52 202 0 0
70 52 201 0 0
71 52 200 0 0
72 51 200 0 0
73 51 199 0 0
74 50 199 0 0
75 50 198 0 0
76 49 198 0 0
77 49 197 0 0
78 49 196 0 0
79 48 196 0 0
80 48 195 0 0
81 47 195 0 0
82 47 194 0 0
83 47 193 0 0
84 46 193 0 0
85 46 192 0 0
86 45 192 0 0
87 45 191 0 0
88 44 191 0 0
89 44 190 0 0
90 44 189 0 0
91 43 189 0 0
92 43 188 0 0
93 42 188 0 0
94 42 187 0 0
95 41 187 0 0
96 41 186 0 0
97 41 185 0 0
98 40 185 0 0
99 40 184 0 0
100 39 184 0 0
101 39 183 0 0
102 38 183 0 0
103 38 182 0 0
104 38 181 0 0
105 37 181 0 0
106 37 180 0 0
107 36 180 0 0
108 36 179 0 0
109 36 178 0 0
110 35 178 0 0
111 35 177 0 0
112 34 177 0 0
113 34 176 0 0
