0 81 12 0 0
1 81 11 0 0
2 80 11 0 0
3 80 10 0 0
4 80 9 0 0
5 80 8 0 0
6 80 7 0 0
7 80 6 0 0
8 79 6 0 0
9 79 5 0 0
10 80 5 0 0
11 80 4 0 0
12 81 4 0 0
13 82 4 0 0
14 83 4 0 0
15 84 4 0 0
16 84 5 0 0
17 85 5 0 0
18 85 6 0 0
19 85 7 0 0
20 85 8 0 0
21 85 9 0 0
22 85 10 0 0
23 86 10 0 0
24 86 11 0 0
25 86 12 0 0
26 86 13 0 0
27 87 13 0 0
28 87 14 0 0
29 87 15 0 0
30 87 16 0 0
31 87 17 0 0
32 87 18 0 0
33 88 18 0 0
34 88 19 0 0
35 88 20 0 0
36 88 21 0 0
37 89 21 0 0
38 89 22 0 0
39 89 23 0 0
40 89 24 0 0
41 88 24 0 0
42 88 25 0 0
43 88 26 0 0
44 87 26 0 0
45 87 27 0 0
46 87 28 0 0
47 87 29 0 0
48 86 29 0 0
49 86 30 0 0
50 86 31 0 0
51 86 32 0 0
52 85 32 0 0
53 85 33 0 0
54 85 34 0 0
55 85 35 0 0
56 85 36 0 0
57 84 36 0 0
58 84 37 0 0
59 84 38 0 0
60 83 38 0 0
61 83 39 0 0
62 83 40 0 0
63 83 41 0 0
64 82 41 0 0
65 82 42 0 0
