0 197 113 0 0
1 197 112 0 0
2 196 112 0 0
3 195 112 0 0
4 194 112 0 0
5 193 112 0 0
6 192 112 0 0
7 191 112 0 0
8 190 112 0 0
9 189 112 0 0
10 188 112 0 0
11 187 112 0 0
12 186 112 0 0
13 185 112 0 0
14 184 112 0 0
15 183 112 0 0
16 182 112 0 0
17 182 113 0 0
18 181 113 0 0
19 180 113 0 0
20 179 113 0 0
21 178 113 0 0
22 177 113 0 0
23 177 114 0 0
24 176 114 0 0
25 175 114 0 0
26 174 114 0 0
27 173 114 0 0
28 172 114 0 0
29 171 114 0 0
30 170 114 0 0
31 169 114 0 0
32 168 114 0 0
33 167 114 0 0
34 166 114 0 0
35 166 113 0 0
36 165 113 0 0
37 164 113 0 0
38 163 113 0 0
39 163 112 0 0
40 162 112 0 0
41 161 112 0 0
42 160 112 0 0
43 160 111 0 0
44 159 111 0 0
45 158 111 0 0
46 157 111 0 0
47 156 111 0 0
48 156 110 0 0
49 155 110 0 0
50 154 110 0 0
51 153 110 0 0
52 153 109 0 0
53 152 109 0 0
54 151 109 0 0
55 151 108 0 0
56 150 108 0 0
57 149 108 0 0
58 148 108 0 0
59 147 108 0 0
60 146 108 0 0
61 146 107 0 0
62 145 107 0 0
63 144 107 0 0
64 143 107 0 0
65 143 106 0 0
66 142 106 0 0
67 141 106 0 0
68 140 106 0 0
69 140 105 0 0
70 139 105 0 0
71 138 105 0 0
72 137 105 0 0
73 137 104 0 0
74 136 104 0 0
75 135 104 0 0
76 134 104 0 0
77 133 104 0 0
78 132 104 0 0
79 132 103 0 0
80 131 103 0 0
81 131 102 0 0
82 130 102 0 0
83 129 102 0 0
84 129 101 0 0
85 128 101 0 0
86 127 101 0 0
87 127 100 0 0
88 126 100 0 0
89 126 99 0 0
90 125 99 0 0
91 124 99 0 0
92 123 99 0 0
93 123 98 0 0
94 122 98 0 0
95 121 98 0 0
96 121 97 0 0
97 120 97 0 0
98 119 97 0 0
99 119 96 0 0
100 118 96 0 0
101 117 96 0 0
102 116 96 0 0
103 116 95 0 0
104 115 95 0 0
105 115 94 0 0
106 114 94 0 0
107 113 94 0 0
108 113 93 0 0
109 112 93 0 0
110 111 93 0 0
111 111 92 0 0
112 110 92 0 0
113 109 92 0 0
114 109 91 0 0
115 108 91 0 0
116 107 91 0 0
117 107 90 0 0
118 106 90 0 0
119 105 90 0 0
120 105 89 0 0
121 104 89 0 0
122 104 88 0 0
123 103 88 0 0
124 102 88 0 0
125 101 88 0 0
126 101 87 0 0
127 100 87 0 0
128 99 87 0 0
129 99 86 0 0
130 98 86 0 0
131 97 86 0 0
132 97 85 0 0
133 96 85 0 0
134 95 85 0 0
135 94 85 0 0
136 94 84 0 0
137 94 83 0 0
138 93 83 0 0
139 92 83 0 0
140 91 83 0 0
141 91 82 0 0
142 90 82 0 0
143 89 82 0 0
144 89 81 0 0
145 88 81 0 0
146 88 80 0 0
147 87 80 0 0
148 87 79 0 0
149 86 79 0 0
150 86 78 0 0
151 85 78 0 0
152 85 77 0 0
153 85 76 0 0
154 84 76 0 0
155 84 75 0 0
156 84 74 0 0
157 83 74 0 0
158 83 73 0 0
159 82 73 0 0
160 82 72 0 0
161 82 71 0 0
162 81 71 0 0
163 81 70 0 0
164 80 70 0 0
165 80 69 0 0
166 80 68 0 0
167 79 68 0 0
168 79 67 0 0
169 78 67 0 0
170 78 66 0 0
171 78 65 0 0
172 77 65 0 0
173 77 64 0 0
174 76 64 0 0
175 76 63 0 0
176 75 63 0 0
177 75 62 0 0
178 75 61 0 0
179 74 61 0 0
180 74 60 0 0
181 74 59 0 0
182 74 58 0 0
183 74 57 0 0
184 74 56 0 0
185 74 55 0 0
186 73 55 0 0
187 73 54 0 0
188 73 53 0 0
189 73 52 0 0
190 73 51 0 0
191 73 50 0 0
192 72 50 0 0
193 72 49 0 0
194 72 48 0 0
195 72 47 0 0
196 72 46 0 0
197 72 45 0 0
198 72 44 0 0
199 71 44 0 0
200 71 43 0 0
201 71 42 0 0
202 71 41 0 0
203 71 40 0 0
204 71 39 0 0
205 70 39 0 0
206 70 38 0 0
207 70 37 0 0
208 70 36 0 0
209 70 35 0 0
210 70 34 0 0
211 69 34 0 0
212 69 33 0 0
213 69 32 0 0
214 69 31 0 0
215 69 30 0 0
216 69 29 0 0
217 69 28 0 0
218 68 28 0 0
219 68 27 0 0
220 68 26 0 0
221 68 25 0 0
222 68 24 0 0
223 68 23 0 0
224 67 23 0 0
225 67 22 0 0
226 67 21 0 0
227 67 20 0 0
228 67 19 0 0
229 67 18 0 0
230 67 17 0 0
231 67 16 0 0
232 67 15 0 0
233 67 14 0 0
234 67 13 0 0
235 67 12 0 0
236 66 12 0 0
237 66 11 0 0
238 66 10 0 0
239 66 9 0 0
240 66 8 0 0
241 65 8 0 0
242 64 8 0 0
243 64 7 0 0
244 63 7 0 0
245 62 7 0 0
246 62 6 0 0
247 61 6 0 0
248 60 6 0 0
249 60 5 0 0
250 59 5 0 0
251 58 5 0 0
252 57 5 0 0
253 57 4 0 0
254 56 4 0 0
255 56 3 0 0
256 55 3 0 0
257 54 3 0 0
258 53 3 0 0
259 53 2 0 0
260 52 2 0 0
261 51 2 0 0
262 50 2 0 0
263 49 2 0 0
264 48 2 0 0
265 47 2 0 0
266 46 2 0 0
267 45 2 0 0
268 44 2 0 0
269 43 2 0 0
270 42 2 0 0
271 41 2 0 0
272 40 2 0 0
273 39 2 0 0
274 38 2 0 0
275 37 2 0 0
276 36 2 0 0
277 35 2 0 0
278 34 2 0 0
279 33 2 0 0
280 32 2 0 0
281 31 2 0 0
