0 208 56 0 0
1 208 55 0 0
2 207 55 0 0
3 206 55 0 0
4 205 55 0 0
5 204 55 0 0
6 203 55 0 0
7 202 55 0 0
8 201 55 0 0
9 200 55 0 0
10 199 55 0 0
11 198 55 0 0
12 197 55 0 0
13 196 55 0 0
14 195 55 0 0
15 194 55 0 0
16 193 55 0 0
17 192 55 0 0
18 191 55 0 0
19 190 55 0 0
20 189 55 0 0
21 188 55 0 0
22 187 55 0 0
23 186 55 0 0
24 185 55 0 0
25 184 55 0 0
26 183 55 0 0
27 182 55 0 0
28 181 55 0 0
29 180 55 0 0
30 179 55 0 0
31 178 55 0 0
32 177 55 0 0
33 176 55 0 0
34 176 56 0 0
35 175 56 0 0
36 174 56 0 0
37 173 56 0 0
38 173 55 0 0
39 172 55 0 0
40 171 55 0 0
41 170 55 0 0
42 169 55 0 0
43 168 55 0 0
44 168 54 0 0
45 167 54 0 0
46 166 54 0 0
47 165 54 0 0
48 164 54 0 0
49 163 54 0 0
50 162 54 0 0
51 161 54 0 0
52 160 54 0 0
53 159 54 0 0
54 158 54 0 0
55 157 54 0 0
56 156 54 0 0
57 155 54 0 0
58 154 54 0 0
59 153 54 0 0
60 153 53 0 0
61 152 53 0 0
62 151 53 0 0
63 150 53 0 0
64 150 54 0 0
65 149 54 0 0
66 148 54 0 0
67 148 55 0 0
68 147 55 0 0
69 146 55 0 0
70 145 55 0 0
71 144 55 0 0
72 143 55 0 0
73 143 56 0 0
74 142 56 0 0
75 141 56 0 0
76 140 56 0 0
77 140 57 0 0
78 139 57 0 0
79 138 57 0 0
80 138 58 0 0
81 138 57 0 0
82 137 57 0 0
83 136 57 0 0
84 135 57 0 0
85 134 57 0 0
86 133 57 0 0
87 133 58 0 0
88 132 58 0 0
89 131 58 0 0
90 130 58 0 0
91 129 58 0 0
92 128 58 0 0
93 127 58 0 0
94 127 57 0 0
95 126 57 0 0
96 125 57 0 0
97 124 57 0 0
98 123 57 0 0
99 122 57 0 0
100 121 57 0 0
101 120 57 0 0
102 119 57 0 0
103 118 57 0 0
104 118 58 0 0
105 117 58 0 0
106 116 58 0 0
107 116 59 0 0
108 115 59 0 0
109 114 59 0 0
110 114 60 0 0
111 113 60 0 0
112 112 60 0 0
113 111 60 0 0
114 110 60 0 0
115 109 60 0 0
116 108 60 0 0
117 107 60 0 0
118 106 60 0 0
119 105 60 0 0
120 105 61 0 0
121 104 61 0 0
122 103 61 0 0
123 102 61 0 0
124 102 62 0 0
125 101 62 0 0
126 100 62 0 0
127 99 62 0 0
128 98 62 0 0
129 97 62 0 0
130 96 62 0 0
131 95 62 0 0
132 94 62 0 0
133 94 63 0 0
134 93 63 0 0
135 92 63 0 0
136 91 63 0 0
137 91 62 0 0
138 90 62 0 0
139 90 63 0 0
140 91 63 0 0
141 91 64 0 0
142 92 64 0 0
143 92 65 0 0
144 91 65 0 0
145 91 66 0 0
146 90 66 0 0
147 90 67 0 0
148 90 68 0 0
149 89 68 0 0
150 89 69 0 0
151 89 70 0 0
152 88 70 0 0
153 88 71 0 0
154 88 72 0 0
155 88 73 0 0
156 87 73 0 0
157 87 74 0 0
158 87 75 0 0
159 87 76 0 0
160 87 77 0 0
161 87 78 0 0
162 86 78 0 0
163 86 79 0 0
164 86 80 0 0
165 86 81 0 0
166 86 82 0 0
167 85 82 0 0
168 85 83 0 0
169 85 84 0 0
170 85 85 0 0
171 84 85 0 0
172 84 86 0 0
173 84 87 0 0
174 84 88 0 0
175 83 88 0 0
176 83 89 0 0
177 83 90 0 0
178 82 90 0 0
179 82 91 0 0
180 82 92 0 0
181 82 93 0 0
182 82 94 0 0
183 81 94 0 0
184 81 95 0 0
185 81 96 0 0
186 81 97 0 0
187 81 98 0 0
188 81 99 0 0
189 80 99 0 0
190 80 100 0 0
191 80 101 0 0
192 80 102 0 0
193 80 103 0 0
194 79 103 0 0
195 79 104 0 0
196 79 105 0 0
197 79 106 0 0
198 79 107 0 0
199 79 108 0 0
200 78 108 0 0
201 78 109 0 0
202 77 109 0 0
203 76 109 0 0
204 75 109 0 0
205 75 110 0 0
206 74 110 0 0
207 73 110 0 0
208 73 111 0 0
209 72 111 0 0
210 72 112 0 0
211 71 112 0 0
212 70 112 0 0
213 69 112 0 0
214 69 113 0 0
215 68 113 0 0
216 68 114 0 0
217 67 114 0 0
218 67 115 0 0
219 66 115 0 0
220 65 115 0 0
221 65 116 0 0
222 64 116 0 0
223 63 116 0 0
224 63 117 0 0
225 62 117 0 0
226 61 117 0 0
227 61 118 0 0
228 60 118 0 0
229 60 119 0 0
230 59 119 0 0
231 58 119 0 0
232 57 119 0 0
233 56 119 0 0
234 55 119 0 0
235 54 119 0 0
236 54 120 0 0
237 53 120 0 0
238 52 120 0 0
239 51 120 0 0
240 50 120 0 0
241 49 120 0 0
242 48 120 0 0
243 47 120 0 0
244 46 120 0 0
245 45 120 0 0
246 45 121 0 0
247 44 121 0 0
248 43 121 0 0
249 42 121 0 0
250 41 121 0 0
251 40 121 0 0
252 39 121 0 0
253 39 120 0 0
254 38 120 0 0
255 37 120 0 0
256 36 120 0 0
257 35 120 0 0
258 34 120 0 0
259 33 120 0 0
260 32 120 0 0
261 31 120 0 0
262 30 120 0 0
263 29 120 0 0
264 28 120 0 0
265 27 120 0 0
266 26 120 0 0
267 26 121 0 0
268 25 121 0 0
269 24 121 0 0
270 23 121 0 0
271 22 121 0 0
272 21 121 0 0
273 20 121 0 0
274 19 121 0 0
275 18 121 0 0
276 17 121 0 0
277 17 122 0 0
278 16 122 0 0
279 15 122 0 0
280 14 122 0 0
281 14 123 0 0
282 14 122 0 0
283 13 122 0 0
284 13 121 0 0
285 12 121 0 0
286 11 121 0 0
287 10 121 0 0
288 10 120 0 0
289 9 120 0 0
290 8 120 0 0
291 7 120 0 0
292 7 119 0 0
293 6 119 0 0
294 5 119 0 0
295 4 119 0 0
296 3 119 0 0
