0 33 167 0 0
1 33 168 0 0
2 34 168 0 0
3 34 169 0 0
4 35 169 0 0
5 35 170 0 0
6 36 170 0 0
7 37 170 0 0
8 37 171 0 0
9 38 171 0 0
10 38 172 0 0
11 39 172 0 0
12 39 173 0 0
13 40 173 0 0
14 40 174 0 0
15 41 174 0 0
16 42 174 0 0
17 42 175 0 0
18 43 175 0 0
19 43 176 0 0
20 44 176 0 0
21 44 177 0 0
22 45 177 0 0
23 45 178 0 0
24 46 178 0 0
25 47 178 0 0
26 47 179 0 0
27 48 179 0 0
28 48 180 0 0
29 48 181 0 0
30 49 181 0 0
31 50 181 0 0
32 50 182 0 0
33 51 182 0 0
34 51 183 0 0
35 52 183 0 0
36 52 184 0 0
37 53 184 0 0
38 54 184 0 0
39 54 185 0 0
40 55 185 0 0
41 55 186 0 0
42 56 186 0 0
43 56 187 0 0
44 57 187 0 0
45 57 188 0 0
46 58 188 0 0
47 58 189 0 0
48 59 189 0 0
49 60 189 0 0
50 60 190 0 0
51 61 190 0 0
52 61 191 0 0
53 62 191 0 0
54 62 192 0 0
55 63 192 0 0
56 63 193 0 0
57 64 193 0 0
58 64 194 0 0
59 65 194 0 0
60 66 194 0 0
61 66 195 0 0
62 66 196 0 0
63 67 196 0 0
64 67 195 0 0
65 68 195 0 0
66 69 195 0 0
67 69 194 0 0
68 70 194 0 0
69 71 194 0 0
70 72 194 0 0
71 73 194 0 0
72 74 194 0 0
73 74 193 0 0
74 75 193 0 0
75 76 193 0 0
76 77 193 0 0
77 78 193 0 0
78 79 193 0 0
79 79 192 0 0
80 80 192 0 0
81 81 192 0 0
82 82 192 0 0
83 83 192 0 0
84 84 192 0 0
85 84 191 0 0
86 85 191 0 0
87 86 191 0 0
88 86 190 0 0
89 87 190 0 0
90 88 190 0 0
91 89 190 0 0
92 90 190 0 0
93 91 190 0 0
94 91 189 0 0
95 92 189 0 0
96 93 189 0 0
97 94 189 0 0
98 95 189 0 0
99 96 189 0 0
100 96 188 0 0
101 97 188 0 0
102 98 188 0 0
103 98 187 0 0
104 99 187 0 0
105 99 186 0 0
106 100 186 0 0
107 100 185 0 0
108 101 185 0 0
109 101 184 0 0
110 101 183 0 0
111 102 183 0 0
112 102 182 0 0
113 103 182 0 0
114 103 181 0 0
115 103 180 0 0
116 104 180 0 0
117 104 179 0 0
118 105 179 0 0
119 105 178 0 0
120 105 177 0 0
121 106 177 0 0
122 106 176 0 0
123 107 176 0 0
124 107 175 0 0
125 108 175 0 0
126 108 174 0 0
127 108 173 0 0
128 109 173 0 0
129 109 172 0 0
130 110 172 0 0
131 110 171 0 0
132 111 171 0 0
133 111 170 0 0
134 111 169 0 0
135 112 169 0 0
136 112 168 0 0
137 113 168 0 0
138 113 167 0 0
139 113 166 0 0
140 114 166 0 0
141 114 165 0 0
142 115 165 0 0
143 115 164 0 0
144 116 164 0 0
145 116 163 0 0
146 116 162 0 0
147 117 162 0 0
148 117 161 0 0
149 118 161 0 0
150 119 161 0 0
151 119 160 0 0
152 120 160 0 0
153 121 160 0 0
154 122 160 0 0
155 122 159 0 0
156 123 159 0 0
157 124 159 0 0
158 125 159 0 0
159 125 158 0 0
160 126 158 0 0
161 126 157 0 0
162 127 157 0 0
163 128 157 0 0
164 129 157 0 0
165 130 157 0 0
166 130 156 0 0
167 131 156 0 0
168 132 156 0 0
169 133 156 0 0
170 133 155 0 0
171 134 155 0 0
172 135 155 0 0
173 136 155 0 0
174 136 154 0 0
175 137 154 0 0
176 138 154 0 0
177 139 154 0 0
178 139 153 0 0
179 140 153 0 0
180 141 153 0 0
181 142 153 0 0
182 143 153 0 0
183 143 152 0 0
184 144 152 0 0
185 145 152 0 0
186 146 152 0 0
187 146 151 0 0
188 147 151 0 0
189 148 151 0 0
190 149 151 0 0
191 150 151 0 0
192 151 151 0 0
193 152 151 0 0
194 153 151 0 0
195 154 151 0 0
196 155 151 0 0
197 156 151 0 0
198 157 151 0 0
199 158 151 0 0
200 159 151 0 0
201 160 151 0 0
202 161 151 0 0
203 162 151 0 0
204 163 151 0 0
205 164 151 0 0
206 165 151 0 0
207 166 151 0 0
208 167 151 0 0
209 168 151 0 0
210 169 151 0 0
211 170 151 0 0
212 171 151 0 0
213 172 151 0 0
214 173 151 0 0
215 174 151 0 0
216 175 151 0 0
217 176 151 0 0
218 177 151 0 0
219 178 151 0 0
220 178 152 0 0
221 178 151 0 0
222 179 151 0 0
223 180 151 0 0
224 181 151 0 0
225 182 151 0 0
226 183 151 0 0
227 184 151 0 0
228 185 151 0 0
229 186 151 0 0
230 187 151 0 0
231 188 151 0 0
232 189 151 0 0
233 190 151 0 0
234 190 150 0 0
235 191 150 0 0
236 192 150 0 0
237 193 150 0 0
238 193 149 0 0
239 194 149 0 0
240 195 149 0 0
241 196 149 0 0
