0 97 269 0 0
1 97 268 0 0
2 97 267 0 0
3 98 267 0 0
4 98 266 0 0
5 98 265 0 0
6 98 264 0 0
7 98 263 0 0
8 98 262 0 0
9 99 262 0 0
10 99 261 0 0
11 98 261 0 0
12 98 260 0 0
13 98 259 0 0
14 98 258 0 0
15 98 257 0 0
16 98 256 0 0
17 98 255 0 0
18 98 254 0 0
19 98 253 0 0
20 98 252 0 0
21 98 251 0 0
22 98 250 0 0
23 98 249 0 0
24 98 248 0 0
25 98 247 0 0
26 98 246 0 0
27 98 245 0 0
28 98 244 0 0
29 98 243 0 0
30 98 242 0 0
31 98 241 0 0
32 98 240 0 0
33 98 239 0 0
34 98 238 0 0
35 98 237 0 0
36 98 236 0 0
37 98 235 0 0
38 98 234 0 0
39 98 233 0 0
40 98 232 0 0
41 98 231 0 0
42 98 230 0 0
43 98 229 0 0
44 98 228 0 0
45 98 227 0 0
46 98 226 0 0
47 98 225 0 0
48 98 224 0 0
49 98 223 0 0
50 99 223 0 0
51 99 222 0 0
52 99 221 0 0
53 99 220 0 0
54 99 219 0 0
55 99 218 0 0
56 99 217 0 0
57 99 216 0 0
58 99 215 0 0
59 99 214 0 0
60 99 213 0 0
61 99 212 0 0
62 99 211 0 0
63 100 211 0 0
64 100 210 0 0
65 100 209 0 0
66 100 208 0 0
67 100 207 0 0
68 100 206 0 0
69 100 205 0 0
70 100 204 0 0
71 100 203 0 0
72 100 202 0 0
73 100 201 0 0
74 100 200 0 0
75 100 199 0 0
76 101 199 0 0
77 101 198 0 0
78 102 198 0 0
79 102 197 0 0
80 102 196 0 0
81 103 196 0 0
