0 9 142 0 0
1 8 142 0 0
2 7 142 0 0
3 6 142 0 0
4 5 142 0 0
5 4 142 0 0
6 3 142 0 0
7 2 142 0 0
8 3 142 0 0
9 3 141 0 0
10 4 141 0 0
11 5 141 0 0
12 5 142 0 0
13 6 142 0 0
14 7 142 0 0
15 8 142 0 0
16 8 141 0 0
17 9 141 0 0
18 10 141 0 0
19 11 141 0 0
20 12 141 0 0
21 13 141 0 0
22 13 140 0 0
23 14 140 0 0
24 15 140 0 0
25 16 140 0 0
26 17 140 0 0
27 18 140 0 0
28 19 140 0 0
29 19 139 0 0
30 20 139 0 0
31 21 139 0 0
32 22 139 0 0
33 23 139 0 0
34 24 139 0 0
35 25 139 0 0
36 25 138 0 0
37 26 138 0 0
38 27 138 0 0
39 28 138 0 0
40 29 138 0 0
41 29 137 0 0
42 30 137 0 0
43 31 137 0 0
44 32 137 0 0
45 33 137 0 0
46 34 137 0 0
47 35 137 0 0
48 35 136 0 0
49 36 136 0 0
50 37 136 0 0
51 38 136 0 0
52 39 136 0 0
53 40 136 0 0
54 41 136 0 0
55 42 136 0 0
56 43 136 0 0
57 44 136 0 0
58 45 136 0 0
59 46 136 0 0
60 47 136 0 0
61 48 136 0 0
62 49 136 0 0
63 50 136 0 0
64 51 136 0 0
65 52 136 0 0
66 53 136 0 0
67 54 136 0 0
68 55 136 0 0
69 56 136 0 0
70 57 136 0 0
71 58 136 0 0
72 59 136 0 0
73 60 136 0 0
74 61 136 0 0
75 62 136 0 0
76 63 136 0 0
77 64 136 0 0
78 65 136 0 0
79 66 136 0 0
80 67 136 0 0
81 68 136 0 0
82 69 136 0 0
83 70 136 0 0
84 71 136 0 0
85 72 136 0 0
86 73 136 0 0
87 74 136 0 0
88 75 136 0 0
89 76 136 0 0
90 77 136 0 0
91 78 136 0 0
92 78 137 0 0
93 79 137 0 0
94 80 137 0 0
95 81 137 0 0
96 81 138 0 0
97 81 139 0 0
98 82 139 0 0
99 82 140 0 0
100 83 140 0 0
101 83 141 0 0
102 83 142 0 0
103 84 142 0 0
104 84 143 0 0
105 85 143 0 0
106 85 144 0 0
107 85 145 0 0
108 85 146 0 0
109 85 147 0 0
110 85 148 0 0
111 85 149 0 0
112 86 149 0 0
113 86 150 0 0
114 86 151 0 0
115 86 152 0 0
116 86 153 0 0
117 87 153 0 0
118 87 154 0 0
119 87 155 0 0
120 87 156 0 0
121 87 157 0 0
122 87 158 0 0
123 87 159 0 0
124 87 160 0 0
125 87 161 0 0
126 87 162 0 0
127 87 163 0 0
128 87 164 0 0
129 87 165 0 0
130 87 166 0 0
131 87 167 0 0
132 87 168 0 0
133 87 169 0 0
134 87 170 0 0
135 87 171 0 0
136 87 172 0 0
137 87 173 0 0
138 87 174 0 0
139 87 175 0 0
140 87 176 0 0
141 87 177 0 0
142 87 178 0 0
143 87 179 0 0
144 87 180 0 0
145 87 181 0 0
146 87 182 0 0
147 87 183 0 0
148 87 184 0 0
149 87 185 0 0
150 87 186 0 0
151 87 187 0 0
152 87 188 0 0
153 87 189 0 0
154 87 190 0 0
155 87 191 0 0
156 87 192 0 0
157 87 193 0 0
158 87 194 0 0
159 87 195 0 0
160 87 196 0 0
161 87 197 0 0
162 87 198 0 0
163 87 199 0 0
164 87 200 0 0
165 88 200 0 0
166 88 201 0 0
167 88 202 0 0
168 88 203 0 0
169 88 204 0 0
170 88 205 0 0
171 88 206 0 0
172 88 207 0 0
173 89 207 0 0
174 89 208 0 0
175 89 209 0 0
176 89 210 0 0
177 89 211 0 0
178 89 212 0 0
179 89 213 0 0
180 89 214 0 0
181 89 215 0 0
182 90 215 0 0
183 90 216 0 0
184 90 217 0 0
185 90 218 0 0
186 90 219 0 0
187 90 220 0 0
188 90 221 0 0
189 90 222 0 0
190 91 222 0 0
191 91 223 0 0
192 91 224 0 0
193 91 225 0 0
194 91 226 0 0
195 91 227 0 0
196 92 227 0 0
197 92 228 0 0
198 92 229 0 0
199 92 230 0 0
200 92 231 0 0
201 92 232 0 0
202 93 232 0 0
203 93 233 0 0
204 93 234 0 0
205 93 235 0 0
206 93 236 0 0
207 94 236 0 0
208 94 237 0 0
209 94 238 0 0
210 94 239 0 0
211 94 240 0 0
212 94 241 0 0
213 95 241 0 0
214 95 242 0 0
215 95 243 0 0
216 95 244 0 0
217 95 245 0 0
218 95 246 0 0
219 96 246 0 0
220 96 247 0 0
221 96 248 0 0
222 96 249 0 0
223 96 250 0 0
224 96 251 0 0
225 97 251 0 0
226 97 252 0 0
227 97 253 0 0
228 97 254 0 0
229 97 255 0 0
230 98 255 0 0
231 98 256 0 0
232 98 257 0 0
233 98 258 0 0
234 98 259 0 0
235 99 259 0 0
236 99 260 0 0
237 99 261 0 0
238 99 262 0 0
239 100 262 0 0
240 100 263 0 0
241 100 264 0 0
242 100 265 0 0
243 101 265 0 0
244 101 266 0 0
245 101 267 0 0
246 101 268 0 0
247 102 268 0 0
248 102 269 0 0
249 102 270 0 0
250 102 271 0 0
251 103 271 0 0
252 103 272 0 0
253 103 273 0 0
254 103 274 0 0
255 103 273 0 0
256 104 273 0 0
257 104 272 0 0
258 105 272 0 0
259 105 271 0 0
260 106 271 0 0
261 106 270 0 0
262 106 269 0 0
263 106 268 0 0
264 106 267 0 0
265 106 266 0 0
266 106 265 0 0
267 106 264 0 0
268 106 263 0 0
269 106 262 0 0
270 106 261 0 0
271 106 260 0 0
272 106 259 0 0
273 106 258 0 0
274 105 258 0 0
275 105 257 0 0
276 105 256 0 0
277 105 255 0 0
278 105 254 0 0
279 105 253 0 0
280 105 252 0 0
281 105 251 0 0
282 105 250 0 0
283 105 249 0 0
284 105 248 0 0
285 105 247 0 0
286 105 246 0 0
287 105 245 0 0
288 105 244 0 0
289 105 243 0 0
290 105 242 0 0
291 105 241 0 0
292 105 240 0 0
293 105 239 0 0
294 105 238 0 0
295 105 237 0 0
296 105 236 0 0
297 105 235 0 0
298 105 234 0 0
299 105 233 0 0
300 105 232 0 0
301 105 231 0 0
302 105 230 0 0
303 105 229 0 0
304 105 228 0 0
305 105 227 0 0
306 105 226 0 0
307 105 225 0 0
308 105 224 0 0
309 105 223 0 0
310 105 222 0 0
311 105 221 0 0
312 105 220 0 0
313 105 219 0 0
314 105 218 0 0
315 105 217 0 0
316 105 216 0 0
317 105 215 0 0
318 105 214 0 0
319 105 213 0 0
320 105 212 0 0
321 105 211 0 0
322 105 210 0 0
323 105 209 0 0
324 105 208 0 0
325 105 207 0 0
326 105 206 0 0
327 105 205 0 0
328 105 204 0 0
329 105 203 0 0
330 105 202 0 0
331 105 201 0 0
332 105 200 0 0
333 105 199 0 0
334 105 198 0 0
335 105 197 0 0
336 105 196 0 0
337 105 195 0 0
338 105 194 0 0
339 105 193 0 0
340 104 193 0 0
341 104 192 0 0
342 104 191 0 0
343 104 190 0 0
344 104 189 0 0
345 104 188 0 0
346 104 187 0 0
347 104 186 0 0
348 104 185 0 0
349 104 184 0 0
350 104 183 0 0
351 104 182 0 0
352 104 181 0 0
353 104 180 0 0
354 104 179 0 0
355 104 178 0 0
356 104 177 0 0
357 104 176 0 0
358 104 175 0 0
359 104 174 0 0
360 104 173 0 0
361 104 172 0 0
362 103 172 0 0
363 103 171 0 0
364 103 170 0 0
365 102 170 0 0
366 102 169 0 0
367 102 168 0 0
368 102 167 0 0
369 102 166 0 0
370 101 166 0 0
371 101 165 0 0
372 101 164 0 0
373 101 163 0 0
374 100 163 0 0
375 100 162 0 0
376 100 161 0 0
377 100 160 0 0
378 100 159 0 0
379 99 159 0 0
380 99 158 0 0
381 99 157 0 0
382 99 156 0 0
383 98 156 0 0
384 98 155 0 0
385 97 155 0 0
386 97 154 0 0
387 96 154 0 0
388 96 153 0 0
389 95 153 0 0
390 95 152 0 0
391 94 152 0 0
392 94 151 0 0
393 94 150 0 0
394 93 150 0 0
395 92 150 0 0
396 92 149 0 0
397 91 149 0 0
398 91 148 0 0
399 91 147 0 0
400 90 147 0 0
401 90 146 0 0
402 89 146 0 0
403 89 145 0 0
404 88 145 0 0
405 87 145 0 0
406 86 145 0 0
407 86 144 0 0
408 85 144 0 0
409 84 144 0 0
410 84 143 0 0
411 84 142 0 0
412 83 142 0 0
413 82 142 0 0
414 81 142 0 0
415 81 141 0 0
416 80 141 0 0
417 79 141 0 0
418 78 141 0 0
419 78 140 0 0
420 77 140 0 0
421 76 140 0 0
422 75 140 0 0
423 74 140 0 0
424 74 139 0 0
425 73 139 0 0
426 72 139 0 0
427 72 138 0 0
428 71 138 0 0
429 70 138 0 0
430 70 137 0 0
431 69 137 0 0
432 68 137 0 0
433 67 137 0 0
434 67 136 0 0
435 66 136 0 0
436 66 135 0 0
437 65 135 0 0
438 64 135 0 0
439 64 134 0 0
440 63 134 0 0
441 62 134 0 0
442 61 134 0 0
443 60 134 0 0
444 59 134 0 0
445 58 134 0 0
446 57 134 0 0
447 56 134 0 0
448 55 134 0 0
449 54 134 0 0
450 53 134 0 0
451 52 134 0 0
452 51 134 0 0
453 51 135 0 0
454 50 135 0 0
455 49 135 0 0
456 48 135 0 0
457 47 135 0 0
458 47 136 0 0
459 46 136 0 0
460 45 136 0 0
461 45 137 0 0
462 44 137 0 0
463 43 137 0 0
464 42 137 0 0
465 41 137 0 0
466 40 137 0 0
467 40 138 0 0
468 39 138 0 0
469 38 138 0 0
470 37 138 0 0
471 36 138 0 0
472 35 138 0 0
473 34 138 0 0
474 33 138 0 0
475 33 139 0 0
476 32 139 0 0
477 31 139 0 0
478 30 139 0 0
479 30 140 0 0
480 29 140 0 0
481 28 140 0 0
482 27 140 0 0
483 26 140 0 0
484 25 140 0 0
485 25 141 0 0
486 24 141 0 0
487 23 141 0 0
488 23 142 0 0
489 22 142 0 0
490 22 143 0 0
491 21 143 0 0
492 21 144 0 0
493 20 144 0 0
494 20 145 0 0
495 19 145 0 0
496 19 146 0 0
497 18 146 0 0
498 17 146 0 0
499 17 147 0 0
500 16 147 0 0
501 16 148 0 0
502 15 148 0 0
503 14 148 0 0
504 14 147 0 0
505 13 147 0 0
506 12 147 0 0
507 11 147 0 0
508 10 147 0 0
509 9 147 0 0
510 8 147 0 0
511 8 146 0 0
512 7 146 0 0
513 6 146 0 0
514 6 145 0 0
515 5 145 0 0
516 5 144 0 0
517 4 144 0 0
518 3 144 0 0
519 3 143 0 0
520 3 142 0 0
521 2 142 0 0
522 2 141 0 0
523 1 141 0 0
524 1 140 0 0
525 2 140 0 0
526 3 140 0 0
527 4 140 0 0
528 5 140 0 0
529 6 140 0 0
530 7 140 0 0
531 8 140 0 0
532 9 140 0 0
533 10 140 0 0
534 11 140 0 0
535 12 140 0 0
536 13 140 0 0
537 14 140 0 0
538 15 140 0 0
539 15 139 0 0
540 16 139 0 0
541 17 139 0 0
542 18 139 0 0
543 19 139 0 0
544 20 139 0 0
545 21 139 0 0
546 22 139 0 0
547 23 139 0 0
548 24 139 0 0
549 25 139 0 0
550 26 139 0 0
551 27 139 0 0
552 28 139 0 0
553 29 139 0 0
554 30 139 0 0
555 31 139 0 0
556 32 139 0 0
557 33 139 0 0
558 34 139 0 0
559 35 139 0 0
560 36 139 0 0
561 37 139 0 0
562 38 139 0 0
563 39 139 0 0
564 40 139 0 0
565 41 139 0 0
566 42 139 0 0
567 43 139 0 0
568 44 139 0 0
569 45 139 0 0
570 46 139 0 0
571 46 140 0 0
572 47 140 0 0
573 48 140 0 0
574 49 140 0 0
575 50 140 0 0
576 51 140 0 0
577 52 140 0 0
578 53 140 0 0
579 54 140 0 0
580 55 140 0 0
581 56 140 0 0
582 57 140 0 0
583 58 140 0 0
584 58 141 0 0
585 59 141 0 0
586 60 141 0 0
587 61 141 0 0
588 62 141 0 0
589 63 141 0 0
590 64 141 0 0
591 65 141 0 0
592 66 141 0 0
593 67 141 0 0
594 68 141 0 0
595 69 141 0 0
596 70 141 0 0
597 71 141 0 0
598 72 141 0 0
599 73 141 0 0
600 74 141 0 0
601 74 142 0 0
602 75 142 0 0
603 76 142 0 0
604 77 142 0 0
605 78 142 0 0
606 79 142 0 0
607 79 143 0 0
608 80 143 0 0
609 81 143 0 0
610 81 144 0 0
611 81 143 0 0
612 82 143 0 0
613 83 143 0 0
614 83 144 0 0
615 83 145 0 0
616 84 145 0 0
617 84 146 0 0
618 85 146 0 0
619 85 147 0 0
620 85 148 0 0
621 85 149 0 0
622 86 149 0 0
623 86 150 0 0
624 86 151 0 0
625 87 151 0 0
626 87 152 0 0
627 87 153 0 0
628 88 153 0 0
629 88 154 0 0
630 88 155 0 0
631 88 156 0 0
632 88 157 0 0
633 88 158 0 0
634 88 159 0 0
635 87 159 0 0
636 87 160 0 0
637 87 161 0 0
638 87 162 0 0
639 87 163 0 0
640 87 164 0 0
641 87 165 0 0
642 87 166 0 0
643 87 167 0 0
644 87 168 0 0
645 87 169 0 0
646 87 170 0 0
647 87 171 0 0
648 87 172 0 0
649 87 173 0 0
650 87 174 0 0
651 87 175 0 0
652 87 174 0 0
653 87 173 0 0
654 87 172 0 0
655 87 171 0 0
656 87 170 0 0
657 87 169 0 0
658 87 168 0 0
659 87 167 0 0
660 87 168 0 0
661 87 169 0 0
662 87 170 0 0
663 87 171 0 0
664 87 172 0 0
665 87 173 0 0
666 87 174 0 0
667 87 175 0 0
668 87 176 0 0
669 87 177 0 0
670 88 177 0 0
671 88 178 0 0
672 88 179 0 0
673 88 180 0 0
674 88 181 0 0
675 88 182 0 0
676 88 183 0 0
677 88 184 0 0
678 88 185 0 0
679 88 186 0 0
680 89 186 0 0
681 89 187 0 0
682 89 188 0 0
683 89 189 0 0
684 89 190 0 0
685 90 190 0 0
686 90 191 0 0
687 90 192 0 0
688 90 193 0 0
689 90 194 0 0
690 90 195 0 0
691 90 196 0 0
692 90 197 0 0
693 90 198 0 0
694 90 199 0 0
695 90 200 0 0
696 90 201 0 0
697 90 202 0 0
698 91 202 0 0
699 91 203 0 0
700 91 204 0 0
701 91 205 0 0
702 91 206 0 0
703 91 207 0 0
704 91 208 0 0
705 91 209 0 0
706 91 210 0 0
707 91 211 0 0
708 91 212 0 0
709 91 213 0 0
710 92 213 0 0
711 92 214 0 0
712 92 215 0 0
713 92 216 0 0
714 92 217 0 0
715 92 218 0 0
716 92 219 0 0
717 93 219 0 0
718 93 220 0 0
719 93 221 0 0
720 93 222 0 0
721 93 223 0 0
722 93 224 0 0
723 93 225 0 0
724 94 225 0 0
725 94 226 0 0
726 94 227 0 0
727 94 228 0 0
728 95 228 0 0
729 95 229 0 0
730 95 230 0 0
731 95 231 0 0
732 95 232 0 0
733 95 233 0 0
734 95 234 0 0
735 95 235 0 0
736 95 236 0 0
737 95 237 0 0
738 95 238 0 0
739 95 239 0 0
740 95 240 0 0
741 96 240 0 0
742 96 241 0 0
743 96 242 0 0
744 96 243 0 0
745 96 244 0 0
746 96 245 0 0
747 96 246 0 0
748 96 247 0 0
749 96 248 0 0
750 96 249 0 0
751 96 250 0 0
752 96 251 0 0
753 96 252 0 0
754 96 253 0 0
755 96 254 0 0
756 96 255 0 0
757 96 256 0 0
758 96 257 0 0
759 96 258 0 0
760 96 259 0 0
761 96 260 0 0
762 96 261 0 0
763 97 261 0 0
764 97 262 0 0
765 97 263 0 0
766 97 264 0 0
767 97 265 0 0
768 97 266 0 0
769 97 267 0 0
770 97 268 0 0
771 97 269 0 0
772 97 270 0 0
773 97 271 0 0
774 97 272 0 0
775 98 272 0 0
