0 93 271 0 0
1 93 270 0 0
2 93 269 0 0
3 93 268 0 0
4 93 267 0 0
5 93 266 0 0
6 93 265 0 0
7 93 264 0 0
8 93 263 0 0
9 93 262 0 0
10 93 261 0 0
11 93 260 0 0
12 93 259 0 0
13 93 258 0 0
14 93 257 0 0
15 93 256 0 0
16 93 255 0 0
17 93 254 0 0
18 93 253 0 0
19 93 252 0 0
20 93 251 0 0
21 93 250 0 0
22 93 249 0 0
23 93 248 0 0
24 93 247 0 0
25 94 247 0 0
26 94 246 0 0
27 94 245 0 0
28 94 244 0 0
29 94 243 0 0
30 94 242 0 0
31 94 241 0 0
32 94 240 0 0
33 94 239 0 0
34 94 238 0 0
35 94 237 0 0
36 94 236 0 0
37 94 235 0 0
38 94 234 0 0
39 94 233 0 0
40 94 232 0 0
41 94 231 0 0
42 94 230 0 0
43 94 229 0 0
44 94 228 0 0
45 94 227 0 0
46 95 227 0 0
47 95 226 0 0
48 95 225 0 0
49 95 224 0 0
50 95 223 0 0
51 95 222 0 0
52 95 221 0 0
53 95 220 0 0
54 95 219 0 0
55 95 218 0 0
56 95 217 0 0
57 95 216 0 0
58 95 215 0 0
59 95 214 0 0
60 96 214 0 0
61 96 213 0 0
62 96 212 0 0
63 96 211 0 0
64 96 210 0 0
65 97 210 0 0
66 97 209 0 0
67 97 208 0 0
68 97 207 0 0
69 98 207 0 0
70 98 206 0 0
71 98 205 0 0
72 98 204 0 0
73 98 203 0 0
74 98 202 0 0
75 99 202 0 0
76 99 201 0 0
77 99 200 0 0
78 99 199 0 0
79 100 199 0 0
80 100 198 0 0
81 100 197 0 0
82 100 196 0 0
83 101 196 0 0
84 101 195 0 0
85 101 194 0 0
86 101 193 0 0
87 101 192 0 0
88 102 192 0 0
89 102 191 0 0
90 102 190 0 0
91 103 190 0 0
92 103 189 0 0
93 103 188 0 0
94 103 187 0 0
95 104 187 0 0
96 104 186 0 0
97 105 186 0 0
98 105 185 0 0
99 105 184 0 0
100 105 183 0 0
101 106 183 0 0
102 106 182 0 0
103 107 182 0 0
104 107 181 0 0
105 107 180 0 0
106 108 180 0 0
107 108 179 0 0
108 108 178 0 0
109 109 178 0 0
110 109 177 0 0
111 109 176 0 0
112 110 176 0 0
113 110 175 0 0
114 110 174 0 0
115 111 174 0 0
116 111 173 0 0
117 111 172 0 0
118 112 172 0 0
119 112 171 0 0
120 112 170 0 0
121 113 170 0 0
122 113 169 0 0
123 114 169 0 0
124 114 168 0 0
125 115 168 0 0
126 115 167 0 0
127 116 167 0 0
128 116 166 0 0
129 117 166 0 0
130 117 165 0 0
131 118 165 0 0
132 118 164 0 0
133 119 164 0 0
134 119 163 0 0
135 120 163 0 0
136 120 162 0 0
137 121 162 0 0
138 121 161 0 0
139 121 160 0 0
140 122 160 0 0
141 123 160 0 0
142 123 159 0 0
143 124 159 0 0
144 124 158 0 0
145 125 158 0 0
146 125 157 0 0
147 126 157 0 0
148 126 156 0 0
149 127 156 0 0
150 127 155 0 0
151 128 155 0 0
152 128 154 0 0
153 129 154 0 0
154 129 153 0 0
155 130 153 0 0
156 130 152 0 0
157 131 152 0 0
158 131 151 0 0
159 132 151 0 0
160 132 150 0 0
161 133 150 0 0
162 134 150 0 0
163 135 150 0 0
164 135 149 0 0
165 136 149 0 0
166 137 149 0 0
167 138 149 0 0
168 139 149 0 0
169 139 148 0 0
170 140 148 0 0
171 141 148 0 0
172 142 148 0 0
173 143 148 0 0
174 143 147 0 0
175 144 147 0 0
176 145 147 0 0
177 146 147 0 0
178 146 146 0 0
179 147 146 0 0
180 148 146 0 0
181 149 146 0 0
182 150 146 0 0
183 150 145 0 0
184 151 145 0 0
185 152 145 0 0
186 153 145 0 0
187 154 145 0 0
188 155 145 0 0
189 155 144 0 0
190 156 144 0 0
191 157 144 0 0
192 158 144 0 0
193 159 144 0 0
194 160 144 0 0
195 160 143 0 0
196 161 143 0 0
197 162 143 0 0
198 163 143 0 0
199 164 143 0 0
200 165 143 0 0
201 166 143 0 0
202 166 142 0 0
203 167 142 0 0
204 168 142 0 0
205 169 142 0 0
206 169 141 0 0
207 170 141 0 0
208 171 141 0 0
209 172 141 0 0
210 173 141 0 0
211 174 141 0 0
212 175 141 0 0
213 175 140 0 0
214 176 140 0 0
215 177 140 0 0
216 178 140 0 0
217 179 140 0 0
218 180 140 0 0
219 181 140 0 0
220 182 140 0 0
221 183 140 0 0
222 184 140 0 0
223 185 140 0 0
224 186 140 0 0
225 187 140 0 0
226 188 140 0 0
227 189 140 0 0
228 190 140 0 0
229 191 140 0 0
230 192 140 0 0
231 193 140 0 0
232 194 140 0 0
233 195 140 0 0
234 195 141 0 0
235 196 141 0 0
236 196 140 0 0
237 196 139 0 0
238 195 139 0 0
239 195 138 0 0
240 194 138 0 0
241 193 138 0 0
242 192 138 0 0
243 191 138 0 0
244 190 138 0 0
245 189 138 0 0
246 188 138 0 0
247 187 138 0 0
248 186 138 0 0
249 185 138 0 0
250 184 138 0 0
251 183 138 0 0
252 182 138 0 0
253 182 139 0 0
254 181 139 0 0
255 180 139 0 0
256 179 139 0 0
257 178 139 0 0
258 177 139 0 0
259 176 139 0 0
260 175 139 0 0
261 174 139 0 0
262 173 139 0 0
263 172 139 0 0
264 171 139 0 0
265 170 139 0 0
266 169 139 0 0
267 169 140 0 0
268 168 140 0 0
269 168 139 0 0
270 167 139 0 0
271 166 139 0 0
272 165 139 0 0
273 164 139 0 0
274 163 139 0 0
275 163 138 0 0
276 162 138 0 0
277 161 138 0 0
278 160 138 0 0
279 159 138 0 0
280 158 138 0 0
281 158 137 0 0
282 157 137 0 0
283 156 137 0 0
284 155 137 0 0
285 154 137 0 0
286 154 136 0 0
287 153 136 0 0
288 152 136 0 0
289 151 136 0 0
290 150 136 0 0
291 149 136 0 0
292 148 136 0 0
293 147 136 0 0
294 146 136 0 0
295 146 135 0 0
296 145 135 0 0
297 144 135 0 0
298 143 135 0 0
299 142 135 0 0
300 141 135 0 0
301 141 134 0 0
302 140 134 0 0
303 139 134 0 0
304 138 134 0 0
305 137 134 0 0
306 136 134 0 0
307 135 134 0 0
308 134 134 0 0
309 134 133 0 0
310 133 133 0 0
311 132 133 0 0
312 132 132 0 0
313 131 132 0 0
314 131 131 0 0
315 130 131 0 0
316 129 131 0 0
317 129 130 0 0
318 128 130 0 0
319 128 129 0 0
320 127 129 0 0
321 126 129 0 0
322 126 128 0 0
323 125 128 0 0
324 124 128 0 0
325 124 127 0 0
326 123 127 0 0
327 123 126 0 0
328 122 126 0 0
329 122 125 0 0
330 121 125 0 0
331 120 125 0 0
332 120 124 0 0
333 119 124 0 0
334 118 124 0 0
335 118 123 0 0
336 117 123 0 0
337 117 122 0 0
338 116 122 0 0
339 115 122 0 0
340 115 121 0 0
341 114 121 0 0
342 114 120 0 0
343 113 120 0 0
344 112 120 0 0
345 112 119 0 0
346 111 119 0 0
347 110 119 0 0
348 110 118 0 0
349 109 118 0 0
350 109 117 0 0
351 108 117 0 0
352 107 117 0 0
353 107 116 0 0
354 106 116 0 0
355 105 116 0 0
356 104 116 0 0
357 104 115 0 0
358 103 115 0 0
359 102 115 0 0
360 102 114 0 0
361 101 114 0 0
362 100 114 0 0
363 99 114 0 0
364 98 114 0 0
365 98 113 0 0
366 97 113 0 0
367 96 113 0 0
368 95 113 0 0
369 94 113 0 0
370 94 112 0 0
371 93 112 0 0
372 92 112 0 0
373 91 112 0 0
374 91 111 0 0
375 90 111 0 0
376 89 111 0 0
377 89 110 0 0
378 88 110 0 0
379 87 110 0 0
380 87 111 0 0
381 86 111 0 0
382 86 112 0 0
383 85 112 0 0
384 85 113 0 0
385 84 113 0 0
386 84 114 0 0
387 83 114 0 0
388 83 115 0 0
389 83 116 0 0
390 82 116 0 0
391 82 117 0 0
392 81 117 0 0
393 81 118 0 0
394 80 118 0 0
395 80 119 0 0
396 80 120 0 0
397 79 120 0 0
398 79 121 0 0
399 78 121 0 0
400 78 122 0 0
401 77 122 0 0
402 77 123 0 0
403 77 124 0 0
404 76 124 0 0
405 75 124 0 0
406 75 125 0 0
407 75 126 0 0
408 74 126 0 0
409 74 127 0 0
410 73 127 0 0
411 73 128 0 0
412 72 128 0 0
413 72 129 0 0
414 72 130 0 0
415 72 131 0 0
416 72 132 0 0
417 72 133 0 0
418 72 134 0 0
419 72 135 0 0
420 72 136 0 0
421 72 137 0 0
422 72 138 0 0
423 72 139 0 0
424 72 140 0 0
425 72 141 0 0
426 72 142 0 0
427 72 143 0 0
428 72 144 0 0
429 72 145 0 0
430 72 146 0 0
431 72 147 0 0
432 72 148 0 0
433 72 149 0 0
434 72 150 0 0
435 72 151 0 0
436 73 151 0 0
437 73 152 0 0
438 73 153 0 0
439 73 154 0 0
440 74 154 0 0
441 74 155 0 0
442 74 156 0 0
443 74 157 0 0
444 74 158 0 0
445 75 158 0 0
446 75 159 0 0
447 75 160 0 0
448 75 161 0 0
449 75 162 0 0
450 76 162 0 0
451 76 163 0 0
452 76 164 0 0
453 76 165 0 0
454 76 166 0 0
455 77 166 0 0
456 77 167 0 0
457 77 168 0 0
458 77 169 0 0
459 77 170 0 0
460 78 170 0 0
461 78 171 0 0
462 78 172 0 0
463 78 173 0 0
464 78 174 0 0
465 78 175 0 0
466 78 176 0 0
467 78 177 0 0
468 79 177 0 0
469 79 178 0 0
470 79 179 0 0
471 79 180 0 0
472 80 180 0 0
473 80 181 0 0
474 80 182 0 0
475 80 183 0 0
476 80 184 0 0
477 80 185 0 0
478 81 185 0 0
479 81 186 0 0
480 81 187 0 0
481 81 188 0 0
482 81 189 0 0
483 82 189 0 0
484 82 190 0 0
485 82 191 0 0
486 82 192 0 0
487 82 193 0 0
488 82 194 0 0
489 82 195 0 0
490 83 195 0 0
491 83 196 0 0
492 83 197 0 0
493 83 198 0 0
494 83 199 0 0
495 83 200 0 0
496 83 201 0 0
497 83 202 0 0
498 83 203 0 0
499 83 204 0 0
500 83 205 0 0
501 84 205 0 0
502 84 206 0 0
503 84 207 0 0
504 84 208 0 0
505 84 209 0 0
506 84 210 0 0
507 84 211 0 0
508 84 212 0 0
509 84 213 0 0
510 84 214 0 0
511 84 215 0 0
512 84 216 0 0
513 84 217 0 0
514 84 218 0 0
515 84 219 0 0
516 84 220 0 0
517 84 221 0 0
518 84 222 0 0
519 84 223 0 0
520 84 224 0 0
521 84 225 0 0
522 84 226 0 0
523 84 227 0 0
524 84 228 0 0
525 84 229 0 0
526 84 230 0 0
527 84 231 0 0
528 84 232 0 0
529 84 233 0 0
530 84 234 0 0
531 84 235 0 0
532 84 236 0 0
533 84 237 0 0
534 84 238 0 0
535 84 239 0 0
536 84 240 0 0
537 84 241 0 0
538 84 242 0 0
539 84 243 0 0
540 84 244 0 0
541 84 245 0 0
542 84 246 0 0
543 84 247 0 0
544 84 248 0 0
545 84 249 0 0
546 84 250 0 0
547 84 251 0 0
548 84 252 0 0
549 84 253 0 0
550 84 254 0 0
551 84 255 0 0
552 84 256 0 0
553 84 257 0 0
554 84 258 0 0
555 84 259 0 0
556 84 260 0 0
557 84 261 0 0
558 84 262 0 0
559 84 263 0 0
560 84 264 0 0
561 84 265 0 0
562 84 266 0 0
563 84 267 0 0
564 84 268 0 0
565 84 269 0 0
566 84 270 0 0
