0 108 260 0 0
1 108 259 0 0
2 108 258 0 0
3 108 257 0 0
4 108 256 0 0
5 108 255 0 0
6 109 255 0 0
7 109 254 0 0
8 109 253 0 0
9 109 252 0 0
10 109 251 0 0
11 109 250 0 0
12 109 249 0 0
13 109 248 0 0
14 109 247 0 0
15 109 246 0 0
16 109 245 0 0
17 109 244 0 0
18 109 243 0 0
19 109 242 0 0
20 109 241 0 0
21 109 240 0 0
22 110 240 0 0
23 110 239 0 0
24 109 239 0 0
25 109 238 0 0
26 109 237 0 0
27 109 236 0 0
28 109 235 0 0
29 109 234 0 0
30 109 233 0 0
31 109 232 0 0
32 109 231 0 0
33 109 230 0 0
34 109 229 0 0
