0 101 262 0 0
1 101 261 0 0
2 101 260 0 0
3 101 259 0 0
4 101 258 0 0
5 101 257 0 0
6 101 256 0 0
7 101 255 0 0
8 101 254 0 0
9 101 253 0 0
10 101 252 0 0
11 101 251 0 0
12 101 250 0 0
13 101 249 0 0
14 101 248 0 0
15 101 247 0 0
16 101 246 0 0
17 101 245 0 0
18 101 244 0 0
19 101 243 0 0
20 101 242 0 0
21 101 241 0 0
22 101 240 0 0
23 101 239 0 0
24 101 238 0 0
25 101 237 0 0
26 101 236 0 0
27 101 235 0 0
28 101 234 0 0
29 101 233 0 0
30 101 232 0 0
31 101 231 0 0
32 101 230 0 0
33 101 229 0 0
34 101 228 0 0
35 101 227 0 0
36 101 226 0 0
37 101 225 0 0
38 101 224 0 0
39 101 223 0 0
40 101 222 0 0
41 101 221 0 0
42 101 220 0 0
43 101 219 0 0
44 101 218 0 0
45 102 218 0 0
46 102 217 0 0
47 102 216 0 0
48 102 215 0 0
49 102 214 0 0
50 102 213 0 0
51 103 213 0 0
52 103 212 0 0
53 103 211 0 0
54 103 210 0 0
55 103 209 0 0
56 103 208 0 0
57 103 207 0 0
58 104 207 0 0
59 104 206 0 0
60 104 205 0 0
61 104 204 0 0
62 104 203 0 0
63 105 203 0 0
64 105 202 0 0
65 105 201 0 0
66 105 200 0 0
67 106 200 0 0
68 106 199 0 0
69 107 199 0 0
70 107 198 0 0
71 107 197 0 0
72 107 196 0 0
73 108 196 0 0
74 108 195 0 0
75 108 194 0 0
76 109 194 0 0
77 109 193 0 0
78 109 192 0 0
