0 35 160 0 0
1 34 160 0 0
2 33 160 0 0
3 34 160 0 0
4 34 161 0 0
5 35 161 0 0
6 35 162 0 0
7 36 162 0 0
8 36 163 0 0
9 37 163 0 0
10 37 164 0 0
11 38 164 0 0
12 38 165 0 0
13 39 165 0 0
14 39 166 0 0
15 40 166 0 0
16 40 167 0 0
17 41 167 0 0
18 41 168 0 0
19 42 168 0 0
20 42 169 0 0
21 43 169 0 0
22 43 170 0 0
23 44 170 0 0
24 44 171 0 0
25 45 171 0 0
26 45 172 0 0
27 46 172 0 0
28 46 173 0 0
29 47 173 0 0
30 47 174 0 0
31 48 174 0 0
32 48 175 0 0
33 49 175 0 0
34 49 176 0 0
35 50 176 0 0
36 50 177 0 0
37 51 177 0 0
38 51 178 0 0
39 52 178 0 0
40 52 179 0 0
41 53 179 0 0
42 53 180 0 0
43 54 180 0 0
44 54 181 0 0
45 55 181 0 0
46 55 182 0 0
47 56 182 0 0
48 56 183 0 0
49 57 183 0 0
50 57 184 0 0
51 58 184 0 0
52 58 185 0 0
53 59 185 0 0
54 59 186 0 0
55 60 186 0 0
56 60 187 0 0
57 61 187 0 0
58 61 188 0 0
59 62 188 0 0
60 63 188 0 0
61 63 189 0 0
62 64 189 0 0
63 64 190 0 0
64 64 191 0 0
65 65 191 0 0
66 65 192 0 0
67 66 192 0 0
68 67 192 0 0
69 67 193 0 0
70 67 194 0 0
71 68 194 0 0
72 68 195 0 0
73 69 195 0 0
74 70 195 0 0
75 70 196 0 0
76 70 197 0 0
77 71 197 0 0
78 72 197 0 0
79 72 198 0 0
80 73 198 0 0
81 73 199 0 0
82 73 200 0 0
83 74 200 0 0
84 74 201 0 0
85 75 201 0 0
86 75 202 0 0
87 75 203 0 0
88 75 204 0 0
89 75 205 0 0
90 75 206 0 0
91 75 207 0 0
92 75 208 0 0
93 75 209 0 0
94 75 210 0 0
95 75 211 0 0
96 75 212 0 0
97 75 213 0 0
98 75 214 0 0
99 75 215 0 0
100 75 216 0 0
101 75 217 0 0
102 75 218 0 0
103 75 219 0 0
104 75 220 0 0
105 75 221 0 0
106 75 222 0 0
107 75 223 0 0
108 75 224 0 0
109 75 225 0 0
110 75 226 0 0
111 75 227 0 0
112 75 228 0 0
113 75 229 0 0
114 75 230 0 0
115 75 231 0 0
116 75 232 0 0
117 75 233 0 0
118 75 234 0 0
119 75 235 0 0
120 75 236 0 0
121 75 237 0 0
122 75 238 0 0
123 75 239 0 0
124 75 240 0 0
125 75 241 0 0
126 75 242 0 0
127 75 243 0 0
128 75 244 0 0
129 75 245 0 0
130 75 246 0 0
131 76 246 0 0
132 76 247 0 0
133 76 248 0 0
134 76 249 0 0
135 76 250 0 0
136 76 251 0 0
137 76 252 0 0
138 76 253 0 0
139 76 254 0 0
140 76 255 0 0
141 76 256 0 0
142 76 257 0 0
143 76 258 0 0
144 76 259 0 0
145 76 260 0 0
146 76 261 0 0
147 76 262 0 0
148 76 263 0 0
149 76 264 0 0
150 76 265 0 0
151 77 265 0 0
152 77 266 0 0
153 77 267 0 0
154 77 268 0 0
155 77 269 0 0
156 77 270 0 0
