0 195 144 0 0
1 195 143 0 0
2 194 143 0 0
3 193 143 0 0
4 192 143 0 0
5 191 143 0 0
6 190 143 0 0
7 189 143 0 0
8 188 143 0 0
9 187 143 0 0
10 186 143 0 0
11 185 143 0 0
12 184 143 0 0
13 183 143 0 0
14 182 143 0 0
15 181 143 0 0
16 180 143 0 0
17 179 143 0 0
18 178 143 0 0
19 177 143 0 0
20 176 143 0 0
21 175 143 0 0
22 174 143 0 0
23 173 143 0 0
24 172 143 0 0
25 171 143 0 0
26 170 143 0 0
27 169 143 0 0
28 168 143 0 0
29 167 143 0 0
30 166 143 0 0
31 165 143 0 0
32 164 143 0 0
33 163 143 0 0
34 162 143 0 0
35 161 143 0 0
36 160 143 0 0
37 159 143 0 0
38 158 143 0 0
39 157 143 0 0
40 156 143 0 0
41 155 143 0 0
42 154 143 0 0
43 153 143 0 0
44 152 143 0 0
45 151 143 0 0
46 150 143 0 0
47 149 143 0 0
48 148 143 0 0
49 147 143 0 0
50 146 143 0 0
51 145 143 0 0
52 144 143 0 0
53 144 144 0 0
54 143 144 0 0
55 142 144 0 0
56 141 144 0 0
57 140 144 0 0
58 140 145 0 0
59 139 145 0 0
60 138 145 0 0
61 137 145 0 0
62 136 145 0 0
63 136 146 0 0
64 135 146 0 0
65 134 146 0 0
66 133 146 0 0
67 133 147 0 0
68 132 147 0 0
69 131 147 0 0
70 131 148 0 0
71 130 148 0 0
72 129 148 0 0
73 128 148 0 0
74 127 148 0 0
75 127 149 0 0
76 126 149 0 0
77 125 149 0 0
78 124 149 0 0
79 123 149 0 0
80 123 150 0 0
81 122 150 0 0
82 122 151 0 0
83 121 151 0 0
84 120 151 0 0
85 119 151 0 0
86 118 151 0 0
87 118 152 0 0
88 117 152 0 0
89 117 153 0 0
90 116 153 0 0
91 116 154 0 0
92 115 154 0 0
93 115 155 0 0
94 114 155 0 0
95 114 156 0 0
96 113 156 0 0
97 113 157 0 0
98 112 157 0 0
99 112 158 0 0
100 111 158 0 0
101 111 159 0 0
102 110 159 0 0
103 110 160 0 0
104 109 160 0 0
