0 79 6 0 0
1 79 7 0 0
2 79 8 0 0
3 79 9 0 0
4 79 10 0 0
5 79 11 0 0
6 79 12 0 0
7 79 13 0 0
8 79 14 0 0
9 79 15 0 0
10 79 16 0 0
11 78 16 0 0
12 78 17 0 0
13 78 18 0 0
14 78 19 0 0
15 78 20 0 0
16 78 21 0 0
17 78 22 0 0
18 78 23 0 0
19 78 24 0 0
20 78 25 0 0
21 78 26 0 0
22 78 27 0 0
23 78 28 0 0
24 78 29 0 0
25 78 30 0 0
26 78 31 0 0
27 78 32 0 0
28 78 33 0 0
29 78 34 0 0
30 78 35 0 0
31 78 36 0 0
32 78 37 0 0
33 78 38 0 0
34 78 39 0 0
35 78 40 0 0
36 78 41 0 0
37 78 42 0 0
38 78 43 0 0
39 78 44 0 0
40 78 45 0 0
41 78 46 0 0
42 78 47 0 0
43 78 48 0 0
44 78 49 0 0
45 78 50 0 0
46 78 51 0 0
47 78 52 0 0
48 78 53 0 0
49 78 54 0 0
50 78 55 0 0
51 78 56 0 0
52 78 57 0 0
53 78 58 0 0
54 78 59 0 0
55 78 60 0 0
56 78 61 0 0
57 78 62 0 0
58 78 63 0 0
59 78 64 0 0
60 78 65 0 0
61 78 66 0 0
62 78 67 0 0
63 78 68 0 0
64 78 69 0 0
65 78 70 0 0
66 78 71 0 0
67 78 72 0 0
68 78 73 0 0
69 78 74 0 0
70 78 75 0 0
71 78 76 0 0
72 78 77 0 0
73 78 78 0 0
74 78 79 0 0
75 78 80 0 0
76 78 81 0 0
77 78 82 0 0
78 78 83 0 0
79 78 84 0 0
80 78 85 0 0
81 78 86 0 0
82 78 87 0 0
83 77 87 0 0
84 77 88 0 0
85 77 89 0 0
86 77 90 0 0
87 77 91 0 0
88 77 92 0 0
89 77 93 0 0
90 77 94 0 0
91 77 95 0 0
92 77 96 0 0
93 77 97 0 0
94 76 97 0 0
95 76 98 0 0
96 76 99 0 0
97 76 100 0 0
98 76 101 0 0
99 76 102 0 0
100 76 103 0 0
101 76 104 0 0
102 75 104 0 0
103 75 105 0 0
104 75 106 0 0
105 75 107 0 0
106 75 108 0 0
107 74 108 0 0
108 74 109 0 0
109 74 110 0 0
110 74 111 0 0
111 73 111 0 0
112 73 112 0 0
113 73 113 0 0
114 73 114 0 0
115 73 115 0 0
116 73 116 0 0
117 72 116 0 0
118 72 117 0 0
119 72 118 0 0
120 72 119 0 0
121 72 120 0 0
122 71 120 0 0
123 71 121 0 0
124 71 122 0 0
125 71 123 0 0
126 70 123 0 0
127 70 124 0 0
128 70 125 0 0
129 70 126 0 0
130 70 127 0 0
131 70 128 0 0
132 70 129 0 0
133 70 130 0 0
134 69 130 0 0
135 69 131 0 0
136 69 132 0 0
137 69 133 0 0
138 69 134 0 0
139 69 135 0 0
140 69 136 0 0
141 68 136 0 0
142 68 137 0 0
143 68 138 0 0
144 68 139 0 0
145 68 140 0 0
146 68 141 0 0
147 68 142 0 0
148 68 143 0 0
149 68 144 0 0
150 67 144 0 0
151 67 145 0 0
152 67 146 0 0
153 67 147 0 0
154 68 147 0 0
155 68 148 0 0
156 68 149 0 0
157 68 150 0 0
158 68 151 0 0
159 69 151 0 0
160 69 152 0 0
161 69 153 0 0
162 69 154 0 0
163 70 154 0 0
164 70 155 0 0
165 70 156 0 0
166 70 157 0 0
167 70 158 0 0
168 70 159 0 0
169 71 159 0 0
170 71 160 0 0
171 71 161 0 0
172 72 161 0 0
173 72 162 0 0
174 72 163 0 0
175 72 164 0 0
176 72 165 0 0
177 72 166 0 0
178 73 166 0 0
179 73 167 0 0
180 73 168 0 0
181 73 169 0 0
182 73 170 0 0
183 74 170 0 0
184 74 171 0 0
185 74 172 0 0
186 74 173 0 0
187 75 173 0 0
188 75 174 0 0
189 75 175 0 0
190 75 176 0 0
191 76 176 0 0
192 76 177 0 0
193 76 178 0 0
194 76 179 0 0
195 77 179 0 0
196 77 180 0 0
197 77 181 0 0
198 77 182 0 0
199 78 182 0 0
200 78 183 0 0
201 78 184 0 0
202 78 185 0 0
203 79 185 0 0
204 79 186 0 0
205 79 187 0 0
206 79 188 0 0
207 80 188 0 0
208 80 189 0 0
209 80 190 0 0
210 80 191 0 0
211 81 191 0 0
212 81 192 0 0
213 81 193 0 0
214 81 194 0 0
215 82 194 0 0
216 82 195 0 0
217 82 196 0 0
218 82 197 0 0
219 82 198 0 0
220 82 199 0 0
221 82 200 0 0
222 82 201 0 0
223 82 202 0 0
224 81 202 0 0
225 81 203 0 0
226 81 204 0 0
227 81 205 0 0
228 81 206 0 0
229 81 207 0 0
230 81 208 0 0
231 81 209 0 0
232 81 210 0 0
233 81 211 0 0
234 81 212 0 0
235 81 213 0 0
236 81 214 0 0
237 81 215 0 0
238 80 215 0 0
239 80 216 0 0
240 80 217 0 0
241 80 218 0 0
242 80 219 0 0
243 80 220 0 0
244 80 221 0 0
245 80 222 0 0
246 80 223 0 0
247 80 224 0 0
248 79 224 0 0
249 79 225 0 0
250 79 226 0 0
251 79 227 0 0
252 78 227 0 0
253 78 228 0 0
254 78 229 0 0
255 78 230 0 0
256 78 231 0 0
257 78 232 0 0
258 78 233 0 0
259 77 233 0 0
260 77 234 0 0
261 77 235 0 0
262 77 236 0 0
263 77 237 0 0
264 77 238 0 0
265 76 238 0 0
266 76 239 0 0
267 76 240 0 0
268 76 241 0 0
269 76 242 0 0
270 76 243 0 0
271 76 244 0 0
272 76 245 0 0
273 76 246 0 0
274 76 247 0 0
275 75 247 0 0
276 75 248 0 0
277 75 249 0 0
278 75 250 0 0
279 75 251 0 0
280 75 252 0 0
281 75 253 0 0
282 75 254 0 0
283 75 255 0 0
284 75 256 0 0
285 75 257 0 0
286 75 258 0 0
287 75 259 0 0
288 75 260 0 0
289 75 261 0 0
290 75 262 0 0
291 75 263 0 0
292 75 264 0 0
293 75 265 0 0
294 75 266 0 0
295 75 267 0 0
296 75 268 0 0
297 75 269 0 0
298 75 270 0 0
299 75 271 0 0
