0 161 137 0 0
1 161 136 0 0
2 162 136 0 0
3 163 136 0 0
4 164 136 0 0
5 164 135 0 0
6 165 135 0 0
7 165 134 0 0
8 166 134 0 0
9 166 133 0 0
10 167 133 0 0
11 167 132 0 0
12 168 132 0 0
13 168 131 0 0
14 169 131 0 0
15 169 130 0 0
16 170 130 0 0
17 170 129 0 0
18 171 129 0 0
19 172 129 0 0
20 172 128 0 0
21 173 128 0 0
22 174 128 0 0
23 174 127 0 0
24 175 127 0 0
25 175 126 0 0
26 176 126 0 0
27 177 126 0 0
28 178 126 0 0
29 178 125 0 0
30 179 125 0 0
31 180 125 0 0
32 181 125 0 0
33 181 124 0 0
34 182 124 0 0
35 182 123 0 0
36 183 123 0 0
37 184 123 0 0
38 185 123 0 0
39 186 123 0 0
40 187 123 0 0
41 188 123 0 0
42 189 123 0 0
43 190 123 0 0
44 191 123 0 0
45 192 123 0 0
46 193 123 0 0
47 194 123 0 0
48 195 123 0 0
49 195 122 0 0
50 196 122 0 0
