0 78 4 0 0
1 77 4 0 0
2 77 5 0 0
3 77 6 0 0
4 77 7 0 0
5 77 8 0 0
6 77 9 0 0
7 77 10 0 0
8 77 11 0 0
9 77 12 0 0
10 77 13 0 0
11 77 14 0 0
12 77 15 0 0
13 77 16 0 0
14 78 16 0 0
15 78 17 0 0
16 78 18 0 0
17 78 19 0 0
18 78 20 0 0
19 78 21 0 0
20 78 22 0 0
21 78 23 0 0
22 78 24 0 0
23 78 25 0 0
24 78 26 0 0
25 78 27 0 0
26 78 28 0 0
27 78 29 0 0
28 78 30 0 0
29 78 31 0 0
30 78 32 0 0
31 79 32 0 0
32 79 33 0 0
33 79 34 0 0
34 79 35 0 0
35 79 36 0 0
36 79 37 0 0
37 79 38 0 0
38 79 39 0 0
39 79 40 0 0
40 79 41 0 0
41 79 42 0 0
42 79 43 0 0
43 79 44 0 0
44 79 45 0 0
45 79 46 0 0
46 79 47 0 0
47 79 48 0 0
48 79 49 0 0
49 79 50 0 0
50 79 51 0 0
51 79 52 0 0
52 80 52 0 0
53 80 53 0 0
54 80 54 0 0
55 79 54 0 0
56 79 55 0 0
57 79 56 0 0
58 79 57 0 0
59 79 58 0 0
60 79 59 0 0
61 79 60 0 0
62 79 61 0 0
63 79 62 0 0
64 79 63 0 0
65 79 64 0 0
66 79 65 0 0
67 79 66 0 0
68 79 67 0 0
69 79 68 0 0
70 79 69 0 0
71 79 70 0 0
72 78 70 0 0
73 78 71 0 0
74 78 72 0 0
75 78 73 0 0
76 78 74 0 0
77 78 75 0 0
78 78 76 0 0
79 78 77 0 0
80 78 78 0 0
81 78 79 0 0
82 78 80 0 0
83 78 81 0 0
84 78 82 0 0
85 78 83 0 0
86 78 84 0 0
87 78 85 0 0
88 77 85 0 0
89 77 86 0 0
90 77 87 0 0
91 77 88 0 0
92 77 89 0 0
93 77 90 0 0
94 77 91 0 0
95 78 91 0 0
96 78 92 0 0
97 78 93 0 0
98 78 94 0 0
99 78 95 0 0
100 78 96 0 0
101 78 97 0 0
102 78 98 0 0
103 79 98 0 0
104 79 99 0 0
105 79 100 0 0
106 79 101 0 0
107 79 102 0 0
108 79 103 0 0
109 79 104 0 0
110 79 105 0 0
111 79 106 0 0
112 80 106 0 0
113 80 107 0 0
114 80 108 0 0
115 81 108 0 0
116 81 109 0 0
117 81 110 0 0
118 82 110 0 0
119 82 111 0 0
120 82 112 0 0
121 83 112 0 0
122 83 113 0 0
123 83 114 0 0
124 83 115 0 0
125 84 115 0 0
126 84 116 0 0
127 85 116 0 0
128 85 117 0 0
129 85 118 0 0
130 86 118 0 0
131 86 119 0 0
132 87 119 0 0
133 88 119 0 0
134 88 120 0 0
135 89 120 0 0
136 90 120 0 0
137 90 121 0 0
138 91 121 0 0
139 92 121 0 0
140 92 122 0 0
141 93 122 0 0
142 93 123 0 0
143 94 123 0 0
144 95 123 0 0
145 95 124 0 0
146 96 124 0 0
147 97 124 0 0
148 98 124 0 0
149 99 124 0 0
150 100 124 0 0
151 101 124 0 0
152 102 124 0 0
153 103 124 0 0
154 104 124 0 0
155 105 124 0 0
156 106 124 0 0
157 107 124 0 0
158 108 124 0 0
159 109 124 0 0
160 109 123 0 0
161 110 123 0 0
162 111 123 0 0
163 112 123 0 0
164 113 123 0 0
165 114 123 0 0
166 115 123 0 0
167 116 123 0 0
168 117 123 0 0
169 118 123 0 0
170 119 123 0 0
171 120 123 0 0
172 121 123 0 0
173 122 123 0 0
174 122 122 0 0
175 123 122 0 0
176 124 122 0 0
177 125 122 0 0
178 126 122 0 0
179 126 121 0 0
180 127 121 0 0
181 128 121 0 0
182 129 121 0 0
183 130 121 0 0
184 131 121 0 0
185 132 121 0 0
186 133 121 0 0
187 134 121 0 0
188 134 120 0 0
189 135 120 0 0
190 136 120 0 0
191 137 120 0 0
192 138 120 0 0
193 139 120 0 0
194 140 120 0 0
195 141 120 0 0
196 142 120 0 0
197 143 120 0 0
198 144 120 0 0
199 145 120 0 0
200 146 120 0 0
201 147 120 0 0
202 148 120 0 0
203 148 119 0 0
204 149 119 0 0
205 150 119 0 0
206 151 119 0 0
207 152 119 0 0
208 153 119 0 0
209 154 119 0 0
210 155 119 0 0
211 156 119 0 0
212 157 119 0 0
213 158 119 0 0
214 159 119 0 0
215 160 119 0 0
216 161 119 0 0
217 161 118 0 0
218 162 118 0 0
219 163 118 0 0
220 164 118 0 0
221 164 117 0 0
222 165 117 0 0
223 166 117 0 0
224 167 117 0 0
225 168 117 0 0
226 169 117 0 0
227 169 116 0 0
228 170 116 0 0
229 171 116 0 0
230 172 116 0 0
231 173 116 0 0
232 174 116 0 0
233 175 116 0 0
234 176 116 0 0
235 177 116 0 0
236 178 116 0 0
237 179 116 0 0
238 179 115 0 0
239 180 115 0 0
240 181 115 0 0
241 182 115 0 0
242 183 115 0 0
243 184 115 0 0
244 185 115 0 0
245 186 115 0 0
246 187 115 0 0
247 188 115 0 0
248 189 115 0 0
249 190 115 0 0
250 190 114 0 0
251 191 114 0 0
252 192 114 0 0
253 193 114 0 0
254 194 114 0 0
255 194 113 0 0
256 195 113 0 0
257 196 113 0 0
258 197 113 0 0
259 198 113 0 0
260 199 113 0 0
261 200 113 0 0
262 201 113 0 0
263 202 113 0 0
264 202 114 0 0
265 203 114 0 0
266 203 115 0 0
267 204 115 0 0
268 204 114 0 0
269 204 113 0 0
270 204 112 0 0
271 204 111 0 0
272 205 111 0 0
273 206 111 0 0
274 206 110 0 0
275 207 110 0 0
276 208 110 0 0
277 209 110 0 0
278 209 111 0 0
279 210 111 0 0
280 210 112 0 0
281 211 112 0 0
282 211 113 0 0
283 212 113 0 0
284 211 113 0 0
285 212 113 0 0
286 213 113 0 0
