0 197 141 0 0
1 196 141 0 0
2 195 141 0 0
3 194 141 0 0
4 193 141 0 0
5 192 141 0 0
6 191 141 0 0
7 190 141 0 0
8 189 141 0 0
9 188 141 0 0
10 187 141 0 0
11 186 141 0 0
12 186 142 0 0
13 185 142 0 0
14 184 142 0 0
15 183 142 0 0
16 182 142 0 0
17 181 142 0 0
18 180 142 0 0
19 179 142 0 0
20 178 142 0 0
21 177 142 0 0
22 176 142 0 0
23 175 142 0 0
24 174 142 0 0
25 173 142 0 0
26 172 142 0 0
27 171 142 0 0
28 170 142 0 0
29 169 142 0 0
30 168 142 0 0
31 167 142 0 0
32 166 142 0 0
33 165 142 0 0
34 164 142 0 0
35 164 143 0 0
36 164 142 0 0
37 163 142 0 0
38 162 142 0 0
39 161 142 0 0
40 160 142 0 0
41 160 141 0 0
42 159 141 0 0
43 158 141 0 0
44 157 141 0 0
45 157 140 0 0
46 156 140 0 0
47 155 140 0 0
48 154 140 0 0
49 153 140 0 0
50 153 139 0 0
51 152 139 0 0
52 151 139 0 0
53 150 139 0 0
54 149 139 0 0
55 149 138 0 0
56 148 138 0 0
57 147 138 0 0
58 146 138 0 0
59 145 138 0 0
60 144 138 0 0
61 144 137 0 0
62 143 137 0 0
63 142 137 0 0
64 142 136 0 0
65 141 136 0 0
66 140 136 0 0
67 139 136 0 0
68 138 136 0 0
69 138 135 0 0
70 137 135 0 0
71 136 135 0 0
72 136 134 0 0
73 135 134 0 0
74 134 134 0 0
75 134 133 0 0
76 133 133 0 0
77 133 132 0 0
78 132 132 0 0
79 132 131 0 0
80 131 131 0 0
81 130 131 0 0
82 130 130 0 0
83 129 130 0 0
84 129 129 0 0
85 128 129 0 0
86 128 128 0 0
87 127 128 0 0
88 126 128 0 0
89 126 127 0 0
90 125 127 0 0
91 124 127 0 0
92 124 126 0 0
93 124 125 0 0
94 123 125 0 0
95 122 125 0 0
96 122 124 0 0
97 121 124 0 0
98 120 124 0 0
99 120 123 0 0
100 119 123 0 0
101 119 122 0 0
102 118 122 0 0
103 118 121 0 0
104 117 121 0 0
105 117 120 0 0
106 116 120 0 0
107 116 119 0 0
108 115 119 0 0
109 115 118 0 0
110 114 118 0 0
111 114 117 0 0
112 113 117 0 0
113 113 116 0 0
114 112 116 0 0
115 112 115 0 0
116 112 114 0 0
117 111 114 0 0
118 110 114 0 0
119 110 113 0 0
120 110 112 0 0
121 109 112 0 0
122 108 112 0 0
123 108 111 0 0
124 108 110 0 0
125 107 110 0 0
126 107 109 0 0
127 106 109 0 0
128 105 109 0 0
129 105 108 0 0
130 104 108 0 0
131 104 107 0 0
132 104 106 0 0
133 103 106 0 0
134 103 105 0 0
135 102 105 0 0
136 101 105 0 0
137 101 104 0 0
138 101 103 0 0
139 100 103 0 0
140 99 103 0 0
141 99 102 0 0
142 98 102 0 0
143 98 101 0 0
144 97 101 0 0
145 97 100 0 0
146 97 99 0 0
147 96 99 0 0
148 95 99 0 0
149 95 98 0 0
150 94 98 0 0
151 94 97 0 0
152 93 97 0 0
153 92 97 0 0
154 91 97 0 0
155 91 96 0 0
156 90 96 0 0
157 89 96 0 0
158 89 95 0 0
159 88 95 0 0
160 87 95 0 0
161 87 94 0 0
162 86 94 0 0
163 86 93 0 0
164 85 93 0 0
165 84 93 0 0
166 83 93 0 0
167 83 92 0 0
168 82 92 0 0
169 81 92 0 0
170 81 91 0 0
171 80 91 0 0
172 79 91 0 0
173 78 91 0 0
174 77 91 0 0
175 76 91 0 0
176 75 91 0 0
177 74 91 0 0
178 74 92 0 0
179 73 92 0 0
180 72 92 0 0
181 71 92 0 0
182 70 92 0 0
183 69 92 0 0
184 68 92 0 0
185 67 92 0 0
186 66 92 0 0
187 65 92 0 0
188 64 92 0 0
189 63 92 0 0
190 63 93 0 0
191 62 93 0 0
192 61 93 0 0
193 61 94 0 0
194 61 95 0 0
195 60 95 0 0
196 59 95 0 0
197 59 96 0 0
198 58 96 0 0
199 58 97 0 0
200 57 97 0 0
201 57 98 0 0
202 56 98 0 0
203 56 99 0 0
204 55 99 0 0
205 55 100 0 0
206 54 100 0 0
207 54 101 0 0
208 53 101 0 0
209 53 102 0 0
210 52 102 0 0
211 52 103 0 0
212 51 103 0 0
213 51 104 0 0
214 50 104 0 0
215 50 105 0 0
216 49 105 0 0
217 48 105 0 0
218 48 106 0 0
219 48 107 0 0
220 47 107 0 0
221 47 108 0 0
222 46 108 0 0
223 46 109 0 0
224 45 109 0 0
225 45 110 0 0
226 44 110 0 0
227 43 110 0 0
228 43 111 0 0
229 42 111 0 0
230 42 112 0 0
231 41 112 0 0
232 41 113 0 0
233 40 113 0 0
234 40 114 0 0
235 39 114 0 0
236 39 115 0 0
237 38 115 0 0
238 38 116 0 0
239 38 117 0 0
240 37 117 0 0
241 37 118 0 0
242 36 118 0 0
243 36 119 0 0
244 35 119 0 0
245 34 119 0 0
246 34 120 0 0
247 33 120 0 0
248 33 121 0 0
249 32 121 0 0
250 32 122 0 0
251 32 123 0 0
252 31 123 0 0
253 31 124 0 0
254 30 124 0 0
255 29 124 0 0
256 28 124 0 0
257 27 124 0 0
258 26 124 0 0
259 25 124 0 0
260 24 124 0 0
261 23 124 0 0
262 22 124 0 0
263 21 124 0 0
264 20 124 0 0
