0 99 266 0 0
1 99 265 0 0
2 99 264 0 0
3 100 264 0 0
4 100 263 0 0
5 100 262 0 0
6 100 261 0 0
7 100 260 0 0
8 100 259 0 0
9 100 258 0 0
10 100 257 0 0
11 100 256 0 0
12 100 255 0 0
13 100 254 0 0
14 101 254 0 0
15 101 253 0 0
16 101 252 0 0
17 101 251 0 0
18 101 250 0 0
19 101 249 0 0
20 101 248 0 0
21 101 247 0 0
22 101 246 0 0
23 101 245 0 0
24 101 244 0 0
25 101 243 0 0
26 101 242 0 0
27 101 241 0 0
28 101 240 0 0
29 102 240 0 0
30 102 239 0 0
31 102 238 0 0
32 102 237 0 0
33 102 236 0 0
34 102 235 0 0
35 102 234 0 0
36 102 233 0 0
37 102 232 0 0
38 102 231 0 0
39 102 230 0 0
40 102 229 0 0
41 102 228 0 0
42 102 227 0 0
43 102 226 0 0
44 103 226 0 0
45 103 225 0 0
46 103 224 0 0
47 103 223 0 0
48 103 222 0 0
49 103 221 0 0
50 103 220 0 0
51 103 219 0 0
52 103 218 0 0
53 103 217 0 0
54 103 216 0 0
55 103 215 0 0
56 104 215 0 0
57 104 214 0 0
58 104 213 0 0
59 104 212 0 0
60 104 211 0 0
61 104 210 0 0
62 104 209 0 0
63 104 208 0 0
64 104 207 0 0
65 104 206 0 0
66 104 205 0 0
67 104 204 0 0
68 104 203 0 0
69 104 202 0 0
70 104 201 0 0
71 104 200 0 0
72 105 200 0 0
73 105 199 0 0
74 105 198 0 0
75 105 197 0 0
76 105 196 0 0
77 105 195 0 0
78 105 194 0 0
79 105 193 0 0
80 105 192 0 0
81 105 191 0 0
82 105 190 0 0
83 105 189 0 0
84 105 188 0 0
85 105 187 0 0
86 106 187 0 0
87 106 186 0 0
88 106 185 0 0
89 107 185 0 0
90 107 184 0 0
91 108 184 0 0
92 108 183 0 0
93 108 182 0 0
94 109 182 0 0
95 109 181 0 0
96 110 181 0 0
97 110 180 0 0
98 111 180 0 0
99 111 179 0 0
100 111 178 0 0
101 112 178 0 0
102 112 177 0 0
103 113 177 0 0
104 113 176 0 0
105 113 175 0 0
106 114 175 0 0
107 114 174 0 0
108 115 174 0 0
109 115 173 0 0
110 115 172 0 0
111 116 172 0 0
112 116 171 0 0
113 117 171 0 0
114 117 170 0 0
115 117 169 0 0
116 118 169 0 0
117 118 168 0 0
118 119 168 0 0
119 119 167 0 0
120 119 166 0 0
121 120 166 0 0
122 120 165 0 0
123 121 165 0 0
124 121 164 0 0
125 122 164 0 0
126 122 163 0 0
127 123 163 0 0
128 124 163 0 0
129 124 162 0 0
130 125 162 0 0
131 126 162 0 0
132 127 162 0 0
133 127 161 0 0
134 128 161 0 0
135 129 161 0 0
136 129 160 0 0
137 130 160 0 0
138 131 160 0 0
139 132 160 0 0
140 132 159 0 0
141 133 159 0 0
142 134 159 0 0
143 135 159 0 0
144 135 158 0 0
145 136 158 0 0
146 137 158 0 0
147 137 157 0 0
148 138 157 0 0
149 139 157 0 0
150 140 157 0 0
151 140 156 0 0
152 141 156 0 0
153 142 156 0 0
154 142 155 0 0
155 143 155 0 0
156 144 155 0 0
157 145 155 0 0
158 145 154 0 0
159 146 154 0 0
160 147 154 0 0
161 148 154 0 0
162 148 153 0 0
163 149 153 0 0
164 150 153 0 0
165 151 153 0 0
166 151 152 0 0
167 152 152 0 0
168 153 152 0 0
169 153 151 0 0
170 154 151 0 0
171 155 151 0 0
172 156 151 0 0
173 157 151 0 0
174 158 151 0 0
175 159 151 0 0
176 160 151 0 0
177 160 150 0 0
178 161 150 0 0
179 162 150 0 0
180 163 150 0 0
181 164 150 0 0
182 165 150 0 0
183 166 150 0 0
184 167 150 0 0
185 168 150 0 0
186 169 150 0 0
187 170 150 0 0
188 170 149 0 0
189 171 149 0 0
190 172 149 0 0
191 173 149 0 0
192 174 149 0 0
193 175 149 0 0
194 176 149 0 0
195 177 149 0 0
196 178 149 0 0
197 179 149 0 0
198 180 149 0 0
199 181 149 0 0
200 181 148 0 0
201 182 148 0 0
202 183 148 0 0
203 184 148 0 0
204 185 148 0 0
205 186 148 0 0
206 187 148 0 0
207 187 147 0 0
208 188 147 0 0
209 189 147 0 0
210 190 147 0 0
211 191 147 0 0
212 192 147 0 0
213 193 147 0 0
214 194 147 0 0
215 195 147 0 0
