0 101 268 0 0
1 101 267 0 0
2 101 266 0 0
3 101 265 0 0
4 101 264 0 0
5 101 263 0 0
6 101 262 0 0
7 101 261 0 0
8 101 260 0 0
9 101 259 0 0
10 101 258 0 0
11 101 257 0 0
12 101 256 0 0
13 101 255 0 0
14 101 254 0 0
15 101 253 0 0
16 101 252 0 0
17 102 252 0 0
18 102 251 0 0
19 102 250 0 0
20 102 249 0 0
21 102 248 0 0
22 102 247 0 0
23 102 246 0 0
24 102 245 0 0
25 102 244 0 0
26 102 243 0 0
27 102 242 0 0
28 102 241 0 0
29 102 240 0 0
30 102 239 0 0
31 102 238 0 0
32 102 237 0 0
33 102 236 0 0
34 102 235 0 0
35 102 234 0 0
36 102 233 0 0
37 102 232 0 0
38 102 231 0 0
39 102 230 0 0
40 102 229 0 0
41 102 228 0 0
42 102 227 0 0
43 102 226 0 0
44 102 225 0 0
45 102 224 0 0
46 102 223 0 0
47 102 222 0 0
48 102 221 0 0
49 102 220 0 0
50 102 219 0 0
51 102 218 0 0
52 102 217 0 0
53 102 216 0 0
54 102 215 0 0
55 103 215 0 0
56 103 214 0 0
57 103 213 0 0
58 103 212 0 0
59 103 211 0 0
60 103 210 0 0
61 103 209 0 0
62 103 208 0 0
63 103 207 0 0
64 103 206 0 0
65 103 205 0 0
66 103 204 0 0
67 103 203 0 0
68 103 202 0 0
69 103 201 0 0
70 103 200 0 0
71 103 199 0 0
72 103 198 0 0
73 103 197 0 0
74 103 196 0 0
75 103 195 0 0
76 104 195 0 0
77 104 194 0 0
78 104 193 0 0
79 105 193 0 0
80 105 192 0 0
81 105 191 0 0
82 105 190 0 0
83 106 190 0 0
84 106 189 0 0
85 106 188 0 0
86 106 187 0 0
87 107 187 0 0
88 107 186 0 0
89 108 186 0 0
90 108 185 0 0
91 108 184 0 0
92 108 183 0 0
93 109 183 0 0
94 109 182 0 0
95 109 181 0 0
96 109 180 0 0
97 110 180 0 0
98 110 179 0 0
99 110 178 0 0
100 111 178 0 0
101 111 177 0 0
102 111 176 0 0
103 112 176 0 0
104 112 175 0 0
105 113 175 0 0
106 113 174 0 0
107 114 174 0 0
108 115 174 0 0
109 115 173 0 0
110 116 173 0 0
111 116 172 0 0
112 117 172 0 0
113 117 171 0 0
114 118 171 0 0
115 118 170 0 0
116 119 170 0 0
117 119 169 0 0
118 120 169 0 0
119 120 168 0 0
120 121 168 0 0
121 121 167 0 0
122 122 167 0 0
123 123 167 0 0
124 123 166 0 0
125 124 166 0 0
126 124 165 0 0
127 125 165 0 0
128 125 164 0 0
129 126 164 0 0
130 127 164 0 0
131 127 163 0 0
132 128 163 0 0
133 128 162 0 0
134 129 162 0 0
135 130 162 0 0
136 130 161 0 0
137 131 161 0 0
138 131 160 0 0
139 132 160 0 0
140 132 159 0 0
141 133 159 0 0
142 134 159 0 0
143 134 158 0 0
144 135 158 0 0
145 135 157 0 0
146 136 157 0 0
147 136 156 0 0
148 137 156 0 0
149 138 156 0 0
150 138 155 0 0
151 139 155 0 0
152 139 154 0 0
153 140 154 0 0
