0 66 199 0 0
1 66 198 0 0
2 65 198 0 0
3 65 197 0 0
4 64 197 0 0
5 64 196 0 0
6 64 195 0 0
7 63 195 0 0
8 62 195 0 0
9 62 194 0 0
10 61 194 0 0
11 61 193 0 0
12 60 193 0 0
13 60 192 0 0
14 59 192 0 0
15 59 191 0 0
16 58 191 0 0
17 57 191 0 0
18 57 190 0 0
19 56 190 0 0
20 56 189 0 0
21 56 188 0 0
22 55 188 0 0
23 54 188 0 0
24 54 187 0 0
25 53 187 0 0
26 53 186 0 0
27 52 186 0 0
28 52 185 0 0
29 51 185 0 0
30 51 184 0 0
31 50 184 0 0
32 50 183 0 0
33 49 183 0 0
34 48 183 0 0
35 48 182 0 0
36 48 181 0 0
37 47 181 0 0
38 46 181 0 0
39 46 180 0 0
40 45 180 0 0
41 45 179 0 0
42 44 179 0 0
43 44 178 0 0
44 43 178 0 0
45 43 177 0 0
46 42 177 0 0
47 42 176 0 0
48 41 176 0 0
49 41 175 0 0
50 40 175 0 0
51 39 175 0 0
52 39 174 0 0
53 39 173 0 0
54 38 173 0 0
55 37 173 0 0
56 37 172 0 0
57 36 172 0 0
58 36 171 0 0
59 35 171 0 0
60 35 170 0 0
61 34 170 0 0
62 34 169 0 0
63 33 169 0 0
64 33 168 0 0
65 32 168 0 0
66 32 167 0 0
67 31 167 0 0
68 31 166 0 0
69 30 166 0 0
70 29 166 0 0
71 29 165 0 0
72 28 165 0 0
73 28 164 0 0
74 27 164 0 0
75 27 163 0 0
76 26 163 0 0
77 26 162 0 0
78 25 162 0 0
79 25 161 0 0
80 24 161 0 0
81 24 160 0 0
82 23 160 0 0
83 22 160 0 0
84 22 159 0 0
85 22 158 0 0
86 21 158 0 0
87 20 158 0 0
88 20 157 0 0
89 19 157 0 0
90 19 156 0 0
91 18 156 0 0
92 18 155 0 0
93 17 155 0 0
94 16 155 0 0
95 16 154 0 0
96 15 154 0 0
97 15 153 0 0
98 14 153 0 0
99 14 152 0 0
100 13 152 0 0
101 13 151 0 0
102 12 151 0 0
