0 68 147 0 0
1 68 148 0 0
2 69 148 0 0
3 69 149 0 0
4 69 150 0 0
5 69 151 0 0
6 69 152 0 0
7 69 153 0 0
8 70 153 0 0
9 70 154 0 0
10 70 155 0 0
11 70 156 0 0
12 70 157 0 0
13 70 158 0 0
14 70 159 0 0
15 70 160 0 0
16 71 160 0 0
17 71 161 0 0
18 71 162 0 0
19 71 163 0 0
20 71 164 0 0
21 71 165 0 0
22 72 165 0 0
23 72 166 0 0
24 72 167 0 0
25 72 168 0 0
26 72 169 0 0
27 72 170 0 0
28 72 171 0 0
29 72 172 0 0
30 73 172 0 0
31 73 173 0 0
32 73 174 0 0
33 73 175 0 0
34 73 176 0 0
35 73 177 0 0
36 73 178 0 0
37 73 179 0 0
38 73 180 0 0
39 73 181 0 0
40 74 181 0 0
41 74 182 0 0
42 74 183 0 0
43 74 184 0 0
44 74 185 0 0
45 74 186 0 0
46 74 187 0 0
47 75 187 0 0
48 75 188 0 0
49 75 189 0 0
50 75 190 0 0
51 75 191 0 0
52 75 192 0 0
53 75 193 0 0
54 75 194 0 0
55 75 195 0 0
56 75 196 0 0
57 76 196 0 0
58 76 197 0 0
59 76 198 0 0
60 76 199 0 0
61 76 200 0 0
62 76 201 0 0
63 76 202 0 0
64 76 203 0 0
65 76 204 0 0
66 77 204 0 0
67 77 205 0 0
68 77 206 0 0
69 77 207 0 0
70 77 208 0 0
71 77 209 0 0
72 77 210 0 0
73 77 211 0 0
74 77 212 0 0
75 77 213 0 0
76 77 214 0 0
77 77 215 0 0
78 77 216 0 0
79 77 217 0 0
80 77 218 0 0
81 77 219 0 0
82 77 220 0 0
83 77 221 0 0
84 77 222 0 0
85 77 223 0 0
86 77 224 0 0
87 77 225 0 0
88 77 226 0 0
89 77 227 0 0
90 77 228 0 0
91 77 229 0 0
92 77 230 0 0
93 77 231 0 0
94 77 232 0 0
95 77 233 0 0
96 77 234 0 0
97 77 235 0 0
98 77 236 0 0
99 77 237 0 0
100 77 238 0 0
101 77 239 0 0
102 77 240 0 0
103 78 240 0 0
104 78 241 0 0
105 78 242 0 0
106 78 243 0 0
107 78 244 0 0
108 78 245 0 0
109 78 246 0 0
110 78 247 0 0
111 78 248 0 0
112 78 249 0 0
113 78 250 0 0
114 78 251 0 0
115 78 252 0 0
116 78 253 0 0
117 79 253 0 0
