0 112 274 0 0
1 111 274 0 0
2 111 273 0 0
3 111 272 0 0
4 111 271 0 0
5 111 270 0 0
6 111 269 0 0
7 111 268 0 0
8 111 267 0 0
9 111 266 0 0
10 111 265 0 0
11 111 264 0 0
12 111 263 0 0
13 111 262 0 0
14 110 262 0 0
15 110 261 0 0
16 110 260 0 0
17 110 259 0 0
18 110 258 0 0
19 110 257 0 0
20 110 256 0 0
21 110 255 0 0
22 110 254 0 0
23 109 254 0 0
24 109 253 0 0
25 109 252 0 0
26 109 251 0 0
27 109 250 0 0
28 109 249 0 0
29 109 248 0 0
30 109 247 0 0
31 109 246 0 0
32 109 245 0 0
33 109 244 0 0
34 108 244 0 0
35 108 243 0 0
36 108 242 0 0
37 108 241 0 0
38 108 240 0 0
39 108 239 0 0
40 108 238 0 0
41 108 237 0 0
42 108 236 0 0
43 107 236 0 0
44 107 235 0 0
45 107 234 0 0
46 107 233 0 0
47 107 232 0 0
48 107 231 0 0
49 107 230 0 0
50 107 229 0 0
51 107 228 0 0
52 107 227 0 0
53 107 226 0 0
54 107 225 0 0
55 107 224 0 0
56 107 223 0 0
57 107 222 0 0
58 108 222 0 0
59 108 221 0 0
60 108 220 0 0
61 108 219 0 0
62 108 218 0 0
63 109 218 0 0
64 109 217 0 0
65 109 216 0 0
66 109 215 0 0
67 109 214 0 0
68 109 213 0 0
69 109 212 0 0
70 109 211 0 0
71 109 210 0 0
72 109 209 0 0
73 109 208 0 0
74 109 207 0 0
75 109 206 0 0
76 109 205 0 0
77 109 204 0 0
78 109 203 0 0
79 109 202 0 0
80 109 201 0 0
81 109 200 0 0
82 109 199 0 0
83 109 198 0 0
84 109 197 0 0
85 109 196 0 0
86 109 195 0 0
87 109 194 0 0
88 109 193 0 0
89 109 192 0 0
90 109 191 0 0
91 109 190 0 0
92 109 189 0 0
93 109 188 0 0
94 109 187 0 0
95 109 186 0 0
96 109 185 0 0
97 108 185 0 0
98 108 184 0 0
99 108 183 0 0
100 108 182 0 0
101 108 181 0 0
102 108 182 0 0
103 108 181 0 0
104 108 180 0 0
105 108 179 0 0
106 108 178 0 0
107 108 177 0 0
108 108 176 0 0
109 108 175 0 0
110 107 175 0 0
111 107 174 0 0
112 107 173 0 0
113 107 172 0 0
114 107 171 0 0
115 107 170 0 0
116 106 170 0 0
117 106 169 0 0
118 106 168 0 0
119 106 167 0 0
120 106 166 0 0
121 106 165 0 0
122 105 165 0 0
123 105 164 0 0
124 105 163 0 0
125 105 162 0 0
126 105 161 0 0
127 105 160 0 0
128 105 159 0 0
129 105 158 0 0
130 105 157 0 0
131 105 156 0 0
132 104 156 0 0
133 104 155 0 0
134 104 154 0 0
135 104 153 0 0
136 104 152 0 0
137 104 151 0 0
138 104 150 0 0
139 103 150 0 0
140 103 149 0 0
141 103 148 0 0
142 103 147 0 0
143 103 146 0 0
144 103 145 0 0
145 103 144 0 0
146 103 143 0 0
147 104 143 0 0
148 104 142 0 0
149 105 142 0 0
150 105 141 0 0
151 105 140 0 0
152 106 140 0 0
153 106 139 0 0
154 107 139 0 0
155 107 138 0 0
156 108 138 0 0
157 109 138 0 0
158 109 137 0 0
159 110 137 0 0
160 111 137 0 0
161 111 136 0 0
162 112 136 0 0
163 113 136 0 0
164 113 135 0 0
165 114 135 0 0
166 115 135 0 0
167 115 134 0 0
168 116 134 0 0
169 117 134 0 0
170 118 134 0 0
171 119 134 0 0
172 120 134 0 0
173 121 134 0 0
174 122 134 0 0
175 123 134 0 0
176 124 134 0 0
177 124 133 0 0
178 123 133 0 0
179 123 132 0 0
180 122 132 0 0
181 122 131 0 0
182 121 131 0 0
183 121 130 0 0
184 121 129 0 0
185 121 128 0 0
186 120 128 0 0
187 120 127 0 0
188 120 126 0 0
189 119 126 0 0
190 118 126 0 0
191 117 126 0 0
192 116 126 0 0
193 116 125 0 0
194 115 125 0 0
195 114 125 0 0
196 113 125 0 0
197 113 124 0 0
198 112 124 0 0
199 111 124 0 0
200 110 124 0 0
201 109 124 0 0
202 108 124 0 0
203 108 123 0 0
204 107 123 0 0
205 107 122 0 0
206 107 121 0 0
207 106 121 0 0
208 106 120 0 0
209 105 120 0 0
210 105 119 0 0
211 104 119 0 0
212 104 118 0 0
213 103 118 0 0
214 103 117 0 0
215 102 117 0 0
216 102 116 0 0
217 101 116 0 0
218 100 116 0 0
219 100 115 0 0
220 99 115 0 0
221 98 115 0 0
222 98 114 0 0
223 97 114 0 0
224 97 113 0 0
225 96 113 0 0
226 96 112 0 0
227 96 111 0 0
228 95 111 0 0
229 94 111 0 0
230 94 110 0 0
231 94 109 0 0
232 94 108 0 0
233 93 108 0 0
234 93 107 0 0
235 92 107 0 0
236 92 106 0 0
237 92 105 0 0
238 91 105 0 0
239 91 104 0 0
240 91 103 0 0
241 90 103 0 0
242 90 102 0 0
243 90 101 0 0
244 90 100 0 0
245 90 99 0 0
246 90 98 0 0
247 90 97 0 0
248 90 96 0 0
249 90 95 0 0
250 89 95 0 0
251 89 94 0 0
252 88 94 0 0
253 88 93 0 0
254 88 92 0 0
255 88 91 0 0
256 89 91 0 0
257 89 90 0 0
258 89 89 0 0
259 89 88 0 0
260 89 87 0 0
261 89 86 0 0
262 89 85 0 0
263 89 84 0 0
264 89 83 0 0
265 90 83 0 0
266 90 82 0 0
267 90 81 0 0
268 90 80 0 0
269 90 79 0 0
270 90 78 0 0
271 90 77 0 0
272 90 76 0 0
273 90 75 0 0
274 90 74 0 0
275 91 74 0 0
276 91 73 0 0
277 91 72 0 0
278 91 71 0 0
279 92 71 0 0
280 93 71 0 0
281 93 70 0 0
282 94 70 0 0
283 95 70 0 0
284 95 69 0 0
285 96 69 0 0
286 97 69 0 0
287 98 69 0 0
288 99 69 0 0
289 100 69 0 0
290 101 69 0 0
291 102 69 0 0
292 103 69 0 0
293 104 69 0 0
294 105 69 0 0
295 105 70 0 0
296 106 70 0 0
297 107 70 0 0
298 108 70 0 0
299 109 70 0 0
300 110 70 0 0
301 111 70 0 0
302 112 70 0 0
303 112 69 0 0
304 113 69 0 0
305 114 69 0 0
306 115 69 0 0
307 116 69 0 0
308 117 69 0 0
309 118 69 0 0
310 119 69 0 0
311 120 69 0 0
312 121 69 0 0
313 122 69 0 0
314 123 69 0 0
315 124 69 0 0
316 125 69 0 0
317 126 69 0 0
318 127 69 0 0
319 127 68 0 0
320 128 68 0 0
321 129 68 0 0
322 130 68 0 0
323 130 67 0 0
324 131 67 0 0
325 132 67 0 0
326 133 67 0 0
327 134 67 0 0
328 135 67 0 0
329 136 67 0 0
330 137 67 0 0
331 138 67 0 0
332 139 67 0 0
333 140 67 0 0
334 141 67 0 0
335 141 68 0 0
336 142 68 0 0
337 142 69 0 0
338 143 69 0 0
339 144 69 0 0
340 145 69 0 0
341 145 70 0 0
342 146 70 0 0
343 147 70 0 0
344 147 71 0 0
345 148 71 0 0
346 149 71 0 0
347 150 71 0 0
348 151 71 0 0
349 152 71 0 0
350 153 71 0 0
351 154 71 0 0
352 155 71 0 0
353 156 71 0 0
354 157 71 0 0
355 158 71 0 0
356 159 71 0 0
357 160 71 0 0
358 161 71 0 0
359 162 71 0 0
360 163 71 0 0
361 164 71 0 0
362 165 71 0 0
363 166 71 0 0
364 167 71 0 0
365 168 71 0 0
366 169 71 0 0
367 169 72 0 0
368 170 72 0 0
369 171 72 0 0
370 172 72 0 0
371 172 73 0 0
372 173 73 0 0
373 174 73 0 0
374 175 73 0 0
375 175 72 0 0
376 176 72 0 0
377 176 71 0 0
378 177 71 0 0
379 178 71 0 0
380 179 71 0 0
381 180 71 0 0
382 180 72 0 0
383 181 72 0 0
384 182 72 0 0
385 182 73 0 0
386 183 73 0 0
387 184 73 0 0
388 185 73 0 0
389 186 73 0 0
390 186 72 0 0
391 187 72 0 0
392 187 71 0 0
393 188 71 0 0
394 189 71 0 0
395 189 70 0 0
396 190 70 0 0
397 191 70 0 0
398 192 70 0 0
399 193 70 0 0
400 194 70 0 0
401 195 70 0 0
402 196 70 0 0
403 197 70 0 0
404 197 71 0 0
405 198 71 0 0
406 199 71 0 0
407 200 71 0 0
408 201 71 0 0
409 201 72 0 0
410 201 71 0 0
411 202 71 0 0
412 203 71 0 0
413 204 71 0 0
414 204 70 0 0
415 205 70 0 0
416 206 70 0 0
417 207 70 0 0
418 208 70 0 0
419 209 70 0 0
420 210 70 0 0
421 211 70 0 0
422 212 70 0 0
423 213 70 0 0
