0 90 186 0 0
1 90 187 0 0
2 90 188 0 0
3 90 189 0 0
4 90 190 0 0
5 90 191 0 0
6 90 192 0 0
7 90 193 0 0
8 90 194 0 0
9 91 194 0 0
10 91 195 0 0
11 91 196 0 0
12 91 197 0 0
13 91 198 0 0
14 91 199 0 0
15 91 200 0 0
16 91 201 0 0
17 91 202 0 0
18 91 203 0 0
19 91 204 0 0
20 92 204 0 0
21 92 205 0 0
22 92 206 0 0
23 92 207 0 0
24 92 208 0 0
25 92 209 0 0
26 92 210 0 0
27 92 211 0 0
28 92 212 0 0
29 92 213 0 0
30 92 214 0 0
31 92 215 0 0
32 92 216 0 0
33 92 217 0 0
34 92 218 0 0
35 92 219 0 0
36 92 220 0 0
37 92 221 0 0
38 92 222 0 0
39 92 223 0 0
40 92 224 0 0
41 92 225 0 0
42 92 226 0 0
43 92 227 0 0
44 92 228 0 0
45 92 229 0 0
46 92 230 0 0
47 92 231 0 0
48 92 232 0 0
49 92 233 0 0
50 92 234 0 0
51 92 235 0 0
52 92 236 0 0
53 92 237 0 0
54 92 238 0 0
55 92 239 0 0
56 92 240 0 0
57 92 241 0 0
58 92 242 0 0
59 92 243 0 0
60 92 244 0 0
61 92 245 0 0
62 92 246 0 0
63 93 246 0 0
64 93 247 0 0
65 93 248 0 0
66 93 249 0 0
67 93 250 0 0
68 93 251 0 0
69 93 252 0 0
70 93 253 0 0
71 93 254 0 0
72 93 255 0 0
73 93 256 0 0
74 93 257 0 0
75 93 258 0 0
76 93 259 0 0
77 93 260 0 0
78 93 261 0 0
79 93 262 0 0
80 93 263 0 0
81 93 264 0 0
82 93 265 0 0
83 93 266 0 0
84 93 267 0 0
85 93 268 0 0
86 93 269 0 0
87 93 270 0 0
88 92 270 0 0
89 92 271 0 0
90 92 272 0 0
91 92 273 0 0
92 92 274 0 0
93 93 274 0 0
94 93 273 0 0
95 93 272 0 0
96 93 271 0 0
97 93 270 0 0
98 93 269 0 0
99 93 268 0 0
100 93 267 0 0
101 93 266 0 0
102 93 265 0 0
103 93 264 0 0
104 93 263 0 0
105 93 262 0 0
106 93 261 0 0
107 93 260 0 0
108 93 259 0 0
109 93 258 0 0
110 93 257 0 0
111 93 256 0 0
112 93 255 0 0
113 93 254 0 0
114 93 253 0 0
115 93 252 0 0
116 93 251 0 0
117 93 250 0 0
118 93 249 0 0
119 93 248 0 0
120 93 247 0 0
121 93 246 0 0
122 93 245 0 0
123 93 244 0 0
124 93 243 0 0
125 93 242 0 0
126 93 241 0 0
127 93 240 0 0
128 93 239 0 0
129 93 238 0 0
130 93 237 0 0
131 93 236 0 0
132 93 235 0 0
133 93 234 0 0
134 93 233 0 0
135 92 233 0 0
136 92 232 0 0
137 92 231 0 0
138 92 230 0 0
139 92 229 0 0
140 92 228 0 0
141 92 227 0 0
142 92 226 0 0
143 92 225 0 0
144 92 224 0 0
145 92 223 0 0
146 92 222 0 0
147 92 221 0 0
148 92 220 0 0
149 92 219 0 0
150 92 218 0 0
151 92 217 0 0
152 92 216 0 0
153 92 215 0 0
154 92 214 0 0
155 92 213 0 0
156 92 212 0 0
157 92 211 0 0
158 92 210 0 0
159 92 209 0 0
160 92 208 0 0
