0 130 134 0 0
1 129 134 0 0
2 129 133 0 0
3 128 133 0 0
4 128 132 0 0
5 127 132 0 0
6 127 131 0 0
7 126 131 0 0
8 125 131 0 0
9 125 130 0 0
10 124 130 0 0
11 124 129 0 0
12 123 129 0 0
13 122 129 0 0
14 122 128 0 0
15 121 128 0 0
16 121 127 0 0
17 120 127 0 0
18 120 126 0 0
19 119 126 0 0
20 119 125 0 0
21 118 125 0 0
22 117 125 0 0
23 117 124 0 0
24 116 124 0 0
25 116 123 0 0
26 115 123 0 0
27 115 122 0 0
28 114 122 0 0
29 113 122 0 0
30 113 121 0 0
31 113 120 0 0
32 112 120 0 0
33 111 120 0 0
34 111 119 0 0
35 110 119 0 0
36 110 118 0 0
37 109 118 0 0
38 108 118 0 0
39 107 118 0 0
40 106 118 0 0
41 105 118 0 0
42 104 118 0 0
43 103 118 0 0
44 102 118 0 0
45 101 118 0 0
46 100 118 0 0
47 99 118 0 0
48 98 118 0 0
49 97 118 0 0
50 96 118 0 0
51 95 118 0 0
52 94 118 0 0
53 93 118 0 0
54 92 118 0 0
55 91 118 0 0
56 90 118 0 0
57 89 118 0 0
58 88 118 0 0
59 87 118 0 0
60 86 118 0 0
61 85 118 0 0
62 84 118 0 0
63 83 118 0 0
64 82 118 0 0
65 82 119 0 0
66 82 120 0 0
67 81 120 0 0
68 81 121 0 0
69 80 121 0 0
70 80 122 0 0
71 79 122 0 0
72 79 123 0 0
73 79 124 0 0
74 78 124 0 0
75 78 125 0 0
76 77 125 0 0
77 77 126 0 0
78 76 126 0 0
79 76 127 0 0
80 76 128 0 0
81 75 128 0 0
82 74 128 0 0
83 74 129 0 0
84 74 130 0 0
85 73 130 0 0
86 73 131 0 0
87 72 131 0 0
88 72 132 0 0
89 71 132 0 0
90 71 133 0 0
91 71 134 0 0
92 70 134 0 0
93 70 135 0 0
94 69 135 0 0
95 69 136 0 0
96 69 137 0 0
97 69 138 0 0
98 69 139 0 0
99 69 140 0 0
100 69 141 0 0
101 69 142 0 0
102 69 143 0 0
103 69 144 0 0
104 69 145 0 0
105 69 146 0 0
106 69 147 0 0
107 69 148 0 0
108 69 149 0 0
109 70 149 0 0
110 70 150 0 0
111 70 151 0 0
112 70 152 0 0
113 70 153 0 0
114 70 154 0 0
115 70 155 0 0
116 70 156 0 0
117 70 157 0 0
118 70 158 0 0
119 70 159 0 0
120 70 160 0 0
121 70 161 0 0
122 70 162 0 0
123 70 163 0 0
124 70 164 0 0
125 70 165 0 0
126 71 165 0 0
127 71 166 0 0
128 71 167 0 0
129 71 168 0 0
130 72 168 0 0
131 72 169 0 0
132 72 170 0 0
133 73 170 0 0
134 73 171 0 0
135 73 172 0 0
136 73 173 0 0
137 73 174 0 0
138 74 174 0 0
139 74 175 0 0
140 74 176 0 0
141 75 176 0 0
142 75 177 0 0
143 75 178 0 0
144 75 179 0 0
145 76 179 0 0
146 76 180 0 0
147 76 181 0 0
148 76 182 0 0
149 77 182 0 0
150 77 183 0 0
151 77 184 0 0
152 78 184 0 0
153 78 185 0 0
154 78 186 0 0
155 78 187 0 0
156 79 187 0 0
157 79 188 0 0
158 79 189 0 0
159 79 190 0 0
160 80 190 0 0
161 80 191 0 0
162 80 192 0 0
163 80 193 0 0
164 81 193 0 0
165 81 194 0 0
166 81 195 0 0
167 81 196 0 0
168 82 196 0 0
169 82 197 0 0
170 82 198 0 0
171 83 198 0 0
172 83 199 0 0
173 83 200 0 0
174 83 201 0 0
175 84 201 0 0
176 84 202 0 0
177 84 203 0 0
178 84 204 0 0
179 84 205 0 0
180 84 206 0 0
181 84 207 0 0
182 84 208 0 0
183 84 209 0 0
184 84 210 0 0
185 84 211 0 0
186 84 212 0 0
187 84 213 0 0
188 84 214 0 0
189 84 215 0 0
190 84 216 0 0
191 84 217 0 0
192 84 218 0 0
193 84 219 0 0
194 84 220 0 0
195 84 221 0 0
196 84 222 0 0
197 84 223 0 0
198 84 224 0 0
199 84 225 0 0
200 84 226 0 0
201 84 227 0 0
202 84 228 0 0
203 84 229 0 0
204 84 230 0 0
205 84 231 0 0
206 84 232 0 0
207 84 233 0 0
208 84 234 0 0
209 84 235 0 0
210 84 236 0 0
211 84 237 0 0
212 84 238 0 0
213 84 239 0 0
214 85 239 0 0
215 84 239 0 0
216 84 240 0 0
217 84 241 0 0
218 84 242 0 0
219 84 243 0 0
220 84 244 0 0
221 84 245 0 0
222 84 246 0 0
223 83 246 0 0
224 83 247 0 0
225 83 248 0 0
226 83 249 0 0
227 83 250 0 0
