0 80 8 0 0
1 80 7 0 0
2 80 6 0 0
3 80 7 0 0
4 80 8 0 0
5 80 9 0 0
6 79 9 0 0
7 79 10 0 0
8 79 11 0 0
9 79 12 0 0
10 79 13 0 0
11 79 14 0 0
12 79 15 0 0
13 79 16 0 0
14 78 16 0 0
15 78 17 0 0
16 78 18 0 0
17 78 19 0 0
18 78 20 0 0
19 78 21 0 0
20 78 22 0 0
21 77 22 0 0
22 77 23 0 0
23 77 24 0 0
24 77 25 0 0
25 77 26 0 0
26 77 27 0 0
27 77 28 0 0
28 77 29 0 0
29 77 30 0 0
30 77 31 0 0
31 78 31 0 0
32 78 32 0 0
33 78 33 0 0
34 78 34 0 0
35 79 34 0 0
36 79 35 0 0
37 79 36 0 0
38 79 37 0 0
39 79 38 0 0
40 80 38 0 0
41 80 39 0 0
42 80 40 0 0
43 80 41 0 0
44 80 42 0 0
45 81 42 0 0
46 81 43 0 0
47 81 44 0 0
48 81 45 0 0
49 81 46 0 0
50 81 47 0 0
51 81 48 0 0
52 81 49 0 0
53 81 50 0 0
54 81 51 0 0
55 82 51 0 0
56 82 52 0 0
57 82 53 0 0
58 82 54 0 0
59 82 55 0 0
60 82 56 0 0
61 82 57 0 0
62 82 58 0 0
63 82 59 0 0
64 83 59 0 0
65 83 60 0 0
66 82 60 0 0
67 82 61 0 0
68 82 62 0 0
69 82 63 0 0
70 82 64 0 0
71 82 65 0 0
72 82 66 0 0
73 82 67 0 0
74 82 68 0 0
75 82 69 0 0
76 82 70 0 0
77 82 71 0 0
78 82 72 0 0
79 82 73 0 0
80 82 74 0 0
81 82 75 0 0
82 82 76 0 0
83 82 77 0 0
84 82 78 0 0
85 82 79 0 0
86 82 80 0 0
87 82 81 0 0
88 81 81 0 0
89 81 82 0 0
90 81 83 0 0
91 81 84 0 0
92 81 85 0 0
93 81 86 0 0
94 81 87 0 0
95 81 88 0 0
96 81 89 0 0
97 81 90 0 0
98 81 91 0 0
99 81 92 0 0
100 80 92 0 0
101 80 93 0 0
102 80 94 0 0
103 80 95 0 0
104 80 96 0 0
105 80 97 0 0
106 80 98 0 0
107 81 98 0 0
108 81 99 0 0
109 81 100 0 0
110 81 101 0 0
111 81 102 0 0
112 81 103 0 0
113 81 104 0 0
114 81 105 0 0
115 81 106 0 0
116 81 107 0 0
117 81 108 0 0
118 81 109 0 0
119 81 110 0 0
120 82 110 0 0
121 82 111 0 0
122 82 112 0 0
123 82 113 0 0
124 82 114 0 0
125 82 115 0 0
126 82 116 0 0
127 82 117 0 0
128 82 118 0 0
129 82 119 0 0
130 82 120 0 0
131 82 121 0 0
132 82 122 0 0
133 83 122 0 0
134 83 123 0 0
135 83 124 0 0
136 83 125 0 0
137 83 126 0 0
138 83 127 0 0
139 83 128 0 0
140 83 129 0 0
141 83 130 0 0
142 83 131 0 0
143 83 132 0 0
144 83 133 0 0
145 83 134 0 0
146 84 134 0 0
147 84 135 0 0
148 84 136 0 0
149 84 137 0 0
150 84 138 0 0
151 84 139 0 0
152 84 140 0 0
153 84 141 0 0
154 84 142 0 0
155 84 143 0 0
156 84 144 0 0
157 84 145 0 0
158 84 146 0 0
159 84 147 0 0
160 84 148 0 0
161 85 148 0 0
162 85 149 0 0
163 85 150 0 0
164 85 151 0 0
165 85 152 0 0
166 85 153 0 0
167 85 154 0 0
168 85 155 0 0
169 85 156 0 0
170 85 157 0 0
171 85 158 0 0
172 85 159 0 0
173 85 160 0 0
174 85 161 0 0
175 85 162 0 0
176 85 163 0 0
177 85 164 0 0
178 85 165 0 0
179 85 166 0 0
180 85 167 0 0
181 85 168 0 0
182 86 168 0 0
183 86 169 0 0
184 86 170 0 0
185 86 171 0 0
186 86 172 0 0
187 86 173 0 0
188 86 174 0 0
189 86 175 0 0
190 86 176 0 0
191 87 176 0 0
192 87 177 0 0
193 87 178 0 0
194 87 179 0 0
195 87 180 0 0
196 88 180 0 0
197 88 181 0 0
198 88 182 0 0
199 89 182 0 0
200 89 183 0 0
201 89 184 0 0
202 89 185 0 0
203 90 185 0 0
204 90 186 0 0
205 90 187 0 0
206 90 188 0 0
207 90 189 0 0
208 90 190 0 0
209 91 190 0 0
210 91 191 0 0
211 91 192 0 0
212 91 193 0 0
213 91 194 0 0
214 91 195 0 0
215 92 195 0 0
216 92 196 0 0
217 92 197 0 0
218 92 198 0 0
219 92 199 0 0
220 92 200 0 0
221 93 200 0 0
222 93 201 0 0
223 93 202 0 0
224 93 203 0 0
225 93 204 0 0
226 93 205 0 0
227 93 206 0 0
228 93 207 0 0
229 93 208 0 0
230 94 208 0 0
231 94 209 0 0
232 94 210 0 0
233 94 211 0 0
234 94 212 0 0
235 94 213 0 0
236 94 214 0 0
237 94 215 0 0
238 94 216 0 0
239 94 217 0 0
240 94 218 0 0
241 94 219 0 0
242 94 220 0 0
243 94 221 0 0
244 95 221 0 0
245 95 222 0 0
246 95 223 0 0
247 95 224 0 0
248 95 225 0 0
249 95 226 0 0
250 95 227 0 0
251 95 228 0 0
252 95 229 0 0
253 95 230 0 0
254 95 231 0 0
255 95 232 0 0
256 95 233 0 0
257 95 234 0 0
258 95 235 0 0
259 95 236 0 0
260 95 237 0 0
261 95 238 0 0
262 95 239 0 0
263 95 240 0 0
264 95 241 0 0
265 95 242 0 0
266 95 243 0 0
267 95 244 0 0
268 95 245 0 0
269 95 246 0 0
270 95 247 0 0
271 95 248 0 0
272 95 249 0 0
273 95 250 0 0
274 95 251 0 0
275 95 252 0 0
276 95 253 0 0
277 95 254 0 0
278 95 255 0 0
279 95 256 0 0
280 95 257 0 0
281 95 258 0 0
282 95 259 0 0
283 96 259 0 0
284 96 260 0 0
285 96 261 0 0
286 96 262 0 0
287 96 263 0 0
288 96 264 0 0
289 96 265 0 0
290 97 265 0 0
291 97 266 0 0
292 97 267 0 0
293 97 268 0 0
294 98 268 0 0
295 98 269 0 0
296 98 270 0 0
297 98 271 0 0
298 99 271 0 0
