0 107 271 0 0
1 107 270 0 0
2 107 269 0 0
3 107 268 0 0
4 107 267 0 0
5 107 266 0 0
6 106 266 0 0
7 106 265 0 0
8 106 264 0 0
9 106 263 0 0
10 106 262 0 0
11 106 261 0 0
12 105 261 0 0
13 105 260 0 0
14 104 260 0 0
15 104 259 0 0
16 104 258 0 0
17 104 257 0 0
18 103 257 0 0
19 103 256 0 0
20 102 256 0 0
21 102 255 0 0
22 102 254 0 0
23 101 254 0 0
24 101 253 0 0
25 101 252 0 0
26 100 252 0 0
27 100 251 0 0
28 100 250 0 0
29 99 250 0 0
30 99 249 0 0
31 98 249 0 0
32 98 248 0 0
33 97 248 0 0
34 96 248 0 0
35 96 247 0 0
36 95 247 0 0
37 94 247 0 0
38 94 246 0 0
39 93 246 0 0
40 92 246 0 0
41 91 246 0 0
42 91 245 0 0
43 90 245 0 0
44 89 245 0 0
45 88 245 0 0
46 87 245 0 0
47 87 244 0 0
48 86 244 0 0
49 85 244 0 0
50 85 243 0 0
51 84 243 0 0
52 83 243 0 0
53 82 243 0 0
54 81 243 0 0
55 81 242 0 0
56 80 242 0 0
57 79 242 0 0
58 78 242 0 0
