0 213 60 0 0
1 213 59 0 0
2 213 58 0 0
3 213 57 0 0
4 212 57 0 0
5 211 57 0 0
6 211 56 0 0
7 210 56 0 0
8 209 56 0 0
9 209 55 0 0
10 208 55 0 0
11 207 55 0 0
12 206 55 0 0
13 205 55 0 0
14 204 55 0 0
15 203 55 0 0
16 202 55 0 0
17 201 55 0 0
18 200 55 0 0
19 199 55 0 0
20 198 55 0 0
21 197 55 0 0
22 196 55 0 0
23 195 55 0 0
24 194 55 0 0
25 194 56 0 0
26 193 56 0 0
27 192 56 0 0
28 191 56 0 0
29 190 56 0 0
30 189 56 0 0
31 188 56 0 0
32 187 56 0 0
33 186 56 0 0
34 185 56 0 0
35 184 56 0 0
36 183 56 0 0
37 182 56 0 0
38 181 56 0 0
39 180 56 0 0
40 180 57 0 0
41 180 56 0 0
42 179 56 0 0
43 178 56 0 0
44 177 56 0 0
45 176 56 0 0
46 175 56 0 0
47 174 56 0 0
48 174 55 0 0
49 173 55 0 0
50 172 55 0 0
51 171 55 0 0
52 170 55 0 0
53 169 55 0 0
54 168 55 0 0
55 168 54 0 0
56 167 54 0 0
57 166 54 0 0
58 166 55 0 0
59 165 55 0 0
60 164 55 0 0
61 163 55 0 0
62 162 55 0 0
63 161 55 0 0
64 160 55 0 0
65 160 56 0 0
66 159 56 0 0
67 158 56 0 0
68 157 56 0 0
69 156 56 0 0
70 156 57 0 0
71 155 57 0 0
72 154 57 0 0
73 153 57 0 0
74 152 57 0 0
75 151 57 0 0
76 151 58 0 0
77 150 58 0 0
78 149 58 0 0
79 148 58 0 0
80 147 58 0 0
81 147 57 0 0
82 146 57 0 0
83 145 57 0 0
84 145 56 0 0
85 144 56 0 0
86 143 56 0 0
87 142 56 0 0
88 141 56 0 0
89 140 56 0 0
90 139 56 0 0
91 138 56 0 0
92 137 56 0 0
93 136 56 0 0
94 135 56 0 0
95 134 56 0 0
96 133 56 0 0
97 132 56 0 0
98 131 56 0 0
99 130 56 0 0
100 129 56 0 0
101 128 56 0 0
102 127 56 0 0
103 126 56 0 0
104 125 56 0 0
105 125 57 0 0
106 124 57 0 0
107 123 57 0 0
108 123 58 0 0
109 122 58 0 0
110 121 58 0 0
111 120 58 0 0
112 119 58 0 0
113 118 58 0 0
114 117 58 0 0
115 117 57 0 0
116 116 57 0 0
117 115 57 0 0
118 114 57 0 0
119 113 57 0 0
120 112 57 0 0
121 111 57 0 0
122 111 56 0 0
123 110 56 0 0
124 109 56 0 0
125 108 56 0 0
126 107 56 0 0
127 106 56 0 0
128 105 56 0 0
129 105 57 0 0
130 104 57 0 0
131 103 57 0 0
132 102 57 0 0
133 101 57 0 0
134 100 57 0 0
135 100 58 0 0
136 99 58 0 0
137 98 58 0 0
138 97 58 0 0
139 96 58 0 0
140 96 59 0 0
141 95 59 0 0
142 95 60 0 0
143 94 60 0 0
144 94 61 0 0
145 93 61 0 0
146 93 62 0 0
147 93 63 0 0
148 93 64 0 0
149 93 65 0 0
150 93 66 0 0
151 93 67 0 0
152 92 67 0 0
153 92 68 0 0
154 92 69 0 0
155 91 69 0 0
156 91 70 0 0
157 90 70 0 0
158 90 71 0 0
159 90 72 0 0
160 90 73 0 0
161 90 74 0 0
162 90 75 0 0
163 90 76 0 0
164 90 77 0 0
165 90 78 0 0
166 90 79 0 0
167 90 80 0 0
168 90 81 0 0
169 90 82 0 0
170 90 83 0 0
171 90 84 0 0
172 91 84 0 0
173 91 85 0 0
174 91 86 0 0
175 91 87 0 0
176 91 88 0 0
177 91 89 0 0
178 91 90 0 0
179 91 91 0 0
180 91 92 0 0
181 91 93 0 0
182 91 94 0 0
183 92 94 0 0
184 92 95 0 0
185 92 96 0 0
186 92 97 0 0
187 92 98 0 0
188 92 99 0 0
189 92 100 0 0
190 92 101 0 0
191 92 102 0 0
192 92 103 0 0
193 92 104 0 0
194 92 105 0 0
195 92 106 0 0
196 92 107 0 0
197 93 107 0 0
198 93 108 0 0
199 93 109 0 0
200 93 110 0 0
201 93 111 0 0
202 93 112 0 0
203 94 112 0 0
204 94 113 0 0
205 94 114 0 0
206 94 115 0 0
207 95 115 0 0
208 95 116 0 0
209 95 117 0 0
210 95 118 0 0
211 95 119 0 0
212 96 119 0 0
213 96 120 0 0
214 96 121 0 0
215 96 122 0 0
216 97 122 0 0
217 97 123 0 0
218 97 124 0 0
219 97 125 0 0
220 98 125 0 0
221 98 126 0 0
222 98 127 0 0
223 98 128 0 0
224 98 129 0 0
225 99 129 0 0
226 99 130 0 0
227 99 131 0 0
228 99 132 0 0
229 100 132 0 0
230 100 133 0 0
231 100 134 0 0
232 100 135 0 0
233 101 135 0 0
234 101 136 0 0
235 101 137 0 0
236 101 138 0 0
237 101 139 0 0
238 102 139 0 0
239 102 140 0 0
240 102 141 0 0
241 102 142 0 0
242 103 142 0 0
243 103 143 0 0
244 103 144 0 0
245 103 145 0 0
246 104 145 0 0
247 104 146 0 0
248 104 147 0 0
249 105 147 0 0
250 105 148 0 0
251 105 149 0 0
252 105 150 0 0
253 106 150 0 0
254 106 151 0 0
255 105 151 0 0
256 105 152 0 0
257 105 153 0 0
258 105 154 0 0
259 105 155 0 0
260 105 156 0 0
261 105 157 0 0
262 105 158 0 0
263 105 159 0 0
264 105 160 0 0
265 105 161 0 0
266 105 162 0 0
267 105 163 0 0
268 104 163 0 0
269 104 164 0 0
270 104 165 0 0
271 104 166 0 0
272 104 167 0 0
273 104 168 0 0
274 104 169 0 0
275 104 170 0 0
276 103 170 0 0
277 103 171 0 0
278 103 172 0 0
279 103 173 0 0
280 103 174 0 0
281 103 175 0 0
282 103 176 0 0
283 103 177 0 0
284 103 178 0 0
285 103 179 0 0
286 102 179 0 0
287 102 180 0 0
288 102 181 0 0
289 102 182 0 0
290 102 183 0 0
291 102 184 0 0
292 102 185 0 0
293 102 186 0 0
294 102 187 0 0
295 102 188 0 0
296 101 188 0 0
297 101 189 0 0
298 101 190 0 0
299 101 191 0 0
300 101 192 0 0
301 101 193 0 0
302 101 194 0 0
303 101 195 0 0
304 100 195 0 0
305 100 196 0 0
306 100 197 0 0
307 100 198 0 0
308 100 199 0 0
309 100 200 0 0
310 100 201 0 0
311 100 202 0 0
312 100 203 0 0
313 100 204 0 0
314 100 205 0 0
315 100 206 0 0
316 99 206 0 0
317 99 207 0 0
318 99 208 0 0
319 99 209 0 0
320 99 210 0 0
321 99 211 0 0
322 99 212 0 0
323 99 213 0 0
324 98 213 0 0
325 98 214 0 0
326 98 215 0 0
327 98 216 0 0
328 98 217 0 0
329 98 218 0 0
330 98 219 0 0
331 98 220 0 0
332 98 221 0 0
333 98 222 0 0
334 98 223 0 0
335 98 224 0 0
336 97 224 0 0
337 97 225 0 0
338 97 226 0 0
339 97 227 0 0
340 97 228 0 0
341 97 229 0 0
342 97 230 0 0
343 97 231 0 0
344 97 232 0 0
345 97 233 0 0
346 96 233 0 0
347 96 234 0 0
348 96 235 0 0
349 96 236 0 0
350 96 237 0 0
351 96 238 0 0
352 96 239 0 0
353 96 240 0 0
354 96 241 0 0
355 96 242 0 0
356 96 243 0 0
357 95 243 0 0
358 95 244 0 0
359 95 245 0 0
360 95 246 0 0
361 95 247 0 0
362 95 248 0 0
363 95 249 0 0
364 95 250 0 0
365 95 251 0 0
366 95 252 0 0
367 95 253 0 0
368 95 254 0 0
369 95 255 0 0
370 95 256 0 0
371 95 257 0 0
372 95 258 0 0
373 95 259 0 0
374 95 260 0 0
375 95 261 0 0
376 95 262 0 0
377 95 263 0 0
378 94 263 0 0
379 94 264 0 0
380 94 265 0 0
381 94 266 0 0
382 94 267 0 0
383 94 268 0 0
384 94 269 0 0
385 94 270 0 0
386 94 271 0 0
387 94 272 0 0
388 94 273 0 0
389 94 274 0 0
