0 2 122 0 0
1 2 121 0 0
2 3 121 0 0
3 4 121 0 0
4 5 121 0 0
5 6 121 0 0
6 7 121 0 0
7 8 121 0 0
8 9 121 0 0
9 10 121 0 0
10 11 121 0 0
11 12 121 0 0
12 13 121 0 0
13 14 121 0 0
14 15 121 0 0
15 16 121 0 0
16 17 121 0 0
17 18 121 0 0
18 19 121 0 0
19 20 121 0 0
20 21 121 0 0
21 22 121 0 0
22 23 121 0 0
23 24 121 0 0
24 25 121 0 0
25 26 121 0 0
26 27 121 0 0
27 28 121 0 0
28 28 120 0 0
29 29 120 0 0
30 30 120 0 0
31 31 120 0 0
32 32 120 0 0
33 33 120 0 0
34 34 120 0 0
35 35 120 0 0
36 36 120 0 0
37 37 120 0 0
38 38 120 0 0
39 39 120 0 0
40 40 120 0 0
41 41 120 0 0
42 42 120 0 0
43 42 119 0 0
44 43 119 0 0
45 43 118 0 0
46 44 118 0 0
47 44 117 0 0
48 45 117 0 0
49 45 116 0 0
50 46 116 0 0
51 46 115 0 0
52 47 115 0 0
53 47 114 0 0
54 48 114 0 0
55 48 113 0 0
56 48 112 0 0
57 49 112 0 0
58 49 111 0 0
59 50 111 0 0
60 50 110 0 0
61 50 109 0 0
62 51 109 0 0
63 51 108 0 0
64 52 108 0 0
65 52 107 0 0
66 52 106 0 0
67 53 106 0 0
68 53 105 0 0
69 54 105 0 0
70 54 104 0 0
71 54 103 0 0
72 55 103 0 0
73 55 102 0 0
74 56 102 0 0
75 56 101 0 0
76 56 100 0 0
77 56 99 0 0
78 57 99 0 0
79 58 99 0 0
80 58 98 0 0
81 59 98 0 0
82 60 98 0 0
83 60 97 0 0
84 61 97 0 0
85 61 96 0 0
86 62 96 0 0
87 63 96 0 0
88 63 95 0 0
89 64 95 0 0
90 64 94 0 0
91 65 94 0 0
92 66 94 0 0
93 66 93 0 0
94 67 93 0 0
95 68 93 0 0
96 68 92 0 0
97 69 92 0 0
98 70 92 0 0
99 70 91 0 0
100 71 91 0 0
101 72 91 0 0
102 72 90 0 0
103 73 90 0 0
104 74 90 0 0
105 74 89 0 0
106 75 89 0 0
107 75 88 0 0
108 76 88 0 0
109 77 88 0 0
110 77 87 0 0
111 78 87 0 0
112 79 87 0 0
113 80 87 0 0
114 81 87 0 0
115 82 87 0 0
116 82 86 0 0
117 83 86 0 0
118 84 86 0 0
119 85 86 0 0
120 86 86 0 0
121 87 86 0 0
122 88 86 0 0
123 89 86 0 0
124 90 86 0 0
125 91 86 0 0
126 91 85 0 0
127 92 85 0 0
128 93 85 0 0
129 94 85 0 0
130 95 85 0 0
131 96 85 0 0
132 96 84 0 0
133 97 84 0 0
134 98 84 0 0
135 99 84 0 0
136 100 84 0 0
137 101 84 0 0
138 102 84 0 0
139 103 84 0 0
140 104 84 0 0
141 104 83 0 0
142 105 83 0 0
143 105 82 0 0
144 105 81 0 0
145 106 81 0 0
146 106 80 0 0
147 106 79 0 0
148 107 79 0 0
149 107 78 0 0
150 108 78 0 0
151 108 77 0 0
152 108 76 0 0
153 109 76 0 0
154 109 75 0 0
155 110 75 0 0
156 110 74 0 0
157 110 73 0 0
158 111 73 0 0
159 111 72 0 0
160 111 71 0 0
161 112 71 0 0
162 112 70 0 0
163 112 69 0 0
164 112 68 0 0
165 113 68 0 0
166 113 67 0 0
167 113 66 0 0
168 113 65 0 0
169 113 64 0 0
170 113 63 0 0
171 113 62 0 0
172 113 61 0 0
173 113 60 0 0
174 113 59 0 0
175 113 58 0 0
176 113 57 0 0
177 113 56 0 0
178 113 55 0 0
179 113 54 0 0
180 113 53 0 0
181 113 52 0 0
182 113 51 0 0
183 113 50 0 0
184 113 49 0 0
185 113 48 0 0
186 113 47 0 0
187 113 46 0 0
188 113 45 0 0
189 113 44 0 0
190 113 43 0 0
191 113 42 0 0
192 113 41 0 0
193 113 40 0 0
194 113 39 0 0
195 113 38 0 0
196 113 37 0 0
197 113 36 0 0
198 113 35 0 0
199 113 34 0 0
200 113 33 0 0
201 113 32 0 0
202 113 31 0 0
203 113 30 0 0
204 114 30 0 0
205 114 29 0 0
206 115 29 0 0
207 115 28 0 0
208 116 28 0 0
209 116 27 0 0
210 116 26 0 0
211 117 26 0 0
212 118 26 0 0
213 118 25 0 0
214 119 25 0 0
215 119 24 0 0
216 120 24 0 0
217 120 23 0 0
218 120 22 0 0
219 121 22 0 0
220 121 21 0 0
221 122 21 0 0
222 122 20 0 0
223 123 20 0 0
224 123 19 0 0
225 124 19 0 0
226 124 18 0 0
227 125 18 0 0
228 125 17 0 0
229 126 17 0 0
230 126 16 0 0
231 127 16 0 0
232 127 15 0 0
233 127 14 0 0
234 128 14 0 0
235 128 13 0 0
236 129 13 0 0
237 129 12 0 0
238 130 12 0 0
239 130 11 0 0
240 130 10 0 0
241 131 10 0 0
242 131 9 0 0
243 131 8 0 0
244 132 8 0 0
245 132 7 0 0
246 133 7 0 0
247 133 6 0 0
248 134 6 0 0
249 134 5 0 0
250 134 4 0 0
