0 138 170 0 0
1 138 169 0 0
2 138 168 0 0
3 138 167 0 0
4 139 167 0 0
5 139 166 0 0
6 139 165 0 0
7 139 164 0 0
8 139 163 0 0
9 140 163 0 0
10 140 162 0 0
11 140 161 0 0
12 140 160 0 0
13 141 160 0 0
14 141 159 0 0
15 141 158 0 0
16 141 157 0 0
17 141 156 0 0
18 141 155 0 0
19 141 154 0 0
20 141 153 0 0
21 141 152 0 0
22 141 151 0 0
23 142 151 0 0
24 142 150 0 0
25 142 149 0 0
26 142 148 0 0
27 142 147 0 0
28 142 146 0 0
29 142 145 0 0
30 142 144 0 0
31 142 143 0 0
32 142 142 0 0
33 142 141 0 0
34 142 140 0 0
35 142 139 0 0
36 142 138 0 0
37 142 137 0 0
38 142 136 0 0
39 142 135 0 0
40 142 134 0 0
41 143 134 0 0
42 142 134 0 0
43 142 133 0 0
44 142 132 0 0
45 142 131 0 0
46 142 130 0 0
47 142 129 0 0
48 142 128 0 0
49 141 128 0 0
50 141 127 0 0
51 141 126 0 0
52 141 125 0 0
53 141 124 0 0
54 141 123 0 0
55 141 122 0 0
56 141 121 0 0
57 141 120 0 0
58 140 120 0 0
59 140 119 0 0
60 140 118 0 0
61 140 117 0 0
62 139 117 0 0
63 138 117 0 0
64 138 116 0 0
65 138 115 0 0
66 137 115 0 0
67 137 114 0 0
68 136 114 0 0
69 136 113 0 0
70 135 113 0 0
71 135 112 0 0
72 134 112 0 0
73 134 111 0 0
74 133 111 0 0
75 132 111 0 0
76 132 110 0 0
77 131 110 0 0
78 131 109 0 0
79 130 109 0 0
80 130 108 0 0
81 129 108 0 0
82 129 107 0 0
83 128 107 0 0
84 128 106 0 0
85 127 106 0 0
86 127 105 0 0
87 126 105 0 0
88 126 104 0 0
89 125 104 0 0
90 125 103 0 0
91 124 103 0 0
92 124 102 0 0
93 123 102 0 0
94 123 101 0 0
95 123 100 0 0
96 122 100 0 0
97 122 99 0 0
98 122 98 0 0
99 121 98 0 0
100 121 97 0 0
101 121 96 0 0
102 121 95 0 0
103 120 95 0 0
104 120 94 0 0
105 120 93 0 0
106 120 92 0 0
107 120 91 0 0
108 119 91 0 0
109 119 90 0 0
110 119 89 0 0
111 119 88 0 0
112 118 88 0 0
113 118 87 0 0
114 118 86 0 0
115 118 85 0 0
116 118 84 0 0
117 118 83 0 0
118 118 82 0 0
119 117 82 0 0
120 117 81 0 0
121 117 80 0 0
122 117 79 0 0
123 117 78 0 0
124 117 77 0 0
125 117 76 0 0
126 117 75 0 0
127 117 74 0 0
128 116 74 0 0
129 116 73 0 0
130 116 72 0 0
131 116 71 0 0
132 116 70 0 0
133 116 69 0 0
134 116 68 0 0
135 116 67 0 0
136 116 66 0 0
137 115 66 0 0
138 115 65 0 0
139 115 64 0 0
140 115 63 0 0
141 115 62 0 0
142 115 61 0 0
143 115 60 0 0
144 115 59 0 0
145 115 58 0 0
146 115 57 0 0
147 115 56 0 0
148 114 56 0 0
149 114 55 0 0
150 114 54 0 0
151 114 53 0 0
152 114 52 0 0
153 114 51 0 0
154 114 50 0 0
155 114 49 0 0
156 114 48 0 0
157 114 47 0 0
158 114 46 0 0
159 114 45 0 0
160 114 44 0 0
161 114 43 0 0
162 114 42 0 0
163 114 41 0 0
164 114 40 0 0
165 114 39 0 0
166 114 38 0 0
167 114 37 0 0
168 115 37 0 0
169 115 36 0 0
170 115 35 0 0
171 116 35 0 0
172 116 34 0 0
173 116 33 0 0
174 116 32 0 0
175 117 32 0 0
176 117 31 0 0
177 117 30 0 0
178 118 30 0 0
179 118 29 0 0
180 118 28 0 0
181 119 28 0 0
182 119 27 0 0
183 119 26 0 0
184 120 26 0 0
185 120 25 0 0
186 120 24 0 0
187 121 24 0 0
188 121 23 0 0
189 121 22 0 0
190 122 22 0 0
191 122 21 0 0
192 123 21 0 0
193 123 20 0 0
194 124 20 0 0
195 125 20 0 0
196 126 20 0 0
197 127 20 0 0
198 127 19 0 0
199 128 19 0 0
200 129 19 0 0
201 130 19 0 0
202 130 18 0 0
203 131 18 0 0
204 132 18 0 0
205 133 18 0 0
206 134 18 0 0
207 134 17 0 0
208 135 17 0 0
209 136 17 0 0
210 137 17 0 0
211 138 17 0 0
212 139 17 0 0
213 140 17 0 0
214 140 16 0 0
215 141 16 0 0
216 142 16 0 0
217 143 16 0 0
218 144 16 0 0
219 145 16 0 0
220 146 16 0 0
221 147 16 0 0
222 148 16 0 0
223 149 16 0 0
224 150 16 0 0
225 151 16 0 0
