0 103 211 0 0
1 103 210 0 0
2 103 209 0 0
3 103 208 0 0
4 103 207 0 0
5 103 206 0 0
6 102 206 0 0
7 102 205 0 0
8 102 204 0 0
9 102 203 0 0
10 102 202 0 0
11 102 201 0 0
12 102 200 0 0
13 102 199 0 0
14 102 198 0 0
15 102 197 0 0
16 102 196 0 0
17 102 195 0 0
18 102 194 0 0
19 102 193 0 0
20 102 192 0 0
21 102 191 0 0
22 102 190 0 0
23 102 189 0 0
24 102 188 0 0
25 102 187 0 0
26 102 186 0 0
27 102 185 0 0
28 101 185 0 0
29 101 184 0 0
30 101 183 0 0
31 101 182 0 0
32 101 181 0 0
33 101 180 0 0
34 101 179 0 0
35 101 178 0 0
36 101 177 0 0
37 101 176 0 0
38 101 175 0 0
39 101 174 0 0
40 101 173 0 0
41 101 172 0 0
42 101 171 0 0
43 101 170 0 0
44 100 170 0 0
45 100 169 0 0
46 100 168 0 0
47 100 167 0 0
48 100 166 0 0
49 100 165 0 0
50 100 164 0 0
51 100 163 0 0
52 100 162 0 0
53 100 161 0 0
54 99 161 0 0
55 99 160 0 0
56 99 159 0 0
57 99 158 0 0
58 99 157 0 0
59 99 156 0 0
60 99 155 0 0
61 99 154 0 0
62 98 154 0 0
63 98 153 0 0
64 98 152 0 0
65 98 151 0 0
66 98 150 0 0
67 98 149 0 0
68 98 148 0 0
69 97 148 0 0
70 97 147 0 0
71 97 146 0 0
72 97 145 0 0
73 97 144 0 0
74 97 143 0 0
75 96 143 0 0
76 96 142 0 0
77 96 141 0 0
78 96 140 0 0
79 96 139 0 0
80 96 138 0 0
81 95 138 0 0
82 95 137 0 0
83 95 136 0 0
84 95 135 0 0
85 94 135 0 0
86 94 134 0 0
87 94 133 0 0
88 93 133 0 0
89 93 132 0 0
90 93 131 0 0
91 93 130 0 0
92 92 130 0 0
93 92 129 0 0
94 92 128 0 0
95 92 127 0 0
96 91 127 0 0
97 91 126 0 0
98 91 125 0 0
99 91 124 0 0
100 90 124 0 0
101 90 123 0 0
102 90 122 0 0
103 90 121 0 0
104 90 120 0 0
105 90 119 0 0
106 90 118 0 0
107 90 117 0 0
108 90 116 0 0
109 90 115 0 0
110 90 114 0 0
111 90 113 0 0
112 90 112 0 0
113 90 111 0 0
114 90 110 0 0
115 90 109 0 0
116 90 108 0 0
117 90 107 0 0
118 90 106 0 0
119 90 105 0 0
120 90 104 0 0
121 90 103 0 0
122 90 102 0 0
123 89 102 0 0
124 89 101 0 0
125 89 100 0 0
126 89 99 0 0
127 89 98 0 0
128 89 97 0 0
129 89 96 0 0
130 89 95 0 0
131 89 94 0 0
132 89 93 0 0
133 89 92 0 0
134 89 91 0 0
135 90 91 0 0
136 90 90 0 0
137 90 89 0 0
138 90 88 0 0
139 90 87 0 0
140 90 86 0 0
141 90 85 0 0
142 90 84 0 0
143 90 83 0 0
144 90 82 0 0
145 90 81 0 0
146 90 80 0 0
147 90 79 0 0
148 90 78 0 0
149 90 77 0 0
150 90 76 0 0
151 90 75 0 0
152 90 74 0 0
153 90 73 0 0
154 90 72 0 0
155 90 71 0 0
156 90 70 0 0
157 90 69 0 0
158 90 68 0 0
159 90 67 0 0
160 90 66 0 0
161 90 65 0 0
162 90 64 0 0
163 90 63 0 0
164 90 62 0 0
165 90 61 0 0
166 90 60 0 0
167 90 59 0 0
168 90 58 0 0
169 90 57 0 0
170 91 57 0 0
171 91 56 0 0
172 91 55 0 0
173 91 54 0 0
174 91 53 0 0
175 91 52 0 0
176 91 51 0 0
177 91 50 0 0
178 91 49 0 0
179 91 48 0 0
180 91 47 0 0
181 91 46 0 0
182 91 45 0 0
183 91 44 0 0
184 91 43 0 0
185 91 42 0 0
186 90 42 0 0
187 90 41 0 0
188 90 40 0 0
189 90 39 0 0
190 90 38 0 0
191 90 37 0 0
192 90 36 0 0
193 90 35 0 0
194 90 34 0 0
195 90 33 0 0
196 89 33 0 0
197 89 32 0 0
198 89 31 0 0
199 89 30 0 0
200 89 29 0 0
201 89 28 0 0
202 89 27 0 0
203 88 27 0 0
204 88 26 0 0
205 88 25 0 0
206 88 24 0 0
207 88 23 0 0
208 87 23 0 0
209 87 22 0 0
210 87 21 0 0
211 87 20 0 0
212 87 19 0 0
213 87 18 0 0
214 87 17 0 0
215 86 17 0 0
216 86 16 0 0
217 86 15 0 0
218 86 14 0 0
219 85 14 0 0
220 85 13 0 0
221 85 12 0 0
222 85 11 0 0
223 85 10 0 0
224 85 9 0 0
225 85 8 0 0
226 85 7 0 0
227 85 6 0 0
228 85 5 0 0
229 84 5 0 0
230 83 5 0 0
231 82 5 0 0
232 82 4 0 0
233 81 4 0 0
234 80 4 0 0
235 79 4 0 0
236 79 5 0 0
237 79 6 0 0
238 79 7 0 0
239 80 7 0 0
240 80 8 0 0
241 80 9 0 0
242 80 10 0 0
243 80 11 0 0
244 80 12 0 0
245 80 13 0 0
246 80 14 0 0
247 80 15 0 0
248 81 15 0 0
249 81 16 0 0
250 81 17 0 0
251 81 18 0 0
252 81 19 0 0
253 81 20 0 0
254 81 21 0 0
255 81 22 0 0
256 81 23 0 0
257 82 23 0 0
258 82 24 0 0
259 82 25 0 0
260 82 26 0 0
261 82 27 0 0
262 82 28 0 0
263 82 29 0 0
264 82 30 0 0
265 83 30 0 0
266 83 31 0 0
267 83 32 0 0
268 83 33 0 0
269 83 34 0 0
270 83 35 0 0
271 83 36 0 0
272 83 37 0 0
273 83 38 0 0
274 84 38 0 0
275 84 39 0 0
276 84 40 0 0
277 84 41 0 0
278 84 42 0 0
279 84 43 0 0
280 84 44 0 0
281 84 45 0 0
282 85 45 0 0
283 85 46 0 0
284 85 47 0 0
285 85 48 0 0
286 85 49 0 0
287 85 50 0 0
288 85 51 0 0
289 85 52 0 0
290 85 53 0 0
291 85 54 0 0
292 85 55 0 0
293 86 55 0 0
294 86 56 0 0
295 86 57 0 0
296 86 58 0 0
297 86 59 0 0
298 86 60 0 0
299 86 61 0 0
300 87 61 0 0
301 87 62 0 0
302 87 63 0 0
303 87 64 0 0
304 87 65 0 0
305 87 66 0 0
306 87 67 0 0
307 87 68 0 0
308 87 69 0 0
309 87 70 0 0
310 88 70 0 0
311 88 71 0 0
312 88 72 0 0
313 88 73 0 0
314 88 74 0 0
315 88 75 0 0
316 88 76 0 0
317 88 77 0 0
318 89 77 0 0
319 89 78 0 0
320 89 79 0 0
321 89 80 0 0
322 89 81 0 0
323 89 82 0 0
324 89 83 0 0
325 89 84 0 0
326 90 84 0 0
327 90 85 0 0
328 90 86 0 0
329 90 87 0 0
330 90 88 0 0
331 90 89 0 0
332 90 90 0 0
333 90 91 0 0
334 90 92 0 0
335 90 93 0 0
336 91 93 0 0
337 91 94 0 0
338 91 95 0 0
339 91 96 0 0
340 91 97 0 0
341 91 98 0 0
342 91 99 0 0
343 91 100 0 0
344 92 100 0 0
345 92 101 0 0
346 92 102 0 0
347 92 103 0 0
348 92 104 0 0
349 92 105 0 0
350 92 106 0 0
351 92 107 0 0
352 92 108 0 0
353 93 108 0 0
354 93 109 0 0
355 93 110 0 0
356 93 111 0 0
357 93 112 0 0
358 93 113 0 0
359 93 114 0 0
360 93 115 0 0
361 94 115 0 0
362 94 116 0 0
363 94 117 0 0
364 94 118 0 0
365 94 119 0 0
366 94 120 0 0
367 94 121 0 0
368 94 122 0 0
369 95 122 0 0
370 95 123 0 0
371 95 124 0 0
372 95 125 0 0
373 95 126 0 0
374 95 127 0 0
375 95 128 0 0
376 95 129 0 0
377 95 130 0 0
378 95 131 0 0
379 95 132 0 0
380 96 132 0 0
381 96 133 0 0
382 96 134 0 0
383 96 135 0 0
384 96 136 0 0
385 96 137 0 0
386 96 138 0 0
387 96 139 0 0
388 97 139 0 0
389 97 140 0 0
390 97 141 0 0
391 97 142 0 0
392 97 143 0 0
393 97 144 0 0
394 97 145 0 0
395 98 145 0 0
396 98 146 0 0
397 98 147 0 0
398 98 148 0 0
399 98 149 0 0
400 98 150 0 0
401 98 151 0 0
402 98 152 0 0
403 98 153 0 0
404 98 154 0 0
405 99 154 0 0
406 99 155 0 0
407 99 156 0 0
408 99 157 0 0
409 99 158 0 0
410 99 159 0 0
411 99 160 0 0
412 99 161 0 0
413 100 161 0 0
414 100 162 0 0
415 100 163 0 0
416 100 164 0 0
417 100 165 0 0
418 100 166 0 0
419 100 167 0 0
420 100 168 0 0
421 100 169 0 0
422 101 169 0 0
