0 104 272 0 0
1 104 271 0 0
2 104 270 0 0
3 103 270 0 0
4 103 269 0 0
5 103 268 0 0
6 103 267 0 0
7 103 266 0 0
8 103 265 0 0
9 103 264 0 0
10 103 263 0 0
11 103 262 0 0
12 103 261 0 0
13 103 260 0 0
14 103 259 0 0
15 103 258 0 0
16 103 257 0 0
17 103 256 0 0
18 103 255 0 0
19 103 254 0 0
20 103 253 0 0
21 103 252 0 0
22 103 251 0 0
23 103 250 0 0
24 103 249 0 0
25 103 248 0 0
26 103 247 0 0
27 103 246 0 0
28 103 245 0 0
29 103 244 0 0
30 103 243 0 0
31 102 243 0 0
32 102 242 0 0
33 102 241 0 0
34 102 240 0 0
35 102 239 0 0
36 102 238 0 0
37 102 237 0 0
38 102 236 0 0
39 102 235 0 0
40 102 234 0 0
41 102 233 0 0
42 102 232 0 0
43 102 231 0 0
44 102 230 0 0
45 102 229 0 0
46 102 228 0 0
47 102 227 0 0
48 102 226 0 0
49 102 225 0 0
50 102 224 0 0
51 102 223 0 0
52 102 222 0 0
53 102 221 0 0
54 102 220 0 0
55 102 219 0 0
56 102 218 0 0
57 102 217 0 0
58 102 216 0 0
59 102 215 0 0
60 102 214 0 0
61 102 213 0 0
62 102 212 0 0
63 102 211 0 0
64 102 210 0 0
65 102 209 0 0
66 102 208 0 0
67 102 207 0 0
68 102 206 0 0
69 102 205 0 0
70 102 204 0 0
71 102 203 0 0
72 102 202 0 0
73 102 201 0 0
74 102 200 0 0
75 102 199 0 0
76 101 199 0 0
77 101 198 0 0
78 101 197 0 0
79 101 196 0 0
80 101 195 0 0
81 101 194 0 0
82 101 193 0 0
83 101 192 0 0
84 101 191 0 0
85 101 190 0 0
86 101 189 0 0
87 101 188 0 0
88 101 187 0 0
89 101 186 0 0
90 101 185 0 0
91 101 184 0 0
92 101 183 0 0
93 101 182 0 0
94 101 181 0 0
95 100 181 0 0
96 100 180 0 0
97 100 179 0 0
98 100 178 0 0
99 100 177 0 0
100 100 176 0 0
101 100 175 0 0
102 99 175 0 0
103 99 174 0 0
104 99 173 0 0
105 99 172 0 0
106 99 171 0 0
107 98 171 0 0
108 98 170 0 0
109 98 169 0 0
110 98 168 0 0
111 98 167 0 0
112 97 167 0 0
113 97 166 0 0
114 97 165 0 0
115 97 164 0 0
116 97 163 0 0
117 97 162 0 0
118 96 162 0 0
119 96 161 0 0
120 96 160 0 0
121 96 159 0 0
122 95 159 0 0
123 95 158 0 0
124 95 157 0 0
125 95 156 0 0
126 95 155 0 0
127 95 154 0 0
128 95 153 0 0
129 94 153 0 0
130 94 152 0 0
131 94 151 0 0
132 94 150 0 0
133 93 150 0 0
134 93 149 0 0
135 93 148 0 0
136 93 147 0 0
137 93 146 0 0
138 93 145 0 0
139 92 145 0 0
140 92 144 0 0
141 92 143 0 0
142 92 142 0 0
143 92 141 0 0
144 91 141 0 0
145 91 140 0 0
146 91 139 0 0
147 91 138 0 0
148 91 137 0 0
149 90 137 0 0
150 90 136 0 0
151 90 135 0 0
152 90 134 0 0
153 90 133 0 0
154 90 132 0 0
155 90 131 0 0
156 90 130 0 0
157 89 130 0 0
158 89 129 0 0
159 89 128 0 0
160 89 127 0 0
161 89 126 0 0
162 89 125 0 0
163 89 124 0 0
164 89 123 0 0
165 88 123 0 0
166 88 122 0 0
167 88 121 0 0
168 88 120 0 0
169 88 119 0 0
170 88 118 0 0
171 88 117 0 0
172 88 116 0 0
173 88 115 0 0
174 88 114 0 0
175 88 113 0 0
176 88 112 0 0
177 87 112 0 0
178 87 111 0 0
179 87 110 0 0
180 87 109 0 0
181 87 108 0 0
182 87 107 0 0
183 87 106 0 0
184 87 105 0 0
185 87 104 0 0
186 87 103 0 0
187 87 102 0 0
188 87 101 0 0
189 87 100 0 0
190 87 99 0 0
191 87 98 0 0
192 87 97 0 0
193 87 96 0 0
194 87 95 0 0
195 87 94 0 0
196 87 93 0 0
197 87 92 0 0
198 87 91 0 0
199 87 90 0 0
200 87 89 0 0
201 87 88 0 0
202 87 87 0 0
203 87 86 0 0
204 87 85 0 0
205 87 84 0 0
206 88 84 0 0
207 88 83 0 0
208 88 82 0 0
209 88 81 0 0
210 88 80 0 0
211 88 79 0 0
212 88 78 0 0
213 88 77 0 0
214 88 76 0 0
215 88 75 0 0
216 88 74 0 0
217 88 73 0 0
218 88 72 0 0
219 88 71 0 0
220 88 70 0 0
221 88 69 0 0
222 88 68 0 0
223 88 67 0 0
224 89 67 0 0
225 89 66 0 0
226 89 65 0 0
227 89 64 0 0
228 89 63 0 0
229 89 62 0 0
230 89 61 0 0
231 89 60 0 0
232 89 59 0 0
233 89 58 0 0
234 89 57 0 0
235 89 56 0 0
236 89 55 0 0
237 89 54 0 0
238 89 53 0 0
239 89 52 0 0
240 89 51 0 0
241 89 50 0 0
242 89 49 0 0
243 89 48 0 0
244 89 47 0 0
245 90 47 0 0
246 90 46 0 0
247 90 45 0 0
248 90 44 0 0
249 90 43 0 0
250 90 42 0 0
251 90 41 0 0
252 90 40 0 0
253 90 39 0 0
254 90 38 0 0
255 90 37 0 0
256 90 36 0 0
257 90 35 0 0
258 90 34 0 0
259 90 33 0 0
260 90 32 0 0
261 90 31 0 0
262 90 30 0 0
263 90 29 0 0
264 90 28 0 0
265 90 27 0 0
266 90 26 0 0
267 90 25 0 0
268 90 24 0 0
269 90 23 0 0
270 90 22 0 0
271 90 21 0 0
272 90 20 0 0
273 90 19 0 0
274 90 18 0 0
275 90 17 0 0
276 90 16 0 0
277 89 16 0 0
278 89 15 0 0
279 89 14 0 0
280 89 13 0 0
281 89 12 0 0
282 89 11 0 0
283 89 10 0 0
284 88 10 0 0
285 88 9 0 0
286 88 8 0 0
287 88 7 0 0
288 88 6 0 0
289 88 5 0 0
290 87 5 0 0
