0 172 91 0 0
1 171 91 0 0
2 171 92 0 0
3 170 92 0 0
4 169 92 0 0
5 169 93 0 0
6 168 93 0 0
7 168 94 0 0
8 167 94 0 0
9 167 95 0 0
10 166 95 0 0
11 165 95 0 0
12 164 95 0 0
13 163 95 0 0
14 163 96 0 0
15 162 96 0 0
16 161 96 0 0
17 160 96 0 0
18 159 96 0 0
19 158 96 0 0
20 157 96 0 0
21 156 96 0 0
22 156 97 0 0
23 155 97 0 0
24 154 97 0 0
25 153 97 0 0
26 152 97 0 0
27 151 97 0 0
28 150 97 0 0
29 149 97 0 0
30 149 98 0 0
31 148 98 0 0
32 147 98 0 0
33 146 98 0 0
34 146 99 0 0
35 146 98 0 0
36 145 98 0 0
37 144 98 0 0
38 144 97 0 0
39 143 97 0 0
40 142 97 0 0
41 141 97 0 0
42 140 97 0 0
43 139 97 0 0
44 139 96 0 0
45 138 96 0 0
46 137 96 0 0
47 136 96 0 0
48 135 96 0 0
49 134 96 0 0
50 133 96 0 0
51 132 96 0 0
52 132 95 0 0
53 131 95 0 0
54 130 95 0 0
55 129 95 0 0
56 128 95 0 0
57 127 95 0 0
58 126 95 0 0
59 125 95 0 0
60 124 95 0 0
61 123 95 0 0
62 123 94 0 0
63 122 94 0 0
64 121 94 0 0
65 120 94 0 0
66 119 94 0 0
67 118 94 0 0
68 118 93 0 0
69 117 93 0 0
70 116 93 0 0
71 115 93 0 0
72 114 93 0 0
73 113 93 0 0
74 113 92 0 0
75 112 92 0 0
76 112 91 0 0
77 111 91 0 0
78 111 90 0 0
79 110 90 0 0
80 109 90 0 0
81 108 90 0 0
82 107 90 0 0
83 106 90 0 0
84 105 90 0 0
85 104 90 0 0
86 103 90 0 0
87 102 90 0 0
88 101 90 0 0
89 100 90 0 0
90 99 90 0 0
91 98 90 0 0
92 97 90 0 0
93 96 90 0 0
94 95 90 0 0
95 94 90 0 0
96 93 90 0 0
97 92 90 0 0
98 91 90 0 0
99 90 90 0 0
100 89 90 0 0
101 88 90 0 0
102 87 90 0 0
103 86 90 0 0
104 85 90 0 0
105 84 90 0 0
106 83 90 0 0
107 82 90 0 0
108 81 90 0 0
109 80 90 0 0
110 79 90 0 0
111 78 90 0 0
112 77 90 0 0
113 76 90 0 0
114 75 90 0 0
115 74 90 0 0
116 73 90 0 0
117 72 90 0 0
118 71 90 0 0
119 70 90 0 0
120 69 90 0 0
121 68 90 0 0
122 67 90 0 0
123 67 91 0 0
124 66 91 0 0
125 65 91 0 0
126 65 92 0 0
127 64 92 0 0
128 64 93 0 0
129 63 93 0 0
130 63 94 0 0
131 62 94 0 0
132 62 95 0 0
133 61 95 0 0
134 60 95 0 0
135 60 96 0 0
136 59 96 0 0
137 59 97 0 0
138 58 97 0 0
139 57 97 0 0
140 57 98 0 0
141 56 98 0 0
142 56 99 0 0
143 55 99 0 0
144 55 100 0 0
145 54 100 0 0
146 54 101 0 0
147 53 101 0 0
148 53 102 0 0
149 52 102 0 0
150 52 103 0 0
151 51 103 0 0
152 51 104 0 0
153 50 104 0 0
154 50 105 0 0
155 49 105 0 0
156 49 106 0 0
157 48 106 0 0
158 48 107 0 0
159 47 107 0 0
160 47 108 0 0
161 46 108 0 0
162 46 109 0 0
163 45 109 0 0
164 45 110 0 0
165 44 110 0 0
166 44 111 0 0
167 43 111 0 0
168 42 111 0 0
169 42 112 0 0
170 41 112 0 0
171 40 112 0 0
172 40 113 0 0
173 39 113 0 0
174 38 113 0 0
175 38 114 0 0
176 37 114 0 0
177 36 114 0 0
178 35 114 0 0
