0 98 266 0 0
1 97 266 0 0
2 96 266 0 0
3 96 267 0 0
4 96 266 0 0
5 96 265 0 0
6 96 264 0 0
7 96 263 0 0
8 96 262 0 0
9 96 261 0 0
10 96 260 0 0
11 96 259 0 0
12 96 258 0 0
13 96 257 0 0
14 96 256 0 0
15 96 255 0 0
16 96 254 0 0
17 96 253 0 0
18 96 252 0 0
19 96 251 0 0
20 96 250 0 0
21 96 249 0 0
22 96 248 0 0
23 96 247 0 0
24 96 246 0 0
25 96 245 0 0
26 96 244 0 0
27 96 243 0 0
28 96 242 0 0
29 96 241 0 0
30 96 240 0 0
31 96 239 0 0
32 96 238 0 0
33 96 237 0 0
34 96 236 0 0
35 96 235 0 0
36 96 234 0 0
37 96 233 0 0
38 96 232 0 0
39 96 231 0 0
40 95 231 0 0
41 95 230 0 0
42 95 229 0 0
43 95 228 0 0
44 95 227 0 0
45 95 226 0 0
46 95 225 0 0
47 95 224 0 0
48 95 223 0 0
49 95 222 0 0
50 95 221 0 0
51 95 220 0 0
52 95 219 0 0
53 96 219 0 0
54 96 218 0 0
55 96 217 0 0
56 96 216 0 0
57 96 215 0 0
58 97 215 0 0
59 97 214 0 0
60 97 213 0 0
61 97 212 0 0
62 98 212 0 0
63 98 211 0 0
64 98 210 0 0
65 98 209 0 0
66 99 209 0 0
67 99 208 0 0
68 99 207 0 0
69 99 206 0 0
70 100 206 0 0
71 100 205 0 0
72 100 204 0 0
73 100 203 0 0
74 100 202 0 0
75 101 202 0 0
76 101 201 0 0
77 101 200 0 0
78 101 199 0 0
79 102 199 0 0
80 102 198 0 0
81 102 197 0 0
82 102 196 0 0
83 102 195 0 0
84 103 195 0 0
85 103 194 0 0
86 103 193 0 0
87 103 192 0 0
88 104 192 0 0
89 104 191 0 0
90 104 190 0 0
91 104 189 0 0
92 104 188 0 0
93 104 187 0 0
94 105 187 0 0
95 105 186 0 0
96 106 186 0 0
97 106 185 0 0
98 106 184 0 0
99 107 184 0 0
100 107 183 0 0
101 107 182 0 0
102 108 182 0 0
103 108 181 0 0
104 109 181 0 0
105 109 180 0 0
106 109 179 0 0
107 110 179 0 0
108 110 178 0 0
109 110 177 0 0
110 111 177 0 0
111 111 176 0 0
112 112 176 0 0
113 112 175 0 0
114 113 175 0 0
115 113 174 0 0
116 113 173 0 0
117 114 173 0 0
118 114 172 0 0
119 114 171 0 0
120 115 171 0 0
121 115 170 0 0
122 116 170 0 0
123 116 169 0 0
124 116 168 0 0
125 117 168 0 0
126 117 167 0 0
127 118 167 0 0
128 118 166 0 0
129 118 165 0 0
130 119 165 0 0
131 119 164 0 0
132 120 164 0 0
133 120 163 0 0
134 120 162 0 0
135 121 162 0 0
136 121 161 0 0
137 122 161 0 0
138 122 160 0 0
139 123 160 0 0
140 123 159 0 0
141 124 159 0 0
142 124 158 0 0
143 125 158 0 0
144 125 157 0 0
145 126 157 0 0
146 126 156 0 0
147 127 156 0 0
148 127 155 0 0
149 128 155 0 0
150 128 154 0 0
151 129 154 0 0
152 129 153 0 0
153 130 153 0 0
154 130 152 0 0
155 131 152 0 0
156 131 151 0 0
157 132 151 0 0
158 132 150 0 0
159 133 150 0 0
160 133 149 0 0
161 134 149 0 0
162 134 148 0 0
163 135 148 0 0
164 135 147 0 0
165 136 147 0 0
166 136 146 0 0
167 137 146 0 0
168 137 145 0 0
169 138 145 0 0
170 138 144 0 0
171 139 144 0 0
172 139 143 0 0
173 140 143 0 0
174 140 142 0 0
175 141 142 0 0
176 141 141 0 0
177 142 141 0 0
178 142 140 0 0
179 143 140 0 0
180 143 139 0 0
181 144 139 0 0
182 144 138 0 0
183 145 138 0 0
184 145 137 0 0
185 146 137 0 0
186 146 136 0 0
187 147 136 0 0
188 148 136 0 0
189 148 135 0 0
190 149 135 0 0
191 149 134 0 0
192 150 134 0 0
193 150 133 0 0
194 151 133 0 0
195 152 133 0 0
196 152 132 0 0
197 153 132 0 0
198 153 131 0 0
199 154 131 0 0
200 154 130 0 0
201 155 130 0 0
202 155 129 0 0
203 156 129 0 0
204 157 129 0 0
205 157 128 0 0
206 158 128 0 0
207 158 127 0 0
208 159 127 0 0
209 159 126 0 0
210 160 126 0 0
211 160 125 0 0
212 161 125 0 0
213 162 125 0 0
214 162 124 0 0
215 163 124 0 0
216 164 124 0 0
217 164 123 0 0
218 165 123 0 0
219 166 123 0 0
220 167 123 0 0
221 167 122 0 0
222 168 122 0 0
223 169 122 0 0
224 170 122 0 0
225 170 121 0 0
226 171 121 0 0
227 172 121 0 0
228 172 120 0 0
229 173 120 0 0
230 174 120 0 0
231 175 120 0 0
232 176 120 0 0
233 176 119 0 0
234 177 119 0 0
235 178 119 0 0
236 179 119 0 0
237 180 119 0 0
238 181 119 0 0
239 182 119 0 0
240 182 118 0 0
241 183 118 0 0
242 184 118 0 0
243 185 118 0 0
244 186 118 0 0
245 187 118 0 0
246 188 118 0 0
247 189 118 0 0
248 189 117 0 0
249 190 117 0 0
250 191 117 0 0
251 192 117 0 0
252 193 117 0 0
253 194 117 0 0
254 195 117 0 0
