0 99 269 0 0
1 99 270 0 0
2 100 270 0 0
3 100 271 0 0
4 100 270 0 0
5 100 269 0 0
6 100 268 0 0
7 100 267 0 0
8 100 266 0 0
9 100 265 0 0
10 100 264 0 0
11 100 263 0 0
12 99 263 0 0
13 99 262 0 0
14 99 261 0 0
15 99 260 0 0
16 99 259 0 0
17 99 258 0 0
18 99 257 0 0
19 99 256 0 0
20 99 255 0 0
21 99 254 0 0
22 99 253 0 0
23 99 252 0 0
24 99 251 0 0
25 99 250 0 0
26 99 249 0 0
27 99 248 0 0
28 99 247 0 0
29 99 246 0 0
30 98 246 0 0
31 98 245 0 0
32 98 244 0 0
33 98 243 0 0
34 98 242 0 0
35 98 241 0 0
36 98 240 0 0
37 98 239 0 0
38 98 238 0 0
39 98 237 0 0
40 97 237 0 0
41 97 236 0 0
42 97 235 0 0
43 97 234 0 0
44 97 233 0 0
45 97 232 0 0
46 97 231 0 0
47 97 230 0 0
48 97 229 0 0
49 97 228 0 0
50 97 227 0 0
51 97 226 0 0
52 97 225 0 0
53 97 224 0 0
54 97 223 0 0
55 98 223 0 0
56 98 222 0 0
57 98 221 0 0
58 98 220 0 0
59 98 219 0 0
60 98 218 0 0
61 98 217 0 0
62 98 216 0 0
63 98 215 0 0
64 98 214 0 0
65 98 213 0 0
66 98 212 0 0
67 98 211 0 0
68 98 210 0 0
69 98 209 0 0
70 98 208 0 0
71 98 207 0 0
72 99 207 0 0
73 99 206 0 0
74 99 205 0 0
75 99 204 0 0
76 99 203 0 0
77 99 202 0 0
78 99 201 0 0
79 99 200 0 0
80 99 199 0 0
81 99 198 0 0
82 99 197 0 0
83 99 196 0 0
84 99 195 0 0
85 99 194 0 0
86 99 193 0 0
87 99 192 0 0
88 99 191 0 0
89 99 190 0 0
90 99 189 0 0
91 99 188 0 0
92 99 187 0 0
93 99 186 0 0
94 99 185 0 0
95 99 184 0 0
96 99 183 0 0
97 99 182 0 0
98 99 181 0 0
99 99 180 0 0
100 99 179 0 0
101 99 178 0 0
102 99 177 0 0
103 99 176 0 0
104 99 175 0 0
105 99 174 0 0
106 99 173 0 0
107 99 172 0 0
108 98 172 0 0
109 98 171 0 0
110 98 170 0 0
111 98 169 0 0
112 98 168 0 0
113 98 167 0 0
114 97 167 0 0
115 97 166 0 0
116 97 165 0 0
117 97 164 0 0
118 97 163 0 0
119 96 163 0 0
120 96 162 0 0
121 96 161 0 0
122 96 160 0 0
123 96 159 0 0
124 96 158 0 0
125 95 158 0 0
126 95 157 0 0
127 95 156 0 0
128 95 155 0 0
129 95 154 0 0
130 95 153 0 0
131 95 152 0 0
132 94 152 0 0
133 94 151 0 0
134 94 150 0 0
135 94 149 0 0
136 94 148 0 0
137 94 147 0 0
138 94 146 0 0
139 94 145 0 0
140 94 144 0 0
141 94 143 0 0
142 94 142 0 0
143 94 141 0 0
144 93 141 0 0
145 93 140 0 0
146 93 139 0 0
147 93 138 0 0
148 93 137 0 0
149 93 136 0 0
150 93 135 0 0
151 93 134 0 0
152 93 133 0 0
153 93 132 0 0
154 93 131 0 0
155 93 130 0 0
156 92 130 0 0
157 92 129 0 0
158 92 128 0 0
159 92 127 0 0
160 92 126 0 0
161 92 125 0 0
162 91 125 0 0
163 91 124 0 0
164 91 123 0 0
165 90 123 0 0
166 90 122 0 0
167 90 121 0 0
168 90 120 0 0
169 90 119 0 0
170 89 119 0 0
171 89 118 0 0
172 89 117 0 0
173 89 116 0 0
174 89 115 0 0
175 89 114 0 0
176 89 113 0 0
177 89 112 0 0
178 89 111 0 0
179 89 110 0 0
180 89 109 0 0
181 90 109 0 0
182 90 108 0 0
183 90 107 0 0
184 90 106 0 0
185 90 105 0 0
186 90 104 0 0
187 90 103 0 0
188 90 102 0 0
189 91 102 0 0
190 91 101 0 0
191 91 100 0 0
192 91 99 0 0
193 91 98 0 0
194 91 97 0 0
195 90 97 0 0
196 90 96 0 0
197 90 95 0 0
198 89 95 0 0
199 89 94 0 0
200 88 94 0 0
201 88 93 0 0
202 88 92 0 0
203 87 92 0 0
204 87 91 0 0
205 87 90 0 0
206 86 90 0 0
207 86 89 0 0
208 86 88 0 0
209 85 88 0 0
210 85 87 0 0
211 85 86 0 0
212 85 85 0 0
213 85 84 0 0
214 85 83 0 0
215 85 82 0 0
216 85 81 0 0
217 85 80 0 0
218 85 79 0 0
219 85 78 0 0
220 85 77 0 0
221 85 76 0 0
222 85 75 0 0
223 84 75 0 0
224 84 74 0 0
225 84 73 0 0
226 84 72 0 0
227 84 71 0 0
228 84 70 0 0
229 84 69 0 0
230 84 68 0 0
231 84 67 0 0
232 84 66 0 0
233 84 65 0 0
234 84 64 0 0
235 84 63 0 0
236 84 62 0 0
237 84 61 0 0
238 84 60 0 0
239 84 59 0 0
240 84 58 0 0
241 84 57 0 0
242 84 56 0 0
243 84 55 0 0
244 84 54 0 0
245 84 53 0 0
246 84 52 0 0
247 84 51 0 0
248 84 50 0 0
249 84 49 0 0
250 84 48 0 0
251 84 47 0 0
252 84 46 0 0
253 83 46 0 0
254 83 45 0 0
255 83 44 0 0
256 83 43 0 0
257 83 42 0 0
258 83 41 0 0
259 83 40 0 0
260 83 39 0 0
261 83 38 0 0
262 83 37 0 0
263 83 36 0 0
264 83 35 0 0
265 84 35 0 0
266 84 34 0 0
267 84 33 0 0
268 84 32 0 0
269 84 31 0 0
270 84 30 0 0
271 84 29 0 0
272 84 28 0 0
273 84 27 0 0
274 84 26 0 0
275 84 25 0 0
276 84 24 0 0
277 84 23 0 0
278 84 22 0 0
279 84 21 0 0
280 84 20 0 0
281 84 19 0 0
282 84 18 0 0
283 84 17 0 0
284 84 16 0 0
285 85 16 0 0
286 85 15 0 0
287 84 15 0 0
288 84 14 0 0
289 84 13 0 0
290 84 12 0 0
291 84 11 0 0
292 84 10 0 0
293 84 9 0 0
294 83 9 0 0
295 83 8 0 0
296 83 7 0 0
297 83 6 0 0
298 83 5 0 0
299 83 4 0 0
300 83 3 0 0
301 83 2 0 0
302 84 2 0 0
303 83 2 0 0
304 82 2 0 0
305 81 2 0 0
306 81 3 0 0
307 80 3 0 0
308 79 3 0 0
309 79 4 0 0
310 80 4 0 0
311 81 4 0 0
312 81 5 0 0
313 81 6 0 0
314 81 7 0 0
315 81 8 0 0
316 81 9 0 0
317 81 10 0 0
318 81 11 0 0
319 81 12 0 0
320 81 13 0 0
321 81 14 0 0
322 81 15 0 0
323 81 16 0 0
324 81 17 0 0
325 81 18 0 0
326 81 19 0 0
327 82 19 0 0
328 82 20 0 0
329 82 21 0 0
330 82 22 0 0
331 82 23 0 0
332 82 24 0 0
333 82 25 0 0
334 82 26 0 0
335 82 27 0 0
336 82 28 0 0
337 82 29 0 0
338 82 30 0 0
339 83 30 0 0
340 83 31 0 0
341 83 32 0 0
342 83 33 0 0
343 83 34 0 0
344 83 35 0 0
345 83 36 0 0
346 83 37 0 0
347 83 38 0 0
348 83 39 0 0
349 83 40 0 0
350 83 41 0 0
351 83 42 0 0
352 83 43 0 0
353 83 44 0 0
354 83 45 0 0
355 83 46 0 0
356 83 47 0 0
357 83 48 0 0
358 83 49 0 0
359 83 50 0 0
360 83 51 0 0
361 83 52 0 0
362 83 53 0 0
363 83 54 0 0
364 83 55 0 0
365 83 56 0 0
366 83 57 0 0
367 83 58 0 0
368 83 59 0 0
369 83 60 0 0
370 83 61 0 0
371 83 62 0 0
372 83 63 0 0
373 83 64 0 0
374 83 65 0 0
375 83 66 0 0
376 83 67 0 0
377 83 68 0 0
378 83 69 0 0
379 83 70 0 0
380 82 70 0 0
381 82 71 0 0
382 82 72 0 0
383 82 73 0 0
384 82 74 0 0
385 82 75 0 0
386 82 76 0 0
387 82 77 0 0
388 82 78 0 0
389 82 79 0 0
390 82 80 0 0
391 81 80 0 0
392 81 81 0 0
393 81 82 0 0
394 81 83 0 0
395 81 84 0 0
396 81 85 0 0
397 81 86 0 0
398 81 87 0 0
399 81 88 0 0
400 81 89 0 0
401 81 90 0 0
402 81 91 0 0
403 81 92 0 0
404 81 93 0 0
405 81 94 0 0
406 81 95 0 0
407 81 96 0 0
408 81 97 0 0
409 81 98 0 0
410 81 99 0 0
411 81 100 0 0
412 81 101 0 0
413 81 102 0 0
414 81 103 0 0
415 81 104 0 0
416 81 105 0 0
417 81 106 0 0
418 81 107 0 0
419 81 108 0 0
420 81 109 0 0
421 81 110 0 0
422 81 111 0 0
423 81 112 0 0
424 81 113 0 0
425 81 114 0 0
426 81 115 0 0
427 81 116 0 0
428 81 117 0 0
429 82 117 0 0
430 82 118 0 0
431 82 119 0 0
432 82 120 0 0
433 82 121 0 0
434 82 122 0 0
435 82 123 0 0
436 83 123 0 0
437 83 124 0 0
438 83 125 0 0
439 84 125 0 0
440 84 126 0 0
441 84 127 0 0
442 84 128 0 0
443 84 129 0 0
444 84 130 0 0
445 84 131 0 0
446 84 132 0 0
447 84 133 0 0
448 84 134 0 0
449 84 135 0 0
450 84 136 0 0
451 84 137 0 0
452 84 138 0 0
453 84 139 0 0
454 85 139 0 0
455 85 140 0 0
456 85 141 0 0
457 85 142 0 0
458 85 143 0 0
459 85 144 0 0
460 85 145 0 0
461 85 146 0 0
