0 106 260 0 0
1 106 259 0 0
2 106 258 0 0
3 106 257 0 0
4 106 256 0 0
5 106 255 0 0
6 106 254 0 0
7 106 253 0 0
8 106 252 0 0
9 106 251 0 0
10 106 250 0 0
11 106 249 0 0
12 106 248 0 0
13 106 247 0 0
14 106 246 0 0
15 106 245 0 0
16 106 244 0 0
17 106 243 0 0
18 106 242 0 0
19 107 242 0 0
20 107 241 0 0
21 107 240 0 0
22 107 239 0 0
23 107 238 0 0
24 107 237 0 0
25 107 236 0 0
26 107 235 0 0
27 107 234 0 0
28 107 233 0 0
29 107 232 0 0
30 107 231 0 0
31 107 230 0 0
32 107 229 0 0
33 107 228 0 0
34 107 227 0 0
35 107 226 0 0
36 107 225 0 0
37 107 224 0 0
38 107 223 0 0
39 107 222 0 0
40 107 221 0 0
