0 107 270 0 0
1 107 269 0 0
2 107 268 0 0
3 107 267 0 0
4 107 266 0 0
5 107 265 0 0
6 107 264 0 0
7 107 263 0 0
8 107 262 0 0
9 106 262 0 0
10 106 261 0 0
11 106 260 0 0
12 106 259 0 0
13 106 258 0 0
14 106 257 0 0
15 106 256 0 0
16 106 255 0 0
17 106 254 0 0
18 106 253 0 0
19 105 253 0 0
20 105 252 0 0
21 105 251 0 0
22 105 250 0 0
23 105 249 0 0
24 105 248 0 0
25 105 247 0 0
26 105 246 0 0
27 105 245 0 0
28 105 244 0 0
29 105 243 0 0
30 105 242 0 0
31 105 241 0 0
32 105 240 0 0
33 104 240 0 0
34 104 239 0 0
35 104 238 0 0
36 104 237 0 0
37 104 236 0 0
38 104 235 0 0
39 104 234 0 0
40 104 233 0 0
41 104 232 0 0
42 104 231 0 0
43 104 230 0 0
44 103 230 0 0
45 103 229 0 0
46 103 228 0 0
47 103 227 0 0
48 103 226 0 0
49 103 225 0 0
50 103 224 0 0
51 103 223 0 0
52 103 222 0 0
53 103 221 0 0
54 103 220 0 0
55 103 219 0 0
56 103 218 0 0
57 103 217 0 0
58 103 216 0 0
59 103 215 0 0
60 103 214 0 0
61 103 213 0 0
62 103 212 0 0
63 103 211 0 0
64 103 210 0 0
65 102 210 0 0
66 102 209 0 0
67 102 208 0 0
68 102 207 0 0
69 102 206 0 0
70 102 205 0 0
71 102 204 0 0
72 102 203 0 0
73 102 202 0 0
74 102 201 0 0
75 102 200 0 0
76 102 199 0 0
77 102 198 0 0
78 102 197 0 0
79 102 196 0 0
80 103 196 0 0
81 103 195 0 0
82 103 194 0 0
83 103 193 0 0
84 103 192 0 0
85 103 191 0 0
86 104 191 0 0
87 104 190 0 0
88 104 189 0 0
89 104 188 0 0
90 104 187 0 0
91 105 187 0 0
92 105 186 0 0
93 105 185 0 0
94 105 184 0 0
95 105 183 0 0
96 105 182 0 0
97 105 181 0 0
98 106 181 0 0
99 106 180 0 0
100 106 179 0 0
101 106 178 0 0
102 106 177 0 0
103 107 177 0 0
104 107 176 0 0
105 107 175 0 0
106 107 174 0 0
107 107 173 0 0
108 108 173 0 0
109 108 172 0 0
110 108 171 0 0
111 109 171 0 0
112 109 170 0 0
113 109 169 0 0
114 109 168 0 0
115 110 168 0 0
116 110 167 0 0
117 110 166 0 0
118 111 166 0 0
119 111 165 0 0
120 111 164 0 0
121 112 164 0 0
122 112 163 0 0
123 112 162 0 0
124 113 162 0 0
125 113 161 0 0
126 113 160 0 0
127 113 159 0 0
128 114 159 0 0
129 114 158 0 0
130 115 158 0 0
131 115 157 0 0
132 115 156 0 0
133 115 155 0 0
134 116 155 0 0
135 116 154 0 0
136 117 154 0 0
137 117 153 0 0
138 117 152 0 0
139 118 152 0 0
140 118 151 0 0
141 118 150 0 0
142 119 150 0 0
143 119 149 0 0
144 120 149 0 0
145 120 148 0 0
146 120 147 0 0
147 121 147 0 0
148 121 146 0 0
149 122 146 0 0
150 122 145 0 0
151 122 144 0 0
152 123 144 0 0
153 123 143 0 0
154 124 143 0 0
155 124 142 0 0
156 124 141 0 0
157 125 141 0 0
158 125 140 0 0
159 125 139 0 0
160 126 139 0 0
161 126 138 0 0
162 127 138 0 0
163 128 138 0 0
164 128 137 0 0
165 129 137 0 0
166 129 136 0 0
167 130 136 0 0
168 130 135 0 0
169 131 135 0 0
170 131 134 0 0
171 132 134 0 0
172 132 133 0 0
173 133 133 0 0
174 133 132 0 0
175 134 132 0 0
176 134 131 0 0
177 135 131 0 0
178 136 131 0 0
179 136 130 0 0
180 137 130 0 0
181 138 130 0 0
182 138 129 0 0
183 139 129 0 0
184 139 128 0 0
185 140 128 0 0
186 141 128 0 0
187 141 127 0 0
188 142 127 0 0
189 143 127 0 0
190 144 127 0 0
191 144 126 0 0
192 145 126 0 0
193 146 126 0 0
194 147 126 0 0
195 147 125 0 0
196 148 125 0 0
197 149 125 0 0
198 150 125 0 0
199 150 124 0 0
200 151 124 0 0
201 152 124 0 0
202 153 124 0 0
203 153 123 0 0
204 154 123 0 0
205 155 123 0 0
206 156 123 0 0
207 157 123 0 0
208 157 122 0 0
209 158 122 0 0
210 159 122 0 0
211 160 122 0 0
212 161 122 0 0
213 161 121 0 0
214 162 121 0 0
215 163 121 0 0
216 164 121 0 0
217 165 121 0 0
218 165 120 0 0
219 166 120 0 0
220 167 120 0 0
221 168 120 0 0
222 169 120 0 0
223 170 120 0 0
224 170 119 0 0
225 171 119 0 0
226 172 119 0 0
227 173 119 0 0
228 174 119 0 0
229 175 119 0 0
230 176 119 0 0
231 176 118 0 0
232 177 118 0 0
233 178 118 0 0
234 179 118 0 0
235 180 118 0 0
236 181 118 0 0
237 182 118 0 0
238 183 118 0 0
239 184 118 0 0
240 185 118 0 0
241 186 118 0 0
242 187 118 0 0
243 188 118 0 0
244 188 117 0 0
245 189 117 0 0
246 190 117 0 0
247 191 117 0 0
248 192 117 0 0
249 193 117 0 0
250 194 117 0 0
251 195 117 0 0
252 196 117 0 0
253 197 117 0 0
254 198 117 0 0
255 199 117 0 0
256 200 117 0 0
257 201 117 0 0
258 202 117 0 0
259 203 117 0 0
260 204 117 0 0
261 205 117 0 0
262 206 117 0 0
263 207 117 0 0
264 208 117 0 0
265 209 117 0 0
266 210 117 0 0
267 211 117 0 0
268 211 118 0 0
269 210 118 0 0
270 210 119 0 0
271 210 120 0 0
272 209 120 0 0
273 208 120 0 0
274 208 121 0 0
275 207 121 0 0
276 207 122 0 0
277 206 122 0 0
278 206 123 0 0
279 206 124 0 0
280 205 124 0 0
281 205 125 0 0
282 204 125 0 0
283 203 125 0 0
284 203 126 0 0
285 203 127 0 0
286 202 127 0 0
287 202 128 0 0
288 201 128 0 0
289 200 128 0 0
290 200 129 0 0
291 200 130 0 0
292 199 130 0 0
293 199 131 0 0
294 198 131 0 0
295 198 132 0 0
296 197 132 0 0
297 197 133 0 0
298 196 133 0 0
299 195 133 0 0
300 195 134 0 0
301 195 135 0 0
302 194 135 0 0
303 193 135 0 0
304 193 136 0 0
305 192 136 0 0
306 192 137 0 0
307 191 137 0 0
308 191 138 0 0
309 190 138 0 0
310 190 139 0 0
311 189 139 0 0
312 189 140 0 0
313 188 140 0 0
314 188 141 0 0
315 187 141 0 0
316 187 142 0 0
317 186 142 0 0
318 186 143 0 0
319 185 143 0 0
320 185 144 0 0
321 184 144 0 0
322 184 145 0 0
323 183 145 0 0
324 183 146 0 0
325 182 146 0 0
326 182 147 0 0
327 181 147 0 0
328 181 148 0 0
329 180 148 0 0
330 180 149 0 0
331 179 149 0 0
332 179 150 0 0
333 178 150 0 0
334 178 151 0 0
335 177 151 0 0
336 177 152 0 0
337 176 152 0 0
338 176 153 0 0
339 175 153 0 0
340 175 154 0 0
341 174 154 0 0
342 174 155 0 0
343 173 155 0 0
344 173 156 0 0
345 172 156 0 0
346 172 157 0 0
347 171 157 0 0
348 171 158 0 0
349 170 158 0 0
350 170 159 0 0
351 169 159 0 0
352 169 160 0 0
353 168 160 0 0
354 168 161 0 0
355 167 161 0 0
356 167 162 0 0
357 166 162 0 0
358 166 163 0 0
359 165 163 0 0
360 165 164 0 0
361 164 164 0 0
362 164 165 0 0
363 163 165 0 0
364 163 166 0 0
365 162 166 0 0
366 162 167 0 0
367 161 167 0 0
368 161 168 0 0
369 160 168 0 0
370 160 169 0 0
371 159 169 0 0
372 159 170 0 0
373 158 170 0 0
374 158 171 0 0
375 157 171 0 0
376 157 172 0 0
377 156 172 0 0
378 156 173 0 0
379 155 173 0 0
380 155 174 0 0
381 154 174 0 0
382 154 175 0 0
383 153 175 0 0
384 153 176 0 0
385 152 176 0 0
386 152 177 0 0
387 151 177 0 0
388 151 178 0 0
389 150 178 0 0
390 150 179 0 0
391 149 179 0 0
392 149 180 0 0
393 148 180 0 0
394 148 181 0 0
395 147 181 0 0
396 147 182 0 0
397 146 182 0 0
398 146 183 0 0
399 145 183 0 0
400 145 184 0 0
401 144 184 0 0
402 144 185 0 0
403 143 185 0 0
404 143 186 0 0
405 142 186 0 0
406 142 187 0 0
407 141 187 0 0
408 141 188 0 0
409 140 188 0 0
410 140 189 0 0
411 139 189 0 0
412 139 190 0 0
413 138 190 0 0
414 137 190 0 0
415 137 191 0 0
416 137 192 0 0
417 136 192 0 0
418 136 193 0 0
419 135 193 0 0
420 135 194 0 0
421 134 194 0 0
422 134 195 0 0
423 133 195 0 0
424 133 196 0 0
425 132 196 0 0
426 132 197 0 0
427 131 197 0 0
428 131 198 0 0
429 130 198 0 0
430 130 199 0 0
431 129 199 0 0
432 128 199 0 0
433 128 200 0 0
434 127 200 0 0
435 127 201 0 0
436 127 202 0 0
437 126 202 0 0
438 126 203 0 0
439 125 203 0 0
440 124 203 0 0
441 124 204 0 0
442 124 205 0 0
443 123 205 0 0
444 122 205 0 0
445 122 206 0 0
446 122 207 0 0
447 121 207 0 0
448 120 207 0 0
449 120 208 0 0
450 119 208 0 0
451 119 209 0 0
452 118 209 0 0
453 118 210 0 0
454 117 210 0 0
455 117 211 0 0
456 116 211 0 0
457 116 212 0 0
458 115 212 0 0
459 115 213 0 0
460 114 213 0 0
461 114 214 0 0
462 113 214 0 0
463 113 215 0 0
464 112 215 0 0
465 112 216 0 0
466 111 216 0 0
467 111 217 0 0
468 110 217 0 0
469 110 218 0 0
470 109 218 0 0
471 109 219 0 0
472 108 219 0 0
473 108 220 0 0
474 107 220 0 0
475 107 221 0 0
476 106 221 0 0
477 106 222 0 0
478 105 222 0 0
479 105 223 0 0
480 104 223 0 0
481 104 224 0 0
