0 119 57 0 0
1 118 57 0 0
2 118 58 0 0
3 119 58 0 0
4 119 59 0 0
5 119 58 0 0
6 118 58 0 0
7 118 57 0 0
8 117 57 0 0
9 117 58 0 0
10 116 58 0 0
11 116 59 0 0
12 115 59 0 0
13 115 60 0 0
14 114 60 0 0
15 114 61 0 0
16 113 61 0 0
17 113 62 0 0
18 112 62 0 0
19 111 62 0 0
20 110 62 0 0
21 110 63 0 0
22 110 62 0 0
23 109 62 0 0
24 108 62 0 0
25 107 62 0 0
26 107 61 0 0
27 106 61 0 0
28 105 61 0 0
29 105 60 0 0
30 104 60 0 0
31 103 60 0 0
32 103 59 0 0
33 102 59 0 0
34 102 58 0 0
35 101 58 0 0
36 101 57 0 0
37 101 56 0 0
38 100 56 0 0
39 100 55 0 0
40 100 54 0 0
41 99 54 0 0
42 99 53 0 0
43 98 53 0 0
44 98 52 0 0
45 98 51 0 0
46 97 51 0 0
47 97 50 0 0
48 97 49 0 0
49 97 48 0 0
50 97 47 0 0
51 97 46 0 0
52 98 46 0 0
53 98 45 0 0
54 98 44 0 0
55 98 43 0 0
56 98 42 0 0
57 98 41 0 0
58 98 40 0 0
59 98 39 0 0
60 98 38 0 0
61 98 37 0 0
62 97 37 0 0
63 97 36 0 0
64 97 35 0 0
65 97 34 0 0
66 97 33 0 0
67 97 32 0 0
68 97 31 0 0
69 97 30 0 0
70 97 29 0 0
71 96 29 0 0
72 96 28 0 0
73 96 27 0 0
74 96 26 0 0
75 96 25 0 0
76 95 25 0 0
77 95 24 0 0
78 95 23 0 0
79 95 22 0 0
80 95 21 0 0
81 95 20 0 0
82 95 19 0 0
83 95 18 0 0
84 95 17 0 0
85 95 16 0 0
86 95 15 0 0
87 95 14 0 0
88 95 13 0 0
89 95 12 0 0
90 95 11 0 0
91 95 10 0 0
92 95 9 0 0
93 95 8 0 0
94 95 7 0 0
95 95 6 0 0
96 96 6 0 0
97 96 5 0 0
98 96 4 0 0
