0 91 270 0 0
1 91 269 0 0
2 91 268 0 0
3 91 267 0 0
4 91 266 0 0
5 91 265 0 0
6 92 265 0 0
7 92 264 0 0
8 92 263 0 0
9 92 262 0 0
10 92 261 0 0
11 92 260 0 0
12 92 259 0 0
13 92 258 0 0
14 93 258 0 0
15 93 257 0 0
16 93 256 0 0
17 93 255 0 0
18 93 254 0 0
19 93 253 0 0
20 93 252 0 0
21 93 251 0 0
22 93 250 0 0
23 93 249 0 0
24 94 249 0 0
25 94 248 0 0
26 94 247 0 0
27 94 246 0 0
28 94 245 0 0
29 94 244 0 0
30 94 243 0 0
31 94 242 0 0
32 94 241 0 0
33 94 240 0 0
34 94 239 0 0
35 94 238 0 0
36 94 237 0 0
37 94 236 0 0
38 94 235 0 0
39 94 234 0 0
40 94 233 0 0
41 94 232 0 0
42 94 231 0 0
43 94 230 0 0
44 94 229 0 0
45 94 228 0 0
46 94 227 0 0
47 94 226 0 0
48 94 225 0 0
49 94 224 0 0
50 95 224 0 0
51 95 223 0 0
52 95 222 0 0
53 95 221 0 0
54 95 220 0 0
55 95 219 0 0
56 95 218 0 0
57 95 217 0 0
58 95 216 0 0
59 96 216 0 0
60 96 215 0 0
61 96 214 0 0
62 96 213 0 0
63 96 212 0 0
64 96 211 0 0
65 96 210 0 0
66 96 209 0 0
67 96 208 0 0
68 96 207 0 0
69 97 207 0 0
70 97 206 0 0
71 97 205 0 0
72 97 204 0 0
73 98 204 0 0
74 98 203 0 0
75 98 202 0 0
76 98 201 0 0
77 98 200 0 0
78 99 200 0 0
79 99 199 0 0
80 99 198 0 0
81 99 197 0 0
82 99 196 0 0
83 100 196 0 0
84 100 195 0 0
85 100 194 0 0
86 100 193 0 0
87 100 192 0 0
88 101 192 0 0
89 101 191 0 0
90 101 190 0 0
91 101 189 0 0
92 101 188 0 0
93 102 188 0 0
94 102 187 0 0
95 102 186 0 0
96 102 185 0 0
97 103 185 0 0
98 103 184 0 0
99 103 183 0 0
100 104 183 0 0
101 104 182 0 0
102 104 181 0 0
103 104 180 0 0
104 105 180 0 0
105 105 179 0 0
106 105 178 0 0
107 106 178 0 0
108 106 177 0 0
109 106 176 0 0
110 106 175 0 0
111 107 175 0 0
112 107 174 0 0
113 108 174 0 0
114 108 173 0 0
115 108 172 0 0
116 108 171 0 0
117 109 171 0 0
118 109 170 0 0
119 109 169 0 0
120 110 169 0 0
121 110 168 0 0
122 110 167 0 0
123 111 167 0 0
124 111 166 0 0
125 111 165 0 0
126 112 165 0 0
127 112 164 0 0
128 112 163 0 0
129 112 162 0 0
130 113 162 0 0
131 113 161 0 0
132 113 160 0 0
133 114 160 0 0
134 115 160 0 0
135 115 159 0 0
136 116 159 0 0
137 116 158 0 0
138 117 158 0 0
139 117 157 0 0
140 117 156 0 0
141 118 156 0 0
142 118 155 0 0
143 119 155 0 0
144 119 154 0 0
145 120 154 0 0
146 120 153 0 0
147 121 153 0 0
148 121 152 0 0
149 122 152 0 0
150 122 151 0 0
151 123 151 0 0
152 124 151 0 0
153 124 150 0 0
154 125 150 0 0
155 125 149 0 0
156 126 149 0 0
157 127 149 0 0
158 128 149 0 0
159 128 148 0 0
160 129 148 0 0
161 130 148 0 0
162 131 148 0 0
163 131 147 0 0
164 132 147 0 0
165 133 147 0 0
166 133 146 0 0
167 134 146 0 0
168 135 146 0 0
169 136 146 0 0
170 137 146 0 0
171 138 146 0 0
172 138 147 0 0
173 139 147 0 0
174 140 147 0 0
175 141 147 0 0
176 142 147 0 0
177 143 147 0 0
178 144 147 0 0
179 145 147 0 0
180 146 147 0 0
181 147 147 0 0
182 148 147 0 0
183 149 147 0 0
184 150 147 0 0
185 151 147 0 0
186 152 147 0 0
187 153 147 0 0
188 154 147 0 0
189 155 147 0 0
190 156 147 0 0
191 157 147 0 0
192 158 147 0 0
193 159 147 0 0
194 160 147 0 0
195 160 148 0 0
196 161 148 0 0
197 162 148 0 0
198 162 149 0 0
199 163 149 0 0
200 163 148 0 0
201 164 148 0 0
202 165 148 0 0
203 166 148 0 0
204 167 148 0 0
205 168 148 0 0
206 169 148 0 0
207 170 148 0 0
208 171 148 0 0
209 172 148 0 0
210 173 148 0 0
211 174 148 0 0
212 175 148 0 0
213 176 148 0 0
214 177 148 0 0
215 178 148 0 0
216 179 148 0 0
217 180 148 0 0
218 181 148 0 0
219 182 148 0 0
220 183 148 0 0
221 184 148 0 0
222 185 148 0 0
223 186 148 0 0
224 187 148 0 0
225 188 148 0 0
226 189 148 0 0
227 190 148 0 0
228 191 148 0 0
229 192 148 0 0
230 193 148 0 0
231 194 148 0 0
232 195 148 0 0
