0 21 158 0 0
1 22 158 0 0
2 22 159 0 0
3 23 159 0 0
4 24 159 0 0
5 24 160 0 0
6 25 160 0 0
7 26 160 0 0
8 26 161 0 0
9 27 161 0 0
10 28 161 0 0
11 29 161 0 0
12 29 162 0 0
13 30 162 0 0
14 30 163 0 0
15 31 163 0 0
16 32 163 0 0
17 32 164 0 0
18 33 164 0 0
19 33 165 0 0
20 34 165 0 0
21 34 166 0 0
22 35 166 0 0
23 35 167 0 0
24 36 167 0 0
25 36 168 0 0
26 37 168 0 0
27 38 168 0 0
28 38 169 0 0
29 39 169 0 0
30 39 170 0 0
31 40 170 0 0
32 40 171 0 0
33 41 171 0 0
34 41 172 0 0
35 42 172 0 0
36 42 173 0 0
37 43 173 0 0
38 43 174 0 0
39 44 174 0 0
40 44 175 0 0
41 45 175 0 0
42 46 175 0 0
43 46 176 0 0
44 47 176 0 0
45 47 177 0 0
46 48 177 0 0
47 48 178 0 0
48 49 178 0 0
49 49 179 0 0
50 50 179 0 0
51 50 180 0 0
52 51 180 0 0
53 51 181 0 0
54 52 181 0 0
55 52 182 0 0
56 53 182 0 0
57 53 183 0 0
58 54 183 0 0
59 54 184 0 0
60 55 184 0 0
61 55 185 0 0
62 56 185 0 0
63 57 185 0 0
64 57 186 0 0
65 58 186 0 0
66 58 187 0 0
67 59 187 0 0
68 59 188 0 0
69 60 188 0 0
70 60 189 0 0
71 61 189 0 0
72 61 190 0 0
73 62 190 0 0
74 62 191 0 0
75 63 191 0 0
76 63 192 0 0
77 64 192 0 0
78 64 193 0 0
79 65 193 0 0
80 65 194 0 0
81 66 194 0 0
82 67 194 0 0
83 67 195 0 0
84 68 195 0 0
85 68 196 0 0
86 68 197 0 0
87 68 198 0 0
88 69 198 0 0
89 69 199 0 0
90 69 200 0 0
91 69 201 0 0
92 70 201 0 0
93 70 202 0 0
94 70 203 0 0
95 70 204 0 0
96 70 205 0 0
97 71 205 0 0
98 71 206 0 0
99 71 207 0 0
100 71 208 0 0
101 72 208 0 0
102 72 209 0 0
103 72 210 0 0
104 72 211 0 0
105 72 212 0 0
106 73 212 0 0
107 73 213 0 0
108 73 214 0 0
109 73 215 0 0
110 73 216 0 0
111 73 217 0 0
112 74 217 0 0
113 74 218 0 0
114 74 219 0 0
115 74 220 0 0
116 75 220 0 0
117 75 221 0 0
118 75 222 0 0
119 75 223 0 0
120 75 224 0 0
121 75 225 0 0
122 76 225 0 0
123 76 226 0 0
124 76 227 0 0
125 76 228 0 0
126 77 228 0 0
127 77 229 0 0
128 77 230 0 0
129 77 231 0 0
130 77 232 0 0
131 78 232 0 0
132 78 233 0 0
133 78 234 0 0
134 78 235 0 0
135 78 236 0 0
136 78 237 0 0
137 78 238 0 0
138 78 239 0 0
139 78 240 0 0
140 78 241 0 0
141 78 242 0 0
142 78 243 0 0
143 78 244 0 0
144 78 245 0 0
145 78 246 0 0
146 78 247 0 0
147 78 248 0 0
148 78 249 0 0
149 78 250 0 0
150 78 251 0 0
151 78 252 0 0
152 78 253 0 0
153 78 254 0 0
154 78 255 0 0
155 79 255 0 0
156 79 256 0 0
157 78 256 0 0
158 78 257 0 0
159 78 258 0 0
160 78 259 0 0
161 78 260 0 0
162 78 261 0 0
163 78 262 0 0
164 78 263 0 0
165 78 264 0 0
166 78 265 0 0
167 78 266 0 0
168 78 267 0 0
169 78 268 0 0
170 78 269 0 0
171 78 270 0 0
172 78 271 0 0
