0 80 203 0 0
1 80 202 0 0
2 79 202 0 0
3 79 201 0 0
4 78 201 0 0
5 78 200 0 0
6 77 200 0 0
7 76 200 0 0
8 76 199 0 0
9 75 199 0 0
10 74 199 0 0
11 74 198 0 0
12 74 197 0 0
13 73 197 0 0
14 72 197 0 0
15 72 196 0 0
16 71 196 0 0
17 71 195 0 0
18 70 195 0 0
19 70 194 0 0
20 69 194 0 0
21 69 193 0 0
22 68 193 0 0
23 67 193 0 0
24 67 192 0 0
25 66 192 0 0
26 65 192 0 0
27 65 191 0 0
28 65 190 0 0
29 64 190 0 0
30 63 190 0 0
31 63 189 0 0
32 63 188 0 0
33 62 188 0 0
34 62 187 0 0
35 61 187 0 0
36 61 186 0 0
37 60 186 0 0
38 60 185 0 0
39 59 185 0 0
40 59 184 0 0
41 58 184 0 0
42 58 183 0 0
43 57 183 0 0
44 57 182 0 0
45 56 182 0 0
46 56 181 0 0
47 55 181 0 0
48 55 180 0 0
49 55 179 0 0
50 54 179 0 0
51 54 178 0 0
52 53 178 0 0
53 53 177 0 0
54 52 177 0 0
55 52 176 0 0
56 51 176 0 0
57 51 175 0 0
58 50 175 0 0
59 50 174 0 0
60 49 174 0 0
61 49 173 0 0
62 48 173 0 0
63 48 172 0 0
64 48 171 0 0
65 47 171 0 0
66 47 170 0 0
67 46 170 0 0
68 46 169 0 0
69 45 169 0 0
70 45 168 0 0
71 44 168 0 0
72 44 167 0 0
73 43 167 0 0
74 43 166 0 0
75 42 166 0 0
76 42 165 0 0
77 42 164 0 0
78 41 164 0 0
79 40 164 0 0
80 40 163 0 0
81 39 163 0 0
82 39 162 0 0
83 38 162 0 0
84 38 161 0 0
85 38 160 0 0
86 37 160 0 0
87 37 159 0 0
88 36 159 0 0
89 35 159 0 0
90 34 159 0 0
91 33 159 0 0
92 32 159 0 0
93 32 158 0 0
94 31 158 0 0
95 30 158 0 0
96 29 158 0 0
97 28 158 0 0
98 28 157 0 0
99 27 157 0 0
100 26 157 0 0
101 25 157 0 0
102 25 156 0 0
103 24 156 0 0
104 23 156 0 0
105 22 156 0 0
106 21 156 0 0
107 21 155 0 0
108 20 155 0 0
109 19 155 0 0
110 18 155 0 0
111 17 155 0 0
112 16 155 0 0
113 15 155 0 0
114 14 155 0 0
115 13 155 0 0
116 12 155 0 0
117 12 154 0 0
118 11 154 0 0
119 10 154 0 0
120 9 154 0 0
121 8 154 0 0
122 7 154 0 0
123 6 154 0 0
124 7 154 0 0
125 7 155 0 0
126 8 155 0 0
127 9 155 0 0
128 9 156 0 0
129 10 156 0 0
130 11 156 0 0
131 11 157 0 0
132 12 157 0 0
133 12 158 0 0
134 13 158 0 0
135 14 158 0 0
136 14 159 0 0
137 15 159 0 0
138 15 160 0 0
139 16 160 0 0
140 17 160 0 0
141 17 161 0 0
142 18 161 0 0
143 19 161 0 0
144 19 162 0 0
145 20 162 0 0
146 21 162 0 0
147 21 163 0 0
148 22 163 0 0
149 22 164 0 0
150 23 164 0 0
151 23 165 0 0
152 24 165 0 0
153 25 165 0 0
154 25 166 0 0
155 26 166 0 0
156 27 166 0 0
157 27 167 0 0
158 28 167 0 0
159 28 168 0 0
160 29 168 0 0
161 30 168 0 0
162 30 169 0 0
163 31 169 0 0
164 31 170 0 0
165 32 170 0 0
166 33 170 0 0
167 33 171 0 0
168 34 171 0 0
169 35 171 0 0
170 35 172 0 0
171 36 172 0 0
172 36 173 0 0
173 37 173 0 0
174 37 174 0 0
175 38 174 0 0
176 39 174 0 0
177 39 175 0 0
178 40 175 0 0
179 41 175 0 0
180 41 176 0 0
181 42 176 0 0
182 43 176 0 0
183 43 177 0 0
184 44 177 0 0
185 44 178 0 0
186 45 178 0 0
187 45 179 0 0
188 46 179 0 0
189 47 179 0 0
190 47 180 0 0
191 48 180 0 0
192 49 180 0 0
193 49 181 0 0
194 50 181 0 0
195 51 181 0 0
196 51 182 0 0
197 52 182 0 0
198 52 183 0 0
199 53 183 0 0
200 54 183 0 0
201 54 184 0 0
202 55 184 0 0
203 55 185 0 0
204 56 185 0 0
205 57 185 0 0
206 57 186 0 0
207 58 186 0 0
208 58 187 0 0
209 59 187 0 0
210 60 187 0 0
211 60 188 0 0
212 61 188 0 0
213 61 189 0 0
214 62 189 0 0
215 63 189 0 0
