0 26 126 0 0
1 26 125 0 0
2 27 125 0 0
3 27 124 0 0
4 28 124 0 0
5 28 123 0 0
6 29 123 0 0
7 29 122 0 0
8 30 122 0 0
9 30 121 0 0
10 30 120 0 0
11 31 120 0 0
12 31 119 0 0
13 32 119 0 0
14 32 118 0 0
15 33 118 0 0
16 33 117 0 0
17 34 117 0 0
18 34 116 0 0
19 35 116 0 0
20 35 115 0 0
21 36 115 0 0
22 36 114 0 0
23 37 114 0 0
24 37 113 0 0
25 37 112 0 0
26 38 112 0 0
27 39 112 0 0
28 39 111 0 0
29 39 110 0 0
30 40 110 0 0
31 40 109 0 0
32 41 109 0 0
33 41 108 0 0
34 42 108 0 0
35 42 107 0 0
36 43 107 0 0
37 43 106 0 0
38 44 106 0 0
39 44 105 0 0
40 45 105 0 0
41 45 104 0 0
42 46 104 0 0
43 46 103 0 0
44 47 103 0 0
45 47 102 0 0
46 48 102 0 0
47 48 101 0 0
48 49 101 0 0
49 49 100 0 0
50 50 100 0 0
51 50 99 0 0
52 51 99 0 0
53 51 98 0 0
54 52 98 0 0
55 52 97 0 0
56 53 97 0 0
57 53 96 0 0
58 54 96 0 0
59 54 95 0 0
60 55 95 0 0
61 55 94 0 0
62 56 94 0 0
63 56 93 0 0
64 57 93 0 0
65 57 92 0 0
66 58 92 0 0
67 58 91 0 0
68 59 91 0 0
69 59 90 0 0
70 60 90 0 0
71 60 89 0 0
72 61 89 0 0
73 61 88 0 0
74 62 88 0 0
75 62 87 0 0
76 63 87 0 0
77 63 86 0 0
78 64 86 0 0
79 64 85 0 0
80 65 85 0 0
81 65 84 0 0
82 66 84 0 0
83 66 83 0 0
84 66 82 0 0
85 67 82 0 0
86 67 81 0 0
87 68 81 0 0
88 68 80 0 0
89 69 80 0 0
90 70 80 0 0
91 70 79 0 0
92 71 79 0 0
93 71 78 0 0
94 72 78 0 0
95 72 77 0 0
96 73 77 0 0
97 73 76 0 0
98 74 76 0 0
99 74 75 0 0
100 75 75 0 0
101 75 74 0 0
102 76 74 0 0
103 76 73 0 0
104 77 73 0 0
105 77 72 0 0
106 78 72 0 0
107 78 71 0 0
108 79 71 0 0
109 79 70 0 0
110 80 70 0 0
111 80 69 0 0
112 81 69 0 0
113 81 68 0 0
114 81 67 0 0
115 82 67 0 0
116 82 66 0 0
117 83 66 0 0
118 84 66 0 0
119 84 65 0 0
120 85 65 0 0
121 85 64 0 0
122 85 63 0 0
123 86 63 0 0
124 86 62 0 0
125 87 62 0 0
126 87 61 0 0
127 88 61 0 0
128 88 60 0 0
129 89 60 0 0
130 89 59 0 0
131 89 58 0 0
132 90 58 0 0
133 91 58 0 0
134 91 57 0 0
135 91 56 0 0
136 92 56 0 0
137 92 55 0 0
138 93 55 0 0
139 93 54 0 0
140 94 54 0 0
141 94 53 0 0
142 94 52 0 0
143 95 52 0 0
144 96 52 0 0
145 96 51 0 0
146 97 51 0 0
147 97 50 0 0
148 98 50 0 0
149 98 49 0 0
150 98 48 0 0
151 99 48 0 0
152 99 47 0 0
153 100 47 0 0
154 101 47 0 0
155 101 46 0 0
156 102 46 0 0
157 102 45 0 0
158 102 44 0 0
159 103 44 0 0
160 103 43 0 0
161 104 43 0 0
162 104 42 0 0
163 105 42 0 0
164 105 41 0 0
165 106 41 0 0
166 106 40 0 0
167 107 40 0 0
168 107 39 0 0
169 108 39 0 0
170 109 39 0 0
171 109 38 0 0
172 110 38 0 0
173 110 37 0 0
174 111 37 0 0
175 111 36 0 0
176 112 36 0 0
177 112 35 0 0
178 113 35 0 0
179 114 35 0 0
180 114 34 0 0
181 114 33 0 0
182 115 33 0 0
183 116 33 0 0
184 116 32 0 0
185 117 32 0 0
186 117 31 0 0
187 118 31 0 0
188 118 30 0 0
189 118 29 0 0
190 119 29 0 0
191 119 28 0 0
192 120 28 0 0
193 120 27 0 0
194 121 27 0 0
195 121 26 0 0
196 122 26 0 0
197 122 25 0 0
198 123 25 0 0
199 123 24 0 0
200 124 24 0 0
201 124 23 0 0
202 125 23 0 0
203 125 22 0 0
