0 94 268 0 0
1 94 267 0 0
2 94 266 0 0
3 94 265 0 0
4 94 264 0 0
5 94 263 0 0
6 94 262 0 0
7 94 261 0 0
8 94 260 0 0
9 94 259 0 0
10 94 258 0 0
11 94 257 0 0
12 94 256 0 0
13 95 256 0 0
14 95 255 0 0
15 95 254 0 0
16 95 253 0 0
17 95 252 0 0
18 95 251 0 0
19 95 250 0 0
20 95 249 0 0
21 95 248 0 0
22 95 247 0 0
23 95 246 0 0
24 95 245 0 0
25 95 244 0 0
26 95 243 0 0
27 95 242 0 0
28 95 241 0 0
29 95 240 0 0
30 95 239 0 0
31 95 238 0 0
32 95 237 0 0
33 95 236 0 0
34 95 235 0 0
35 95 234 0 0
36 95 233 0 0
37 95 232 0 0
38 96 232 0 0
39 96 231 0 0
40 96 230 0 0
41 96 229 0 0
42 96 228 0 0
43 96 227 0 0
44 96 226 0 0
45 96 225 0 0
46 96 224 0 0
47 96 223 0 0
48 96 222 0 0
49 96 221 0 0
50 96 220 0 0
51 96 219 0 0
52 96 218 0 0
53 96 217 0 0
54 96 216 0 0
55 96 215 0 0
56 97 215 0 0
57 97 214 0 0
58 97 213 0 0
59 97 212 0 0
60 97 211 0 0
61 97 210 0 0
62 97 209 0 0
63 97 208 0 0
64 97 207 0 0
65 97 206 0 0
66 97 205 0 0
67 98 205 0 0
68 98 204 0 0
69 98 203 0 0
70 98 202 0 0
71 98 201 0 0
72 98 200 0 0
73 98 199 0 0
74 98 198 0 0
75 98 197 0 0
76 98 196 0 0
77 98 195 0 0
78 98 194 0 0
79 99 194 0 0
80 99 193 0 0
81 99 192 0 0
82 99 191 0 0
83 100 191 0 0
84 100 190 0 0
85 100 189 0 0
86 100 188 0 0
87 100 187 0 0
88 101 187 0 0
89 101 186 0 0
90 101 185 0 0
91 101 184 0 0
92 102 184 0 0
93 102 183 0 0
94 102 182 0 0
95 102 181 0 0
96 103 181 0 0
97 103 180 0 0
98 103 179 0 0
99 103 178 0 0
100 103 177 0 0
101 103 176 0 0
102 104 176 0 0
103 104 175 0 0
104 104 174 0 0
105 104 173 0 0
106 105 173 0 0
107 105 172 0 0
108 105 171 0 0
109 105 170 0 0
110 105 169 0 0
111 106 169 0 0
112 106 168 0 0
113 106 167 0 0
114 106 166 0 0
115 107 166 0 0
116 107 165 0 0
117 107 164 0 0
118 107 163 0 0
119 108 163 0 0
120 108 162 0 0
121 108 161 0 0
122 108 160 0 0
123 108 159 0 0
124 109 159 0 0
125 109 158 0 0
126 109 157 0 0
127 109 156 0 0
128 110 156 0 0
129 110 155 0 0
130 110 154 0 0
131 110 153 0 0
132 110 152 0 0
133 111 152 0 0
134 111 151 0 0
135 111 150 0 0
136 111 149 0 0
137 111 148 0 0
138 111 147 0 0
139 111 146 0 0
140 112 146 0 0
141 112 145 0 0
142 112 144 0 0
143 112 143 0 0
144 112 142 0 0
145 112 141 0 0
146 112 140 0 0
147 112 139 0 0
148 112 138 0 0
149 112 137 0 0
150 112 136 0 0
151 112 135 0 0
152 113 135 0 0
153 113 134 0 0
154 112 134 0 0
155 112 133 0 0
156 112 132 0 0
157 112 131 0 0
158 111 131 0 0
159 111 130 0 0
160 111 129 0 0
161 111 128 0 0
162 110 128 0 0
163 110 127 0 0
164 110 126 0 0
165 110 125 0 0
166 109 125 0 0
167 109 124 0 0
168 109 123 0 0
169 109 122 0 0
170 109 121 0 0
171 108 121 0 0
172 108 120 0 0
173 108 119 0 0
174 108 118 0 0
175 108 117 0 0
176 107 117 0 0
177 107 116 0 0
178 107 115 0 0
179 107 114 0 0
180 107 113 0 0
181 106 113 0 0
182 106 112 0 0
183 106 111 0 0
184 106 110 0 0
185 106 109 0 0
186 105 109 0 0
187 105 108 0 0
188 105 107 0 0
189 105 106 0 0
190 105 105 0 0
191 104 105 0 0
192 104 104 0 0
193 104 103 0 0
194 104 102 0 0
195 104 101 0 0
196 104 100 0 0
197 104 99 0 0
198 104 98 0 0
199 104 97 0 0
200 104 96 0 0
201 104 95 0 0
202 105 95 0 0
203 105 94 0 0
204 105 93 0 0
205 105 92 0 0
206 105 91 0 0
207 106 91 0 0
208 106 90 0 0
209 106 89 0 0
210 106 88 0 0
211 106 87 0 0
212 107 87 0 0
213 107 86 0 0
214 107 85 0 0
215 108 85 0 0
216 108 84 0 0
217 108 83 0 0
218 109 83 0 0
219 109 82 0 0
220 109 81 0 0
221 109 80 0 0
222 110 80 0 0
223 110 79 0 0
224 110 78 0 0
225 110 77 0 0
226 111 77 0 0
227 111 76 0 0
228 111 75 0 0
229 111 74 0 0
230 111 73 0 0
231 111 72 0 0
232 111 71 0 0
233 111 70 0 0
234 111 69 0 0
235 111 68 0 0
236 112 68 0 0
237 112 67 0 0
238 111 67 0 0
239 111 66 0 0
240 111 65 0 0
241 111 64 0 0
242 111 63 0 0
243 111 62 0 0
244 110 62 0 0
245 110 61 0 0
246 110 60 0 0
247 110 59 0 0
248 110 58 0 0
249 109 58 0 0
250 109 57 0 0
251 109 56 0 0
252 109 55 0 0
253 109 54 0 0
254 109 53 0 0
255 109 52 0 0
256 109 51 0 0
257 109 50 0 0
258 109 49 0 0
259 109 48 0 0
260 109 47 0 0
261 109 46 0 0
262 109 45 0 0
263 109 44 0 0
264 109 43 0 0
265 109 42 0 0
266 109 41 0 0
267 109 40 0 0
268 109 39 0 0
269 109 38 0 0
270 109 37 0 0
271 109 36 0 0
272 109 35 0 0
273 109 34 0 0
274 109 33 0 0
275 109 32 0 0
276 109 31 0 0
277 109 30 0 0
278 109 29 0 0
279 109 28 0 0
280 109 27 0 0
281 109 26 0 0
282 110 26 0 0
283 110 25 0 0
284 110 24 0 0
285 110 23 0 0
286 110 22 0 0
287 110 21 0 0
288 110 20 0 0
289 110 19 0 0
290 110 18 0 0
291 110 17 0 0
292 110 16 0 0
293 110 15 0 0
294 110 14 0 0
295 110 13 0 0
296 110 12 0 0
297 110 11 0 0
298 110 10 0 0
299 110 9 0 0
300 110 8 0 0
301 110 7 0 0
302 110 6 0 0
303 110 5 0 0
304 110 4 0 0
