0 99 267 0 0
1 99 266 0 0
2 99 265 0 0
3 99 264 0 0
4 99 263 0 0
5 99 262 0 0
6 99 261 0 0
7 99 260 0 0
8 99 259 0 0
9 99 258 0 0
10 99 257 0 0
11 99 256 0 0
12 99 255 0 0
13 99 254 0 0
14 99 253 0 0
15 99 252 0 0
16 99 251 0 0
17 99 250 0 0
18 99 249 0 0
19 99 248 0 0
20 99 247 0 0
21 99 246 0 0
22 99 245 0 0
23 99 244 0 0
24 99 243 0 0
25 99 242 0 0
26 99 241 0 0
27 99 240 0 0
28 99 239 0 0
29 99 238 0 0
30 99 237 0 0
31 99 236 0 0
32 99 235 0 0
33 99 234 0 0
34 99 233 0 0
35 99 232 0 0
36 99 231 0 0
37 99 230 0 0
38 99 229 0 0
39 99 228 0 0
40 99 227 0 0
41 99 226 0 0
42 99 225 0 0
43 99 224 0 0
44 99 223 0 0
45 99 222 0 0
46 99 221 0 0
47 99 220 0 0
48 99 219 0 0
49 99 218 0 0
50 99 217 0 0
51 100 217 0 0
52 100 216 0 0
53 100 215 0 0
54 100 214 0 0
55 100 213 0 0
56 100 212 0 0
57 100 211 0 0
58 100 210 0 0
59 100 209 0 0
60 100 208 0 0
61 100 207 0 0
62 100 206 0 0
63 101 206 0 0
64 101 205 0 0
65 101 204 0 0
66 101 203 0 0
67 101 202 0 0
68 101 201 0 0
69 101 200 0 0
70 101 199 0 0
71 101 198 0 0
72 101 197 0 0
73 101 196 0 0
74 101 195 0 0
75 101 194 0 0
76 101 193 0 0
77 102 193 0 0
78 102 192 0 0
79 102 191 0 0
80 103 191 0 0
81 103 190 0 0
82 103 189 0 0
83 103 188 0 0
84 103 187 0 0
85 104 187 0 0
86 104 186 0 0
87 104 185 0 0
88 104 184 0 0
89 105 184 0 0
90 105 183 0 0
91 105 182 0 0
92 105 181 0 0
93 106 181 0 0
94 106 180 0 0
95 107 180 0 0
96 107 179 0 0
97 107 178 0 0
98 108 178 0 0
99 108 177 0 0
100 109 177 0 0
101 109 176 0 0
102 110 176 0 0
103 110 175 0 0
104 111 175 0 0
105 111 174 0 0
106 112 174 0 0
107 112 173 0 0
108 113 173 0 0
109 113 172 0 0
110 114 172 0 0
111 114 171 0 0
112 115 171 0 0
113 115 170 0 0
114 116 170 0 0
115 116 169 0 0
116 117 169 0 0
117 117 168 0 0
118 118 168 0 0
119 118 167 0 0
120 119 167 0 0
121 119 166 0 0
122 120 166 0 0
123 120 165 0 0
124 121 165 0 0
125 121 164 0 0
126 122 164 0 0
127 122 163 0 0
128 123 163 0 0
129 124 163 0 0
130 125 163 0 0
131 125 162 0 0
132 126 162 0 0
133 127 162 0 0
134 128 162 0 0
135 128 161 0 0
136 129 161 0 0
137 130 161 0 0
138 131 161 0 0
139 131 160 0 0
140 132 160 0 0
141 133 160 0 0
142 134 160 0 0
143 134 159 0 0
144 135 159 0 0
145 136 159 0 0
146 136 158 0 0
147 137 158 0 0
148 138 158 0 0
149 139 158 0 0
150 139 157 0 0
151 140 157 0 0
152 141 157 0 0
153 142 157 0 0
154 142 156 0 0
155 143 156 0 0
156 144 156 0 0
157 144 155 0 0
158 145 155 0 0
159 146 155 0 0
160 147 155 0 0
161 147 154 0 0
162 148 154 0 0
163 149 154 0 0
164 150 154 0 0
165 150 153 0 0
166 151 153 0 0
167 152 153 0 0
168 152 152 0 0
169 153 152 0 0
170 154 152 0 0
