0 185 64 0 0
1 185 63 0 0
2 186 63 0 0
3 187 63 0 0
4 188 63 0 0
5 189 63 0 0
6 190 63 0 0
7 191 63 0 0
8 191 62 0 0
9 192 62 0 0
10 193 62 0 0
11 194 62 0 0
12 195 62 0 0
13 196 62 0 0
14 197 62 0 0
15 198 62 0 0
16 199 62 0 0
17 200 62 0 0
18 201 62 0 0
19 202 62 0 0
20 202 61 0 0
21 203 61 0 0
22 204 61 0 0
23 205 61 0 0
24 206 61 0 0
25 207 61 0 0
26 208 61 0 0
27 209 61 0 0
28 209 60 0 0
29 210 60 0 0
30 211 60 0 0
31 212 60 0 0
32 213 60 0 0
33 212 60 0 0
34 211 60 0 0
35 211 61 0 0
36 210 61 0 0
37 209 61 0 0
38 208 61 0 0
39 207 61 0 0
40 206 61 0 0
41 206 60 0 0
42 205 60 0 0
43 204 60 0 0
44 203 60 0 0
45 202 60 0 0
46 201 60 0 0
47 200 60 0 0
48 199 60 0 0
49 199 61 0 0
50 198 61 0 0
51 197 61 0 0
52 197 62 0 0
53 196 62 0 0
54 195 62 0 0
55 195 63 0 0
56 194 63 0 0
57 193 63 0 0
58 192 63 0 0
59 191 63 0 0
60 190 63 0 0
61 189 63 0 0
62 188 63 0 0
63 187 63 0 0
64 186 63 0 0
65 185 63 0 0
66 184 63 0 0
67 183 63 0 0
68 183 62 0 0
69 182 62 0 0
70 181 62 0 0
71 180 62 0 0
72 179 62 0 0
73 178 62 0 0
74 177 62 0 0
75 176 62 0 0
76 175 62 0 0
77 174 62 0 0
78 173 62 0 0
79 172 62 0 0
80 171 62 0 0
81 170 62 0 0
82 169 62 0 0
83 168 62 0 0
84 167 62 0 0
85 167 61 0 0
86 166 61 0 0
87 165 61 0 0
88 164 61 0 0
89 163 61 0 0
90 162 61 0 0
91 161 61 0 0
92 160 61 0 0
93 159 61 0 0
94 158 61 0 0
95 157 61 0 0
96 156 61 0 0
97 155 61 0 0
98 154 61 0 0
99 153 61 0 0
100 153 62 0 0
101 153 61 0 0
102 152 61 0 0
103 151 61 0 0
104 150 61 0 0
105 149 61 0 0
106 148 61 0 0
107 148 60 0 0
108 147 60 0 0
109 146 60 0 0
110 145 60 0 0
111 144 60 0 0
112 144 59 0 0
113 143 59 0 0
114 143 58 0 0
115 142 58 0 0
116 141 58 0 0
117 141 59 0 0
118 140 59 0 0
119 140 60 0 0
120 139 60 0 0
121 139 61 0 0
122 138 61 0 0
123 137 61 0 0
124 136 61 0 0
125 135 61 0 0
126 134 61 0 0
127 134 60 0 0
128 133 60 0 0
129 132 60 0 0
130 131 60 0 0
131 130 60 0 0
132 129 60 0 0
133 128 60 0 0
134 127 60 0 0
135 126 60 0 0
136 125 60 0 0
137 124 60 0 0
138 124 61 0 0
139 123 61 0 0
140 122 61 0 0
141 122 62 0 0
142 121 62 0 0
143 120 62 0 0
144 119 62 0 0
145 118 62 0 0
146 117 62 0 0
147 117 63 0 0
148 116 63 0 0
149 115 63 0 0
150 115 64 0 0
151 114 64 0 0
152 114 65 0 0
153 113 65 0 0
154 112 65 0 0
155 111 65 0 0
156 111 66 0 0
157 110 66 0 0
158 109 66 0 0
159 108 66 0 0
160 107 66 0 0
161 107 67 0 0
162 106 67 0 0
163 105 67 0 0
164 104 67 0 0
165 104 68 0 0
166 103 68 0 0
167 102 68 0 0
168 101 68 0 0
169 100 68 0 0
170 99 68 0 0
171 99 69 0 0
172 98 69 0 0
173 97 69 0 0
174 96 69 0 0
175 96 70 0 0
176 95 70 0 0
177 94 70 0 0
178 94 71 0 0
179 93 71 0 0
180 93 72 0 0
181 93 73 0 0
182 92 73 0 0
183 91 73 0 0
184 91 74 0 0
185 90 74 0 0
186 90 75 0 0
187 90 76 0 0
188 90 77 0 0
189 90 78 0 0
190 90 79 0 0
191 90 80 0 0
192 89 80 0 0
193 88 80 0 0
194 88 81 0 0
195 88 82 0 0
196 88 83 0 0
197 87 83 0 0
198 87 84 0 0
199 87 85 0 0
200 87 86 0 0
201 86 86 0 0
202 86 87 0 0
203 86 88 0 0
204 86 89 0 0
205 86 90 0 0
206 86 91 0 0
207 86 92 0 0
208 86 93 0 0
209 85 93 0 0
210 85 94 0 0
211 85 95 0 0
212 85 96 0 0
213 84 96 0 0
214 84 97 0 0
215 84 98 0 0
216 84 99 0 0
217 83 99 0 0
218 83 100 0 0
219 83 101 0 0
220 83 102 0 0
221 83 103 0 0
222 82 103 0 0
223 82 104 0 0
224 82 105 0 0
225 82 106 0 0
226 82 107 0 0
227 82 108 0 0
228 82 109 0 0
229 82 110 0 0
230 82 111 0 0
231 82 112 0 0
232 81 112 0 0
233 81 113 0 0
234 81 114 0 0
235 81 115 0 0
236 81 116 0 0
237 81 117 0 0
238 81 118 0 0
239 81 119 0 0
240 81 120 0 0
241 81 121 0 0
242 81 122 0 0
243 81 123 0 0
244 82 123 0 0
245 82 124 0 0
246 82 125 0 0
247 82 126 0 0
248 82 127 0 0
249 82 128 0 0
250 82 129 0 0
251 82 130 0 0
252 82 131 0 0
253 82 132 0 0
254 82 133 0 0
255 82 134 0 0
256 82 135 0 0
257 82 136 0 0
258 83 136 0 0
259 83 137 0 0
260 83 138 0 0
261 83 139 0 0
262 83 140 0 0
263 83 141 0 0
264 83 142 0 0
265 83 143 0 0
266 83 144 0 0
267 83 145 0 0
268 83 146 0 0
269 83 147 0 0
270 83 148 0 0
271 83 149 0 0
272 83 150 0 0
273 83 151 0 0
274 83 152 0 0
275 83 153 0 0
276 83 154 0 0
277 83 155 0 0
278 83 156 0 0
279 84 156 0 0
280 84 157 0 0
281 84 158 0 0
282 84 159 0 0
283 84 160 0 0
284 84 161 0 0
285 84 162 0 0
286 84 163 0 0
287 84 164 0 0
288 84 165 0 0
289 84 166 0 0
290 85 166 0 0
291 85 167 0 0
292 85 168 0 0
293 85 169 0 0
294 85 170 0 0
295 85 171 0 0
296 85 172 0 0
297 85 173 0 0
298 85 174 0 0
299 85 175 0 0
300 85 176 0 0
301 85 177 0 0
302 85 178 0 0
303 85 179 0 0
304 85 180 0 0
305 85 181 0 0
306 85 182 0 0
307 85 183 0 0
308 85 184 0 0
309 85 185 0 0
310 85 186 0 0
311 85 187 0 0
312 85 188 0 0
313 85 189 0 0
314 85 190 0 0
315 85 191 0 0
316 85 192 0 0
317 85 193 0 0
318 85 194 0 0
319 85 195 0 0
320 86 195 0 0
321 86 196 0 0
322 86 197 0 0
323 86 198 0 0
324 86 199 0 0
325 86 200 0 0
326 86 201 0 0
327 86 202 0 0
328 86 203 0 0
329 86 204 0 0
330 86 205 0 0
331 86 206 0 0
332 86 207 0 0
333 86 208 0 0
334 87 208 0 0
335 87 209 0 0
336 87 210 0 0
337 87 211 0 0
338 87 212 0 0
339 87 213 0 0
340 87 214 0 0
341 88 214 0 0
342 88 215 0 0
343 88 216 0 0
344 88 217 0 0
345 88 218 0 0
346 88 219 0 0
347 89 219 0 0
348 89 220 0 0
349 89 221 0 0
350 89 222 0 0
351 89 223 0 0
352 90 223 0 0
353 90 224 0 0
354 89 224 0 0
355 89 225 0 0
356 89 226 0 0
357 90 226 0 0
358 90 227 0 0
359 90 228 0 0
360 90 229 0 0
361 90 230 0 0
362 90 231 0 0
363 91 231 0 0
364 91 232 0 0
365 91 233 0 0
366 91 234 0 0
367 91 235 0 0
368 91 236 0 0
369 91 237 0 0
370 92 237 0 0
371 92 238 0 0
372 92 239 0 0
373 92 240 0 0
374 93 240 0 0
375 93 241 0 0
376 93 242 0 0
377 94 242 0 0
378 94 243 0 0
379 94 244 0 0
380 94 245 0 0
381 94 246 0 0
382 94 247 0 0
383 94 248 0 0
384 94 249 0 0
385 94 250 0 0
386 95 250 0 0
387 95 251 0 0
388 95 252 0 0
389 95 253 0 0
390 95 254 0 0
391 95 255 0 0
392 95 256 0 0
393 95 257 0 0
394 95 258 0 0
395 95 259 0 0
396 95 260 0 0
397 95 261 0 0
398 95 262 0 0
399 96 262 0 0
400 96 263 0 0
401 96 264 0 0
402 96 265 0 0
403 96 266 0 0
404 96 267 0 0
405 96 268 0 0
406 96 269 0 0
407 96 270 0 0
408 96 271 0 0
409 96 272 0 0
