0 109 196 0 0
1 108 196 0 0
2 108 197 0 0
3 107 197 0 0
4 106 197 0 0
5 106 198 0 0
6 105 198 0 0
7 105 199 0 0
8 104 199 0 0
9 104 200 0 0
10 103 200 0 0
11 102 200 0 0
12 102 201 0 0
13 101 201 0 0
14 100 201 0 0
15 100 202 0 0
16 99 202 0 0
17 98 202 0 0
18 98 203 0 0
19 97 203 0 0
20 96 203 0 0
21 96 204 0 0
22 95 204 0 0
23 94 204 0 0
24 94 205 0 0
25 94 206 0 0
26 93 206 0 0
27 93 207 0 0
28 92 207 0 0
29 92 208 0 0
30 92 209 0 0
31 91 209 0 0
32 91 210 0 0
33 90 210 0 0
34 90 211 0 0
35 90 212 0 0
36 89 212 0 0
37 89 213 0 0
38 88 213 0 0
39 88 214 0 0
40 88 215 0 0
41 87 215 0 0
42 87 216 0 0
43 86 216 0 0
44 86 217 0 0
45 85 217 0 0
46 85 218 0 0
47 85 219 0 0
48 84 219 0 0
49 84 220 0 0
50 84 221 0 0
51 84 222 0 0
52 84 223 0 0
53 84 224 0 0
54 84 225 0 0
55 84 226 0 0
56 84 227 0 0
57 84 228 0 0
58 84 229 0 0
59 84 230 0 0
60 84 231 0 0
61 84 232 0 0
62 84 233 0 0
63 84 234 0 0
64 84 235 0 0
65 84 236 0 0
66 84 237 0 0
67 84 238 0 0
68 84 239 0 0
69 84 240 0 0
70 84 241 0 0
71 84 242 0 0
72 84 243 0 0
73 84 244 0 0
74 84 245 0 0
75 84 246 0 0
76 84 247 0 0
77 84 248 0 0
78 84 249 0 0
79 84 250 0 0
80 84 251 0 0
81 84 252 0 0
82 84 253 0 0
83 84 254 0 0
84 84 255 0 0
85 84 256 0 0
86 84 257 0 0
87 84 258 0 0
88 84 259 0 0
89 84 260 0 0
90 84 261 0 0
91 84 262 0 0
92 84 263 0 0
93 84 264 0 0
94 84 265 0 0
95 84 266 0 0
96 84 267 0 0
97 84 268 0 0
98 84 269 0 0
99 84 270 0 0
100 84 271 0 0
