0 100 263 0 0
1 100 262 0 0
2 100 261 0 0
3 100 260 0 0
4 100 259 0 0
5 100 258 0 0
6 100 257 0 0
7 100 256 0 0
8 100 255 0 0
9 100 254 0 0
10 100 253 0 0
11 100 252 0 0
12 100 251 0 0
13 100 250 0 0
14 100 249 0 0
15 101 249 0 0
16 101 248 0 0
17 101 247 0 0
18 101 246 0 0
19 101 245 0 0
20 101 244 0 0
21 101 243 0 0
22 101 242 0 0
23 101 241 0 0
24 101 240 0 0
25 101 239 0 0
26 101 238 0 0
27 101 237 0 0
28 101 236 0 0
29 101 235 0 0
30 101 234 0 0
31 101 233 0 0
32 101 232 0 0
33 101 231 0 0
34 101 230 0 0
35 101 229 0 0
36 101 228 0 0
37 101 227 0 0
38 101 226 0 0
39 101 225 0 0
40 101 224 0 0
41 101 223 0 0
42 101 222 0 0
43 101 221 0 0
44 101 220 0 0
45 101 219 0 0
46 101 218 0 0
47 101 217 0 0
48 101 216 0 0
49 101 215 0 0
50 102 215 0 0
51 102 214 0 0
52 102 213 0 0
53 102 212 0 0
54 102 211 0 0
55 102 210 0 0
56 102 209 0 0
57 102 208 0 0
58 102 207 0 0
59 102 206 0 0
60 102 205 0 0
61 102 204 0 0
62 102 203 0 0
63 102 202 0 0
64 102 201 0 0
65 102 200 0 0
66 102 199 0 0
67 102 198 0 0
68 103 198 0 0
69 103 197 0 0
70 103 196 0 0
71 103 195 0 0
72 103 194 0 0
73 103 193 0 0
74 103 192 0 0
75 104 192 0 0
76 104 191 0 0
77 104 190 0 0
78 105 190 0 0
79 105 189 0 0
80 105 188 0 0
81 106 188 0 0
82 106 187 0 0
83 106 186 0 0
84 106 185 0 0
85 107 185 0 0
86 107 184 0 0
87 107 183 0 0
88 108 183 0 0
89 108 182 0 0
90 108 181 0 0
91 108 180 0 0
92 109 180 0 0
93 109 179 0 0
94 109 178 0 0
95 110 178 0 0
96 110 177 0 0
97 111 177 0 0
98 111 176 0 0
99 112 176 0 0
100 112 175 0 0
101 113 175 0 0
102 113 174 0 0
103 114 174 0 0
104 114 173 0 0
105 115 173 0 0
106 115 172 0 0
107 116 172 0 0
108 116 171 0 0
109 117 171 0 0
110 117 170 0 0
111 118 170 0 0
112 118 169 0 0
113 119 169 0 0
114 119 168 0 0
115 120 168 0 0
116 120 167 0 0
117 121 167 0 0
118 121 166 0 0
119 122 166 0 0
120 122 165 0 0
121 123 165 0 0
122 124 165 0 0
123 124 164 0 0
124 125 164 0 0
125 126 164 0 0
126 126 163 0 0
127 127 163 0 0
128 127 162 0 0
129 128 162 0 0
130 129 162 0 0
131 130 162 0 0
132 130 161 0 0
133 131 161 0 0
134 132 161 0 0
135 132 160 0 0
136 133 160 0 0
137 134 160 0 0
138 134 159 0 0
139 135 159 0 0
140 136 159 0 0
141 136 158 0 0
142 137 158 0 0
143 138 158 0 0
144 138 157 0 0
145 139 157 0 0
146 140 157 0 0
147 140 156 0 0
148 141 156 0 0
149 142 156 0 0
150 142 155 0 0
151 143 155 0 0
152 144 155 0 0
153 144 154 0 0
154 145 154 0 0
155 146 154 0 0
156 146 153 0 0
157 147 153 0 0
158 148 153 0 0
159 149 153 0 0
160 150 153 0 0
161 151 153 0 0
162 152 153 0 0
163 153 153 0 0
164 154 153 0 0
165 155 153 0 0
166 156 153 0 0
167 157 153 0 0
168 158 153 0 0
169 159 153 0 0
170 160 153 0 0
171 161 153 0 0
172 162 153 0 0
173 163 153 0 0
174 163 154 0 0
175 164 154 0 0
176 165 154 0 0
177 166 154 0 0
178 167 154 0 0
179 168 154 0 0
180 169 154 0 0
181 170 154 0 0
182 171 154 0 0
183 172 154 0 0
184 173 154 0 0
185 174 154 0 0
186 175 154 0 0
187 176 154 0 0
188 177 154 0 0
189 178 154 0 0
190 179 154 0 0
191 180 154 0 0
192 181 154 0 0
193 182 154 0 0
194 183 154 0 0
195 184 154 0 0
196 185 154 0 0
197 186 154 0 0
198 187 154 0 0
199 188 154 0 0
200 189 154 0 0
201 190 154 0 0
202 191 154 0 0
203 192 154 0 0
204 193 154 0 0
205 194 154 0 0
206 195 154 0 0
207 196 154 0 0
208 197 154 0 0
