0 45 172 0 0
1 46 172 0 0
2 46 173 0 0
3 47 173 0 0
4 47 174 0 0
5 48 174 0 0
6 48 175 0 0
7 49 175 0 0
8 49 176 0 0
9 50 176 0 0
10 50 177 0 0
11 50 178 0 0
12 51 178 0 0
13 51 179 0 0
14 52 179 0 0
15 52 180 0 0
16 53 180 0 0
17 53 181 0 0
18 54 181 0 0
19 54 182 0 0
20 55 182 0 0
21 55 183 0 0
22 56 183 0 0
23 56 184 0 0
24 57 184 0 0
25 57 185 0 0
26 58 185 0 0
27 58 186 0 0
28 59 186 0 0
29 59 187 0 0
30 60 187 0 0
31 60 188 0 0
32 61 188 0 0
33 61 189 0 0
34 62 189 0 0
35 62 190 0 0
36 63 190 0 0
37 63 191 0 0
38 64 191 0 0
39 64 192 0 0
40 65 192 0 0
41 65 193 0 0
42 66 193 0 0
43 66 194 0 0
44 67 194 0 0
45 67 195 0 0
46 68 195 0 0
47 68 196 0 0
48 69 196 0 0
49 70 196 0 0
50 70 197 0 0
51 71 197 0 0
52 71 198 0 0
53 72 198 0 0
54 72 199 0 0
55 73 199 0 0
56 74 199 0 0
57 74 200 0 0
58 75 200 0 0
59 75 201 0 0
60 76 201 0 0
61 76 202 0 0
62 77 202 0 0
63 77 203 0 0
64 78 203 0 0
65 78 204 0 0
66 78 205 0 0
67 79 205 0 0
68 79 206 0 0
69 80 206 0 0
70 80 207 0 0
71 81 207 0 0
72 81 208 0 0
73 82 208 0 0
74 82 209 0 0
75 83 209 0 0
76 83 210 0 0
77 84 210 0 0
78 84 211 0 0
79 85 211 0 0
80 85 212 0 0
81 85 213 0 0
82 86 213 0 0
83 87 213 0 0
84 88 213 0 0
85 88 214 0 0
86 89 214 0 0
87 90 214 0 0
88 91 214 0 0
89 91 215 0 0
90 92 215 0 0
91 92 216 0 0
92 93 216 0 0
93 94 216 0 0
94 95 216 0 0
95 96 216 0 0
96 97 216 0 0
97 97 217 0 0
98 98 217 0 0
99 99 217 0 0
100 100 217 0 0
101 101 217 0 0
102 101 218 0 0
103 102 218 0 0
104 103 218 0 0
105 104 218 0 0
106 104 219 0 0
107 105 219 0 0
108 105 220 0 0
109 106 220 0 0
110 106 221 0 0
111 107 221 0 0
112 107 222 0 0
113 108 222 0 0
114 108 223 0 0
115 108 224 0 0
116 109 224 0 0
117 109 225 0 0
118 110 225 0 0
119 110 226 0 0
120 110 227 0 0
121 109 227 0 0
122 109 228 0 0
123 109 229 0 0
124 109 230 0 0
125 108 230 0 0
126 108 231 0 0
127 108 232 0 0
128 108 233 0 0
129 108 234 0 0
130 108 235 0 0
131 108 236 0 0
132 108 237 0 0
133 108 238 0 0
134 108 239 0 0
135 107 239 0 0
136 107 240 0 0
137 107 241 0 0
138 107 242 0 0
139 107 243 0 0
140 107 244 0 0
141 107 245 0 0
142 107 246 0 0
143 107 247 0 0
144 107 248 0 0
145 107 249 0 0
146 107 250 0 0
147 107 251 0 0
148 107 252 0 0
149 107 253 0 0
150 107 254 0 0
151 107 255 0 0
152 107 256 0 0
153 107 257 0 0
154 107 258 0 0
155 107 259 0 0
156 108 259 0 0
157 108 260 0 0
158 107 260 0 0
159 107 261 0 0
160 107 262 0 0
161 107 263 0 0
162 107 264 0 0
163 107 265 0 0
164 107 266 0 0
165 107 267 0 0
166 107 268 0 0
167 107 269 0 0
168 107 270 0 0
169 107 271 0 0
