0 194 115 0 0
1 193 115 0 0
2 192 115 0 0
3 191 115 0 0
4 190 115 0 0
5 189 115 0 0
6 188 115 0 0
7 187 115 0 0
8 186 115 0 0
9 185 115 0 0
10 184 115 0 0
11 183 115 0 0
12 182 115 0 0
13 181 115 0 0
14 180 115 0 0
15 180 116 0 0
16 179 116 0 0
17 178 116 0 0
18 177 116 0 0
19 176 116 0 0
20 175 116 0 0
21 174 116 0 0
22 173 116 0 0
23 172 116 0 0
24 171 116 0 0
25 171 117 0 0
26 170 117 0 0
27 169 117 0 0
28 169 118 0 0
29 168 118 0 0
30 167 118 0 0
31 167 119 0 0
32 166 119 0 0
33 165 119 0 0
34 164 119 0 0
35 163 119 0 0
36 163 120 0 0
37 162 120 0 0
38 161 120 0 0
39 161 121 0 0
40 160 121 0 0
41 159 121 0 0
42 159 122 0 0
43 158 122 0 0
44 157 122 0 0
45 156 122 0 0
46 156 123 0 0
47 155 123 0 0
48 154 123 0 0
49 154 124 0 0
50 153 124 0 0
51 153 125 0 0
52 152 125 0 0
53 151 125 0 0
54 150 125 0 0
55 150 126 0 0
56 149 126 0 0
57 148 126 0 0
58 148 127 0 0
59 147 127 0 0
60 147 128 0 0
61 146 128 0 0
62 145 128 0 0
63 145 129 0 0
64 144 129 0 0
65 143 129 0 0
66 143 130 0 0
67 142 130 0 0
68 141 130 0 0
69 140 130 0 0
70 140 131 0 0
71 139 131 0 0
72 138 131 0 0
73 138 132 0 0
74 137 132 0 0
75 137 133 0 0
76 136 133 0 0
77 135 133 0 0
78 135 132 0 0
79 134 132 0 0
80 134 131 0 0
81 133 131 0 0
82 132 131 0 0
83 132 130 0 0
84 131 130 0 0
85 130 130 0 0
86 129 130 0 0
87 129 129 0 0
88 128 129 0 0
89 128 128 0 0
90 127 128 0 0
91 126 128 0 0
92 125 128 0 0
93 125 127 0 0
94 124 127 0 0
95 124 126 0 0
96 123 126 0 0
97 122 126 0 0
98 122 125 0 0
99 121 125 0 0
100 120 125 0 0
101 120 124 0 0
102 119 124 0 0
103 119 123 0 0
104 118 123 0 0
105 117 123 0 0
106 117 122 0 0
107 116 122 0 0
108 115 122 0 0
109 115 121 0 0
110 114 121 0 0
111 114 120 0 0
112 113 120 0 0
113 113 119 0 0
114 112 119 0 0
115 111 119 0 0
116 111 118 0 0
117 110 118 0 0
118 109 118 0 0
119 108 118 0 0
120 108 117 0 0
121 108 116 0 0
122 107 116 0 0
123 106 116 0 0
124 106 115 0 0
125 105 115 0 0
126 104 115 0 0
127 104 114 0 0
128 103 114 0 0
129 102 114 0 0
130 102 113 0 0
131 101 113 0 0
132 100 113 0 0
133 99 113 0 0
134 98 113 0 0
135 97 113 0 0
136 96 113 0 0
137 95 113 0 0
138 95 114 0 0
139 94 114 0 0
140 93 114 0 0
141 92 114 0 0
142 91 114 0 0
143 90 114 0 0
144 89 114 0 0
145 88 114 0 0
146 87 114 0 0
147 86 114 0 0
148 86 115 0 0
149 85 115 0 0
150 84 115 0 0
151 84 116 0 0
152 83 116 0 0
153 82 116 0 0
154 82 117 0 0
155 81 117 0 0
156 80 117 0 0
157 79 117 0 0
158 79 118 0 0
159 78 118 0 0
160 77 118 0 0
161 77 119 0 0
162 76 119 0 0
163 76 120 0 0
164 75 120 0 0
165 75 121 0 0
166 75 122 0 0
167 75 123 0 0
168 75 124 0 0
169 74 124 0 0
170 74 125 0 0
171 74 126 0 0
172 74 127 0 0
173 73 127 0 0
174 73 128 0 0
175 73 129 0 0
176 72 129 0 0
177 72 130 0 0
178 72 131 0 0
179 72 132 0 0
180 71 132 0 0
181 71 133 0 0
182 71 134 0 0
183 71 135 0 0
184 70 135 0 0
185 70 136 0 0
186 70 137 0 0
187 70 138 0 0
188 69 138 0 0
189 69 139 0 0
190 69 140 0 0
191 69 141 0 0
192 69 142 0 0
193 69 143 0 0
194 69 144 0 0
195 70 144 0 0
196 70 145 0 0
197 70 146 0 0
198 70 147 0 0
199 70 148 0 0
200 70 149 0 0
201 70 150 0 0
202 71 150 0 0
203 71 151 0 0
204 71 152 0 0
205 71 153 0 0
206 71 154 0 0
207 71 155 0 0
208 71 156 0 0
209 71 157 0 0
210 72 157 0 0
211 72 158 0 0
212 72 159 0 0
213 72 160 0 0
214 72 161 0 0
215 72 162 0 0
216 72 163 0 0
217 73 163 0 0
218 73 164 0 0
219 73 165 0 0
220 73 166 0 0
221 73 167 0 0
222 73 168 0 0
223 73 169 0 0
224 74 169 0 0
225 74 170 0 0
226 74 171 0 0
227 74 172 0 0
228 74 173 0 0
229 74 174 0 0
230 74 175 0 0
231 75 175 0 0
232 75 176 0 0
233 75 177 0 0
234 75 178 0 0
235 75 179 0 0
236 75 180 0 0
237 75 181 0 0
238 75 182 0 0
239 75 183 0 0
240 75 184 0 0
241 75 185 0 0
242 76 185 0 0
243 76 186 0 0
244 76 187 0 0
245 76 188 0 0
246 76 189 0 0
247 76 190 0 0
248 76 191 0 0
249 76 192 0 0
250 76 193 0 0
251 77 193 0 0
252 77 194 0 0
253 77 195 0 0
254 77 196 0 0
255 77 197 0 0
256 77 198 0 0
257 77 199 0 0
258 77 200 0 0
259 77 201 0 0
260 77 202 0 0
261 77 203 0 0
262 78 203 0 0
263 78 204 0 0
264 78 205 0 0
265 78 206 0 0
266 78 207 0 0
267 78 208 0 0
268 78 209 0 0
269 78 210 0 0
270 78 211 0 0
271 78 212 0 0
272 79 212 0 0
273 79 213 0 0
274 79 214 0 0
275 79 215 0 0
276 79 216 0 0
277 79 217 0 0
278 79 218 0 0
279 79 219 0 0
280 79 220 0 0
281 79 221 0 0
282 79 222 0 0
283 79 223 0 0
284 79 224 0 0
285 79 225 0 0
286 79 226 0 0
287 79 227 0 0
288 79 228 0 0
289 79 229 0 0
290 79 230 0 0
291 79 231 0 0
292 79 232 0 0
293 79 233 0 0
294 79 234 0 0
295 79 235 0 0
296 79 236 0 0
297 79 237 0 0
298 79 238 0 0
299 79 239 0 0
300 79 240 0 0
301 79 241 0 0
302 79 242 0 0
303 79 243 0 0
304 79 244 0 0
305 79 245 0 0
306 79 246 0 0
307 79 247 0 0
308 79 248 0 0
309 79 249 0 0
310 79 250 0 0
311 79 251 0 0
312 78 251 0 0
313 78 252 0 0
314 78 253 0 0
315 78 254 0 0
316 78 255 0 0
317 78 256 0 0
318 78 257 0 0
319 78 258 0 0
320 78 259 0 0
321 78 260 0 0
322 78 261 0 0
323 78 262 0 0
324 78 263 0 0
325 78 264 0 0
326 78 265 0 0
327 78 266 0 0
328 78 267 0 0
329 78 268 0 0
330 78 269 0 0
