0 101 265 0 0
1 101 264 0 0
2 101 263 0 0
3 101 262 0 0
4 101 261 0 0
5 101 260 0 0
6 101 259 0 0
7 101 258 0 0
8 101 257 0 0
9 101 256 0 0
10 101 255 0 0
11 101 254 0 0
12 101 253 0 0
13 101 252 0 0
14 101 251 0 0
15 101 250 0 0
16 101 249 0 0
17 101 248 0 0
18 101 247 0 0
19 101 246 0 0
20 101 245 0 0
21 101 244 0 0
22 101 243 0 0
23 101 242 0 0
24 101 241 0 0
25 101 240 0 0
26 101 239 0 0
27 101 238 0 0
28 101 237 0 0
29 101 236 0 0
30 101 235 0 0
31 101 234 0 0
32 101 233 0 0
33 101 232 0 0
34 101 231 0 0
35 101 230 0 0
36 101 229 0 0
37 101 228 0 0
38 101 227 0 0
39 101 226 0 0
40 101 225 0 0
41 101 224 0 0
42 101 223 0 0
43 101 222 0 0
44 101 221 0 0
45 101 220 0 0
46 101 219 0 0
47 101 218 0 0
48 101 217 0 0
49 101 216 0 0
50 101 215 0 0
51 101 214 0 0
52 101 213 0 0
53 101 212 0 0
54 101 211 0 0
55 101 210 0 0
56 101 209 0 0
57 101 208 0 0
58 102 208 0 0
59 102 207 0 0
60 102 206 0 0
61 102 205 0 0
62 102 204 0 0
63 102 203 0 0
64 102 202 0 0
65 102 201 0 0
66 102 200 0 0
67 102 199 0 0
68 102 198 0 0
69 103 198 0 0
70 103 197 0 0
71 103 196 0 0
72 103 195 0 0
73 103 194 0 0
74 103 193 0 0
75 103 192 0 0
76 103 191 0 0
77 103 190 0 0
78 104 190 0 0
79 104 189 0 0
80 104 188 0 0
81 104 187 0 0
82 104 186 0 0
83 105 186 0 0
84 105 185 0 0
85 105 184 0 0
86 105 183 0 0
87 106 183 0 0
88 106 182 0 0
89 106 181 0 0
90 107 181 0 0
91 107 180 0 0
92 107 179 0 0
93 107 178 0 0
94 108 178 0 0
95 108 177 0 0
96 109 177 0 0
97 109 176 0 0
98 109 175 0 0
99 110 175 0 0
100 110 174 0 0
101 111 174 0 0
102 111 173 0 0
103 111 172 0 0
104 112 172 0 0
105 112 171 0 0
106 112 170 0 0
107 113 170 0 0
108 113 169 0 0
109 113 168 0 0
110 113 167 0 0
111 114 167 0 0
112 114 166 0 0
113 114 165 0 0
114 114 164 0 0
115 114 163 0 0
116 114 162 0 0
117 114 161 0 0
118 114 160 0 0
119 115 160 0 0
120 115 159 0 0
121 115 158 0 0
122 115 157 0 0
123 115 156 0 0
124 115 155 0 0
125 116 155 0 0
126 116 154 0 0
127 116 153 0 0
128 116 152 0 0
129 116 151 0 0
130 116 150 0 0
131 116 149 0 0
132 115 149 0 0
133 115 148 0 0
134 115 147 0 0
135 115 146 0 0
136 115 145 0 0
137 114 145 0 0
138 114 144 0 0
139 114 143 0 0
140 114 142 0 0
141 114 141 0 0
142 114 140 0 0
143 113 140 0 0
144 113 139 0 0
145 113 138 0 0
146 113 137 0 0
147 113 136 0 0
148 112 136 0 0
149 112 135 0 0
150 112 134 0 0
151 112 133 0 0
152 112 132 0 0
153 112 131 0 0
154 111 131 0 0
155 111 130 0 0
156 111 129 0 0
157 110 129 0 0
158 110 128 0 0
159 110 127 0 0
160 109 127 0 0
161 109 126 0 0
162 109 125 0 0
163 108 125 0 0
164 108 124 0 0
165 108 123 0 0
166 107 123 0 0
167 107 122 0 0
168 107 121 0 0
169 106 121 0 0
170 106 120 0 0
171 106 119 0 0
172 105 119 0 0
173 105 118 0 0
174 105 117 0 0
175 104 117 0 0
176 104 116 0 0
177 104 115 0 0
178 103 115 0 0
179 103 114 0 0
180 103 113 0 0
181 103 112 0 0
182 102 112 0 0
183 102 111 0 0
184 101 111 0 0
185 101 110 0 0
186 100 110 0 0
187 100 109 0 0
188 100 108 0 0
189 99 108 0 0
190 99 107 0 0
191 98 107 0 0
192 98 106 0 0
193 97 106 0 0
194 97 105 0 0
195 97 104 0 0
196 96 104 0 0
197 96 103 0 0
198 95 103 0 0
199 95 102 0 0
200 94 102 0 0
201 94 101 0 0
202 94 100 0 0
203 93 100 0 0
204 92 100 0 0
205 92 99 0 0
206 91 99 0 0
207 91 98 0 0
208 91 97 0 0
209 90 97 0 0
210 90 96 0 0
211 89 96 0 0
212 88 96 0 0
213 87 96 0 0
214 87 95 0 0
215 86 95 0 0
216 85 95 0 0
217 84 95 0 0
218 84 94 0 0
219 83 94 0 0
220 83 93 0 0
221 82 93 0 0
222 81 93 0 0
223 80 93 0 0
224 80 92 0 0
225 79 92 0 0
226 78 92 0 0
227 77 92 0 0
228 77 91 0 0
229 76 91 0 0
230 75 91 0 0
231 74 91 0 0
232 74 90 0 0
233 73 90 0 0
234 72 90 0 0
235 71 90 0 0
236 71 91 0 0
237 70 91 0 0
238 69 91 0 0
239 68 91 0 0
240 68 92 0 0
241 67 92 0 0
242 66 92 0 0
243 65 92 0 0
244 65 93 0 0
245 64 93 0 0
246 63 93 0 0
247 63 94 0 0
248 62 94 0 0
249 61 94 0 0
250 61 95 0 0
251 60 95 0 0
252 59 95 0 0
253 59 96 0 0
254 58 96 0 0
255 57 96 0 0
256 56 96 0 0
257 56 97 0 0
258 55 97 0 0
259 54 97 0 0
260 54 98 0 0
261 53 98 0 0
262 53 99 0 0
263 52 99 0 0
264 52 100 0 0
265 51 100 0 0
266 50 100 0 0
267 50 101 0 0
268 50 102 0 0
269 49 102 0 0
270 48 102 0 0
271 48 103 0 0
272 47 103 0 0
273 47 104 0 0
274 46 104 0 0
275 45 104 0 0
276 45 105 0 0
277 44 105 0 0
278 44 106 0 0
279 43 106 0 0
280 43 107 0 0
281 42 107 0 0
282 42 108 0 0
283 41 108 0 0
284 40 108 0 0
285 40 109 0 0
286 40 110 0 0
287 39 110 0 0
288 38 110 0 0
289 38 111 0 0
290 37 111 0 0
291 37 112 0 0
292 36 112 0 0
293 36 113 0 0
294 36 114 0 0
295 35 114 0 0
296 35 115 0 0
297 34 115 0 0
298 34 116 0 0
299 34 117 0 0
300 33 117 0 0
301 33 118 0 0
302 32 118 0 0
303 32 119 0 0
304 31 119 0 0
305 31 120 0 0
306 31 121 0 0
307 30 121 0 0
308 30 122 0 0
309 29 122 0 0
310 29 123 0 0
311 28 123 0 0
312 28 124 0 0
313 28 125 0 0
314 27 125 0 0
315 27 126 0 0
316 26 126 0 0
317 26 127 0 0
318 25 127 0 0
319 25 128 0 0
320 24 128 0 0
321 24 129 0 0
322 24 130 0 0
323 23 130 0 0
