0 29 128 0 0
1 30 128 0 0
2 30 127 0 0
3 31 127 0 0
4 31 126 0 0
5 32 126 0 0
6 32 125 0 0
7 33 125 0 0
8 34 125 0 0
9 34 124 0 0
10 34 123 0 0
11 35 123 0 0
12 36 123 0 0
13 36 122 0 0
14 37 122 0 0
15 37 121 0 0
16 38 121 0 0
17 38 120 0 0
18 39 120 0 0
19 39 119 0 0
20 40 119 0 0
21 40 118 0 0
22 40 117 0 0
23 41 117 0 0
24 41 116 0 0
25 41 115 0 0
26 42 115 0 0
27 42 114 0 0
28 42 113 0 0
29 43 113 0 0
30 43 112 0 0
31 43 111 0 0
32 44 111 0 0
33 44 110 0 0
34 45 110 0 0
35 45 109 0 0
36 46 109 0 0
37 46 108 0 0
38 47 108 0 0
39 47 107 0 0
40 48 107 0 0
41 48 106 0 0
42 49 106 0 0
43 49 105 0 0
44 50 105 0 0
45 50 104 0 0
46 50 103 0 0
47 51 103 0 0
48 51 102 0 0
49 52 102 0 0
50 52 101 0 0
51 52 100 0 0
52 53 100 0 0
53 53 99 0 0
54 53 98 0 0
55 54 98 0 0
56 54 97 0 0
57 55 97 0 0
58 55 96 0 0
59 56 96 0 0
60 56 95 0 0
61 56 94 0 0
62 57 94 0 0
63 57 93 0 0
64 57 92 0 0
65 58 92 0 0
66 58 91 0 0
67 59 91 0 0
68 59 90 0 0
69 59 89 0 0
70 60 89 0 0
71 60 88 0 0
72 61 88 0 0
73 61 87 0 0
74 61 86 0 0
75 62 86 0 0
76 62 85 0 0
77 63 85 0 0
78 63 84 0 0
79 63 83 0 0
80 64 83 0 0
81 64 82 0 0
82 65 82 0 0
83 65 81 0 0
84 65 80 0 0
85 65 79 0 0
86 66 79 0 0
87 66 78 0 0
88 67 78 0 0
89 67 77 0 0
90 67 76 0 0
91 68 76 0 0
92 68 75 0 0
93 68 74 0 0
94 68 73 0 0
95 69 73 0 0
96 69 72 0 0
97 69 71 0 0
98 69 70 0 0
99 69 69 0 0
100 69 68 0 0
101 69 67 0 0
102 70 67 0 0
103 70 66 0 0
104 70 65 0 0
105 70 64 0 0
106 70 63 0 0
107 70 62 0 0
108 71 62 0 0
109 71 61 0 0
110 71 60 0 0
111 71 59 0 0
112 71 58 0 0
113 71 57 0 0
114 71 56 0 0
115 71 55 0 0
116 71 54 0 0
117 71 53 0 0
118 71 52 0 0
119 72 52 0 0
120 72 51 0 0
121 72 50 0 0
122 72 49 0 0
123 72 48 0 0
124 72 47 0 0
125 72 46 0 0
126 73 46 0 0
127 73 45 0 0
128 73 44 0 0
129 73 43 0 0
130 73 42 0 0
131 73 41 0 0
132 73 40 0 0
133 73 39 0 0
134 73 38 0 0
135 73 37 0 0
136 73 36 0 0
137 73 35 0 0
138 73 34 0 0
139 73 33 0 0
140 73 32 0 0
141 73 31 0 0
142 73 30 0 0
143 73 29 0 0
144 73 28 0 0
145 73 27 0 0
146 73 26 0 0
147 73 25 0 0
148 73 24 0 0
149 73 23 0 0
150 73 22 0 0
151 73 21 0 0
152 73 20 0 0
153 73 19 0 0
154 73 18 0 0
155 73 17 0 0
156 73 16 0 0
157 73 15 0 0
158 73 14 0 0
159 73 13 0 0
160 73 12 0 0
161 73 11 0 0
162 73 10 0 0
163 73 9 0 0
164 73 8 0 0
165 74 8 0 0
166 74 7 0 0
167 74 6 0 0
168 74 5 0 0
