0 198 65 0 0
1 197 65 0 0
2 196 65 0 0
3 195 65 0 0
4 194 65 0 0
5 193 65 0 0
6 192 65 0 0
7 192 66 0 0
8 191 66 0 0
9 190 66 0 0
10 189 66 0 0
11 189 65 0 0
12 188 65 0 0
13 187 65 0 0
14 186 65 0 0
15 185 65 0 0
16 184 65 0 0
17 183 65 0 0
18 182 65 0 0
19 181 65 0 0
20 180 65 0 0
21 180 66 0 0
22 179 66 0 0
23 178 66 0 0
24 177 66 0 0
25 177 67 0 0
26 176 67 0 0
27 175 67 0 0
28 175 68 0 0
29 175 67 0 0
30 174 67 0 0
31 173 67 0 0
32 172 67 0 0
33 171 67 0 0
34 171 66 0 0
35 170 66 0 0
36 169 66 0 0
37 168 66 0 0
38 167 66 0 0
39 167 65 0 0
40 166 65 0 0
41 165 65 0 0
42 164 65 0 0
43 163 65 0 0
44 162 65 0 0
45 161 65 0 0
46 161 64 0 0
47 160 64 0 0
48 159 64 0 0
49 158 64 0 0
50 157 64 0 0
51 156 64 0 0
52 155 64 0 0
53 154 64 0 0
54 153 64 0 0
55 152 64 0 0
56 152 63 0 0
57 151 63 0 0
58 150 63 0 0
59 149 63 0 0
60 148 63 0 0
61 147 63 0 0
62 146 63 0 0
63 145 63 0 0
64 145 64 0 0
65 144 64 0 0
66 143 64 0 0
67 143 65 0 0
68 142 65 0 0
69 141 65 0 0
70 141 66 0 0
71 140 66 0 0
72 139 66 0 0
73 138 66 0 0
74 137 66 0 0
75 136 66 0 0
76 135 66 0 0
77 134 66 0 0
78 134 65 0 0
79 133 65 0 0
80 132 65 0 0
81 131 65 0 0
82 131 64 0 0
83 130 64 0 0
84 129 64 0 0
85 128 64 0 0
86 127 64 0 0
87 127 65 0 0
88 126 65 0 0
89 125 65 0 0
90 124 65 0 0
91 123 65 0 0
92 122 65 0 0
93 122 66 0 0
94 121 66 0 0
95 120 66 0 0
96 120 67 0 0
97 119 67 0 0
98 118 67 0 0
99 117 67 0 0
100 117 68 0 0
101 116 68 0 0
102 116 69 0 0
103 115 69 0 0
104 114 69 0 0
105 113 69 0 0
106 112 69 0 0
107 111 69 0 0
108 110 69 0 0
109 109 69 0 0
110 109 70 0 0
111 108 70 0 0
112 107 70 0 0
113 106 70 0 0
114 105 70 0 0
115 104 70 0 0
116 104 71 0 0
117 103 71 0 0
118 102 71 0 0
119 101 71 0 0
120 100 71 0 0
121 99 71 0 0
122 99 72 0 0
123 98 72 0 0
124 97 72 0 0
125 96 72 0 0
126 95 72 0 0
127 95 73 0 0
128 95 74 0 0
129 94 74 0 0
130 94 75 0 0
131 94 74 0 0
132 95 74 0 0
133 94 74 0 0
134 93 74 0 0
135 92 74 0 0
136 92 75 0 0
137 91 75 0 0
138 90 75 0 0
139 90 76 0 0
140 89 76 0 0
141 89 77 0 0
142 88 77 0 0
143 87 77 0 0
144 87 78 0 0
145 86 78 0 0
146 85 78 0 0
147 85 79 0 0
148 84 79 0 0
149 84 80 0 0
150 83 80 0 0
151 83 81 0 0
152 82 81 0 0
153 82 82 0 0
154 81 82 0 0
155 81 83 0 0
156 81 84 0 0
157 80 84 0 0
158 80 85 0 0
159 79 85 0 0
160 79 86 0 0
161 79 87 0 0
162 78 87 0 0
163 78 88 0 0
164 77 88 0 0
165 76 88 0 0
166 76 89 0 0
167 76 90 0 0
168 75 90 0 0
169 75 91 0 0
170 74 91 0 0
171 73 91 0 0
172 73 92 0 0
173 72 92 0 0
174 72 93 0 0
175 72 94 0 0
176 71 94 0 0
177 71 95 0 0
178 70 95 0 0
179 70 96 0 0
180 69 96 0 0
181 69 97 0 0
182 69 98 0 0
183 68 98 0 0
184 67 98 0 0
185 66 98 0 0
186 65 98 0 0
187 65 99 0 0
188 64 99 0 0
189 63 99 0 0
190 62 99 0 0
191 62 100 0 0
192 61 100 0 0
193 61 101 0 0
194 60 101 0 0
195 60 102 0 0
196 59 102 0 0
197 59 103 0 0
198 58 103 0 0
199 58 104 0 0
200 57 104 0 0
201 57 105 0 0
202 56 105 0 0
203 56 106 0 0
204 55 106 0 0
205 55 107 0 0
206 54 107 0 0
207 54 108 0 0
208 53 108 0 0
209 53 109 0 0
210 52 109 0 0
211 52 110 0 0
212 51 110 0 0
213 51 111 0 0
214 50 111 0 0
215 49 111 0 0
216 48 111 0 0
217 47 111 0 0
218 46 111 0 0
219 45 111 0 0
220 45 112 0 0
221 44 112 0 0
222 43 112 0 0
223 42 112 0 0
224 41 112 0 0
225 40 112 0 0
226 39 112 0 0
227 38 112 0 0
228 37 112 0 0
229 36 112 0 0
230 35 112 0 0
231 34 112 0 0
232 33 112 0 0
233 32 112 0 0
234 32 113 0 0
235 31 113 0 0
236 30 113 0 0
237 29 113 0 0
238 28 113 0 0
239 28 114 0 0
240 27 114 0 0
241 26 114 0 0
242 26 115 0 0
243 25 115 0 0
244 24 115 0 0
245 23 115 0 0
246 22 115 0 0
247 21 115 0 0
248 20 115 0 0
249 19 115 0 0
250 18 115 0 0
251 17 115 0 0
252 16 115 0 0
253 15 115 0 0
254 14 115 0 0
255 13 115 0 0
256 12 115 0 0
257 11 115 0 0
258 10 115 0 0
259 10 116 0 0
260 10 115 0 0
261 9 115 0 0
262 8 115 0 0
263 7 115 0 0
264 6 115 0 0
265 5 115 0 0
266 4 115 0 0
267 3 115 0 0
