0 75 113 0 0
1 74 113 0 0
2 74 114 0 0
3 74 115 0 0
4 74 116 0 0
5 73 116 0 0
6 73 117 0 0
7 73 118 0 0
8 72 118 0 0
9 72 119 0 0
10 72 120 0 0
11 72 121 0 0
12 71 121 0 0
13 71 122 0 0
14 71 123 0 0
15 71 124 0 0
16 70 124 0 0
17 70 125 0 0
18 70 126 0 0
19 69 126 0 0
20 69 127 0 0
21 69 128 0 0
22 69 129 0 0
23 68 129 0 0
24 68 130 0 0
25 68 131 0 0
26 67 131 0 0
27 67 132 0 0
28 67 133 0 0
29 67 134 0 0
30 67 135 0 0
31 67 136 0 0
32 67 137 0 0
33 66 137 0 0
34 66 138 0 0
35 66 139 0 0
36 66 140 0 0
37 66 141 0 0
38 66 142 0 0
39 66 143 0 0
40 66 144 0 0
41 66 145 0 0
42 65 145 0 0
43 65 146 0 0
44 65 147 0 0
45 65 148 0 0
46 65 149 0 0
47 65 150 0 0
48 65 151 0 0
49 65 152 0 0
50 64 152 0 0
51 64 153 0 0
52 64 154 0 0
53 64 155 0 0
54 65 155 0 0
55 65 156 0 0
56 65 157 0 0
57 65 158 0 0
58 66 158 0 0
59 66 159 0 0
60 66 160 0 0
61 66 161 0 0
62 67 161 0 0
63 67 162 0 0
64 67 163 0 0
65 67 164 0 0
66 68 164 0 0
67 68 165 0 0
68 68 166 0 0
69 68 167 0 0
70 68 168 0 0
71 69 168 0 0
72 69 169 0 0
73 69 170 0 0
74 69 171 0 0
75 70 171 0 0
76 70 172 0 0
77 70 173 0 0
78 70 174 0 0
79 71 174 0 0
80 71 175 0 0
81 71 176 0 0
82 71 177 0 0
83 72 177 0 0
84 72 178 0 0
85 72 179 0 0
86 73 179 0 0
87 73 180 0 0
88 73 181 0 0
89 73 182 0 0
90 74 182 0 0
91 74 183 0 0
92 74 184 0 0
93 75 184 0 0
94 75 185 0 0
95 75 186 0 0
96 75 187 0 0
97 76 187 0 0
98 76 188 0 0
99 76 189 0 0
100 77 189 0 0
101 77 190 0 0
102 77 191 0 0
103 77 192 0 0
104 78 192 0 0
105 78 193 0 0
106 78 194 0 0
107 79 194 0 0
108 79 195 0 0
109 79 196 0 0
110 80 196 0 0
111 80 197 0 0
112 80 198 0 0
113 80 199 0 0
114 81 199 0 0
115 81 200 0 0
116 81 201 0 0
117 81 202 0 0
118 81 203 0 0
119 81 204 0 0
120 81 205 0 0
121 81 206 0 0
122 82 206 0 0
123 82 207 0 0
124 82 208 0 0
125 82 209 0 0
126 82 210 0 0
127 82 211 0 0
128 82 212 0 0
129 82 213 0 0
130 82 214 0 0
131 83 214 0 0
132 83 215 0 0
133 83 216 0 0
134 83 217 0 0
135 83 218 0 0
136 83 219 0 0
137 83 220 0 0
138 83 221 0 0
139 83 222 0 0
140 83 223 0 0
141 83 224 0 0
142 83 225 0 0
143 83 226 0 0
144 83 227 0 0
145 83 228 0 0
146 83 229 0 0
147 83 230 0 0
148 83 231 0 0
149 83 232 0 0
150 83 233 0 0
151 83 234 0 0
152 83 235 0 0
153 83 236 0 0
154 83 237 0 0
155 83 238 0 0
156 83 239 0 0
157 83 240 0 0
158 83 241 0 0
159 83 242 0 0
160 83 243 0 0
161 83 244 0 0
162 83 245 0 0
163 83 246 0 0
164 83 247 0 0
165 83 248 0 0
166 83 249 0 0
167 83 250 0 0
168 83 251 0 0
169 83 252 0 0
170 83 253 0 0
171 83 254 0 0
172 83 255 0 0
173 83 256 0 0
174 83 257 0 0
175 83 258 0 0
176 83 259 0 0
177 83 260 0 0
178 83 261 0 0
179 82 261 0 0
180 82 262 0 0
181 82 263 0 0
182 82 264 0 0
183 82 265 0 0
184 82 266 0 0
