0 65 97 0 0
1 65 96 0 0
2 66 96 0 0
3 67 96 0 0
4 67 95 0 0
5 68 95 0 0
6 68 94 0 0
7 69 94 0 0
8 69 93 0 0
9 70 93 0 0
10 71 93 0 0
11 71 92 0 0
12 72 92 0 0
13 72 91 0 0
14 73 91 0 0
15 73 90 0 0
16 74 90 0 0
17 75 90 0 0
18 75 89 0 0
19 76 89 0 0
20 76 88 0 0
21 77 88 0 0
22 78 88 0 0
23 79 88 0 0
24 80 88 0 0
25 81 88 0 0
26 82 88 0 0
27 83 88 0 0
28 84 88 0 0
29 85 88 0 0
30 86 88 0 0
31 87 88 0 0
32 88 88 0 0
33 89 88 0 0
34 90 88 0 0
35 91 88 0 0
36 92 88 0 0
37 93 88 0 0
38 93 89 0 0
39 94 89 0 0
40 95 89 0 0
41 96 89 0 0
42 97 89 0 0
43 98 89 0 0
44 99 89 0 0
45 100 89 0 0
46 101 89 0 0
47 102 89 0 0
48 103 89 0 0
49 104 89 0 0
50 105 89 0 0
51 106 89 0 0
52 107 89 0 0
53 108 89 0 0
54 109 89 0 0
55 110 89 0 0
56 111 89 0 0
57 112 89 0 0
58 113 89 0 0
59 114 89 0 0
60 114 90 0 0
61 114 89 0 0
62 115 89 0 0
63 115 88 0 0
64 115 87 0 0
65 115 86 0 0
66 115 85 0 0
67 116 85 0 0
68 116 84 0 0
69 116 83 0 0
70 115 83 0 0
71 115 82 0 0
72 115 81 0 0
73 114 81 0 0
74 114 80 0 0
75 114 79 0 0
76 114 78 0 0
77 113 78 0 0
78 113 77 0 0
79 112 77 0 0
80 112 76 0 0
81 112 75 0 0
82 112 74 0 0
83 112 73 0 0
84 112 72 0 0
85 112 71 0 0
86 112 70 0 0
87 112 69 0 0
88 112 68 0 0
89 112 67 0 0
90 112 66 0 0
91 112 65 0 0
92 112 64 0 0
93 112 63 0 0
94 112 62 0 0
95 112 61 0 0
96 112 60 0 0
97 112 59 0 0
98 112 58 0 0
99 112 57 0 0
100 112 56 0 0
101 112 55 0 0
102 112 54 0 0
103 112 53 0 0
104 112 52 0 0
105 112 51 0 0
106 113 51 0 0
107 113 50 0 0
108 113 49 0 0
109 113 48 0 0
110 113 47 0 0
111 113 46 0 0
112 114 46 0 0
113 114 45 0 0
114 114 44 0 0
115 114 43 0 0
116 114 42 0 0
117 114 41 0 0
118 115 41 0 0
119 115 40 0 0
120 115 39 0 0
121 115 38 0 0
122 116 38 0 0
123 116 37 0 0
124 116 36 0 0
125 116 35 0 0
126 117 35 0 0
127 117 34 0 0
128 118 34 0 0
129 118 33 0 0
130 118 32 0 0
131 119 32 0 0
132 119 31 0 0
133 119 30 0 0
134 120 30 0 0
135 120 29 0 0
136 121 29 0 0
137 121 28 0 0
138 121 27 0 0
139 122 27 0 0
140 122 26 0 0
141 123 26 0 0
142 124 26 0 0
143 124 25 0 0
144 125 25 0 0
145 125 24 0 0
146 126 24 0 0
147 127 24 0 0
148 127 23 0 0
149 128 23 0 0
150 129 23 0 0
151 129 22 0 0
152 130 22 0 0
153 131 22 0 0
154 132 22 0 0
155 132 21 0 0
156 133 21 0 0
157 134 21 0 0
158 134 20 0 0
159 135 20 0 0
160 136 20 0 0
161 137 20 0 0
162 138 20 0 0
163 138 19 0 0
164 139 19 0 0
165 140 19 0 0
166 141 19 0 0
167 142 19 0 0
168 143 19 0 0
169 144 19 0 0
170 145 19 0 0
171 146 19 0 0
172 147 19 0 0
173 148 19 0 0
174 148 18 0 0
175 149 18 0 0
176 150 18 0 0
177 151 18 0 0
178 152 18 0 0
179 153 18 0 0
180 154 18 0 0
