0 103 116 0 0
1 103 115 0 0
2 102 115 0 0
3 101 115 0 0
4 100 115 0 0
5 99 115 0 0
6 98 115 0 0
7 97 115 0 0
8 96 115 0 0
9 95 115 0 0
10 94 115 0 0
11 93 115 0 0
12 92 115 0 0
13 91 115 0 0
14 91 116 0 0
15 90 116 0 0
16 89 116 0 0
17 89 117 0 0
18 88 117 0 0
19 87 117 0 0
20 87 118 0 0
21 86 118 0 0
22 85 118 0 0
23 85 119 0 0
24 84 119 0 0
25 83 119 0 0
26 82 119 0 0
27 82 120 0 0
28 81 120 0 0
29 81 121 0 0
30 80 121 0 0
31 79 121 0 0
32 78 121 0 0
33 78 122 0 0
34 78 123 0 0
35 77 123 0 0
36 77 124 0 0
37 77 125 0 0
38 76 125 0 0
39 76 126 0 0
40 76 127 0 0
41 75 127 0 0
42 75 128 0 0
43 75 129 0 0
44 74 129 0 0
45 74 130 0 0
46 74 131 0 0
47 73 131 0 0
48 73 132 0 0
49 73 133 0 0
50 73 134 0 0
51 72 134 0 0
52 72 135 0 0
53 72 136 0 0
54 72 137 0 0
55 72 138 0 0
56 72 139 0 0
57 71 139 0 0
58 71 140 0 0
59 71 141 0 0
60 71 142 0 0
61 71 143 0 0
62 71 144 0 0
63 70 144 0 0
64 70 145 0 0
65 70 146 0 0
66 70 147 0 0
67 70 148 0 0
68 70 149 0 0
69 71 149 0 0
70 71 150 0 0
71 71 151 0 0
72 71 152 0 0
73 71 153 0 0
74 71 154 0 0
75 71 155 0 0
76 71 156 0 0
77 71 157 0 0
78 71 158 0 0
79 72 158 0 0
80 72 159 0 0
81 72 160 0 0
82 72 161 0 0
83 72 162 0 0
84 73 162 0 0
85 73 163 0 0
86 73 164 0 0
87 73 165 0 0
88 73 166 0 0
89 73 167 0 0
90 74 167 0 0
91 74 168 0 0
92 74 169 0 0
93 74 170 0 0
94 75 170 0 0
95 75 171 0 0
96 75 172 0 0
97 75 173 0 0
98 75 174 0 0
99 76 174 0 0
100 76 175 0 0
101 76 176 0 0
102 76 177 0 0
103 76 178 0 0
104 77 178 0 0
105 77 179 0 0
106 77 180 0 0
107 77 181 0 0
108 77 182 0 0
109 77 183 0 0
110 77 184 0 0
111 77 185 0 0
112 78 185 0 0
113 78 186 0 0
114 78 187 0 0
115 78 188 0 0
116 78 189 0 0
117 78 190 0 0
118 78 191 0 0
119 78 192 0 0
120 78 193 0 0
121 78 194 0 0
122 78 195 0 0
123 78 196 0 0
124 78 197 0 0
125 79 197 0 0
126 78 197 0 0
127 78 198 0 0
128 78 199 0 0
129 78 200 0 0
130 78 201 0 0
131 78 202 0 0
132 78 203 0 0
133 78 204 0 0
134 78 205 0 0
135 78 206 0 0
136 78 207 0 0
137 78 208 0 0
138 78 209 0 0
139 78 210 0 0
140 78 211 0 0
141 78 212 0 0
142 78 213 0 0
143 78 214 0 0
144 78 215 0 0
145 78 216 0 0
146 78 217 0 0
147 78 218 0 0
148 78 219 0 0
149 78 220 0 0
150 78 221 0 0
151 78 222 0 0
152 78 223 0 0
153 78 224 0 0
154 78 225 0 0
155 78 226 0 0
156 78 227 0 0
157 78 228 0 0
158 78 229 0 0
159 78 230 0 0
160 78 231 0 0
161 78 232 0 0
162 78 233 0 0
163 78 234 0 0
164 78 235 0 0
165 78 236 0 0
166 78 237 0 0
167 78 238 0 0
168 78 239 0 0
169 78 240 0 0
170 78 241 0 0
171 78 242 0 0
172 78 243 0 0
173 78 244 0 0
174 78 245 0 0
175 78 246 0 0
176 78 247 0 0
177 78 248 0 0
178 78 249 0 0
179 78 250 0 0
180 78 251 0 0
181 78 252 0 0
182 78 253 0 0
183 78 254 0 0
184 78 255 0 0
185 78 256 0 0
186 78 257 0 0
187 78 258 0 0
188 78 259 0 0
189 78 260 0 0
190 78 261 0 0
191 78 262 0 0
192 78 263 0 0
193 78 264 0 0
194 78 265 0 0
195 78 266 0 0
196 78 267 0 0
197 78 268 0 0
