0 100 87 0 0
1 101 87 0 0
2 102 87 0 0
3 103 87 0 0
4 103 86 0 0
5 104 86 0 0
6 105 86 0 0
7 106 86 0 0
8 107 86 0 0
9 107 85 0 0
10 107 84 0 0
11 108 84 0 0
12 108 83 0 0
13 108 82 0 0
14 108 81 0 0
15 109 81 0 0
16 109 80 0 0
17 109 79 0 0
18 110 79 0 0
19 110 78 0 0
20 110 77 0 0
21 110 76 0 0
22 111 76 0 0
23 111 75 0 0
24 111 74 0 0
25 111 73 0 0
26 112 73 0 0
27 112 72 0 0
28 112 71 0 0
29 112 70 0 0
30 112 69 0 0
31 112 68 0 0
32 112 67 0 0
33 112 66 0 0
34 112 65 0 0
35 112 64 0 0
36 112 63 0 0
37 113 63 0 0
38 113 62 0 0
39 113 61 0 0
40 113 60 0 0
41 113 59 0 0
42 113 58 0 0
43 113 57 0 0
44 113 56 0 0
45 113 55 0 0
46 113 54 0 0
47 113 53 0 0
48 114 53 0 0
49 114 52 0 0
50 114 51 0 0
51 114 50 0 0
52 114 49 0 0
53 114 48 0 0
54 114 47 0 0
55 114 46 0 0
56 114 45 0 0
57 114 44 0 0
58 114 43 0 0
59 114 42 0 0
60 114 41 0 0
61 115 41 0 0
62 115 40 0 0
63 115 39 0 0
64 115 38 0 0
65 115 37 0 0
66 115 36 0 0
67 115 35 0 0
68 115 34 0 0
69 115 33 0 0
70 115 32 0 0
71 115 31 0 0
72 115 30 0 0
73 116 30 0 0
74 116 29 0 0
75 116 28 0 0
76 116 27 0 0
77 116 26 0 0
78 116 25 0 0
79 116 24 0 0
80 116 23 0 0
81 116 22 0 0
82 116 21 0 0
83 116 20 0 0
84 117 20 0 0
85 117 19 0 0
86 117 18 0 0
87 117 17 0 0
88 117 16 0 0
89 117 15 0 0
90 117 14 0 0
91 116 14 0 0
92 116 13 0 0
93 116 12 0 0
94 116 11 0 0
95 116 10 0 0
96 116 9 0 0
97 116 8 0 0
98 116 7 0 0
99 116 6 0 0
100 116 5 0 0
101 116 4 0 0
102 115 4 0 0
103 115 3 0 0
104 115 4 0 0
105 115 5 0 0
106 115 6 0 0
107 115 7 0 0
108 115 8 0 0
109 115 9 0 0
110 115 10 0 0
111 115 11 0 0
112 115 12 0 0
113 115 13 0 0
114 115 14 0 0
115 115 15 0 0
116 114 15 0 0
117 114 16 0 0
118 114 17 0 0
119 114 18 0 0
120 114 19 0 0
121 114 20 0 0
122 114 21 0 0
123 114 22 0 0
124 114 23 0 0
125 114 24 0 0
126 114 25 0 0
127 114 26 0 0
128 114 27 0 0
129 114 28 0 0
130 114 29 0 0
131 114 30 0 0
132 114 31 0 0
133 114 32 0 0
134 114 33 0 0
135 114 34 0 0
136 114 35 0 0
137 113 35 0 0
138 113 36 0 0
139 113 37 0 0
140 113 38 0 0
141 113 39 0 0
142 113 40 0 0
143 113 41 0 0
144 113 42 0 0
145 113 43 0 0
146 113 44 0 0
147 113 45 0 0
148 113 46 0 0
149 113 47 0 0
150 113 48 0 0
151 113 49 0 0
152 113 50 0 0
153 113 51 0 0
154 113 52 0 0
155 113 53 0 0
156 113 54 0 0
157 112 54 0 0
158 112 55 0 0
159 112 56 0 0
160 112 57 0 0
161 112 58 0 0
162 112 59 0 0
163 112 60 0 0
164 112 61 0 0
165 112 62 0 0
166 112 63 0 0
167 112 64 0 0
168 112 65 0 0
169 112 66 0 0
170 112 67 0 0
171 112 68 0 0
172 112 69 0 0
173 112 70 0 0
174 112 71 0 0
175 112 72 0 0
