0 75 7 0 0
1 75 8 0 0
2 75 9 0 0
3 75 10 0 0
4 75 11 0 0
5 75 12 0 0
6 75 13 0 0
7 75 14 0 0
8 75 15 0 0
9 76 15 0 0
10 76 16 0 0
11 76 17 0 0
12 76 18 0 0
13 76 19 0 0
14 76 20 0 0
15 77 20 0 0
16 77 21 0 0
17 77 22 0 0
18 77 23 0 0
19 78 23 0 0
20 78 24 0 0
21 78 25 0 0
22 78 26 0 0
23 79 26 0 0
24 79 27 0 0
25 79 28 0 0
26 79 29 0 0
27 80 29 0 0
28 80 30 0 0
29 80 31 0 0
30 80 32 0 0
31 81 32 0 0
32 81 33 0 0
33 81 34 0 0
34 81 35 0 0
35 81 36 0 0
36 82 36 0 0
37 82 37 0 0
38 82 38 0 0
39 83 38 0 0
40 83 39 0 0
41 83 40 0 0
42 83 41 0 0
43 83 42 0 0
44 84 42 0 0
45 84 43 0 0
46 84 44 0 0
47 84 45 0 0
48 85 45 0 0
49 85 46 0 0
50 85 47 0 0
51 85 48 0 0
52 85 49 0 0
53 86 49 0 0
54 86 50 0 0
55 86 51 0 0
56 87 51 0 0
57 87 52 0 0
58 87 53 0 0
59 87 54 0 0
60 88 54 0 0
61 88 55 0 0
62 89 55 0 0
63 89 56 0 0
64 90 56 0 0
65 90 57 0 0
66 91 57 0 0
67 91 58 0 0
68 91 59 0 0
69 90 59 0 0
70 90 60 0 0
71 90 61 0 0
72 90 62 0 0
73 90 63 0 0
74 90 64 0 0
75 90 65 0 0
76 90 66 0 0
77 89 66 0 0
78 89 67 0 0
79 89 68 0 0
80 89 69 0 0
81 89 70 0 0
82 89 71 0 0
83 88 71 0 0
84 88 72 0 0
85 88 73 0 0
86 88 74 0 0
87 88 75 0 0
88 88 76 0 0
89 87 76 0 0
90 87 77 0 0
91 87 78 0 0
92 87 79 0 0
93 87 80 0 0
94 87 81 0 0
95 87 82 0 0
96 86 82 0 0
97 86 83 0 0
98 86 84 0 0
99 86 85 0 0
100 86 86 0 0
101 86 87 0 0
102 85 87 0 0
103 85 88 0 0
104 85 89 0 0
105 85 90 0 0
106 85 91 0 0
107 85 92 0 0
108 85 93 0 0
109 85 94 0 0
110 84 94 0 0
111 84 95 0 0
112 84 96 0 0
113 84 97 0 0
114 84 98 0 0
115 84 99 0 0
116 83 99 0 0
117 83 100 0 0
118 83 101 0 0
119 83 102 0 0
120 83 103 0 0
121 83 104 0 0
122 83 105 0 0
123 82 105 0 0
124 82 106 0 0
125 82 107 0 0
126 82 108 0 0
127 82 109 0 0
128 82 110 0 0
129 81 110 0 0
130 81 111 0 0
131 81 112 0 0
132 81 113 0 0
133 81 114 0 0
134 81 115 0 0
135 81 116 0 0
136 80 116 0 0
137 80 117 0 0
138 80 118 0 0
139 80 119 0 0
140 80 120 0 0
141 80 121 0 0
142 80 122 0 0
143 80 123 0 0
144 80 124 0 0
145 80 125 0 0
146 80 126 0 0
147 81 126 0 0
148 81 127 0 0
149 81 128 0 0
150 81 129 0 0
151 81 130 0 0
152 81 131 0 0
153 81 132 0 0
154 81 133 0 0
155 81 134 0 0
156 81 135 0 0
157 81 136 0 0
158 81 137 0 0
159 81 138 0 0
160 82 138 0 0
161 82 139 0 0
162 82 140 0 0
163 82 141 0 0
164 82 142 0 0
165 82 143 0 0
166 82 144 0 0
167 82 145 0 0
168 82 146 0 0
169 83 146 0 0
170 83 147 0 0
171 83 148 0 0
172 83 149 0 0
173 83 150 0 0
174 83 151 0 0
175 83 152 0 0
176 83 153 0 0
177 83 154 0 0
178 83 155 0 0
179 83 156 0 0
180 84 156 0 0
181 84 157 0 0
182 84 158 0 0
183 84 159 0 0
184 84 160 0 0
185 84 161 0 0
186 84 162 0 0
187 84 163 0 0
188 84 164 0 0
189 84 165 0 0
190 85 165 0 0
191 85 166 0 0
192 85 167 0 0
193 85 168 0 0
194 85 169 0 0
195 85 170 0 0
196 85 171 0 0
197 85 172 0 0
198 85 173 0 0
199 85 174 0 0
200 86 174 0 0
201 86 175 0 0
202 86 176 0 0
203 86 177 0 0
204 86 178 0 0
205 86 179 0 0
206 86 180 0 0
207 87 180 0 0
208 87 181 0 0
209 87 182 0 0
210 87 183 0 0
211 87 184 0 0
212 87 185 0 0
213 87 186 0 0
214 87 187 0 0
215 87 188 0 0
216 87 189 0 0
217 87 190 0 0
218 88 190 0 0
219 88 191 0 0
220 88 192 0 0
221 88 193 0 0
222 88 194 0 0
223 88 195 0 0
224 88 196 0 0
225 88 197 0 0
226 88 198 0 0
227 88 199 0 0
228 88 200 0 0
229 89 200 0 0
230 89 201 0 0
231 89 202 0 0
232 89 203 0 0
233 89 204 0 0
234 89 205 0 0
235 89 206 0 0
236 89 207 0 0
237 89 208 0 0
238 89 209 0 0
239 89 210 0 0
240 89 211 0 0
241 89 212 0 0
242 89 213 0 0
243 89 214 0 0
244 89 215 0 0
245 90 215 0 0
246 90 216 0 0
247 90 217 0 0
248 90 218 0 0
249 90 219 0 0
250 90 220 0 0
251 90 221 0 0
252 90 222 0 0
253 90 223 0 0
254 90 224 0 0
255 90 225 0 0
256 90 226 0 0
257 90 227 0 0
258 90 228 0 0
259 90 229 0 0
260 90 230 0 0
261 90 231 0 0
262 90 232 0 0
263 90 233 0 0
264 90 234 0 0
265 90 235 0 0
266 90 236 0 0
267 90 237 0 0
268 90 238 0 0
269 90 239 0 0
270 90 240 0 0
271 90 241 0 0
272 90 242 0 0
273 90 243 0 0
274 90 244 0 0
275 90 245 0 0
276 90 246 0 0
277 90 247 0 0
278 90 248 0 0
279 90 249 0 0
280 90 250 0 0
281 90 251 0 0
282 90 252 0 0
283 90 253 0 0
284 90 254 0 0
285 90 255 0 0
286 90 256 0 0
287 90 257 0 0
288 90 258 0 0
289 90 259 0 0
290 90 260 0 0
291 90 261 0 0
292 91 261 0 0
293 91 262 0 0
294 91 263 0 0
295 91 264 0 0
296 91 265 0 0
297 91 266 0 0
298 91 267 0 0
299 91 268 0 0
300 91 269 0 0
