0 102 265 0 0
1 102 264 0 0
2 102 263 0 0
3 102 262 0 0
4 102 261 0 0
5 102 260 0 0
6 102 259 0 0
7 102 258 0 0
8 102 257 0 0
9 102 256 0 0
10 102 255 0 0
11 102 254 0 0
12 102 253 0 0
13 102 252 0 0
14 102 251 0 0
15 102 250 0 0
16 102 249 0 0
17 102 248 0 0
18 102 247 0 0
19 102 246 0 0
20 102 245 0 0
21 102 244 0 0
22 102 243 0 0
23 102 242 0 0
24 102 241 0 0
25 102 240 0 0
26 102 239 0 0
27 102 238 0 0
28 102 237 0 0
29 102 236 0 0
30 102 235 0 0
31 102 234 0 0
32 102 233 0 0
33 102 232 0 0
34 102 231 0 0
35 102 230 0 0
36 102 229 0 0
37 102 228 0 0
38 102 227 0 0
39 102 226 0 0
40 102 225 0 0
41 102 224 0 0
42 102 223 0 0
43 102 222 0 0
44 102 221 0 0
45 102 220 0 0
46 102 219 0 0
47 102 218 0 0
48 102 217 0 0
49 102 216 0 0
50 102 215 0 0
51 102 214 0 0
52 102 213 0 0
53 102 212 0 0
54 102 211 0 0
55 103 211 0 0
56 103 210 0 0
57 103 209 0 0
58 103 208 0 0
59 103 207 0 0
60 104 207 0 0
61 104 206 0 0
62 104 205 0 0
63 104 204 0 0
64 104 203 0 0
65 104 202 0 0
66 105 202 0 0
67 105 201 0 0
68 105 200 0 0
69 105 199 0 0
70 106 199 0 0
71 106 198 0 0
72 106 197 0 0
73 106 196 0 0
74 106 195 0 0
75 106 194 0 0
76 107 194 0 0
77 107 193 0 0
78 107 192 0 0
79 107 191 0 0
80 108 191 0 0
81 108 190 0 0
82 108 189 0 0
83 108 188 0 0
84 108 187 0 0
85 109 187 0 0
86 109 186 0 0
87 109 185 0 0
88 109 184 0 0
89 109 183 0 0
90 110 183 0 0
91 110 182 0 0
92 110 181 0 0
93 110 180 0 0
94 110 179 0 0
95 110 178 0 0
96 111 178 0 0
97 111 177 0 0
98 111 176 0 0
99 111 175 0 0
100 112 175 0 0
101 112 174 0 0
102 112 173 0 0
103 112 172 0 0
104 112 171 0 0
105 113 171 0 0
106 113 170 0 0
107 114 170 0 0
108 115 170 0 0
109 115 169 0 0
110 116 169 0 0
111 116 168 0 0
112 117 168 0 0
113 117 167 0 0
114 118 167 0 0
115 118 166 0 0
116 119 166 0 0
117 120 166 0 0
118 120 165 0 0
119 121 165 0 0
120 121 164 0 0
121 122 164 0 0
122 123 164 0 0
123 123 163 0 0
124 123 162 0 0
125 124 162 0 0
126 125 162 0 0
127 125 161 0 0
128 126 161 0 0
129 126 160 0 0
130 127 160 0 0
131 128 160 0 0
132 128 159 0 0
133 129 159 0 0
134 129 158 0 0
135 130 158 0 0
136 130 157 0 0
137 131 157 0 0
138 131 156 0 0
139 132 156 0 0
140 133 156 0 0
141 133 155 0 0
142 134 155 0 0
143 134 154 0 0
144 135 154 0 0
145 136 154 0 0
146 137 154 0 0
147 138 154 0 0
148 139 154 0 0
149 140 154 0 0
150 141 154 0 0
151 141 153 0 0
152 142 153 0 0
153 143 153 0 0
154 144 153 0 0
155 145 153 0 0
156 146 153 0 0
157 147 153 0 0
158 147 152 0 0
159 148 152 0 0
160 149 152 0 0
161 150 152 0 0
162 151 152 0 0
163 151 151 0 0
164 152 151 0 0
165 153 151 0 0
166 154 151 0 0
167 155 151 0 0
168 156 151 0 0
169 157 151 0 0
170 157 150 0 0
171 158 150 0 0
172 159 150 0 0
173 160 150 0 0
174 161 150 0 0
175 162 150 0 0
176 163 150 0 0
177 164 150 0 0
178 165 150 0 0
179 165 149 0 0
180 166 149 0 0
181 167 149 0 0
182 168 149 0 0
183 169 149 0 0
184 170 149 0 0
185 171 149 0 0
186 171 148 0 0
187 172 148 0 0
188 173 148 0 0
189 174 148 0 0
190 174 147 0 0
191 175 147 0 0
192 176 147 0 0
193 177 147 0 0
194 178 147 0 0
195 178 146 0 0
196 179 146 0 0
197 180 146 0 0
198 181 146 0 0
199 182 146 0 0
200 183 146 0 0
201 184 146 0 0
202 185 146 0 0
203 185 147 0 0
204 186 147 0 0
205 187 147 0 0
206 188 147 0 0
207 189 147 0 0
208 190 147 0 0
209 190 148 0 0
210 191 148 0 0
211 192 148 0 0
212 193 148 0 0
213 194 148 0 0
