0 78 119 0 0
1 77 119 0 0
2 77 120 0 0
3 77 121 0 0
4 76 121 0 0
5 76 122 0 0
6 75 122 0 0
7 75 123 0 0
8 75 124 0 0
9 74 124 0 0
10 74 125 0 0
11 73 125 0 0
12 73 126 0 0
13 72 126 0 0
14 72 127 0 0
15 72 128 0 0
16 71 128 0 0
17 71 129 0 0
18 70 129 0 0
19 70 130 0 0
20 69 130 0 0
21 69 131 0 0
22 69 132 0 0
23 68 132 0 0
24 68 133 0 0
25 67 133 0 0
26 67 134 0 0
27 67 135 0 0
28 67 136 0 0
29 67 137 0 0
30 67 138 0 0
31 67 139 0 0
32 67 140 0 0
33 67 141 0 0
34 67 142 0 0
35 67 143 0 0
36 68 143 0 0
37 68 144 0 0
38 68 145 0 0
39 68 146 0 0
40 68 147 0 0
41 68 148 0 0
42 68 149 0 0
43 68 150 0 0
44 68 151 0 0
45 68 152 0 0
46 68 153 0 0
47 68 154 0 0
48 68 155 0 0
49 68 156 0 0
50 68 157 0 0
51 68 158 0 0
52 68 159 0 0
53 68 160 0 0
54 68 161 0 0
55 68 162 0 0
56 68 163 0 0
57 68 164 0 0
58 68 165 0 0
59 69 165 0 0
60 69 166 0 0
61 69 167 0 0
62 69 168 0 0
63 70 168 0 0
64 70 169 0 0
65 70 170 0 0
66 71 170 0 0
67 71 171 0 0
68 71 172 0 0
69 71 173 0 0
70 72 173 0 0
71 72 174 0 0
72 72 175 0 0
73 72 176 0 0
74 73 176 0 0
75 73 177 0 0
76 73 178 0 0
77 73 179 0 0
78 74 179 0 0
79 74 180 0 0
80 74 181 0 0
81 75 181 0 0
82 75 182 0 0
83 75 183 0 0
84 75 184 0 0
85 75 185 0 0
86 75 186 0 0
87 75 187 0 0
88 75 188 0 0
89 75 189 0 0
90 75 190 0 0
91 75 191 0 0
92 75 192 0 0
93 75 193 0 0
94 76 193 0 0
95 76 194 0 0
96 76 195 0 0
97 76 196 0 0
98 76 197 0 0
99 76 198 0 0
100 76 199 0 0
101 76 200 0 0
102 76 201 0 0
103 76 202 0 0
104 76 203 0 0
105 76 204 0 0
106 76 205 0 0
107 76 206 0 0
108 76 207 0 0
109 76 208 0 0
110 77 208 0 0
111 77 209 0 0
112 77 210 0 0
113 77 211 0 0
114 77 212 0 0
115 77 213 0 0
116 77 214 0 0
117 77 215 0 0
118 77 216 0 0
119 77 217 0 0
120 78 217 0 0
121 78 218 0 0
122 78 219 0 0
123 78 220 0 0
124 78 221 0 0
125 78 222 0 0
126 78 223 0 0
127 78 224 0 0
128 78 225 0 0
129 78 226 0 0
130 78 227 0 0
131 79 227 0 0
132 79 228 0 0
133 79 229 0 0
134 79 230 0 0
135 79 231 0 0
136 79 232 0 0
137 79 233 0 0
138 79 234 0 0
139 79 235 0 0
140 79 236 0 0
141 79 237 0 0
142 80 237 0 0
143 80 238 0 0
144 80 239 0 0
145 80 240 0 0
146 80 241 0 0
147 80 242 0 0
148 80 243 0 0
149 80 244 0 0
150 80 245 0 0
151 80 246 0 0
152 80 247 0 0
153 81 247 0 0
154 81 248 0 0
155 81 249 0 0
156 81 250 0 0
157 81 251 0 0
158 81 252 0 0
159 81 253 0 0
160 81 254 0 0
161 81 255 0 0
162 81 256 0 0
163 81 257 0 0
164 81 258 0 0
165 81 259 0 0
166 81 260 0 0
167 81 261 0 0
168 81 262 0 0
169 81 263 0 0
170 81 264 0 0
171 81 265 0 0
172 81 266 0 0
173 81 267 0 0
174 81 268 0 0
175 81 269 0 0
176 81 270 0 0
