0 3 134 0 0
1 3 135 0 0
2 3 136 0 0
3 3 137 0 0
4 4 137 0 0
5 4 138 0 0
6 5 138 0 0
7 5 139 0 0
8 6 139 0 0
9 6 140 0 0
10 7 140 0 0
11 8 140 0 0
12 8 141 0 0
13 9 141 0 0
14 10 141 0 0
15 10 142 0 0
16 11 142 0 0
17 12 142 0 0
18 13 142 0 0
19 14 142 0 0
20 14 143 0 0
21 15 143 0 0
22 16 143 0 0
23 17 143 0 0
24 17 144 0 0
25 18 144 0 0
26 19 144 0 0
27 20 144 0 0
28 21 144 0 0
29 22 144 0 0
30 23 144 0 0
31 24 144 0 0
32 25 144 0 0
33 26 144 0 0
34 27 144 0 0
35 28 144 0 0
36 29 144 0 0
37 30 144 0 0
38 30 143 0 0
39 31 143 0 0
40 32 143 0 0
41 33 143 0 0
42 34 143 0 0
43 35 143 0 0
44 36 143 0 0
45 36 142 0 0
46 37 142 0 0
47 38 142 0 0
48 39 142 0 0
49 40 142 0 0
50 41 142 0 0
51 42 142 0 0
52 42 141 0 0
53 43 141 0 0
54 44 141 0 0
55 45 141 0 0
56 46 141 0 0
57 47 141 0 0
58 47 140 0 0
59 48 140 0 0
60 49 140 0 0
61 50 140 0 0
62 50 139 0 0
63 51 139 0 0
64 51 138 0 0
65 52 138 0 0
66 53 138 0 0
67 54 138 0 0
68 54 137 0 0
69 55 137 0 0
70 56 137 0 0
71 56 136 0 0
72 57 136 0 0
73 58 136 0 0
74 59 136 0 0
75 60 136 0 0
76 61 136 0 0
77 62 136 0 0
78 63 136 0 0
79 64 136 0 0
80 65 136 0 0
81 66 136 0 0
82 67 136 0 0
83 68 136 0 0
84 69 136 0 0
85 70 136 0 0
86 71 136 0 0
87 72 136 0 0
88 72 137 0 0
89 73 137 0 0
90 74 137 0 0
91 75 137 0 0
92 76 137 0 0
93 77 137 0 0
94 78 137 0 0
95 78 138 0 0
96 79 138 0 0
97 80 138 0 0
98 80 139 0 0
99 80 140 0 0
100 81 140 0 0
101 82 140 0 0
102 82 141 0 0
103 83 141 0 0
104 84 141 0 0
105 85 141 0 0
106 85 142 0 0
107 86 142 0 0
108 87 142 0 0
109 88 142 0 0
110 89 142 0 0
111 89 143 0 0
112 90 143 0 0
113 91 143 0 0
114 91 144 0 0
115 91 143 0 0
116 92 143 0 0
117 93 143 0 0
118 94 143 0 0
119 94 142 0 0
120 95 142 0 0
121 96 142 0 0
122 97 142 0 0
123 98 142 0 0
124 99 142 0 0
125 99 141 0 0
126 100 141 0 0
127 101 141 0 0
128 102 141 0 0
129 103 141 0 0
130 104 141 0 0
131 105 141 0 0
132 105 140 0 0
133 106 140 0 0
134 107 140 0 0
135 108 140 0 0
136 109 140 0 0
137 110 140 0 0
138 111 140 0 0
139 111 139 0 0
140 112 139 0 0
141 113 139 0 0
142 114 139 0 0
143 115 139 0 0
144 116 139 0 0
145 116 138 0 0
146 117 138 0 0
147 118 138 0 0
148 119 138 0 0
149 120 138 0 0
150 121 138 0 0
151 122 138 0 0
152 123 138 0 0
153 124 138 0 0
154 124 137 0 0
155 125 137 0 0
156 126 137 0 0
157 127 137 0 0
158 128 137 0 0
159 129 137 0 0
160 130 137 0 0
161 131 137 0 0
162 132 137 0 0
163 133 137 0 0
164 134 137 0 0
165 134 136 0 0
166 135 136 0 0
167 135 137 0 0
168 135 136 0 0
169 136 136 0 0
170 137 136 0 0
171 138 136 0 0
172 139 136 0 0
173 139 135 0 0
174 140 135 0 0
175 141 135 0 0
176 142 135 0 0
177 143 135 0 0
178 144 135 0 0
179 145 135 0 0
180 146 135 0 0
181 147 135 0 0
182 147 136 0 0
183 147 135 0 0
184 148 135 0 0
185 149 135 0 0
186 150 135 0 0
187 151 135 0 0
188 151 136 0 0
189 151 137 0 0
190 152 137 0 0
191 152 136 0 0
192 153 136 0 0
193 153 135 0 0
194 154 135 0 0
195 155 135 0 0
196 156 135 0 0
197 157 135 0 0
198 158 135 0 0
199 159 135 0 0
200 160 135 0 0
201 161 135 0 0
202 162 135 0 0
203 163 135 0 0
204 164 135 0 0
205 165 135 0 0
206 166 135 0 0
207 167 135 0 0
208 168 135 0 0
209 169 135 0 0
210 170 135 0 0
211 170 134 0 0
212 171 134 0 0
213 172 134 0 0
214 173 134 0 0
215 174 134 0 0
216 175 134 0 0
217 176 134 0 0
218 177 134 0 0
219 178 134 0 0
220 179 134 0 0
221 180 134 0 0
222 181 134 0 0
223 182 134 0 0
224 182 135 0 0
225 182 134 0 0
226 183 134 0 0
227 184 134 0 0
228 185 134 0 0
229 185 133 0 0
230 186 133 0 0
231 187 133 0 0
232 188 133 0 0
233 188 134 0 0
234 189 134 0 0
235 190 134 0 0
236 191 134 0 0
237 192 134 0 0
238 192 135 0 0
239 193 135 0 0
240 194 135 0 0
241 195 135 0 0
242 196 135 0 0
243 196 134 0 0
244 197 134 0 0
245 198 134 0 0
246 199 134 0 0
247 200 134 0 0
248 201 134 0 0
249 202 134 0 0
250 203 134 0 0
251 204 134 0 0
252 205 134 0 0
253 206 134 0 0
254 207 134 0 0
255 208 134 0 0
256 209 134 0 0
257 210 134 0 0
258 211 134 0 0
259 212 134 0 0
