0 5 124 0 0
1 6 124 0 0
2 7 124 0 0
3 8 124 0 0
4 9 124 0 0
5 10 124 0 0
6 11 124 0 0
7 11 123 0 0
8 12 123 0 0
9 13 123 0 0
10 14 123 0 0
11 15 123 0 0
12 16 123 0 0
13 17 123 0 0
14 18 123 0 0
15 19 123 0 0
16 20 123 0 0
17 21 123 0 0
18 22 123 0 0
19 22 124 0 0
20 23 124 0 0
21 24 124 0 0
22 25 124 0 0
23 26 124 0 0
24 27 124 0 0
25 28 124 0 0
26 29 124 0 0
27 30 124 0 0
28 31 124 0 0
29 32 124 0 0
30 32 125 0 0
31 33 125 0 0
32 34 125 0 0
33 35 125 0 0
34 36 125 0 0
35 37 125 0 0
36 38 125 0 0
37 39 125 0 0
38 40 125 0 0
39 41 125 0 0
40 42 125 0 0
41 42 126 0 0
42 43 126 0 0
43 44 126 0 0
44 45 126 0 0
45 46 126 0 0
46 46 127 0 0
47 47 127 0 0
48 48 127 0 0
49 49 127 0 0
50 50 127 0 0
51 51 127 0 0
52 52 127 0 0
53 52 126 0 0
54 53 126 0 0
55 54 126 0 0
56 54 125 0 0
57 55 125 0 0
58 56 125 0 0
59 57 125 0 0
60 58 125 0 0
61 58 124 0 0
62 59 124 0 0
63 60 124 0 0
64 61 124 0 0
65 62 124 0 0
66 62 123 0 0
67 63 123 0 0
68 64 123 0 0
69 65 123 0 0
70 66 123 0 0
71 67 123 0 0
72 68 123 0 0
73 69 123 0 0
74 70 123 0 0
75 71 123 0 0
76 72 123 0 0
77 73 123 0 0
78 74 123 0 0
79 75 123 0 0
80 76 123 0 0
81 77 123 0 0
82 78 123 0 0
83 79 123 0 0
84 80 123 0 0
85 81 123 0 0
86 82 123 0 0
87 83 123 0 0
88 84 123 0 0
89 85 123 0 0
90 86 123 0 0
91 87 123 0 0
92 87 124 0 0
93 88 124 0 0
94 89 124 0 0
95 90 124 0 0
96 91 124 0 0
97 92 124 0 0
98 93 124 0 0
99 93 125 0 0
100 94 125 0 0
101 95 125 0 0
102 96 125 0 0
103 97 125 0 0
104 98 125 0 0
105 99 125 0 0
106 99 124 0 0
107 100 124 0 0
108 101 124 0 0
109 102 124 0 0
110 103 124 0 0
111 104 124 0 0
112 105 124 0 0
113 106 124 0 0
114 107 124 0 0
115 108 124 0 0
116 109 124 0 0
117 110 124 0 0
118 111 124 0 0
119 111 125 0 0
120 112 125 0 0
121 113 125 0 0
122 114 125 0 0
123 115 125 0 0
124 116 125 0 0
125 117 125 0 0
126 118 125 0 0
127 119 125 0 0
128 119 126 0 0
129 120 126 0 0
130 121 126 0 0
131 122 126 0 0
132 123 126 0 0
133 124 126 0 0
134 124 127 0 0
135 125 127 0 0
136 126 127 0 0
137 127 127 0 0
138 128 127 0 0
139 129 127 0 0
140 130 127 0 0
141 130 128 0 0
142 131 128 0 0
143 132 128 0 0
144 133 128 0 0
145 134 128 0 0
146 135 128 0 0
147 136 128 0 0
148 137 128 0 0
149 138 128 0 0
150 139 128 0 0
151 139 129 0 0
152 140 129 0 0
153 141 129 0 0
154 142 129 0 0
155 143 129 0 0
156 144 129 0 0
157 145 129 0 0
158 145 130 0 0
159 146 130 0 0
160 147 130 0 0
161 148 130 0 0
162 149 130 0 0
163 150 130 0 0
164 151 130 0 0
165 152 130 0 0
166 153 130 0 0
167 154 130 0 0
168 155 130 0 0
169 156 130 0 0
170 156 131 0 0
171 157 131 0 0
172 158 131 0 0
173 159 131 0 0
174 160 131 0 0
175 160 132 0 0
176 161 132 0 0
177 162 132 0 0
178 162 133 0 0
179 162 132 0 0
180 163 132 0 0
181 163 133 0 0
182 163 134 0 0
183 164 134 0 0
184 165 134 0 0
185 166 134 0 0
186 167 134 0 0
187 168 134 0 0
188 169 134 0 0
189 170 134 0 0
190 171 134 0 0
191 172 134 0 0
192 173 134 0 0
193 174 134 0 0
194 175 134 0 0
195 176 134 0 0
196 176 135 0 0
197 177 135 0 0
198 178 135 0 0
199 179 135 0 0
200 180 135 0 0
201 181 135 0 0
202 182 135 0 0
203 183 135 0 0
204 184 135 0 0
205 185 135 0 0
206 186 135 0 0
207 187 135 0 0
208 188 135 0 0
209 189 135 0 0
210 190 135 0 0
211 191 135 0 0
212 191 134 0 0
213 192 134 0 0
214 193 134 0 0
215 194 134 0 0
216 195 134 0 0
217 196 134 0 0
218 197 134 0 0
219 197 133 0 0
220 198 133 0 0
221 199 133 0 0
222 200 133 0 0
223 201 133 0 0
224 202 133 0 0
225 202 132 0 0
226 203 132 0 0
227 204 132 0 0
228 205 132 0 0
229 205 131 0 0
230 206 131 0 0
231 207 131 0 0
232 208 131 0 0
233 209 131 0 0
234 210 131 0 0
235 211 131 0 0
236 212 131 0 0
237 213 131 0 0
238 214 131 0 0
239 213 131 0 0
240 212 131 0 0
