0 7 139 0 0
1 7 138 0 0
2 8 138 0 0
3 9 138 0 0
4 10 138 0 0
5 11 138 0 0
6 12 138 0 0
7 13 138 0 0
8 14 138 0 0
9 15 138 0 0
10 16 138 0 0
11 17 138 0 0
12 18 138 0 0
13 19 138 0 0
14 20 138 0 0
15 21 138 0 0
16 22 138 0 0
17 23 138 0 0
18 24 138 0 0
19 25 138 0 0
20 26 138 0 0
21 27 138 0 0
22 28 138 0 0
23 29 138 0 0
24 30 138 0 0
25 30 137 0 0
26 31 137 0 0
27 32 137 0 0
28 33 137 0 0
29 34 137 0 0
30 35 137 0 0
31 36 137 0 0
32 37 137 0 0
33 38 137 0 0
34 39 137 0 0
35 40 137 0 0
36 41 137 0 0
37 42 137 0 0
38 43 137 0 0
39 44 137 0 0
40 45 137 0 0
41 46 137 0 0
42 47 137 0 0
43 48 137 0 0
44 49 137 0 0
45 50 137 0 0
46 51 137 0 0
47 52 137 0 0
48 53 137 0 0
49 54 137 0 0
50 55 137 0 0
51 56 137 0 0
52 56 138 0 0
53 57 138 0 0
54 58 138 0 0
55 59 138 0 0
56 60 138 0 0
57 61 138 0 0
58 62 138 0 0
59 63 138 0 0
60 64 138 0 0
61 65 138 0 0
62 66 138 0 0
63 67 138 0 0
64 68 138 0 0
65 69 138 0 0
66 70 138 0 0
67 71 138 0 0
68 71 139 0 0
69 72 139 0 0
70 73 139 0 0
71 73 140 0 0
72 74 140 0 0
73 75 140 0 0
74 76 140 0 0
75 76 141 0 0
76 77 141 0 0
77 77 142 0 0
78 78 142 0 0
79 78 143 0 0
80 79 143 0 0
81 79 144 0 0
82 79 145 0 0
83 80 145 0 0
84 80 146 0 0
85 81 146 0 0
86 81 147 0 0
87 81 148 0 0
88 82 148 0 0
89 82 149 0 0
90 82 150 0 0
91 83 150 0 0
92 83 151 0 0
93 84 151 0 0
94 84 152 0 0
95 84 153 0 0
96 85 153 0 0
97 85 154 0 0
98 85 155 0 0
99 86 155 0 0
100 86 156 0 0
101 87 156 0 0
102 87 157 0 0
103 87 158 0 0
104 87 159 0 0
105 88 159 0 0
106 88 160 0 0
107 88 161 0 0
108 89 161 0 0
109 89 162 0 0
110 89 163 0 0
111 89 164 0 0
112 90 164 0 0
113 90 165 0 0
114 90 166 0 0
115 90 167 0 0
116 91 167 0 0
117 91 168 0 0
118 91 169 0 0
119 91 170 0 0
120 92 170 0 0
121 92 171 0 0
122 92 172 0 0
123 92 173 0 0
124 92 174 0 0
125 92 175 0 0
126 93 175 0 0
127 93 176 0 0
128 93 177 0 0
129 93 178 0 0
130 93 179 0 0
131 93 180 0 0
132 93 181 0 0
133 94 181 0 0
134 94 182 0 0
135 94 183 0 0
136 94 184 0 0
137 94 185 0 0
138 94 186 0 0
139 94 187 0 0
140 94 188 0 0
141 94 189 0 0
142 95 189 0 0
143 95 190 0 0
144 95 191 0 0
145 95 192 0 0
146 95 193 0 0
147 95 194 0 0
148 95 195 0 0
149 96 195 0 0
150 96 196 0 0
151 96 197 0 0
152 96 198 0 0
153 96 199 0 0
154 96 200 0 0
155 96 201 0 0
156 96 202 0 0
157 96 203 0 0
158 96 204 0 0
159 97 204 0 0
160 97 205 0 0
161 97 206 0 0
162 97 207 0 0
163 97 208 0 0
164 97 209 0 0
165 97 210 0 0
166 97 211 0 0
167 97 212 0 0
168 97 213 0 0
169 97 214 0 0
170 97 215 0 0
171 97 216 0 0
172 97 217 0 0
173 97 218 0 0
174 97 219 0 0
175 97 220 0 0
176 97 221 0 0
177 97 222 0 0
178 97 223 0 0
179 97 224 0 0
180 97 225 0 0
181 97 226 0 0
182 97 227 0 0
183 97 228 0 0
184 97 229 0 0
185 97 230 0 0
186 97 231 0 0
187 96 231 0 0
188 96 232 0 0
189 96 233 0 0
190 96 234 0 0
191 96 235 0 0
192 96 236 0 0
193 96 237 0 0
194 96 238 0 0
195 96 239 0 0
196 96 240 0 0
197 96 241 0 0
198 96 242 0 0
199 96 243 0 0
200 96 244 0 0
201 96 245 0 0
202 97 245 0 0
203 97 246 0 0
204 97 247 0 0
205 97 248 0 0
206 97 249 0 0
207 97 250 0 0
208 97 251 0 0
209 97 252 0 0
210 98 252 0 0
211 98 253 0 0
212 98 254 0 0
213 98 255 0 0
214 98 256 0 0
215 98 257 0 0
216 98 258 0 0
217 99 258 0 0
218 99 259 0 0
219 99 260 0 0
220 99 261 0 0
221 100 261 0 0
222 100 262 0 0
223 100 263 0 0
224 100 264 0 0
225 100 265 0 0
226 101 265 0 0
227 101 266 0 0
228 101 267 0 0
229 101 268 0 0
230 101 269 0 0
231 101 270 0 0
