0 197 139 0 0
1 196 139 0 0
2 197 139 0 0
3 197 138 0 0
4 196 138 0 0
5 195 138 0 0
6 194 138 0 0
7 193 138 0 0
8 192 138 0 0
9 191 138 0 0
10 190 138 0 0
11 189 138 0 0
12 188 138 0 0
13 187 138 0 0
14 186 138 0 0
15 185 138 0 0
16 184 138 0 0
17 183 138 0 0
18 182 138 0 0
19 181 138 0 0
20 181 137 0 0
21 180 137 0 0
22 179 137 0 0
23 178 137 0 0
24 177 137 0 0
25 177 136 0 0
26 176 136 0 0
27 175 136 0 0
28 174 136 0 0
29 173 136 0 0
30 172 136 0 0
31 171 136 0 0
32 170 136 0 0
33 169 136 0 0
34 168 136 0 0
35 168 135 0 0
36 167 135 0 0
37 166 135 0 0
38 165 135 0 0
39 164 135 0 0
40 163 135 0 0
41 162 135 0 0
42 161 135 0 0
43 160 135 0 0
44 159 135 0 0
45 158 135 0 0
46 158 134 0 0
47 157 134 0 0
48 156 134 0 0
49 155 134 0 0
50 154 134 0 0
51 153 134 0 0
52 152 134 0 0
53 151 134 0 0
54 150 134 0 0
55 150 133 0 0
56 149 133 0 0
57 148 133 0 0
58 147 133 0 0
59 146 133 0 0
60 145 133 0 0
61 145 132 0 0
62 144 132 0 0
63 143 132 0 0
64 142 132 0 0
65 141 132 0 0
66 140 132 0 0
67 139 132 0 0
68 138 132 0 0
69 137 132 0 0
70 136 132 0 0
71 136 131 0 0
72 135 131 0 0
73 134 131 0 0
74 133 131 0 0
75 133 130 0 0
76 132 130 0 0
77 132 129 0 0
78 131 129 0 0
79 130 129 0 0
80 129 129 0 0
81 129 128 0 0
82 128 128 0 0
83 127 128 0 0
84 126 128 0 0
85 126 127 0 0
86 125 127 0 0
87 124 127 0 0
88 123 127 0 0
89 123 126 0 0
90 122 126 0 0
91 121 126 0 0
92 121 125 0 0
93 120 125 0 0
94 119 125 0 0
95 119 124 0 0
96 118 124 0 0
97 117 124 0 0
98 117 123 0 0
99 116 123 0 0
100 115 123 0 0
101 114 123 0 0
102 114 122 0 0
103 113 122 0 0
104 113 121 0 0
105 112 121 0 0
106 111 121 0 0
107 110 121 0 0
108 110 120 0 0
109 109 120 0 0
110 108 120 0 0
111 108 119 0 0
112 107 119 0 0
113 106 119 0 0
114 105 119 0 0
115 105 118 0 0
116 104 118 0 0
117 104 117 0 0
118 103 117 0 0
119 102 117 0 0
120 101 117 0 0
121 101 116 0 0
122 100 116 0 0
123 99 116 0 0
124 99 115 0 0
125 98 115 0 0
126 97 115 0 0
127 97 114 0 0
128 96 114 0 0
129 95 114 0 0
130 94 114 0 0
131 93 114 0 0
132 92 114 0 0
133 92 115 0 0
134 91 115 0 0
135 90 115 0 0
136 89 115 0 0
137 88 115 0 0
138 88 116 0 0
139 87 116 0 0
140 86 116 0 0
141 85 116 0 0
142 84 116 0 0
143 83 116 0 0
144 83 117 0 0
145 82 117 0 0
146 82 118 0 0
147 81 118 0 0
148 81 119 0 0
149 80 119 0 0
150 80 120 0 0
151 79 120 0 0
152 78 120 0 0
153 78 121 0 0
154 77 121 0 0
155 77 122 0 0
156 76 122 0 0
157 76 123 0 0
158 75 123 0 0
159 75 124 0 0
160 74 124 0 0
161 74 125 0 0
162 73 125 0 0
163 72 125 0 0
164 72 126 0 0
165 72 127 0 0
166 71 127 0 0
167 70 127 0 0
168 70 128 0 0
169 70 129 0 0
170 69 129 0 0
171 69 130 0 0
172 69 131 0 0
173 69 132 0 0
174 68 132 0 0
175 68 133 0 0
176 68 134 0 0
177 68 135 0 0
178 68 136 0 0
179 67 136 0 0
180 67 137 0 0
181 67 138 0 0
182 67 139 0 0
183 66 139 0 0
184 66 140 0 0
185 66 141 0 0
186 66 142 0 0
187 66 143 0 0
188 67 143 0 0
189 67 144 0 0
190 67 145 0 0
191 67 146 0 0
192 67 147 0 0
193 67 148 0 0
194 68 148 0 0
195 68 149 0 0
196 68 150 0 0
197 68 151 0 0
198 68 152 0 0
199 69 152 0 0
200 69 153 0 0
201 69 154 0 0
202 69 155 0 0
203 69 156 0 0
204 70 156 0 0
205 70 157 0 0
206 70 158 0 0
207 70 159 0 0
208 70 160 0 0
209 71 160 0 0
210 71 161 0 0
211 71 162 0 0
212 71 163 0 0
213 71 164 0 0
214 72 164 0 0
215 72 165 0 0
216 72 166 0 0
217 72 167 0 0
218 72 168 0 0
219 72 169 0 0
220 72 170 0 0
221 73 170 0 0
222 73 171 0 0
223 73 172 0 0
224 73 173 0 0
225 74 173 0 0
226 74 174 0 0
227 74 175 0 0
228 74 176 0 0
229 74 177 0 0
230 74 178 0 0
231 75 178 0 0
232 75 179 0 0
233 75 180 0 0
234 75 181 0 0
235 75 182 0 0
236 76 182 0 0
237 76 183 0 0
238 76 184 0 0
239 76 185 0 0
240 76 186 0 0
241 76 187 0 0
242 77 187 0 0
243 77 188 0 0
244 77 189 0 0
245 77 190 0 0
246 77 191 0 0
247 77 192 0 0
248 77 193 0 0
249 77 194 0 0
250 78 194 0 0
251 78 195 0 0
252 78 196 0 0
253 78 197 0 0
254 78 198 0 0
255 78 199 0 0
256 79 199 0 0
257 79 200 0 0
258 79 201 0 0
259 79 202 0 0
260 79 203 0 0
261 79 204 0 0
262 79 205 0 0
263 80 205 0 0
264 80 206 0 0
265 80 207 0 0
266 80 208 0 0
267 80 209 0 0
268 80 210 0 0
269 80 211 0 0
270 81 211 0 0
271 81 212 0 0
272 81 213 0 0
273 81 214 0 0
274 81 215 0 0
275 81 216 0 0
276 81 217 0 0
277 81 218 0 0
278 81 219 0 0
279 81 220 0 0
280 81 221 0 0
281 81 222 0 0
282 81 223 0 0
283 81 224 0 0
284 81 225 0 0
285 81 226 0 0
286 81 227 0 0
287 81 228 0 0
288 81 229 0 0
289 82 229 0 0
290 82 230 0 0
291 82 231 0 0
292 82 232 0 0
293 82 233 0 0
294 82 234 0 0
295 82 235 0 0
296 82 236 0 0
297 82 237 0 0
298 82 238 0 0
299 82 239 0 0
300 82 240 0 0
301 82 241 0 0
302 82 242 0 0
303 82 243 0 0
304 82 244 0 0
305 82 245 0 0
306 82 246 0 0
307 82 247 0 0
308 82 248 0 0
309 82 249 0 0
310 82 250 0 0
311 82 251 0 0
312 82 252 0 0
313 82 253 0 0
314 82 254 0 0
315 82 255 0 0
316 82 256 0 0
317 82 257 0 0
318 82 258 0 0
319 82 259 0 0
320 82 260 0 0
321 82 261 0 0
322 82 262 0 0
323 83 262 0 0
324 83 263 0 0
325 83 264 0 0
326 83 265 0 0
327 83 266 0 0
328 83 267 0 0
329 83 268 0 0
330 83 269 0 0
331 83 270 0 0
