0 209 60 0 0
1 210 60 0 0
2 209 60 0 0
3 209 59 0 0
4 208 59 0 0
5 207 59 0 0
6 206 59 0 0
7 206 58 0 0
8 205 58 0 0
9 204 58 0 0
10 204 57 0 0
11 203 57 0 0
12 202 57 0 0
13 201 57 0 0
14 200 57 0 0
15 199 57 0 0
16 198 57 0 0
17 197 57 0 0
18 196 57 0 0
19 195 57 0 0
20 195 58 0 0
21 194 58 0 0
22 193 58 0 0
23 193 59 0 0
24 192 59 0 0
25 191 59 0 0
26 190 59 0 0
27 189 59 0 0
28 189 60 0 0
29 188 60 0 0
30 187 60 0 0
31 186 60 0 0
32 185 60 0 0
33 184 60 0 0
34 183 60 0 0
35 182 60 0 0
36 181 60 0 0
37 180 60 0 0
38 180 59 0 0
39 179 59 0 0
40 178 59 0 0
41 177 59 0 0
42 176 59 0 0
43 175 59 0 0
44 174 59 0 0
45 173 59 0 0
46 172 59 0 0
47 171 59 0 0
48 170 59 0 0
49 169 59 0 0
50 168 59 0 0
51 167 59 0 0
52 166 59 0 0
53 165 59 0 0
54 164 59 0 0
55 163 59 0 0
56 162 59 0 0
57 161 59 0 0
58 161 60 0 0
59 160 60 0 0
60 159 60 0 0
61 158 60 0 0
62 157 60 0 0
63 156 60 0 0
64 155 60 0 0
65 154 60 0 0
66 153 60 0 0
67 152 60 0 0
68 152 61 0 0
69 151 61 0 0
70 150 61 0 0
71 149 61 0 0
72 149 62 0 0
73 148 62 0 0
