0 197 113 0 0
1 197 112 0 0
2 196 112 0 0
3 195 112 0 0
4 194 112 0 0
5 193 112 0 0
6 192 112 0 0
7 191 112 0 0
8 190 112 0 0
9 189 112 0 0
10 188 112 0 0
11 187 112 0 0
12 186 112 0 0
13 185 112 0 0
14 184 112 0 0
15 183 112 0 0
16 182 112 0 0
17 181 112 0 0
18 180 112 0 0
19 179 112 0 0
20 178 112 0 0
21 177 112 0 0
22 176 112 0 0
23 175 112 0 0
24 174 112 0 0
25 173 112 0 0
26 172 112 0 0
27 171 112 0 0
28 170 112 0 0
29 169 112 0 0
30 168 112 0 0
31 167 112 0 0
32 166 112 0 0
33 165 112 0 0
34 164 112 0 0
35 163 112 0 0
36 162 112 0 0
37 162 111 0 0
38 161 111 0 0
39 160 111 0 0
40 160 110 0 0
41 159 110 0 0
42 158 110 0 0
43 157 110 0 0
44 156 110 0 0
45 155 110 0 0
46 155 109 0 0
47 154 109 0 0
48 153 109 0 0
49 152 109 0 0
50 151 109 0 0
51 150 109 0 0
52 150 108 0 0
53 149 108 0 0
54 148 108 0 0
55 147 108 0 0
56 146 108 0 0
57 145 108 0 0
58 145 107 0 0
59 144 107 0 0
60 143 107 0 0
61 143 106 0 0
62 142 106 0 0
63 141 106 0 0
64 140 106 0 0
65 139 106 0 0
66 139 105 0 0
67 138 105 0 0
68 137 105 0 0
69 136 105 0 0
70 136 104 0 0
71 135 104 0 0
72 134 104 0 0
73 133 104 0 0
74 132 104 0 0
75 132 103 0 0
76 131 103 0 0
77 131 102 0 0
78 130 102 0 0
79 129 102 0 0
80 128 102 0 0
81 127 102 0 0
82 126 102 0 0
83 125 102 0 0
84 124 102 0 0
85 123 102 0 0
86 122 102 0 0
87 121 102 0 0
88 121 101 0 0
89 120 101 0 0
90 119 101 0 0
91 119 100 0 0
92 118 100 0 0
93 117 100 0 0
94 116 100 0 0
95 115 100 0 0
96 115 99 0 0
97 114 99 0 0
98 113 99 0 0
99 112 99 0 0
100 111 99 0 0
101 111 98 0 0
102 110 98 0 0
103 110 97 0 0
104 109 97 0 0
105 108 97 0 0
106 107 97 0 0
107 107 96 0 0
108 106 96 0 0
109 105 96 0 0
110 104 96 0 0
111 103 96 0 0
112 102 96 0 0
113 101 96 0 0
114 100 96 0 0
115 99 96 0 0
116 99 95 0 0
117 98 95 0 0
118 97 95 0 0
119 96 95 0 0
120 95 95 0 0
121 94 95 0 0
122 93 95 0 0
123 92 95 0 0
124 91 95 0 0
125 91 96 0 0
126 90 96 0 0
127 89 96 0 0
128 88 96 0 0
129 88 97 0 0
130 87 97 0 0
131 86 97 0 0
132 85 97 0 0
133 85 98 0 0
134 84 98 0 0
135 84 99 0 0
136 83 99 0 0
137 82 99 0 0
138 81 99 0 0
139 80 99 0 0
140 79 99 0 0
141 78 99 0 0
142 77 99 0 0
143 76 99 0 0
144 75 99 0 0
145 74 99 0 0
146 73 99 0 0
147 72 99 0 0
148 71 99 0 0
149 70 99 0 0
150 69 99 0 0
151 69 100 0 0
152 68 100 0 0
153 67 100 0 0
154 66 100 0 0
155 65 100 0 0
156 65 101 0 0
157 64 101 0 0
158 63 101 0 0
159 62 101 0 0
160 62 102 0 0
161 61 102 0 0
162 60 102 0 0
163 59 102 0 0
164 58 102 0 0
165 57 102 0 0
166 57 103 0 0
167 56 103 0 0
168 55 103 0 0
169 54 103 0 0
170 54 104 0 0
171 53 104 0 0
172 52 104 0 0
173 51 104 0 0
174 51 105 0 0
175 50 105 0 0
176 49 105 0 0
177 48 105 0 0
178 48 106 0 0
179 47 106 0 0
180 46 106 0 0
