0 126 109 0 0
1 126 108 0 0
2 125 108 0 0
3 125 107 0 0
4 125 106 0 0
5 124 106 0 0
6 124 105 0 0
7 124 104 0 0
8 123 104 0 0
9 123 103 0 0
10 123 102 0 0
11 122 102 0 0
12 122 101 0 0
13 122 100 0 0
14 122 99 0 0
15 121 99 0 0
16 121 98 0 0
17 121 97 0 0
18 120 97 0 0
19 120 96 0 0
20 120 95 0 0
21 119 95 0 0
22 119 94 0 0
23 119 93 0 0
24 119 92 0 0
25 118 92 0 0
26 118 91 0 0
27 118 90 0 0
28 118 89 0 0
29 117 89 0 0
30 117 88 0 0
31 117 87 0 0
32 116 87 0 0
33 116 86 0 0
34 116 85 0 0
35 116 84 0 0
36 116 83 0 0
37 115 83 0 0
38 115 82 0 0
39 115 81 0 0
40 114 81 0 0
41 114 80 0 0
42 114 79 0 0
43 114 78 0 0
44 114 77 0 0
45 113 77 0 0
46 113 76 0 0
47 113 75 0 0
48 113 74 0 0
49 112 74 0 0
50 112 73 0 0
51 112 72 0 0
52 112 71 0 0
53 112 70 0 0
54 112 69 0 0
55 112 68 0 0
56 112 67 0 0
57 112 66 0 0
58 112 65 0 0
59 111 65 0 0
60 111 64 0 0
61 111 63 0 0
62 111 62 0 0
63 111 61 0 0
64 111 60 0 0
65 111 59 0 0
66 111 58 0 0
67 111 57 0 0
68 111 56 0 0
69 111 55 0 0
70 111 54 0 0
71 110 54 0 0
72 110 53 0 0
73 110 52 0 0
74 110 51 0 0
75 110 50 0 0
76 111 50 0 0
77 111 49 0 0
78 111 48 0 0
79 111 47 0 0
80 111 46 0 0
81 111 45 0 0
82 111 44 0 0
83 112 44 0 0
84 112 43 0 0
85 112 42 0 0
86 112 41 0 0
87 112 40 0 0
88 112 39 0 0
89 112 38 0 0
90 113 38 0 0
91 113 37 0 0
92 113 36 0 0
93 113 35 0 0
94 113 34 0 0
95 113 33 0 0
96 113 32 0 0
97 113 31 0 0
98 113 30 0 0
99 113 29 0 0
100 113 28 0 0
101 113 27 0 0
102 113 26 0 0
103 113 25 0 0
104 113 24 0 0
105 113 23 0 0
106 113 22 0 0
107 113 21 0 0
108 113 20 0 0
109 114 20 0 0
110 113 20 0 0
111 113 19 0 0
112 113 18 0 0
113 113 17 0 0
114 113 16 0 0
115 113 15 0 0
116 113 14 0 0
117 113 13 0 0
118 113 12 0 0
119 113 11 0 0
120 113 10 0 0
121 112 10 0 0
122 112 9 0 0
123 112 8 0 0
124 112 7 0 0
125 112 6 0 0
126 112 5 0 0
127 112 4 0 0
