0 111 268 0 0
1 111 267 0 0
2 111 266 0 0
3 111 265 0 0
4 111 264 0 0
5 111 263 0 0
6 110 263 0 0
7 110 262 0 0
8 110 261 0 0
9 110 260 0 0
10 110 259 0 0
11 110 258 0 0
12 110 257 0 0
13 110 256 0 0
14 110 255 0 0
15 110 254 0 0
16 110 253 0 0
17 110 252 0 0
18 110 251 0 0
19 110 250 0 0
20 110 249 0 0
21 110 248 0 0
22 110 247 0 0
23 110 246 0 0
24 110 245 0 0
25 110 244 0 0
26 110 243 0 0
27 110 242 0 0
28 110 241 0 0
29 110 240 0 0
30 110 239 0 0
31 110 238 0 0
32 110 237 0 0
33 110 236 0 0
34 110 235 0 0
35 110 234 0 0
36 110 233 0 0
37 110 232 0 0
38 110 231 0 0
39 110 230 0 0
40 110 229 0 0
41 110 228 0 0
42 110 227 0 0
43 110 226 0 0
44 110 225 0 0
45 110 224 0 0
46 110 223 0 0
47 110 222 0 0
48 110 221 0 0
49 110 220 0 0
50 110 219 0 0
51 110 218 0 0
52 111 218 0 0
53 111 217 0 0
54 111 216 0 0
55 111 215 0 0
56 111 214 0 0
57 111 213 0 0
58 111 212 0 0
