0 29 128 0 0
1 30 128 0 0
2 30 127 0 0
3 31 127 0 0
4 32 127 0 0
5 32 126 0 0
6 33 126 0 0
7 33 125 0 0
8 34 125 0 0
9 35 125 0 0
10 35 124 0 0
11 36 124 0 0
12 36 123 0 0
13 37 123 0 0
14 37 122 0 0
15 37 121 0 0
16 38 121 0 0
17 38 120 0 0
18 39 120 0 0
19 39 119 0 0
20 40 119 0 0
21 40 118 0 0
22 41 118 0 0
23 41 117 0 0
24 42 117 0 0
25 42 116 0 0
26 43 116 0 0
27 43 115 0 0
28 43 114 0 0
29 44 114 0 0
30 44 113 0 0
31 45 113 0 0
32 45 112 0 0
33 46 112 0 0
34 46 111 0 0
35 47 111 0 0
36 47 110 0 0
37 48 110 0 0
38 48 109 0 0
39 48 108 0 0
40 49 108 0 0
41 50 108 0 0
42 50 107 0 0
43 51 107 0 0
44 51 106 0 0
45 52 106 0 0
46 52 105 0 0
47 53 105 0 0
48 53 104 0 0
49 54 104 0 0
50 54 103 0 0
51 55 103 0 0
52 55 102 0 0
53 56 102 0 0
54 56 101 0 0
55 57 101 0 0
56 57 100 0 0
57 58 100 0 0
58 58 99 0 0
59 59 99 0 0
60 59 98 0 0
61 60 98 0 0
62 60 97 0 0
63 61 97 0 0
64 61 96 0 0
65 62 96 0 0
66 62 95 0 0
67 63 95 0 0
68 64 95 0 0
69 64 94 0 0
70 65 94 0 0
71 65 93 0 0
72 66 93 0 0
73 66 92 0 0
74 67 92 0 0
75 68 92 0 0
76 68 91 0 0
77 69 91 0 0
78 69 90 0 0
79 70 90 0 0
80 71 90 0 0
81 71 89 0 0
82 72 89 0 0
83 73 89 0 0
84 74 89 0 0
85 75 89 0 0
86 76 89 0 0
87 76 88 0 0
88 77 88 0 0
89 78 88 0 0
90 79 88 0 0
91 80 88 0 0
92 81 88 0 0
93 82 88 0 0
94 82 87 0 0
95 83 87 0 0
96 84 87 0 0
97 85 87 0 0
98 86 87 0 0
99 87 87 0 0
100 88 87 0 0
101 89 87 0 0
102 90 87 0 0
103 91 87 0 0
104 92 87 0 0
105 93 87 0 0
106 93 88 0 0
107 94 88 0 0
108 95 88 0 0
109 96 88 0 0
110 97 88 0 0
111 98 88 0 0
112 99 88 0 0
113 100 88 0 0
114 101 88 0 0
115 102 88 0 0
116 103 88 0 0
117 104 88 0 0
118 104 87 0 0
119 105 87 0 0
120 106 87 0 0
121 107 87 0 0
122 108 87 0 0
123 108 86 0 0
124 108 85 0 0
125 109 85 0 0
126 109 84 0 0
127 110 84 0 0
128 110 83 0 0
129 110 82 0 0
130 111 82 0 0
131 111 81 0 0
132 111 80 0 0
133 111 79 0 0
134 111 78 0 0
135 111 77 0 0
136 111 76 0 0
137 111 75 0 0
138 112 75 0 0
139 112 74 0 0
140 112 73 0 0
141 112 72 0 0
142 112 71 0 0
143 112 70 0 0
144 112 69 0 0
145 113 69 0 0
146 113 68 0 0
147 113 67 0 0
148 114 67 0 0
149 114 66 0 0
150 115 66 0 0
151 116 66 0 0
152 116 65 0 0
153 117 65 0 0
154 117 64 0 0
155 118 64 0 0
156 119 64 0 0
157 120 64 0 0
158 121 64 0 0
159 122 64 0 0
160 123 64 0 0
161 124 64 0 0
162 124 63 0 0
163 124 62 0 0
164 125 62 0 0
165 125 61 0 0
166 125 60 0 0
167 126 60 0 0
168 126 59 0 0
169 127 59 0 0
170 127 58 0 0
171 127 57 0 0
172 128 57 0 0
173 128 56 0 0
174 129 56 0 0
175 129 55 0 0
