0 109 199 0 0
1 109 198 0 0
2 108 198 0 0
3 107 198 0 0
4 106 198 0 0
5 105 198 0 0
6 105 197 0 0
7 104 197 0 0
8 103 197 0 0
9 103 196 0 0
10 102 196 0 0
11 101 196 0 0
12 100 196 0 0
13 99 196 0 0
14 99 195 0 0
15 98 195 0 0
16 97 195 0 0
17 96 195 0 0
18 96 194 0 0
19 95 194 0 0
20 94 194 0 0
21 94 193 0 0
22 93 193 0 0
23 92 193 0 0
24 91 193 0 0
25 90 193 0 0
26 89 193 0 0
27 88 193 0 0
28 87 193 0 0
29 86 193 0 0
30 85 193 0 0
31 84 193 0 0
32 83 193 0 0
33 82 193 0 0
34 82 194 0 0
35 81 194 0 0
36 80 194 0 0
37 79 194 0 0
38 78 194 0 0
39 78 195 0 0
40 78 194 0 0
41 77 194 0 0
42 76 194 0 0
43 76 193 0 0
44 75 193 0 0
45 74 193 0 0
46 73 193 0 0
47 72 193 0 0
48 72 192 0 0
49 71 192 0 0
50 70 192 0 0
51 69 192 0 0
52 68 192 0 0
53 68 191 0 0
54 67 191 0 0
55 66 191 0 0
56 66 190 0 0
57 65 190 0 0
58 65 189 0 0
59 64 189 0 0
60 64 188 0 0
61 63 188 0 0
62 63 187 0 0
63 62 187 0 0
64 62 186 0 0
65 61 186 0 0
66 61 185 0 0
67 60 185 0 0
68 60 184 0 0
69 59 184 0 0
70 59 183 0 0
71 59 182 0 0
72 58 182 0 0
73 57 182 0 0
74 57 181 0 0
75 56 181 0 0
76 56 180 0 0
77 56 179 0 0
78 55 179 0 0
79 55 178 0 0
80 54 178 0 0
81 54 177 0 0
82 53 177 0 0
83 53 176 0 0
84 52 176 0 0
85 52 175 0 0
86 51 175 0 0
87 51 174 0 0
88 50 174 0 0
89 50 173 0 0
90 50 172 0 0
91 49 172 0 0
92 49 171 0 0
93 48 171 0 0
94 48 170 0 0
95 47 170 0 0
96 47 169 0 0
97 46 169 0 0
98 46 168 0 0
99 45 168 0 0
100 45 167 0 0
101 44 167 0 0
102 44 166 0 0
103 43 166 0 0
104 43 165 0 0
105 42 165 0 0
106 42 164 0 0
107 41 164 0 0
108 41 163 0 0
109 40 163 0 0
110 40 162 0 0
111 40 161 0 0
112 39 161 0 0
113 39 160 0 0
114 38 160 0 0
115 37 160 0 0
116 37 159 0 0
117 36 159 0 0
118 36 158 0 0
119 35 158 0 0
120 35 157 0 0
121 34 157 0 0
122 33 157 0 0
123 33 156 0 0
124 32 156 0 0
125 32 155 0 0
126 31 155 0 0
127 30 155 0 0
128 29 155 0 0
129 29 154 0 0
130 28 154 0 0
131 28 153 0 0
132 27 153 0 0
133 26 153 0 0
134 26 152 0 0
135 25 152 0 0
136 24 152 0 0
137 23 152 0 0
138 23 151 0 0
139 22 151 0 0
140 21 151 0 0
141 21 150 0 0
142 20 150 0 0
143 20 149 0 0
144 19 149 0 0
145 18 149 0 0
146 17 149 0 0
147 17 148 0 0
148 16 148 0 0
149 15 148 0 0
150 14 148 0 0
151 13 148 0 0
152 12 148 0 0
153 11 148 0 0
154 10 148 0 0
155 9 148 0 0
156 8 148 0 0
