0 45 120 0 0
1 45 119 0 0
2 46 119 0 0
3 47 119 0 0
4 47 118 0 0
5 48 118 0 0
6 49 118 0 0
7 49 117 0 0
8 50 117 0 0
9 50 116 0 0
10 51 116 0 0
11 52 116 0 0
12 52 115 0 0
13 53 115 0 0
14 54 115 0 0
15 54 114 0 0
16 55 114 0 0
17 56 114 0 0
18 56 113 0 0
19 57 113 0 0
20 58 113 0 0
21 58 112 0 0
22 59 112 0 0
23 60 112 0 0
24 61 112 0 0
25 62 112 0 0
26 63 112 0 0
27 64 112 0 0
28 64 111 0 0
29 65 111 0 0
30 66 111 0 0
31 67 111 0 0
32 68 111 0 0
33 69 111 0 0
34 70 111 0 0
35 71 111 0 0
36 72 111 0 0
37 73 111 0 0
38 74 111 0 0
39 75 111 0 0
40 75 110 0 0
41 76 110 0 0
42 77 110 0 0
43 78 110 0 0
44 79 110 0 0
45 80 110 0 0
46 81 110 0 0
47 82 110 0 0
48 83 110 0 0
49 84 110 0 0
50 85 110 0 0
51 86 110 0 0
52 87 110 0 0
53 88 110 0 0
54 89 110 0 0
55 90 110 0 0
56 91 110 0 0
57 92 110 0 0
58 93 110 0 0
59 94 110 0 0
60 95 110 0 0
61 96 110 0 0
62 97 110 0 0
63 98 110 0 0
64 99 110 0 0
65 100 110 0 0
66 101 110 0 0
67 102 110 0 0
68 103 110 0 0
69 104 110 0 0
70 105 110 0 0
71 106 110 0 0
72 107 110 0 0
73 108 110 0 0
74 109 110 0 0
75 110 110 0 0
76 111 110 0 0
77 112 110 0 0
78 113 110 0 0
79 114 110 0 0
80 115 110 0 0
81 116 110 0 0
82 117 110 0 0
83 118 110 0 0
84 119 110 0 0
85 120 110 0 0
86 121 110 0 0
87 122 110 0 0
88 123 110 0 0
89 124 110 0 0
90 125 110 0 0
91 126 110 0 0
92 127 110 0 0
93 128 110 0 0
94 129 110 0 0
95 130 110 0 0
