0 6 126 0 0
1 6 125 0 0
2 5 125 0 0
3 6 125 0 0
4 7 125 0 0
5 7 126 0 0
6 8 126 0 0
7 9 126 0 0
8 10 126 0 0
9 11 126 0 0
10 12 126 0 0
11 12 127 0 0
12 13 127 0 0
13 14 127 0 0
14 14 128 0 0
15 15 128 0 0
16 16 128 0 0
17 17 128 0 0
18 18 128 0 0
19 19 128 0 0
20 19 129 0 0
21 20 129 0 0
22 21 129 0 0
23 22 129 0 0
24 23 129 0 0
25 24 129 0 0
26 24 130 0 0
27 25 130 0 0
28 26 130 0 0
29 27 130 0 0
30 28 130 0 0
31 28 131 0 0
32 29 131 0 0
33 30 131 0 0
34 30 132 0 0
35 31 132 0 0
36 32 132 0 0
37 33 132 0 0
38 34 132 0 0
39 34 133 0 0
40 35 133 0 0
41 36 133 0 0
42 37 133 0 0
43 38 133 0 0
44 38 134 0 0
45 39 134 0 0
46 40 134 0 0
47 40 135 0 0
48 41 135 0 0
49 42 135 0 0
50 43 135 0 0
51 44 135 0 0
52 45 135 0 0
53 45 136 0 0
54 46 136 0 0
55 47 136 0 0
56 48 136 0 0
57 49 136 0 0
58 49 137 0 0
59 50 137 0 0
60 51 137 0 0
61 52 137 0 0
62 53 137 0 0
63 54 137 0 0
64 54 138 0 0
65 55 138 0 0
66 56 138 0 0
67 57 138 0 0
68 57 139 0 0
69 58 139 0 0
70 59 139 0 0
71 60 139 0 0
72 60 140 0 0
73 61 140 0 0
74 62 140 0 0
75 63 140 0 0
76 64 140 0 0
77 64 141 0 0
78 65 141 0 0
79 66 141 0 0
80 67 141 0 0
81 68 141 0 0
82 68 142 0 0
83 69 142 0 0
84 70 142 0 0
85 70 143 0 0
86 70 144 0 0
87 71 144 0 0
88 71 145 0 0
89 72 145 0 0
90 72 146 0 0
91 72 147 0 0
92 73 147 0 0
93 73 148 0 0
94 73 149 0 0
95 74 149 0 0
96 74 150 0 0
97 74 151 0 0
98 75 151 0 0
99 75 152 0 0
100 75 153 0 0
101 76 153 0 0
102 76 154 0 0
103 76 155 0 0
104 77 155 0 0
105 77 156 0 0
106 77 157 0 0
107 78 157 0 0
108 78 158 0 0
109 78 159 0 0
110 79 159 0 0
111 79 160 0 0
112 79 161 0 0
113 79 162 0 0
114 80 162 0 0
115 80 163 0 0
116 80 164 0 0
117 80 165 0 0
118 81 165 0 0
119 81 166 0 0
120 81 167 0 0
121 82 167 0 0
122 82 168 0 0
123 82 169 0 0
124 83 169 0 0
125 83 170 0 0
126 83 171 0 0
127 83 172 0 0
128 84 172 0 0
129 84 173 0 0
130 84 174 0 0
131 84 175 0 0
132 84 176 0 0
133 84 177 0 0
134 84 178 0 0
135 84 179 0 0
136 84 180 0 0
137 84 181 0 0
138 84 182 0 0
139 84 183 0 0
140 84 184 0 0
141 84 185 0 0
142 84 186 0 0
143 84 187 0 0
144 85 187 0 0
145 85 188 0 0
146 85 189 0 0
147 85 190 0 0
148 85 191 0 0
149 85 192 0 0
150 85 193 0 0
151 85 194 0 0
152 85 195 0 0
153 85 196 0 0
154 85 197 0 0
155 85 198 0 0
156 85 199 0 0
157 85 200 0 0
158 85 201 0 0
159 85 202 0 0
160 85 203 0 0
161 85 204 0 0
162 85 205 0 0
163 85 206 0 0
164 85 207 0 0
165 85 208 0 0
166 85 209 0 0
167 85 210 0 0
168 84 210 0 0
169 84 211 0 0
170 84 212 0 0
171 84 213 0 0
172 84 214 0 0
173 85 214 0 0
174 85 215 0 0
175 85 216 0 0
176 85 217 0 0
177 85 218 0 0
178 85 219 0 0
179 85 220 0 0
180 85 221 0 0
181 85 222 0 0
182 85 223 0 0
183 85 224 0 0
184 85 225 0 0
185 85 226 0 0
186 86 226 0 0
187 86 227 0 0
188 86 228 0 0
189 86 229 0 0
190 86 230 0 0
191 86 231 0 0
192 85 231 0 0
193 85 232 0 0
194 85 233 0 0
195 85 234 0 0
196 85 235 0 0
197 86 235 0 0
198 86 236 0 0
199 86 237 0 0
200 86 238 0 0
201 86 239 0 0
202 86 240 0 0
203 87 240 0 0
204 87 241 0 0
205 87 242 0 0
206 87 243 0 0
207 87 244 0 0
208 87 245 0 0
209 87 246 0 0
210 87 247 0 0
211 87 248 0 0
212 87 249 0 0
213 87 250 0 0
214 87 251 0 0
215 87 252 0 0
216 88 252 0 0
217 88 253 0 0
218 88 254 0 0
219 88 255 0 0
220 88 256 0 0
221 88 257 0 0
222 88 258 0 0
223 89 258 0 0
224 89 259 0 0
225 89 260 0 0
226 89 261 0 0
227 89 262 0 0
228 89 263 0 0
229 89 264 0 0
230 89 265 0 0
231 90 265 0 0
232 90 266 0 0
233 90 267 0 0
234 90 268 0 0
235 90 269 0 0
236 90 270 0 0
237 90 271 0 0
238 91 271 0 0
239 91 272 0 0
240 91 273 0 0
241 91 274 0 0
