0 73 5 0 0
1 73 6 0 0
2 73 7 0 0
3 74 7 0 0
4 74 8 0 0
5 74 9 0 0
6 74 10 0 0
7 74 11 0 0
8 75 11 0 0
9 75 12 0 0
10 75 13 0 0
11 75 14 0 0
12 75 15 0 0
13 75 16 0 0
14 75 17 0 0
15 76 17 0 0
16 76 18 0 0
17 76 19 0 0
18 76 20 0 0
19 76 21 0 0
20 76 22 0 0
21 76 23 0 0
22 77 23 0 0
23 77 24 0 0
24 77 25 0 0
25 77 26 0 0
26 77 27 0 0
27 77 28 0 0
28 77 29 0 0
29 77 30 0 0
30 78 30 0 0
31 78 31 0 0
32 78 32 0 0
33 78 33 0 0
34 78 34 0 0
35 78 35 0 0
36 78 36 0 0
37 78 37 0 0
38 78 38 0 0
39 78 39 0 0
40 78 40 0 0
41 78 41 0 0
42 79 41 0 0
43 79 42 0 0
44 79 43 0 0
45 79 44 0 0
46 80 44 0 0
47 80 45 0 0
48 80 46 0 0
49 81 46 0 0
50 81 47 0 0
51 81 48 0 0
52 81 49 0 0
53 82 49 0 0
54 82 50 0 0
55 83 50 0 0
56 83 51 0 0
57 84 51 0 0
58 84 52 0 0
59 85 52 0 0
60 85 53 0 0
61 85 54 0 0
62 86 54 0 0
63 86 55 0 0
64 87 55 0 0
65 88 55 0 0
66 88 56 0 0
67 89 56 0 0
68 89 57 0 0
69 89 58 0 0
70 90 58 0 0
71 90 59 0 0
72 90 60 0 0
73 90 61 0 0
74 90 62 0 0
75 90 63 0 0
76 90 64 0 0
77 90 65 0 0
78 90 66 0 0
79 90 67 0 0
80 90 68 0 0
81 90 69 0 0
82 90 70 0 0
83 90 71 0 0
84 90 72 0 0
85 90 73 0 0
86 89 73 0 0
87 89 74 0 0
88 89 75 0 0
89 88 75 0 0
90 88 76 0 0
91 88 77 0 0
92 87 77 0 0
93 87 78 0 0
94 87 79 0 0
95 87 80 0 0
96 87 81 0 0
97 86 81 0 0
98 86 82 0 0
99 86 83 0 0
100 85 83 0 0
101 85 84 0 0
102 85 85 0 0
103 85 86 0 0
104 85 87 0 0
105 85 88 0 0
106 85 89 0 0
107 85 90 0 0
108 86 90 0 0
109 86 91 0 0
110 86 92 0 0
111 86 93 0 0
112 86 94 0 0
113 86 95 0 0
114 86 96 0 0
115 86 97 0 0
116 86 98 0 0
117 86 99 0 0
118 86 100 0 0
119 86 101 0 0
120 86 102 0 0
121 86 103 0 0
122 86 104 0 0
123 86 105 0 0
124 86 106 0 0
125 86 107 0 0
126 86 108 0 0
127 87 108 0 0
128 87 109 0 0
129 88 109 0 0
130 88 110 0 0
131 89 110 0 0
132 89 111 0 0
133 90 111 0 0
134 90 112 0 0
135 91 112 0 0
136 91 113 0 0
137 92 113 0 0
138 92 114 0 0
139 93 114 0 0
140 93 115 0 0
141 94 115 0 0
142 94 116 0 0
143 95 116 0 0
144 95 117 0 0
145 96 117 0 0
146 97 117 0 0
147 97 118 0 0
148 98 118 0 0
149 99 118 0 0
150 100 118 0 0
151 100 119 0 0
152 101 119 0 0
153 102 119 0 0
154 103 119 0 0
155 104 119 0 0
156 104 120 0 0
157 105 120 0 0
158 106 120 0 0
159 107 120 0 0
160 108 120 0 0
161 108 121 0 0
162 109 121 0 0
163 110 121 0 0
164 111 121 0 0
165 112 121 0 0
166 112 122 0 0
167 113 122 0 0
168 114 122 0 0
169 115 122 0 0
170 116 122 0 0
171 117 122 0 0
172 118 122 0 0
173 119 122 0 0
174 120 122 0 0
175 121 122 0 0
176 122 122 0 0
177 123 122 0 0
178 124 122 0 0
179 125 122 0 0
180 126 122 0 0
181 127 122 0 0
182 128 122 0 0
183 129 122 0 0
184 130 122 0 0
185 131 122 0 0
186 132 122 0 0
187 133 122 0 0
188 134 122 0 0
189 134 121 0 0
190 135 121 0 0
191 136 121 0 0
192 137 121 0 0
193 138 121 0 0
194 139 121 0 0
195 140 121 0 0
196 141 121 0 0
197 142 121 0 0
198 143 121 0 0
199 144 121 0 0
200 145 121 0 0
201 145 120 0 0
202 146 120 0 0
203 147 120 0 0
204 148 120 0 0
205 149 120 0 0
206 150 120 0 0
207 151 120 0 0
208 152 120 0 0
209 153 120 0 0
210 154 120 0 0
211 155 120 0 0
212 156 120 0 0
213 157 120 0 0
214 158 120 0 0
215 159 120 0 0
216 160 120 0 0
217 161 120 0 0
218 162 120 0 0
219 163 120 0 0
220 164 120 0 0
221 165 120 0 0
222 166 120 0 0
223 167 120 0 0
224 168 120 0 0
225 169 120 0 0
226 170 120 0 0
227 170 121 0 0
228 171 121 0 0
229 172 121 0 0
230 173 121 0 0
231 174 121 0 0
232 174 122 0 0
233 175 122 0 0
234 176 122 0 0
235 177 122 0 0
236 178 122 0 0
237 179 122 0 0
238 180 122 0 0
239 181 122 0 0
240 182 122 0 0
241 183 122 0 0
242 183 123 0 0
243 184 123 0 0
244 185 123 0 0
245 186 123 0 0
246 187 123 0 0
247 188 123 0 0
248 189 123 0 0
249 190 123 0 0
250 190 124 0 0
251 190 123 0 0
252 191 123 0 0
253 192 123 0 0
254 193 123 0 0
255 194 123 0 0
256 195 123 0 0
257 196 123 0 0
258 197 123 0 0
259 198 123 0 0
260 199 123 0 0
261 200 123 0 0
262 201 123 0 0
263 202 123 0 0
264 203 123 0 0
265 204 123 0 0
266 205 123 0 0
267 206 123 0 0
268 207 123 0 0
269 207 122 0 0
270 208 122 0 0
271 209 122 0 0
272 210 122 0 0
273 210 123 0 0
274 211 123 0 0
275 212 123 0 0
276 213 123 0 0
277 213 124 0 0
