0 22 128 0 0
1 23 128 0 0
2 24 128 0 0
3 25 128 0 0
4 26 128 0 0
5 27 128 0 0
6 28 128 0 0
7 29 128 0 0
8 30 128 0 0
9 31 128 0 0
10 32 128 0 0
11 32 127 0 0
12 33 127 0 0
13 34 127 0 0
14 35 127 0 0
15 36 127 0 0
16 37 127 0 0
17 38 127 0 0
18 39 127 0 0
19 40 127 0 0
20 41 127 0 0
21 41 126 0 0
22 42 126 0 0
23 43 126 0 0
24 44 126 0 0
25 45 126 0 0
26 46 126 0 0
27 47 126 0 0
28 48 126 0 0
29 49 126 0 0
30 50 126 0 0
31 51 126 0 0
32 52 126 0 0
33 53 126 0 0
34 54 126 0 0
35 55 126 0 0
36 56 126 0 0
37 57 126 0 0
38 58 126 0 0
39 59 126 0 0
40 60 126 0 0
41 61 126 0 0
42 62 126 0 0
43 62 125 0 0
44 63 125 0 0
45 64 125 0 0
46 65 125 0 0
47 66 125 0 0
48 67 125 0 0
49 68 125 0 0
50 69 125 0 0
51 70 125 0 0
52 71 125 0 0
53 72 125 0 0
54 72 126 0 0
55 73 126 0 0
56 74 126 0 0
57 75 126 0 0
58 76 126 0 0
59 77 126 0 0
60 78 126 0 0
61 79 126 0 0
62 80 126 0 0
63 81 126 0 0
64 82 126 0 0
65 82 125 0 0
66 83 125 0 0
67 84 125 0 0
68 85 125 0 0
69 86 125 0 0
70 86 124 0 0
71 87 124 0 0
72 88 124 0 0
73 89 124 0 0
74 90 124 0 0
75 90 123 0 0
76 91 123 0 0
77 92 123 0 0
78 93 123 0 0
79 94 123 0 0
80 94 122 0 0
81 95 122 0 0
82 95 121 0 0
83 96 121 0 0
84 97 121 0 0
85 98 121 0 0
86 99 121 0 0
87 99 120 0 0
88 100 120 0 0
89 101 120 0 0
90 102 120 0 0
91 103 120 0 0
92 103 119 0 0
93 104 119 0 0
94 105 119 0 0
95 106 119 0 0
96 107 119 0 0
97 108 119 0 0
98 109 119 0 0
99 109 120 0 0
100 110 120 0 0
101 111 120 0 0
102 112 120 0 0
103 113 120 0 0
104 114 120 0 0
105 115 120 0 0
106 116 120 0 0
107 117 120 0 0
108 117 121 0 0
109 118 121 0 0
110 119 121 0 0
111 120 121 0 0
112 121 121 0 0
113 122 121 0 0
114 123 121 0 0
115 124 121 0 0
