0 99 73 0 0
1 98 73 0 0
2 98 74 0 0
3 97 74 0 0
4 97 75 0 0
5 97 76 0 0
6 96 76 0 0
7 96 77 0 0
8 95 77 0 0
9 95 78 0 0
10 95 79 0 0
11 94 79 0 0
12 94 80 0 0
13 93 80 0 0
14 93 81 0 0
15 92 81 0 0
16 92 82 0 0
17 92 83 0 0
18 91 83 0 0
19 91 84 0 0
20 90 84 0 0
21 90 85 0 0
22 90 86 0 0
23 89 86 0 0
24 89 87 0 0
25 88 87 0 0
26 88 88 0 0
27 88 89 0 0
28 87 89 0 0
29 87 90 0 0
30 87 91 0 0
31 86 91 0 0
32 86 92 0 0
33 85 92 0 0
34 85 93 0 0
35 84 93 0 0
36 84 94 0 0
37 84 95 0 0
38 83 95 0 0
39 83 96 0 0
40 83 97 0 0
41 82 97 0 0
42 82 98 0 0
43 82 99 0 0
44 81 99 0 0
45 81 100 0 0
46 81 101 0 0
47 80 101 0 0
48 80 102 0 0
49 80 103 0 0
50 80 104 0 0
51 79 104 0 0
52 79 105 0 0
53 79 106 0 0
54 78 106 0 0
55 78 107 0 0
56 78 108 0 0
57 77 108 0 0
58 77 109 0 0
59 77 110 0 0
60 77 111 0 0
61 76 111 0 0
62 76 112 0 0
63 76 113 0 0
64 75 113 0 0
65 75 114 0 0
66 75 115 0 0
67 75 116 0 0
68 75 117 0 0
69 74 117 0 0
70 74 118 0 0
71 74 119 0 0
72 74 120 0 0
73 74 121 0 0
74 74 122 0 0
75 73 122 0 0
76 73 123 0 0
77 73 124 0 0
78 73 125 0 0
79 72 125 0 0
80 72 126 0 0
81 72 127 0 0
82 72 128 0 0
83 72 129 0 0
84 72 130 0 0
85 72 131 0 0
86 71 131 0 0
87 71 132 0 0
88 71 133 0 0
89 71 134 0 0
90 71 135 0 0
91 71 136 0 0
92 70 136 0 0
93 70 137 0 0
94 70 138 0 0
95 70 139 0 0
96 70 140 0 0
97 70 141 0 0
98 70 142 0 0
99 70 143 0 0
100 70 144 0 0
101 70 145 0 0
102 70 146 0 0
103 70 147 0 0
104 70 148 0 0
105 70 149 0 0
106 70 150 0 0
107 70 151 0 0
108 70 152 0 0
109 70 153 0 0
110 70 154 0 0
111 70 155 0 0
112 70 156 0 0
113 70 157 0 0
114 70 158 0 0
115 70 159 0 0
116 71 159 0 0
117 71 160 0 0
118 71 161 0 0
119 71 162 0 0
120 71 163 0 0
121 71 164 0 0
122 72 164 0 0
123 72 165 0 0
124 72 166 0 0
125 72 167 0 0
126 72 168 0 0
127 72 169 0 0
128 72 170 0 0
129 73 170 0 0
130 73 171 0 0
131 73 172 0 0
132 73 173 0 0
133 73 174 0 0
134 73 175 0 0
135 74 175 0 0
136 74 176 0 0
137 74 177 0 0
138 74 178 0 0
139 74 179 0 0
140 74 180 0 0
141 74 181 0 0
142 75 181 0 0
143 75 182 0 0
144 75 183 0 0
145 75 184 0 0
146 75 185 0 0
147 75 186 0 0
148 76 186 0 0
149 76 187 0 0
150 76 188 0 0
151 76 189 0 0
152 76 190 0 0
153 76 191 0 0
154 76 192 0 0
155 76 193 0 0
156 76 194 0 0
157 76 195 0 0
158 76 196 0 0
159 76 197 0 0
160 76 198 0 0
161 76 199 0 0
162 76 200 0 0
163 76 201 0 0
164 77 201 0 0
165 77 202 0 0
166 77 203 0 0
167 77 204 0 0
168 77 205 0 0
169 77 206 0 0
170 77 207 0 0
171 77 208 0 0
172 77 209 0 0
173 77 210 0 0
174 77 211 0 0
175 77 212 0 0
176 77 213 0 0
177 77 214 0 0
178 77 215 0 0
179 77 216 0 0
180 77 217 0 0
181 77 218 0 0
182 77 219 0 0
183 77 220 0 0
184 77 221 0 0
185 77 222 0 0
186 77 223 0 0
187 77 224 0 0
188 77 225 0 0
189 78 225 0 0
190 78 226 0 0
191 78 227 0 0
192 78 228 0 0
193 78 229 0 0
194 78 230 0 0
195 78 231 0 0
196 78 232 0 0
197 78 233 0 0
198 78 234 0 0
199 78 235 0 0
200 78 236 0 0
201 78 237 0 0
202 78 238 0 0
203 78 239 0 0
204 78 240 0 0
205 78 241 0 0
206 78 242 0 0
207 78 243 0 0
208 78 244 0 0
