0 95 271 0 0
1 95 270 0 0
2 95 269 0 0
3 95 268 0 0
4 95 267 0 0
5 95 266 0 0
6 95 265 0 0
7 96 265 0 0
8 96 264 0 0
9 96 263 0 0
10 96 262 0 0
11 96 261 0 0
12 96 260 0 0
13 96 259 0 0
14 96 258 0 0
15 96 257 0 0
16 96 256 0 0
17 96 255 0 0
18 96 254 0 0
19 96 253 0 0
20 96 252 0 0
21 96 251 0 0
22 96 250 0 0
23 96 249 0 0
24 96 248 0 0
25 96 247 0 0
26 96 246 0 0
27 96 245 0 0
28 96 244 0 0
29 96 243 0 0
30 96 242 0 0
31 96 241 0 0
32 96 240 0 0
33 96 239 0 0
34 97 239 0 0
35 97 238 0 0
36 97 237 0 0
37 97 236 0 0
38 97 235 0 0
39 97 234 0 0
40 97 233 0 0
41 97 232 0 0
42 97 231 0 0
43 97 230 0 0
44 97 229 0 0
45 97 228 0 0
46 97 227 0 0
47 97 226 0 0
48 97 225 0 0
49 97 224 0 0
50 97 223 0 0
51 97 222 0 0
52 97 221 0 0
53 97 220 0 0
54 97 219 0 0
55 97 218 0 0
56 97 217 0 0
57 97 216 0 0
58 97 215 0 0
59 97 214 0 0
60 97 213 0 0
61 97 212 0 0
62 97 211 0 0
63 97 210 0 0
64 97 209 0 0
65 97 208 0 0
66 97 207 0 0
67 98 207 0 0
68 98 206 0 0
69 98 205 0 0
70 98 204 0 0
71 98 203 0 0
72 98 202 0 0
73 98 201 0 0
74 98 200 0 0
75 98 199 0 0
76 98 198 0 0
77 98 197 0 0
78 98 196 0 0
79 98 195 0 0
80 98 194 0 0
81 98 193 0 0
82 98 192 0 0
83 98 191 0 0
84 98 190 0 0
85 98 189 0 0
86 98 188 0 0
87 99 188 0 0
88 99 187 0 0
89 99 186 0 0
90 99 185 0 0
91 100 185 0 0
92 100 184 0 0
93 100 183 0 0
94 100 182 0 0
95 101 182 0 0
96 101 181 0 0
97 101 180 0 0
98 101 179 0 0
99 102 179 0 0
100 102 178 0 0
101 102 177 0 0
102 102 176 0 0
103 103 176 0 0
104 103 175 0 0
105 103 174 0 0
106 103 173 0 0
107 104 173 0 0
108 104 172 0 0
109 104 171 0 0
110 104 170 0 0
111 105 170 0 0
112 106 170 0 0
113 106 169 0 0
114 107 169 0 0
115 107 168 0 0
116 108 168 0 0
117 109 168 0 0
118 109 167 0 0
119 110 167 0 0
120 111 167 0 0
121 111 166 0 0
122 112 166 0 0
123 112 165 0 0
124 113 165 0 0
125 114 165 0 0
126 114 164 0 0
127 115 164 0 0
128 115 163 0 0
129 116 163 0 0
130 117 163 0 0
131 117 162 0 0
132 118 162 0 0
133 118 161 0 0
134 119 161 0 0
135 120 161 0 0
136 120 160 0 0
137 121 160 0 0
138 122 160 0 0
139 122 159 0 0
140 123 159 0 0
