0 99 270 0 0
1 99 269 0 0
2 98 269 0 0
3 98 268 0 0
4 98 267 0 0
5 98 266 0 0
6 98 265 0 0
7 98 264 0 0
8 98 263 0 0
9 98 262 0 0
10 98 261 0 0
11 98 260 0 0
12 98 259 0 0
13 98 258 0 0
14 98 257 0 0
15 98 256 0 0
16 98 255 0 0
17 98 254 0 0
18 98 253 0 0
19 98 252 0 0
20 98 251 0 0
21 97 251 0 0
22 97 250 0 0
23 97 249 0 0
24 97 248 0 0
25 97 247 0 0
26 97 246 0 0
27 97 245 0 0
28 97 244 0 0
29 97 243 0 0
30 97 242 0 0
31 97 241 0 0
32 97 240 0 0
33 97 239 0 0
34 97 238 0 0
35 97 237 0 0
36 97 236 0 0
37 97 235 0 0
38 97 234 0 0
39 97 233 0 0
40 97 232 0 0
41 98 232 0 0
42 98 231 0 0
43 98 230 0 0
44 98 229 0 0
45 98 228 0 0
46 98 227 0 0
47 98 226 0 0
48 98 225 0 0
49 98 224 0 0
50 99 224 0 0
51 99 223 0 0
52 99 222 0 0
53 99 221 0 0
54 99 220 0 0
55 99 219 0 0
56 99 218 0 0
57 100 218 0 0
58 100 217 0 0
59 100 216 0 0
60 100 215 0 0
61 100 214 0 0
62 100 213 0 0
63 100 212 0 0
64 100 211 0 0
65 101 211 0 0
66 101 210 0 0
67 101 209 0 0
68 101 208 0 0
69 101 207 0 0
70 101 206 0 0
71 101 205 0 0
72 102 205 0 0
73 102 204 0 0
74 102 203 0 0
75 102 202 0 0
76 102 201 0 0
77 102 200 0 0
78 102 199 0 0
79 103 199 0 0
80 103 198 0 0
81 103 197 0 0
82 103 196 0 0
83 103 195 0 0
84 103 194 0 0
85 103 193 0 0
86 104 193 0 0
87 104 192 0 0
88 104 191 0 0
89 104 190 0 0
90 105 190 0 0
91 105 189 0 0
92 105 188 0 0
93 106 188 0 0
94 106 187 0 0
95 106 186 0 0
96 106 185 0 0
97 107 185 0 0
98 107 184 0 0
99 108 184 0 0
100 108 183 0 0
101 108 182 0 0
102 109 182 0 0
103 109 181 0 0
104 109 180 0 0
105 110 180 0 0
106 110 179 0 0
107 111 179 0 0
108 111 178 0 0
109 111 177 0 0
110 112 177 0 0
111 112 176 0 0
112 113 176 0 0
113 113 175 0 0
114 113 174 0 0
115 114 174 0 0
116 114 173 0 0
117 115 173 0 0
118 115 172 0 0
119 116 172 0 0
120 116 171 0 0
121 116 170 0 0
122 117 170 0 0
123 117 169 0 0
124 118 169 0 0
125 118 168 0 0
126 118 167 0 0
127 119 167 0 0
128 119 166 0 0
129 120 166 0 0
130 120 165 0 0
131 121 165 0 0
132 121 164 0 0
133 122 164 0 0
134 122 163 0 0
135 123 163 0 0
136 123 162 0 0
137 124 162 0 0
138 124 161 0 0
139 125 161 0 0
140 125 160 0 0
141 126 160 0 0
142 126 159 0 0
143 127 159 0 0
144 127 158 0 0
145 128 158 0 0
146 128 157 0 0
147 128 156 0 0
148 129 156 0 0
149 130 156 0 0
150 130 155 0 0
151 131 155 0 0
152 131 154 0 0
153 132 154 0 0
154 133 154 0 0
155 133 153 0 0
156 134 153 0 0
157 134 152 0 0
158 135 152 0 0
159 136 152 0 0
160 136 151 0 0
161 137 151 0 0
162 137 150 0 0
163 138 150 0 0
164 139 150 0 0
165 139 149 0 0
166 140 149 0 0
167 141 149 0 0
168 141 148 0 0
169 142 148 0 0
170 143 148 0 0
171 144 148 0 0
172 145 148 0 0
173 145 147 0 0
174 146 147 0 0
175 147 147 0 0
176 148 147 0 0
177 148 146 0 0
178 149 146 0 0
179 150 146 0 0
180 151 146 0 0
181 152 146 0 0
182 153 146 0 0
183 154 146 0 0
184 155 146 0 0
185 156 146 0 0
186 157 146 0 0
187 158 146 0 0
188 159 146 0 0
189 160 146 0 0
190 161 146 0 0
191 162 146 0 0
192 163 146 0 0
193 164 146 0 0
194 165 146 0 0
195 166 146 0 0
196 167 146 0 0
197 168 146 0 0
198 169 146 0 0
199 170 146 0 0
200 171 146 0 0
201 172 146 0 0
202 173 146 0 0
203 174 146 0 0
204 175 146 0 0
205 176 146 0 0
206 177 146 0 0
207 178 146 0 0
208 179 146 0 0
209 180 146 0 0
210 181 146 0 0
211 181 147 0 0
212 182 147 0 0
213 183 147 0 0
214 184 147 0 0
215 185 147 0 0
216 186 147 0 0
217 187 147 0 0
218 188 147 0 0
219 189 147 0 0
220 190 147 0 0
221 191 147 0 0
222 192 147 0 0
223 193 147 0 0
224 194 147 0 0
225 195 147 0 0
226 195 148 0 0
227 196 148 0 0
228 197 148 0 0
229 198 148 0 0
