0 21 121 0 0
1 21 120 0 0
2 22 120 0 0
3 23 120 0 0
4 24 120 0 0
5 25 120 0 0
6 26 120 0 0
7 27 120 0 0
8 28 120 0 0
9 29 120 0 0
10 30 120 0 0
11 31 120 0 0
12 32 120 0 0
13 33 120 0 0
14 34 120 0 0
15 35 120 0 0
16 36 120 0 0
17 37 120 0 0
18 38 120 0 0
19 39 120 0 0
20 40 120 0 0
21 41 120 0 0
22 42 120 0 0
23 43 120 0 0
24 44 120 0 0
25 45 120 0 0
26 46 120 0 0
27 47 120 0 0
28 48 120 0 0
29 49 120 0 0
30 50 120 0 0
31 51 120 0 0
32 52 120 0 0
33 53 120 0 0
34 54 120 0 0
35 55 120 0 0
36 56 120 0 0
37 57 120 0 0
38 58 120 0 0
39 59 120 0 0
40 60 120 0 0
41 61 120 0 0
42 62 120 0 0
43 63 120 0 0
44 64 120 0 0
45 65 120 0 0
46 66 120 0 0
47 67 120 0 0
48 68 120 0 0
49 69 120 0 0
50 69 121 0 0
51 70 121 0 0
52 71 121 0 0
53 72 121 0 0
54 73 121 0 0
55 74 121 0 0
56 75 121 0 0
57 76 121 0 0
58 77 121 0 0
59 78 121 0 0
60 79 121 0 0
61 79 122 0 0
62 79 121 0 0
63 80 121 0 0
64 81 121 0 0
65 82 121 0 0
66 83 121 0 0
67 84 121 0 0
68 85 121 0 0
69 85 120 0 0
70 86 120 0 0
71 87 120 0 0
72 88 120 0 0
73 89 120 0 0
74 90 120 0 0
75 91 120 0 0
76 92 120 0 0
77 92 119 0 0
78 93 119 0 0
79 94 119 0 0
80 95 119 0 0
81 96 119 0 0
82 97 119 0 0
83 98 119 0 0
84 98 118 0 0
85 99 118 0 0
86 100 118 0 0
87 101 118 0 0
88 101 117 0 0
89 102 117 0 0
90 103 117 0 0
91 104 117 0 0
92 105 117 0 0
93 105 118 0 0
94 106 118 0 0
95 106 119 0 0
96 107 119 0 0
97 108 119 0 0
98 108 120 0 0
99 109 120 0 0
100 109 121 0 0
101 110 121 0 0
102 111 121 0 0
103 111 122 0 0
104 112 122 0 0
105 112 123 0 0
106 113 123 0 0
107 113 124 0 0
108 114 124 0 0
109 115 124 0 0
110 115 125 0 0
111 116 125 0 0
112 117 125 0 0
113 118 125 0 0
114 119 125 0 0
115 120 125 0 0
116 121 125 0 0
117 122 125 0 0
