0 85 36 0 0
1 84 36 0 0
2 84 37 0 0
3 84 38 0 0
4 84 39 0 0
5 84 40 0 0
6 84 41 0 0
7 84 42 0 0
8 84 43 0 0
9 84 44 0 0
10 84 45 0 0
11 84 46 0 0
12 84 47 0 0
13 84 48 0 0
14 84 49 0 0
15 84 50 0 0
16 84 51 0 0
17 83 51 0 0
18 83 52 0 0
19 83 53 0 0
20 83 54 0 0
21 83 55 0 0
22 83 56 0 0
23 83 57 0 0
24 83 58 0 0
25 83 59 0 0
26 83 60 0 0
27 83 61 0 0
28 83 62 0 0
29 83 63 0 0
30 83 64 0 0
31 83 65 0 0
32 83 66 0 0
33 82 66 0 0
34 82 67 0 0
35 82 68 0 0
36 82 69 0 0
37 82 70 0 0
38 82 71 0 0
39 82 72 0 0
40 82 73 0 0
41 82 74 0 0
42 82 75 0 0
43 82 76 0 0
44 82 77 0 0
45 82 78 0 0
46 82 79 0 0
47 82 80 0 0
48 82 81 0 0
49 81 81 0 0
50 81 82 0 0
51 81 83 0 0
52 81 84 0 0
53 81 85 0 0
54 81 86 0 0
55 81 87 0 0
56 81 88 0 0
57 81 89 0 0
58 81 90 0 0
59 81 91 0 0
60 81 92 0 0
61 81 93 0 0
62 81 94 0 0
63 81 95 0 0
64 81 96 0 0
65 80 96 0 0
66 80 97 0 0
67 80 98 0 0
68 80 99 0 0
69 80 100 0 0
70 80 101 0 0
71 80 102 0 0
72 80 103 0 0
73 80 104 0 0
74 80 105 0 0
75 80 106 0 0
76 80 107 0 0
77 80 108 0 0
78 80 109 0 0
79 80 110 0 0
80 80 111 0 0
81 79 111 0 0
82 79 112 0 0
83 79 113 0 0
84 79 114 0 0
85 79 115 0 0
86 79 116 0 0
87 79 117 0 0
88 79 118 0 0
89 79 119 0 0
90 79 120 0 0
91 79 121 0 0
92 80 121 0 0
93 80 122 0 0
94 80 123 0 0
95 80 124 0 0
96 80 125 0 0
97 80 126 0 0
98 80 127 0 0
99 80 128 0 0
100 80 129 0 0
101 81 129 0 0
102 81 130 0 0
103 81 131 0 0
104 81 132 0 0
105 81 133 0 0
106 81 134 0 0
107 81 135 0 0
108 81 136 0 0
109 81 137 0 0
110 81 138 0 0
111 82 138 0 0
112 82 139 0 0
113 82 140 0 0
114 82 141 0 0
115 82 142 0 0
116 82 143 0 0
117 82 144 0 0
118 82 145 0 0
119 83 145 0 0
120 83 146 0 0
121 83 147 0 0
122 83 148 0 0
123 83 149 0 0
124 84 149 0 0
125 84 150 0 0
