0 95 269 0 0
1 95 268 0 0
2 95 267 0 0
3 95 266 0 0
4 95 265 0 0
5 95 264 0 0
6 95 263 0 0
7 95 262 0 0
8 95 261 0 0
9 95 260 0 0
10 95 259 0 0
11 95 258 0 0
12 95 257 0 0
13 95 256 0 0
14 95 255 0 0
15 95 254 0 0
16 95 253 0 0
17 95 252 0 0
18 95 251 0 0
19 95 250 0 0
20 95 249 0 0
21 95 248 0 0
22 95 247 0 0
23 95 246 0 0
24 95 245 0 0
25 95 244 0 0
26 95 243 0 0
27 95 242 0 0
28 95 241 0 0
29 95 240 0 0
30 95 239 0 0
31 95 238 0 0
32 95 237 0 0
33 95 236 0 0
34 95 235 0 0
35 95 234 0 0
36 95 233 0 0
37 95 232 0 0
38 95 231 0 0
39 95 230 0 0
40 95 229 0 0
41 95 228 0 0
42 95 227 0 0
43 95 226 0 0
44 95 225 0 0
45 96 225 0 0
46 96 224 0 0
47 96 223 0 0
48 96 222 0 0
49 96 221 0 0
50 96 220 0 0
51 96 219 0 0
52 96 218 0 0
53 96 217 0 0
54 96 216 0 0
55 96 215 0 0
56 96 214 0 0
57 96 213 0 0
58 96 212 0 0
59 96 211 0 0
60 96 210 0 0
61 96 209 0 0
62 96 208 0 0
63 96 207 0 0
64 96 206 0 0
65 96 205 0 0
66 96 204 0 0
67 96 203 0 0
68 96 202 0 0
69 96 201 0 0
70 96 200 0 0
71 96 199 0 0
72 96 198 0 0
73 96 197 0 0
74 97 197 0 0
75 97 196 0 0
76 97 195 0 0
77 98 195 0 0
78 98 194 0 0
79 98 193 0 0
80 98 192 0 0
81 99 192 0 0
82 99 191 0 0
83 99 190 0 0
84 100 190 0 0
85 100 189 0 0
86 100 188 0 0
87 100 187 0 0
88 101 187 0 0
89 101 186 0 0
90 101 185 0 0
91 102 185 0 0
92 102 184 0 0
93 102 183 0 0
94 103 183 0 0
95 103 182 0 0
96 104 182 0 0
97 104 181 0 0
98 104 180 0 0
99 105 180 0 0
100 105 179 0 0
101 106 179 0 0
102 106 178 0 0
103 107 178 0 0
104 107 177 0 0
105 108 177 0 0
106 108 176 0 0
107 109 176 0 0
108 109 175 0 0
109 110 175 0 0
110 110 174 0 0
111 111 174 0 0
112 111 173 0 0
113 112 173 0 0
114 112 172 0 0
115 113 172 0 0
116 113 171 0 0
117 114 171 0 0
118 114 170 0 0
119 115 170 0 0
120 116 170 0 0
121 116 169 0 0
122 117 169 0 0
123 117 168 0 0
124 118 168 0 0
125 119 168 0 0
126 119 167 0 0
127 120 167 0 0
128 120 166 0 0
129 121 166 0 0
130 121 165 0 0
131 122 165 0 0
132 123 165 0 0
133 123 164 0 0
134 124 164 0 0
135 125 164 0 0
136 125 163 0 0
137 125 162 0 0
138 126 162 0 0
139 127 162 0 0
140 127 161 0 0
141 128 161 0 0
142 128 160 0 0
143 129 160 0 0
144 130 160 0 0
145 130 159 0 0
146 131 159 0 0
147 131 158 0 0
148 132 158 0 0
149 133 158 0 0
150 133 157 0 0
151 134 157 0 0
152 134 156 0 0
153 135 156 0 0
154 136 156 0 0
155 137 156 0 0
156 138 156 0 0
157 139 156 0 0
158 140 156 0 0
159 141 156 0 0
160 141 155 0 0
161 142 155 0 0
162 143 155 0 0
163 144 155 0 0
164 145 155 0 0
165 146 155 0 0
166 147 155 0 0
167 148 155 0 0
168 149 155 0 0
169 150 155 0 0
170 151 155 0 0
171 152 155 0 0
172 153 155 0 0
173 153 154 0 0
174 154 154 0 0
175 155 154 0 0
176 156 154 0 0
177 157 154 0 0
178 158 154 0 0
179 159 154 0 0
180 160 154 0 0
181 161 154 0 0
182 162 154 0 0
183 163 154 0 0
184 164 154 0 0
185 165 154 0 0
186 166 154 0 0
187 166 153 0 0
188 167 153 0 0
189 168 153 0 0
190 169 153 0 0
191 170 153 0 0
192 171 153 0 0
193 172 153 0 0
194 173 153 0 0
195 174 153 0 0
196 175 153 0 0
197 176 153 0 0
198 177 153 0 0
199 178 153 0 0
200 179 153 0 0
201 180 153 0 0
202 181 153 0 0
203 182 153 0 0
204 183 153 0 0
205 184 153 0 0
206 185 153 0 0
207 186 153 0 0
208 187 153 0 0
209 188 153 0 0
210 189 153 0 0
211 190 153 0 0
212 191 153 0 0
213 192 153 0 0
214 193 153 0 0
215 194 153 0 0
216 195 153 0 0
217 195 154 0 0
218 196 154 0 0
