0 104 271 0 0
1 104 270 0 0
2 103 270 0 0
3 103 269 0 0
4 103 268 0 0
5 103 267 0 0
6 103 266 0 0
7 103 265 0 0
8 103 264 0 0
9 103 263 0 0
10 103 262 0 0
11 103 261 0 0
12 103 260 0 0
13 103 259 0 0
14 103 258 0 0
15 103 257 0 0
16 103 256 0 0
17 103 255 0 0
18 103 254 0 0
19 103 253 0 0
20 103 252 0 0
21 103 251 0 0
22 103 250 0 0
23 103 249 0 0
24 103 248 0 0
25 103 247 0 0
26 103 246 0 0
27 103 245 0 0
28 103 244 0 0
29 102 244 0 0
30 102 243 0 0
31 102 242 0 0
32 102 241 0 0
33 102 240 0 0
34 102 239 0 0
35 102 238 0 0
36 102 237 0 0
37 102 236 0 0
38 102 235 0 0
39 102 234 0 0
40 102 233 0 0
41 102 232 0 0
42 102 231 0 0
43 102 230 0 0
44 102 229 0 0
45 102 228 0 0
46 102 227 0 0
47 102 226 0 0
48 102 225 0 0
49 102 224 0 0
50 102 223 0 0
51 102 222 0 0
52 102 221 0 0
53 102 220 0 0
54 102 219 0 0
55 102 218 0 0
56 102 217 0 0
57 102 216 0 0
58 102 215 0 0
59 102 214 0 0
60 102 213 0 0
61 102 212 0 0
62 102 211 0 0
63 102 210 0 0
64 102 209 0 0
65 102 208 0 0
66 102 207 0 0
67 102 206 0 0
68 102 205 0 0
69 102 204 0 0
70 102 203 0 0
71 102 202 0 0
72 102 201 0 0
73 103 201 0 0
74 103 200 0 0
75 103 199 0 0
76 103 198 0 0
77 103 197 0 0
78 103 196 0 0
79 103 195 0 0
80 103 194 0 0
81 103 193 0 0
82 103 192 0 0
83 103 191 0 0
84 103 190 0 0
85 103 189 0 0
86 104 189 0 0
87 104 188 0 0
88 104 187 0 0
89 105 187 0 0
90 105 186 0 0
91 106 186 0 0
92 106 185 0 0
93 107 185 0 0
94 107 184 0 0
95 108 184 0 0
96 108 183 0 0
97 108 182 0 0
98 109 182 0 0
99 109 181 0 0
100 110 181 0 0
101 110 180 0 0
102 110 179 0 0
103 111 179 0 0
104 111 178 0 0
105 112 178 0 0
106 112 177 0 0
107 112 176 0 0
108 113 176 0 0
109 113 175 0 0
110 114 175 0 0
111 114 174 0 0
112 114 173 0 0
113 115 173 0 0
114 115 172 0 0
115 116 172 0 0
116 116 171 0 0
117 117 171 0 0
118 117 170 0 0
119 118 170 0 0
120 119 170 0 0
121 119 169 0 0
122 120 169 0 0
123 120 168 0 0
124 121 168 0 0
125 121 167 0 0
126 122 167 0 0
127 123 167 0 0
128 123 166 0 0
129 124 166 0 0
130 125 166 0 0
131 125 165 0 0
132 126 165 0 0
133 126 164 0 0
134 127 164 0 0
135 128 164 0 0
136 128 163 0 0
137 129 163 0 0
138 130 163 0 0
139 130 162 0 0
140 131 162 0 0
141 131 161 0 0
142 132 161 0 0
143 133 161 0 0
144 133 160 0 0
145 134 160 0 0
146 135 160 0 0
147 135 159 0 0
148 136 159 0 0
149 137 159 0 0
150 137 158 0 0
151 138 158 0 0
152 139 158 0 0
153 139 157 0 0
154 140 157 0 0
155 140 156 0 0
156 141 156 0 0
157 142 156 0 0
158 142 155 0 0
159 143 155 0 0
160 144 155 0 0
161 144 154 0 0
