0 30 126 0 0
1 30 125 0 0
2 31 125 0 0
3 31 124 0 0
4 32 124 0 0
5 32 123 0 0
6 33 123 0 0
7 33 122 0 0
8 33 121 0 0
9 34 121 0 0
10 34 120 0 0
11 34 119 0 0
12 35 119 0 0
13 35 118 0 0
14 35 117 0 0
15 36 117 0 0
16 36 116 0 0
17 36 115 0 0
18 37 115 0 0
19 37 114 0 0
20 37 113 0 0
21 37 112 0 0
22 38 112 0 0
23 38 111 0 0
24 38 110 0 0
25 39 110 0 0
26 39 109 0 0
27 39 108 0 0
28 40 108 0 0
29 40 107 0 0
30 40 106 0 0
31 40 105 0 0
32 41 105 0 0
33 41 104 0 0
34 41 103 0 0
35 42 103 0 0
36 42 102 0 0
37 42 101 0 0
38 43 101 0 0
39 43 100 0 0
40 44 100 0 0
41 44 99 0 0
42 45 99 0 0
43 46 99 0 0
44 46 98 0 0
45 47 98 0 0
46 47 97 0 0
47 48 97 0 0
48 48 96 0 0
49 49 96 0 0
50 50 96 0 0
51 50 95 0 0
52 51 95 0 0
53 51 94 0 0
54 52 94 0 0
55 52 93 0 0
56 53 93 0 0
57 54 93 0 0
58 54 92 0 0
59 55 92 0 0
60 55 91 0 0
61 56 91 0 0
62 57 91 0 0
63 57 90 0 0
64 58 90 0 0
65 59 90 0 0
66 59 89 0 0
67 60 89 0 0
68 60 88 0 0
69 61 88 0 0
70 62 88 0 0
71 62 87 0 0
72 63 87 0 0
73 64 87 0 0
74 64 86 0 0
75 65 86 0 0
76 66 86 0 0
77 67 86 0 0
78 68 86 0 0
79 69 86 0 0
80 70 86 0 0
81 71 86 0 0
82 71 85 0 0
83 72 85 0 0
84 73 85 0 0
85 74 85 0 0
86 75 85 0 0
87 76 85 0 0
88 77 85 0 0
89 78 85 0 0
90 79 85 0 0
91 80 85 0 0
92 81 85 0 0
93 81 86 0 0
94 82 86 0 0
95 83 86 0 0
96 83 87 0 0
97 84 87 0 0
98 85 87 0 0
99 86 87 0 0
100 87 87 0 0
101 88 87 0 0
102 89 87 0 0
103 90 87 0 0
104 90 88 0 0
105 91 88 0 0
106 91 89 0 0
