0 110 232 0 0
1 110 231 0 0
2 110 230 0 0
3 110 229 0 0
4 110 228 0 0
5 110 227 0 0
6 110 226 0 0
7 110 225 0 0
8 110 224 0 0
9 110 223 0 0
10 110 222 0 0
11 110 221 0 0
12 110 220 0 0
13 110 219 0 0
14 110 218 0 0
15 111 218 0 0
16 111 217 0 0
17 111 216 0 0
18 111 215 0 0
19 111 214 0 0
20 111 213 0 0
21 111 212 0 0
22 112 212 0 0
23 112 211 0 0
24 112 210 0 0
25 112 209 0 0
26 112 208 0 0
27 112 207 0 0
28 112 206 0 0
29 112 205 0 0
30 113 205 0 0
31 113 204 0 0
32 113 203 0 0
33 113 202 0 0
34 113 201 0 0
35 114 201 0 0
36 114 200 0 0
37 114 199 0 0
38 115 199 0 0
39 115 198 0 0
40 115 197 0 0
41 116 197 0 0
42 116 196 0 0
43 117 196 0 0
44 117 195 0 0
45 118 195 0 0
46 118 194 0 0
47 119 194 0 0
48 119 193 0 0
49 119 192 0 0
50 120 192 0 0
51 120 191 0 0
52 121 191 0 0
53 121 190 0 0
54 122 190 0 0
55 122 189 0 0
56 123 189 0 0
57 123 188 0 0
58 124 188 0 0
59 124 187 0 0
60 125 187 0 0
61 125 186 0 0
62 125 185 0 0
63 126 185 0 0
64 126 184 0 0
65 127 184 0 0
66 127 183 0 0
67 128 183 0 0
68 128 182 0 0
69 128 181 0 0
70 129 181 0 0
71 129 180 0 0
72 130 180 0 0
73 130 179 0 0
74 130 178 0 0
75 130 177 0 0
76 131 177 0 0
77 131 176 0 0
78 131 175 0 0
79 131 174 0 0
80 132 174 0 0
81 132 173 0 0
82 132 172 0 0
83 133 172 0 0
84 134 172 0 0
85 134 171 0 0
86 135 171 0 0
87 135 170 0 0
88 136 170 0 0
89 137 170 0 0
90 136 170 0 0
91 136 171 0 0
92 136 172 0 0
93 135 172 0 0
94 135 173 0 0
95 135 174 0 0
96 134 174 0 0
97 134 175 0 0
98 134 176 0 0
99 133 176 0 0
100 133 177 0 0
101 133 178 0 0
102 132 178 0 0
103 132 179 0 0
104 132 180 0 0
105 131 180 0 0
106 131 181 0 0
107 130 181 0 0
108 130 182 0 0
109 130 183 0 0
110 129 183 0 0
111 129 184 0 0
112 129 185 0 0
113 128 185 0 0
114 128 186 0 0
115 128 187 0 0
116 127 187 0 0
117 127 188 0 0
118 127 189 0 0
119 126 189 0 0
120 126 190 0 0
121 126 191 0 0
122 125 191 0 0
123 125 192 0 0
124 124 192 0 0
125 124 193 0 0
126 124 194 0 0
127 123 194 0 0
128 123 195 0 0
129 123 196 0 0
130 122 196 0 0
131 122 197 0 0
132 122 198 0 0
133 121 198 0 0
134 121 199 0 0
135 120 199 0 0
136 120 200 0 0
137 120 201 0 0
138 120 202 0 0
139 119 202 0 0
140 119 203 0 0
141 118 203 0 0
142 118 204 0 0
143 118 205 0 0
144 117 205 0 0
145 117 206 0 0
146 117 207 0 0
147 116 207 0 0
148 116 208 0 0
149 116 209 0 0
150 115 209 0 0
151 115 210 0 0
152 115 211 0 0
153 114 211 0 0
154 114 212 0 0
155 113 212 0 0
156 113 213 0 0
157 113 214 0 0
158 112 214 0 0
159 112 215 0 0
160 112 216 0 0
161 111 216 0 0
162 111 217 0 0
