0 136 41 0 0
1 136 40 0 0
2 136 39 0 0
3 136 38 0 0
4 136 37 0 0
5 135 37 0 0
6 135 36 0 0
7 135 35 0 0
8 135 34 0 0
9 135 33 0 0
10 135 32 0 0
11 136 32 0 0
12 136 31 0 0
13 136 30 0 0
14 137 30 0 0
15 137 29 0 0
16 137 28 0 0
17 138 28 0 0
18 138 27 0 0
19 139 27 0 0
20 139 26 0 0
21 139 25 0 0
22 140 25 0 0
23 140 24 0 0
24 141 24 0 0
25 141 23 0 0
26 142 23 0 0
27 143 23 0 0
28 143 22 0 0
29 144 22 0 0
30 144 21 0 0
31 144 20 0 0
32 145 20 0 0
33 146 20 0 0
34 146 19 0 0
35 147 19 0 0
36 147 18 0 0
37 148 18 0 0
38 148 17 0 0
39 149 17 0 0
40 149 16 0 0
41 150 16 0 0
42 151 16 0 0
43 152 16 0 0
