0 108 270 0 0
1 108 269 0 0
2 108 268 0 0
3 108 267 0 0
4 108 266 0 0
5 108 265 0 0
6 108 264 0 0
7 108 263 0 0
8 108 262 0 0
9 108 261 0 0
10 108 260 0 0
11 108 259 0 0
12 108 258 0 0
13 108 257 0 0
14 108 256 0 0
15 108 255 0 0
16 108 254 0 0
17 109 254 0 0
18 109 253 0 0
19 109 252 0 0
20 109 251 0 0
21 109 250 0 0
22 109 249 0 0
23 109 248 0 0
24 109 247 0 0
25 109 246 0 0
26 109 245 0 0
27 109 244 0 0
28 109 243 0 0
29 109 242 0 0
30 109 241 0 0
31 109 240 0 0
32 109 239 0 0
33 109 238 0 0
34 109 237 0 0
35 109 236 0 0
36 109 235 0 0
37 109 234 0 0
38 109 233 0 0
39 109 232 0 0
40 109 231 0 0
41 109 230 0 0
42 109 229 0 0
43 109 228 0 0
44 109 227 0 0
45 109 226 0 0
46 110 226 0 0
47 110 225 0 0
48 110 224 0 0
49 110 223 0 0
50 110 222 0 0
51 110 221 0 0
52 110 220 0 0
53 110 219 0 0
54 110 218 0 0
55 110 217 0 0
56 110 216 0 0
