0 90 8 0 0
1 90 9 0 0
2 90 10 0 0
3 90 11 0 0
4 90 12 0 0
5 90 13 0 0
6 90 14 0 0
7 90 15 0 0
8 90 16 0 0
9 90 17 0 0
10 90 18 0 0
11 90 19 0 0
12 90 20 0 0
13 90 21 0 0
14 91 21 0 0
15 91 22 0 0
16 91 23 0 0
17 91 24 0 0
18 91 25 0 0
19 91 26 0 0
20 91 27 0 0
21 91 28 0 0
22 91 29 0 0
23 91 30 0 0
24 91 31 0 0
25 91 32 0 0
26 91 33 0 0
27 91 34 0 0
28 91 35 0 0
29 91 36 0 0
30 91 37 0 0
31 92 37 0 0
32 92 38 0 0
33 92 39 0 0
34 92 40 0 0
35 92 41 0 0
36 92 42 0 0
37 92 43 0 0
38 92 44 0 0
39 92 45 0 0
40 92 46 0 0
41 92 47 0 0
42 92 48 0 0
43 92 49 0 0
44 93 49 0 0
45 93 50 0 0
46 93 51 0 0
47 93 52 0 0
48 93 53 0 0
49 93 54 0 0
50 93 55 0 0
51 93 56 0 0
52 93 57 0 0
53 93 58 0 0
54 93 59 0 0
55 93 60 0 0
56 94 60 0 0
57 94 61 0 0
58 94 62 0 0
59 94 63 0 0
60 94 64 0 0
61 94 65 0 0
62 94 66 0 0
63 94 67 0 0
64 94 68 0 0
65 94 69 0 0
66 95 69 0 0
67 95 70 0 0
68 95 71 0 0
69 96 71 0 0
70 96 72 0 0
71 96 73 0 0
72 96 74 0 0
73 97 74 0 0
74 97 75 0 0
75 97 76 0 0
76 98 76 0 0
77 98 77 0 0
78 98 78 0 0
79 98 79 0 0
80 98 80 0 0
81 99 80 0 0
82 99 81 0 0
83 100 81 0 0
84 100 82 0 0
85 100 83 0 0
86 100 84 0 0
87 101 84 0 0
88 101 85 0 0
89 101 86 0 0
90 102 86 0 0
91 102 87 0 0
92 102 88 0 0
93 102 89 0 0
94 103 89 0 0
95 103 90 0 0
96 104 90 0 0
97 104 91 0 0
98 105 91 0 0
99 105 92 0 0
100 105 93 0 0
101 106 93 0 0
102 106 94 0 0
103 107 94 0 0
104 107 95 0 0
105 108 95 0 0
106 108 96 0 0
107 109 96 0 0
108 109 97 0 0
109 110 97 0 0
110 110 98 0 0
111 111 98 0 0
112 111 99 0 0
113 112 99 0 0
114 112 100 0 0
115 113 100 0 0
116 113 101 0 0
117 114 101 0 0
118 115 101 0 0
119 115 102 0 0
120 115 103 0 0
121 116 103 0 0
122 116 104 0 0
123 117 104 0 0
124 118 104 0 0
125 118 105 0 0
126 119 105 0 0
127 119 106 0 0
128 120 106 0 0
129 120 107 0 0
130 121 107 0 0
131 121 108 0 0
132 122 108 0 0
133 123 108 0 0
134 123 109 0 0
135 124 109 0 0
136 124 110 0 0
137 124 111 0 0
138 125 111 0 0
139 125 112 0 0
140 126 112 0 0
141 127 112 0 0
142 127 113 0 0
143 128 113 0 0
144 128 114 0 0
145 129 114 0 0
146 129 115 0 0
147 130 115 0 0
148 130 116 0 0
149 131 116 0 0
150 132 116 0 0
151 132 117 0 0
152 132 118 0 0
153 133 118 0 0
154 133 119 0 0
155 134 119 0 0
156 135 119 0 0
157 135 120 0 0
158 136 120 0 0
159 136 121 0 0
160 137 121 0 0
161 138 121 0 0
162 139 121 0 0
163 139 122 0 0
164 140 122 0 0
165 141 122 0 0
166 142 122 0 0
167 143 122 0 0
168 144 122 0 0
169 145 122 0 0
170 145 123 0 0
171 146 123 0 0
172 147 123 0 0
173 148 123 0 0
174 149 123 0 0
175 150 123 0 0
176 151 123 0 0
177 151 124 0 0
178 152 124 0 0
179 153 124 0 0
180 154 124 0 0
181 155 124 0 0
182 156 124 0 0
183 157 124 0 0
184 157 125 0 0
185 158 125 0 0
186 159 125 0 0
187 160 125 0 0
188 160 126 0 0
189 161 126 0 0
190 162 126 0 0
191 163 126 0 0
192 164 126 0 0
193 165 126 0 0
194 165 127 0 0
195 166 127 0 0
196 167 127 0 0
197 168 127 0 0
198 169 127 0 0
199 170 127 0 0
200 171 127 0 0
201 172 127 0 0
202 173 127 0 0
203 174 127 0 0
204 175 127 0 0
205 176 127 0 0
206 177 127 0 0
207 178 127 0 0
208 179 127 0 0
209 180 127 0 0
210 180 126 0 0
211 181 126 0 0
212 182 126 0 0
213 183 126 0 0
214 184 126 0 0
215 185 126 0 0
216 186 126 0 0
217 187 126 0 0
218 188 126 0 0
219 188 125 0 0
220 189 125 0 0
221 190 125 0 0
222 191 125 0 0
223 192 125 0 0
224 193 125 0 0
225 193 124 0 0
226 194 124 0 0
