0 20200 2200 0 0
1 20200 2400 0 0
2 20200 2600 0 0
3 20200 2800 0 0
4 20200 3000 0 0
5 20200 3200 0 0
6 20200 3400 0 0
7 20200 3600 0 0
8 20200 3800 0 0
9 20200 4000 0 0
10 20200 4200 0 0
11 20200 4400 0 0
12 20200 4600 0 0
13 20200 4800 0 0
14 20200 5000 0 0
15 20200 5200 0 0
16 20200 5400 0 0
17 20200 5600 0 0
18 20200 5800 0 0
19 20200 6000 0 0
20 20200 6200 0 0
21 20200 6400 0 0
22 20200 6600 0 0
23 20200 6800 0 0
24 20200 7000 0 0
25 20200 7200 0 0
26 20200 7400 0 0
27 20200 7600 0 0
28 20200 7800 0 0
29 20200 8000 0 0
30 20200 8200 0 0
31 20200 8400 0 0
32 20200 8600 0 0
33 20200 8800 0 0
34 20200 9000 0 0
35 20200 9200 0 0
36 20200 9400 0 0
37 20200 9600 0 0
38 20200 9800 0 0
39 20200 10000 0 0
40 20200 10200 0 0
41 20200 10400 0 0
42 20200 10600 0 0
43 20200 10800 0 0
44 20200 11000 0 0
45 20200 11200 0 0
46 20200 11400 0 0
47 20200 11600 0 0
48 20200 11800 0 0
49 20200 12000 0 0
50 20200 12200 0 0
51 20200 12400 0 0
52 20200 12600 0 0
53 20200 12800 0 0
54 20400 12800 0 0
55 20400 13000 0 0
56 20400 13200 0 0
57 20400 13400 0 0
58 20400 13600 0 0
59 20600 13600 0 0
60 20600 13800 0 0
61 20600 14000 0 0
62 20600 14200 0 0
63 20600 14400 0 0
64 20600 14600 0 0
65 20800 14600 0 0
66 20800 14800 0 0
67 20800 15000 0 0
68 20800 15200 0 0
69 21000 15200 0 0
70 21000 15400 0 0
71 21000 15600 0 0
72 21000 15800 0 0
73 21000 16000 0 0
74 21000 16200 0 0
75 21200 16200 0 0
76 21200 16400 0 0
77 21200 16600 0 0
78 21200 16800 0 0
79 21400 16800 0 0
80 21400 17000 0 0
81 21400 17200 0 0
82 21400 17400 0 0
83 21400 17600 0 0
84 21600 17600 0 0
85 21600 17800 0 0
86 21600 18000 0 0
87 21600 18200 0 0
88 21600 18400 0 0
89 21600 18600 0 0
90 21800 18600 0 0
91 21800 18800 0 0
92 21800 19000 0 0
93 21800 19200 0 0
94 22000 19200 0 0
95 22000 19400 0 0
96 22000 19600 0 0
97 22000 19800 0 0
98 22000 20000 0 0
99 22000 20200 0 0
100 22200 20200 0 0
101 22200 20400 0 0
102 22200 20600 0 0
103 22200 20800 0 0
104 22400 20800 0 0
105 22400 21000 0 0
106 22600 21000 0 0
107 22600 21200 0 0
108 22800 21200 0 0
109 22800 21400 0 0
110 23000 21400 0 0
111 23000 21600 0 0
112 23200 21600 0 0
113 23400 21600 0 0
114 23400 21800 0 0
115 23600 21800 0 0
116 23600 22000 0 0
117 23800 22000 0 0
118 23800 22200 0 0
119 24000 22200 0 0
120 24000 22400 0 0
121 24200 22400 0 0
122 24400 22400 0 0
123 24400 22600 0 0
124 24600 22600 0 0
125 24600 22800 0 0
126 24800 22800 0 0
127 24800 23000 0 0
128 25000 23000 0 0
129 25200 23000 0 0
130 25200 23200 0 0
131 25400 23200 0 0
132 25400 23400 0 0
133 25600 23400 0 0
134 25600 23600 0 0
135 25800 23600 0 0
136 26000 23600 0 0
137 26000 23800 0 0
138 26200 23800 0 0
139 26200 24000 0 0
140 26400 24000 0 0
141 26600 24000 0 0
142 26600 24200 0 0
143 26800 24200 0 0
144 26800 24400 0 0
145 27000 24400 0 0
146 27200 24400 0 0
147 27400 24400 0 0
148 27600 24400 0 0
149 27800 24400 0 0
150 28000 24400 0 0
151 28000 24600 0 0
152 28200 24600 0 0
153 28400 24600 0 0
154 28600 24600 0 0
155 28800 24600 0 0
156 29000 24600 0 0
157 29200 24600 0 0
158 29400 24600 0 0
159 29400 24800 0 0
160 29600 24800 0 0
161 29800 24800 0 0
162 30000 24800 0 0
163 30200 24800 0 0
164 30400 24800 0 0
165 30600 24800 0 0
166 30800 24800 0 0
167 30800 25000 0 0
168 31000 25000 0 0
169 31200 25000 0 0
170 31400 25000 0 0
171 31400 25200 0 0
172 31600 25200 0 0
173 31800 25200 0 0
174 32000 25200 0 0
175 32200 25200 0 0
176 32400 25200 0 0
177 32600 25200 0 0
178 32800 25200 0 0
179 32800 25400 0 0
180 33000 25400 0 0
181 33200 25400 0 0
182 33400 25400 0 0
183 33600 25400 0 0
184 33800 25400 0 0
185 34000 25400 0 0
186 34000 25600 0 0
187 34200 25600 0 0
188 34400 25600 0 0
189 34600 25600 0 0
190 34800 25600 0 0
191 34800 25800 0 0
192 35000 25800 0 0
193 35200 25800 0 0
194 35400 25800 0 0
195 35600 25800 0 0
196 35800 25800 0 0
197 35800 26000 0 0
198 36000 26000 0 0
199 36200 26000 0 0
200 36400 26000 0 0
201 36600 26000 0 0
202 36800 26000 0 0
203 36800 25800 0 0
204 37000 25800 0 0
205 37200 25800 0 0
206 37400 25800 0 0
207 37600 25800 0 0
208 37800 25800 0 0
209 37800 25600 0 0
210 38000 25600 0 0
211 38200 25600 0 0
212 38400 25600 0 0
