0 17200 53400 0 0
1 17200 53200 0 0
2 17200 53000 0 0
3 17200 52800 0 0
4 17200 52600 0 0
5 17200 52400 0 0
6 17200 52200 0 0
7 17200 52000 0 0
8 17200 51800 0 0
9 17200 51600 0 0
10 17200 51400 0 0
11 17400 51400 0 0
12 17400 51200 0 0
13 17400 51000 0 0
14 17400 50800 0 0
15 17400 50600 0 0
16 17400 50400 0 0
17 17400 50200 0 0
18 17400 50000 0 0
19 17400 49800 0 0
20 17400 49600 0 0
21 17400 49400 0 0
22 17400 49200 0 0
23 17400 49000 0 0
24 17400 48800 0 0
25 17400 48600 0 0
26 17400 48400 0 0
27 17600 48400 0 0
28 17600 48200 0 0
29 17600 48000 0 0
30 17600 47800 0 0
31 17600 47600 0 0
32 17600 47400 0 0
33 17600 47200 0 0
34 17600 47000 0 0
35 17600 46800 0 0
36 17600 46600 0 0
37 17600 46400 0 0
38 17800 46400 0 0
39 17800 46200 0 0
40 17800 46000 0 0
41 17800 45800 0 0
42 17800 45600 0 0
43 17800 45400 0 0
44 17800 45200 0 0
45 17800 45000 0 0
46 17800 44800 0 0
47 17800 44600 0 0
48 17800 44400 0 0
49 17800 44200 0 0
50 17800 44000 0 0
51 17800 43800 0 0
52 17800 43600 0 0
53 18000 43600 0 0
54 18000 43400 0 0
55 18000 43200 0 0
56 18000 43000 0 0
57 18000 42800 0 0
58 18000 42600 0 0
59 18000 42400 0 0
60 18000 42200 0 0
61 18000 42000 0 0
62 18000 41800 0 0
63 18000 41600 0 0
64 18000 41400 0 0
65 17800 41400 0 0
66 17800 41200 0 0
67 17800 41000 0 0
68 17800 40800 0 0
69 17800 40600 0 0
70 17600 40600 0 0
71 17600 40400 0 0
72 17600 40200 0 0
73 17600 40000 0 0
74 17600 39800 0 0
75 17400 39800 0 0
76 17400 39600 0 0
77 17400 39400 0 0
78 17400 39200 0 0
79 17400 39000 0 0
80 17400 38800 0 0
81 17400 38600 0 0
82 17200 38600 0 0
83 17200 38400 0 0
84 17200 38200 0 0
85 17200 38000 0 0
86 17200 37800 0 0
87 17200 37600 0 0
88 17000 37600 0 0
89 17000 37400 0 0
90 17000 37200 0 0
91 17000 37000 0 0
92 17000 36800 0 0
93 16800 36800 0 0
94 16800 36600 0 0
95 16800 36400 0 0
96 16800 36200 0 0
97 16800 36000 0 0
98 16800 35800 0 0
99 16800 35600 0 0
100 16600 35600 0 0
101 16600 35400 0 0
102 16600 35200 0 0
103 16600 35000 0 0
104 16600 34800 0 0
105 16400 34800 0 0
106 16400 34600 0 0
107 16400 34400 0 0
108 16400 34200 0 0
109 16400 34000 0 0
110 16400 33800 0 0
111 16200 33800 0 0
112 16200 33600 0 0
113 16200 33400 0 0
114 16200 33200 0 0
115 16200 33000 0 0
116 16200 32800 0 0
117 16000 32800 0 0
118 16000 32600 0 0
119 16000 32400 0 0
120 16000 32200 0 0
121 16000 32000 0 0
122 15800 32000 0 0
123 15800 31800 0 0
124 15800 31600 0 0
125 15800 31400 0 0
126 15600 31400 0 0
127 15600 31200 0 0
128 15600 31000 0 0
129 15600 30800 0 0
130 15400 30800 0 0
131 15400 30600 0 0
132 15400 30400 0 0
133 15400 30200 0 0
134 15200 30200 0 0
135 15200 30000 0 0
136 15200 29800 0 0
137 15200 29600 0 0
138 15000 29600 0 0
139 15000 29400 0 0
140 15000 29200 0 0
141 15000 29000 0 0
142 14800 29000 0 0
143 14800 28800 0 0
144 14800 28600 0 0
145 14800 28400 0 0
146 14600 28400 0 0
147 14600 28200 0 0
148 14600 28000 0 0
149 14400 28000 0 0
150 14400 27800 0 0
151 14400 27600 0 0
152 14400 27400 0 0
153 14400 27200 0 0
154 14200 27200 0 0
155 14200 27000 0 0
156 14400 27000 0 0
157 14400 26800 0 0
158 14400 26600 0 0
159 14400 26400 0 0
160 14400 26200 0 0
161 14400 26000 0 0
162 14400 25800 0 0
163 14400 25600 0 0
164 14400 25400 0 0
165 14600 25400 0 0
166 14600 25200 0 0
167 14600 25000 0 0
168 14600 24800 0 0
169 14600 24600 0 0
170 14600 24400 0 0
171 14600 24200 0 0
172 14800 24200 0 0
173 14800 24000 0 0
174 14800 23800 0 0
175 14800 23600 0 0
176 14800 23400 0 0
177 14800 23200 0 0
178 14800 23000 0 0
179 14800 22800 0 0
180 15000 22800 0 0
181 15000 22600 0 0
182 15000 22400 0 0
183 15000 22200 0 0
184 15000 22000 0 0
185 15000 21800 0 0
186 15000 21600 0 0
187 15000 21400 0 0
188 15200 21400 0 0
189 15200 21200 0 0
190 15200 21000 0 0
191 15200 20800 0 0
192 15200 20600 0 0
193 15200 20400 0 0
194 15400 20400 0 0
195 15400 20200 0 0
196 15400 20000 0 0
197 15400 19800 0 0
198 15400 19600 0 0
199 15400 19400 0 0
200 15400 19200 0 0
201 15400 19000 0 0
202 15600 19000 0 0
203 15600 18800 0 0
204 15600 18600 0 0
205 15600 18400 0 0
206 15600 18200 0 0
207 15600 18000 0 0
208 15800 18000 0 0
209 15800 17800 0 0
210 15800 17600 0 0
211 15800 17400 0 0
212 15800 17200 0 0
213 15800 17000 0 0
214 15800 16800 0 0
215 15800 16600 0 0
216 16000 16600 0 0
217 16000 16400 0 0
218 16000 16200 0 0
219 16000 16000 0 0
220 16000 15800 0 0
221 16000 15600 0 0
222 16000 15400 0 0
223 16000 15200 0 0
224 16000 15000 0 0
225 16000 14800 0 0
226 16000 14600 0 0
227 16000 14400 0 0
228 16000 14200 0 0
229 16000 14000 0 0
230 16000 13800 0 0
231 16000 13600 0 0
232 16000 13400 0 0
233 16000 13200 0 0
234 16000 13000 0 0
235 16000 12800 0 0
236 16000 12600 0 0
237 16000 12400 0 0
238 16000 12200 0 0
239 16000 12000 0 0
240 16000 11800 0 0
241 16000 11600 0 0
242 16200 11600 0 0
243 16200 11400 0 0
244 16200 11200 0 0
245 16200 11000 0 0
246 16000 11000 0 0
247 16200 11000 0 0
248 16200 10800 0 0
249 16200 10600 0 0
250 16200 10400 0 0
251 16200 10200 0 0
252 16200 10000 0 0
253 16200 9800 0 0
254 16200 9600 0 0
255 16200 9400 0 0
256 16200 9200 0 0
257 16200 9000 0 0
258 16200 8800 0 0
259 16200 8600 0 0
260 16200 8400 0 0
261 16200 8200 0 0
262 16200 8000 0 0
263 16200 7800 0 0
264 16200 7600 0 0
265 16200 7400 0 0
266 16200 7200 0 0
267 16200 7000 0 0
268 16200 6800 0 0
269 16200 6600 0 0
270 16200 6400 0 0
271 16200 6200 0 0
272 16200 6000 0 0
273 16200 5800 0 0
274 16200 5600 0 0
275 16200 5400 0 0
276 16200 5200 0 0
277 16200 5000 0 0
278 16200 4800 0 0
279 16200 4600 0 0
280 16200 4400 0 0
281 16200 4200 0 0
282 16200 4000 0 0
283 16200 3800 0 0
284 16200 3600 0 0
285 16200 3400 0 0
286 16200 3200 0 0
287 16200 3000 0 0
288 16200 2800 0 0
289 16200 2600 0 0
