0 98 5 0 0
1 98 6 0 0
2 98 7 0 0
3 98 8 0 0
4 98 9 0 0
5 98 10 0 0
6 98 11 0 0
7 98 12 0 0
8 98 13 0 0
9 98 14 0 0
10 98 15 0 0
11 98 16 0 0
12 98 17 0 0
13 99 17 0 0
14 99 18 0 0
15 99 19 0 0
16 99 20 0 0
17 99 21 0 0
18 99 22 0 0
19 99 23 0 0
20 99 24 0 0
21 99 25 0 0
22 99 26 0 0
23 99 27 0 0
24 99 28 0 0
25 99 29 0 0
26 99 30 0 0
27 99 31 0 0
28 99 32 0 0
29 99 33 0 0
30 99 34 0 0
31 99 35 0 0
32 99 36 0 0
33 99 37 0 0
34 99 38 0 0
35 99 39 0 0
36 99 40 0 0
37 99 41 0 0
38 99 42 0 0
39 99 43 0 0
40 99 44 0 0
41 99 45 0 0
42 99 46 0 0
43 99 47 0 0
44 99 48 0 0
45 99 49 0 0
46 99 50 0 0
47 99 51 0 0
48 99 52 0 0
49 99 53 0 0
50 99 54 0 0
51 99 55 0 0
52 99 56 0 0
53 99 57 0 0
54 99 58 0 0
55 99 59 0 0
56 99 60 0 0
57 99 61 0 0
58 99 62 0 0
59 99 63 0 0
60 99 64 0 0
61 99 65 0 0
62 99 66 0 0
63 99 67 0 0
64 99 68 0 0
65 99 69 0 0
66 99 70 0 0
67 99 71 0 0
68 99 72 0 0
69 99 73 0 0
70 99 74 0 0
71 99 75 0 0
72 99 76 0 0
73 99 77 0 0
74 99 78 0 0
75 99 79 0 0
76 99 80 0 0
77 100 80 0 0
78 100 81 0 0
79 100 82 0 0
80 100 83 0 0
81 101 83 0 0
82 101 84 0 0
83 101 85 0 0
84 101 86 0 0
85 102 86 0 0
86 102 87 0 0
87 102 88 0 0
88 103 88 0 0
89 103 89 0 0
90 103 90 0 0
91 103 91 0 0
92 104 91 0 0
93 104 92 0 0
94 104 93 0 0
95 105 93 0 0
96 105 94 0 0
97 105 95 0 0
98 106 95 0 0
99 106 96 0 0
100 106 97 0 0
101 107 97 0 0
102 107 98 0 0
103 107 99 0 0
104 108 99 0 0
105 108 100 0 0
106 108 101 0 0
107 109 101 0 0
108 109 102 0 0
109 109 103 0 0
110 110 103 0 0
111 110 104 0 0
112 110 105 0 0
113 110 106 0 0
114 111 106 0 0
115 111 107 0 0
116 111 108 0 0
117 111 109 0 0
118 111 110 0 0
119 111 111 0 0
120 111 112 0 0
121 111 113 0 0
122 112 113 0 0
123 112 114 0 0
124 112 115 0 0
125 112 116 0 0
126 112 117 0 0
127 113 117 0 0
128 113 118 0 0
129 113 119 0 0
130 113 120 0 0
131 113 121 0 0
132 113 122 0 0
133 113 123 0 0
134 113 124 0 0
135 114 124 0 0
136 114 125 0 0
137 114 126 0 0
138 114 127 0 0
139 114 128 0 0
140 114 129 0 0
141 115 129 0 0
142 115 130 0 0
143 115 131 0 0
144 115 132 0 0
145 114 132 0 0
146 114 133 0 0
147 114 134 0 0
148 113 134 0 0
149 113 135 0 0
150 113 136 0 0
151 113 137 0 0
152 112 137 0 0
153 112 138 0 0
154 112 139 0 0
155 111 139 0 0
156 111 140 0 0
157 111 141 0 0
158 110 141 0 0
159 110 142 0 0
160 110 143 0 0
161 110 144 0 0
162 109 144 0 0
163 109 145 0 0
164 109 146 0 0
165 108 146 0 0
166 108 147 0 0
167 108 148 0 0
168 108 149 0 0
169 107 149 0 0
170 107 150 0 0
171 107 151 0 0
172 107 152 0 0
173 106 152 0 0
174 106 153 0 0
175 106 154 0 0
176 105 154 0 0
177 105 155 0 0
178 105 156 0 0
179 104 156 0 0
180 104 157 0 0
181 104 158 0 0
182 104 159 0 0
183 103 159 0 0
184 103 160 0 0
185 103 161 0 0
186 103 162 0 0
187 102 162 0 0
188 102 163 0 0
189 102 164 0 0
190 101 164 0 0
191 101 165 0 0
192 101 166 0 0
193 100 166 0 0
194 100 167 0 0
195 100 168 0 0
196 99 168 0 0
197 99 169 0 0
198 99 170 0 0
199 98 170 0 0
200 98 171 0 0
201 98 172 0 0
202 97 172 0 0
203 97 173 0 0
204 97 174 0 0
205 96 174 0 0
206 96 175 0 0
207 96 176 0 0
208 96 177 0 0
209 95 177 0 0
210 95 178 0 0
211 95 179 0 0
212 94 179 0 0
213 94 180 0 0
214 94 181 0 0
215 93 181 0 0
216 93 182 0 0
217 93 183 0 0
218 92 183 0 0
219 92 184 0 0
220 92 185 0 0
221 92 186 0 0
222 92 187 0 0
223 92 188 0 0
224 92 189 0 0
225 92 190 0 0
226 92 191 0 0
227 92 192 0 0
228 92 193 0 0
229 92 194 0 0
230 92 195 0 0
231 92 196 0 0
232 92 197 0 0
233 92 198 0 0
234 92 199 0 0
235 92 200 0 0
236 92 201 0 0
237 92 202 0 0
238 92 203 0 0
239 92 204 0 0
240 92 205 0 0
241 92 206 0 0
242 92 207 0 0
243 93 207 0 0
244 93 208 0 0
245 93 209 0 0
246 93 210 0 0
247 93 211 0 0
248 93 212 0 0
249 93 213 0 0
250 93 214 0 0
251 93 215 0 0
252 93 216 0 0
253 93 217 0 0
254 93 218 0 0
255 93 219 0 0
256 93 220 0 0
257 93 221 0 0
258 94 221 0 0
259 94 222 0 0
260 94 223 0 0
261 94 224 0 0
262 94 225 0 0
263 94 226 0 0
264 94 227 0 0
265 95 227 0 0
266 95 228 0 0
267 95 229 0 0
268 95 230 0 0
269 95 231 0 0
270 95 232 0 0
271 95 233 0 0
272 95 234 0 0
273 95 235 0 0
274 95 236 0 0
275 96 236 0 0
276 96 237 0 0
277 96 238 0 0
278 96 239 0 0
279 96 240 0 0
280 96 241 0 0
281 96 242 0 0
282 96 243 0 0
283 96 244 0 0
284 96 245 0 0
285 96 246 0 0
286 96 247 0 0
287 97 247 0 0
288 97 248 0 0
289 97 249 0 0
290 97 250 0 0
291 97 251 0 0
292 97 252 0 0
293 97 253 0 0
294 97 254 0 0
295 97 255 0 0
296 97 256 0 0
297 97 257 0 0
298 97 258 0 0
299 98 258 0 0
300 98 259 0 0
301 98 260 0 0
302 98 261 0 0
303 98 262 0 0
304 98 263 0 0
305 98 264 0 0
306 98 265 0 0
307 98 266 0 0
308 98 267 0 0
309 98 268 0 0
310 98 269 0 0
311 98 270 0 0
312 98 271 0 0
