0 20000 1400 0 0
1 20000 1600 0 0
2 20000 1800 0 0
3 20000 2000 0 0
4 20000 2200 0 0
5 20000 2400 0 0
6 20000 2600 0 0
7 20000 2800 0 0
8 19800 2800 0 0
9 19800 3000 0 0
10 19800 3200 0 0
11 19800 3400 0 0
12 19800 3600 0 0
13 19800 3800 0 0
14 19800 4000 0 0
15 19800 4200 0 0
16 19800 4400 0 0
17 19800 4600 0 0
18 19800 4800 0 0
19 19800 5000 0 0
20 19800 5200 0 0
21 19800 5400 0 0
22 19800 5600 0 0
23 19800 5800 0 0
24 19800 6000 0 0
25 19800 6200 0 0
26 19800 6400 0 0
27 19800 6600 0 0
28 19800 6800 0 0
29 19800 7000 0 0
30 19800 7200 0 0
31 19800 7400 0 0
32 19800 7600 0 0
33 19800 7800 0 0
34 19800 8000 0 0
35 19800 8200 0 0
36 19800 8400 0 0
37 19800 8600 0 0
38 19800 8800 0 0
39 19800 9000 0 0
40 19800 9200 0 0
41 19800 9400 0 0
42 19800 9600 0 0
43 19800 9800 0 0
44 19800 10000 0 0
45 19800 10200 0 0
46 19800 10400 0 0
47 19800 10600 0 0
48 19800 10800 0 0
49 19800 11000 0 0
50 19800 11200 0 0
51 19800 11400 0 0
52 19800 11600 0 0
53 19800 11800 0 0
54 19800 12000 0 0
55 19800 12200 0 0
56 19800 12400 0 0
57 19800 12600 0 0
58 19800 12800 0 0
59 19800 13000 0 0
60 19800 13200 0 0
61 19800 13400 0 0
62 19800 13600 0 0
63 19800 13800 0 0
64 19800 14000 0 0
65 19800 14200 0 0
66 19800 14400 0 0
67 20000 14400 0 0
68 20000 14600 0 0
69 20000 14800 0 0
70 20000 15000 0 0
71 20000 15200 0 0
72 20000 15400 0 0
73 20200 15400 0 0
74 20200 15600 0 0
75 20200 15800 0 0
76 20200 16000 0 0
77 20200 16200 0 0
78 20400 16200 0 0
79 20400 16400 0 0
80 20400 16600 0 0
81 20400 16800 0 0
82 20400 17000 0 0
83 20400 17200 0 0
84 20400 17400 0 0
85 20600 17400 0 0
86 20600 17600 0 0
87 20600 17800 0 0
88 20600 18000 0 0
89 20600 18200 0 0
90 20800 18200 0 0
91 20800 18400 0 0
92 20800 18600 0 0
93 20800 18800 0 0
94 20800 19000 0 0
95 20800 19200 0 0
96 21000 19200 0 0
97 21000 19400 0 0
98 21000 19600 0 0
99 21000 19800 0 0
100 21000 20000 0 0
101 21000 20200 0 0
102 21200 20200 0 0
103 21200 20400 0 0
104 21200 20600 0 0
105 21200 20800 0 0
106 21200 21000 0 0
107 21400 21000 0 0
108 21400 21200 0 0
109 21400 21400 0 0
110 21400 21600 0 0
111 21400 21800 0 0
112 21400 22000 0 0
113 21400 22200 0 0
114 21600 22200 0 0
115 21600 22400 0 0
116 21600 22600 0 0
117 21600 22800 0 0
118 21600 23000 0 0
119 21600 23200 0 0
120 21600 23400 0 0
121 21800 23400 0 0
122 21800 23600 0 0
123 21800 23800 0 0
124 21800 24000 0 0
125 21800 24200 0 0
126 21800 24400 0 0
127 21800 24600 0 0
128 21800 24800 0 0
129 22000 24800 0 0
130 22000 25000 0 0
131 22000 25200 0 0
132 22000 25400 0 0
133 22000 25600 0 0
134 22000 25800 0 0
135 22200 25800 0 0
136 22200 26000 0 0
137 22200 26200 0 0
138 22200 26400 0 0
139 22200 26600 0 0
140 22200 26800 0 0
141 22200 27000 0 0
142 22200 27200 0 0
143 22200 27400 0 0
144 22200 27600 0 0
145 22200 27800 0 0
146 22200 28000 0 0
147 22200 28200 0 0
148 22000 28200 0 0
149 22000 28400 0 0
150 22000 28600 0 0
151 22000 28800 0 0
152 22000 29000 0 0
153 22000 29200 0 0
154 21800 29200 0 0
155 21800 29400 0 0
156 21800 29600 0 0
157 21800 29800 0 0
158 21800 30000 0 0
159 21800 30200 0 0
160 21800 30400 0 0
161 21800 30600 0 0
162 21600 30600 0 0
163 21600 30800 0 0
164 21600 31000 0 0
165 21600 31200 0 0
166 21400 31200 0 0
167 21400 31400 0 0
168 21400 31600 0 0
169 21400 31800 0 0
170 21400 32000 0 0
171 21400 32200 0 0
172 21200 32200 0 0
173 21200 32400 0 0
174 21200 32600 0 0
175 21200 32800 0 0
176 21200 33000 0 0
177 21000 33000 0 0
178 21000 33200 0 0
179 21000 33400 0 0
180 21000 33600 0 0
181 21000 33800 0 0
182 20800 33800 0 0
183 20800 34000 0 0
184 20800 34200 0 0
185 20800 34400 0 0
186 20800 34600 0 0
187 20600 34600 0 0
188 20600 34800 0 0
189 20600 35000 0 0
190 20600 35200 0 0
191 20600 35400 0 0
192 20400 35400 0 0
193 20400 35600 0 0
194 20400 35800 0 0
195 20400 36000 0 0
196 20200 36000 0 0
197 20200 36200 0 0
198 20200 36400 0 0
199 20200 36600 0 0
200 20200 36800 0 0
201 20200 37000 0 0
202 20000 37000 0 0
203 20000 37200 0 0
204 20000 37400 0 0
205 20000 37600 0 0
206 20000 37800 0 0
207 20000 38000 0 0
208 20000 38200 0 0
209 20000 38400 0 0
210 20000 38600 0 0
211 20000 38800 0 0
212 20000 39000 0 0
213 20000 39200 0 0
214 20000 39400 0 0
215 20000 39600 0 0
216 20000 39800 0 0
217 20000 40000 0 0
218 20000 40200 0 0
219 20000 40400 0 0
220 20000 40600 0 0
221 20000 40800 0 0
222 20000 41000 0 0
223 20000 41200 0 0
224 20000 41400 0 0
225 20000 41600 0 0
226 20000 41800 0 0
227 20000 42000 0 0
228 20000 42200 0 0
229 20000 42400 0 0
230 20000 42600 0 0
231 20000 42800 0 0
232 20000 43000 0 0
233 20000 43200 0 0
234 20000 43400 0 0
235 20000 43600 0 0
236 20000 43800 0 0
237 20000 44000 0 0
238 20200 44000 0 0
239 20200 44200 0 0
240 20200 44400 0 0
241 20200 44600 0 0
242 20200 44800 0 0
243 20200 45000 0 0
244 20200 45200 0 0
245 20200 45400 0 0
246 20200 45600 0 0
247 20200 45800 0 0
248 20200 46000 0 0
249 20200 46200 0 0
250 20200 46400 0 0
251 20200 46600 0 0
252 20200 46800 0 0
253 20200 47000 0 0
254 20200 47200 0 0
255 20200 47400 0 0
256 20200 47600 0 0
257 20200 47800 0 0
258 20200 48000 0 0
259 20200 48200 0 0
260 20200 48400 0 0
261 20200 48600 0 0
262 20200 48800 0 0
263 20200 49000 0 0
264 20200 49200 0 0
265 20200 49400 0 0
266 20000 49400 0 0
267 20000 49600 0 0
268 20000 49800 0 0
269 20000 50000 0 0
270 20000 50200 0 0
271 20000 50400 0 0
272 20000 50600 0 0
273 20000 50800 0 0
274 20000 51000 0 0
275 20000 51200 0 0
276 20000 51400 0 0
277 20000 51600 0 0
278 20000 51800 0 0
279 20000 52000 0 0
280 20000 52200 0 0
281 20000 52400 0 0
282 20000 52600 0 0
283 20000 52800 0 0
284 20000 53000 0 0
285 20000 53200 0 0
286 20000 53400 0 0
287 20000 53600 0 0
288 20000 53800 0 0
289 20000 54000 0 0
290 20000 54200 0 0
291 20000 54400 0 0
292 20000 54600 0 0
