0 93 8 0 0
1 93 9 0 0
2 93 10 0 0
3 93 11 0 0
4 93 12 0 0
5 93 13 0 0
6 93 14 0 0
7 93 15 0 0
8 93 16 0 0
9 93 17 0 0
10 93 18 0 0
11 93 19 0 0
12 93 20 0 0
13 94 20 0 0
14 94 21 0 0
15 94 22 0 0
16 94 23 0 0
17 94 24 0 0
18 94 25 0 0
19 94 26 0 0
20 94 27 0 0
21 94 28 0 0
22 94 29 0 0
23 94 30 0 0
24 94 31 0 0
25 94 32 0 0
26 94 33 0 0
27 94 34 0 0
28 94 35 0 0
29 94 36 0 0
30 94 37 0 0
31 95 37 0 0
32 95 38 0 0
33 95 39 0 0
34 95 40 0 0
35 95 41 0 0
36 95 42 0 0
37 95 43 0 0
38 95 44 0 0
39 95 45 0 0
40 95 46 0 0
41 95 47 0 0
42 95 48 0 0
43 95 49 0 0
44 95 50 0 0
45 95 51 0 0
46 95 52 0 0
47 95 53 0 0
48 95 54 0 0
49 95 55 0 0
50 95 56 0 0
51 95 57 0 0
52 95 58 0 0
53 96 58 0 0
54 96 59 0 0
55 96 60 0 0
56 96 61 0 0
57 96 62 0 0
58 96 63 0 0
59 96 64 0 0
60 96 65 0 0
61 96 66 0 0
62 96 67 0 0
63 96 68 0 0
64 96 69 0 0
65 96 70 0 0
66 96 71 0 0
67 97 71 0 0
68 97 72 0 0
69 97 73 0 0
70 97 74 0 0
71 97 75 0 0
72 97 76 0 0
73 97 77 0 0
74 97 78 0 0
75 97 79 0 0
76 97 80 0 0
77 98 80 0 0
78 98 81 0 0
79 98 82 0 0
80 98 83 0 0
81 98 84 0 0
82 98 85 0 0
83 99 85 0 0
84 99 86 0 0
85 99 87 0 0
86 99 88 0 0
87 100 88 0 0
88 100 89 0 0
89 100 90 0 0
90 100 91 0 0
91 101 91 0 0
92 101 92 0 0
93 101 93 0 0
94 101 94 0 0
95 101 95 0 0
96 102 95 0 0
97 102 96 0 0
98 102 97 0 0
99 102 98 0 0
100 102 99 0 0
101 103 99 0 0
102 103 100 0 0
103 103 101 0 0
104 103 102 0 0
105 104 102 0 0
106 104 103 0 0
107 104 104 0 0
108 104 105 0 0
109 104 106 0 0
110 105 106 0 0
111 105 107 0 0
112 105 108 0 0
113 105 109 0 0
114 105 110 0 0
115 106 110 0 0
116 106 111 0 0
117 106 112 0 0
118 107 112 0 0
119 107 113 0 0
120 107 114 0 0
121 107 115 0 0
122 107 116 0 0
123 108 116 0 0
124 108 117 0 0
125 108 118 0 0
126 108 119 0 0
127 108 120 0 0
128 109 120 0 0
129 109 121 0 0
130 109 122 0 0
131 109 123 0 0
132 110 123 0 0
133 110 124 0 0
134 110 125 0 0
135 110 126 0 0
136 110 127 0 0
137 110 128 0 0
138 111 128 0 0
139 111 129 0 0
140 111 130 0 0
141 111 131 0 0
142 111 132 0 0
143 111 133 0 0
144 111 134 0 0
145 111 135 0 0
146 111 136 0 0
147 111 137 0 0
148 111 138 0 0
149 111 139 0 0
150 111 140 0 0
151 112 140 0 0
152 112 141 0 0
153 111 141 0 0
154 111 142 0 0
155 111 143 0 0
156 111 144 0 0
157 111 145 0 0
158 110 145 0 0
159 110 146 0 0
160 110 147 0 0
161 110 148 0 0
162 109 148 0 0
163 109 149 0 0
164 109 150 0 0
165 109 151 0 0
166 108 151 0 0
167 108 152 0 0
168 108 153 0 0
169 108 154 0 0
170 108 155 0 0
171 107 155 0 0
172 107 156 0 0
173 107 157 0 0
174 107 158 0 0
175 107 159 0 0
176 106 159 0 0
177 106 160 0 0
178 106 161 0 0
179 106 162 0 0
180 106 163 0 0
181 105 163 0 0
182 105 164 0 0
183 105 165 0 0
184 105 166 0 0
185 105 167 0 0
186 104 167 0 0
187 104 168 0 0
188 104 169 0 0
189 104 170 0 0
190 104 171 0 0
191 103 171 0 0
192 103 172 0 0
193 103 173 0 0
194 103 174 0 0
195 103 175 0 0
196 103 176 0 0
197 103 177 0 0
198 103 178 0 0
199 103 179 0 0
200 104 179 0 0
201 104 180 0 0
202 104 181 0 0
203 104 182 0 0
204 104 183 0 0
205 105 183 0 0
206 105 184 0 0
207 105 185 0 0
208 105 186 0 0
209 105 187 0 0
210 105 188 0 0
211 106 188 0 0
212 106 189 0 0
213 106 190 0 0
214 107 190 0 0
215 107 191 0 0
216 107 192 0 0
217 108 192 0 0
218 108 193 0 0
219 108 194 0 0
220 108 195 0 0
221 108 196 0 0
222 109 196 0 0
223 109 197 0 0
224 109 198 0 0
225 110 198 0 0
226 110 199 0 0
227 110 200 0 0
228 110 201 0 0
229 110 202 0 0
230 110 203 0 0
231 110 204 0 0
232 111 204 0 0
233 111 205 0 0
234 111 206 0 0
235 111 207 0 0
236 111 208 0 0
237 111 209 0 0
238 111 210 0 0
239 110 210 0 0
240 110 211 0 0
241 110 212 0 0
242 110 213 0 0
243 110 214 0 0
244 109 214 0 0
245 109 215 0 0
246 109 216 0 0
247 109 217 0 0
248 109 218 0 0
249 109 219 0 0
250 109 220 0 0
251 109 221 0 0
252 109 222 0 0
253 108 222 0 0
254 108 223 0 0
255 108 224 0 0
256 108 225 0 0
257 108 226 0 0
258 108 227 0 0
259 108 228 0 0
260 108 229 0 0
261 108 230 0 0
262 108 231 0 0
263 108 232 0 0
264 108 233 0 0
265 108 234 0 0
266 108 235 0 0
267 108 236 0 0
268 108 237 0 0
269 108 238 0 0
270 108 239 0 0
271 108 240 0 0
272 108 241 0 0
273 108 242 0 0
274 108 243 0 0
275 108 244 0 0
276 108 245 0 0
277 108 246 0 0
278 108 247 0 0
279 108 248 0 0
280 108 249 0 0
281 108 250 0 0
282 109 250 0 0
283 109 251 0 0
284 109 252 0 0
285 109 253 0 0
286 109 254 0 0
287 109 255 0 0
288 109 256 0 0
289 109 257 0 0
290 109 258 0 0
291 109 259 0 0
292 109 260 0 0
293 109 261 0 0
294 109 262 0 0
295 109 263 0 0
296 109 264 0 0
297 109 265 0 0
298 109 266 0 0
299 109 267 0 0
300 110 267 0 0
301 110 268 0 0
302 110 269 0 0
303 110 270 0 0
304 110 271 0 0
305 110 272 0 0
