0 99 12 0 0
1 99 13 0 0
2 100 13 0 0
3 99 13 0 0
4 100 13 0 0
5 99 13 0 0
6 99 14 0 0
7 100 14 0 0
8 99 14 0 0
9 99 15 0 0
10 100 15 0 0
11 99 15 0 0
12 100 15 0 0
13 99 15 0 0
14 99 16 0 0
15 100 16 0 0
16 99 16 0 0
17 100 16 0 0
18 99 16 0 0
19 100 16 0 0
20 99 16 0 0
21 99 17 0 0
22 100 17 0 0
23 99 17 0 0
24 100 17 0 0
25 99 17 0 0
26 99 18 0 0
27 100 18 0 0
28 99 18 0 0
29 99 19 0 0
30 100 19 0 0
31 99 19 0 0
32 100 19 0 0
33 99 19 0 0
34 99 20 0 0
35 100 20 0 0
36 99 20 0 0
37 100 20 0 0
38 99 20 0 0
39 100 20 0 0
40 99 20 0 0
41 99 21 0 0
42 100 21 0 0
43 99 21 0 0
44 100 21 0 0
45 99 21 0 0
46 99 22 0 0
47 100 22 0 0
48 99 22 0 0
49 99 23 0 0
50 100 23 0 0
51 99 23 0 0
52 100 23 0 0
53 99 23 0 0
54 99 24 0 0
55 100 24 0 0
56 99 24 0 0
57 100 24 0 0
58 99 24 0 0
59 100 24 0 0
60 99 24 0 0
61 99 25 0 0
62 100 25 0 0
63 99 25 0 0
64 99 26 0 0
65 100 26 0 0
66 99 26 0 0
67 100 26 0 0
68 99 26 0 0
69 99 27 0 0
70 100 27 0 0
71 99 27 0 0
72 100 27 0 0
73 99 27 0 0
74 99 28 0 0
75 100 28 0 0
76 99 28 0 0
77 100 28 0 0
78 99 28 0 0
79 100 28 0 0
80 99 28 0 0
81 99 29 0 0
82 100 29 0 0
83 99 29 0 0
84 99 30 0 0
85 100 30 0 0
86 99 30 0 0
87 100 30 0 0
88 99 30 0 0
89 99 31 0 0
90 100 31 0 0
91 99 31 0 0
92 100 31 0 0
93 99 31 0 0
94 99 32 0 0
95 100 32 0 0
96 99 32 0 0
97 100 32 0 0
98 99 32 0 0
99 100 32 0 0
100 99 32 0 0
101 99 33 0 0
102 100 33 0 0
103 99 33 0 0
104 99 34 0 0
105 100 34 0 0
106 99 34 0 0
107 100 34 0 0
108 99 34 0 0
109 99 35 0 0
110 100 35 0 0
111 99 35 0 0
112 100 35 0 0
113 99 35 0 0
114 99 36 0 0
115 100 36 0 0
116 99 36 0 0
117 100 36 0 0
118 99 36 0 0
119 99 37 0 0
120 100 37 0 0
121 99 37 0 0
122 100 37 0 0
123 99 37 0 0
124 99 38 0 0
125 100 38 0 0
126 99 38 0 0
127 100 38 0 0
128 99 38 0 0
129 99 39 0 0
130 100 39 0 0
131 99 39 0 0
132 100 39 0 0
133 99 39 0 0
134 99 40 0 0
135 100 40 0 0
136 99 40 0 0
137 99 41 0 0
138 100 41 0 0
139 99 41 0 0
140 100 41 0 0
141 99 41 0 0
142 99 42 0 0
143 100 42 0 0
144 99 42 0 0
145 100 42 0 0
146 99 42 0 0
147 100 42 0 0
148 99 42 0 0
149 99 43 0 0
150 100 43 0 0
151 99 43 0 0
152 100 43 0 0
153 99 43 0 0
154 99 44 0 0
155 100 44 0 0
156 99 44 0 0
157 99 45 0 0
158 100 45 0 0
159 99 45 0 0
160 100 45 0 0
161 99 45 0 0
162 99 46 0 0
163 100 46 0 0
164 99 46 0 0
165 100 46 0 0
166 99 46 0 0
167 100 46 0 0
168 99 46 0 0
169 99 47 0 0
170 100 47 0 0
171 99 47 0 0
172 100 47 0 0
173 99 47 0 0
174 99 48 0 0
175 100 48 0 0
176 99 48 0 0
177 99 49 0 0
178 100 49 0 0
179 99 49 0 0
180 100 49 0 0
181 99 49 0 0
182 99 50 0 0
183 100 50 0 0
184 99 50 0 0
185 100 50 0 0
186 99 50 0 0
187 100 50 0 0
188 99 50 0 0
189 99 51 0 0
190 100 51 0 0
191 99 51 0 0
192 99 52 0 0
193 100 52 0 0
194 99 52 0 0
195 100 52 0 0
196 99 52 0 0
197 99 53 0 0
198 100 53 0 0
199 99 53 0 0
200 100 53 0 0
201 99 53 0 0
202 99 54 0 0
203 100 54 0 0
204 99 54 0 0
205 100 54 0 0
206 99 54 0 0
207 99 55 0 0
208 100 55 0 0
209 99 55 0 0
210 100 55 0 0
211 99 55 0 0
212 99 56 0 0
213 100 56 0 0
214 99 56 0 0
215 100 56 0 0
216 99 56 0 0
217 99 57 0 0
218 100 57 0 0
219 99 57 0 0
220 100 57 0 0
221 99 57 0 0
222 99 58 0 0
223 100 58 0 0
224 99 58 0 0
225 100 58 0 0
226 99 58 0 0
227 99 59 0 0
228 100 59 0 0
229 99 59 0 0
230 99 60 0 0
231 100 60 0 0
232 99 60 0 0
233 100 60 0 0
234 99 60 0 0
235 100 60 0 0
236 99 60 0 0
237 99 61 0 0
238 100 61 0 0
239 99 61 0 0
240 100 61 0 0
241 99 61 0 0
242 99 62 0 0
243 100 62 0 0
244 99 62 0 0
245 100 62 0 0
246 99 62 0 0
247 99 63 0 0
248 100 63 0 0
249 99 63 0 0
250 99 64 0 0
251 100 64 0 0
252 99 64 0 0
253 100 64 0 0
254 99 64 0 0
255 100 64 0 0
256 99 64 0 0
257 99 65 0 0
258 100 65 0 0
259 99 65 0 0
260 100 65 0 0
261 99 65 0 0
262 99 66 0 0
263 100 66 0 0
264 99 66 0 0
265 99 67 0 0
266 100 67 0 0
267 99 67 0 0
268 100 67 0 0
269 99 67 0 0
270 99 68 0 0
271 100 68 0 0
272 99 68 0 0
273 100 68 0 0
274 99 68 0 0
275 99 69 0 0
276 100 69 0 0
277 99 69 0 0
278 100 69 0 0
279 99 69 0 0
280 100 69 0 0
281 99 69 0 0
282 99 70 0 0
283 100 70 0 0
284 99 70 0 0
285 99 71 0 0
286 100 71 0 0
287 99 71 0 0
288 100 71 0 0
289 99 71 0 0
290 99 72 0 0
291 100 72 0 0
292 99 72 0 0
293 100 72 0 0
294 99 72 0 0
295 99 73 0 0
296 100 73 0 0
297 99 73 0 0
298 100 73 0 0
299 99 73 0 0
300 100 73 0 0
301 99 73 0 0
302 99 74 0 0
303 100 74 0 0
304 99 74 0 0
305 99 75 0 0
306 100 75 0 0
307 101 75 0 0
308 100 75 0 0
309 101 75 0 0
310 100 75 0 0
311 100 76 0 0
312 101 76 0 0
313 100 76 0 0
314 101 76 0 0
315 100 76 0 0
316 101 76 0 0
317 100 76 0 0
318 100 77 0 0
319 101 77 0 0
320 100 77 0 0
321 101 77 0 0
322 100 77 0 0
323 100 78 0 0
324 101 78 0 0
325 100 78 0 0
326 101 78 0 0
327 100 78 0 0
328 100 79 0 0
329 101 79 0 0
330 100 79 0 0
331 101 79 0 0
332 100 79 0 0
333 100 80 0 0
334 101 80 0 0
335 100 80 0 0
336 101 80 0 0
337 100 80 0 0
338 101 80 0 0
339 101 81 0 0
340 102 81 0 0
341 101 81 0 0
342 101 82 0 0
343 102 82 0 0
344 101 82 0 0
345 102 82 0 0
346 101 82 0 0
347 102 82 0 0
348 101 82 0 0
349 101 83 0 0
350 102 83 0 0
351 101 83 0 0
352 102 83 0 0
353 101 83 0 0
354 102 83 0 0
355 101 83 0 0
356 101 84 0 0
357 102 84 0 0
358 101 84 0 0
359 102 84 0 0
360 101 84 0 0
361 102 84 0 0
362 102 85 0 0
363 103 85 0 0
364 102 85 0 0
365 102 86 0 0
366 103 86 0 0
367 102 86 0 0
368 103 86 0 0
369 102 86 0 0
370 103 86 0 0
371 102 86 0 0
372 102 87 0 0
373 103 87 0 0
374 102 87 0 0
375 103 87 0 0
376 102 87 0 0
377 102 88 0 0
378 103 88 0 0
379 102 88 0 0
380 103 88 0 0
381 102 88 0 0
382 103 88 0 0
383 102 88 0 0
384 102 89 0 0
385 103 89 0 0
386 102 89 0 0
387 102 90 0 0
388 103 90 0 0
389 102 90 0 0
390 103 90 0 0
391 102 90 0 0
392 103 90 0 0
393 102 90 0 0
394 102 91 0 0
395 103 91 0 0
396 104 91 0 0
397 103 91 0 0
398 104 91 0 0
399 103 91 0 0
400 103 92 0 0
401 104 92 0 0
402 103 92 0 0
403 104 92 0 0
404 103 92 0 0
405 103 93 0 0
406 104 93 0 0
407 103 93 0 0
408 103 94 0 0
409 104 94 0 0
410 105 94 0 0
411 104 94 0 0
412 104 95 0 0
413 105 95 0 0
414 104 95 0 0
415 105 95 0 0
416 104 95 0 0
417 104 96 0 0
418 105 96 0 0
419 104 96 0 0
420 105 96 0 0
421 106 96 0 0
422 105 96 0 0
423 105 97 0 0
424 106 97 0 0
425 105 97 0 0
426 105 98 0 0
427 106 98 0 0
428 105 98 0 0
429 106 98 0 0
430 105 98 0 0
431 105 99 0 0
432 106 99 0 0
433 105 99 0 0
434 106 99 0 0
435 106 100 0 0
436 107 100 0 0
437 106 100 0 0
438 107 100 0 0
439 106 100 0 0
440 106 101 0 0
441 107 101 0 0
442 106 101 0 0
443 106 102 0 0
444 107 102 0 0
445 108 102 0 0
446 107 102 0 0
447 108 102 0 0
448 107 102 0 0
449 107 103 0 0
450 108 103 0 0
451 107 103 0 0
452 108 103 0 0
453 107 103 0 0
454 107 104 0 0
455 108 104 0 0
456 107 104 0 0
457 107 105 0 0
458 108 105 0 0
459 109 105 0 0
460 108 105 0 0
461 108 106 0 0
462 109 106 0 0
463 108 106 0 0
464 109 106 0 0
465 108 106 0 0
466 108 107 0 0
467 109 107 0 0
468 108 107 0 0
469 109 107 0 0
470 108 107 0 0
471 109 107 0 0
472 109 108 0 0
473 110 108 0 0
474 109 108 0 0
475 109 109 0 0
476 110 109 0 0
477 109 109 0 0
478 110 109 0 0
479 111 109 0 0
480 110 109 0 0
481 110 110 0 0
482 111 110 0 0
483 110 110 0 0
484 111 110 0 0
485 110 110 0 0
486 110 111 0 0
487 111 111 0 0
488 110 111 0 0
489 111 111 0 0
490 111 112 0 0
491 112 112 0 0
492 111 112 0 0
493 112 112 0 0
494 111 112 0 0
495 112 112 0 0
496 111 112 0 0
497 111 113 0 0
498 112 113 0 0
499 111 113 0 0
500 111 114 0 0
501 112 114 0 0
502 113 114 0 0
503 112 114 0 0
504 113 114 0 0
505 112 114 0 0
506 112 115 0 0
507 113 115 0 0
508 112 115 0 0
509 113 115 0 0
510 114 115 0 0
511 113 115 0 0
512 113 116 0 0
513 114 116 0 0
514 113 116 0 0
515 114 116 0 0
516 113 116 0 0
517 113 117 0 0
518 114 117 0 0
519 115 117 0 0
520 114 117 0 0
521 114 118 0 0
522 115 118 0 0
523 114 118 0 0
524 115 118 0 0
525 114 118 0 0
526 115 118 0 0
527 114 118 0 0
528 114 119 0 0
529 115 119 0 0
530 115 120 0 0
531 116 120 0 0
532 115 120 0 0
533 116 120 0 0
534 115 120 0 0
535 115 121 0 0
536 116 121 0 0
537 115 121 0 0
538 116 121 0 0
539 115 121 0 0
540 115 122 0 0
541 116 122 0 0
542 115 122 0 0
543 116 122 0 0
544 116 123 0 0
545 117 123 0 0
546 116 123 0 0
547 116 124 0 0
548 117 124 0 0
549 116 124 0 0
550 117 124 0 0
551 116 124 0 0
552 116 125 0 0
553 117 125 0 0
554 116 125 0 0
555 116 126 0 0
556 117 126 0 0
557 116 126 0 0
558 117 126 0 0
559 116 126 0 0
560 116 127 0 0
561 117 127 0 0
562 116 127 0 0
563 117 127 0 0
564 116 127 0 0
565 116 128 0 0
566 117 128 0 0
567 116 128 0 0
568 116 129 0 0
569 117 129 0 0
570 116 129 0 0
571 117 129 0 0
572 116 129 0 0
573 116 130 0 0
574 117 130 0 0
575 116 130 0 0
576 116 131 0 0
577 117 131 0 0
578 116 131 0 0
579 117 131 0 0
580 116 131 0 0
581 116 132 0 0
582 117 132 0 0
583 116 132 0 0
584 117 132 0 0
585 116 132 0 0
586 116 133 0 0
587 117 133 0 0
588 116 133 0 0
589 117 133 0 0
590 116 133 0 0
591 116 134 0 0
592 117 134 0 0
593 118 134 0 0
594 117 134 0 0
595 117 135 0 0
596 118 135 0 0
597 117 135 0 0
598 117 136 0 0
599 118 136 0 0
600 117 136 0 0
601 118 136 0 0
602 117 136 0 0
603 117 137 0 0
604 118 137 0 0
605 117 137 0 0
606 118 137 0 0
607 117 137 0 0
608 117 138 0 0
609 118 138 0 0
610 117 138 0 0
611 117 139 0 0
612 118 139 0 0
613 117 139 0 0
614 117 140 0 0
615 118 140 0 0
616 117 140 0 0
617 118 140 0 0
618 117 140 0 0
619 118 140 0 0
620 117 140 0 0
621 117 141 0 0
622 118 141 0 0
623 117 141 0 0
624 117 142 0 0
625 118 142 0 0
626 117 142 0 0
627 118 142 0 0
628 117 142 0 0
629 117 143 0 0
630 118 143 0 0
631 117 143 0 0
632 117 144 0 0
633 118 144 0 0
634 117 144 0 0
635 118 144 0 0
636 118 145 0 0
637 119 145 0 0
638 118 145 0 0
639 119 145 0 0
640 118 145 0 0
641 118 146 0 0
642 119 146 0 0
643 118 146 0 0
644 119 146 0 0
645 118 146 0 0
646 118 147 0 0
647 119 147 0 0
648 118 147 0 0
649 119 147 0 0
650 118 147 0 0
651 118 148 0 0
652 119 148 0 0
653 118 148 0 0
654 117 148 0 0
655 117 149 0 0
656 118 149 0 0
657 117 149 0 0
658 117 150 0 0
659 118 150 0 0
660 117 150 0 0
661 118 150 0 0
662 117 150 0 0
663 117 151 0 0
664 116 151 0 0
665 117 151 0 0
666 116 151 0 0
667 116 152 0 0
668 117 152 0 0
669 116 152 0 0
670 117 152 0 0
671 116 152 0 0
672 116 153 0 0
673 115 153 0 0
674 115 154 0 0
675 116 154 0 0
676 115 154 0 0
677 116 154 0 0
678 115 154 0 0
679 115 155 0 0
680 116 155 0 0
681 115 155 0 0
682 114 155 0 0
683 115 155 0 0
684 114 155 0 0
685 114 156 0 0
686 115 156 0 0
687 114 156 0 0
688 115 156 0 0
689 114 156 0 0
690 114 157 0 0
691 115 157 0 0
692 114 157 0 0
693 114 158 0 0
694 113 158 0 0
695 114 158 0 0
696 113 158 0 0
697 113 159 0 0
698 114 159 0 0
699 113 159 0 0
700 112 159 0 0
701 112 160 0 0
702 113 160 0 0
703 112 160 0 0
704 112 161 0 0
705 113 161 0 0
706 112 161 0 0
707 113 161 0 0
708 112 161 0 0
709 112 162 0 0
710 113 162 0 0
711 112 162 0 0
712 111 162 0 0
713 112 162 0 0
714 111 162 0 0
715 111 163 0 0
716 112 163 0 0
717 111 163 0 0
718 112 163 0 0
719 111 163 0 0
720 111 164 0 0
721 110 164 0 0
722 110 165 0 0
723 111 165 0 0
724 110 165 0 0
725 111 165 0 0
726 110 165 0 0
727 110 166 0 0
728 111 166 0 0
729 110 166 0 0
730 109 166 0 0
731 109 167 0 0
732 110 167 0 0
733 109 167 0 0
734 110 167 0 0
735 109 167 0 0
736 109 168 0 0
737 110 168 0 0
738 109 168 0 0
739 109 169 0 0
740 108 169 0 0
741 109 169 0 0
742 108 169 0 0
743 109 169 0 0
744 108 169 0 0
745 108 170 0 0
746 109 170 0 0
747 108 170 0 0
748 107 170 0 0
749 107 171 0 0
750 108 171 0 0
751 107 171 0 0
752 108 171 0 0
753 107 171 0 0
754 107 172 0 0
755 108 172 0 0
756 107 172 0 0
757 107 173 0 0
758 108 173 0 0
759 107 173 0 0
760 108 173 0 0
761 107 173 0 0
762 107 174 0 0
763 108 174 0 0
764 107 174 0 0
765 108 174 0 0
766 107 174 0 0
767 107 175 0 0
768 106 175 0 0
769 106 176 0 0
770 107 176 0 0
771 106 176 0 0
772 107 176 0 0
773 106 176 0 0
774 106 177 0 0
775 107 177 0 0
776 106 177 0 0
777 107 177 0 0
778 106 177 0 0
779 106 178 0 0
780 107 178 0 0
781 106 178 0 0
782 107 178 0 0
783 106 178 0 0
784 106 179 0 0
785 105 179 0 0
786 105 180 0 0
787 106 180 0 0
788 105 180 0 0
789 106 180 0 0
790 105 180 0 0
791 105 181 0 0
792 106 181 0 0
793 105 181 0 0
794 106 181 0 0
795 105 181 0 0
796 105 182 0 0
797 104 182 0 0
798 105 182 0 0
799 104 182 0 0
800 104 183 0 0
801 105 183 0 0
802 104 183 0 0
803 104 184 0 0
804 105 184 0 0
805 104 184 0 0
806 105 184 0 0
807 104 184 0 0
808 104 185 0 0
809 105 185 0 0
810 104 185 0 0
811 105 185 0 0
812 104 185 0 0
813 104 186 0 0
814 103 186 0 0
815 103 187 0 0
816 104 187 0 0
817 103 187 0 0
818 104 187 0 0
819 103 187 0 0
820 103 188 0 0
821 104 188 0 0
822 103 188 0 0
823 104 188 0 0
824 103 188 0 0
825 103 189 0 0
826 104 189 0 0
827 103 189 0 0
828 102 189 0 0
829 102 190 0 0
830 103 190 0 0
831 102 190 0 0
832 102 191 0 0
833 103 191 0 0
834 102 191 0 0
835 103 191 0 0
836 102 191 0 0
837 103 191 0 0
838 102 191 0 0
839 102 192 0 0
840 103 192 0 0
841 102 192 0 0
842 103 192 0 0
843 102 192 0 0
844 102 193 0 0
845 103 193 0 0
846 102 193 0 0
847 103 193 0 0
848 102 193 0 0
849 102 194 0 0
850 103 194 0 0
851 102 194 0 0
852 102 195 0 0
853 103 195 0 0
854 102 195 0 0
855 103 195 0 0
856 102 195 0 0
857 102 196 0 0
858 103 196 0 0
859 102 196 0 0
860 103 196 0 0
861 102 196 0 0
862 102 197 0 0
863 103 197 0 0
864 102 197 0 0
865 103 197 0 0
866 102 197 0 0
867 102 198 0 0
868 103 198 0 0
869 102 198 0 0
870 102 199 0 0
871 103 199 0 0
872 102 199 0 0
873 103 199 0 0
874 102 199 0 0
875 103 199 0 0
876 102 199 0 0
877 102 200 0 0
878 103 200 0 0
879 102 200 0 0
880 103 200 0 0
881 102 200 0 0
882 102 201 0 0
883 103 201 0 0
884 102 201 0 0
885 103 201 0 0
886 102 201 0 0
887 102 202 0 0
888 103 202 0 0
889 102 202 0 0
890 102 203 0 0
891 103 203 0 0
892 102 203 0 0
893 103 203 0 0
894 102 203 0 0
895 102 204 0 0
896 103 204 0 0
897 102 204 0 0
898 103 204 0 0
899 102 204 0 0
900 102 205 0 0
901 103 205 0 0
902 102 205 0 0
903 102 206 0 0
904 103 206 0 0
905 102 206 0 0
906 103 206 0 0
907 102 206 0 0
908 103 206 0 0
909 102 206 0 0
910 102 207 0 0
911 103 207 0 0
912 102 207 0 0
913 103 207 0 0
914 102 207 0 0
915 102 208 0 0
916 103 208 0 0
917 102 208 0 0
918 103 208 0 0
919 102 208 0 0
920 102 209 0 0
921 103 209 0 0
922 102 209 0 0
923 102 210 0 0
924 103 210 0 0
925 102 210 0 0
926 103 210 0 0
927 102 210 0 0
928 102 211 0 0
929 103 211 0 0
930 102 211 0 0
931 103 211 0 0
932 102 211 0 0
933 102 212 0 0
934 103 212 0 0
935 102 212 0 0
936 103 212 0 0
937 102 212 0 0
938 102 213 0 0
939 103 213 0 0
940 102 213 0 0
941 102 214 0 0
942 103 214 0 0
943 102 214 0 0
944 103 214 0 0
945 102 214 0 0
946 103 214 0 0
947 102 214 0 0
948 102 215 0 0
949 103 215 0 0
950 102 215 0 0
951 103 215 0 0
952 102 215 0 0
953 102 216 0 0
954 103 216 0 0
955 102 216 0 0
956 103 216 0 0
957 102 216 0 0
958 102 217 0 0
959 103 217 0 0
960 102 217 0 0
961 102 218 0 0
962 103 218 0 0
963 102 218 0 0
964 103 218 0 0
965 102 218 0 0
966 102 219 0 0
967 103 219 0 0
968 102 219 0 0
969 103 219 0 0
970 102 219 0 0
971 102 220 0 0
972 103 220 0 0
973 102 220 0 0
974 103 220 0 0
975 102 220 0 0
976 102 221 0 0
977 103 221 0 0
978 102 221 0 0
979 102 222 0 0
980 103 222 0 0
981 104 222 0 0
982 103 222 0 0
983 103 223 0 0
984 104 223 0 0
985 103 223 0 0
986 104 223 0 0
987 103 223 0 0
988 103 224 0 0
989 104 224 0 0
990 103 224 0 0
991 103 225 0 0
992 104 225 0 0
993 103 225 0 0
994 104 225 0 0
995 103 225 0 0
996 103 226 0 0
997 104 226 0 0
998 103 226 0 0
999 104 226 0 0
1000 103 226 0 0
1001 103 227 0 0
1002 104 227 0 0
1003 103 227 0 0
1004 104 227 0 0
1005 103 227 0 0
1006 103 228 0 0
1007 104 228 0 0
1008 103 228 0 0
1009 103 229 0 0
1010 104 229 0 0
1011 103 229 0 0
1012 104 229 0 0
1013 103 229 0 0
1014 103 230 0 0
1015 104 230 0 0
1016 103 230 0 0
1017 104 230 0 0
1018 103 230 0 0
1019 103 231 0 0
1020 104 231 0 0
1021 103 231 0 0
1022 104 231 0 0
1023 103 231 0 0
1024 103 232 0 0
1025 104 232 0 0
1026 103 232 0 0
1027 103 233 0 0
1028 104 233 0 0
1029 103 233 0 0
1030 104 233 0 0
1031 103 233 0 0
1032 103 234 0 0
1033 104 234 0 0
1034 103 234 0 0
1035 104 234 0 0
1036 103 234 0 0
1037 103 235 0 0
1038 104 235 0 0
1039 103 235 0 0
1040 103 236 0 0
1041 104 236 0 0
1042 103 236 0 0
1043 104 236 0 0
1044 103 236 0 0
1045 103 237 0 0
1046 104 237 0 0
1047 103 237 0 0
1048 104 237 0 0
1049 103 237 0 0
1050 103 238 0 0
1051 104 238 0 0
1052 103 238 0 0
1053 104 238 0 0
1054 103 238 0 0
1055 103 239 0 0
1056 104 239 0 0
1057 103 239 0 0
1058 103 240 0 0
1059 104 240 0 0
1060 103 240 0 0
1061 103 241 0 0
1062 104 241 0 0
1063 103 241 0 0
1064 104 241 0 0
1065 103 241 0 0
1066 103 242 0 0
1067 104 242 0 0
1068 103 242 0 0
1069 104 242 0 0
1070 103 242 0 0
1071 103 243 0 0
1072 104 243 0 0
1073 103 243 0 0
1074 103 244 0 0
1075 104 244 0 0
1076 103 244 0 0
1077 104 244 0 0
1078 103 244 0 0
1079 103 245 0 0
1080 104 245 0 0
1081 103 245 0 0
1082 104 245 0 0
1083 103 245 0 0
1084 103 246 0 0
1085 104 246 0 0
1086 103 246 0 0
1087 104 246 0 0
1088 103 246 0 0
1089 103 247 0 0
1090 104 247 0 0
1091 103 247 0 0
1092 103 248 0 0
1093 104 248 0 0
