0 100 11 0 0
1 101 11 0 0
2 100 11 0 0
3 100 12 0 0
4 101 12 0 0
5 100 12 0 0
6 101 12 0 0
7 100 12 0 0
8 100 13 0 0
9 101 13 0 0
10 100 13 0 0
11 101 13 0 0
12 100 13 0 0
13 100 14 0 0
14 101 14 0 0
15 100 14 0 0
16 100 15 0 0
17 101 15 0 0
18 100 15 0 0
19 101 15 0 0
20 100 15 0 0
21 101 15 0 0
22 100 15 0 0
23 100 16 0 0
24 101 16 0 0
25 100 16 0 0
26 101 16 0 0
27 100 16 0 0
28 100 17 0 0
29 101 17 0 0
30 100 17 0 0
31 101 17 0 0
32 100 17 0 0
33 100 18 0 0
34 101 18 0 0
35 100 18 0 0
36 100 19 0 0
37 101 19 0 0
38 100 19 0 0
39 101 19 0 0
40 100 19 0 0
41 100 20 0 0
42 101 20 0 0
43 100 20 0 0
44 101 20 0 0
45 100 20 0 0
46 101 20 0 0
47 100 20 0 0
48 100 21 0 0
49 101 21 0 0
50 100 21 0 0
51 100 22 0 0
52 101 22 0 0
53 100 22 0 0
54 101 22 0 0
55 100 22 0 0
56 100 23 0 0
57 101 23 0 0
58 100 23 0 0
59 101 23 0 0
60 100 23 0 0
61 100 24 0 0
62 101 24 0 0
63 100 24 0 0
64 101 24 0 0
65 100 24 0 0
66 101 24 0 0
67 100 24 0 0
68 100 25 0 0
69 101 25 0 0
70 100 25 0 0
71 100 26 0 0
72 101 26 0 0
73 100 26 0 0
74 101 26 0 0
75 100 26 0 0
76 100 27 0 0
77 101 27 0 0
78 100 27 0 0
79 101 27 0 0
80 100 27 0 0
81 100 28 0 0
82 101 28 0 0
83 100 28 0 0
84 101 28 0 0
85 100 28 0 0
86 101 28 0 0
87 100 28 0 0
88 100 29 0 0
89 101 29 0 0
90 100 29 0 0
91 100 30 0 0
92 101 30 0 0
93 100 30 0 0
94 101 30 0 0
95 100 30 0 0
96 100 31 0 0
97 101 31 0 0
98 100 31 0 0
99 101 31 0 0
100 100 31 0 0
101 100 32 0 0
102 101 32 0 0
103 100 32 0 0
104 101 32 0 0
105 100 32 0 0
106 101 32 0 0
107 100 32 0 0
108 100 33 0 0
109 101 33 0 0
110 100 33 0 0
111 100 34 0 0
112 101 34 0 0
113 100 34 0 0
114 101 34 0 0
115 100 34 0 0
116 100 35 0 0
117 101 35 0 0
118 100 35 0 0
119 101 35 0 0
120 100 35 0 0
121 100 36 0 0
122 101 36 0 0
123 100 36 0 0
124 101 36 0 0
125 100 36 0 0
126 100 37 0 0
127 101 37 0 0
128 100 37 0 0
129 101 37 0 0
130 100 37 0 0
131 100 38 0 0
132 101 38 0 0
133 100 38 0 0
134 101 38 0 0
135 100 38 0 0
136 100 39 0 0
137 101 39 0 0
138 100 39 0 0
139 101 39 0 0
140 100 39 0 0
141 100 40 0 0
142 101 40 0 0
143 100 40 0 0
144 101 40 0 0
145 100 40 0 0
146 100 41 0 0
147 101 41 0 0
148 100 41 0 0
149 101 41 0 0
150 100 41 0 0
151 100 42 0 0
152 101 42 0 0
153 100 42 0 0
154 101 42 0 0
155 100 42 0 0
156 100 43 0 0
157 101 43 0 0
158 100 43 0 0
159 101 43 0 0
160 100 43 0 0
161 100 44 0 0
162 101 44 0 0
163 100 44 0 0
164 100 45 0 0
165 101 45 0 0
166 100 45 0 0
167 101 45 0 0
168 100 45 0 0
169 100 46 0 0
170 101 46 0 0
171 100 46 0 0
172 101 46 0 0
173 100 46 0 0
174 100 47 0 0
175 101 47 0 0
176 100 47 0 0
177 100 48 0 0
178 101 48 0 0
179 100 48 0 0
180 101 48 0 0
181 100 48 0 0
182 100 49 0 0
183 101 49 0 0
184 100 49 0 0
185 101 49 0 0
186 100 49 0 0
187 100 50 0 0
188 101 50 0 0
189 100 50 0 0
190 101 50 0 0
191 100 50 0 0
192 100 51 0 0
193 101 51 0 0
194 100 51 0 0
195 101 51 0 0
196 100 51 0 0
197 101 51 0 0
198 100 51 0 0
199 100 52 0 0
200 101 52 0 0
201 100 52 0 0
202 100 53 0 0
203 101 53 0 0
204 100 53 0 0
205 101 53 0 0
206 100 53 0 0
207 100 54 0 0
208 101 54 0 0
209 100 54 0 0
210 101 54 0 0
211 100 54 0 0
212 100 55 0 0
213 101 55 0 0
214 100 55 0 0
215 101 55 0 0
216 100 55 0 0
217 100 56 0 0
218 101 56 0 0
219 100 56 0 0
220 100 57 0 0
221 101 57 0 0
222 100 57 0 0
223 101 57 0 0
224 100 57 0 0
225 100 58 0 0
226 101 58 0 0
227 100 58 0 0
228 101 58 0 0
229 100 58 0 0
230 100 59 0 0
231 101 59 0 0
232 100 59 0 0
233 100 60 0 0
234 101 60 0 0
235 100 60 0 0
236 101 60 0 0
237 100 60 0 0
238 100 61 0 0
239 101 61 0 0
240 100 61 0 0
241 101 61 0 0
242 102 61 0 0
243 101 61 0 0
244 101 62 0 0
245 102 62 0 0
246 101 62 0 0
247 102 62 0 0
248 101 62 0 0
249 101 63 0 0
250 102 63 0 0
251 101 63 0 0
252 101 64 0 0
253 102 64 0 0
254 101 64 0 0
255 102 64 0 0
256 101 64 0 0
257 101 65 0 0
258 102 65 0 0
259 101 65 0 0
260 102 65 0 0
261 101 65 0 0
262 101 66 0 0
263 102 66 0 0
264 101 66 0 0
265 102 66 0 0
266 101 66 0 0
267 102 66 0 0
268 101 66 0 0
269 101 67 0 0
270 102 67 0 0
271 101 67 0 0
272 101 68 0 0
273 102 68 0 0
274 101 68 0 0
275 102 68 0 0
276 102 69 0 0
277 103 69 0 0
278 102 69 0 0
279 103 69 0 0
280 102 69 0 0
281 102 70 0 0
282 103 70 0 0
283 102 70 0 0
284 102 71 0 0
285 103 71 0 0
286 102 71 0 0
287 103 71 0 0
288 102 71 0 0
289 102 72 0 0
290 103 72 0 0
291 102 72 0 0
292 103 72 0 0
293 102 72 0 0
294 103 72 0 0
295 102 72 0 0
296 102 73 0 0
297 103 73 0 0
298 102 73 0 0
299 103 73 0 0
300 102 73 0 0
301 102 74 0 0
302 103 74 0 0
303 102 74 0 0
304 102 75 0 0
305 103 75 0 0
306 102 75 0 0
307 103 75 0 0
308 102 75 0 0
309 102 76 0 0
310 103 76 0 0
311 102 76 0 0
312 103 76 0 0
313 102 76 0 0
314 103 76 0 0
315 102 76 0 0
316 102 77 0 0
317 103 77 0 0
318 104 77 0 0
319 103 77 0 0
320 103 78 0 0
321 104 78 0 0
322 103 78 0 0
323 103 79 0 0
324 104 79 0 0
325 103 79 0 0
326 104 79 0 0
327 103 79 0 0
328 103 80 0 0
329 104 80 0 0
330 103 80 0 0
331 104 80 0 0
332 103 80 0 0
333 103 81 0 0
334 104 81 0 0
335 103 81 0 0
336 104 81 0 0
337 103 81 0 0
338 104 81 0 0
339 103 81 0 0
340 103 82 0 0
341 104 82 0 0
342 103 82 0 0
343 103 83 0 0
344 104 83 0 0
345 103 83 0 0
346 104 83 0 0
347 103 83 0 0
348 103 84 0 0
349 104 84 0 0
350 103 84 0 0
351 104 84 0 0
352 103 84 0 0
353 103 85 0 0
354 104 85 0 0
355 103 85 0 0
356 103 86 0 0
357 104 86 0 0
358 103 86 0 0
359 104 86 0 0
360 105 86 0 0
361 104 86 0 0
362 104 87 0 0
363 105 87 0 0
364 104 87 0 0
365 105 87 0 0
366 106 87 0 0
367 105 87 0 0
368 105 88 0 0
369 106 88 0 0
370 105 88 0 0
371 106 88 0 0
372 105 88 0 0
373 106 88 0 0
374 106 89 0 0
375 107 89 0 0
376 106 89 0 0
377 107 89 0 0
378 106 89 0 0
379 106 90 0 0
380 107 90 0 0
381 108 90 0 0
382 107 90 0 0
383 108 90 0 0
384 107 90 0 0
385 107 91 0 0
386 108 91 0 0
387 107 91 0 0
388 108 91 0 0
389 109 91 0 0
390 108 91 0 0
391 109 91 0 0
392 108 91 0 0
393 108 92 0 0
394 109 92 0 0
395 108 92 0 0
396 109 92 0 0
397 110 92 0 0
398 109 92 0 0
399 109 93 0 0
400 110 93 0 0
401 109 93 0 0
402 110 93 0 0
403 110 94 0 0
404 111 94 0 0
405 110 94 0 0
406 111 94 0 0
407 110 94 0 0
408 111 94 0 0
409 110 94 0 0
410 110 95 0 0
411 111 95 0 0
412 112 95 0 0
413 111 95 0 0
414 112 95 0 0
415 111 95 0 0
416 111 96 0 0
417 112 96 0 0
418 111 96 0 0
419 112 96 0 0
420 113 96 0 0
421 112 96 0 0
422 113 96 0 0
423 112 96 0 0
424 112 97 0 0
425 113 97 0 0
426 113 98 0 0
427 114 98 0 0
428 113 98 0 0
429 114 98 0 0
430 113 98 0 0
431 114 98 0 0
432 113 98 0 0
433 114 98 0 0
434 114 99 0 0
435 115 99 0 0
436 114 99 0 0
437 115 99 0 0
438 114 99 0 0
439 115 99 0 0
440 115 100 0 0
441 116 100 0 0
442 115 100 0 0
443 116 100 0 0
444 115 100 0 0
445 115 101 0 0
446 116 101 0 0
447 115 101 0 0
448 116 101 0 0
449 117 101 0 0
450 116 101 0 0
451 116 102 0 0
452 117 102 0 0
453 116 102 0 0
454 117 102 0 0
455 116 102 0 0
456 117 102 0 0
457 117 103 0 0
458 118 103 0 0
459 117 103 0 0
460 118 103 0 0
461 117 103 0 0
462 118 103 0 0
463 119 103 0 0
464 118 103 0 0
465 118 104 0 0
466 119 104 0 0
467 118 104 0 0
468 118 105 0 0
469 119 105 0 0
470 118 105 0 0
471 119 105 0 0
472 120 105 0 0
473 119 105 0 0
474 120 105 0 0
475 119 105 0 0
476 119 106 0 0
477 120 106 0 0
478 119 106 0 0
479 120 106 0 0
480 120 107 0 0
481 121 107 0 0
482 120 107 0 0
483 121 107 0 0
484 120 107 0 0
485 121 107 0 0
486 120 107 0 0
487 120 108 0 0
488 121 108 0 0
489 120 108 0 0
490 121 108 0 0
491 120 108 0 0
492 120 109 0 0
493 121 109 0 0
494 122 109 0 0
495 121 109 0 0
496 122 109 0 0
497 121 109 0 0
498 121 110 0 0
499 122 110 0 0
500 121 110 0 0
501 122 110 0 0
502 121 110 0 0
503 122 110 0 0
504 121 110 0 0
505 121 111 0 0
506 122 111 0 0
507 122 112 0 0
508 123 112 0 0
509 122 112 0 0
510 123 112 0 0
511 122 112 0 0
512 123 112 0 0
513 122 112 0 0
514 122 113 0 0
515 123 113 0 0
516 122 113 0 0
517 123 113 0 0
518 124 113 0 0
519 123 113 0 0
520 123 114 0 0
521 124 114 0 0
522 123 114 0 0
523 124 114 0 0
524 123 114 0 0
525 124 114 0 0
526 123 114 0 0
527 123 115 0 0
528 124 115 0 0
529 123 115 0 0
530 124 115 0 0
531 124 116 0 0
532 125 116 0 0
533 124 116 0 0
534 125 116 0 0
535 124 116 0 0
536 125 116 0 0
537 124 116 0 0
538 124 117 0 0
539 125 117 0 0
540 126 117 0 0
541 125 117 0 0
542 126 117 0 0
543 125 117 0 0
544 125 118 0 0
545 126 118 0 0
546 125 118 0 0
547 126 118 0 0
548 125 118 0 0
549 126 118 0 0
550 125 118 0 0
551 125 119 0 0
552 126 119 0 0
553 126 120 0 0
554 127 120 0 0
555 126 120 0 0
556 127 120 0 0
557 126 120 0 0
558 127 120 0 0
559 126 120 0 0
560 126 121 0 0
561 127 121 0 0
562 126 121 0 0
563 127 121 0 0
564 128 121 0 0
565 127 121 0 0
566 127 122 0 0
567 128 122 0 0
568 127 122 0 0
569 128 122 0 0
570 127 122 0 0
571 128 122 0 0
572 127 122 0 0
573 127 123 0 0
574 128 123 0 0
575 129 123 0 0
576 128 123 0 0
577 128 124 0 0
578 129 124 0 0
579 128 124 0 0
580 129 124 0 0
581 128 124 0 0
582 128 125 0 0
583 129 125 0 0
584 128 125 0 0
585 129 125 0 0
586 128 125 0 0
587 129 125 0 0
588 128 125 0 0
589 128 126 0 0
590 129 126 0 0
591 128 126 0 0
592 129 126 0 0
593 128 126 0 0
594 128 127 0 0
595 129 127 0 0
596 128 127 0 0
597 129 127 0 0
598 128 127 0 0
599 129 127 0 0
600 128 127 0 0
601 128 128 0 0
602 129 128 0 0
603 128 128 0 0
604 129 128 0 0
605 128 128 0 0
606 129 128 0 0
607 128 128 0 0
608 128 129 0 0
609 129 129 0 0
610 128 129 0 0
611 129 129 0 0
612 128 129 0 0
613 129 129 0 0
614 128 129 0 0
615 128 130 0 0
616 129 130 0 0
617 128 130 0 0
618 128 131 0 0
619 129 131 0 0
620 128 131 0 0
621 129 131 0 0
622 128 131 0 0
623 129 131 0 0
624 128 131 0 0
625 128 132 0 0
626 129 132 0 0
627 128 132 0 0
628 129 132 0 0
629 128 132 0 0
630 129 132 0 0
631 128 132 0 0
632 128 133 0 0
633 129 133 0 0
634 128 133 0 0
635 129 133 0 0
636 128 133 0 0
637 129 133 0 0
638 128 133 0 0
639 128 134 0 0
640 129 134 0 0
641 130 134 0 0
642 129 134 0 0
643 129 135 0 0
644 128 135 0 0
645 129 135 0 0
646 128 135 0 0
647 128 136 0 0
648 129 136 0 0
649 128 136 0 0
650 129 136 0 0
651 128 136 0 0
652 128 137 0 0
653 127 137 0 0
654 128 137 0 0
655 127 137 0 0
656 127 138 0 0
657 128 138 0 0
658 127 138 0 0
659 128 138 0 0
660 127 138 0 0
661 127 139 0 0
662 128 139 0 0
663 127 139 0 0
664 128 139 0 0
665 127 139 0 0
666 126 139 0 0
667 126 140 0 0
668 127 140 0 0
669 126 140 0 0
670 127 140 0 0
671 126 140 0 0
672 126 141 0 0
673 127 141 0 0
674 126 141 0 0
675 126 142 0 0
676 125 142 0 0
677 126 142 0 0
678 125 142 0 0
679 126 142 0 0
680 125 142 0 0
681 125 143 0 0
682 126 143 0 0
683 125 143 0 0
684 125 144 0 0
685 126 144 0 0
686 125 144 0 0
687 124 144 0 0
688 125 144 0 0
689 124 144 0 0
690 124 145 0 0
691 125 145 0 0
692 124 145 0 0
693 125 145 0 0
694 124 145 0 0
695 124 146 0 0
696 123 146 0 0
697 124 146 0 0
698 123 146 0 0
699 123 147 0 0
700 124 147 0 0
701 123 147 0 0
702 124 147 0 0
703 123 147 0 0
704 123 148 0 0
705 124 148 0 0
706 123 148 0 0
707 122 148 0 0
708 123 148 0 0
709 122 148 0 0
710 122 149 0 0
711 123 149 0 0
712 122 149 0 0
713 123 149 0 0
714 122 149 0 0
715 122 150 0 0
716 123 150 0 0
717 122 150 0 0
718 121 150 0 0
719 121 151 0 0
720 122 151 0 0
721 121 151 0 0
722 122 151 0 0
723 121 151 0 0
724 121 152 0 0
725 122 152 0 0
726 121 152 0 0
727 122 152 0 0
728 121 152 0 0
729 121 153 0 0
730 120 153 0 0
731 121 153 0 0
732 120 153 0 0
733 120 154 0 0
734 121 154 0 0
735 120 154 0 0
736 121 154 0 0
737 120 154 0 0
738 119 154 0 0
739 119 155 0 0
740 120 155 0 0
741 119 155 0 0
742 119 156 0 0
743 120 156 0 0
744 119 156 0 0
745 120 156 0 0
746 119 156 0 0
747 120 156 0 0
748 119 156 0 0
749 119 157 0 0
750 118 157 0 0
751 118 158 0 0
752 119 158 0 0
753 118 158 0 0
754 119 158 0 0
755 118 158 0 0
756 119 158 0 0
757 118 158 0 0
758 118 159 0 0
759 119 159 0 0
760 118 159 0 0
761 117 159 0 0
762 118 159 0 0
763 117 159 0 0
764 118 159 0 0
765 117 159 0 0
766 117 160 0 0
767 116 160 0 0
768 116 161 0 0
769 117 161 0 0
770 116 161 0 0
771 117 161 0 0
772 116 161 0 0
773 117 161 0 0
774 116 161 0 0
775 115 161 0 0
776 115 162 0 0
777 116 162 0 0
778 115 162 0 0
779 116 162 0 0
780 115 162 0 0
781 116 162 0 0
782 115 162 0 0
783 115 163 0 0
784 114 163 0 0
785 115 163 0 0
786 114 163 0 0
787 115 163 0 0
788 114 163 0 0
789 114 164 0 0
790 115 164 0 0
791 114 164 0 0
792 113 164 0 0
793 113 165 0 0
794 114 165 0 0
795 113 165 0 0
796 114 165 0 0
797 113 165 0 0
798 114 165 0 0
799 113 165 0 0
800 113 166 0 0
801 112 166 0 0
802 113 166 0 0
803 112 166 0 0
804 113 166 0 0
805 112 166 0 0
806 111 166 0 0
807 111 167 0 0
808 112 167 0 0
809 111 167 0 0
810 112 167 0 0
811 111 167 0 0
812 112 167 0 0
813 111 167 0 0
814 111 168 0 0
815 110 168 0 0
816 111 168 0 0
817 110 168 0 0
818 110 169 0 0
819 111 169 0 0
820 110 169 0 0
821 111 169 0 0
822 110 169 0 0
823 110 170 0 0
824 109 170 0 0
825 110 170 0 0
826 109 170 0 0
827 110 170 0 0
828 109 170 0 0
829 109 171 0 0
830 108 171 0 0
831 108 172 0 0
832 109 172 0 0
833 108 172 0 0
834 109 172 0 0
835 108 172 0 0
836 109 172 0 0
837 108 172 0 0
838 108 173 0 0
839 107 173 0 0
840 108 173 0 0
841 107 173 0 0
842 108 173 0 0
843 107 173 0 0
844 107 174 0 0
845 108 174 0 0
846 107 174 0 0
847 106 174 0 0
848 107 174 0 0
849 106 174 0 0
850 106 175 0 0
851 107 175 0 0
852 106 175 0 0
853 106 176 0 0
854 105 176 0 0
855 106 176 0 0
856 105 176 0 0
857 106 176 0 0
858 105 176 0 0
859 105 177 0 0
860 106 177 0 0
861 105 177 0 0
862 104 177 0 0
863 104 178 0 0
864 105 178 0 0
865 104 178 0 0
866 105 178 0 0
867 104 178 0 0
868 103 178 0 0
869 103 179 0 0
870 104 179 0 0
871 103 179 0 0
872 103 180 0 0
873 104 180 0 0
874 103 180 0 0
875 104 180 0 0
876 103 180 0 0
877 102 180 0 0
878 102 181 0 0
879 103 181 0 0
880 102 181 0 0
881 103 181 0 0
882 102 181 0 0
883 103 181 0 0
884 102 181 0 0
885 102 182 0 0
886 103 182 0 0
887 102 182 0 0
888 103 182 0 0
889 102 182 0 0
890 102 183 0 0
891 101 183 0 0
892 101 184 0 0
893 102 184 0 0
894 101 184 0 0
895 102 184 0 0
896 101 184 0 0
897 102 184 0 0
898 101 184 0 0
899 101 185 0 0
900 102 185 0 0
901 101 185 0 0
902 102 185 0 0
903 101 185 0 0
904 101 186 0 0
905 102 186 0 0
906 101 186 0 0
907 101 187 0 0
908 102 187 0 0
909 101 187 0 0
910 102 187 0 0
911 101 187 0 0
912 102 187 0 0
913 101 187 0 0
914 101 188 0 0
915 102 188 0 0
916 101 188 0 0
917 100 188 0 0
918 100 189 0 0
919 101 189 0 0
920 100 189 0 0
921 101 189 0 0
922 100 189 0 0
923 101 189 0 0
924 100 189 0 0
925 100 190 0 0
926 101 190 0 0
927 100 190 0 0
928 100 191 0 0
929 101 191 0 0
930 100 191 0 0
931 101 191 0 0
932 100 191 0 0
933 100 192 0 0
934 101 192 0 0
935 100 192 0 0
936 101 192 0 0
937 100 192 0 0
938 101 192 0 0
939 100 192 0 0
940 100 193 0 0
941 101 193 0 0
942 100 193 0 0
943 101 193 0 0
944 100 193 0 0
945 100 194 0 0
946 101 194 0 0
947 100 194 0 0
948 100 195 0 0
949 101 195 0 0
950 100 195 0 0
951 101 195 0 0
952 100 195 0 0
953 99 195 0 0
954 99 196 0 0
955 100 196 0 0
956 99 196 0 0
957 100 196 0 0
958 99 196 0 0
959 99 197 0 0
960 100 197 0 0
961 99 197 0 0
962 100 197 0 0
963 99 197 0 0
964 100 197 0 0
965 99 197 0 0
966 99 198 0 0
967 100 198 0 0
968 99 198 0 0
969 99 199 0 0
970 100 199 0 0
971 99 199 0 0
972 100 199 0 0
973 99 199 0 0
974 99 200 0 0
975 100 200 0 0
976 99 200 0 0
977 100 200 0 0
978 99 200 0 0
979 100 200 0 0
980 99 200 0 0
981 99 201 0 0
982 100 201 0 0
983 99 201 0 0
984 100 201 0 0
985 99 201 0 0
986 99 202 0 0
987 100 202 0 0
988 99 202 0 0
989 99 203 0 0
990 100 203 0 0
991 99 203 0 0
992 100 203 0 0
993 99 203 0 0
994 100 203 0 0
995 99 203 0 0
996 99 204 0 0
997 100 204 0 0
998 99 204 0 0
999 100 204 0 0
1000 99 204 0 0
1001 99 205 0 0
1002 100 205 0 0
1003 99 205 0 0
1004 99 206 0 0
1005 100 206 0 0
1006 99 206 0 0
1007 100 206 0 0
1008 99 206 0 0
1009 100 206 0 0
1010 99 206 0 0
1011 99 207 0 0
1012 100 207 0 0
1013 99 207 0 0
1014 100 207 0 0
1015 99 207 0 0
1016 99 208 0 0
1017 100 208 0 0
1018 99 208 0 0
1019 100 208 0 0
1020 99 208 0 0
1021 100 208 0 0
1022 99 208 0 0
1023 99 209 0 0
1024 100 209 0 0
1025 99 209 0 0
1026 99 210 0 0
1027 100 210 0 0
1028 99 210 0 0
1029 100 210 0 0
1030 99 210 0 0
1031 99 211 0 0
1032 100 211 0 0
1033 99 211 0 0
1034 100 211 0 0
1035 99 211 0 0
1036 100 211 0 0
1037 99 211 0 0
1038 99 212 0 0
1039 100 212 0 0
1040 99 212 0 0
1041 100 212 0 0
1042 99 212 0 0
1043 99 213 0 0
1044 100 213 0 0
1045 99 213 0 0
1046 99 214 0 0
1047 100 214 0 0
1048 99 214 0 0
1049 100 214 0 0
1050 99 214 0 0
1051 100 214 0 0
1052 99 214 0 0
1053 99 215 0 0
1054 98 215 0 0
1055 99 215 0 0
1056 98 215 0 0
1057 98 216 0 0
1058 99 216 0 0
1059 98 216 0 0
1060 99 216 0 0
1061 98 216 0 0
1062 98 217 0 0
1063 99 217 0 0
1064 98 217 0 0
1065 98 218 0 0
1066 99 218 0 0
1067 98 218 0 0
1068 99 218 0 0
1069 98 218 0 0
1070 98 219 0 0
1071 99 219 0 0
1072 98 219 0 0
1073 99 219 0 0
1074 98 219 0 0
1075 98 220 0 0
1076 99 220 0 0
1077 98 220 0 0
1078 99 220 0 0
1079 98 220 0 0
1080 98 221 0 0
1081 99 221 0 0
1082 98 221 0 0
1083 98 222 0 0
1084 99 222 0 0
1085 98 222 0 0
1086 99 222 0 0
1087 98 222 0 0
1088 98 223 0 0
1089 99 223 0 0
1090 98 223 0 0
1091 99 223 0 0
1092 98 223 0 0
1093 98 224 0 0
1094 99 224 0 0
1095 98 224 0 0
1096 98 225 0 0
1097 99 225 0 0
1098 98 225 0 0
1099 99 225 0 0
1100 98 225 0 0
1101 99 225 0 0
1102 98 225 0 0
1103 98 226 0 0
1104 99 226 0 0
1105 98 226 0 0
1106 99 226 0 0
1107 98 226 0 0
1108 98 227 0 0
1109 99 227 0 0
1110 98 227 0 0
1111 99 227 0 0
1112 98 227 0 0
1113 98 228 0 0
1114 99 228 0 0
1115 98 228 0 0
1116 98 229 0 0
1117 99 229 0 0
1118 98 229 0 0
1119 99 229 0 0
1120 98 229 0 0
1121 98 230 0 0
1122 99 230 0 0
1123 98 230 0 0
1124 99 230 0 0
1125 98 230 0 0
1126 98 231 0 0
1127 99 231 0 0
1128 98 231 0 0
1129 99 231 0 0
1130 98 231 0 0
1131 98 232 0 0
1132 99 232 0 0
1133 98 232 0 0
1134 98 233 0 0
1135 99 233 0 0
1136 98 233 0 0
1137 99 233 0 0
1138 98 233 0 0
1139 98 234 0 0
1140 99 234 0 0
1141 98 234 0 0
1142 99 234 0 0
1143 98 234 0 0
1144 98 235 0 0
1145 99 235 0 0
1146 98 235 0 0
1147 98 236 0 0
1148 99 236 0 0
1149 98 236 0 0
1150 99 236 0 0
1151 98 236 0 0
1152 99 236 0 0
1153 98 236 0 0
1154 98 237 0 0
1155 99 237 0 0
1156 98 237 0 0
1157 99 237 0 0
1158 98 237 0 0
1159 99 237 0 0
1160 98 237 0 0
1161 98 238 0 0
1162 99 238 0 0
1163 98 238 0 0
1164 99 238 0 0
1165 98 238 0 0
1166 99 238 0 0
1167 98 238 0 0
1168 98 239 0 0
1169 99 239 0 0
1170 98 239 0 0
1171 98 240 0 0
1172 99 240 0 0
1173 98 240 0 0
1174 99 240 0 0
1175 98 240 0 0
1176 99 240 0 0
1177 98 240 0 0
1178 98 241 0 0
1179 99 241 0 0
1180 98 241 0 0
1181 99 241 0 0
1182 98 241 0 0
1183 99 241 0 0
1184 98 241 0 0
1185 98 242 0 0
1186 99 242 0 0
1187 100 242 0 0
1188 99 242 0 0
1189 100 242 0 0
1190 99 242 0 0
1191 99 243 0 0
1192 100 243 0 0
1193 99 243 0 0
1194 100 243 0 0
1195 99 243 0 0
1196 99 244 0 0
1197 100 244 0 0
1198 99 244 0 0
1199 100 244 0 0
1200 99 244 0 0
1201 100 244 0 0
1202 99 244 0 0
1203 99 245 0 0
1204 100 245 0 0
1205 99 245 0 0
1206 100 245 0 0
1207 99 245 0 0
1208 100 245 0 0
1209 99 245 0 0
1210 99 246 0 0
1211 100 246 0 0
1212 99 246 0 0
1213 100 246 0 0
1214 99 246 0 0
1215 100 246 0 0
1216 99 246 0 0
1217 99 247 0 0
1218 100 247 0 0
1219 99 247 0 0
1220 99 248 0 0
1221 100 248 0 0
1222 99 248 0 0
1223 100 248 0 0
1224 99 248 0 0
1225 100 248 0 0
1226 99 248 0 0
1227 99 249 0 0
1228 100 249 0 0
1229 99 249 0 0
1230 100 249 0 0
1231 99 249 0 0
1232 99 250 0 0
1233 100 250 0 0
1234 99 250 0 0
1235 99 251 0 0
1236 100 251 0 0
1237 101 251 0 0
1238 100 251 0 0
1239 100 252 0 0
1240 101 252 0 0
1241 100 252 0 0
1242 101 252 0 0
1243 100 252 0 0
1244 100 253 0 0
1245 101 253 0 0
1246 100 253 0 0
1247 101 253 0 0
1248 100 253 0 0
1249 100 254 0 0
1250 101 254 0 0
1251 100 254 0 0
1252 100 255 0 0
1253 101 255 0 0
1254 100 255 0 0
1255 101 255 0 0
1256 100 255 0 0
1257 100 256 0 0
1258 101 256 0 0
1259 100 256 0 0
1260 101 256 0 0
1261 100 256 0 0
1262 101 256 0 0
1263 100 256 0 0
1264 100 257 0 0
1265 101 257 0 0
1266 102 257 0 0
1267 101 257 0 0
1268 101 258 0 0
1269 102 258 0 0
1270 101 258 0 0
1271 101 259 0 0
1272 102 259 0 0
1273 101 259 0 0
1274 102 259 0 0
1275 101 259 0 0
1276 101 260 0 0
1277 102 260 0 0
1278 101 260 0 0
1279 102 260 0 0
1280 101 260 0 0
1281 101 261 0 0
1282 102 261 0 0
1283 101 261 0 0
1284 102 261 0 0
1285 101 261 0 0
1286 101 262 0 0
1287 102 262 0 0
