0 5 118 0 0
1 6 118 0 0
2 7 118 0 0
3 7 117 0 0
4 8 117 0 0
5 9 117 0 0
6 10 117 0 0
7 11 117 0 0
8 11 116 0 0
9 12 116 0 0
10 11 116 0 0
11 12 116 0 0
12 12 115 0 0
13 13 115 0 0
14 14 115 0 0
15 15 115 0 0
16 16 115 0 0
17 16 114 0 0
18 17 114 0 0
19 18 114 0 0
20 17 114 0 0
21 18 114 0 0
22 19 114 0 0
23 20 114 0 0
24 19 114 0 0
25 19 113 0 0
26 20 113 0 0
27 21 113 0 0
28 22 113 0 0
29 23 113 0 0
30 23 112 0 0
31 24 112 0 0
32 25 112 0 0
33 25 111 0 0
34 26 111 0 0
35 27 111 0 0
36 26 111 0 0
37 27 111 0 0
38 28 111 0 0
39 28 110 0 0
40 29 110 0 0
41 30 110 0 0
42 31 110 0 0
43 32 110 0 0
44 32 109 0 0
45 33 109 0 0
46 32 109 0 0
47 33 109 0 0
48 34 109 0 0
49 34 108 0 0
50 35 108 0 0
51 34 108 0 0
52 34 107 0 0
53 35 107 0 0
54 36 107 0 0
55 35 107 0 0
56 35 106 0 0
57 36 106 0 0
58 37 106 0 0
59 36 106 0 0
60 36 105 0 0
61 37 105 0 0
62 38 105 0 0
63 37 105 0 0
64 37 104 0 0
65 38 104 0 0
66 38 103 0 0
67 39 103 0 0
68 40 103 0 0
69 39 103 0 0
70 40 103 0 0
71 40 102 0 0
72 41 102 0 0
73 40 102 0 0
74 41 102 0 0
75 41 101 0 0
76 42 101 0 0
77 41 101 0 0
78 42 101 0 0
79 42 100 0 0
80 43 100 0 0
81 43 99 0 0
82 44 99 0 0
83 43 99 0 0
84 44 99 0 0
85 44 98 0 0
86 45 98 0 0
87 44 98 0 0
88 45 98 0 0
89 45 97 0 0
90 46 97 0 0
91 46 96 0 0
92 47 96 0 0
93 46 96 0 0
94 47 96 0 0
95 48 96 0 0
96 47 96 0 0
97 47 95 0 0
98 48 95 0 0
99 49 95 0 0
100 48 95 0 0
101 48 94 0 0
102 49 94 0 0
103 50 94 0 0
104 49 94 0 0
105 49 93 0 0
106 50 93 0 0
107 50 92 0 0
108 51 92 0 0
109 52 92 0 0
110 51 92 0 0
111 51 91 0 0
112 52 91 0 0
113 53 91 0 0
114 52 91 0 0
115 52 90 0 0
116 53 90 0 0
117 54 90 0 0
118 53 90 0 0
119 53 89 0 0
120 54 89 0 0
121 53 89 0 0
122 53 88 0 0
123 54 88 0 0
124 55 88 0 0
125 54 88 0 0
126 54 87 0 0
127 55 87 0 0
128 54 87 0 0
129 54 86 0 0
130 55 86 0 0
131 54 86 0 0
132 55 86 0 0
133 55 85 0 0
134 56 85 0 0
135 55 85 0 0
136 55 84 0 0
137 56 84 0 0
138 55 84 0 0
139 55 83 0 0
140 56 83 0 0
141 55 83 0 0
142 56 83 0 0
143 56 82 0 0
144 57 82 0 0
145 56 82 0 0
146 56 81 0 0
147 57 81 0 0
148 56 81 0 0
149 56 80 0 0
150 57 80 0 0
151 58 80 0 0
152 57 80 0 0
153 57 79 0 0
154 58 79 0 0
155 57 79 0 0
156 58 79 0 0
157 57 79 0 0
158 57 78 0 0
159 58 78 0 0
160 58 77 0 0
161 59 77 0 0
162 58 77 0 0
163 58 76 0 0
164 59 76 0 0
165 58 76 0 0
166 59 76 0 0
167 59 75 0 0
168 60 75 0 0
169 59 75 0 0
170 59 74 0 0
171 60 74 0 0
172 59 74 0 0
173 59 73 0 0
174 60 73 0 0
175 59 73 0 0
176 60 73 0 0
177 60 72 0 0
178 61 72 0 0
179 60 72 0 0
180 61 72 0 0
181 60 72 0 0
182 60 71 0 0
183 61 71 0 0
184 61 70 0 0
185 62 70 0 0
186 61 70 0 0
187 61 69 0 0
188 62 69 0 0
189 61 69 0 0
190 62 69 0 0
191 61 69 0 0
192 61 68 0 0
193 62 68 0 0
194 61 68 0 0
195 61 67 0 0
196 62 67 0 0
197 63 67 0 0
198 62 67 0 0
199 62 66 0 0
200 62 65 0 0
201 63 65 0 0
202 62 65 0 0
203 63 65 0 0
204 62 65 0 0
205 62 64 0 0
206 63 64 0 0
207 62 64 0 0
208 62 63 0 0
209 63 63 0 0
210 62 63 0 0
211 62 62 0 0
212 63 62 0 0
213 62 62 0 0
214 63 62 0 0
215 63 61 0 0
216 64 61 0 0
217 63 61 0 0
218 63 60 0 0
219 64 60 0 0
220 63 60 0 0
221 64 60 0 0
222 63 60 0 0
223 63 59 0 0
224 63 58 0 0
225 64 58 0 0
226 63 58 0 0
227 64 58 0 0
228 64 57 0 0
229 65 57 0 0
230 64 57 0 0
231 64 56 0 0
232 65 56 0 0
233 64 56 0 0
234 64 55 0 0
235 65 55 0 0
236 64 55 0 0
237 65 55 0 0
238 64 55 0 0
239 64 54 0 0
240 65 54 0 0
241 64 54 0 0
242 64 53 0 0
243 65 53 0 0
244 64 53 0 0
245 65 53 0 0
246 65 52 0 0
247 66 52 0 0
248 65 52 0 0
249 65 51 0 0
250 66 51 0 0
251 65 51 0 0
252 65 50 0 0
253 66 50 0 0
254 65 50 0 0
255 65 49 0 0
256 66 49 0 0
257 65 49 0 0
258 66 49 0 0
259 65 49 0 0
260 65 48 0 0
261 66 48 0 0
262 66 47 0 0
263 67 47 0 0
264 66 47 0 0
265 66 46 0 0
266 67 46 0 0
267 66 46 0 0
268 67 46 0 0
269 66 46 0 0
270 66 45 0 0
271 67 45 0 0
272 66 45 0 0
273 66 44 0 0
274 67 44 0 0
275 66 44 0 0
276 66 43 0 0
277 67 43 0 0
278 66 43 0 0
279 66 42 0 0
280 67 42 0 0
