0 18000 1600 0 0
1 18000 1800 0 0
2 18000 2000 0 0
3 18000 2200 0 0
4 18000 2400 0 0
5 18000 2600 0 0
6 18000 2800 0 0
7 18000 3000 0 0
8 18000 3200 0 0
9 18000 3400 0 0
10 18000 3600 0 0
11 18000 3800 0 0
12 18000 4000 0 0
13 18000 4200 0 0
14 18200 4200 0 0
15 18200 4400 0 0
16 18200 4600 0 0
17 18200 4800 0 0
18 18200 5000 0 0
19 18200 5200 0 0
20 18200 5400 0 0
21 18200 5600 0 0
22 18200 5800 0 0
23 18200 6000 0 0
24 18200 6200 0 0
25 18200 6400 0 0
26 18200 6600 0 0
27 18200 6800 0 0
28 18200 7000 0 0
29 18200 7200 0 0
30 18200 7400 0 0
31 18400 7400 0 0
32 18400 7600 0 0
33 18400 7800 0 0
34 18400 8000 0 0
35 18400 8200 0 0
36 18400 8400 0 0
37 18400 8600 0 0
38 18400 8800 0 0
39 18400 9000 0 0
40 18400 9200 0 0
41 18400 9400 0 0
42 18400 9600 0 0
43 18400 9800 0 0
44 18600 9800 0 0
45 18600 10000 0 0
46 18600 10200 0 0
47 18600 10400 0 0
48 18600 10600 0 0
49 18600 10800 0 0
50 18600 11000 0 0
51 18600 11200 0 0
52 18600 11400 0 0
53 18600 11600 0 0
54 18600 11800 0 0
55 18600 12000 0 0
56 18800 12000 0 0
57 18800 12200 0 0
58 18800 12400 0 0
59 18800 12600 0 0
60 18800 12800 0 0
61 18800 13000 0 0
62 18800 13200 0 0
63 18800 13400 0 0
64 18800 13600 0 0
65 18800 13800 0 0
66 19000 13800 0 0
67 19000 14000 0 0
68 19000 14200 0 0
69 19200 14200 0 0
70 19200 14400 0 0
71 19200 14600 0 0
72 19200 14800 0 0
73 19400 14800 0 0
74 19400 15000 0 0
75 19400 15200 0 0
76 19600 15200 0 0
77 19600 15400 0 0
78 19600 15600 0 0
79 19600 15800 0 0
80 19600 16000 0 0
81 19800 16000 0 0
82 19800 16200 0 0
83 20000 16200 0 0
84 20000 16400 0 0
85 20000 16600 0 0
86 20000 16800 0 0
87 20200 16800 0 0
88 20200 17000 0 0
89 20200 17200 0 0
90 20400 17200 0 0
91 20400 17400 0 0
92 20400 17600 0 0
93 20400 17800 0 0
94 20600 17800 0 0
95 20600 18000 0 0
96 20800 18000 0 0
97 20800 18200 0 0
98 21000 18200 0 0
99 21000 18400 0 0
100 21000 18600 0 0
101 21200 18600 0 0
102 21200 18800 0 0
103 21400 18800 0 0
104 21400 19000 0 0
105 21600 19000 0 0
106 21600 19200 0 0
107 21800 19200 0 0
108 21800 19400 0 0
109 22000 19400 0 0
110 22000 19600 0 0
111 22200 19600 0 0
112 22200 19800 0 0
113 22400 19800 0 0
114 22400 20000 0 0
115 22600 20000 0 0
116 22600 20200 0 0
117 22800 20200 0 0
118 23000 20200 0 0
119 23000 20400 0 0
120 23000 20600 0 0
121 23200 20600 0 0
122 23200 20800 0 0
123 23400 20800 0 0
124 23600 20800 0 0
125 23600 21000 0 0
126 23800 21000 0 0
127 23800 21200 0 0
128 24000 21200 0 0
129 24000 21400 0 0
130 24200 21400 0 0
131 24200 21600 0 0
132 24400 21600 0 0
133 24600 21600 0 0
134 24600 21800 0 0
135 24800 21800 0 0
136 24800 22000 0 0
137 24800 22200 0 0
138 25000 22200 0 0
139 25000 22400 0 0
140 25200 22400 0 0
141 25400 22400 0 0
142 25400 22600 0 0
143 25600 22600 0 0
144 25600 22800 0 0
145 25800 22800 0 0
146 25800 23000 0 0
147 26000 23000 0 0
148 26000 23200 0 0
149 26200 23200 0 0
150 26400 23200 0 0
151 26400 23400 0 0
152 26400 23600 0 0
153 26600 23600 0 0
154 26600 23800 0 0
155 26800 23800 0 0
156 27000 23800 0 0
157 27000 24000 0 0
158 27200 24000 0 0
159 27200 24200 0 0
160 27400 24200 0 0
161 27600 24200 0 0
162 27800 24200 0 0
163 27800 24400 0 0
164 28000 24400 0 0
165 28200 24400 0 0
166 28400 24400 0 0
167 28600 24400 0 0
168 28800 24400 0 0
169 29000 24400 0 0
170 29000 24600 0 0
171 29200 24600 0 0
172 29400 24600 0 0
173 29600 24600 0 0
174 29800 24600 0 0
175 30000 24600 0 0
176 30200 24600 0 0
177 30200 24800 0 0
178 30400 24800 0 0
179 30600 24800 0 0
180 30800 24800 0 0
181 31000 24800 0 0
182 31200 24800 0 0
183 31400 24800 0 0
184 31400 25000 0 0
185 31600 25000 0 0
186 31800 25000 0 0
187 32000 25000 0 0
188 32000 25200 0 0
189 32200 25200 0 0
190 32400 25200 0 0
191 32600 25200 0 0
192 32800 25200 0 0
193 33000 25200 0 0
194 33000 25400 0 0
195 33200 25400 0 0
196 33400 25400 0 0
197 33600 25400 0 0
198 33800 25400 0 0
199 34000 25400 0 0
200 34200 25400 0 0
201 34400 25400 0 0
202 34600 25400 0 0
203 34800 25400 0 0
204 35000 25400 0 0
205 35200 25400 0 0
206 35400 25400 0 0
207 35600 25400 0 0
208 35800 25400 0 0
209 36000 25400 0 0
210 36000 25200 0 0
211 36200 25200 0 0
212 36400 25200 0 0
213 36600 25200 0 0
214 36800 25200 0 0
215 37000 25200 0 0
216 37200 25200 0 0
217 37400 25200 0 0
218 37600 25200 0 0
219 37600 25000 0 0
220 37800 25000 0 0
221 38000 25000 0 0
222 38200 25000 0 0
223 38400 25000 0 0
224 38600 25000 0 0
225 38600 24800 0 0
226 38800 24800 0 0
