0 97 5 0 0
1 97 6 0 0
2 97 7 0 0
3 97 8 0 0
4 97 9 0 0
5 97 10 0 0
6 97 11 0 0
7 97 12 0 0
8 97 13 0 0
9 97 14 0 0
10 97 15 0 0
11 97 16 0 0
12 97 17 0 0
13 97 18 0 0
14 97 19 0 0
15 97 20 0 0
16 97 21 0 0
17 97 22 0 0
18 97 23 0 0
19 97 24 0 0
20 97 25 0 0
21 97 26 0 0
22 97 27 0 0
23 97 28 0 0
24 97 29 0 0
25 97 30 0 0
26 97 31 0 0
27 97 32 0 0
28 97 33 0 0
29 97 34 0 0
30 97 35 0 0
31 97 36 0 0
32 97 37 0 0
33 98 37 0 0
34 98 38 0 0
35 98 39 0 0
36 98 40 0 0
37 98 41 0 0
38 98 42 0 0
39 98 43 0 0
40 98 44 0 0
41 98 45 0 0
42 98 46 0 0
43 98 47 0 0
44 98 48 0 0
45 98 49 0 0
46 98 50 0 0
47 98 51 0 0
48 99 51 0 0
49 99 52 0 0
50 99 53 0 0
51 99 54 0 0
52 99 55 0 0
53 99 56 0 0
54 99 57 0 0
55 99 58 0 0
56 100 58 0 0
57 100 59 0 0
58 100 60 0 0
59 100 61 0 0
60 100 62 0 0
61 100 63 0 0
62 101 63 0 0
63 101 64 0 0
64 101 65 0 0
65 101 66 0 0
66 101 67 0 0
67 101 68 0 0
68 101 69 0 0
69 102 69 0 0
70 102 70 0 0
71 102 71 0 0
72 102 72 0 0
73 102 73 0 0
74 102 74 0 0
75 102 75 0 0
76 103 75 0 0
77 103 76 0 0
78 103 77 0 0
79 103 78 0 0
80 103 79 0 0
81 103 80 0 0
82 104 80 0 0
83 104 81 0 0
84 104 82 0 0
85 104 83 0 0
86 104 84 0 0
87 104 85 0 0
88 104 86 0 0
89 105 86 0 0
90 105 87 0 0
91 105 88 0 0
92 105 89 0 0
93 105 90 0 0
94 106 90 0 0
95 106 91 0 0
96 106 92 0 0
97 106 93 0 0
98 106 94 0 0
99 106 95 0 0
100 106 96 0 0
101 106 97 0 0
102 107 97 0 0
103 107 98 0 0
104 108 98 0 0
105 108 99 0 0
106 108 100 0 0
107 109 100 0 0
108 109 101 0 0
109 110 101 0 0
110 110 102 0 0
111 110 103 0 0
112 111 103 0 0
113 111 104 0 0
114 112 104 0 0
115 112 105 0 0
116 112 106 0 0
117 113 106 0 0
118 113 107 0 0
119 114 107 0 0
120 114 108 0 0
121 114 109 0 0
122 115 109 0 0
123 115 110 0 0
124 115 111 0 0
125 116 111 0 0
126 116 112 0 0
127 117 112 0 0
128 117 113 0 0
129 117 114 0 0
130 118 114 0 0
131 118 115 0 0
132 119 115 0 0
133 120 115 0 0
134 120 116 0 0
135 121 116 0 0
136 121 117 0 0
137 122 117 0 0
138 123 117 0 0
139 123 118 0 0
140 124 118 0 0
141 125 118 0 0
142 125 119 0 0
143 126 119 0 0
144 126 120 0 0
145 127 120 0 0
146 127 121 0 0
147 128 121 0 0
148 129 121 0 0
149 129 122 0 0
150 130 122 0 0
151 131 122 0 0
152 131 123 0 0
153 131 124 0 0
154 132 124 0 0
155 133 124 0 0
156 134 124 0 0
157 134 125 0 0
158 135 125 0 0
159 136 125 0 0
160 136 126 0 0
161 137 126 0 0
162 138 126 0 0
163 139 126 0 0
164 139 127 0 0
165 140 127 0 0
166 140 128 0 0
167 141 128 0 0
168 142 128 0 0
169 142 129 0 0
170 143 129 0 0
171 144 129 0 0
172 145 129 0 0
173 146 129 0 0
174 147 129 0 0
175 148 129 0 0
176 149 129 0 0
177 150 129 0 0
178 151 129 0 0
179 152 129 0 0
180 153 129 0 0
181 154 129 0 0
182 155 129 0 0
183 156 129 0 0
184 157 129 0 0
185 158 129 0 0
186 159 129 0 0
187 160 129 0 0
188 161 129 0 0
189 162 129 0 0
190 163 129 0 0
191 163 128 0 0
192 164 128 0 0
193 165 128 0 0
194 166 128 0 0
195 167 128 0 0
196 168 128 0 0
197 169 128 0 0
198 169 127 0 0
199 170 127 0 0
200 171 127 0 0
201 172 127 0 0
202 172 126 0 0
203 173 126 0 0
204 174 126 0 0
205 175 126 0 0
206 176 126 0 0
207 177 126 0 0
208 178 126 0 0
209 179 126 0 0
210 180 126 0 0
211 180 125 0 0
212 181 125 0 0
213 182 125 0 0
214 183 125 0 0
215 184 125 0 0
216 185 125 0 0
217 186 125 0 0
218 187 125 0 0
219 187 124 0 0
220 188 124 0 0
221 189 124 0 0
222 190 124 0 0
223 190 123 0 0
224 191 123 0 0
