0 99 12 0 0
1 99 13 0 0
2 99 14 0 0
3 99 15 0 0
4 99 16 0 0
5 99 17 0 0
6 99 18 0 0
7 99 19 0 0
8 99 20 0 0
9 99 21 0 0
10 99 22 0 0
11 99 23 0 0
12 99 24 0 0
13 99 25 0 0
14 99 26 0 0
15 99 27 0 0
16 99 28 0 0
17 99 29 0 0
18 99 30 0 0
19 99 31 0 0
20 99 32 0 0
21 99 33 0 0
22 99 34 0 0
23 99 35 0 0
24 99 36 0 0
25 99 37 0 0
26 99 38 0 0
27 99 39 0 0
28 99 40 0 0
29 99 41 0 0
30 99 42 0 0
31 99 43 0 0
32 99 44 0 0
33 99 45 0 0
34 99 46 0 0
35 99 47 0 0
36 99 48 0 0
37 99 49 0 0
38 99 50 0 0
39 99 51 0 0
40 99 52 0 0
41 99 53 0 0
42 99 54 0 0
43 99 55 0 0
44 99 56 0 0
45 99 57 0 0
46 99 58 0 0
47 100 58 0 0
48 100 59 0 0
49 100 60 0 0
50 100 61 0 0
51 100 62 0 0
52 101 62 0 0
53 101 63 0 0
54 101 64 0 0
55 101 65 0 0
56 101 66 0 0
57 101 67 0 0
58 101 68 0 0
59 102 68 0 0
60 102 69 0 0
61 102 70 0 0
62 102 71 0 0
63 102 72 0 0
64 102 73 0 0
65 102 74 0 0
66 103 74 0 0
67 103 75 0 0
68 103 76 0 0
69 103 77 0 0
70 103 78 0 0
71 104 78 0 0
72 104 79 0 0
73 104 80 0 0
74 104 81 0 0
75 104 82 0 0
76 104 83 0 0
77 105 83 0 0
78 105 84 0 0
79 105 85 0 0
80 105 86 0 0
81 105 87 0 0
82 105 88 0 0
83 106 88 0 0
84 106 89 0 0
85 106 90 0 0
86 107 90 0 0
87 107 91 0 0
88 107 92 0 0
89 108 92 0 0
90 108 93 0 0
91 108 94 0 0
92 109 94 0 0
93 109 95 0 0
94 109 96 0 0
95 110 96 0 0
96 110 97 0 0
97 111 97 0 0
98 111 98 0 0
99 111 99 0 0
100 112 99 0 0
101 112 100 0 0
102 112 101 0 0
103 113 101 0 0
104 113 102 0 0
105 113 103 0 0
106 114 103 0 0
107 114 104 0 0
108 115 104 0 0
109 115 105 0 0
110 115 106 0 0
111 116 106 0 0
112 116 107 0 0
113 117 107 0 0
114 117 108 0 0
115 117 109 0 0
116 118 109 0 0
117 119 109 0 0
118 119 110 0 0
119 120 110 0 0
120 120 111 0 0
121 121 111 0 0
122 122 111 0 0
123 122 112 0 0
124 123 112 0 0
125 124 112 0 0
126 124 113 0 0
127 125 113 0 0
128 126 113 0 0
129 126 114 0 0
130 127 114 0 0
131 128 114 0 0
132 129 114 0 0
133 129 115 0 0
134 130 115 0 0
135 130 116 0 0
136 131 116 0 0
137 132 116 0 0
138 132 117 0 0
139 133 117 0 0
140 134 117 0 0
141 135 117 0 0
142 135 118 0 0
143 136 118 0 0
144 137 118 0 0
145 138 118 0 0
146 138 119 0 0
147 139 119 0 0
148 139 120 0 0
149 140 120 0 0
150 141 120 0 0
151 141 121 0 0
152 142 121 0 0
153 143 121 0 0
154 144 121 0 0
155 144 122 0 0
156 145 122 0 0
157 146 122 0 0
158 147 122 0 0
159 148 122 0 0
160 149 122 0 0
161 150 122 0 0
162 151 122 0 0
163 151 123 0 0
164 152 123 0 0
165 153 123 0 0
166 154 123 0 0
167 155 123 0 0
168 156 123 0 0
169 157 123 0 0
170 157 124 0 0
171 158 124 0 0
172 159 124 0 0
173 160 124 0 0
174 161 124 0 0
175 162 124 0 0
176 163 124 0 0
177 164 124 0 0
178 165 124 0 0
179 166 124 0 0
180 167 124 0 0
181 168 124 0 0
182 169 124 0 0
183 170 124 0 0
184 171 124 0 0
185 172 124 0 0
186 173 124 0 0
187 174 124 0 0
188 175 124 0 0
189 176 124 0 0
190 177 124 0 0
191 178 124 0 0
192 178 123 0 0
193 179 123 0 0
194 180 123 0 0
195 181 123 0 0
196 182 123 0 0
197 183 123 0 0
198 184 123 0 0
199 185 123 0 0
200 186 123 0 0
201 187 123 0 0
202 188 123 0 0
203 189 123 0 0
204 190 123 0 0
