0 98 6 0 0
1 98 7 0 0
2 99 7 0 0
3 98 7 0 0
4 98 8 0 0
5 99 8 0 0
6 98 8 0 0
7 99 8 0 0
8 98 8 0 0
9 98 9 0 0
10 99 9 0 0
11 98 9 0 0
12 98 10 0 0
13 99 10 0 0
14 98 10 0 0
15 99 10 0 0
16 98 10 0 0
17 98 11 0 0
18 99 11 0 0
19 98 11 0 0
20 97 11 0 0
21 97 12 0 0
22 97 13 0 0
23 98 13 0 0
24 97 13 0 0
25 98 13 0 0
26 97 13 0 0
27 97 14 0 0
28 98 14 0 0
29 97 14 0 0
30 98 14 0 0
31 97 14 0 0
32 97 15 0 0
33 98 15 0 0
34 97 15 0 0
35 98 15 0 0
36 97 15 0 0
37 97 16 0 0
38 98 16 0 0
39 97 16 0 0
40 97 17 0 0
41 98 17 0 0
42 97 17 0 0
43 97 18 0 0
44 98 18 0 0
45 97 18 0 0
46 98 18 0 0
47 97 18 0 0
48 97 19 0 0
49 98 19 0 0
50 97 19 0 0
51 98 19 0 0
52 97 19 0 0
53 97 20 0 0
54 98 20 0 0
55 97 20 0 0
56 97 21 0 0
57 98 21 0 0
58 97 21 0 0
59 98 21 0 0
60 97 21 0 0
61 97 22 0 0
62 98 22 0 0
63 97 22 0 0
64 98 22 0 0
65 97 22 0 0
66 97 23 0 0
67 97 24 0 0
68 98 24 0 0
69 97 24 0 0
70 98 24 0 0
71 97 24 0 0
72 97 25 0 0
73 98 25 0 0
74 97 25 0 0
75 96 25 0 0
76 96 26 0 0
77 97 26 0 0
78 96 26 0 0
79 97 26 0 0
80 96 26 0 0
81 96 27 0 0
82 97 27 0 0
83 96 27 0 0
84 96 28 0 0
85 97 28 0 0
86 96 28 0 0
87 96 29 0 0
88 97 29 0 0
89 96 29 0 0
90 97 29 0 0
91 96 29 0 0
92 96 30 0 0
93 97 30 0 0
94 96 30 0 0
95 97 30 0 0
96 96 30 0 0
97 96 31 0 0
98 97 31 0 0
99 96 31 0 0
100 96 32 0 0
101 97 32 0 0
102 96 32 0 0
103 97 32 0 0
104 96 32 0 0
105 96 33 0 0
106 97 33 0 0
107 96 33 0 0
108 96 34 0 0
109 97 34 0 0
110 96 34 0 0
111 97 34 0 0
112 96 34 0 0
113 96 35 0 0
114 97 35 0 0
115 96 35 0 0
116 96 36 0 0
117 97 36 0 0
118 96 36 0 0
119 97 36 0 0
120 96 36 0 0
121 96 37 0 0
122 97 37 0 0
123 96 37 0 0
124 97 37 0 0
125 96 37 0 0
126 96 38 0 0
127 97 38 0 0
128 96 38 0 0
129 96 39 0 0
130 97 39 0 0
131 96 39 0 0
132 96 40 0 0
133 97 40 0 0
134 96 40 0 0
135 97 40 0 0
136 96 40 0 0
137 96 41 0 0
138 97 41 0 0
139 96 41 0 0
140 97 41 0 0
141 96 41 0 0
142 96 42 0 0
143 97 42 0 0
144 96 42 0 0
145 96 43 0 0
146 97 43 0 0
147 96 43 0 0
148 97 43 0 0
149 96 43 0 0
150 96 44 0 0
151 97 44 0 0
152 96 44 0 0
153 97 44 0 0
154 97 45 0 0
155 98 45 0 0
156 97 45 0 0
157 98 45 0 0
158 97 45 0 0
159 97 46 0 0
160 98 46 0 0
161 97 46 0 0
162 97 47 0 0
163 98 47 0 0
164 97 47 0 0
165 97 48 0 0
166 98 48 0 0
167 97 48 0 0
168 98 48 0 0
169 97 48 0 0
170 97 49 0 0
171 98 49 0 0
172 97 49 0 0
173 98 49 0 0
174 97 49 0 0
175 97 50 0 0
176 98 50 0 0
177 98 51 0 0
178 99 51 0 0
179 98 51 0 0
180 99 51 0 0
181 98 51 0 0
182 98 52 0 0
183 99 52 0 0
184 98 52 0 0
185 99 52 0 0
186 98 52 0 0
187 98 53 0 0
188 99 53 0 0
189 98 53 0 0
190 98 54 0 0
191 99 54 0 0
192 98 54 0 0
193 98 55 0 0
194 99 55 0 0
195 98 55 0 0
196 99 55 0 0
197 98 55 0 0
198 98 56 0 0
199 99 56 0 0
200 98 56 0 0
201 99 56 0 0
202 98 56 0 0
203 98 57 0 0
204 99 57 0 0
205 98 57 0 0
206 98 58 0 0
207 99 58 0 0
208 100 58 0 0
209 99 58 0 0
210 99 59 0 0
211 100 59 0 0
212 99 59 0 0
213 100 59 0 0
214 99 59 0 0
215 99 60 0 0
216 100 60 0 0
217 99 60 0 0
218 100 60 0 0
219 99 60 0 0
220 99 61 0 0
221 100 61 0 0
222 99 61 0 0
223 99 62 0 0
224 100 62 0 0
225 99 62 0 0
226 99 63 0 0
227 100 63 0 0
228 99 63 0 0
229 100 63 0 0
230 100 64 0 0
231 101 64 0 0
232 100 64 0 0
233 101 64 0 0
234 100 64 0 0
235 100 65 0 0
236 101 65 0 0
237 100 65 0 0
238 100 66 0 0
239 101 66 0 0
240 100 66 0 0
241 101 66 0 0
242 100 66 0 0
243 100 67 0 0
244 101 67 0 0
245 100 67 0 0
246 101 67 0 0
247 100 67 0 0
248 100 68 0 0
249 101 68 0 0
250 100 68 0 0
251 100 69 0 0
252 101 69 0 0
253 100 69 0 0
254 101 69 0 0
255 100 69 0 0
256 100 70 0 0
257 101 70 0 0
258 100 70 0 0
259 100 71 0 0
260 101 71 0 0
261 102 71 0 0
262 101 71 0 0
263 101 72 0 0
264 102 72 0 0
265 101 72 0 0
266 102 72 0 0
267 101 72 0 0
268 101 73 0 0
269 102 73 0 0
270 101 73 0 0
271 101 74 0 0
272 102 74 0 0
273 101 74 0 0
274 102 74 0 0
275 101 74 0 0
276 101 75 0 0
277 102 75 0 0
278 101 75 0 0
279 102 75 0 0
280 102 76 0 0
281 103 76 0 0
282 102 76 0 0
283 102 77 0 0
284 103 77 0 0
285 102 77 0 0
286 103 77 0 0
287 102 77 0 0
288 102 78 0 0
289 103 78 0 0
290 102 78 0 0
291 102 79 0 0
292 103 79 0 0
293 102 79 0 0
294 103 79 0 0
295 102 79 0 0
296 102 80 0 0
297 103 80 0 0
298 102 80 0 0
299 102 81 0 0
300 103 81 0 0
301 102 81 0 0
302 103 81 0 0
303 103 82 0 0
304 104 82 0 0
305 103 82 0 0
306 103 83 0 0
307 104 83 0 0
308 103 83 0 0
309 104 83 0 0
310 103 83 0 0
311 103 84 0 0
312 104 84 0 0
313 103 84 0 0
314 104 84 0 0
315 103 84 0 0
316 103 85 0 0
317 104 85 0 0
318 103 85 0 0
319 104 85 0 0
320 103 85 0 0
321 103 86 0 0
322 104 86 0 0
323 105 86 0 0
324 104 86 0 0
325 104 87 0 0
326 105 87 0 0
327 104 87 0 0
328 104 88 0 0
329 105 88 0 0
330 106 88 0 0
331 105 88 0 0
332 105 89 0 0
333 106 89 0 0
334 105 89 0 0
335 106 89 0 0
336 105 89 0 0
337 105 90 0 0
338 106 90 0 0
339 107 90 0 0
340 106 90 0 0
341 106 91 0 0
342 107 91 0 0
343 106 91 0 0
344 106 92 0 0
345 107 92 0 0
346 108 92 0 0
347 107 92 0 0
348 108 92 0 0
349 107 92 0 0
350 107 93 0 0
351 108 93 0 0
352 107 93 0 0
353 108 93 0 0
354 108 94 0 0
355 109 94 0 0
356 108 94 0 0
357 109 94 0 0
358 108 94 0 0
359 108 95 0 0
360 109 95 0 0
361 108 95 0 0
362 108 96 0 0
363 109 96 0 0
364 110 96 0 0
365 109 96 0 0
366 109 97 0 0
367 110 97 0 0
368 109 97 0 0
369 110 97 0 0
370 111 97 0 0
371 110 97 0 0
372 110 98 0 0
373 111 98 0 0
374 110 98 0 0
375 110 99 0 0
376 111 99 0 0
377 112 99 0 0
378 111 99 0 0
379 111 100 0 0
380 112 100 0 0
381 111 100 0 0
382 112 100 0 0
383 112 101 0 0
384 113 101 0 0
385 112 101 0 0
386 113 101 0 0
387 113 102 0 0
388 114 102 0 0
389 113 102 0 0
390 113 103 0 0
391 114 103 0 0
392 113 103 0 0
393 114 103 0 0
394 114 104 0 0
395 115 104 0 0
396 114 104 0 0
397 115 104 0 0
398 116 104 0 0
399 115 104 0 0
400 115 105 0 0
401 116 105 0 0
402 115 105 0 0
403 116 105 0 0
404 116 106 0 0
405 117 106 0 0
406 116 106 0 0
407 116 107 0 0
408 117 107 0 0
409 118 107 0 0
410 117 107 0 0
411 117 108 0 0
412 118 108 0 0
413 117 108 0 0
414 118 108 0 0
415 118 109 0 0
416 119 109 0 0
417 118 109 0 0
418 119 109 0 0
419 118 109 0 0
420 118 110 0 0
421 119 110 0 0
422 120 110 0 0
423 119 110 0 0
424 119 111 0 0
425 120 111 0 0
426 121 111 0 0
427 120 111 0 0
428 120 112 0 0
429 121 112 0 0
430 122 112 0 0
431 121 112 0 0
432 121 113 0 0
433 122 113 0 0
434 122 114 0 0
435 123 114 0 0
436 122 114 0 0
437 123 114 0 0
438 124 114 0 0
439 123 114 0 0
440 123 115 0 0
441 124 115 0 0
442 125 115 0 0
443 124 115 0 0
444 124 116 0 0
445 125 116 0 0
446 126 116 0 0
447 125 116 0 0
448 125 117 0 0
449 126 117 0 0
450 127 117 0 0
451 126 117 0 0
452 126 118 0 0
453 127 118 0 0
454 128 118 0 0
455 127 118 0 0
456 127 119 0 0
457 128 119 0 0
458 128 120 0 0
459 129 120 0 0
460 128 120 0 0
461 129 120 0 0
462 130 120 0 0
463 129 120 0 0
464 129 121 0 0
465 130 121 0 0
466 131 121 0 0
467 130 121 0 0
468 131 121 0 0
469 131 122 0 0
470 132 122 0 0
471 133 122 0 0
472 132 122 0 0
473 133 122 0 0
474 133 123 0 0
475 134 123 0 0
476 133 123 0 0
477 133 124 0 0
478 134 124 0 0
479 135 124 0 0
480 136 124 0 0
481 135 124 0 0
482 135 125 0 0
483 136 125 0 0
484 137 125 0 0
485 136 125 0 0
486 137 125 0 0
487 137 126 0 0
488 138 126 0 0
489 139 126 0 0
490 138 126 0 0
491 139 126 0 0
492 139 127 0 0
493 140 127 0 0
494 141 127 0 0
495 140 127 0 0
496 140 128 0 0
497 141 128 0 0
498 142 128 0 0
499 143 128 0 0
500 142 128 0 0
501 143 128 0 0
502 144 128 0 0
503 143 128 0 0
504 144 128 0 0
505 144 129 0 0
506 145 129 0 0
507 146 129 0 0
508 145 129 0 0
509 146 129 0 0
510 147 129 0 0
511 148 129 0 0
512 149 129 0 0
513 148 129 0 0
514 149 129 0 0
515 150 129 0 0
516 151 129 0 0
517 150 129 0 0
518 151 129 0 0
519 151 130 0 0
520 152 130 0 0
521 151 130 0 0
522 152 130 0 0
523 153 130 0 0
524 154 130 0 0
525 155 130 0 0
526 154 130 0 0
527 155 130 0 0
528 156 130 0 0
529 157 130 0 0
530 156 130 0 0
531 157 130 0 0
532 158 130 0 0
533 159 130 0 0
534 158 130 0 0
535 159 130 0 0
536 160 130 0 0
537 161 130 0 0
538 160 130 0 0
539 161 130 0 0
540 162 130 0 0
541 163 130 0 0
542 162 130 0 0
543 163 130 0 0
544 164 130 0 0
545 165 130 0 0
546 166 130 0 0
547 165 130 0 0
548 166 130 0 0
549 167 130 0 0
550 168 130 0 0
551 167 130 0 0
552 168 130 0 0
553 169 130 0 0
554 170 130 0 0
555 171 130 0 0
556 170 130 0 0
557 171 130 0 0
558 172 130 0 0
559 171 130 0 0
560 172 130 0 0
561 173 130 0 0
562 174 130 0 0
563 175 130 0 0
564 176 130 0 0
565 175 130 0 0
566 176 130 0 0
567 177 130 0 0
568 178 130 0 0
569 179 130 0 0
570 180 130 0 0
571 181 130 0 0
572 180 130 0 0
573 180 129 0 0
574 181 129 0 0
575 182 129 0 0
576 183 129 0 0
577 184 129 0 0
578 185 129 0 0
579 186 129 0 0
580 185 129 0 0
581 186 129 0 0
582 187 129 0 0
583 188 129 0 0
584 187 129 0 0
585 188 129 0 0
586 189 129 0 0
587 190 129 0 0
588 189 129 0 0
589 190 129 0 0
590 191 129 0 0
591 192 129 0 0
592 191 129 0 0
593 192 129 0 0
594 193 129 0 0
595 194 129 0 0
596 193 129 0 0
597 194 129 0 0
