0 84 8 0 0
1 84 9 0 0
2 85 9 0 0
3 84 9 0 0
4 84 10 0 0
5 85 10 0 0
6 85 11 0 0
7 86 11 0 0
8 85 11 0 0
9 85 12 0 0
10 86 12 0 0
11 85 12 0 0
12 86 12 0 0
13 85 12 0 0
14 85 13 0 0
15 86 13 0 0
16 85 13 0 0
17 86 13 0 0
18 85 13 0 0
19 85 14 0 0
20 85 15 0 0
21 86 15 0 0
22 85 15 0 0
23 86 15 0 0
24 86 16 0 0
25 87 16 0 0
26 86 16 0 0
27 87 16 0 0
28 86 16 0 0
29 86 17 0 0
30 87 17 0 0
31 86 17 0 0
32 86 18 0 0
33 87 18 0 0
34 86 18 0 0
35 86 19 0 0
36 87 19 0 0
37 86 19 0 0
38 87 19 0 0
39 86 19 0 0
40 86 20 0 0
41 87 20 0 0
42 86 20 0 0
43 86 21 0 0
44 87 21 0 0
45 86 21 0 0
46 86 22 0 0
47 87 22 0 0
48 88 22 0 0
49 87 22 0 0
50 87 23 0 0
51 88 23 0 0
52 87 23 0 0
53 87 24 0 0
54 88 24 0 0
55 87 24 0 0
56 88 24 0 0
57 87 24 0 0
58 87 25 0 0
59 88 25 0 0
60 87 25 0 0
61 87 26 0 0
62 88 26 0 0
63 87 26 0 0
64 87 27 0 0
65 88 27 0 0
66 87 27 0 0
67 88 27 0 0
68 87 27 0 0
69 87 28 0 0
70 88 28 0 0
71 88 29 0 0
72 89 29 0 0
73 88 29 0 0
74 88 30 0 0
75 89 30 0 0
76 88 30 0 0
77 89 30 0 0
78 88 30 0 0
79 88 31 0 0
80 89 31 0 0
81 88 31 0 0
82 88 32 0 0
83 89 32 0 0
84 88 32 0 0
85 89 32 0 0
86 88 32 0 0
87 88 33 0 0
88 89 33 0 0
89 89 34 0 0
90 90 34 0 0
91 89 34 0 0
92 89 35 0 0
93 90 35 0 0
94 89 35 0 0
95 90 35 0 0
96 89 35 0 0
97 89 36 0 0
98 90 36 0 0
99 89 36 0 0
100 89 37 0 0
101 90 37 0 0
102 89 37 0 0
103 89 38 0 0
104 90 38 0 0
105 89 38 0 0
106 90 38 0 0
107 89 38 0 0
108 89 39 0 0
109 90 39 0 0
110 89 39 0 0
111 89 40 0 0
112 90 40 0 0
113 91 40 0 0
114 90 40 0 0
115 90 41 0 0
116 91 41 0 0
117 90 41 0 0
118 90 42 0 0
119 91 42 0 0
120 90 42 0 0
121 90 43 0 0
122 91 43 0 0
123 90 43 0 0
124 91 43 0 0
125 90 43 0 0
126 90 44 0 0
127 91 44 0 0
128 90 44 0 0
129 90 45 0 0
130 91 45 0 0
131 91 46 0 0
132 92 46 0 0
133 91 46 0 0
134 92 46 0 0
135 91 46 0 0
136 91 47 0 0
137 92 47 0 0
138 91 47 0 0
139 91 48 0 0
140 92 48 0 0
141 91 48 0 0
142 91 49 0 0
143 92 49 0 0
144 91 49 0 0
145 92 49 0 0
146 91 49 0 0
147 91 50 0 0
148 92 50 0 0
149 91 50 0 0
150 91 51 0 0
151 92 51 0 0
152 91 51 0 0
153 92 51 0 0
154 92 52 0 0
155 93 52 0 0
156 92 52 0 0
157 92 53 0 0
158 93 53 0 0
159 92 53 0 0
160 92 54 0 0
161 93 54 0 0
162 92 54 0 0
163 93 54 0 0
164 92 54 0 0
165 92 55 0 0
166 93 55 0 0
167 92 55 0 0
168 92 56 0 0
169 93 56 0 0
170 92 56 0 0
171 92 57 0 0
172 93 57 0 0
173 92 57 0 0
174 93 57 0 0
175 92 57 0 0
176 92 58 0 0
177 93 58 0 0
178 93 59 0 0
179 94 59 0 0
180 93 59 0 0
181 93 60 0 0
182 94 60 0 0
183 93 60 0 0
184 94 60 0 0
185 93 60 0 0
186 93 61 0 0
187 94 61 0 0
188 93 61 0 0
189 93 62 0 0
190 94 62 0 0
191 93 62 0 0
192 93 63 0 0
193 94 63 0 0
194 93 63 0 0
195 94 63 0 0
196 94 64 0 0
197 95 64 0 0
198 94 64 0 0
199 94 65 0 0
200 95 65 0 0
201 94 65 0 0
202 95 65 0 0
203 94 65 0 0
204 94 66 0 0
205 95 66 0 0
206 94 66 0 0
207 95 66 0 0
208 94 66 0 0
209 94 67 0 0
210 95 67 0 0
211 94 67 0 0
212 94 68 0 0
213 95 68 0 0
214 96 68 0 0
215 95 68 0 0
216 95 69 0 0
217 96 69 0 0
218 95 69 0 0
219 96 69 0 0
220 95 69 0 0
221 95 70 0 0
222 96 70 0 0
223 95 70 0 0
224 95 71 0 0
225 96 71 0 0
226 97 71 0 0
227 96 71 0 0
228 96 72 0 0
229 97 72 0 0
230 96 72 0 0
231 97 72 0 0
232 96 72 0 0
233 96 73 0 0
234 97 73 0 0
235 98 73 0 0
236 97 73 0 0
237 97 74 0 0
238 98 74 0 0
239 97 74 0 0
240 97 75 0 0
241 98 75 0 0
242 97 75 0 0
243 98 75 0 0
244 97 75 0 0
245 97 76 0 0
246 98 76 0 0
247 99 76 0 0
248 98 76 0 0
249 98 77 0 0
250 99 77 0 0
251 98 77 0 0
252 99 77 0 0
253 98 77 0 0
254 98 78 0 0
255 99 78 0 0
256 99 79 0 0
257 100 79 0 0
258 99 79 0 0
259 100 79 0 0
260 99 79 0 0
261 99 80 0 0
262 100 80 0 0
263 99 80 0 0
264 100 80 0 0
265 99 80 0 0
266 99 81 0 0
267 100 81 0 0
268 101 81 0 0
269 100 81 0 0
270 100 82 0 0
271 101 82 0 0
272 100 82 0 0
273 100 83 0 0
274 101 83 0 0
275 100 83 0 0
276 101 83 0 0
277 101 84 0 0
278 102 84 0 0
279 101 84 0 0
280 102 84 0 0
281 101 84 0 0
282 101 85 0 0
283 102 85 0 0
284 101 85 0 0
285 101 86 0 0
286 102 86 0 0
287 101 86 0 0
288 102 86 0 0
289 102 87 0 0
290 103 87 0 0
291 102 87 0 0
292 103 87 0 0
293 102 87 0 0
294 102 88 0 0
295 103 88 0 0
296 102 88 0 0
297 103 88 0 0
298 102 88 0 0
299 102 89 0 0
300 103 89 0 0
301 103 90 0 0
302 104 90 0 0
303 103 90 0 0
304 104 90 0 0
305 103 90 0 0
306 103 91 0 0
307 104 91 0 0
308 103 91 0 0
309 104 91 0 0
310 104 92 0 0
311 105 92 0 0
312 104 92 0 0
313 105 92 0 0
314 104 92 0 0
315 104 93 0 0
316 105 93 0 0
317 104 93 0 0
318 104 94 0 0
319 105 94 0 0
320 104 94 0 0
321 105 94 0 0
322 105 95 0 0
323 106 95 0 0
324 105 95 0 0
325 106 95 0 0
326 105 95 0 0
327 105 96 0 0
328 106 96 0 0
329 106 97 0 0
330 107 97 0 0
331 106 97 0 0
332 106 98 0 0
333 107 98 0 0
334 106 98 0 0
335 107 98 0 0
336 106 98 0 0
337 106 99 0 0
338 107 99 0 0
339 108 99 0 0
340 107 99 0 0
341 107 100 0 0
342 108 100 0 0
343 107 100 0 0
344 107 101 0 0
345 108 101 0 0
346 109 101 0 0
347 108 101 0 0
348 108 102 0 0
349 109 102 0 0
350 108 102 0 0
351 109 102 0 0
352 109 103 0 0
353 110 103 0 0
354 109 103 0 0
355 110 103 0 0
356 109 103 0 0
357 109 104 0 0
358 110 104 0 0
359 110 105 0 0
360 111 105 0 0
361 110 105 0 0
362 111 105 0 0
363 110 105 0 0
364 110 106 0 0
365 111 106 0 0
366 112 106 0 0
367 111 106 0 0
368 111 107 0 0
369 112 107 0 0
370 111 107 0 0
371 112 107 0 0
372 112 108 0 0
373 112 109 0 0
374 113 109 0 0
375 112 109 0 0
376 113 109 0 0
377 112 109 0 0
378 112 110 0 0
379 113 110 0 0
380 112 110 0 0
381 113 110 0 0
382 113 111 0 0
383 114 111 0 0
384 113 111 0 0
385 114 111 0 0
386 114 112 0 0
387 115 112 0 0
388 114 112 0 0
389 114 113 0 0
390 115 113 0 0
391 114 113 0 0
392 115 113 0 0
393 114 113 0 0
394 114 114 0 0
395 115 114 0 0
396 116 114 0 0
397 115 114 0 0
398 115 115 0 0
399 116 115 0 0
400 115 115 0 0
401 115 116 0 0
402 116 116 0 0
403 117 116 0 0
404 116 116 0 0
405 116 117 0 0
406 117 117 0 0
407 116 117 0 0
408 117 117 0 0
409 117 118 0 0
410 118 118 0 0
411 117 118 0 0
412 118 118 0 0
413 117 118 0 0
414 117 119 0 0
415 118 119 0 0
416 118 120 0 0
417 119 120 0 0
418 118 120 0 0
419 119 120 0 0
420 119 121 0 0
421 120 121 0 0
422 119 121 0 0
423 120 121 0 0
424 119 121 0 0
425 119 122 0 0
426 120 122 0 0
427 121 122 0 0
428 121 123 0 0
429 122 123 0 0
430 121 123 0 0
431 121 124 0 0
432 122 124 0 0
433 121 124 0 0
434 122 124 0 0
435 122 125 0 0
436 123 125 0 0
437 122 125 0 0
438 123 125 0 0
439 124 125 0 0
440 125 125 0 0
441 124 125 0 0
442 124 126 0 0
443 125 126 0 0
444 126 126 0 0
445 126 127 0 0
446 127 127 0 0
447 126 127 0 0
448 127 127 0 0
449 128 127 0 0
450 127 127 0 0
451 128 127 0 0
452 128 128 0 0
453 129 128 0 0
454 130 128 0 0
455 129 128 0 0
456 130 128 0 0
457 131 128 0 0
458 130 128 0 0
459 130 129 0 0
460 131 129 0 0
461 132 129 0 0
462 133 129 0 0
463 132 129 0 0
464 133 129 0 0
465 133 130 0 0
466 134 130 0 0
467 133 130 0 0
468 134 130 0 0
469 134 131 0 0
470 135 131 0 0
471 136 131 0 0
472 135 131 0 0
473 136 131 0 0
474 137 131 0 0
475 136 131 0 0
476 136 132 0 0
477 137 132 0 0
478 138 132 0 0
479 139 132 0 0
480 138 132 0 0
481 139 132 0 0
482 139 133 0 0
483 140 133 0 0
484 139 133 0 0
485 140 133 0 0
486 141 133 0 0
487 142 133 0 0
488 141 133 0 0
489 142 133 0 0
490 143 133 0 0
491 142 133 0 0
492 143 133 0 0
493 144 133 0 0
494 145 133 0 0
495 144 133 0 0
496 145 133 0 0
497 146 133 0 0
498 147 133 0 0
499 146 133 0 0
500 147 133 0 0
501 148 133 0 0
502 147 133 0 0
503 148 133 0 0
504 149 133 0 0
505 150 133 0 0
506 149 133 0 0
507 149 132 0 0
508 150 132 0 0
509 151 132 0 0
510 150 132 0 0
511 151 132 0 0
512 152 132 0 0
513 153 132 0 0
514 152 132 0 0
515 153 132 0 0
516 154 132 0 0
517 153 132 0 0
518 154 132 0 0
519 155 132 0 0
520 156 132 0 0
521 155 132 0 0
522 156 132 0 0
523 157 132 0 0
524 156 132 0 0
525 157 132 0 0
526 157 131 0 0
527 158 131 0 0
528 157 131 0 0
529 158 131 0 0
530 159 131 0 0
531 160 131 0 0
532 159 131 0 0
533 160 131 0 0
534 161 131 0 0
535 162 131 0 0
536 161 131 0 0
537 162 131 0 0
538 163 131 0 0
539 162 131 0 0
540 163 131 0 0
541 164 131 0 0
542 165 131 0 0
543 164 131 0 0
544 165 131 0 0
545 165 130 0 0
546 166 130 0 0
547 167 130 0 0
548 166 130 0 0
549 167 130 0 0
550 168 130 0 0
551 167 130 0 0
552 168 130 0 0
553 169 130 0 0
554 170 130 0 0
555 169 130 0 0
556 170 130 0 0
557 171 130 0 0
558 172 130 0 0
559 173 130 0 0
560 172 130 0 0
561 173 130 0 0
562 174 130 0 0
563 175 130 0 0
564 174 130 0 0
565 175 130 0 0
566 176 130 0 0
567 175 130 0 0
568 176 130 0 0
569 177 130 0 0
570 178 130 0 0
571 177 130 0 0
572 178 130 0 0
573 179 130 0 0
574 180 130 0 0
575 179 130 0 0
576 180 130 0 0
577 181 130 0 0
578 182 130 0 0
579 183 130 0 0
580 182 130 0 0
581 183 130 0 0
582 184 130 0 0
583 185 130 0 0
584 184 130 0 0
585 185 130 0 0
586 186 130 0 0
587 187 130 0 0
588 186 130 0 0
589 187 130 0 0
590 188 130 0 0
591 187 130 0 0
592 188 130 0 0
593 189 130 0 0
594 190 130 0 0
595 189 130 0 0
596 190 130 0 0
597 191 130 0 0
598 192 130 0 0
599 192 129 0 0
600 193 129 0 0
601 192 129 0 0
602 192 130 0 0
603 193 130 0 0
604 192 130 0 0
605 193 130 0 0
606 194 130 0 0
607 195 130 0 0
608 194 130 0 0
609 195 130 0 0
610 194 130 0 0
611 195 130 0 0
612 196 130 0 0
