0 1 154 0 0
1 1 155 0 0
2 2 155 0 0
3 3 155 0 0
4 4 155 0 0
5 5 155 0 0
6 6 155 0 0
7 7 155 0 0
8 8 155 0 0
9 9 155 0 0
10 10 155 0 0
11 11 155 0 0
12 12 155 0 0
13 13 155 0 0
14 14 155 0 0
15 15 155 0 0
16 16 155 0 0
17 17 155 0 0
18 18 155 0 0
19 19 155 0 0
20 20 155 0 0
21 21 155 0 0
22 22 155 0 0
23 23 155 0 0
24 24 155 0 0
25 25 155 0 0
26 26 155 0 0
27 27 155 0 0
28 28 155 0 0
29 28 156 0 0
30 29 156 0 0
31 30 156 0 0
32 31 156 0 0
33 32 156 0 0
34 33 156 0 0
35 34 156 0 0
36 35 156 0 0
37 36 156 0 0
38 37 156 0 0
39 38 156 0 0
40 39 156 0 0
41 40 156 0 0
42 41 156 0 0
43 41 157 0 0
44 42 157 0 0
45 43 157 0 0
46 43 158 0 0
47 43 159 0 0
48 44 159 0 0
49 44 160 0 0
50 45 160 0 0
51 45 161 0 0
52 46 161 0 0
53 47 161 0 0
54 47 162 0 0
55 47 163 0 0
56 48 163 0 0
57 48 164 0 0
58 48 165 0 0
59 49 165 0 0
60 49 166 0 0
61 50 166 0 0
62 50 167 0 0
63 50 168 0 0
64 51 168 0 0
65 51 169 0 0
66 52 169 0 0
67 52 170 0 0
68 52 171 0 0
69 53 171 0 0
70 53 172 0 0
71 53 173 0 0
72 54 173 0 0
73 55 173 0 0
74 55 174 0 0
75 55 175 0 0
76 55 176 0 0
77 56 176 0 0
78 56 177 0 0
79 57 177 0 0
80 57 178 0 0
81 58 178 0 0
82 59 178 0 0
83 59 179 0 0
84 60 179 0 0
85 61 179 0 0
86 61 180 0 0
87 62 180 0 0
88 63 180 0 0
89 63 181 0 0
90 64 181 0 0
91 64 182 0 0
92 65 182 0 0
93 66 182 0 0
94 66 183 0 0
95 67 183 0 0
96 68 183 0 0
97 68 184 0 0
98 69 184 0 0
99 70 184 0 0
100 70 185 0 0
101 71 185 0 0
102 71 186 0 0
103 72 186 0 0
104 73 186 0 0
105 73 187 0 0
106 74 187 0 0
107 75 187 0 0
108 75 188 0 0
109 76 188 0 0
110 77 188 0 0
111 77 189 0 0
112 78 189 0 0
113 79 189 0 0
114 80 189 0 0
115 81 189 0 0
116 82 189 0 0
117 82 190 0 0
118 83 190 0 0
119 84 190 0 0
120 85 190 0 0
121 86 190 0 0
122 87 190 0 0
123 88 190 0 0
124 89 190 0 0
125 90 190 0 0
126 91 190 0 0
127 91 191 0 0
128 92 191 0 0
129 93 191 0 0
130 94 191 0 0
131 95 191 0 0
132 96 191 0 0
133 97 191 0 0
134 98 191 0 0
135 99 191 0 0
136 99 192 0 0
137 100 192 0 0
138 101 192 0 0
139 102 192 0 0
140 103 192 0 0
141 103 193 0 0
142 104 193 0 0
143 104 194 0 0
144 105 194 0 0
145 105 195 0 0
146 105 196 0 0
147 106 196 0 0
148 106 197 0 0
149 107 197 0 0
150 107 198 0 0
151 107 199 0 0
152 108 199 0 0
153 108 200 0 0
154 108 201 0 0
155 109 201 0 0
156 109 202 0 0
157 110 202 0 0
158 110 203 0 0
159 110 204 0 0
160 110 205 0 0
161 111 205 0 0
162 111 206 0 0
163 111 207 0 0
164 111 208 0 0
165 112 208 0 0
166 112 209 0 0
167 112 210 0 0
168 112 211 0 0
169 112 212 0 0
170 112 213 0 0
171 112 214 0 0
172 112 215 0 0
173 113 215 0 0
174 113 216 0 0
175 112 216 0 0
176 112 217 0 0
177 112 218 0 0
178 112 219 0 0
179 112 220 0 0
180 112 221 0 0
181 112 222 0 0
182 112 223 0 0
183 112 224 0 0
184 112 225 0 0
185 112 226 0 0
186 112 227 0 0
187 112 228 0 0
188 112 229 0 0
189 112 230 0 0
190 112 231 0 0
191 112 232 0 0
192 112 233 0 0
193 112 234 0 0
194 112 235 0 0
195 112 236 0 0
196 112 237 0 0
197 112 238 0 0
198 112 239 0 0
199 112 240 0 0
200 112 241 0 0
201 112 242 0 0
202 112 243 0 0
203 112 244 0 0
204 112 245 0 0
205 112 246 0 0
206 113 246 0 0
207 113 247 0 0
208 114 247 0 0
209 114 248 0 0
210 115 248 0 0
211 115 249 0 0
212 116 249 0 0
213 116 250 0 0
214 117 250 0 0
215 117 251 0 0
216 118 251 0 0
217 118 252 0 0
218 119 252 0 0
219 119 253 0 0
220 120 253 0 0
221 120 254 0 0
222 120 255 0 0
223 121 255 0 0
224 121 256 0 0
225 122 256 0 0
226 122 257 0 0
227 123 257 0 0
228 123 258 0 0
229 124 258 0 0
230 124 259 0 0
231 125 259 0 0
232 125 260 0 0
233 126 260 0 0
234 126 261 0 0
235 127 261 0 0
236 127 262 0 0
237 127 263 0 0
238 128 263 0 0
239 128 264 0 0
240 129 264 0 0
241 129 265 0 0
242 129 266 0 0
243 130 266 0 0
244 130 267 0 0
245 131 267 0 0
246 131 268 0 0
247 132 268 0 0
248 132 269 0 0
