0 96 9 0 0
1 96 10 0 0
2 95 10 0 0
3 95 11 0 0
4 96 11 0 0
5 95 11 0 0
6 96 11 0 0
7 95 11 0 0
8 95 12 0 0
9 96 12 0 0
10 95 12 0 0
11 96 12 0 0
12 95 12 0 0
13 95 13 0 0
14 96 13 0 0
15 95 13 0 0
16 95 14 0 0
17 96 14 0 0
18 95 14 0 0
19 95 15 0 0
20 96 15 0 0
21 95 15 0 0
22 96 15 0 0
23 95 15 0 0
24 95 16 0 0
25 96 16 0 0
26 95 16 0 0
27 96 16 0 0
28 95 16 0 0
29 95 17 0 0
30 96 17 0 0
31 95 17 0 0
32 95 18 0 0
33 96 18 0 0
34 95 18 0 0
35 95 19 0 0
36 96 19 0 0
37 95 19 0 0
38 96 19 0 0
39 95 19 0 0
40 95 20 0 0
41 96 20 0 0
42 95 20 0 0
43 96 20 0 0
44 95 20 0 0
45 95 21 0 0
46 96 21 0 0
47 95 21 0 0
48 95 22 0 0
49 96 22 0 0
50 95 22 0 0
51 95 23 0 0
52 96 23 0 0
53 95 23 0 0
54 96 23 0 0
55 95 23 0 0
56 95 24 0 0
57 96 24 0 0
58 95 24 0 0
59 96 24 0 0
60 95 24 0 0
61 95 25 0 0
62 95 26 0 0
63 96 26 0 0
64 95 26 0 0
65 96 26 0 0
66 95 26 0 0
67 95 27 0 0
68 96 27 0 0
69 95 27 0 0
70 96 27 0 0
71 95 27 0 0
72 95 28 0 0
73 96 28 0 0
74 95 28 0 0
75 96 28 0 0
76 95 28 0 0
77 95 29 0 0
78 95 30 0 0
79 96 30 0 0
80 95 30 0 0
81 96 30 0 0
82 95 30 0 0
83 95 31 0 0
84 96 31 0 0
85 95 31 0 0
86 96 31 0 0
87 95 31 0 0
88 95 32 0 0
89 96 32 0 0
90 95 32 0 0
91 96 32 0 0
92 95 32 0 0
93 95 33 0 0
94 95 34 0 0
95 96 34 0 0
96 95 34 0 0
97 96 34 0 0
98 95 34 0 0
99 95 35 0 0
100 96 35 0 0
101 95 35 0 0
102 96 35 0 0
103 95 35 0 0
104 95 36 0 0
105 96 36 0 0
106 95 36 0 0
107 95 37 0 0
108 96 37 0 0
109 95 37 0 0
110 95 38 0 0
111 96 38 0 0
112 95 38 0 0
113 96 38 0 0
114 95 38 0 0
115 95 39 0 0
116 96 39 0 0
117 95 39 0 0
118 96 39 0 0
119 95 39 0 0
120 95 40 0 0
121 96 40 0 0
122 95 40 0 0
123 95 41 0 0
124 96 41 0 0
125 95 41 0 0
126 95 42 0 0
127 96 42 0 0
128 95 42 0 0
129 96 42 0 0
130 95 42 0 0
131 95 43 0 0
132 96 43 0 0
133 95 43 0 0
134 96 43 0 0
135 95 43 0 0
136 95 44 0 0
137 96 44 0 0
138 95 44 0 0
139 95 45 0 0
140 96 45 0 0
141 95 45 0 0
142 95 46 0 0
143 96 46 0 0
144 95 46 0 0
145 96 46 0 0
146 95 46 0 0
147 95 47 0 0
148 96 47 0 0
149 95 47 0 0
150 96 47 0 0
151 95 47 0 0
152 95 48 0 0
153 96 48 0 0
154 95 48 0 0
155 95 49 0 0
156 96 49 0 0
157 95 49 0 0
158 95 50 0 0
159 96 50 0 0
160 95 50 0 0
161 96 50 0 0
162 95 50 0 0
163 95 51 0 0
164 96 51 0 0
165 95 51 0 0
166 96 51 0 0
167 95 51 0 0
168 95 52 0 0
169 96 52 0 0
170 95 52 0 0
171 95 53 0 0
172 96 53 0 0
173 95 53 0 0
174 95 54 0 0
175 96 54 0 0
176 95 54 0 0
177 96 54 0 0
178 95 54 0 0
179 95 55 0 0
180 96 55 0 0
181 95 55 0 0
182 95 56 0 0
183 96 56 0 0
184 95 56 0 0
185 96 56 0 0
186 95 56 0 0
187 95 57 0 0
188 96 57 0 0
189 95 57 0 0
190 95 58 0 0
191 96 58 0 0
192 95 58 0 0
193 96 58 0 0
194 95 58 0 0
195 95 59 0 0
196 96 59 0 0
197 95 59 0 0
198 95 60 0 0
199 96 60 0 0
200 96 61 0 0
201 97 61 0 0
202 96 61 0 0
203 97 61 0 0
204 96 61 0 0
205 96 62 0 0
206 97 62 0 0
207 96 62 0 0
208 97 62 0 0
209 96 62 0 0
210 96 63 0 0
211 97 63 0 0
212 96 63 0 0
213 96 64 0 0
214 97 64 0 0
215 97 65 0 0
216 98 65 0 0
217 97 65 0 0
218 98 65 0 0
219 97 65 0 0
220 97 66 0 0
221 98 66 0 0
222 97 66 0 0
223 97 67 0 0
224 98 67 0 0
225 99 67 0 0
226 98 67 0 0
227 98 68 0 0
228 99 68 0 0
229 98 68 0 0
230 98 69 0 0
231 99 69 0 0
232 98 69 0 0
233 99 69 0 0
234 98 69 0 0
235 98 70 0 0
236 99 70 0 0
237 99 71 0 0
238 100 71 0 0
239 99 71 0 0
240 100 71 0 0
241 99 71 0 0
242 99 72 0 0
243 100 72 0 0
244 99 72 0 0
245 99 73 0 0
246 100 73 0 0
247 101 73 0 0
248 100 73 0 0
249 100 74 0 0
250 101 74 0 0
251 100 74 0 0
252 100 75 0 0
253 101 75 0 0
254 100 75 0 0
255 100 76 0 0
256 101 76 0 0
257 100 76 0 0
258 101 76 0 0
259 100 76 0 0
260 100 77 0 0
261 101 77 0 0
262 102 77 0 0
263 101 77 0 0
264 101 78 0 0
265 102 78 0 0
266 101 78 0 0
267 101 79 0 0
268 102 79 0 0
269 101 79 0 0
270 101 80 0 0
271 102 80 0 0
272 101 80 0 0
273 102 80 0 0
274 101 80 0 0
275 101 81 0 0
276 102 81 0 0
277 102 82 0 0
278 103 82 0 0
279 102 82 0 0
280 103 82 0 0
281 102 82 0 0
282 102 83 0 0
283 103 83 0 0
284 102 83 0 0
285 102 84 0 0
286 103 84 0 0
287 104 84 0 0
288 103 84 0 0
289 103 85 0 0
290 104 85 0 0
291 103 85 0 0
292 103 86 0 0
293 104 86 0 0
294 103 86 0 0
295 104 86 0 0
296 103 86 0 0
297 103 87 0 0
298 104 87 0 0
299 104 88 0 0
300 105 88 0 0
301 104 88 0 0
302 105 88 0 0
303 104 88 0 0
304 104 89 0 0
305 105 89 0 0
306 104 89 0 0
307 104 90 0 0
308 105 90 0 0
309 106 90 0 0
310 105 90 0 0
311 105 91 0 0
312 106 91 0 0
313 105 91 0 0
314 106 91 0 0
315 105 91 0 0
316 105 92 0 0
317 106 92 0 0
318 107 92 0 0
319 106 92 0 0
320 106 93 0 0
321 107 93 0 0
322 107 94 0 0
323 108 94 0 0
324 107 94 0 0
325 108 94 0 0
326 107 94 0 0
327 107 95 0 0
328 108 95 0 0
329 109 95 0 0
330 108 95 0 0
331 108 96 0 0
332 109 96 0 0
333 108 96 0 0
334 109 96 0 0
335 109 97 0 0
336 110 97 0 0
337 109 97 0 0
338 109 98 0 0
339 110 98 0 0
340 109 98 0 0
341 110 98 0 0
342 110 99 0 0
343 111 99 0 0
344 110 99 0 0
345 111 99 0 0
346 110 99 0 0
347 110 100 0 0
348 111 100 0 0
349 112 100 0 0
350 111 100 0 0
351 111 101 0 0
352 112 101 0 0
353 111 101 0 0
354 112 101 0 0
355 112 102 0 0
356 113 102 0 0
357 112 102 0 0
358 113 102 0 0
359 113 103 0 0
360 114 103 0 0
361 113 103 0 0
362 114 103 0 0
363 113 103 0 0
364 113 104 0 0
365 114 104 0 0
366 114 105 0 0
367 115 105 0 0
368 114 105 0 0
369 115 105 0 0
370 114 105 0 0
371 114 106 0 0
372 115 106 0 0
373 116 106 0 0
374 115 106 0 0
375 115 107 0 0
376 116 107 0 0
377 115 107 0 0
378 115 108 0 0
379 116 108 0 0
380 117 108 0 0
381 116 108 0 0
382 116 109 0 0
383 117 109 0 0
384 116 109 0 0
385 117 109 0 0
386 117 110 0 0
387 118 110 0 0
388 117 110 0 0
389 118 110 0 0
390 118 111 0 0
391 119 111 0 0
392 118 111 0 0
393 119 111 0 0
394 118 111 0 0
395 118 112 0 0
396 119 112 0 0
397 120 112 0 0
398 119 112 0 0
399 119 113 0 0
400 120 113 0 0
401 119 113 0 0
402 120 113 0 0
403 120 114 0 0
404 121 114 0 0
405 120 114 0 0
406 121 114 0 0
407 122 114 0 0
408 121 114 0 0
409 121 115 0 0
410 122 115 0 0
411 123 115 0 0
412 122 115 0 0
413 123 115 0 0
414 122 115 0 0
415 122 116 0 0
416 123 116 0 0
417 123 117 0 0
418 124 117 0 0
419 123 117 0 0
420 124 117 0 0
421 123 117 0 0
422 124 117 0 0
423 124 118 0 0
424 125 118 0 0
425 124 118 0 0
426 125 118 0 0
427 126 118 0 0
428 125 118 0 0
429 125 119 0 0
430 126 119 0 0
431 125 119 0 0
432 125 120 0 0
433 126 120 0 0
434 127 120 0 0
435 126 120 0 0
436 127 120 0 0
437 127 121 0 0
438 128 121 0 0
439 127 121 0 0
440 128 121 0 0
441 127 121 0 0
442 128 121 0 0
443 128 122 0 0
444 129 122 0 0
445 128 122 0 0
446 129 122 0 0
447 130 122 0 0
448 129 122 0 0
449 129 123 0 0
450 130 123 0 0
451 130 124 0 0
452 131 124 0 0
453 130 124 0 0
454 131 124 0 0
455 130 124 0 0
456 131 124 0 0
457 131 125 0 0
458 132 125 0 0
459 131 125 0 0
460 132 125 0 0
461 131 125 0 0
462 132 125 0 0
463 132 126 0 0
464 133 126 0 0
465 132 126 0 0
466 133 126 0 0
467 133 127 0 0
468 134 127 0 0
469 133 127 0 0
470 134 127 0 0
471 133 127 0 0
472 133 128 0 0
473 134 128 0 0
474 135 128 0 0
475 134 128 0 0
476 135 128 0 0
477 135 129 0 0
478 136 129 0 0
479 135 129 0 0
480 136 129 0 0
481 135 129 0 0
482 135 130 0 0
483 136 130 0 0
484 137 130 0 0
485 136 130 0 0
486 136 131 0 0
487 137 131 0 0
488 138 131 0 0
489 137 131 0 0
490 138 131 0 0
491 138 132 0 0
492 139 132 0 0
493 138 132 0 0
494 139 132 0 0
495 138 132 0 0
496 138 133 0 0
497 139 133 0 0
498 140 133 0 0
499 139 133 0 0
500 140 133 0 0
501 140 134 0 0
502 141 134 0 0
503 140 134 0 0
504 141 134 0 0
505 140 134 0 0
506 140 135 0 0
507 141 135 0 0
508 142 135 0 0
509 141 135 0 0
510 141 136 0 0
511 142 136 0 0
512 141 136 0 0
513 142 136 0 0
514 143 136 0 0
515 142 136 0 0
516 142 137 0 0
517 143 137 0 0
518 144 137 0 0
519 143 137 0 0
520 144 137 0 0
521 144 138 0 0
522 145 138 0 0
523 144 138 0 0
524 145 138 0 0
525 145 139 0 0
526 146 139 0 0
527 145 139 0 0
528 146 139 0 0
529 145 139 0 0
530 146 139 0 0
531 146 140 0 0
532 147 140 0 0
533 148 140 0 0
534 147 140 0 0
535 148 140 0 0
536 147 140 0 0
537 147 141 0 0
538 148 141 0 0
539 149 141 0 0
540 148 141 0 0
541 149 141 0 0
542 149 142 0 0
543 150 142 0 0
544 149 142 0 0
545 150 142 0 0
546 150 143 0 0
547 151 143 0 0
548 150 143 0 0
549 151 143 0 0
550 152 143 0 0
551 151 143 0 0
552 151 144 0 0
553 152 144 0 0
554 151 144 0 0
555 152 144 0 0
556 153 144 0 0
557 152 144 0 0
558 152 145 0 0
559 153 145 0 0
560 154 145 0 0
561 153 145 0 0
562 153 146 0 0
563 154 146 0 0
564 155 146 0 0
565 154 146 0 0
566 155 146 0 0
567 155 147 0 0
568 156 147 0 0
569 155 147 0 0
570 156 147 0 0
571 157 147 0 0
572 156 147 0 0
573 156 148 0 0
574 157 148 0 0
575 156 148 0 0
576 157 148 0 0
577 158 148 0 0
578 157 148 0 0
579 158 148 0 0
580 158 149 0 0
581 159 149 0 0
582 158 149 0 0
583 158 150 0 0
584 159 150 0 0
585 160 150 0 0
586 159 150 0 0
587 160 150 0 0
588 160 151 0 0
589 161 151 0 0
590 160 151 0 0
591 161 151 0 0
592 162 151 0 0
593 161 151 0 0
594 162 151 0 0
595 162 152 0 0
596 163 152 0 0
597 162 152 0 0
598 163 152 0 0
599 164 152 0 0
600 163 152 0 0
601 164 152 0 0
602 165 152 0 0
603 164 152 0 0
604 165 152 0 0
605 165 153 0 0
606 166 153 0 0
607 165 153 0 0
608 166 153 0 0
609 167 153 0 0
610 167 154 0 0
611 168 154 0 0
612 167 154 0 0
613 168 154 0 0
614 169 154 0 0
615 168 154 0 0
616 169 154 0 0
617 170 154 0 0
618 169 154 0 0
619 170 154 0 0
620 170 155 0 0
621 171 155 0 0
622 170 155 0 0
623 171 155 0 0
624 172 155 0 0
625 171 155 0 0
626 172 155 0 0
627 173 155 0 0
628 174 155 0 0
629 173 155 0 0
630 173 156 0 0
631 174 156 0 0
632 175 156 0 0
633 174 156 0 0
634 175 156 0 0
635 176 156 0 0
636 175 156 0 0
637 176 156 0 0
638 177 156 0 0
639 176 156 0 0
640 176 157 0 0
641 177 157 0 0
642 178 157 0 0
643 177 157 0 0
644 178 157 0 0
645 179 157 0 0
646 178 157 0 0
647 179 157 0 0
648 180 157 0 0
649 179 157 0 0
650 180 157 0 0
651 181 157 0 0
652 180 157 0 0
653 181 157 0 0
654 182 157 0 0
655 181 157 0 0
656 181 158 0 0
657 182 158 0 0
658 183 158 0 0
659 182 158 0 0
660 183 158 0 0
661 184 158 0 0
662 183 158 0 0
663 184 158 0 0
664 185 158 0 0
665 184 158 0 0
666 185 158 0 0
667 184 158 0 0
668 185 158 0 0
669 186 158 0 0
670 187 158 0 0
671 186 158 0 0
672 187 158 0 0
673 188 158 0 0
674 187 158 0 0
675 188 158 0 0
676 187 158 0 0
677 188 158 0 0
678 189 158 0 0
679 188 158 0 0
680 188 159 0 0
681 189 159 0 0
682 190 159 0 0
683 189 159 0 0
684 190 159 0 0
685 191 159 0 0
686 190 159 0 0
687 191 159 0 0
688 192 159 0 0
689 191 159 0 0
690 192 159 0 0
691 193 159 0 0
692 192 159 0 0
693 193 159 0 0
694 194 159 0 0
695 193 159 0 0
696 194 159 0 0
697 195 159 0 0
698 194 159 0 0
699 195 159 0 0
