0 86 267 0 0
1 86 266 0 0
2 86 265 0 0
3 86 264 0 0
4 86 263 0 0
5 86 262 0 0
6 86 261 0 0
7 86 260 0 0
8 86 259 0 0
9 86 258 0 0
10 86 257 0 0
11 87 257 0 0
12 87 256 0 0
13 87 255 0 0
14 87 254 0 0
15 87 253 0 0
16 87 252 0 0
17 87 251 0 0
18 87 250 0 0
19 87 249 0 0
20 87 248 0 0
21 87 247 0 0
22 87 246 0 0
23 87 245 0 0
24 87 244 0 0
25 87 243 0 0
26 87 242 0 0
27 88 242 0 0
28 88 241 0 0
29 88 240 0 0
30 88 239 0 0
31 88 238 0 0
32 88 237 0 0
33 88 236 0 0
34 88 235 0 0
35 88 234 0 0
36 88 233 0 0
37 88 232 0 0
38 89 232 0 0
39 89 231 0 0
40 89 230 0 0
41 89 229 0 0
42 89 228 0 0
43 89 227 0 0
44 89 226 0 0
45 89 225 0 0
46 89 224 0 0
47 89 223 0 0
48 89 222 0 0
49 89 221 0 0
50 89 220 0 0
51 89 219 0 0
52 89 218 0 0
53 90 218 0 0
54 90 217 0 0
55 90 216 0 0
56 90 215 0 0
57 90 214 0 0
58 90 213 0 0
59 90 212 0 0
60 90 211 0 0
61 90 210 0 0
62 90 209 0 0
63 90 208 0 0
64 90 207 0 0
65 89 207 0 0
66 89 206 0 0
67 89 205 0 0
68 89 204 0 0
69 89 203 0 0
70 88 203 0 0
71 88 202 0 0
72 88 201 0 0
73 88 200 0 0
74 88 199 0 0
75 87 199 0 0
76 87 198 0 0
77 87 197 0 0
78 87 196 0 0
79 87 195 0 0
80 87 194 0 0
81 87 193 0 0
82 86 193 0 0
83 86 192 0 0
84 86 191 0 0
85 86 190 0 0
86 86 189 0 0
87 86 188 0 0
88 85 188 0 0
89 85 187 0 0
90 85 186 0 0
91 85 185 0 0
92 85 184 0 0
93 84 184 0 0
94 84 183 0 0
95 84 182 0 0
96 84 181 0 0
97 84 180 0 0
98 84 179 0 0
99 84 178 0 0
100 83 178 0 0
101 83 177 0 0
102 83 176 0 0
103 83 175 0 0
104 83 174 0 0
105 82 174 0 0
106 82 173 0 0
107 82 172 0 0
108 82 171 0 0
109 82 170 0 0
110 82 169 0 0
111 81 169 0 0
112 81 168 0 0
113 81 167 0 0
114 81 166 0 0
115 81 165 0 0
116 81 164 0 0
117 80 164 0 0
118 80 163 0 0
119 80 162 0 0
120 80 161 0 0
121 80 160 0 0
122 79 160 0 0
123 79 159 0 0
124 79 158 0 0
125 79 157 0 0
126 78 157 0 0
127 78 156 0 0
128 78 155 0 0
129 78 154 0 0
130 77 154 0 0
131 77 153 0 0
132 77 152 0 0
133 77 151 0 0
134 76 151 0 0
135 76 150 0 0
136 76 149 0 0
137 76 148 0 0
138 75 148 0 0
139 75 147 0 0
140 75 146 0 0
141 75 145 0 0
142 74 145 0 0
143 74 144 0 0
144 74 143 0 0
145 74 142 0 0
146 73 142 0 0
147 73 141 0 0
148 73 140 0 0
149 72 140 0 0
150 72 139 0 0
151 72 138 0 0
152 72 137 0 0
153 72 136 0 0
154 71 136 0 0
155 71 135 0 0
156 72 135 0 0
157 72 134 0 0
158 72 133 0 0
159 72 132 0 0
160 72 131 0 0
161 72 130 0 0
162 72 129 0 0
163 72 128 0 0
164 72 127 0 0
165 73 127 0 0
166 73 126 0 0
167 73 125 0 0
168 73 124 0 0
169 73 123 0 0
170 73 122 0 0
171 73 121 0 0
172 74 121 0 0
173 74 120 0 0
174 74 119 0 0
175 74 118 0 0
176 74 117 0 0
177 74 116 0 0
178 74 115 0 0
179 74 114 0 0
180 75 114 0 0
181 75 113 0 0
182 75 112 0 0
183 75 111 0 0
184 75 110 0 0
185 75 109 0 0
186 75 108 0 0
187 75 107 0 0
188 76 107 0 0
189 76 106 0 0
190 76 105 0 0
191 76 104 0 0
192 76 103 0 0
193 76 102 0 0
194 77 102 0 0
195 77 101 0 0
196 77 100 0 0
197 77 99 0 0
198 77 98 0 0
199 77 97 0 0
200 77 96 0 0
201 77 95 0 0
202 78 95 0 0
203 78 94 0 0
204 78 93 0 0
205 78 92 0 0
206 78 91 0 0
207 78 90 0 0
208 79 90 0 0
209 79 89 0 0
210 79 88 0 0
211 79 87 0 0
212 79 86 0 0
213 79 85 0 0
214 79 84 0 0
215 79 83 0 0
216 80 83 0 0
217 80 82 0 0
218 80 81 0 0
219 80 80 0 0
220 80 79 0 0
221 80 78 0 0
222 80 77 0 0
223 80 76 0 0
224 80 75 0 0
225 80 74 0 0
226 80 73 0 0
227 80 72 0 0
228 80 71 0 0
229 80 70 0 0
230 80 69 0 0
231 80 68 0 0
232 80 67 0 0
233 80 66 0 0
234 80 65 0 0
235 80 64 0 0
236 80 63 0 0
237 80 62 0 0
238 80 61 0 0
239 80 60 0 0
240 80 59 0 0
241 80 58 0 0
242 81 58 0 0
243 81 57 0 0
244 81 56 0 0
245 81 55 0 0
246 80 55 0 0
247 81 55 0 0
248 81 54 0 0
249 81 53 0 0
250 81 52 0 0
251 81 51 0 0
252 81 50 0 0
253 81 49 0 0
254 81 48 0 0
255 81 47 0 0
256 81 46 0 0
257 81 45 0 0
258 81 44 0 0
259 81 43 0 0
260 81 42 0 0
261 81 41 0 0
262 81 40 0 0
263 81 39 0 0
264 81 38 0 0
265 81 37 0 0
266 81 36 0 0
267 81 35 0 0
268 81 34 0 0
269 81 33 0 0
270 81 32 0 0
271 81 31 0 0
272 81 30 0 0
273 81 29 0 0
274 81 28 0 0
275 81 27 0 0
276 81 26 0 0
277 81 25 0 0
278 81 24 0 0
279 81 23 0 0
280 81 22 0 0
281 81 21 0 0
282 81 20 0 0
283 81 19 0 0
284 81 18 0 0
285 81 17 0 0
286 81 16 0 0
287 81 15 0 0
288 81 14 0 0
289 81 13 0 0
