0 193 140 0 0
1 194 140 0 0
2 193 140 0 0
3 192 140 0 0
4 193 140 0 0
5 192 140 0 0
6 191 140 0 0
7 192 140 0 0
8 191 140 0 0
9 190 140 0 0
10 191 140 0 0
11 190 140 0 0
12 189 140 0 0
13 190 140 0 0
14 189 140 0 0
15 188 140 0 0
16 189 140 0 0
17 188 140 0 0
18 187 140 0 0
19 188 140 0 0
20 187 140 0 0
21 188 140 0 0
22 187 140 0 0
23 186 140 0 0
24 187 140 0 0
25 186 140 0 0
26 185 140 0 0
27 186 140 0 0
28 185 140 0 0
29 185 139 0 0
30 184 139 0 0
31 185 139 0 0
32 184 139 0 0
33 183 139 0 0
34 184 139 0 0
35 183 139 0 0
36 182 139 0 0
37 183 139 0 0
38 182 139 0 0
39 181 139 0 0
40 182 139 0 0
41 181 139 0 0
42 180 139 0 0
43 181 139 0 0
44 180 139 0 0
45 179 139 0 0
46 180 139 0 0
47 179 139 0 0
48 180 139 0 0
49 179 139 0 0
50 178 139 0 0
51 177 139 0 0
52 178 139 0 0
53 177 139 0 0
54 178 139 0 0
55 177 139 0 0
56 176 139 0 0
57 175 139 0 0
58 176 139 0 0
59 175 139 0 0
60 176 139 0 0
61 175 139 0 0
62 174 139 0 0
63 175 139 0 0
64 174 139 0 0
65 173 139 0 0
66 174 139 0 0
67 173 139 0 0
68 172 139 0 0
69 173 139 0 0
70 172 139 0 0
71 171 139 0 0
72 172 139 0 0
73 171 139 0 0
74 172 139 0 0
75 171 139 0 0
76 170 139 0 0
77 169 139 0 0
78 170 139 0 0
79 169 139 0 0
80 170 139 0 0
81 169 139 0 0
82 168 139 0 0
83 167 139 0 0
84 168 139 0 0
85 167 139 0 0
86 168 139 0 0
87 167 139 0 0
88 167 138 0 0
89 166 138 0 0
90 167 138 0 0
91 166 138 0 0
92 165 138 0 0
93 166 138 0 0
94 165 138 0 0
95 164 138 0 0
96 165 138 0 0
97 164 138 0 0
98 163 138 0 0
99 164 138 0 0
100 163 138 0 0
101 162 138 0 0
102 163 138 0 0
103 162 138 0 0
104 161 138 0 0
105 162 138 0 0
106 161 138 0 0
107 162 138 0 0
108 161 138 0 0
109 160 138 0 0
110 159 138 0 0
111 160 138 0 0
112 159 138 0 0
113 160 138 0 0
114 159 138 0 0
115 158 138 0 0
116 158 137 0 0
117 159 137 0 0
118 158 137 0 0
119 157 137 0 0
120 158 137 0 0
121 157 137 0 0
122 156 137 0 0
123 157 137 0 0
124 156 137 0 0
125 155 137 0 0
126 156 137 0 0
127 155 137 0 0
128 154 137 0 0
129 155 137 0 0
130 154 137 0 0
131 153 137 0 0
132 154 137 0 0
133 153 137 0 0
134 152 137 0 0
135 153 137 0 0
136 152 137 0 0
137 151 137 0 0
138 152 137 0 0
139 151 137 0 0
140 150 137 0 0
141 151 137 0 0
142 150 137 0 0
143 149 137 0 0
144 150 137 0 0
145 149 137 0 0
146 148 137 0 0
147 149 137 0 0
148 148 137 0 0
149 148 136 0 0
150 147 136 0 0
151 148 136 0 0
152 147 136 0 0
153 148 136 0 0
154 147 136 0 0
155 146 136 0 0
156 147 136 0 0
157 146 136 0 0
158 145 136 0 0
159 146 136 0 0
160 145 136 0 0
161 144 136 0 0
162 145 136 0 0
163 144 136 0 0
164 143 136 0 0
165 144 136 0 0
166 143 136 0 0
167 142 136 0 0
168 143 136 0 0
169 142 136 0 0
170 141 136 0 0
171 142 136 0 0
172 141 136 0 0
173 140 136 0 0
174 141 136 0 0
175 140 136 0 0
176 139 136 0 0
177 140 136 0 0
178 139 136 0 0
179 138 136 0 0
180 138 135 0 0
181 139 135 0 0
182 138 135 0 0
183 137 135 0 0
184 138 135 0 0
185 137 135 0 0
186 136 135 0 0
187 137 135 0 0
188 136 135 0 0
189 135 135 0 0
190 136 135 0 0
191 135 135 0 0
192 134 135 0 0
193 135 135 0 0
194 134 135 0 0
195 135 135 0 0
196 134 135 0 0
197 133 135 0 0
198 132 135 0 0
199 133 135 0 0
200 132 135 0 0
201 133 135 0 0
202 132 135 0 0
203 131 135 0 0
204 130 135 0 0
205 131 135 0 0
206 130 135 0 0
207 131 135 0 0
208 130 135 0 0
209 129 135 0 0
210 130 135 0 0
211 129 135 0 0
212 129 134 0 0
213 128 134 0 0
214 129 134 0 0
215 128 134 0 0
216 128 133 0 0
217 127 133 0 0
218 128 133 0 0
219 127 133 0 0
220 126 133 0 0
221 126 132 0 0
222 127 132 0 0
223 126 132 0 0
224 127 132 0 0
225 126 132 0 0
226 125 132 0 0
227 125 131 0 0
228 126 131 0 0
229 125 131 0 0
230 124 131 0 0
231 125 131 0 0
232 124 131 0 0
233 125 131 0 0
234 124 131 0 0
235 124 130 0 0
236 123 130 0 0
237 123 129 0 0
238 124 129 0 0
239 123 129 0 0
240 122 129 0 0
241 123 129 0 0
242 122 129 0 0
243 122 128 0 0
244 121 128 0 0
245 122 128 0 0
246 121 128 0 0
247 122 128 0 0
248 121 128 0 0
249 121 127 0 0
250 120 127 0 0
251 121 127 0 0
252 120 127 0 0
253 119 127 0 0
254 120 127 0 0
255 119 127 0 0
256 119 126 0 0
257 120 126 0 0
258 119 126 0 0
259 119 125 0 0
260 118 125 0 0
261 119 125 0 0
262 118 125 0 0
263 117 125 0 0
264 117 124 0 0
265 118 124 0 0
266 117 124 0 0
267 116 124 0 0
268 117 124 0 0
269 116 124 0 0
270 115 124 0 0
271 115 123 0 0
272 116 123 0 0
273 115 123 0 0
274 115 122 0 0
275 116 122 0 0
276 115 122 0 0
277 114 122 0 0
278 115 122 0 0
279 114 122 0 0
280 114 121 0 0
281 115 121 0 0
282 114 121 0 0
283 113 121 0 0
284 114 121 0 0
285 113 121 0 0
286 113 120 0 0
287 112 120 0 0
288 113 120 0 0
289 112 120 0 0
290 111 120 0 0
291 112 120 0 0
292 111 120 0 0
293 111 119 0 0
294 112 119 0 0
295 111 119 0 0
296 111 118 0 0
297 110 118 0 0
298 111 118 0 0
299 110 118 0 0
300 109 118 0 0
301 109 117 0 0
302 110 117 0 0
303 109 117 0 0
304 110 117 0 0
305 109 117 0 0
306 108 117 0 0
307 108 116 0 0
308 109 116 0 0
309 108 116 0 0
310 107 116 0 0
311 108 116 0 0
312 107 116 0 0
313 107 115 0 0
314 108 115 0 0
315 107 115 0 0
316 107 114 0 0
317 106 114 0 0
318 107 114 0 0
319 106 114 0 0
320 107 114 0 0
321 106 114 0 0
322 106 113 0 0
323 105 113 0 0
324 106 113 0 0
325 105 113 0 0
326 106 113 0 0
327 105 113 0 0
328 105 112 0 0
329 104 112 0 0
330 105 112 0 0
331 104 112 0 0
332 104 111 0 0
333 105 111 0 0
334 104 111 0 0
335 105 111 0 0
336 104 111 0 0
337 104 110 0 0
338 103 110 0 0
339 104 110 0 0
340 103 110 0 0
341 103 109 0 0
342 102 109 0 0
343 103 109 0 0
344 102 109 0 0
345 103 109 0 0
346 102 109 0 0
347 102 108 0 0
348 103 108 0 0
349 102 108 0 0
350 102 107 0 0
351 101 107 0 0
352 102 107 0 0
353 101 107 0 0
354 102 107 0 0
355 101 107 0 0
356 101 106 0 0
357 100 106 0 0
358 101 106 0 0
359 100 106 0 0
360 100 105 0 0
361 101 105 0 0
362 100 105 0 0
363 99 105 0 0
364 100 105 0 0
365 99 105 0 0
366 99 104 0 0
367 100 104 0 0
368 99 104 0 0
369 99 103 0 0
370 98 103 0 0
371 99 103 0 0
372 98 103 0 0
373 99 103 0 0
374 98 103 0 0
375 98 102 0 0
376 97 102 0 0
377 98 102 0 0
378 97 102 0 0
379 97 101 0 0
380 98 101 0 0
381 97 101 0 0
382 96 101 0 0
383 97 101 0 0
384 96 101 0 0
385 96 100 0 0
386 97 100 0 0
387 96 100 0 0
388 96 99 0 0
389 95 99 0 0
390 96 99 0 0
391 95 99 0 0
392 96 99 0 0
393 95 99 0 0
394 95 98 0 0
395 94 98 0 0
396 95 98 0 0
397 94 98 0 0
398 95 98 0 0
399 94 98 0 0
400 94 97 0 0
401 95 97 0 0
402 94 97 0 0
403 94 96 0 0
404 93 96 0 0
405 94 96 0 0
406 93 96 0 0
407 93 95 0 0
408 94 95 0 0
409 93 95 0 0
410 92 95 0 0
411 93 95 0 0
412 92 95 0 0
413 92 94 0 0
414 93 94 0 0
415 92 94 0 0
416 93 94 0 0
417 92 94 0 0
418 93 94 0 0
419 92 94 0 0
420 92 93 0 0
421 93 93 0 0
422 92 93 0 0
423 92 92 0 0
424 93 92 0 0
425 92 92 0 0
426 93 92 0 0
427 92 92 0 0
428 92 91 0 0
429 93 91 0 0
430 92 91 0 0
431 91 91 0 0
432 92 91 0 0
433 91 91 0 0
434 91 90 0 0
435 92 90 0 0
436 91 90 0 0
437 92 90 0 0
438 91 90 0 0
439 91 89 0 0
440 92 89 0 0
441 91 89 0 0
442 92 89 0 0
443 91 89 0 0
444 91 88 0 0
445 92 88 0 0
446 91 88 0 0
447 92 88 0 0
448 91 88 0 0
449 91 87 0 0
450 92 87 0 0
451 91 87 0 0
452 90 87 0 0
453 91 87 0 0
454 90 87 0 0
455 90 86 0 0
456 91 86 0 0
457 90 86 0 0
458 91 86 0 0
459 90 86 0 0
460 90 85 0 0
461 91 85 0 0
462 90 85 0 0
463 91 85 0 0
464 90 85 0 0
465 90 84 0 0
466 89 84 0 0
467 90 84 0 0
468 89 84 0 0
469 89 83 0 0
470 90 83 0 0
471 89 83 0 0
472 90 83 0 0
473 89 83 0 0
474 90 83 0 0
475 89 83 0 0
476 89 82 0 0
477 90 82 0 0
478 89 82 0 0
479 89 81 0 0
480 90 81 0 0
481 89 81 0 0
482 90 81 0 0
483 89 81 0 0
484 89 80 0 0
485 90 80 0 0
486 89 80 0 0
487 88 80 0 0
488 89 80 0 0
489 88 80 0 0
490 88 79 0 0
491 89 79 0 0
492 88 79 0 0
493 89 79 0 0
494 88 79 0 0
495 89 79 0 0
496 88 79 0 0
497 88 78 0 0
498 89 78 0 0
499 88 78 0 0
500 88 77 0 0
501 89 77 0 0
502 88 77 0 0
503 87 77 0 0
504 87 76 0 0
505 88 76 0 0
506 87 76 0 0
507 88 76 0 0
508 87 76 0 0
509 88 76 0 0
510 87 76 0 0
511 87 75 0 0
512 88 75 0 0
513 87 75 0 0
514 88 75 0 0
515 87 75 0 0
516 87 74 0 0
517 88 74 0 0
518 87 74 0 0
519 88 74 0 0
520 87 74 0 0
521 87 73 0 0
522 88 73 0 0
523 87 73 0 0
524 86 73 0 0
525 86 72 0 0
526 87 72 0 0
527 86 72 0 0
528 87 72 0 0
529 86 72 0 0
530 86 71 0 0
531 87 71 0 0
532 86 71 0 0
533 87 71 0 0
534 86 71 0 0
535 86 70 0 0
536 87 70 0 0
537 86 70 0 0
538 86 69 0 0
539 87 69 0 0
540 86 69 0 0
541 87 69 0 0
542 86 69 0 0
543 86 68 0 0
544 87 68 0 0
545 86 68 0 0
546 87 68 0 0
547 86 68 0 0
548 86 67 0 0
549 87 67 0 0
550 86 67 0 0
551 86 66 0 0
552 87 66 0 0
553 86 66 0 0
554 87 66 0 0
555 86 66 0 0
556 86 65 0 0
557 87 65 0 0
558 86 65 0 0
559 87 65 0 0
560 86 65 0 0
561 86 64 0 0
562 87 64 0 0
563 86 64 0 0
564 87 64 0 0
565 86 64 0 0
566 86 63 0 0
567 85 63 0 0
568 85 62 0 0
569 86 62 0 0
570 85 62 0 0
571 86 62 0 0
572 85 62 0 0
573 85 61 0 0
574 86 61 0 0
575 85 61 0 0
576 86 61 0 0
577 85 61 0 0
578 85 60 0 0
579 86 60 0 0
580 85 60 0 0
581 86 60 0 0
582 85 60 0 0
583 85 59 0 0
584 86 59 0 0
585 85 59 0 0
586 85 58 0 0
587 86 58 0 0
588 85 58 0 0
589 86 58 0 0
590 85 58 0 0
591 85 57 0 0
592 86 57 0 0
593 85 57 0 0
594 86 57 0 0
595 85 57 0 0
596 85 56 0 0
597 86 56 0 0
598 85 56 0 0
599 85 55 0 0
600 86 55 0 0
601 85 55 0 0
602 84 55 0 0
603 84 54 0 0
604 85 54 0 0
605 84 54 0 0
606 85 54 0 0
607 84 54 0 0
608 84 53 0 0
609 85 53 0 0
610 84 53 0 0
611 85 53 0 0
612 84 53 0 0
613 84 52 0 0
614 85 52 0 0
615 84 52 0 0
616 84 51 0 0
617 85 51 0 0
618 84 51 0 0
619 85 51 0 0
620 84 51 0 0
621 84 50 0 0
622 85 50 0 0
623 84 50 0 0
624 85 50 0 0
625 84 50 0 0
626 84 49 0 0
627 85 49 0 0
628 84 49 0 0
629 85 49 0 0
630 84 49 0 0
631 84 48 0 0
632 85 48 0 0
633 84 48 0 0
634 85 48 0 0
635 84 48 0 0
636 84 47 0 0
637 85 47 0 0
638 84 47 0 0
639 84 46 0 0
640 85 46 0 0
641 84 46 0 0
642 85 46 0 0
643 84 46 0 0
644 84 45 0 0
645 85 45 0 0
646 84 45 0 0
647 85 45 0 0
648 84 45 0 0
649 84 44 0 0
650 84 43 0 0
651 85 43 0 0
652 84 43 0 0
653 83 43 0 0
654 84 43 0 0
655 83 43 0 0
656 83 42 0 0
657 84 42 0 0
658 83 42 0 0
659 84 42 0 0
660 83 42 0 0
661 83 41 0 0
662 84 41 0 0
663 83 41 0 0
664 83 40 0 0
665 84 40 0 0
666 83 40 0 0
667 84 40 0 0
668 83 40 0 0
669 83 39 0 0
670 84 39 0 0
671 83 39 0 0
672 84 39 0 0
673 83 39 0 0
674 83 38 0 0
675 84 38 0 0
676 83 38 0 0
677 84 38 0 0
678 83 38 0 0
679 83 37 0 0
680 84 37 0 0
681 83 37 0 0
682 83 36 0 0
683 84 36 0 0
684 83 36 0 0
685 84 36 0 0
686 83 36 0 0
687 82 36 0 0
688 82 35 0 0
689 83 35 0 0
690 82 35 0 0
691 83 35 0 0
692 82 35 0 0
693 82 34 0 0
694 83 34 0 0
695 82 34 0 0
696 83 34 0 0
697 82 34 0 0
698 82 33 0 0
699 83 33 0 0
700 82 33 0 0
701 82 32 0 0
702 83 32 0 0
703 82 32 0 0
704 83 32 0 0
705 82 32 0 0
706 82 31 0 0
707 83 31 0 0
708 82 31 0 0
709 83 31 0 0
710 82 31 0 0
711 82 30 0 0
712 83 30 0 0
713 82 30 0 0
714 83 30 0 0
715 82 30 0 0
716 83 30 0 0
717 82 30 0 0
718 82 29 0 0
719 83 29 0 0
720 82 29 0 0
721 82 28 0 0
722 83 28 0 0
723 82 28 0 0
724 83 28 0 0
725 82 28 0 0
726 82 27 0 0
727 83 27 0 0
728 82 27 0 0
729 83 27 0 0
730 82 27 0 0
731 82 26 0 0
732 83 26 0 0
733 82 26 0 0
