0 39200 27400 0 0
1 39200 27600 0 0
2 39000 27600 0 0
3 38800 27600 0 0
4 38600 27600 0 0
5 38400 27600 0 0
6 38200 27600 0 0
7 38000 27600 0 0
8 37800 27600 0 0
9 37600 27600 0 0
10 37400 27600 0 0
11 37200 27600 0 0
12 37000 27600 0 0
13 36800 27600 0 0
14 36600 27600 0 0
15 36400 27600 0 0
16 36200 27600 0 0
17 36000 27600 0 0
18 36000 27800 0 0
19 35800 27800 0 0
20 35600 27800 0 0
21 35400 27800 0 0
22 35200 27800 0 0
23 35200 28000 0 0
24 35000 28000 0 0
25 34800 28000 0 0
26 34600 28000 0 0
27 34400 28000 0 0
28 34200 28000 0 0
29 34000 28000 0 0
30 33800 28000 0 0
31 33600 28000 0 0
32 33400 28000 0 0
33 33400 28200 0 0
34 33200 28200 0 0
35 33000 28200 0 0
36 32800 28200 0 0
37 32600 28200 0 0
38 32400 28200 0 0
39 32200 28200 0 0
40 32000 28200 0 0
41 31800 28200 0 0
42 31600 28200 0 0
43 31600 28400 0 0
44 31400 28400 0 0
45 31200 28400 0 0
46 31000 28400 0 0
47 30800 28400 0 0
48 30600 28400 0 0
49 30400 28400 0 0
50 30200 28400 0 0
51 30000 28400 0 0
52 29800 28400 0 0
53 29800 28600 0 0
54 29600 28600 0 0
55 29400 28600 0 0
56 29200 28600 0 0
57 29000 28600 0 0
58 28800 28600 0 0
59 28800 28800 0 0
60 28600 28800 0 0
61 28400 28800 0 0
62 28200 28800 0 0
63 28000 28800 0 0
64 27800 28800 0 0
65 27600 28800 0 0
66 27400 28800 0 0
67 27200 28800 0 0
68 27000 28800 0 0
69 27000 29000 0 0
70 26800 29000 0 0
71 26600 29000 0 0
72 26400 29000 0 0
73 26400 29200 0 0
74 26200 29200 0 0
75 26000 29200 0 0
76 26000 29400 0 0
77 25800 29400 0 0
78 25600 29400 0 0
79 25600 29600 0 0
80 25400 29600 0 0
81 25200 29600 0 0
82 25000 29600 0 0
83 25000 29800 0 0
84 24800 29800 0 0
85 24600 29800 0 0
86 24600 30000 0 0
87 24400 30000 0 0
88 24200 30000 0 0
89 24000 30000 0 0
90 24000 30200 0 0
91 23800 30200 0 0
92 23800 30400 0 0
93 23600 30400 0 0
94 23400 30400 0 0
95 23200 30400 0 0
96 23200 30600 0 0
97 23000 30600 0 0
98 22800 30600 0 0
99 22600 30600 0 0
100 22600 30800 0 0
101 22400 30800 0 0
102 22200 30800 0 0
103 22200 31000 0 0
104 22000 31000 0 0
105 21800 31000 0 0
106 21800 31200 0 0
107 21600 31200 0 0
108 21400 31200 0 0
109 21400 31400 0 0
110 21200 31400 0 0
111 21000 31400 0 0
112 21000 31600 0 0
113 20800 31600 0 0
114 20600 31600 0 0
115 20600 31800 0 0
116 20400 31800 0 0
117 20200 31800 0 0
118 20200 32000 0 0
119 20000 32000 0 0
120 19800 32000 0 0
121 19600 32000 0 0
122 19600 32200 0 0
123 19400 32200 0 0
124 19200 32200 0 0
125 19000 32200 0 0
126 18800 32200 0 0
127 18600 32200 0 0
128 18400 32200 0 0
129 18200 32200 0 0
130 18000 32200 0 0
131 17800 32200 0 0
132 17600 32200 0 0
133 17400 32200 0 0
134 17400 32000 0 0
135 17200 32000 0 0
136 17000 32000 0 0
137 16800 32000 0 0
138 16600 32000 0 0
139 16600 31800 0 0
140 16400 31800 0 0
141 16200 31800 0 0
142 16200 31600 0 0
143 16200 31400 0 0
144 16000 31400 0 0
145 15800 31400 0 0
146 15800 31200 0 0
147 15600 31200 0 0
148 15600 31000 0 0
149 15400 31000 0 0
150 15400 30800 0 0
151 15200 30800 0 0
152 15200 30600 0 0
153 15000 30600 0 0
154 14800 30600 0 0
155 14800 30400 0 0
156 14600 30400 0 0
157 14600 30200 0 0
158 14400 30200 0 0
159 14400 30000 0 0
160 14200 30000 0 0
161 14200 29800 0 0
162 14000 29800 0 0
163 13800 29800 0 0
164 13800 29600 0 0
165 13800 29400 0 0
166 13600 29400 0 0
167 13600 29200 0 0
168 13600 29000 0 0
169 13600 28800 0 0
170 13600 28600 0 0
171 13400 28600 0 0
172 13400 28400 0 0
173 13400 28200 0 0
174 13400 28000 0 0
175 13400 27800 0 0
176 13200 27800 0 0
177 13200 27600 0 0
178 13200 27400 0 0
179 13200 27200 0 0
180 13200 27000 0 0
181 13200 26800 0 0
182 13200 26600 0 0
183 13200 26400 0 0
184 13200 26200 0 0
185 13200 26000 0 0
186 13400 26000 0 0
187 13400 25800 0 0
188 13400 25600 0 0
189 13400 25400 0 0
190 13400 25200 0 0
191 13400 25000 0 0
192 13600 25000 0 0
193 13600 24800 0 0
194 13600 24600 0 0
195 13600 24400 0 0
196 13600 24200 0 0
197 13800 24200 0 0
198 13800 24000 0 0
199 13800 23800 0 0
200 13800 23600 0 0
201 13800 23400 0 0
202 13800 23200 0 0
203 14000 23200 0 0
204 14000 23000 0 0
205 14000 22800 0 0
206 14000 22600 0 0
207 14000 22400 0 0
208 14200 22400 0 0
209 14200 22200 0 0
210 14200 22000 0 0
211 14200 21800 0 0
212 14200 21600 0 0
213 14200 21400 0 0
214 14400 21400 0 0
215 14400 21200 0 0
216 14400 21000 0 0
217 14400 20800 0 0
218 14400 20600 0 0
219 14600 20600 0 0
220 14600 20400 0 0
221 14600 20200 0 0
222 14600 20000 0 0
223 14600 19800 0 0
224 14600 19600 0 0
225 14800 19600 0 0
226 14800 19400 0 0
227 14800 19200 0 0
228 14800 19000 0 0
229 14800 18800 0 0
230 15000 18800 0 0
231 15000 18600 0 0
232 15000 18400 0 0
233 15000 18200 0 0
234 15000 18000 0 0
235 15200 18000 0 0
236 15200 17800 0 0
237 15200 17600 0 0
238 15200 17400 0 0
239 15200 17200 0 0
240 15200 17000 0 0
241 15200 16800 0 0
242 15400 16800 0 0
243 15400 16600 0 0
244 15400 16400 0 0
245 15400 16200 0 0
246 15400 16000 0 0
247 15400 15800 0 0
248 15400 15600 0 0
249 15400 15400 0 0
250 15600 15400 0 0
251 15600 15200 0 0
252 15600 15000 0 0
253 15600 14800 0 0
254 15600 14600 0 0
255 15800 14600 0 0
256 15800 14400 0 0
257 15800 14200 0 0
258 15800 14000 0 0
259 15800 13800 0 0
260 15800 13600 0 0
261 15800 13400 0 0
262 15800 13200 0 0
263 16000 13200 0 0
264 16000 13000 0 0
265 16000 12800 0 0
266 16000 12600 0 0
267 16000 12400 0 0
268 16000 12200 0 0
269 16000 12000 0 0
270 16000 11800 0 0
271 16000 11600 0 0
272 16000 11400 0 0
273 16000 11200 0 0
274 16000 11000 0 0
275 16200 11000 0 0
276 16200 10800 0 0
277 16200 10600 0 0
278 16200 10400 0 0
279 16200 10200 0 0
280 16200 10000 0 0
281 16200 9800 0 0
282 16200 9600 0 0
283 16200 9400 0 0
284 16200 9200 0 0
285 16200 9000 0 0
286 16200 8800 0 0
287 16200 8600 0 0
288 16200 8400 0 0
289 16200 8200 0 0
290 16200 8000 0 0
291 16200 7800 0 0
292 16200 7600 0 0
293 16200 7400 0 0
294 16200 7200 0 0
295 16200 7000 0 0
296 16200 6800 0 0
297 16200 6600 0 0
298 16200 6400 0 0
299 16200 6200 0 0
300 16200 6000 0 0
301 16200 5800 0 0
302 16200 5600 0 0
303 16200 5400 0 0
304 16200 5200 0 0
305 16200 5000 0 0
306 16200 4800 0 0
307 16200 4600 0 0
308 16200 4400 0 0
309 16400 4400 0 0
310 16400 4200 0 0
311 16400 4000 0 0
312 16400 3800 0 0
313 16400 3600 0 0
314 16400 3400 0 0
315 16400 3200 0 0
316 16400 3000 0 0
317 16400 2800 0 0
318 16400 2600 0 0
319 16400 2400 0 0
320 16400 2200 0 0
321 16400 2000 0 0
322 16400 1800 0 0
323 16400 1600 0 0
324 16400 1400 0 0
