0 39400 19400 0 0
1 39200 19400 0 0
2 39000 19400 0 0
3 38800 19400 0 0
4 38600 19400 0 0
5 38400 19400 0 0
6 38200 19400 0 0
7 38000 19400 0 0
8 37800 19400 0 0
9 37600 19400 0 0
10 37400 19400 0 0
11 37200 19400 0 0
12 37000 19400 0 0
13 36800 19400 0 0
14 36600 19400 0 0
15 36400 19400 0 0
16 36200 19400 0 0
17 36000 19400 0 0
18 35800 19400 0 0
19 35600 19400 0 0
20 35400 19400 0 0
21 35200 19400 0 0
22 35000 19400 0 0
23 34800 19400 0 0
24 34600 19400 0 0
25 34400 19400 0 0
26 34200 19400 0 0
27 34000 19400 0 0
28 33800 19400 0 0
29 33600 19400 0 0
30 33600 19600 0 0
31 33400 19600 0 0
32 33200 19600 0 0
33 33000 19600 0 0
34 32800 19600 0 0
35 32600 19600 0 0
36 32400 19600 0 0
37 32200 19600 0 0
38 32000 19600 0 0
39 31800 19600 0 0
40 31600 19600 0 0
41 31400 19600 0 0
42 31200 19600 0 0
43 31000 19600 0 0
44 30800 19600 0 0
45 30600 19600 0 0
46 30400 19600 0 0
47 30200 19600 0 0
48 30000 19600 0 0
49 29800 19600 0 0
50 29600 19600 0 0
51 29400 19600 0 0
52 29200 19600 0 0
53 29000 19600 0 0
54 29000 19800 0 0
55 28800 19800 0 0
56 28600 19800 0 0
57 28400 19800 0 0
58 28200 19800 0 0
59 28000 19800 0 0
60 27800 19800 0 0
61 27600 19800 0 0
62 27400 19800 0 0
63 27200 19800 0 0
64 27000 19800 0 0
65 26800 19800 0 0
66 26600 19800 0 0
67 26400 19800 0 0
68 26200 19800 0 0
69 26000 19800 0 0
70 25800 19800 0 0
71 25600 19800 0 0
72 25400 19800 0 0
73 25200 19800 0 0
74 25000 19800 0 0
75 24800 19800 0 0
76 24600 19800 0 0
77 24400 19800 0 0
78 24200 19800 0 0
79 24000 19800 0 0
80 23800 19800 0 0
81 23600 19800 0 0
82 23400 19800 0 0
83 23200 19800 0 0
84 23000 19800 0 0
85 22800 19800 0 0
86 22600 19800 0 0
87 22400 19800 0 0
88 22200 19800 0 0
89 22000 19800 0 0
90 21800 19800 0 0
91 21600 19800 0 0
92 21400 19800 0 0
93 21200 19800 0 0
94 21000 19800 0 0
95 20800 19800 0 0
96 20600 19800 0 0
97 20400 19800 0 0
98 20200 19800 0 0
99 20000 19800 0 0
100 19800 19800 0 0
101 19600 19800 0 0
102 19400 19800 0 0
103 19200 19800 0 0
104 19000 19800 0 0
105 18800 19800 0 0
106 18600 19800 0 0
107 18400 19800 0 0
108 18200 19800 0 0
109 18000 19800 0 0
110 18000 19600 0 0
111 18000 19800 0 0
112 17800 19800 0 0
113 17600 19800 0 0
114 17400 19800 0 0
115 17200 19800 0 0
116 17000 19800 0 0
117 16800 19800 0 0
118 16600 19800 0 0
119 16400 19800 0 0
120 16200 19800 0 0
121 16000 19800 0 0
122 15800 19800 0 0
123 15600 19800 0 0
124 15400 19800 0 0
125 15200 19800 0 0
126 15000 19800 0 0
127 14800 19800 0 0
128 14600 19800 0 0
129 14400 19800 0 0
130 14200 19800 0 0
131 14000 19800 0 0
132 13800 19800 0 0
133 13600 19800 0 0
134 13400 19800 0 0
135 13200 19800 0 0
136 13000 19800 0 0
137 13000 19600 0 0
138 12800 19600 0 0
139 12600 19600 0 0
140 12400 19600 0 0
141 12200 19600 0 0
142 12000 19600 0 0
143 11800 19600 0 0
144 11600 19600 0 0
145 11400 19600 0 0
146 11200 19600 0 0
147 11000 19600 0 0
148 10800 19600 0 0
149 10600 19600 0 0
150 10400 19600 0 0
151 10200 19600 0 0
152 10000 19600 0 0
153 9800 19600 0 0
154 9600 19600 0 0
155 9400 19600 0 0
156 9200 19600 0 0
157 9200 19400 0 0
158 9000 19400 0 0
159 8800 19400 0 0
160 8600 19400 0 0
161 8400 19400 0 0
162 8200 19400 0 0
163 8000 19400 0 0
164 7800 19400 0 0
165 7600 19400 0 0
166 7400 19400 0 0
167 7200 19400 0 0
168 7000 19400 0 0
169 6800 19400 0 0
170 6600 19400 0 0
171 6400 19400 0 0
172 6200 19400 0 0
173 6000 19400 0 0
174 5800 19400 0 0
175 5600 19400 0 0
176 5400 19400 0 0
177 5200 19400 0 0
178 5000 19400 0 0
179 5000 19200 0 0
180 4800 19200 0 0
181 4600 19200 0 0
182 4400 19200 0 0
183 4200 19200 0 0
184 4000 19200 0 0
185 3800 19200 0 0
186 3600 19200 0 0
187 3400 19200 0 0
188 3200 19200 0 0
189 3000 19200 0 0
190 2800 19200 0 0
191 2600 19200 0 0
192 2400 19200 0 0
193 2200 19200 0 0
194 2000 19200 0 0
195 1800 19200 0 0
196 1600 19200 0 0
197 1600 19000 0 0
198 1400 19000 0 0
199 1200 19000 0 0
200 1000 19000 0 0
201 800 19000 0 0
202 600 19000 0 0
203 400 19000 0 0
204 200 19000 0 0
