0 1 75 0 0
1 1 76 0 0
2 2 76 0 0
3 2 77 0 0
4 2 78 0 0
5 3 78 0 0
6 3 79 0 0
7 4 79 0 0
8 5 79 0 0
9 6 79 0 0
10 7 79 0 0
11 8 79 0 0
12 9 79 0 0
13 9 80 0 0
14 10 80 0 0
15 11 80 0 0
16 12 80 0 0
17 13 80 0 0
18 14 80 0 0
19 15 80 0 0
20 16 80 0 0
21 17 80 0 0
22 18 80 0 0
23 19 80 0 0
24 20 80 0 0
25 21 80 0 0
26 22 80 0 0
27 23 80 0 0
28 24 80 0 0
29 25 80 0 0
30 26 80 0 0
31 27 80 0 0
32 28 80 0 0
33 29 80 0 0
34 30 80 0 0
35 31 80 0 0
36 32 80 0 0
37 33 80 0 0
38 34 80 0 0
39 35 80 0 0
40 36 80 0 0
41 37 80 0 0
42 38 80 0 0
43 39 80 0 0
44 40 80 0 0
45 41 80 0 0
46 42 80 0 0
47 43 80 0 0
48 44 80 0 0
49 45 80 0 0
50 46 80 0 0
51 47 80 0 0
52 48 80 0 0
53 49 80 0 0
54 48 80 0 0
55 48 81 0 0
56 49 81 0 0
57 50 81 0 0
58 51 81 0 0
59 52 81 0 0
60 53 81 0 0
61 54 81 0 0
62 54 80 0 0
63 55 80 0 0
64 56 80 0 0
65 57 80 0 0
66 58 80 0 0
67 59 80 0 0
68 60 80 0 0
69 61 80 0 0
70 61 79 0 0
71 62 79 0 0
72 63 79 0 0
73 64 79 0 0
74 65 79 0 0
75 66 79 0 0
76 67 79 0 0
77 68 79 0 0
78 69 79 0 0
79 70 79 0 0
80 71 79 0 0
81 71 80 0 0
82 72 80 0 0
83 73 80 0 0
84 74 80 0 0
85 75 80 0 0
86 76 80 0 0
87 77 80 0 0
88 78 80 0 0
89 79 80 0 0
90 80 80 0 0
91 80 81 0 0
92 81 81 0 0
93 82 81 0 0
94 83 81 0 0
95 84 81 0 0
96 85 81 0 0
97 86 81 0 0
98 87 81 0 0
99 88 81 0 0
100 88 82 0 0
101 89 82 0 0
102 90 82 0 0
103 91 82 0 0
104 92 82 0 0
105 93 82 0 0
106 94 82 0 0
107 95 82 0 0
108 96 82 0 0
109 97 82 0 0
110 98 82 0 0
111 99 82 0 0
112 99 83 0 0
113 100 83 0 0
114 101 83 0 0
115 102 83 0 0
116 103 83 0 0
117 104 83 0 0
118 105 83 0 0
119 106 83 0 0
120 106 84 0 0
121 107 84 0 0
122 108 84 0 0
123 109 84 0 0
124 110 84 0 0
125 111 84 0 0
126 112 84 0 0
127 113 84 0 0
128 113 85 0 0
129 114 85 0 0
130 115 85 0 0
131 116 85 0 0
132 117 85 0 0
133 117 86 0 0
134 118 86 0 0
135 119 86 0 0
136 120 86 0 0
137 121 86 0 0
138 122 86 0 0
139 123 86 0 0
140 124 86 0 0
141 125 86 0 0
142 126 86 0 0
143 126 87 0 0
144 127 87 0 0
145 128 87 0 0
146 129 87 0 0
147 130 87 0 0
148 130 88 0 0
149 131 88 0 0
150 132 88 0 0
151 133 88 0 0
152 134 88 0 0
153 135 88 0 0
154 136 88 0 0
155 136 89 0 0
156 137 89 0 0
157 138 89 0 0
158 139 89 0 0
159 140 89 0 0
160 141 89 0 0
161 141 90 0 0
162 142 90 0 0
163 143 90 0 0
164 144 90 0 0
165 145 90 0 0
166 145 91 0 0
167 146 91 0 0
168 147 91 0 0
169 148 91 0 0
170 149 91 0 0
171 150 91 0 0
172 151 91 0 0
173 151 92 0 0
174 152 92 0 0
175 153 92 0 0
176 154 92 0 0
177 155 92 0 0
178 156 92 0 0
179 156 93 0 0
180 157 93 0 0
181 158 93 0 0
182 159 93 0 0
183 160 93 0 0
184 161 93 0 0
185 162 93 0 0
186 162 94 0 0
187 163 94 0 0
188 164 94 0 0
189 165 94 0 0
190 166 94 0 0
191 166 95 0 0
192 167 95 0 0
193 168 95 0 0
194 169 95 0 0
195 170 95 0 0
196 171 95 0 0
197 171 96 0 0
198 172 96 0 0
199 173 96 0 0
200 174 96 0 0
201 175 96 0 0
202 176 96 0 0
203 176 97 0 0
204 177 97 0 0
205 178 97 0 0
206 179 97 0 0
207 180 97 0 0
208 181 97 0 0
209 182 97 0 0
210 183 97 0 0
211 184 97 0 0
212 185 97 0 0
213 186 97 0 0
214 187 97 0 0
215 188 97 0 0
216 189 97 0 0
217 190 97 0 0
218 191 97 0 0
219 191 98 0 0
220 192 98 0 0
221 193 98 0 0
222 194 98 0 0
223 195 98 0 0
