0 0 84 0 0
1 1 84 0 0
2 2 84 0 0
3 3 84 0 0
4 4 84 0 0
5 5 84 0 0
6 6 84 0 0
7 7 84 0 0
8 8 84 0 0
9 9 84 0 0
10 10 84 0 0
11 11 84 0 0
12 12 84 0 0
13 13 84 0 0
14 14 84 0 0
15 14 85 0 0
16 15 85 0 0
17 16 85 0 0
18 17 85 0 0
19 18 85 0 0
20 19 85 0 0
21 20 85 0 0
22 21 85 0 0
23 22 85 0 0
24 23 85 0 0
25 24 85 0 0
26 25 85 0 0
27 26 85 0 0
28 27 85 0 0
29 28 85 0 0
30 29 85 0 0
31 30 85 0 0
32 31 85 0 0
33 32 85 0 0
34 33 85 0 0
35 34 85 0 0
36 35 85 0 0
37 36 85 0 0
38 37 85 0 0
39 38 85 0 0
40 39 85 0 0
41 40 85 0 0
42 41 85 0 0
43 42 85 0 0
44 43 85 0 0
45 44 85 0 0
46 45 85 0 0
47 46 85 0 0
48 47 85 0 0
49 48 85 0 0
50 48 84 0 0
51 49 84 0 0
52 50 84 0 0
53 51 84 0 0
54 52 84 0 0
55 53 84 0 0
56 54 84 0 0
57 55 84 0 0
58 56 84 0 0
59 57 84 0 0
60 58 84 0 0
61 59 84 0 0
62 60 84 0 0
63 61 84 0 0
64 62 84 0 0
65 63 84 0 0
66 64 84 0 0
67 65 84 0 0
68 66 84 0 0
69 67 84 0 0
70 68 84 0 0
71 69 84 0 0
72 70 84 0 0
73 70 85 0 0
74 71 85 0 0
75 72 85 0 0
76 73 85 0 0
77 74 85 0 0
78 75 85 0 0
79 76 85 0 0
80 77 85 0 0
81 78 85 0 0
82 79 85 0 0
83 80 85 0 0
84 81 85 0 0
85 82 85 0 0
86 83 85 0 0
87 84 85 0 0
88 85 85 0 0
89 86 85 0 0
90 87 85 0 0
91 88 85 0 0
92 89 85 0 0
93 90 85 0 0
94 90 86 0 0
95 91 86 0 0
96 92 86 0 0
97 93 86 0 0
98 94 86 0 0
99 95 86 0 0
100 96 86 0 0
101 97 86 0 0
102 98 86 0 0
103 98 87 0 0
104 99 87 0 0
105 100 87 0 0
106 101 87 0 0
107 102 87 0 0
108 103 87 0 0
109 104 87 0 0
110 105 87 0 0
111 106 87 0 0
112 107 87 0 0
113 108 87 0 0
114 109 87 0 0
115 110 87 0 0
116 111 87 0 0
117 112 87 0 0
118 113 87 0 0
119 114 87 0 0
120 115 87 0 0
121 116 87 0 0
122 117 87 0 0
123 118 87 0 0
124 118 86 0 0
125 119 86 0 0
126 120 86 0 0
127 121 86 0 0
128 122 86 0 0
129 123 86 0 0
130 124 86 0 0
131 125 86 0 0
132 125 85 0 0
133 126 85 0 0
134 127 85 0 0
135 128 85 0 0
136 129 85 0 0
137 130 85 0 0
138 131 85 0 0
139 132 85 0 0
140 133 85 0 0
141 134 85 0 0
142 135 85 0 0
143 136 85 0 0
144 137 85 0 0
145 138 85 0 0
146 139 85 0 0
147 140 85 0 0
148 141 85 0 0
149 142 85 0 0
150 143 85 0 0
151 144 85 0 0
152 145 85 0 0
153 146 85 0 0
154 147 85 0 0
155 148 85 0 0
156 149 85 0 0
157 150 85 0 0
158 150 84 0 0
159 151 84 0 0
160 152 84 0 0
161 153 84 0 0
162 154 84 0 0
163 155 84 0 0
164 156 84 0 0
165 157 84 0 0
166 158 84 0 0
167 158 83 0 0
168 159 83 0 0
169 160 83 0 0
170 161 83 0 0
171 162 83 0 0
172 163 83 0 0
173 164 83 0 0
174 165 83 0 0
175 166 83 0 0
176 167 83 0 0
177 167 82 0 0
178 168 82 0 0
179 169 82 0 0
180 170 82 0 0
181 171 82 0 0
182 172 82 0 0
183 173 82 0 0
184 174 82 0 0
185 175 82 0 0
186 176 82 0 0
187 177 82 0 0
188 178 82 0 0
189 179 82 0 0
190 180 82 0 0
191 181 82 0 0
192 182 82 0 0
193 183 82 0 0
194 184 82 0 0
195 185 82 0 0
196 186 82 0 0
197 187 82 0 0
198 188 82 0 0
199 189 82 0 0
200 190 82 0 0
201 191 82 0 0
202 192 82 0 0
203 193 82 0 0
204 194 82 0 0
205 195 82 0 0
206 196 82 0 0
