0 0 85 0 0
1 1 85 0 0
2 0 85 0 0
3 1 85 0 0
4 0 85 0 0
5 1 85 0 0
6 0 85 0 0
7 1 85 0 0
8 2 85 0 0
9 1 85 0 0
10 2 85 0 0
11 1 85 0 0
12 2 85 0 0
13 1 85 0 0
14 2 85 0 0
15 1 85 0 0
16 2 85 0 0
17 3 85 0 0
18 2 85 0 0
19 3 85 0 0
20 2 85 0 0
21 3 85 0 0
22 2 85 0 0
23 3 85 0 0
24 4 85 0 0
25 3 85 0 0
26 4 85 0 0
27 3 85 0 0
28 4 85 0 0
29 5 85 0 0
30 4 85 0 0
31 5 85 0 0
32 4 85 0 0
33 5 85 0 0
34 4 85 0 0
35 4 86 0 0
36 5 86 0 0
37 4 86 0 0
38 5 86 0 0
39 6 86 0 0
40 5 86 0 0
41 6 86 0 0
42 5 86 0 0
43 6 86 0 0
44 5 86 0 0
45 6 86 0 0
46 7 86 0 0
47 6 86 0 0
48 7 86 0 0
49 6 86 0 0
50 7 86 0 0
51 8 86 0 0
52 7 86 0 0
53 8 86 0 0
54 9 86 0 0
55 8 86 0 0
56 9 86 0 0
57 10 86 0 0
58 9 86 0 0
59 10 86 0 0
60 11 86 0 0
61 10 86 0 0
62 11 86 0 0
63 12 86 0 0
64 11 86 0 0
65 12 86 0 0
66 11 86 0 0
67 12 86 0 0
68 13 86 0 0
69 12 86 0 0
70 13 86 0 0
71 14 86 0 0
72 13 86 0 0
73 14 86 0 0
74 15 86 0 0
75 14 86 0 0
76 14 87 0 0
77 15 87 0 0
78 16 87 0 0
79 15 87 0 0
80 16 87 0 0
81 17 87 0 0
82 16 87 0 0
83 17 87 0 0
84 18 87 0 0
85 17 87 0 0
86 18 87 0 0
87 19 87 0 0
88 18 87 0 0
89 19 87 0 0
90 20 87 0 0
91 19 87 0 0
92 20 87 0 0
93 21 87 0 0
94 20 87 0 0
95 21 87 0 0
96 22 87 0 0
97 21 87 0 0
98 22 87 0 0
99 21 87 0 0
100 22 87 0 0
101 23 87 0 0
102 22 87 0 0
103 23 87 0 0
104 24 87 0 0
105 23 87 0 0
106 24 87 0 0
107 25 87 0 0
108 24 87 0 0
109 25 87 0 0
110 26 87 0 0
111 25 87 0 0
112 26 87 0 0
113 25 87 0 0
114 26 87 0 0
115 27 87 0 0
116 28 87 0 0
117 27 87 0 0
118 28 87 0 0
119 27 87 0 0
120 28 87 0 0
121 29 87 0 0
122 28 87 0 0
123 29 87 0 0
124 30 87 0 0
125 29 87 0 0
126 30 87 0 0
127 31 87 0 0
128 30 87 0 0
129 31 87 0 0
130 32 87 0 0
131 31 87 0 0
132 32 87 0 0
133 33 87 0 0
134 32 87 0 0
135 33 87 0 0
136 32 87 0 0
137 33 87 0 0
138 34 87 0 0
139 35 87 0 0
140 34 87 0 0
141 35 87 0 0
142 34 87 0 0
143 35 87 0 0
144 36 87 0 0
145 35 87 0 0
146 36 87 0 0
147 37 87 0 0
148 36 87 0 0
149 37 87 0 0
150 38 87 0 0
151 37 87 0 0
152 38 87 0 0
153 39 87 0 0
154 38 87 0 0
155 39 87 0 0
156 40 87 0 0
157 39 87 0 0
158 40 87 0 0
159 41 87 0 0
160 40 87 0 0
161 41 87 0 0
162 42 87 0 0
163 41 87 0 0
164 42 87 0 0
165 43 87 0 0
166 42 87 0 0
167 43 87 0 0
168 42 87 0 0
169 43 87 0 0
170 44 87 0 0
171 43 87 0 0
172 44 87 0 0
173 45 87 0 0
174 44 87 0 0
175 44 88 0 0
176 45 88 0 0
177 46 88 0 0
178 45 88 0 0
179 46 88 0 0
180 47 88 0 0
181 46 88 0 0
182 47 88 0 0
183 48 88 0 0
184 47 88 0 0
185 48 88 0 0
186 49 88 0 0
187 48 88 0 0
188 49 88 0 0
189 50 88 0 0
190 49 88 0 0
191 50 88 0 0
192 51 88 0 0
193 50 88 0 0
194 51 88 0 0
195 52 88 0 0
196 51 88 0 0
197 52 88 0 0
198 53 88 0 0
199 52 88 0 0
200 53 88 0 0
201 54 88 0 0
202 53 88 0 0
203 54 88 0 0
204 53 88 0 0
205 54 88 0 0
206 55 88 0 0
207 54 88 0 0
208 55 88 0 0
209 56 88 0 0
210 55 88 0 0
211 56 88 0 0
212 57 88 0 0
213 56 88 0 0
214 57 88 0 0
215 58 88 0 0
216 57 88 0 0
217 58 88 0 0
218 59 88 0 0
219 58 88 0 0
220 59 88 0 0
221 60 88 0 0
222 59 88 0 0
223 60 88 0 0
224 61 88 0 0
225 60 88 0 0
226 60 89 0 0
227 61 89 0 0
228 62 89 0 0
229 61 89 0 0
230 62 89 0 0
231 63 89 0 0
232 62 89 0 0
233 63 89 0 0
234 64 89 0 0
235 63 89 0 0
236 64 89 0 0
237 63 89 0 0
238 64 89 0 0
239 65 89 0 0
240 66 89 0 0
241 65 89 0 0
242 66 89 0 0
243 65 89 0 0
244 66 89 0 0
245 67 89 0 0
246 66 89 0 0
247 67 89 0 0
248 68 89 0 0
249 67 89 0 0
250 68 89 0 0
251 69 89 0 0
252 68 89 0 0
253 69 89 0 0
254 70 89 0 0
255 69 89 0 0
256 70 89 0 0
257 71 89 0 0
258 70 89 0 0
259 71 89 0 0
260 72 89 0 0
261 71 89 0 0
262 72 89 0 0
263 73 89 0 0
264 72 89 0 0
265 73 89 0 0
266 74 89 0 0
267 73 89 0 0
268 74 89 0 0
269 73 89 0 0
270 74 89 0 0
271 75 89 0 0
272 76 89 0 0
273 75 89 0 0
274 76 89 0 0
275 75 89 0 0
276 76 89 0 0
277 77 89 0 0
278 76 89 0 0
279 77 89 0 0
280 78 89 0 0
281 77 89 0 0
282 78 89 0 0
283 79 89 0 0
284 80 89 0 0
285 79 89 0 0
286 80 89 0 0
287 79 89 0 0
288 80 89 0 0
289 81 89 0 0
290 80 89 0 0
291 81 89 0 0
292 82 89 0 0
293 81 89 0 0
294 82 89 0 0
295 83 89 0 0
296 82 89 0 0
297 83 89 0 0
298 84 89 0 0
299 83 89 0 0
300 84 89 0 0
301 83 89 0 0
302 84 89 0 0
303 85 89 0 0
304 86 89 0 0
305 85 89 0 0
306 86 89 0 0
307 85 89 0 0
308 86 89 0 0
309 87 89 0 0
310 86 89 0 0
311 87 89 0 0
312 87 88 0 0
313 88 88 0 0
314 87 88 0 0
315 88 88 0 0
316 89 88 0 0
317 90 88 0 0
318 89 88 0 0
319 90 88 0 0
320 89 88 0 0
321 90 88 0 0
322 91 88 0 0
323 90 88 0 0
324 91 88 0 0
325 92 88 0 0
326 91 88 0 0
327 92 88 0 0
328 93 88 0 0
329 92 88 0 0
330 93 88 0 0
331 94 88 0 0
332 93 88 0 0
333 94 88 0 0
334 95 88 0 0
335 94 88 0 0
336 95 88 0 0
337 96 88 0 0
338 95 88 0 0
339 96 88 0 0
340 97 88 0 0
341 96 88 0 0
342 97 88 0 0
343 98 88 0 0
344 97 88 0 0
345 98 88 0 0
346 99 88 0 0
347 98 88 0 0
348 99 88 0 0
349 100 88 0 0
350 99 88 0 0
351 100 88 0 0
352 101 88 0 0
353 100 88 0 0
354 101 88 0 0
355 102 88 0 0
356 101 88 0 0
357 102 88 0 0
358 103 88 0 0
359 102 88 0 0
360 103 88 0 0
361 104 88 0 0
362 103 88 0 0
363 104 88 0 0
364 103 88 0 0
365 104 88 0 0
366 105 88 0 0
367 106 88 0 0
368 105 88 0 0
369 106 88 0 0
370 105 88 0 0
371 106 88 0 0
372 107 88 0 0
373 106 88 0 0
374 107 88 0 0
375 108 88 0 0
376 107 88 0 0
377 108 88 0 0
378 109 88 0 0
379 110 88 0 0
380 109 88 0 0
381 110 88 0 0
382 109 88 0 0
383 110 88 0 0
384 111 88 0 0
385 110 88 0 0
386 111 88 0 0
387 112 88 0 0
388 113 88 0 0
389 112 88 0 0
390 113 88 0 0
391 112 88 0 0
392 113 88 0 0
393 114 88 0 0
394 113 88 0 0
395 114 88 0 0
396 115 88 0 0
397 116 88 0 0
398 115 88 0 0
399 116 88 0 0
400 115 88 0 0
401 116 88 0 0
402 117 88 0 0
403 116 88 0 0
404 117 88 0 0
405 118 88 0 0
406 119 88 0 0
407 118 88 0 0
408 119 88 0 0
409 120 88 0 0
410 119 88 0 0
411 120 88 0 0
412 121 88 0 0
413 120 88 0 0
414 121 88 0 0
415 122 88 0 0
416 121 88 0 0
417 122 88 0 0
418 123 88 0 0
419 122 88 0 0
420 123 88 0 0
421 124 88 0 0
422 123 88 0 0
423 124 88 0 0
424 125 88 0 0
425 124 88 0 0
426 125 88 0 0
427 126 88 0 0
428 125 88 0 0
429 126 88 0 0
430 127 88 0 0
431 126 88 0 0
432 127 88 0 0
433 128 88 0 0
434 127 88 0 0
435 128 88 0 0
436 129 88 0 0
437 128 88 0 0
438 129 88 0 0
439 130 88 0 0
440 129 88 0 0
441 130 88 0 0
442 131 88 0 0
443 130 88 0 0
444 131 88 0 0
445 132 88 0 0
446 131 88 0 0
447 132 88 0 0
448 133 88 0 0
449 132 88 0 0
450 133 88 0 0
451 132 88 0 0
452 133 88 0 0
453 134 88 0 0
454 135 88 0 0
455 134 88 0 0
456 135 88 0 0
457 136 88 0 0
458 135 88 0 0
459 136 88 0 0
460 137 88 0 0
461 136 88 0 0
462 137 88 0 0
463 138 88 0 0
464 137 88 0 0
465 138 88 0 0
466 137 88 0 0
467 138 88 0 0
468 139 88 0 0
469 140 88 0 0
470 139 88 0 0
471 140 88 0 0
472 141 88 0 0
473 140 88 0 0
474 141 88 0 0
475 142 88 0 0
476 141 88 0 0
477 142 88 0 0
478 143 88 0 0
479 142 88 0 0
480 143 88 0 0
481 142 88 0 0
482 142 87 0 0
483 143 87 0 0
484 144 87 0 0
485 143 87 0 0
486 144 87 0 0
487 145 87 0 0
488 146 87 0 0
489 145 87 0 0
490 146 87 0 0
491 147 87 0 0
492 146 87 0 0
493 147 87 0 0
494 148 87 0 0
495 147 87 0 0
496 148 87 0 0
497 147 87 0 0
498 148 87 0 0
499 149 87 0 0
500 148 87 0 0
501 149 87 0 0
502 150 87 0 0
503 149 87 0 0
504 150 87 0 0
505 151 87 0 0
506 150 87 0 0
507 151 87 0 0
508 152 87 0 0
509 151 87 0 0
510 152 87 0 0
511 153 87 0 0
512 152 87 0 0
513 153 87 0 0
514 154 87 0 0
515 153 87 0 0
516 154 87 0 0
517 155 87 0 0
518 154 87 0 0
519 155 87 0 0
520 154 87 0 0
521 155 87 0 0
522 156 87 0 0
523 157 87 0 0
524 156 87 0 0
525 157 87 0 0
526 156 87 0 0
527 157 87 0 0
528 158 87 0 0
529 157 87 0 0
530 158 87 0 0
531 159 87 0 0
532 158 87 0 0
533 159 87 0 0
534 160 87 0 0
535 159 87 0 0
536 160 87 0 0
537 161 87 0 0
538 160 87 0 0
539 161 87 0 0
540 162 87 0 0
541 161 87 0 0
542 162 87 0 0
543 163 87 0 0
544 162 87 0 0
545 163 87 0 0
546 162 87 0 0
547 163 87 0 0
548 164 87 0 0
549 165 87 0 0
550 164 87 0 0
551 165 87 0 0
552 164 87 0 0
553 165 87 0 0
554 166 87 0 0
555 167 87 0 0
556 166 87 0 0
557 167 87 0 0
558 166 87 0 0
559 167 87 0 0
560 168 87 0 0
561 167 87 0 0
562 168 87 0 0
563 169 87 0 0
564 168 87 0 0
565 169 87 0 0
566 170 87 0 0
567 169 87 0 0
568 170 87 0 0
569 171 87 0 0
570 170 87 0 0
571 171 87 0 0
572 172 87 0 0
573 171 87 0 0
574 172 87 0 0
575 171 87 0 0
576 172 87 0 0
577 173 87 0 0
578 172 87 0 0
579 173 87 0 0
580 174 87 0 0
581 173 87 0 0
582 174 87 0 0
583 175 87 0 0
584 174 87 0 0
585 175 87 0 0
586 175 86 0 0
587 176 86 0 0
588 175 86 0 0
589 176 86 0 0
590 177 86 0 0
591 176 86 0 0
592 177 86 0 0
593 178 86 0 0
594 177 86 0 0
595 178 86 0 0
596 177 86 0 0
597 178 86 0 0
598 179 86 0 0
599 178 86 0 0
600 179 86 0 0
601 180 86 0 0
602 179 86 0 0
603 180 86 0 0
604 181 86 0 0
605 180 86 0 0
606 181 86 0 0
607 182 86 0 0
608 181 86 0 0
609 182 86 0 0
610 183 86 0 0
611 182 86 0 0
612 183 86 0 0
613 182 86 0 0
614 183 86 0 0
615 184 86 0 0
616 185 86 0 0
617 184 86 0 0
618 185 86 0 0
619 184 86 0 0
620 185 86 0 0
621 186 86 0 0
622 185 86 0 0
623 186 86 0 0
624 187 86 0 0
625 186 86 0 0
626 187 86 0 0
627 186 86 0 0
628 187 86 0 0
629 188 86 0 0
630 187 86 0 0
631 188 86 0 0
632 187 86 0 0
633 188 86 0 0
634 189 86 0 0
635 188 86 0 0
636 189 86 0 0
637 188 86 0 0
638 189 86 0 0
639 190 86 0 0
640 189 86 0 0
641 190 86 0 0
642 191 86 0 0
643 190 86 0 0
644 191 86 0 0
645 190 86 0 0
646 191 86 0 0
647 192 86 0 0
648 191 86 0 0
649 192 86 0 0
650 191 86 0 0
651 192 86 0 0
652 193 86 0 0
653 192 86 0 0
654 193 86 0 0
655 192 86 0 0
656 193 86 0 0
657 192 86 0 0
658 193 86 0 0
659 194 86 0 0
660 193 86 0 0
661 194 86 0 0
662 193 86 0 0
663 194 86 0 0
664 193 86 0 0
665 194 86 0 0
666 193 86 0 0
667 194 86 0 0
668 194 85 0 0
669 195 85 0 0
670 194 85 0 0
671 195 85 0 0
672 196 85 0 0
673 195 85 0 0
674 196 85 0 0
