0 0 17400 0 0
1 0 17600 0 0
2 200 17600 0 0
3 400 17600 0 0
4 600 17600 0 0
5 800 17600 0 0
6 800 17800 0 0
7 1000 17800 0 0
8 1200 17800 0 0
9 1400 17800 0 0
10 1600 17800 0 0
11 1600 18000 0 0
12 1800 18000 0 0
13 2000 18000 0 0
14 2000 18200 0 0
15 2200 18200 0 0
16 2400 18200 0 0
17 2600 18200 0 0
18 2600 18400 0 0
19 2800 18400 0 0
20 3000 18400 0 0
21 3000 18600 0 0
22 3200 18600 0 0
23 3400 18600 0 0
24 3600 18600 0 0
25 3600 18800 0 0
26 3800 18800 0 0
27 3800 19000 0 0
28 4000 19000 0 0
29 4200 19000 0 0
30 4400 19000 0 0
31 4400 19200 0 0
32 4600 19200 0 0
33 4800 19200 0 0
34 4800 19400 0 0
35 5000 19400 0 0
36 5200 19400 0 0
37 5200 19600 0 0
38 5400 19600 0 0
39 5600 19600 0 0
40 5600 19800 0 0
41 5800 19800 0 0
42 5800 20000 0 0
43 6000 20000 0 0
44 6200 20000 0 0
45 6200 20200 0 0
46 6400 20200 0 0
47 6400 20400 0 0
48 6600 20400 0 0
49 6600 20600 0 0
50 6800 20600 0 0
51 7000 20600 0 0
52 7000 20800 0 0
53 7200 20800 0 0
54 7200 21000 0 0
55 7400 21000 0 0
56 7400 21200 0 0
57 7600 21200 0 0
58 7800 21200 0 0
59 7800 21400 0 0
