0 26 108 0 0
1 25 108 0 0
2 24 108 0 0
3 25 108 0 0
4 24 108 0 0
5 23 108 0 0
6 22 108 0 0
7 22 107 0 0
8 23 107 0 0
9 22 107 0 0
10 23 107 0 0
11 22 107 0 0
12 23 107 0 0
13 22 107 0 0
14 21 107 0 0
15 22 107 0 0
16 21 107 0 0
17 20 107 0 0
18 19 107 0 0
19 18 107 0 0
20 18 106 0 0
21 19 106 0 0
22 18 106 0 0
23 17 106 0 0
24 18 106 0 0
25 17 106 0 0
26 16 106 0 0
27 17 106 0 0
28 16 106 0 0
29 15 106 0 0
30 16 106 0 0
31 15 106 0 0
32 15 105 0 0
33 14 105 0 0
34 13 105 0 0
35 14 105 0 0
36 13 105 0 0
37 12 105 0 0
38 13 105 0 0
39 12 105 0 0
40 12 104 0 0
41 11 104 0 0
42 12 104 0 0
43 11 104 0 0
44 10 104 0 0
45 11 104 0 0
46 10 104 0 0
47 9 104 0 0
48 9 103 0 0
49 10 103 0 0
50 9 103 0 0
51 8 103 0 0
52 7 103 0 0
53 8 103 0 0
54 7 103 0 0
55 6 103 0 0
56 7 103 0 0
57 6 103 0 0
58 6 102 0 0
59 7 102 0 0
60 6 102 0 0
61 5 102 0 0
62 4 102 0 0
63 4 101 0 0
64 5 101 0 0
65 4 101 0 0
66 5 101 0 0
67 4 101 0 0
68 3 101 0 0
69 4 101 0 0
70 3 101 0 0
71 4 101 0 0
72 3 101 0 0
73 3 100 0 0
74 4 100 0 0
75 3 100 0 0
76 4 100 0 0
77 3 100 0 0
78 2 100 0 0
79 3 100 0 0
80 2 100 0 0
81 3 100 0 0
82 2 100 0 0
83 3 100 0 0
84 2 100 0 0
85 2 99 0 0
86 3 99 0 0
87 2 99 0 0
88 1 99 0 0
89 2 99 0 0
90 1 99 0 0
91 2 99 0 0
92 1 99 0 0
93 1 98 0 0
