0 8 145 0 0
1 8 144 0 0
2 8 143 0 0
3 8 142 0 0
4 8 141 0 0
5 7 141 0 0
6 7 140 0 0
7 7 139 0 0
8 7 138 0 0
9 7 137 0 0
10 7 136 0 0
11 7 135 0 0
12 7 134 0 0
13 7 133 0 0
14 7 132 0 0
15 7 131 0 0
16 7 130 0 0
17 7 129 0 0
18 7 128 0 0
19 7 127 0 0
20 7 126 0 0
21 6 126 0 0
22 6 125 0 0
23 6 124 0 0
24 6 123 0 0
25 6 122 0 0
26 6 121 0 0
27 6 120 0 0
28 6 119 0 0
29 6 118 0 0
30 6 117 0 0
31 5 117 0 0
32 5 116 0 0
33 5 115 0 0
34 5 114 0 0
35 5 113 0 0
36 5 112 0 0
37 5 111 0 0
38 5 110 0 0
39 5 109 0 0
40 5 108 0 0
41 5 107 0 0
42 5 106 0 0
43 5 105 0 0
44 5 104 0 0
45 5 103 0 0
46 5 102 0 0
47 5 101 0 0
48 5 100 0 0
49 5 99 0 0
50 5 98 0 0
51 5 97 0 0
52 5 96 0 0
53 5 95 0 0
54 5 94 0 0
55 5 93 0 0
56 5 92 0 0
57 5 91 0 0
58 5 90 0 0
59 5 89 0 0
60 5 88 0 0
61 6 88 0 0
62 6 87 0 0
63 6 86 0 0
64 6 85 0 0
65 6 84 0 0
66 6 83 0 0
67 6 82 0 0
68 6 81 0 0
69 6 80 0 0
70 7 80 0 0
71 7 79 0 0
72 7 78 0 0
73 7 77 0 0
74 7 76 0 0
75 7 75 0 0
76 7 74 0 0
77 7 73 0 0
78 7 72 0 0
79 7 71 0 0
80 7 70 0 0
81 7 69 0 0
82 8 69 0 0
83 8 68 0 0
84 8 67 0 0
85 8 66 0 0
86 8 65 0 0
87 8 64 0 0
88 8 63 0 0
89 8 62 0 0
90 8 61 0 0
91 8 60 0 0
92 8 59 0 0
93 9 59 0 0
94 9 58 0 0
95 9 57 0 0
96 9 56 0 0
97 9 55 0 0
98 9 54 0 0
99 9 53 0 0
100 9 52 0 0
101 9 51 0 0
102 9 50 0 0
103 9 49 0 0
104 9 48 0 0
105 9 47 0 0
106 9 46 0 0
107 10 46 0 0
108 10 45 0 0
109 10 44 0 0
110 10 43 0 0
111 10 42 0 0
112 10 41 0 0
113 10 40 0 0
114 10 39 0 0
115 10 38 0 0
116 10 37 0 0
117 10 36 0 0
118 10 35 0 0
119 10 34 0 0
120 10 33 0 0
121 11 33 0 0
122 11 32 0 0
123 11 31 0 0
124 11 30 0 0
125 11 29 0 0
126 11 28 0 0
127 11 27 0 0
128 11 26 0 0
129 11 25 0 0
130 11 24 0 0
131 11 23 0 0
132 11 22 0 0
133 11 21 0 0
134 11 20 0 0
135 11 19 0 0
136 11 18 0 0
137 11 17 0 0
138 12 17 0 0
139 12 16 0 0
140 12 15 0 0
141 12 14 0 0
142 12 13 0 0
143 12 12 0 0
144 12 11 0 0
145 12 10 0 0
146 12 9 0 0
147 12 8 0 0
148 12 7 0 0
149 12 6 0 0
150 12 5 0 0
