0 4 148 0 0
1 4 147 0 0
2 4 146 0 0
3 4 145 0 0
4 4 144 0 0
5 4 143 0 0
6 4 142 0 0
7 4 141 0 0
8 4 140 0 0
9 4 139 0 0
10 5 139 0 0
11 5 138 0 0
12 5 137 0 0
13 5 136 0 0
14 5 135 0 0
15 5 134 0 0
16 5 133 0 0
17 5 132 0 0
18 5 131 0 0
19 5 130 0 0
20 5 129 0 0
21 5 128 0 0
22 5 127 0 0
23 5 126 0 0
24 5 125 0 0
25 5 124 0 0
26 5 123 0 0
27 5 122 0 0
28 5 121 0 0
29 5 120 0 0
30 5 119 0 0
31 5 118 0 0
32 5 117 0 0
33 5 116 0 0
34 6 116 0 0
35 6 115 0 0
36 6 114 0 0
37 6 113 0 0
38 6 112 0 0
39 6 111 0 0
40 6 110 0 0
41 6 109 0 0
42 6 108 0 0
43 6 107 0 0
44 6 106 0 0
45 6 105 0 0
46 6 104 0 0
47 6 103 0 0
48 6 102 0 0
49 6 101 0 0
50 6 100 0 0
51 7 100 0 0
52 7 99 0 0
53 7 98 0 0
54 7 97 0 0
55 7 96 0 0
56 7 95 0 0
57 7 94 0 0
58 7 93 0 0
59 7 92 0 0
60 7 91 0 0
61 7 90 0 0
62 7 89 0 0
63 7 88 0 0
64 8 88 0 0
65 8 87 0 0
66 8 86 0 0
67 8 85 0 0
68 8 84 0 0
69 8 83 0 0
70 8 82 0 0
71 8 81 0 0
72 8 80 0 0
73 8 79 0 0
74 8 78 0 0
75 8 77 0 0
76 8 76 0 0
77 8 75 0 0
78 9 75 0 0
79 9 74 0 0
80 9 73 0 0
81 9 72 0 0
82 9 71 0 0
83 9 70 0 0
84 9 69 0 0
85 9 68 0 0
86 9 67 0 0
87 9 66 0 0
88 9 65 0 0
89 9 64 0 0
90 9 63 0 0
91 9 62 0 0
92 9 61 0 0
93 10 61 0 0
94 10 60 0 0
95 10 59 0 0
96 10 58 0 0
97 10 57 0 0
98 10 56 0 0
99 10 55 0 0
100 10 54 0 0
101 10 53 0 0
102 10 52 0 0
103 10 51 0 0
104 10 50 0 0
105 10 49 0 0
106 10 48 0 0
107 10 47 0 0
108 10 46 0 0
109 10 45 0 0
110 10 44 0 0
111 10 43 0 0
112 10 42 0 0
113 10 41 0 0
114 11 41 0 0
115 11 40 0 0
116 11 39 0 0
117 11 38 0 0
118 11 37 0 0
119 11 36 0 0
120 11 35 0 0
121 11 34 0 0
122 11 33 0 0
123 11 32 0 0
124 11 31 0 0
125 11 30 0 0
126 11 29 0 0
127 11 28 0 0
128 11 27 0 0
129 11 26 0 0
130 11 25 0 0
131 11 24 0 0
132 11 23 0 0
133 11 22 0 0
134 11 21 0 0
135 11 20 0 0
136 11 19 0 0
137 12 19 0 0
138 12 18 0 0
139 12 17 0 0
140 12 16 0 0
141 12 15 0 0
142 13 15 0 0
143 13 14 0 0
144 13 13 0 0
145 13 12 0 0
146 13 11 0 0
147 13 10 0 0
148 13 9 0 0
149 13 8 0 0
150 13 7 0 0
151 13 6 0 0
152 13 5 0 0
153 12 5 0 0
154 12 4 0 0
155 12 3 0 0
