0 192 65 0 0
1 191 65 0 0
2 190 65 0 0
3 189 65 0 0
4 188 65 0 0
5 187 65 0 0
6 186 65 0 0
7 185 65 0 0
8 184 65 0 0
9 184 66 0 0
10 183 66 0 0
11 182 66 0 0
12 181 66 0 0
13 180 66 0 0
14 179 66 0 0
15 178 66 0 0
16 177 66 0 0
17 176 66 0 0
18 175 66 0 0
19 174 66 0 0
20 173 66 0 0
21 172 66 0 0
22 172 67 0 0
23 171 67 0 0
24 170 67 0 0
25 169 67 0 0
26 168 67 0 0
27 167 67 0 0
28 166 67 0 0
29 165 67 0 0
30 164 67 0 0
31 163 67 0 0
32 162 67 0 0
33 161 67 0 0
34 160 67 0 0
35 159 67 0 0
36 159 68 0 0
37 158 68 0 0
38 157 68 0 0
39 156 68 0 0
40 155 68 0 0
41 154 68 0 0
42 153 68 0 0
43 152 68 0 0
44 151 68 0 0
45 150 68 0 0
46 149 68 0 0
47 148 68 0 0
48 147 68 0 0
49 146 68 0 0
50 145 68 0 0
51 144 68 0 0
52 144 69 0 0
53 143 69 0 0
54 142 69 0 0
55 141 69 0 0
56 140 69 0 0
57 140 70 0 0
58 139 70 0 0
59 138 70 0 0
60 137 70 0 0
61 137 71 0 0
62 136 71 0 0
63 135 71 0 0
64 134 71 0 0
65 133 71 0 0
66 132 71 0 0
67 132 72 0 0
68 131 72 0 0
69 130 72 0 0
70 129 72 0 0
71 128 72 0 0
72 128 73 0 0
73 127 73 0 0
74 126 73 0 0
75 125 73 0 0
76 124 73 0 0
77 124 74 0 0
78 123 74 0 0
79 122 74 0 0
80 121 74 0 0
81 121 75 0 0
82 120 75 0 0
83 119 75 0 0
84 118 75 0 0
85 117 75 0 0
86 116 75 0 0
87 115 75 0 0
88 115 76 0 0
89 114 76 0 0
90 113 76 0 0
91 112 76 0 0
92 111 76 0 0
93 110 76 0 0
94 109 76 0 0
95 108 76 0 0
96 107 76 0 0
97 106 76 0 0
98 106 77 0 0
99 105 77 0 0
100 104 77 0 0
101 103 77 0 0
102 102 77 0 0
103 101 77 0 0
104 100 77 0 0
105 99 77 0 0
106 98 77 0 0
107 97 77 0 0
108 97 78 0 0
109 96 78 0 0
110 95 78 0 0
111 94 78 0 0
112 93 78 0 0
113 92 78 0 0
114 91 78 0 0
115 90 78 0 0
116 89 78 0 0
117 88 78 0 0
118 88 79 0 0
119 87 79 0 0
120 86 79 0 0
121 85 79 0 0
122 84 79 0 0
123 83 79 0 0
124 82 79 0 0
125 81 79 0 0
126 80 79 0 0
127 80 80 0 0
128 79 80 0 0
129 78 80 0 0
130 77 80 0 0
131 76 80 0 0
132 75 80 0 0
133 74 80 0 0
134 74 81 0 0
135 73 81 0 0
136 72 81 0 0
137 71 81 0 0
138 70 81 0 0
139 69 81 0 0
140 68 81 0 0
141 68 82 0 0
142 67 82 0 0
143 66 82 0 0
144 65 82 0 0
145 64 82 0 0
146 63 82 0 0
147 62 82 0 0
148 61 82 0 0
149 61 83 0 0
150 60 83 0 0
151 59 83 0 0
152 58 83 0 0
153 58 84 0 0
154 57 84 0 0
155 56 84 0 0
156 55 84 0 0
157 54 84 0 0
158 54 85 0 0
159 53 85 0 0
160 52 85 0 0
161 51 85 0 0
162 51 86 0 0
163 50 86 0 0
164 49 86 0 0
165 48 86 0 0
166 48 87 0 0
167 47 87 0 0
168 46 87 0 0
169 45 87 0 0
170 44 87 0 0
171 43 87 0 0
172 43 88 0 0
173 42 88 0 0
174 41 88 0 0
175 40 88 0 0
176 39 88 0 0
177 39 89 0 0
178 38 89 0 0
179 38 90 0 0
180 37 90 0 0
181 37 91 0 0
182 36 91 0 0
183 36 92 0 0
184 35 92 0 0
185 34 92 0 0
186 34 93 0 0
187 33 93 0 0
188 33 94 0 0
189 32 94 0 0
190 32 95 0 0
191 31 95 0 0
192 31 96 0 0
193 30 96 0 0
194 30 97 0 0
195 29 97 0 0
196 28 97 0 0
197 28 98 0 0
198 27 98 0 0
199 27 99 0 0
200 26 99 0 0
201 26 100 0 0
202 25 100 0 0
203 24 100 0 0
204 24 101 0 0
205 24 102 0 0
206 23 102 0 0
207 22 102 0 0
208 22 103 0 0
209 21 103 0 0
210 21 104 0 0
211 20 104 0 0
212 20 105 0 0
213 19 105 0 0
214 18 105 0 0
215 18 106 0 0
216 18 107 0 0
217 17 107 0 0
218 17 108 0 0
219 17 109 0 0
220 17 110 0 0
221 16 110 0 0
222 16 111 0 0
223 16 112 0 0
224 15 112 0 0
225 15 113 0 0
226 15 114 0 0
227 14 114 0 0
228 14 115 0 0
229 14 116 0 0
230 14 117 0 0
231 13 117 0 0
232 13 118 0 0
233 13 119 0 0
234 12 119 0 0
235 12 120 0 0
236 12 121 0 0
237 12 122 0 0
238 12 123 0 0
239 11 123 0 0
240 11 124 0 0
241 11 125 0 0
242 11 126 0 0
243 11 127 0 0
244 11 128 0 0
245 10 128 0 0
246 10 129 0 0
247 10 130 0 0
248 10 131 0 0
249 10 132 0 0
250 9 132 0 0
251 9 133 0 0
252 9 134 0 0
253 9 135 0 0
254 9 136 0 0
255 8 136 0 0
256 8 137 0 0
257 8 138 0 0
258 8 139 0 0
259 8 140 0 0
260 7 140 0 0
261 7 141 0 0
262 7 142 0 0
263 7 143 0 0
264 7 144 0 0
265 7 145 0 0
266 7 146 0 0
267 7 147 0 0
