0 195 63 0 0
1 195 62 0 0
2 194 62 0 0
3 193 62 0 0
4 192 62 0 0
5 191 62 0 0
6 190 62 0 0
7 190 61 0 0
8 189 61 0 0
9 188 61 0 0
10 187 61 0 0
11 186 61 0 0
12 185 61 0 0
13 184 61 0 0
14 184 60 0 0
15 183 60 0 0
16 182 60 0 0
17 181 60 0 0
18 180 60 0 0
19 180 59 0 0
20 179 59 0 0
21 178 59 0 0
22 177 59 0 0
23 176 59 0 0
24 175 59 0 0
25 174 59 0 0
26 173 59 0 0
27 172 59 0 0
28 171 59 0 0
29 170 59 0 0
30 169 59 0 0
31 168 59 0 0
32 167 59 0 0
33 166 59 0 0
34 165 59 0 0
35 164 59 0 0
36 163 59 0 0
37 162 59 0 0
38 161 59 0 0
39 160 59 0 0
40 159 59 0 0
41 158 59 0 0
42 157 59 0 0
43 156 59 0 0
44 155 59 0 0
45 154 59 0 0
46 153 59 0 0
47 152 59 0 0
48 151 59 0 0
49 150 59 0 0
50 149 59 0 0
51 148 59 0 0
52 147 59 0 0
53 147 58 0 0
54 146 58 0 0
55 145 58 0 0
56 144 58 0 0
57 144 57 0 0
58 143 57 0 0
59 142 57 0 0
60 141 57 0 0
61 141 56 0 0
62 140 56 0 0
63 139 56 0 0
64 139 55 0 0
65 138 55 0 0
66 137 55 0 0
67 137 54 0 0
68 136 54 0 0
69 135 54 0 0
70 134 54 0 0
71 134 53 0 0
72 133 53 0 0
73 132 53 0 0
74 132 52 0 0
75 131 52 0 0
76 131 51 0 0
77 130 51 0 0
78 129 51 0 0
79 129 50 0 0
80 128 50 0 0
81 127 50 0 0
82 127 49 0 0
83 126 49 0 0
84 126 48 0 0
85 125 48 0 0
86 124 48 0 0
87 124 47 0 0
88 123 47 0 0
89 123 46 0 0
90 122 46 0 0
91 121 46 0 0
92 121 45 0 0
93 120 45 0 0
94 119 45 0 0
95 119 44 0 0
96 118 44 0 0
97 117 44 0 0
98 117 43 0 0
99 116 43 0 0
100 115 43 0 0
101 115 42 0 0
102 114 42 0 0
103 114 41 0 0
104 113 41 0 0
105 112 41 0 0
106 112 40 0 0
107 111 40 0 0
108 110 40 0 0
109 110 39 0 0
110 109 39 0 0
111 108 39 0 0
112 107 39 0 0
113 106 39 0 0
114 106 38 0 0
115 105 38 0 0
116 104 38 0 0
117 103 38 0 0
118 102 38 0 0
119 102 37 0 0
120 101 37 0 0
121 100 37 0 0
122 99 37 0 0
123 99 36 0 0
124 98 36 0 0
125 97 36 0 0
126 96 36 0 0
127 96 35 0 0
128 95 35 0 0
129 94 35 0 0
130 94 34 0 0
131 93 34 0 0
132 92 34 0 0
133 91 34 0 0
134 90 34 0 0
135 89 34 0 0
136 88 34 0 0
137 87 34 0 0
138 86 34 0 0
139 85 34 0 0
140 84 34 0 0
141 83 34 0 0
142 83 33 0 0
143 82 33 0 0
144 81 33 0 0
145 80 33 0 0
146 79 33 0 0
147 78 33 0 0
148 77 33 0 0
149 76 33 0 0
150 75 33 0 0
151 74 33 0 0
152 73 33 0 0
153 72 33 0 0
154 71 33 0 0
155 70 33 0 0
156 69 33 0 0
157 68 33 0 0
158 67 33 0 0
159 66 33 0 0
160 65 33 0 0
161 64 33 0 0
162 63 33 0 0
163 62 33 0 0
164 61 33 0 0
165 60 33 0 0
166 59 33 0 0
167 58 33 0 0
168 57 33 0 0
169 56 33 0 0
170 55 33 0 0
171 54 33 0 0
172 53 33 0 0
173 52 33 0 0
174 51 33 0 0
175 50 33 0 0
176 49 33 0 0
177 48 33 0 0
178 47 33 0 0
179 46 33 0 0
180 45 33 0 0
181 45 32 0 0
182 44 32 0 0
183 43 32 0 0
184 42 32 0 0
185 41 32 0 0
186 40 32 0 0
187 40 31 0 0
188 39 31 0 0
189 38 31 0 0
190 37 31 0 0
191 36 31 0 0
192 35 31 0 0
193 34 31 0 0
194 34 30 0 0
195 33 30 0 0
196 32 30 0 0
197 31 30 0 0
198 31 29 0 0
199 30 29 0 0
200 29 29 0 0
201 28 29 0 0
202 27 29 0 0
203 27 28 0 0
204 26 28 0 0
205 25 28 0 0
206 24 28 0 0
207 24 27 0 0
208 23 27 0 0
209 22 27 0 0
210 21 27 0 0
211 21 26 0 0
212 20 26 0 0
213 19 26 0 0
214 18 26 0 0
215 17 26 0 0
216 17 25 0 0
217 16 25 0 0
218 15 25 0 0
219 14 25 0 0
220 13 25 0 0
221 13 24 0 0
222 12 24 0 0
223 11 24 0 0
224 10 24 0 0
225 9 24 0 0
226 9 23 0 0
227 8 23 0 0
228 7 23 0 0
229 6 23 0 0
230 5 23 0 0
231 5 22 0 0
232 4 22 0 0
233 3 22 0 0
234 2 22 0 0
