0 196 66 0 0
1 195 66 0 0
2 194 66 0 0
3 193 66 0 0
4 192 66 0 0
5 191 66 0 0
6 190 66 0 0
7 190 65 0 0
8 189 65 0 0
9 188 65 0 0
10 187 65 0 0
11 186 65 0 0
12 185 65 0 0
13 184 65 0 0
14 183 65 0 0
15 182 65 0 0
16 181 65 0 0
17 180 65 0 0
18 179 65 0 0
19 179 64 0 0
20 178 64 0 0
21 177 64 0 0
22 176 64 0 0
23 175 64 0 0
24 174 64 0 0
25 173 64 0 0
26 172 64 0 0
27 171 64 0 0
28 170 64 0 0
29 169 64 0 0
30 168 64 0 0
31 168 63 0 0
32 167 63 0 0
33 166 63 0 0
34 165 63 0 0
35 164 63 0 0
36 163 63 0 0
37 163 62 0 0
38 162 62 0 0
39 161 62 0 0
40 161 61 0 0
41 160 61 0 0
42 159 61 0 0
43 159 60 0 0
44 158 60 0 0
45 157 60 0 0
46 157 59 0 0
47 156 59 0 0
48 155 59 0 0
49 155 58 0 0
50 154 58 0 0
51 153 58 0 0
52 153 57 0 0
53 152 57 0 0
54 151 57 0 0
55 151 56 0 0
56 150 56 0 0
57 149 56 0 0
58 149 55 0 0
59 148 55 0 0
60 147 55 0 0
61 147 54 0 0
62 146 54 0 0
63 145 54 0 0
64 145 53 0 0
65 144 53 0 0
66 143 53 0 0
67 143 52 0 0
68 142 52 0 0
69 141 52 0 0
70 141 51 0 0
71 140 51 0 0
72 139 51 0 0
73 139 50 0 0
74 138 50 0 0
75 137 50 0 0
76 137 49 0 0
77 136 49 0 0
78 135 49 0 0
79 134 49 0 0
80 134 48 0 0
81 133 48 0 0
82 132 48 0 0
83 132 47 0 0
84 131 47 0 0
85 130 47 0 0
86 129 47 0 0
87 129 46 0 0
88 128 46 0 0
89 127 46 0 0
90 127 45 0 0
91 126 45 0 0
92 125 45 0 0
93 124 45 0 0
94 124 44 0 0
95 123 44 0 0
96 122 44 0 0
97 122 43 0 0
98 121 43 0 0
99 120 43 0 0
100 120 42 0 0
101 119 42 0 0
102 118 42 0 0
103 117 42 0 0
104 116 42 0 0
105 115 42 0 0
106 115 41 0 0
107 114 41 0 0
108 113 41 0 0
109 112 41 0 0
110 111 41 0 0
111 110 41 0 0
112 109 41 0 0
113 109 40 0 0
114 108 40 0 0
115 107 40 0 0
116 106 40 0 0
117 105 40 0 0
118 104 40 0 0
119 104 39 0 0
120 103 39 0 0
121 102 39 0 0
122 101 39 0 0
123 100 39 0 0
124 99 39 0 0
125 99 38 0 0
126 98 38 0 0
127 97 38 0 0
128 96 38 0 0
129 95 38 0 0
130 94 38 0 0
131 94 37 0 0
132 93 37 0 0
133 92 37 0 0
134 91 37 0 0
135 90 37 0 0
136 89 37 0 0
137 89 36 0 0
138 88 36 0 0
139 87 36 0 0
140 86 36 0 0
141 85 36 0 0
142 84 36 0 0
143 84 35 0 0
144 83 35 0 0
145 82 35 0 0
146 81 35 0 0
147 80 35 0 0
148 79 35 0 0
149 79 34 0 0
150 78 34 0 0
151 77 34 0 0
152 76 34 0 0
153 75 34 0 0
154 74 34 0 0
155 73 34 0 0
156 72 34 0 0
157 71 34 0 0
158 70 34 0 0
159 69 34 0 0
160 68 34 0 0
161 67 34 0 0
162 66 34 0 0
163 65 34 0 0
164 64 34 0 0
165 63 34 0 0
166 62 34 0 0
167 61 34 0 0
168 60 34 0 0
169 59 34 0 0
170 58 34 0 0
171 57 34 0 0
172 56 34 0 0
173 55 34 0 0
174 55 33 0 0
175 54 33 0 0
176 53 33 0 0
177 52 33 0 0
178 51 33 0 0
179 50 33 0 0
180 49 33 0 0
181 48 33 0 0
182 47 33 0 0
183 46 33 0 0
184 45 33 0 0
185 44 33 0 0
186 44 32 0 0
187 43 32 0 0
188 42 32 0 0
189 41 32 0 0
190 40 32 0 0
191 39 32 0 0
192 38 32 0 0
193 37 32 0 0
194 36 32 0 0
195 36 31 0 0
196 35 31 0 0
197 34 31 0 0
198 33 31 0 0
199 32 31 0 0
200 31 31 0 0
201 30 31 0 0
202 29 31 0 0
203 28 31 0 0
204 28 30 0 0
205 27 30 0 0
206 26 30 0 0
207 25 30 0 0
208 24 30 0 0
209 23 30 0 0
210 22 30 0 0
211 21 30 0 0
212 21 29 0 0
213 20 29 0 0
214 19 29 0 0
215 18 29 0 0
216 17 29 0 0
217 16 29 0 0
218 15 29 0 0
219 15 28 0 0
220 14 28 0 0
221 13 28 0 0
222 12 28 0 0
223 12 27 0 0
224 11 27 0 0
225 10 27 0 0
226 9 27 0 0
227 8 27 0 0
228 8 26 0 0
229 7 26 0 0
230 6 26 0 0
231 5 26 0 0
232 4 26 0 0
233 4 25 0 0
234 3 25 0 0
235 2 25 0 0
