0 6000 400 0 0
1 6000 600 0 0
2 6200 600 0 0
3 6200 800 0 0
4 6400 800 0 0
5 6400 1000 0 0
6 6400 1200 0 0
7 6600 1200 0 0
8 6600 1400 0 0
9 6800 1400 0 0
10 6800 1600 0 0
11 7000 1600 0 0
12 7000 1800 0 0
13 7200 1800 0 0
14 7200 2000 0 0
15 7400 2000 0 0
16 7400 2200 0 0
17 7400 2400 0 0
18 7600 2400 0 0
19 7600 2600 0 0
20 7800 2600 0 0
21 7800 2800 0 0
22 8000 2800 0 0
23 8000 3000 0 0
24 8000 3200 0 0
25 8200 3200 0 0
26 8400 3200 0 0
27 8400 3400 0 0
28 8600 3400 0 0
29 8600 3600 0 0
30 8800 3600 0 0
31 9000 3600 0 0
32 9200 3600 0 0
33 9200 3800 0 0
34 9400 3800 0 0
35 9600 3800 0 0
36 9600 4000 0 0
37 9800 4000 0 0
38 10000 4000 0 0
39 10000 4200 0 0
40 10200 4200 0 0
41 10400 4200 0 0
42 10400 4400 0 0
43 10600 4400 0 0
44 10800 4400 0 0
45 11000 4400 0 0
46 11000 4600 0 0
47 11200 4600 0 0
48 11400 4600 0 0
49 11600 4600 0 0
50 11800 4600 0 0
51 12000 4600 0 0
52 12200 4600 0 0
53 12400 4600 0 0
54 12600 4600 0 0
55 12800 4600 0 0
56 12800 4800 0 0
57 13000 4800 0 0
58 13200 4800 0 0
59 13400 4800 0 0
60 13600 4800 0 0
61 13800 4800 0 0
62 14000 4800 0 0
63 14200 4800 0 0
64 14200 5000 0 0
65 14400 5000 0 0
66 14600 5000 0 0
67 14800 5000 0 0
68 15000 5000 0 0
69 15200 5000 0 0
70 15400 5000 0 0
71 15600 5000 0 0
72 15600 5200 0 0
73 15800 5200 0 0
74 16000 5200 0 0
75 16200 5200 0 0
76 16400 5200 0 0
77 16600 5200 0 0
78 16800 5200 0 0
79 16800 5400 0 0
80 17000 5400 0 0
81 17200 5400 0 0
82 17400 5400 0 0
83 17600 5400 0 0
84 17800 5400 0 0
85 18000 5400 0 0
86 18200 5400 0 0
87 18200 5600 0 0
88 18400 5600 0 0
89 18600 5600 0 0
90 18800 5600 0 0
91 19000 5600 0 0
92 19200 5600 0 0
93 19400 5600 0 0
94 19600 5600 0 0
95 19800 5600 0 0
96 19800 5800 0 0
97 20000 5800 0 0
98 20200 5800 0 0
99 20400 5800 0 0
100 20600 5800 0 0
101 20800 5800 0 0
102 21000 5800 0 0
103 21200 5800 0 0
104 21400 5800 0 0
105 21600 5800 0 0
106 21800 5800 0 0
107 22000 5800 0 0
108 22000 6000 0 0
109 22200 6000 0 0
110 22200 6200 0 0
111 22400 6200 0 0
112 22600 6200 0 0
113 22800 6200 0 0
114 22800 6400 0 0
115 23000 6400 0 0
116 23200 6400 0 0
117 23200 6600 0 0
118 23400 6600 0 0
119 23600 6600 0 0
120 23800 6600 0 0
121 23800 6800 0 0
122 24000 6800 0 0
123 24200 6800 0 0
124 24400 6800 0 0
125 24400 7000 0 0
126 24600 7000 0 0
127 24800 7000 0 0
128 24800 7200 0 0
129 25000 7200 0 0
130 25200 7200 0 0
131 25400 7200 0 0
132 25600 7200 0 0
133 25600 7400 0 0
134 25800 7400 0 0
135 26000 7400 0 0
136 26200 7400 0 0
137 26400 7400 0 0
138 26400 7600 0 0
139 26600 7600 0 0
140 26800 7600 0 0
141 27000 7600 0 0
142 27000 7800 0 0
143 27200 7800 0 0
144 27400 7800 0 0
145 27400 8000 0 0
146 27600 8000 0 0
147 27800 8000 0 0
148 27800 8200 0 0
149 28000 8200 0 0
150 28200 8200 0 0
151 28200 8400 0 0
152 28400 8400 0 0
153 28600 8400 0 0
154 28600 8600 0 0
155 28800 8600 0 0
156 29000 8600 0 0
157 29200 8600 0 0
158 29200 8800 0 0
159 29400 8800 0 0
160 29400 9000 0 0
161 29600 9000 0 0
162 29800 9000 0 0
163 30000 9000 0 0
164 30000 9200 0 0
165 30200 9200 0 0
166 30400 9200 0 0
167 30400 9400 0 0
168 30600 9400 0 0
169 30800 9400 0 0
170 31000 9400 0 0
171 31000 9600 0 0
172 31200 9600 0 0
173 31400 9600 0 0
174 31600 9600 0 0
175 31600 9800 0 0
176 31800 9800 0 0
177 32000 9800 0 0
178 32200 9800 0 0
179 32200 10000 0 0
180 32400 10000 0 0
181 32600 10000 0 0
182 32800 10000 0 0
183 33000 10000 0 0
184 33200 10000 0 0
185 33200 10200 0 0
186 33400 10200 0 0
187 33600 10200 0 0
188 33800 10200 0 0
189 34000 10200 0 0
190 34200 10200 0 0
191 34200 10400 0 0
192 34400 10400 0 0
193 34600 10400 0 0
194 34800 10400 0 0
195 35000 10400 0 0
196 35200 10400 0 0
197 35400 10400 0 0
198 35600 10400 0 0
199 35800 10400 0 0
200 36000 10400 0 0
201 36200 10400 0 0
202 36400 10400 0 0
203 36600 10400 0 0
204 36800 10400 0 0
205 37000 10400 0 0
206 37200 10400 0 0
207 37400 10400 0 0
208 37600 10400 0 0
209 37600 10600 0 0
210 37800 10600 0 0
211 38000 10600 0 0
212 38200 10600 0 0
213 38400 10600 0 0
214 38400 10800 0 0
215 38600 10800 0 0
216 38800 10800 0 0
217 39000 10800 0 0
