0 39200 13400 0 0
1 39200 13600 0 0
2 39000 13600 0 0
3 38800 13600 0 0
4 38600 13600 0 0
5 38400 13600 0 0
6 38200 13600 0 0
7 38000 13600 0 0
8 37800 13600 0 0
9 37600 13600 0 0
10 37400 13600 0 0
11 37200 13600 0 0
12 37000 13600 0 0
13 37000 13400 0 0
14 36800 13400 0 0
15 36600 13400 0 0
16 36400 13400 0 0
17 36200 13400 0 0
18 36000 13400 0 0
19 35800 13400 0 0
20 35600 13400 0 0
21 35400 13400 0 0
22 35400 13200 0 0
23 35200 13200 0 0
24 35000 13200 0 0
25 34800 13200 0 0
26 34600 13200 0 0
27 34400 13200 0 0
28 34200 13200 0 0
29 34200 13000 0 0
30 34000 13000 0 0
31 33800 13000 0 0
32 33600 13000 0 0
33 33600 12800 0 0
34 33400 12800 0 0
35 33200 12800 0 0
36 33000 12800 0 0
37 33000 12600 0 0
38 32800 12600 0 0
39 32600 12600 0 0
40 32400 12600 0 0
41 32400 12400 0 0
42 32200 12400 0 0
43 32000 12400 0 0
44 31800 12400 0 0
45 31800 12200 0 0
46 31600 12200 0 0
47 31400 12200 0 0
48 31200 12200 0 0
49 31200 12000 0 0
50 31000 12000 0 0
51 30800 12000 0 0
52 30800 11800 0 0
53 30600 11800 0 0
54 30400 11800 0 0
55 30400 11600 0 0
56 30200 11600 0 0
57 30000 11600 0 0
58 30000 11400 0 0
59 29800 11400 0 0
60 29600 11400 0 0
61 29600 11200 0 0
62 29400 11200 0 0
63 29200 11200 0 0
64 29200 11000 0 0
65 29000 11000 0 0
66 28800 11000 0 0
67 28800 10800 0 0
68 28600 10800 0 0
69 28400 10800 0 0
70 28200 10800 0 0
71 28200 10600 0 0
72 28000 10600 0 0
73 27800 10600 0 0
74 27800 10400 0 0
75 27600 10400 0 0
76 27400 10400 0 0
77 27200 10400 0 0
78 27200 10200 0 0
79 27000 10200 0 0
80 27000 10000 0 0
81 26800 10000 0 0
82 26600 10000 0 0
83 26400 10000 0 0
84 26200 10000 0 0
85 26200 9800 0 0
86 26000 9800 0 0
87 26000 9600 0 0
88 25800 9600 0 0
89 25800 9400 0 0
90 25600 9400 0 0
91 25400 9400 0 0
92 25400 9200 0 0
93 25200 9200 0 0
94 25000 9200 0 0
95 25000 9000 0 0
96 24800 9000 0 0
97 24600 9000 0 0
98 24600 8800 0 0
99 24400 8800 0 0
100 24200 8800 0 0
101 24200 8600 0 0
102 24000 8600 0 0
103 23800 8600 0 0
104 23800 8400 0 0
105 23600 8400 0 0
106 23400 8400 0 0
107 23400 8200 0 0
108 23200 8200 0 0
109 23000 8200 0 0
110 23000 8000 0 0
111 22800 8000 0 0
112 22600 8000 0 0
113 22600 7800 0 0
114 22400 7800 0 0
115 22200 7800 0 0
116 22000 7800 0 0
117 22000 7600 0 0
118 21800 7600 0 0
119 21600 7600 0 0
120 21400 7600 0 0
121 21200 7600 0 0
122 21200 7400 0 0
123 21000 7400 0 0
124 20800 7400 0 0
125 20600 7400 0 0
126 20400 7400 0 0
127 20200 7400 0 0
128 20000 7400 0 0
129 20000 7200 0 0
130 19800 7200 0 0
131 19600 7200 0 0
132 19400 7200 0 0
133 19200 7200 0 0
134 19200 7000 0 0
135 19000 7000 0 0
136 18800 7000 0 0
137 18600 7000 0 0
138 18400 7000 0 0
139 18400 6800 0 0
140 18200 6800 0 0
141 18000 6800 0 0
142 17800 6800 0 0
143 17600 6800 0 0
144 17600 6600 0 0
145 17400 6600 0 0
146 17200 6600 0 0
147 17000 6600 0 0
148 16800 6600 0 0
149 16800 6400 0 0
150 16600 6400 0 0
151 16400 6400 0 0
152 16200 6400 0 0
153 16000 6400 0 0
154 15800 6400 0 0
155 15600 6400 0 0
156 15400 6400 0 0
157 15200 6400 0 0
158 15000 6400 0 0
159 14800 6400 0 0
160 14600 6400 0 0
161 14400 6400 0 0
162 14200 6400 0 0
163 14000 6400 0 0
164 13800 6400 0 0
165 13600 6400 0 0
166 13400 6400 0 0
167 13200 6400 0 0
168 13000 6400 0 0
169 12800 6400 0 0
170 12800 6600 0 0
171 12600 6600 0 0
172 12400 6600 0 0
173 12200 6600 0 0
174 12000 6600 0 0
175 11800 6600 0 0
176 11600 6600 0 0
177 11400 6600 0 0
178 11200 6600 0 0
179 11000 6600 0 0
180 10800 6600 0 0
181 10600 6600 0 0
182 10400 6600 0 0
183 10200 6600 0 0
184 10000 6600 0 0
185 9800 6600 0 0
186 9800 6800 0 0
187 9600 6800 0 0
188 9400 6800 0 0
189 9200 6800 0 0
190 9000 6800 0 0
191 8800 6800 0 0
192 8600 6800 0 0
193 8400 6800 0 0
194 8200 6800 0 0
195 8000 6800 0 0
196 7800 6800 0 0
197 7600 6800 0 0
198 7600 6600 0 0
199 7400 6600 0 0
200 7200 6600 0 0
201 7000 6600 0 0
202 7000 6400 0 0
203 6800 6400 0 0
204 6600 6400 0 0
205 6600 6200 0 0
206 6400 6200 0 0
207 6200 6200 0 0
208 6000 6200 0 0
209 6000 6000 0 0
210 5800 6000 0 0
211 5600 6000 0 0
212 5600 5800 0 0
213 5400 5800 0 0
214 5400 5600 0 0
215 5200 5600 0 0
216 5200 5400 0 0
217 5200 5200 0 0
218 5000 5200 0 0
219 5000 5000 0 0
220 4800 5000 0 0
221 4800 4800 0 0
222 4600 4800 0 0
223 4600 4600 0 0
224 4600 4400 0 0
225 4400 4400 0 0
226 4400 4200 0 0
227 4200 4200 0 0
228 4200 4000 0 0
229 4200 3800 0 0
230 4200 3600 0 0
231 4000 3600 0 0
232 4000 3400 0 0
233 4000 3200 0 0
234 4000 3000 0 0
235 3800 3000 0 0
236 3800 2800 0 0
237 3800 2600 0 0
238 3600 2600 0 0
239 3600 2400 0 0
240 3600 2200 0 0
241 3600 2000 0 0
242 3400 2000 0 0
243 3400 1800 0 0
244 3400 1600 0 0
245 3200 1600 0 0
246 3200 1400 0 0
247 3200 1200 0 0
248 3200 1000 0 0
249 3200 800 0 0
250 3000 800 0 0
251 3000 600 0 0
