0 84 8 0 0
1 84 9 0 0
2 84 10 0 0
3 85 10 0 0
4 85 11 0 0
5 85 12 0 0
6 85 13 0 0
7 85 14 0 0
8 85 15 0 0
9 86 15 0 0
10 86 16 0 0
11 86 17 0 0
12 86 18 0 0
13 86 19 0 0
14 86 20 0 0
15 86 21 0 0
16 86 22 0 0
17 87 22 0 0
18 87 23 0 0
19 87 24 0 0
20 87 25 0 0
21 87 26 0 0
22 87 27 0 0
23 87 28 0 0
24 88 28 0 0
25 88 29 0 0
26 88 30 0 0
27 88 31 0 0
28 88 32 0 0
29 88 33 0 0
30 89 33 0 0
31 89 34 0 0
32 89 35 0 0
33 89 36 0 0
34 89 37 0 0
35 89 38 0 0
36 89 39 0 0
37 89 40 0 0
38 90 40 0 0
39 90 41 0 0
40 90 42 0 0
41 90 43 0 0
42 90 44 0 0
43 90 45 0 0
44 91 45 0 0
45 91 46 0 0
46 91 47 0 0
47 91 48 0 0
48 91 49 0 0
49 91 50 0 0
50 91 51 0 0
51 92 51 0 0
52 92 52 0 0
53 92 53 0 0
54 92 54 0 0
55 92 55 0 0
56 92 56 0 0
57 92 57 0 0
58 92 58 0 0
59 93 58 0 0
60 93 59 0 0
61 93 60 0 0
62 93 61 0 0
63 93 62 0 0
64 93 63 0 0
65 94 63 0 0
66 94 64 0 0
67 94 65 0 0
68 94 66 0 0
69 94 67 0 0
70 94 68 0 0
71 95 68 0 0
72 95 69 0 0
73 95 70 0 0
74 95 71 0 0
75 96 71 0 0
76 96 72 0 0
77 96 73 0 0
78 97 73 0 0
79 97 74 0 0
80 97 75 0 0
81 97 76 0 0
82 98 76 0 0
83 98 77 0 0
84 98 78 0 0
85 99 78 0 0
86 99 79 0 0
87 99 80 0 0
88 99 81 0 0
89 100 81 0 0
90 100 82 0 0
91 100 83 0 0
92 101 83 0 0
93 101 84 0 0
94 101 85 0 0
95 101 86 0 0
96 102 86 0 0
97 102 87 0 0
98 102 88 0 0
99 102 89 0 0
100 103 89 0 0
101 103 90 0 0
102 103 91 0 0
103 104 91 0 0
104 104 92 0 0
105 104 93 0 0
106 104 94 0 0
107 105 94 0 0
108 105 95 0 0
109 105 96 0 0
110 106 96 0 0
111 106 97 0 0
112 106 98 0 0
113 106 99 0 0
114 107 99 0 0
115 107 100 0 0
116 107 101 0 0
117 108 101 0 0
118 108 102 0 0
119 109 102 0 0
120 109 103 0 0
121 109 104 0 0
122 110 104 0 0
123 110 105 0 0
124 110 106 0 0
125 111 106 0 0
126 111 107 0 0
127 112 107 0 0
128 112 108 0 0
129 112 109 0 0
130 112 110 0 0
131 113 110 0 0
132 113 111 0 0
133 114 111 0 0
134 114 112 0 0
135 114 113 0 0
136 114 114 0 0
137 115 114 0 0
138 115 115 0 0
139 115 116 0 0
140 116 116 0 0
141 116 117 0 0
142 117 117 0 0
143 117 118 0 0
144 117 119 0 0
145 118 119 0 0
146 118 120 0 0
147 119 120 0 0
148 119 121 0 0
149 119 122 0 0
150 120 122 0 0
151 121 122 0 0
152 121 123 0 0
153 121 124 0 0
154 122 124 0 0
155 122 125 0 0
156 123 125 0 0
157 124 125 0 0
158 124 126 0 0
159 125 126 0 0
160 126 126 0 0
161 126 127 0 0
162 127 127 0 0
163 128 127 0 0
164 128 128 0 0
165 129 128 0 0
166 130 128 0 0
167 130 129 0 0
168 131 129 0 0
169 132 129 0 0
170 133 129 0 0
171 133 130 0 0
172 134 130 0 0
173 134 131 0 0
174 135 131 0 0
175 136 131 0 0
176 136 132 0 0
177 137 132 0 0
178 138 132 0 0
179 139 132 0 0
180 139 133 0 0
181 140 133 0 0
182 141 133 0 0
183 142 133 0 0
184 143 133 0 0
185 144 133 0 0
186 145 133 0 0
187 146 133 0 0
188 147 133 0 0
189 148 133 0 0
190 149 133 0 0
191 149 132 0 0
192 150 132 0 0
193 151 132 0 0
194 152 132 0 0
195 153 132 0 0
196 154 132 0 0
197 155 132 0 0
198 156 132 0 0
199 157 132 0 0
200 157 131 0 0
201 158 131 0 0
202 159 131 0 0
203 160 131 0 0
204 161 131 0 0
205 162 131 0 0
206 163 131 0 0
207 164 131 0 0
208 165 131 0 0
209 165 130 0 0
210 166 130 0 0
211 167 130 0 0
212 168 130 0 0
213 169 130 0 0
214 170 130 0 0
215 171 130 0 0
216 172 130 0 0
217 173 130 0 0
218 174 130 0 0
219 175 130 0 0
220 176 130 0 0
221 177 130 0 0
222 178 130 0 0
223 179 130 0 0
224 180 130 0 0
225 181 130 0 0
226 182 130 0 0
227 183 130 0 0
228 184 130 0 0
229 185 130 0 0
230 186 130 0 0
231 187 130 0 0
232 188 130 0 0
233 189 130 0 0
234 190 130 0 0
235 191 130 0 0
236 192 130 0 0
237 192 129 0 0
238 192 130 0 0
239 193 130 0 0
240 194 130 0 0
