0 19400 2600 0 0
1 19400 2800 0 0
2 19400 3000 0 0
3 19400 3200 0 0
4 19400 3400 0 0
5 19400 3600 0 0
6 19400 3800 0 0
7 19400 4000 0 0
8 19400 4200 0 0
9 19400 4400 0 0
10 19400 4600 0 0
11 19400 4800 0 0
12 19200 4800 0 0
13 19200 5000 0 0
14 19200 5200 0 0
15 19200 5400 0 0
16 19400 5400 0 0
17 19400 5600 0 0
18 19200 5600 0 0
19 19200 5800 0 0
20 19200 6000 0 0
21 19200 6200 0 0
22 19200 6400 0 0
23 19400 6400 0 0
24 19400 6600 0 0
25 19200 6600 0 0
26 19200 6800 0 0
27 19200 7000 0 0
28 19200 7200 0 0
29 19200 7400 0 0
30 19400 7400 0 0
31 19400 7600 0 0
32 19200 7600 0 0
33 19200 7800 0 0
34 19200 8000 0 0
35 19200 8200 0 0
36 19400 8200 0 0
37 19400 8400 0 0
38 19400 8600 0 0
39 19400 8800 0 0
40 19400 9000 0 0
41 19400 9200 0 0
42 19400 9400 0 0
43 19400 9600 0 0
44 19400 9800 0 0
45 19400 10000 0 0
46 19400 10200 0 0
47 19400 10400 0 0
48 19400 10600 0 0
49 19400 10800 0 0
50 19400 11000 0 0
51 19400 11200 0 0
52 19400 11400 0 0
53 19400 11600 0 0
54 19400 11800 0 0
55 19400 12000 0 0
56 19400 12200 0 0
57 19400 12400 0 0
58 19400 12600 0 0
59 19400 12800 0 0
60 19400 13000 0 0
61 19400 13200 0 0
62 19600 13200 0 0
63 19600 13400 0 0
64 19600 13600 0 0
65 19600 13800 0 0
66 19600 14000 0 0
67 19600 14200 0 0
68 19800 14200 0 0
69 19800 14400 0 0
70 19800 14600 0 0
71 19800 14800 0 0
72 19800 15000 0 0
73 19800 15200 0 0
74 19800 15400 0 0
75 19800 15600 0 0
76 20000 15600 0 0
77 20000 15800 0 0
78 20000 16000 0 0
79 20000 16200 0 0
80 20000 16400 0 0
81 20000 16600 0 0
82 20000 16800 0 0
83 20200 16800 0 0
84 20200 17000 0 0
85 20200 17200 0 0
86 20200 17400 0 0
87 20400 17400 0 0
88 20400 17600 0 0
89 20600 17600 0 0
90 20600 17800 0 0
91 20600 18000 0 0
92 20800 18000 0 0
93 20800 18200 0 0
94 20800 18400 0 0
95 21000 18400 0 0
96 21000 18600 0 0
97 21000 18800 0 0
98 21200 18800 0 0
99 21200 19000 0 0
100 21200 19200 0 0
101 21400 19200 0 0
102 21400 19400 0 0
103 21400 19600 0 0
104 21600 19600 0 0
105 21600 19800 0 0
106 21600 20000 0 0
107 21800 20000 0 0
108 21800 20200 0 0
109 21800 20400 0 0
110 22000 20400 0 0
111 22000 20600 0 0
112 22200 20600 0 0
113 22200 20800 0 0
114 22400 20800 0 0
115 22400 21000 0 0
116 22600 21000 0 0
117 22600 21200 0 0
118 22800 21200 0 0
119 22800 21400 0 0
120 23000 21400 0 0
121 23200 21400 0 0
122 23200 21600 0 0
123 23400 21600 0 0
124 23400 21800 0 0
125 23600 21800 0 0
126 23800 21800 0 0
127 23800 22000 0 0
128 24000 22000 0 0
129 24000 22200 0 0
130 24200 22200 0 0
131 24200 22400 0 0
132 24400 22400 0 0
133 24600 22400 0 0
134 24600 22600 0 0
135 24800 22600 0 0
136 24800 22800 0 0
137 25000 22800 0 0
138 25200 22800 0 0
139 25200 23000 0 0
140 25400 23000 0 0
141 25600 23000 0 0
142 25800 23000 0 0
143 25800 23200 0 0
144 26000 23200 0 0
145 26200 23200 0 0
146 26400 23200 0 0
147 26400 23400 0 0
148 26600 23400 0 0
149 26600 23600 0 0
150 26800 23600 0 0
151 27000 23600 0 0
152 27200 23600 0 0
153 27400 23600 0 0
154 27400 23800 0 0
155 27600 23800 0 0
156 27800 23800 0 0
157 28000 23800 0 0
158 28000 24000 0 0
159 28200 24000 0 0
160 28400 24000 0 0
161 28600 24000 0 0
162 28600 24200 0 0
163 28800 24200 0 0
164 28800 24400 0 0
165 29000 24400 0 0
166 29200 24400 0 0
167 29400 24400 0 0
168 29600 24400 0 0
169 29800 24400 0 0
170 30000 24400 0 0
171 30200 24400 0 0
172 30400 24400 0 0
173 30600 24400 0 0
174 30800 24400 0 0
175 31000 24400 0 0
176 31200 24400 0 0
177 31400 24400 0 0
178 31600 24400 0 0
179 31800 24400 0 0
180 31800 24600 0 0
181 32000 24600 0 0
182 32200 24600 0 0
183 32400 24600 0 0
184 32600 24600 0 0
185 32800 24600 0 0
186 33000 24600 0 0
187 33200 24600 0 0
188 33400 24600 0 0
189 33600 24600 0 0
190 33800 24600 0 0
191 34000 24600 0 0
192 34200 24600 0 0
193 34400 24600 0 0
194 34600 24600 0 0
195 34800 24600 0 0
196 35000 24600 0 0
197 35200 24600 0 0
198 35400 24600 0 0
199 35600 24600 0 0
200 35800 24600 0 0
201 36000 24600 0 0
202 36200 24600 0 0
203 36400 24600 0 0
204 36600 24600 0 0
205 36800 24600 0 0
206 37000 24600 0 0
207 37200 24600 0 0
208 37400 24600 0 0
209 37600 24600 0 0
210 37800 24600 0 0
211 38000 24600 0 0
212 38200 24600 0 0
