0 13400 2000 0 0
1 13400 2200 0 0
2 13400 2400 0 0
3 13400 2600 0 0
4 13400 2800 0 0
5 13400 3000 0 0
6 13400 3200 0 0
7 13400 3400 0 0
8 13400 3600 0 0
9 13400 3800 0 0
10 13400 4000 0 0
11 13400 4200 0 0
12 13400 4400 0 0
13 13400 4600 0 0
14 13400 4800 0 0
15 13400 5000 0 0
16 13400 5200 0 0
17 13400 5400 0 0
18 13400 5600 0 0
19 13400 5800 0 0
20 13400 6000 0 0
21 13400 5800 0 0
22 13400 5600 0 0
23 13200 5600 0 0
24 13200 5400 0 0
25 13200 5200 0 0
26 13200 5400 0 0
27 13200 5600 0 0
28 13200 5800 0 0
29 13200 6000 0 0
30 13200 6200 0 0
31 13200 6400 0 0
32 13200 6600 0 0
33 13200 6800 0 0
34 13200 7000 0 0
35 13200 7200 0 0
36 13200 7400 0 0
37 13200 7600 0 0
38 13200 7800 0 0
39 13400 7800 0 0
40 13400 8000 0 0
41 13400 8200 0 0
42 13400 8400 0 0
43 13400 8600 0 0
44 13400 8800 0 0
45 13400 9000 0 0
46 13400 9200 0 0
47 13400 9400 0 0
48 13400 9600 0 0
49 13400 9800 0 0
50 13400 10000 0 0
51 13400 10200 0 0
52 13400 10400 0 0
53 13400 10600 0 0
54 13400 10800 0 0
55 13400 11000 0 0
56 13200 11000 0 0
57 13200 11200 0 0
58 13200 11400 0 0
59 13200 11600 0 0
60 13200 11800 0 0
61 13000 11800 0 0
62 13000 12000 0 0
63 13000 12200 0 0
64 13000 12400 0 0
65 13000 12600 0 0
66 13000 12800 0 0
67 12800 12800 0 0
68 12800 13000 0 0
69 12800 13200 0 0
70 12800 13400 0 0
71 12800 13600 0 0
72 12800 13800 0 0
73 12600 13800 0 0
74 12600 14000 0 0
75 12600 14200 0 0
76 12600 14400 0 0
77 12600 14600 0 0
78 12400 14600 0 0
79 12400 14800 0 0
80 12200 14800 0 0
81 12200 15000 0 0
82 12000 15000 0 0
83 12000 15200 0 0
84 12000 15400 0 0
85 11800 15400 0 0
86 11800 15600 0 0
87 11600 15600 0 0
88 11600 15800 0 0
89 11600 16000 0 0
90 11400 16000 0 0
91 11400 16200 0 0
92 11200 16200 0 0
93 11200 16400 0 0
94 11000 16400 0 0
95 11000 16600 0 0
96 11000 16800 0 0
97 10800 16800 0 0
98 10800 17000 0 0
99 10600 17000 0 0
100 10600 17200 0 0
101 10400 17200 0 0
102 10400 17400 0 0
103 10200 17400 0 0
104 10200 17600 0 0
105 10000 17600 0 0
106 10000 17800 0 0
107 9800 17800 0 0
108 9800 18000 0 0
109 9600 18000 0 0
110 9600 18200 0 0
111 9400 18200 0 0
112 9400 18400 0 0
113 9200 18400 0 0
114 9200 18600 0 0
115 9000 18600 0 0
116 9000 18800 0 0
117 8800 18800 0 0
118 8800 19000 0 0
119 8600 19000 0 0
120 8600 19200 0 0
121 8400 19200 0 0
122 8400 19400 0 0
123 8200 19400 0 0
124 8000 19400 0 0
125 8000 19600 0 0
126 7800 19600 0 0
127 7800 19800 0 0
128 7800 20000 0 0
129 7600 20000 0 0
130 7600 20200 0 0
131 7400 20200 0 0
132 7400 20400 0 0
133 7400 20600 0 0
134 7200 20600 0 0
135 7200 20800 0 0
136 7000 20800 0 0
137 7000 21000 0 0
138 7000 21200 0 0
139 6800 21200 0 0
140 6800 21400 0 0
141 6600 21400 0 0
142 6600 21600 0 0
143 6600 21800 0 0
144 6400 21800 0 0
145 6400 22000 0 0
146 6200 22000 0 0
147 6200 22200 0 0
148 6200 22400 0 0
149 6000 22400 0 0
150 6000 22600 0 0
151 5800 22600 0 0
152 5600 22600 0 0
153 5600 22800 0 0
154 5400 22800 0 0
155 5200 22800 0 0
156 5200 23000 0 0
157 5000 23000 0 0
158 4800 23000 0 0
159 4600 23000 0 0
160 4600 23200 0 0
161 4400 23200 0 0
162 4200 23200 0 0
163 4000 23200 0 0
164 4000 23400 0 0
165 3800 23400 0 0
166 3600 23400 0 0
167 3600 23600 0 0
168 3400 23600 0 0
169 3200 23600 0 0
170 3000 23600 0 0
171 3000 23800 0 0
172 2800 23800 0 0
173 2600 23800 0 0
174 2600 24000 0 0
175 2400 24000 0 0
176 2200 24000 0 0
177 2000 24000 0 0
178 1800 24000 0 0
179 1800 24200 0 0
180 1600 24200 0 0
181 1600 24400 0 0
182 1400 24400 0 0
183 1200 24400 0 0
184 1000 24400 0 0
185 800 24400 0 0
186 800 24600 0 0
187 600 24600 0 0
188 400 24600 0 0
189 400 24800 0 0
190 200 24800 0 0
