0 19800 1800 0 0
1 19800 2000 0 0
2 19800 2200 0 0
3 19800 2400 0 0
4 19800 2600 0 0
5 19800 2800 0 0
6 19800 3000 0 0
7 19800 3200 0 0
8 19800 3400 0 0
9 19800 3600 0 0
10 19800 3800 0 0
11 19800 4000 0 0
12 19800 4200 0 0
13 19800 4400 0 0
14 19800 4600 0 0
15 19800 4800 0 0
16 19800 5000 0 0
17 19800 5200 0 0
18 19800 5400 0 0
19 19800 5600 0 0
20 19800 5800 0 0
21 19800 6000 0 0
22 19800 6200 0 0
23 19800 6400 0 0
24 19800 6600 0 0
25 19800 6800 0 0
26 19800 7000 0 0
27 19800 7200 0 0
28 19800 7400 0 0
29 19800 7600 0 0
30 19800 7800 0 0
31 19800 8000 0 0
32 19800 8200 0 0
33 19800 8400 0 0
34 19800 8600 0 0
35 19800 8800 0 0
36 19800 9000 0 0
37 19800 9200 0 0
38 19800 9400 0 0
39 19800 9600 0 0
40 19800 9800 0 0
41 19800 10000 0 0
42 19800 10200 0 0
43 19800 10400 0 0
44 19800 10600 0 0
45 19800 10800 0 0
46 19800 11000 0 0
47 19800 11200 0 0
48 19800 11400 0 0
49 19800 11600 0 0
50 19800 11800 0 0
51 19800 12000 0 0
52 19800 12200 0 0
53 19800 12400 0 0
54 19800 12600 0 0
55 19800 12800 0 0
56 19800 13000 0 0
57 19800 13200 0 0
58 19800 13400 0 0
59 19800 13600 0 0
60 19800 13800 0 0
61 20000 13800 0 0
62 20000 14000 0 0
63 20000 14200 0 0
64 20000 14400 0 0
65 20000 14600 0 0
66 20000 14800 0 0
67 20000 15000 0 0
68 20000 15200 0 0
69 20000 15400 0 0
70 20200 15400 0 0
71 20200 15600 0 0
72 20200 15800 0 0
73 20200 16000 0 0
74 20200 16200 0 0
75 20200 16400 0 0
76 20200 16600 0 0
77 20400 16600 0 0
78 20400 16800 0 0
79 20400 17000 0 0
80 20600 17000 0 0
81 20600 17200 0 0
82 20600 17400 0 0
83 20600 17600 0 0
84 20800 17600 0 0
85 20800 17800 0 0
86 20800 18000 0 0
87 20800 18200 0 0
88 21000 18200 0 0
89 21000 18400 0 0
90 21000 18600 0 0
91 21200 18600 0 0
92 21200 18800 0 0
93 21200 19000 0 0
94 21400 19000 0 0
95 21400 19200 0 0
96 21400 19400 0 0
97 21400 19600 0 0
98 21600 19600 0 0
99 21600 19800 0 0
100 21800 19800 0 0
101 21800 20000 0 0
102 21800 20200 0 0
103 22000 20200 0 0
104 22000 20400 0 0
105 22200 20400 0 0
106 22200 20600 0 0
107 22400 20600 0 0
108 22400 20800 0 0
109 22600 20800 0 0
110 22600 21000 0 0
111 22800 21000 0 0
112 22800 21200 0 0
113 23000 21200 0 0
114 23000 21400 0 0
115 23200 21400 0 0
116 23400 21400 0 0
117 23400 21600 0 0
118 23400 21800 0 0
119 23600 21800 0 0
120 23800 21800 0 0
121 23800 22000 0 0
122 24000 22000 0 0
123 24000 22200 0 0
124 24200 22200 0 0
125 24200 22400 0 0
126 24400 22400 0 0
127 24400 22600 0 0
128 24600 22600 0 0
129 24800 22600 0 0
130 24800 22800 0 0
131 25000 22800 0 0
132 25200 22800 0 0
133 25200 23000 0 0
134 25400 23000 0 0
135 25600 23000 0 0
136 25600 23200 0 0
137 25800 23200 0 0
138 25800 23400 0 0
139 26000 23400 0 0
140 26200 23400 0 0
141 26400 23400 0 0
142 26400 23600 0 0
143 26600 23600 0 0
144 26800 23600 0 0
145 27000 23600 0 0
146 27000 23800 0 0
147 27200 23800 0 0
148 27200 24000 0 0
149 27400 24000 0 0
150 27600 24000 0 0
151 27600 24200 0 0
152 27800 24200 0 0
153 28000 24200 0 0
154 28200 24200 0 0
155 28400 24200 0 0
156 28400 24400 0 0
157 28600 24400 0 0
158 28800 24400 0 0
159 29000 24400 0 0
160 29200 24400 0 0
161 29200 24600 0 0
162 29400 24600 0 0
163 29600 24600 0 0
164 29600 24800 0 0
165 29800 24800 0 0
166 30000 24800 0 0
167 30200 24800 0 0
168 30400 24800 0 0
169 30400 25000 0 0
170 30600 25000 0 0
171 30800 25000 0 0
172 31000 25000 0 0
173 31200 25000 0 0
174 31400 25000 0 0
175 31600 25000 0 0
176 31800 25000 0 0
177 32000 25000 0 0
178 32200 25000 0 0
179 32200 25200 0 0
180 32400 25200 0 0
181 32600 25200 0 0
182 32800 25200 0 0
183 33000 25200 0 0
184 33200 25200 0 0
185 33400 25200 0 0
186 33600 25200 0 0
187 33600 25400 0 0
188 33800 25400 0 0
189 34000 25400 0 0
190 34200 25400 0 0
191 34400 25400 0 0
192 34600 25400 0 0
193 34800 25400 0 0
194 35000 25400 0 0
195 35200 25400 0 0
196 35400 25400 0 0
197 35600 25400 0 0
198 35800 25400 0 0
199 36000 25400 0 0
200 36200 25400 0 0
201 36400 25400 0 0
202 36600 25400 0 0
203 36800 25400 0 0
204 37000 25400 0 0
205 37000 25200 0 0
206 37200 25200 0 0
207 37400 25200 0 0
208 37400 25000 0 0
209 37600 25000 0 0
210 37800 25000 0 0
211 38000 25000 0 0
212 38000 24800 0 0
213 38200 24800 0 0
214 38400 24800 0 0
