0 99 13 0 0
1 99 14 0 0
2 99 15 0 0
3 99 16 0 0
4 99 17 0 0
5 99 18 0 0
6 99 19 0 0
7 99 20 0 0
8 99 21 0 0
9 99 22 0 0
10 99 23 0 0
11 99 24 0 0
12 99 25 0 0
13 99 26 0 0
14 99 27 0 0
15 99 28 0 0
16 99 29 0 0
17 99 30 0 0
18 99 31 0 0
19 99 32 0 0
20 99 33 0 0
21 99 34 0 0
22 99 35 0 0
23 99 36 0 0
24 99 37 0 0
25 99 38 0 0
26 99 39 0 0
27 99 40 0 0
28 99 41 0 0
29 99 42 0 0
30 99 43 0 0
31 99 44 0 0
32 99 45 0 0
33 99 46 0 0
34 99 47 0 0
35 99 48 0 0
36 99 49 0 0
37 99 50 0 0
38 99 51 0 0
39 99 52 0 0
40 99 53 0 0
41 99 54 0 0
42 99 55 0 0
43 99 56 0 0
44 99 57 0 0
45 99 58 0 0
46 99 59 0 0
47 100 59 0 0
48 100 60 0 0
49 100 61 0 0
50 100 62 0 0
51 100 63 0 0
52 100 64 0 0
53 101 64 0 0
54 101 65 0 0
55 101 66 0 0
56 101 67 0 0
57 101 68 0 0
58 101 69 0 0
59 101 70 0 0
60 101 71 0 0
61 101 72 0 0
62 102 72 0 0
63 102 73 0 0
64 102 74 0 0
65 102 75 0 0
66 102 76 0 0
67 102 77 0 0
68 102 78 0 0
69 103 78 0 0
70 103 79 0 0
71 103 80 0 0
72 103 81 0 0
73 103 82 0 0
74 103 83 0 0
75 103 84 0 0
76 103 85 0 0
77 103 86 0 0
78 104 86 0 0
79 104 87 0 0
80 104 88 0 0
81 104 89 0 0
82 104 90 0 0
83 104 91 0 0
84 104 92 0 0
85 104 93 0 0
86 105 93 0 0
87 105 94 0 0
88 105 95 0 0
89 105 96 0 0
90 106 96 0 0
91 106 97 0 0
92 107 97 0 0
93 107 98 0 0
94 108 98 0 0
95 108 99 0 0
96 109 99 0 0
97 109 100 0 0
98 110 100 0 0
99 110 101 0 0
100 111 101 0 0
101 111 102 0 0
102 112 102 0 0
103 112 103 0 0
104 113 103 0 0
105 113 104 0 0
106 114 104 0 0
107 114 105 0 0
108 115 105 0 0
109 115 106 0 0
110 116 106 0 0
111 116 107 0 0
112 117 107 0 0
113 117 108 0 0
114 118 108 0 0
115 118 109 0 0
116 119 109 0 0
117 120 109 0 0
118 120 110 0 0
119 120 111 0 0
120 121 111 0 0
121 121 112 0 0
122 122 112 0 0
123 122 113 0 0
124 123 113 0 0
125 124 113 0 0
126 124 114 0 0
127 124 115 0 0
128 125 115 0 0
129 126 115 0 0
130 126 116 0 0
131 126 117 0 0
132 127 117 0 0
133 127 118 0 0
134 128 118 0 0
135 128 119 0 0
136 129 119 0 0
137 129 120 0 0
138 130 120 0 0
139 131 120 0 0
140 131 121 0 0
141 131 122 0 0
142 132 122 0 0
143 132 123 0 0
144 133 123 0 0
145 134 123 0 0
146 134 124 0 0
147 135 124 0 0
148 135 125 0 0
149 135 126 0 0
150 136 126 0 0
151 137 126 0 0
152 138 126 0 0
153 139 126 0 0
154 140 126 0 0
155 141 126 0 0
156 142 126 0 0
157 143 126 0 0
158 144 126 0 0
159 145 126 0 0
160 146 126 0 0
161 147 126 0 0
162 148 126 0 0
163 149 126 0 0
164 150 126 0 0
165 151 126 0 0
166 152 126 0 0
167 153 126 0 0
168 154 126 0 0
169 155 126 0 0
170 156 126 0 0
171 157 126 0 0
172 158 126 0 0
173 159 126 0 0
174 159 127 0 0
175 160 127 0 0
176 161 127 0 0
177 162 127 0 0
178 163 127 0 0
179 164 127 0 0
180 165 127 0 0
181 166 127 0 0
182 167 127 0 0
183 168 127 0 0
184 169 127 0 0
185 170 127 0 0
186 170 126 0 0
187 171 126 0 0
188 172 126 0 0
189 173 126 0 0
190 174 126 0 0
191 175 126 0 0
192 176 126 0 0
193 177 126 0 0
194 178 126 0 0
195 179 126 0 0
196 180 126 0 0
197 181 126 0 0
198 182 126 0 0
199 183 126 0 0
200 184 126 0 0
201 185 126 0 0
202 186 126 0 0
203 187 126 0 0
204 188 126 0 0
205 189 126 0 0
206 190 126 0 0
207 191 126 0 0
208 192 126 0 0
209 193 126 0 0
