0 99 5 0 0
1 99 6 0 0
2 99 7 0 0
3 99 8 0 0
4 99 9 0 0
5 99 10 0 0
6 99 11 0 0
7 99 12 0 0
8 99 13 0 0
9 99 14 0 0
10 99 15 0 0
11 99 16 0 0
12 99 17 0 0
13 99 18 0 0
14 99 19 0 0
15 99 20 0 0
16 99 21 0 0
17 99 22 0 0
18 99 23 0 0
19 99 24 0 0
20 99 25 0 0
21 99 26 0 0
22 100 26 0 0
23 100 27 0 0
24 100 28 0 0
25 100 29 0 0
26 100 30 0 0
27 100 31 0 0
28 100 32 0 0
29 100 33 0 0
30 100 34 0 0
31 100 35 0 0
32 100 36 0 0
33 100 37 0 0
34 100 38 0 0
35 100 39 0 0
36 100 40 0 0
37 100 41 0 0
38 100 42 0 0
39 100 43 0 0
40 100 44 0 0
41 100 45 0 0
42 100 46 0 0
43 100 47 0 0
44 100 48 0 0
45 100 49 0 0
46 100 50 0 0
47 100 51 0 0
48 100 52 0 0
49 101 52 0 0
50 101 53 0 0
51 101 54 0 0
52 101 55 0 0
53 101 56 0 0
54 101 57 0 0
55 101 58 0 0
56 101 59 0 0
57 101 60 0 0
58 101 61 0 0
59 101 62 0 0
60 101 63 0 0
61 101 64 0 0
62 101 65 0 0
63 101 66 0 0
64 101 67 0 0
65 101 68 0 0
66 101 69 0 0
67 101 70 0 0
68 101 71 0 0
69 101 72 0 0
70 101 73 0 0
71 102 73 0 0
72 102 74 0 0
73 102 75 0 0
74 102 76 0 0
75 102 77 0 0
76 102 78 0 0
77 102 79 0 0
78 102 80 0 0
79 102 81 0 0
80 102 82 0 0
81 102 83 0 0
82 103 83 0 0
83 103 84 0 0
84 103 85 0 0
85 103 86 0 0
86 103 87 0 0
87 104 87 0 0
88 104 88 0 0
89 104 89 0 0
90 104 90 0 0
91 105 90 0 0
92 105 91 0 0
93 105 92 0 0
94 106 92 0 0
95 106 93 0 0
96 106 94 0 0
97 106 95 0 0
98 106 96 0 0
99 107 96 0 0
100 107 97 0 0
101 107 98 0 0
102 107 99 0 0
103 108 99 0 0
104 108 100 0 0
105 108 101 0 0
106 109 101 0 0
107 109 102 0 0
108 110 102 0 0
109 110 103 0 0
110 110 104 0 0
111 111 104 0 0
112 111 105 0 0
113 111 106 0 0
114 112 106 0 0
115 112 107 0 0
116 113 107 0 0
117 113 108 0 0
118 113 109 0 0
119 114 109 0 0
120 114 110 0 0
121 115 110 0 0
122 115 111 0 0
123 116 111 0 0
124 116 112 0 0
125 116 113 0 0
126 117 113 0 0
127 117 114 0 0
128 118 114 0 0
129 118 115 0 0
130 119 115 0 0
131 120 115 0 0
132 120 116 0 0
133 120 117 0 0
134 121 117 0 0
135 122 117 0 0
136 122 118 0 0
137 123 118 0 0
138 124 118 0 0
139 124 119 0 0
140 125 119 0 0
141 125 120 0 0
142 126 120 0 0
143 127 120 0 0
144 127 121 0 0
145 128 121 0 0
146 129 121 0 0
147 129 122 0 0
148 130 122 0 0
149 131 122 0 0
150 131 123 0 0
151 132 123 0 0
152 132 124 0 0
153 133 124 0 0
154 134 124 0 0
155 135 124 0 0
156 136 124 0 0
157 137 124 0 0
158 138 124 0 0
159 139 124 0 0
160 140 124 0 0
161 141 124 0 0
162 142 124 0 0
163 143 124 0 0
164 144 124 0 0
165 145 124 0 0
166 145 125 0 0
167 146 125 0 0
168 147 125 0 0
169 147 126 0 0
170 148 126 0 0
171 149 126 0 0
172 149 127 0 0
173 150 127 0 0
174 151 127 0 0
175 152 127 0 0
176 153 127 0 0
177 154 127 0 0
178 155 127 0 0
179 156 127 0 0
180 157 127 0 0
181 158 127 0 0
182 159 127 0 0
183 160 127 0 0
184 161 127 0 0
185 162 127 0 0
186 163 127 0 0
187 164 127 0 0
188 165 127 0 0
189 166 127 0 0
190 167 127 0 0
191 168 127 0 0
192 169 127 0 0
193 170 127 0 0
194 171 127 0 0
195 172 127 0 0
196 173 127 0 0
197 174 127 0 0
198 175 127 0 0
199 176 127 0 0
200 177 127 0 0
201 177 128 0 0
202 178 128 0 0
203 179 128 0 0
204 180 128 0 0
205 181 128 0 0
206 181 127 0 0
207 182 127 0 0
208 183 127 0 0
209 184 127 0 0
210 185 127 0 0
211 186 127 0 0
212 187 127 0 0
213 188 127 0 0
214 189 127 0 0
215 190 127 0 0
216 191 127 0 0
217 192 127 0 0
218 193 127 0 0
219 193 128 0 0
220 194 128 0 0
221 195 128 0 0
222 195 129 0 0
