0 16200 53200 0 0
1 16200 53000 0 0
2 16200 52800 0 0
3 16200 52600 0 0
4 16200 52400 0 0
5 16200 52200 0 0
6 16200 52000 0 0
7 16200 51800 0 0
8 16200 51600 0 0
9 16200 51400 0 0
10 16200 51200 0 0
11 16200 51000 0 0
12 16200 50800 0 0
13 16200 50600 0 0
14 16200 50400 0 0
15 16200 50200 0 0
16 16200 50000 0 0
17 16200 49800 0 0
18 16200 49600 0 0
19 16200 49400 0 0
20 16200 49200 0 0
21 16200 49000 0 0
22 16200 48800 0 0
23 16200 48600 0 0
24 16200 48400 0 0
25 16200 48200 0 0
26 16200 48000 0 0
27 16200 47800 0 0
28 16200 47600 0 0
29 16200 47400 0 0
30 16200 47200 0 0
31 16200 47000 0 0
32 16200 46800 0 0
33 16200 46600 0 0
34 16200 46400 0 0
35 16200 46200 0 0
36 16200 46000 0 0
37 16200 45800 0 0
38 16200 45600 0 0
39 16200 45400 0 0
40 16200 45200 0 0
41 16200 45000 0 0
42 16200 44800 0 0
43 16200 44600 0 0
44 16200 44400 0 0
45 16200 44200 0 0
46 16200 44000 0 0
47 16200 43800 0 0
48 16200 43600 0 0
49 16200 43400 0 0
50 16200 43200 0 0
51 16200 43000 0 0
52 16200 42800 0 0
53 16200 42600 0 0
54 16200 42400 0 0
55 16200 42200 0 0
56 16200 42000 0 0
57 16200 41800 0 0
58 16200 41600 0 0
59 16200 41400 0 0
60 16200 41200 0 0
61 16200 41000 0 0
62 16200 40800 0 0
63 16200 40600 0 0
64 16200 40400 0 0
65 16200 40200 0 0
66 16200 40000 0 0
67 16200 39800 0 0
68 16000 39800 0 0
69 16000 39600 0 0
70 16000 39400 0 0
71 16000 39200 0 0
72 16000 39000 0 0
73 15800 39000 0 0
74 15800 38800 0 0
75 15800 38600 0 0
76 15800 38400 0 0
77 15800 38200 0 0
78 15800 38000 0 0
79 15600 38000 0 0
80 15600 37800 0 0
81 15600 37600 0 0
82 15600 37400 0 0
83 15600 37200 0 0
84 15600 37000 0 0
85 15400 37000 0 0
86 15400 36800 0 0
87 15400 36600 0 0
88 15400 36400 0 0
89 15400 36200 0 0
90 15400 36000 0 0
91 15400 35800 0 0
92 15200 35800 0 0
93 15200 35600 0 0
94 15200 35400 0 0
95 15200 35200 0 0
96 15200 35000 0 0
97 15000 35000 0 0
98 15000 34800 0 0
99 15000 34600 0 0
100 15000 34400 0 0
101 15000 34200 0 0
102 15000 34000 0 0
103 14800 34000 0 0
104 14800 33800 0 0
105 14800 33600 0 0
106 14800 33400 0 0
107 14800 33200 0 0
108 14800 33000 0 0
109 14600 33000 0 0
110 14600 32800 0 0
111 14600 32600 0 0
112 14400 32600 0 0
113 14400 32400 0 0
114 14400 32200 0 0
115 14400 32000 0 0
116 14400 31800 0 0
117 14200 31800 0 0
118 14200 31600 0 0
119 14200 31400 0 0
120 14200 31200 0 0
121 14200 31000 0 0
122 14200 30800 0 0
123 14000 30800 0 0
124 14000 30600 0 0
125 14000 30400 0 0
126 14000 30200 0 0
127 13800 30200 0 0
128 13800 30000 0 0
129 13800 29800 0 0
130 13800 29600 0 0
131 13800 29400 0 0
132 13600 29400 0 0
133 13600 29200 0 0
134 13600 29000 0 0
135 13600 28800 0 0
136 13400 28800 0 0
137 13400 28600 0 0
138 13400 28400 0 0
139 13400 28200 0 0
140 13400 28000 0 0
141 13200 28000 0 0
142 13200 27800 0 0
143 13200 27600 0 0
144 13200 27400 0 0
145 13200 27200 0 0
146 13000 27200 0 0
147 13000 27000 0 0
148 13000 26800 0 0
149 13200 26800 0 0
150 13200 26600 0 0
151 13200 26400 0 0
152 13200 26200 0 0
153 13400 26200 0 0
154 13400 26000 0 0
155 13600 26000 0 0
156 13600 25800 0 0
157 13600 25600 0 0
158 13800 25600 0 0
159 13800 25400 0 0
160 13800 25200 0 0
161 14000 25200 0 0
162 14000 25000 0 0
163 14000 24800 0 0
164 14200 24800 0 0
165 14200 24600 0 0
166 14200 24400 0 0
167 14200 24200 0 0
168 14400 24200 0 0
169 14400 24000 0 0
170 14400 23800 0 0
171 14600 23800 0 0
172 14600 23600 0 0
173 14600 23400 0 0
174 14800 23400 0 0
175 14800 23200 0 0
176 14800 23000 0 0
177 15000 23000 0 0
178 15000 22800 0 0
179 15000 22600 0 0
180 15200 22600 0 0
181 15200 22400 0 0
182 15200 22200 0 0
183 15400 22200 0 0
184 15400 22000 0 0
185 15400 21800 0 0
186 15600 21800 0 0
187 15800 21800 0 0
188 16000 21800 0 0
189 16200 21800 0 0
190 16400 21800 0 0
191 16400 21600 0 0
192 16600 21600 0 0
193 16800 21600 0 0
194 17000 21600 0 0
195 17200 21600 0 0
196 17400 21600 0 0
197 17400 21400 0 0
198 17600 21400 0 0
199 17800 21400 0 0
200 18000 21400 0 0
201 18200 21400 0 0
202 18400 21400 0 0
203 18400 21200 0 0
204 18600 21200 0 0
205 18800 21200 0 0
206 19000 21200 0 0
207 19200 21200 0 0
208 19200 21000 0 0
209 19400 21000 0 0
210 19600 21000 0 0
211 19800 21000 0 0
212 20000 21000 0 0
213 20200 21000 0 0
214 20400 21000 0 0
215 20400 20800 0 0
216 20600 20800 0 0
217 20600 21000 0 0
218 20800 21000 0 0
219 21000 21000 0 0
220 21000 21200 0 0
221 21200 21200 0 0
222 21200 21400 0 0
223 21400 21400 0 0
224 21600 21400 0 0
225 21800 21400 0 0
226 21800 21600 0 0
227 22000 21600 0 0
228 22200 21600 0 0
229 22200 21800 0 0
230 22400 21800 0 0
231 22600 21800 0 0
232 22800 21800 0 0
233 22800 22000 0 0
234 23000 22000 0 0
235 23000 22200 0 0
236 23200 22200 0 0
237 23400 22200 0 0
238 23600 22200 0 0
239 23600 22400 0 0
240 23800 22400 0 0
241 24000 22400 0 0
242 24000 22600 0 0
243 24200 22600 0 0
244 24400 22600 0 0
245 24600 22600 0 0
246 24600 22800 0 0
247 24800 22800 0 0
248 24800 23000 0 0
249 25000 23000 0 0
250 25200 23000 0 0
251 25400 23000 0 0
252 25400 23200 0 0
253 25600 23200 0 0
254 25800 23200 0 0
255 25800 23400 0 0
256 26000 23400 0 0
257 26200 23400 0 0
258 26200 23600 0 0
259 26400 23600 0 0
260 26600 23600 0 0
261 26600 23800 0 0
262 26800 23800 0 0
263 27000 23800 0 0
264 27200 23800 0 0
265 27200 24000 0 0
266 27400 24000 0 0
267 27600 24000 0 0
268 27600 24200 0 0
269 27800 24200 0 0
270 28000 24200 0 0
271 28000 24400 0 0
272 28200 24400 0 0
273 28400 24400 0 0
274 28400 24600 0 0
275 28600 24600 0 0
276 28800 24600 0 0
277 29000 24600 0 0
278 29200 24600 0 0
279 29400 24600 0 0
280 29600 24600 0 0
281 29800 24600 0 0
282 30000 24600 0 0
283 30200 24600 0 0
284 30200 24800 0 0
285 30400 24800 0 0
286 30600 24800 0 0
287 30800 24800 0 0
288 31000 24800 0 0
289 31200 24800 0 0
290 31400 24800 0 0
291 31600 24800 0 0
292 31800 24800 0 0
293 32000 24800 0 0
294 32200 24800 0 0
295 32400 24800 0 0
296 32600 24800 0 0
297 32800 24800 0 0
298 33000 24800 0 0
299 33200 24800 0 0
300 33200 25000 0 0
301 33400 25000 0 0
302 33600 25000 0 0
303 33800 25000 0 0
304 34000 25000 0 0
305 34200 25000 0 0
306 34400 25000 0 0
307 34600 25000 0 0
308 34800 25000 0 0
309 35000 25000 0 0
310 35200 25000 0 0
311 35400 25000 0 0
312 35600 25000 0 0
313 35800 25000 0 0
314 36000 25000 0 0
315 36200 25000 0 0
316 36400 25000 0 0
317 36600 25000 0 0
318 36800 25000 0 0
319 37000 25000 0 0
320 37200 25000 0 0
321 37400 25000 0 0
322 37600 25000 0 0
323 37800 25000 0 0
324 38000 25000 0 0
