0 19200 1800 0 0
1 19200 2000 0 0
2 19200 2200 0 0
3 19200 2400 0 0
4 19200 2600 0 0
5 19000 2600 0 0
6 19000 2800 0 0
7 19000 3000 0 0
8 19000 3200 0 0
9 19000 3400 0 0
10 19000 3600 0 0
11 19000 3800 0 0
12 19000 4000 0 0
13 19000 4200 0 0
14 19000 4400 0 0
15 19000 4600 0 0
16 19000 4800 0 0
17 19000 5000 0 0
18 19000 5200 0 0
19 19000 5400 0 0
20 19000 5600 0 0
21 19000 5800 0 0
22 19000 6000 0 0
23 19000 6200 0 0
24 19000 6400 0 0
25 19000 6600 0 0
26 19000 6800 0 0
27 19000 7000 0 0
28 19000 7200 0 0
29 19000 7400 0 0
30 19000 7600 0 0
31 19000 7800 0 0
32 19000 8000 0 0
33 19000 8200 0 0
34 19000 8400 0 0
35 19000 8600 0 0
36 19000 8800 0 0
37 19000 9000 0 0
38 19000 9200 0 0
39 19000 9400 0 0
40 19000 9600 0 0
41 19000 9800 0 0
42 19000 10000 0 0
43 19000 10200 0 0
44 19000 10400 0 0
45 19000 10600 0 0
46 19000 10800 0 0
47 19000 11000 0 0
48 19000 11200 0 0
49 19000 11400 0 0
50 19000 11600 0 0
51 19000 11800 0 0
52 19000 12000 0 0
53 19000 12200 0 0
54 19000 12400 0 0
55 19000 12600 0 0
56 19000 12800 0 0
57 19200 12800 0 0
58 19200 13000 0 0
59 19200 13200 0 0
60 19200 13400 0 0
61 19200 13600 0 0
62 19200 13800 0 0
63 19200 14000 0 0
64 19400 14000 0 0
65 19400 14200 0 0
66 19400 14400 0 0
67 19400 14600 0 0
68 19400 14800 0 0
69 19600 14800 0 0
70 19600 15000 0 0
71 19600 15200 0 0
72 19600 15400 0 0
73 19600 15600 0 0
74 19600 15800 0 0
75 19600 16000 0 0
76 19800 16000 0 0
77 19800 16200 0 0
78 19800 16400 0 0
79 19800 16600 0 0
80 19800 16800 0 0
81 20000 16800 0 0
82 20000 17000 0 0
83 20000 17200 0 0
84 20000 17400 0 0
85 20000 17600 0 0
86 20000 17800 0 0
87 20000 18000 0 0
88 20200 18000 0 0
89 20200 18200 0 0
90 20200 18400 0 0
91 20200 18600 0 0
92 20200 18800 0 0
93 20400 18800 0 0
94 20400 19000 0 0
95 20400 19200 0 0
96 20400 19400 0 0
97 20400 19600 0 0
98 20400 19800 0 0
99 20400 20000 0 0
100 20600 20000 0 0
101 20600 20200 0 0
102 20600 20400 0 0
103 20600 20600 0 0
104 20800 20600 0 0
105 20800 20400 0 0
106 20800 20200 0 0
107 21000 20200 0 0
108 21000 20400 0 0
109 21000 20600 0 0
110 21200 20600 0 0
111 21200 20800 0 0
112 21200 21000 0 0
113 21400 21000 0 0
114 21400 21200 0 0
115 21400 21400 0 0
116 21400 21600 0 0
117 21400 21800 0 0
118 21600 21800 0 0
119 21600 22000 0 0
120 21600 22200 0 0
121 21600 22400 0 0
122 21600 22600 0 0
123 21800 22600 0 0
124 21800 22800 0 0
125 21800 23000 0 0
126 21800 23200 0 0
127 22000 23200 0 0
128 22000 23400 0 0
129 22000 23600 0 0
130 22000 23800 0 0
131 22000 24000 0 0
132 22200 24000 0 0
133 22200 24200 0 0
134 22200 24400 0 0
135 22200 24600 0 0
136 22200 24800 0 0
137 22400 24800 0 0
138 22400 25000 0 0
139 22400 25200 0 0
140 22400 25400 0 0
141 22600 25400 0 0
142 22600 25600 0 0
143 22600 25800 0 0
144 22600 26000 0 0
145 22600 26200 0 0
146 22800 26200 0 0
147 22800 26400 0 0
148 22800 26600 0 0
149 22800 26800 0 0
150 22600 26800 0 0
151 22600 27000 0 0
152 22600 27200 0 0
153 22600 27400 0 0
154 22600 27600 0 0
155 22600 27800 0 0
156 22400 27800 0 0
157 22400 28000 0 0
158 22400 28200 0 0
159 22400 28400 0 0
160 22400 28600 0 0
161 22200 28600 0 0
162 22200 28800 0 0
163 22200 29000 0 0
164 22200 29200 0 0
165 22200 29400 0 0
166 22200 29600 0 0
167 22000 29600 0 0
168 22000 29800 0 0
169 22000 30000 0 0
170 22000 30200 0 0
171 22000 30400 0 0
172 22000 30600 0 0
173 21800 30600 0 0
174 21800 30800 0 0
175 21800 31000 0 0
176 21800 31200 0 0
177 21800 31400 0 0
178 21600 31400 0 0
179 21600 31600 0 0
180 21600 31800 0 0
181 21600 32000 0 0
182 21600 32200 0 0
183 21600 32400 0 0
184 21600 32600 0 0
185 21400 32600 0 0
186 21400 32800 0 0
187 21400 33000 0 0
188 21400 33200 0 0
189 21400 33400 0 0
190 21200 33400 0 0
191 21200 33600 0 0
192 21200 33800 0 0
193 21000 33800 0 0
194 21000 34000 0 0
195 21000 34200 0 0
196 20800 34200 0 0
197 20800 34400 0 0
198 20800 34600 0 0
199 20600 34600 0 0
200 20600 34800 0 0
201 20600 35000 0 0
202 20400 35000 0 0
203 20400 35200 0 0
204 20400 35400 0 0
205 20400 35600 0 0
206 20200 35600 0 0
207 20200 35800 0 0
208 20200 36000 0 0
209 20200 36200 0 0
210 20200 36400 0 0
211 20200 36600 0 0
212 20000 36600 0 0
213 20000 36800 0 0
214 20000 37000 0 0
215 20000 37200 0 0
216 20200 37200 0 0
217 20200 37400 0 0
218 20400 37400 0 0
219 20600 37400 0 0
220 20600 37600 0 0
221 20800 37600 0 0
222 21000 37600 0 0
223 21000 37800 0 0
224 21200 37800 0 0
225 21400 37800 0 0
226 21400 38000 0 0
227 21400 38200 0 0
228 21400 38400 0 0
229 21600 38400 0 0
230 21600 38600 0 0
231 21600 38800 0 0
232 21800 38800 0 0
233 21800 39000 0 0
234 21800 39200 0 0
235 22000 39200 0 0
236 22000 39400 0 0
237 22000 39600 0 0
238 22000 39800 0 0
239 22000 40000 0 0
240 22200 40000 0 0
241 22200 40200 0 0
242 22200 40400 0 0
243 22200 40600 0 0
244 22200 40800 0 0
245 22400 40800 0 0
246 22400 41000 0 0
247 22400 41200 0 0
248 22400 41400 0 0
249 22600 41400 0 0
250 22600 41600 0 0
251 22600 41800 0 0
252 22600 42000 0 0
253 22600 42200 0 0
254 22600 42400 0 0
255 22600 42600 0 0
256 22600 42800 0 0
257 22600 43000 0 0
258 22600 43200 0 0
259 22600 43400 0 0
260 22600 43600 0 0
261 22600 43800 0 0
262 22600 44000 0 0
263 22600 44200 0 0
264 22600 44400 0 0
265 22400 44400 0 0
266 22400 44600 0 0
267 22400 44800 0 0
268 22400 45000 0 0
269 22400 45200 0 0
270 22400 45400 0 0
271 22400 45600 0 0
272 22400 45800 0 0
273 22400 46000 0 0
274 22400 46200 0 0
275 22400 46400 0 0
276 22400 46600 0 0
277 22400 46800 0 0
278 22400 47000 0 0
279 22400 47200 0 0
280 22400 47400 0 0
281 22400 47600 0 0
282 22400 47800 0 0
283 22400 48000 0 0
284 22400 48200 0 0
285 22400 48400 0 0
286 22400 48600 0 0
287 22400 48800 0 0
288 22400 49000 0 0
289 22400 49200 0 0
290 22400 49400 0 0
291 22400 49600 0 0
292 22400 49800 0 0
293 22400 50000 0 0
294 22400 50200 0 0
295 22400 50400 0 0
296 22400 50600 0 0
297 22400 50800 0 0
298 22400 51000 0 0
299 22400 51200 0 0
300 22400 51400 0 0
301 22400 51600 0 0
302 22400 51800 0 0
303 22400 52000 0 0
304 22400 52200 0 0
305 22400 52400 0 0
306 22400 52600 0 0
307 22400 52800 0 0
308 22400 53000 0 0
309 22400 53200 0 0
310 22400 53400 0 0
311 22400 53600 0 0
312 22400 53800 0 0
313 22400 54000 0 0
314 22400 54200 0 0
