0 18600 2000 0 0
1 18600 2200 0 0
2 18600 2400 0 0
3 18600 2600 0 0
4 18800 2600 0 0
5 18800 2800 0 0
6 18800 3000 0 0
7 18800 3200 0 0
8 18800 3400 0 0
9 18800 3600 0 0
10 18800 3800 0 0
11 18800 4000 0 0
12 18800 4200 0 0
13 18800 4400 0 0
14 18800 4600 0 0
15 18800 4800 0 0
16 19000 4800 0 0
17 19000 5000 0 0
18 19000 5200 0 0
19 19000 5400 0 0
20 19000 5600 0 0
21 19000 5800 0 0
22 19000 6000 0 0
23 19000 6200 0 0
24 19000 6400 0 0
25 19000 6600 0 0
26 19000 6800 0 0
27 19000 7000 0 0
28 19000 7200 0 0
29 19000 7400 0 0
30 19000 7600 0 0
31 19000 7800 0 0
32 19200 7800 0 0
33 19200 8000 0 0
34 19200 8200 0 0
35 19200 8400 0 0
36 19200 8600 0 0
37 19200 8800 0 0
38 19200 9000 0 0
39 19200 9200 0 0
40 19200 9400 0 0
41 19200 9600 0 0
42 19200 9800 0 0
43 19200 10000 0 0
44 19200 10200 0 0
45 19200 10400 0 0
46 19200 10600 0 0
47 19400 10600 0 0
48 19400 10800 0 0
49 19400 11000 0 0
50 19400 11200 0 0
51 19400 11400 0 0
52 19400 11600 0 0
53 19400 11800 0 0
54 19400 12000 0 0
55 19400 12200 0 0
56 19400 12400 0 0
57 19400 12600 0 0
58 19400 12800 0 0
59 19600 12800 0 0
60 19600 13000 0 0
61 19600 13200 0 0
62 19600 13400 0 0
63 19600 13600 0 0
64 19600 13800 0 0
65 19600 14000 0 0
66 19600 14200 0 0
67 19600 14400 0 0
68 19600 14600 0 0
69 19600 14800 0 0
70 19600 15000 0 0
71 19600 15200 0 0
72 19600 15400 0 0
73 19600 15600 0 0
74 19800 15600 0 0
75 19800 15800 0 0
76 19800 16000 0 0
77 20000 16000 0 0
78 20000 16200 0 0
79 20200 16200 0 0
80 20200 16400 0 0
81 20200 16600 0 0
82 20400 16600 0 0
83 20400 16800 0 0
84 20400 17000 0 0
85 20600 17000 0 0
86 20600 17200 0 0
87 20800 17200 0 0
88 20800 17400 0 0
89 21000 17400 0 0
90 21000 17600 0 0
91 21000 17800 0 0
92 21200 17800 0 0
93 21200 18000 0 0
94 21200 18200 0 0
95 21400 18200 0 0
96 21400 18400 0 0
97 21600 18400 0 0
98 21600 18600 0 0
99 21600 18800 0 0
100 21800 18800 0 0
101 21800 19000 0 0
102 22000 19000 0 0
103 22000 19200 0 0
104 22000 19400 0 0
105 22200 19400 0 0
106 22200 19600 0 0
107 22200 19800 0 0
108 22400 19800 0 0
109 22400 20000 0 0
110 22600 20000 0 0
111 22600 20200 0 0
112 22600 20400 0 0
113 22800 20400 0 0
114 22800 20600 0 0
115 22800 20800 0 0
116 23000 20800 0 0
117 23000 21000 0 0
118 23200 21000 0 0
119 23200 21200 0 0
120 23400 21200 0 0
121 23400 21400 0 0
122 23600 21400 0 0
123 23600 21600 0 0
124 23600 21800 0 0
125 23800 21800 0 0
126 24000 21800 0 0
127 24000 22000 0 0
128 24000 22200 0 0
129 24200 22200 0 0
130 24200 22400 0 0
131 24400 22400 0 0
132 24400 22600 0 0
133 24600 22600 0 0
134 24600 22800 0 0
135 24600 23000 0 0
136 24800 23000 0 0
137 24800 23200 0 0
138 25000 23200 0 0
139 25200 23200 0 0
140 25400 23200 0 0
141 25400 23400 0 0
142 25600 23400 0 0
143 25800 23400 0 0
144 25800 23600 0 0
145 26000 23600 0 0
146 26200 23600 0 0
147 26400 23600 0 0
148 26600 23600 0 0
149 26600 23800 0 0
150 26800 23800 0 0
151 27000 23800 0 0
152 27000 24000 0 0
153 27200 24000 0 0
154 27400 24000 0 0
155 27600 24000 0 0
156 27600 24200 0 0
157 27800 24200 0 0
158 28000 24200 0 0
159 28000 24400 0 0
160 28200 24400 0 0
161 28400 24400 0 0
162 28400 24600 0 0
163 28600 24600 0 0
164 28800 24600 0 0
165 29000 24600 0 0
166 29000 24800 0 0
167 29200 24800 0 0
168 29400 24800 0 0
169 29600 24800 0 0
170 29600 25000 0 0
171 29800 25000 0 0
172 29800 25200 0 0
173 30000 25200 0 0
174 30200 25200 0 0
175 30400 25200 0 0
176 30600 25200 0 0
177 30800 25200 0 0
178 31000 25200 0 0
179 31000 25400 0 0
180 31200 25400 0 0
181 31400 25400 0 0
182 31600 25400 0 0
183 31800 25400 0 0
184 32000 25400 0 0
185 32200 25400 0 0
186 32400 25400 0 0
187 32400 25200 0 0
188 32600 25200 0 0
189 32800 25200 0 0
190 33000 25200 0 0
191 33200 25200 0 0
192 33400 25200 0 0
193 33600 25200 0 0
194 33800 25200 0 0
195 34000 25200 0 0
196 34200 25200 0 0
197 34400 25200 0 0
198 34600 25200 0 0
199 34800 25200 0 0
200 35000 25200 0 0
201 35200 25200 0 0
202 35400 25200 0 0
203 35600 25200 0 0
204 35800 25200 0 0
205 36000 25200 0 0
206 36200 25200 0 0
207 36400 25200 0 0
208 36600 25200 0 0
209 36800 25200 0 0
210 36800 25400 0 0
211 37000 25400 0 0
212 37200 25400 0 0
213 37400 25400 0 0
214 37600 25400 0 0
215 37600 25600 0 0
216 37800 25600 0 0
217 38000 25600 0 0
218 38200 25600 0 0
219 38400 25600 0 0
220 38600 25600 0 0
221 38800 25600 0 0
