0 18600 800 0 0
1 18600 1000 0 0
2 18600 1200 0 0
3 18600 1400 0 0
4 18600 1600 0 0
5 18600 1800 0 0
6 18600 2000 0 0
7 18600 2200 0 0
8 18600 2400 0 0
9 18600 2600 0 0
10 18600 2800 0 0
11 18600 3000 0 0
12 18600 3200 0 0
13 18600 3400 0 0
14 18600 3600 0 0
15 18600 3800 0 0
16 18800 3800 0 0
17 18800 4000 0 0
18 18800 4200 0 0
19 18800 4400 0 0
20 18800 4600 0 0
21 18800 4800 0 0
22 18800 5000 0 0
23 18800 5200 0 0
24 18800 5400 0 0
25 18800 5600 0 0
26 18800 5800 0 0
27 18800 6000 0 0
28 19000 6000 0 0
29 19000 6200 0 0
30 19000 6400 0 0
31 19000 6600 0 0
32 19000 6800 0 0
33 19000 7000 0 0
34 19000 7200 0 0
35 19000 7400 0 0
36 19000 7600 0 0
37 19000 7800 0 0
38 19000 8000 0 0
39 19000 8200 0 0
40 19000 8400 0 0
41 19000 8600 0 0
42 19000 8800 0 0
43 19000 9000 0 0
44 19200 9000 0 0
45 19200 9200 0 0
46 19200 9400 0 0
47 19200 9600 0 0
48 19200 9800 0 0
49 19200 10000 0 0
50 19200 10200 0 0
51 19200 10400 0 0
52 19200 10600 0 0
53 19200 10800 0 0
54 19200 11000 0 0
55 19200 11200 0 0
56 19200 11400 0 0
57 19200 11600 0 0
58 19200 11800 0 0
59 19200 12000 0 0
60 19400 12000 0 0
61 19400 12200 0 0
62 19400 12400 0 0
63 19400 12600 0 0
64 19400 12800 0 0
65 19400 13000 0 0
66 19400 13200 0 0
67 19600 13200 0 0
68 19600 13400 0 0
69 19600 13600 0 0
70 19600 13800 0 0
71 19600 14000 0 0
72 19600 14200 0 0
73 19800 14200 0 0
74 19800 14400 0 0
75 19800 14600 0 0
76 19800 14800 0 0
77 19800 15000 0 0
78 20000 15000 0 0
79 20000 15200 0 0
80 20000 15400 0 0
81 20000 15600 0 0
82 20000 15800 0 0
83 20000 16000 0 0
84 20200 16000 0 0
85 20200 16200 0 0
86 20200 16400 0 0
87 20200 16600 0 0
88 20400 16600 0 0
89 20400 16800 0 0
90 20400 17000 0 0
91 20400 17200 0 0
92 20400 17400 0 0
93 20400 17600 0 0
94 20600 17600 0 0
95 20600 17800 0 0
96 20600 18000 0 0
97 20600 18200 0 0
98 20600 18400 0 0
99 20600 18600 0 0
100 20800 18600 0 0
101 20800 18800 0 0
102 20800 19000 0 0
103 20800 19200 0 0
104 20800 19400 0 0
105 21000 19400 0 0
106 21000 19600 0 0
107 21000 19800 0 0
108 21000 20000 0 0
109 21000 20200 0 0
110 21000 20400 0 0
111 21200 20400 0 0
112 21200 20600 0 0
113 21200 20800 0 0
114 21200 21000 0 0
115 21200 21200 0 0
116 21200 21400 0 0
117 21200 21600 0 0
118 21200 21800 0 0
119 21200 22000 0 0
120 21200 22200 0 0
121 21200 22400 0 0
122 21200 22600 0 0
123 21200 22800 0 0
124 21200 23000 0 0
125 21000 23000 0 0
126 21000 23200 0 0
127 21000 23400 0 0
128 21000 23600 0 0
129 21000 23800 0 0
130 21000 24000 0 0
131 21000 24200 0 0
132 21000 24400 0 0
133 21000 24600 0 0
134 21000 24800 0 0
135 21000 25000 0 0
136 21000 25200 0 0
137 21000 25400 0 0
138 21000 25600 0 0
139 21000 25800 0 0
140 21000 26000 0 0
141 21000 26200 0 0
142 21000 26400 0 0
143 21000 26600 0 0
144 21000 26800 0 0
145 21000 27000 0 0
146 21000 27200 0 0
147 21000 27400 0 0
148 21000 27600 0 0
149 21000 27800 0 0
150 21000 28000 0 0
151 21000 28200 0 0
152 21000 28400 0 0
153 21000 28600 0 0
154 21000 28800 0 0
155 21000 29000 0 0
156 21000 29200 0 0
157 21000 29400 0 0
158 21000 29600 0 0
159 21000 29800 0 0
160 21000 30000 0 0
161 21000 30200 0 0
162 21000 30400 0 0
163 20800 30400 0 0
164 20800 30600 0 0
165 20800 30800 0 0
166 20800 31000 0 0
167 20800 31200 0 0
168 20600 31200 0 0
169 20600 31400 0 0
170 20600 31600 0 0
171 20600 31800 0 0
172 20600 32000 0 0
173 20600 32200 0 0
174 20600 32400 0 0
175 20400 32400 0 0
176 20400 32600 0 0
177 20400 32800 0 0
178 20400 33000 0 0
179 20400 33200 0 0
180 20400 33400 0 0
181 20400 33600 0 0
182 20200 33600 0 0
183 20200 33800 0 0
184 20200 34000 0 0
185 20200 34200 0 0
186 20000 34200 0 0
187 20000 34400 0 0
188 20000 34600 0 0
189 20000 34800 0 0
190 20000 35000 0 0
191 20000 35200 0 0
192 20000 35400 0 0
193 19800 35400 0 0
194 19800 35600 0 0
195 19800 35800 0 0
196 19800 36000 0 0
197 19800 36200 0 0
198 19800 36400 0 0
199 19600 36400 0 0
200 19600 36600 0 0
201 19600 36800 0 0
202 19600 37000 0 0
203 19600 37200 0 0
204 19600 37400 0 0
205 19600 37600 0 0
206 19400 37600 0 0
207 19400 37800 0 0
208 19400 38000 0 0
209 19400 38200 0 0
210 19400 38400 0 0
211 19400 38600 0 0
212 19400 38800 0 0
213 19400 39000 0 0
214 19400 39200 0 0
215 19400 39400 0 0
216 19200 39400 0 0
217 19200 39600 0 0
218 19200 39800 0 0
219 19200 40000 0 0
220 19200 40200 0 0
221 19200 40400 0 0
222 19200 40600 0 0
223 19200 40800 0 0
224 19200 41000 0 0
225 19200 41200 0 0
226 19200 41400 0 0
227 19200 41600 0 0
228 19200 41800 0 0
229 19200 42000 0 0
230 19200 42200 0 0
231 19200 42400 0 0
232 19200 42600 0 0
233 19200 42800 0 0
234 19200 43000 0 0
235 19200 43200 0 0
236 19200 43400 0 0
237 19200 43600 0 0
238 19200 43800 0 0
239 19200 44000 0 0
240 19200 44200 0 0
241 19200 44400 0 0
242 19000 44400 0 0
243 19000 44600 0 0
244 19000 44800 0 0
245 19000 45000 0 0
246 19000 45200 0 0
247 19000 45400 0 0
248 19000 45600 0 0
249 19000 45800 0 0
250 19000 46000 0 0
251 19000 46200 0 0
252 19000 46400 0 0
253 19000 46600 0 0
254 19000 46800 0 0
255 19000 47000 0 0
256 19000 47200 0 0
257 19000 47400 0 0
258 19000 47600 0 0
259 19000 47800 0 0
260 19000 48000 0 0
261 19000 48200 0 0
262 19000 48400 0 0
263 19000 48600 0 0
264 19000 48800 0 0
265 19000 49000 0 0
266 19000 49200 0 0
267 19000 49400 0 0
268 19000 49600 0 0
269 19000 49800 0 0
270 19000 50000 0 0
271 19000 50200 0 0
272 19000 50400 0 0
273 19000 50600 0 0
274 19000 50800 0 0
275 19000 51000 0 0
276 19000 51200 0 0
277 19000 51400 0 0
278 19000 51600 0 0
279 19000 51800 0 0
280 19000 52000 0 0
281 19000 52200 0 0
282 19000 52400 0 0
283 19000 52600 0 0
284 19000 52800 0 0
285 19000 53000 0 0
286 19000 53200 0 0
287 19000 53400 0 0
288 19000 53600 0 0
289 19000 53800 0 0
290 19000 54000 0 0
291 19000 54200 0 0
