0 196 137 0 0
1 196 138 0 0
2 195 138 0 0
3 194 138 0 0
4 193 138 0 0
5 192 138 0 0
6 191 138 0 0
7 190 138 0 0
8 189 138 0 0
9 188 138 0 0
10 187 138 0 0
11 186 138 0 0
12 185 138 0 0
13 184 138 0 0
14 183 138 0 0
15 182 138 0 0
16 181 138 0 0
17 180 138 0 0
18 180 139 0 0
19 179 139 0 0
20 178 139 0 0
21 177 139 0 0
22 176 139 0 0
23 176 140 0 0
24 175 140 0 0
25 174 140 0 0
26 173 140 0 0
27 172 140 0 0
28 171 140 0 0
29 170 140 0 0
30 169 140 0 0
31 168 140 0 0
32 167 140 0 0
33 167 141 0 0
34 166 141 0 0
35 165 141 0 0
36 164 141 0 0
37 163 141 0 0
38 162 141 0 0
39 161 141 0 0
40 160 141 0 0
41 159 141 0 0
42 158 141 0 0
43 158 142 0 0
44 157 142 0 0
45 156 142 0 0
46 155 142 0 0
47 154 142 0 0
48 153 142 0 0
49 152 142 0 0
50 151 142 0 0
51 150 142 0 0
52 149 142 0 0
53 149 143 0 0
54 148 143 0 0
55 147 143 0 0
56 146 143 0 0
57 145 143 0 0
58 144 143 0 0
59 144 144 0 0
60 143 144 0 0
61 142 144 0 0
62 141 144 0 0
63 140 144 0 0
64 139 144 0 0
65 138 144 0 0
66 137 144 0 0
67 136 144 0 0
68 135 144 0 0
69 135 145 0 0
70 134 145 0 0
71 133 145 0 0
72 132 145 0 0
73 132 146 0 0
74 131 146 0 0
75 130 146 0 0
76 130 147 0 0
77 129 147 0 0
78 128 147 0 0
79 128 148 0 0
80 127 148 0 0
81 126 148 0 0
82 125 148 0 0
83 125 149 0 0
84 124 149 0 0
85 123 149 0 0
86 123 150 0 0
87 122 150 0 0
88 121 150 0 0
89 120 150 0 0
90 120 151 0 0
91 119 151 0 0
92 119 152 0 0
93 118 152 0 0
94 117 152 0 0
95 116 152 0 0
96 116 153 0 0
97 115 153 0 0
98 114 153 0 0
99 113 153 0 0
100 113 154 0 0
101 112 154 0 0
102 111 154 0 0
103 111 155 0 0
104 110 155 0 0
105 109 155 0 0
106 109 156 0 0
107 108 156 0 0
108 107 156 0 0
109 107 157 0 0
110 106 157 0 0
111 105 157 0 0
112 105 158 0 0
113 104 158 0 0
114 103 158 0 0
115 103 159 0 0
116 102 159 0 0
117 101 159 0 0
118 101 160 0 0
119 100 160 0 0
120 99 160 0 0
121 98 160 0 0
122 98 161 0 0
123 97 161 0 0
124 96 161 0 0
125 95 161 0 0
126 94 161 0 0
127 93 161 0 0
128 92 161 0 0
129 91 161 0 0
130 90 161 0 0
131 89 161 0 0
132 88 161 0 0
133 87 161 0 0
134 87 160 0 0
135 86 160 0 0
136 85 160 0 0
137 84 160 0 0
138 83 160 0 0
139 83 159 0 0
140 82 159 0 0
141 81 159 0 0
142 81 158 0 0
143 81 157 0 0
144 80 157 0 0
145 79 157 0 0
146 79 156 0 0
147 78 156 0 0
148 78 155 0 0
149 77 155 0 0
150 77 154 0 0
151 76 154 0 0
152 76 153 0 0
153 75 153 0 0
154 74 153 0 0
155 74 152 0 0
156 73 152 0 0
157 73 151 0 0
158 72 151 0 0
159 72 150 0 0
160 71 150 0 0
161 71 149 0 0
162 70 149 0 0
163 69 149 0 0
164 69 148 0 0
165 69 147 0 0
166 68 147 0 0
167 68 146 0 0
168 68 145 0 0
169 68 144 0 0
170 68 143 0 0
171 67 143 0 0
172 67 142 0 0
173 67 141 0 0
174 67 140 0 0
175 67 139 0 0
176 66 139 0 0
177 66 138 0 0
178 66 137 0 0
179 66 136 0 0
180 66 135 0 0
181 66 134 0 0
182 66 133 0 0
183 66 132 0 0
184 66 131 0 0
185 66 130 0 0
186 67 130 0 0
187 67 129 0 0
188 67 128 0 0
189 67 127 0 0
190 67 126 0 0
191 67 125 0 0
192 68 125 0 0
193 68 124 0 0
194 68 123 0 0
195 68 122 0 0
196 68 121 0 0
197 69 121 0 0
198 69 120 0 0
199 69 119 0 0
200 69 118 0 0
201 69 117 0 0
202 69 116 0 0
203 70 116 0 0
204 70 115 0 0
205 70 114 0 0
206 70 113 0 0
207 70 112 0 0
208 71 112 0 0
209 71 111 0 0
210 71 110 0 0
211 71 109 0 0
212 71 108 0 0
213 71 107 0 0
214 72 107 0 0
215 72 106 0 0
216 72 105 0 0
217 72 104 0 0
218 72 103 0 0
219 73 103 0 0
220 73 102 0 0
221 73 101 0 0
222 73 100 0 0
223 73 99 0 0
224 73 98 0 0
225 74 98 0 0
226 74 97 0 0
227 74 96 0 0
228 74 95 0 0
229 74 94 0 0
230 75 94 0 0
231 75 93 0 0
232 75 92 0 0
233 75 91 0 0
234 75 90 0 0
235 76 90 0 0
236 76 89 0 0
237 76 88 0 0
238 76 87 0 0
239 76 86 0 0
240 76 85 0 0
241 76 84 0 0
242 77 84 0 0
243 77 83 0 0
244 77 82 0 0
245 77 81 0 0
246 77 80 0 0
247 77 79 0 0
248 77 78 0 0
249 77 77 0 0
250 78 77 0 0
251 78 76 0 0
252 78 75 0 0
253 78 74 0 0
254 78 73 0 0
255 79 73 0 0
256 79 72 0 0
257 79 71 0 0
258 79 70 0 0
259 79 69 0 0
260 79 68 0 0
261 79 67 0 0
262 79 66 0 0
263 80 66 0 0
264 80 65 0 0
265 80 64 0 0
266 80 63 0 0
267 80 62 0 0
268 80 61 0 0
269 80 60 0 0
270 80 59 0 0
271 80 58 0 0
272 80 57 0 0
273 80 56 0 0
274 80 55 0 0
275 81 55 0 0
276 81 54 0 0
277 81 53 0 0
278 81 52 0 0
279 81 51 0 0
280 81 50 0 0
281 81 49 0 0
282 81 48 0 0
283 81 47 0 0
284 81 46 0 0
285 81 45 0 0
286 81 44 0 0
287 81 43 0 0
288 81 42 0 0
289 81 41 0 0
290 81 40 0 0
291 81 39 0 0
292 81 38 0 0
293 81 37 0 0
294 81 36 0 0
295 81 35 0 0
296 81 34 0 0
297 81 33 0 0
298 81 32 0 0
299 81 31 0 0
300 81 30 0 0
301 81 29 0 0
302 81 28 0 0
303 81 27 0 0
304 81 26 0 0
305 81 25 0 0
306 81 24 0 0
307 81 23 0 0
308 81 22 0 0
309 82 22 0 0
310 82 21 0 0
311 82 20 0 0
312 82 19 0 0
313 82 18 0 0
314 82 17 0 0
315 82 16 0 0
316 82 15 0 0
317 82 14 0 0
318 82 13 0 0
319 82 12 0 0
320 82 11 0 0
321 82 10 0 0
322 82 9 0 0
323 82 8 0 0
324 82 7 0 0
