0 18600 1600 0 0
1 18600 1800 0 0
2 18600 2000 0 0
3 18600 2200 0 0
4 18600 2400 0 0
5 18600 2600 0 0
6 18600 2800 0 0
7 18600 3000 0 0
8 18600 3200 0 0
9 18600 3400 0 0
10 18600 3600 0 0
11 18600 3800 0 0
12 18600 4000 0 0
13 18800 4000 0 0
14 18800 4200 0 0
15 18800 4400 0 0
16 18800 4600 0 0
17 18800 4800 0 0
18 18800 5000 0 0
19 18800 5200 0 0
20 18800 5400 0 0
21 18800 5600 0 0
22 18800 5800 0 0
23 18800 6000 0 0
24 18800 6200 0 0
25 18800 6400 0 0
26 18800 6600 0 0
27 18800 6800 0 0
28 18800 7000 0 0
29 18800 7200 0 0
30 18800 7400 0 0
31 19000 7400 0 0
32 19000 7600 0 0
33 19000 7800 0 0
34 19000 8000 0 0
35 19000 8200 0 0
36 19000 8400 0 0
37 19000 8600 0 0
38 19000 8800 0 0
39 19000 9000 0 0
40 19000 9200 0 0
41 19000 9400 0 0
42 19000 9600 0 0
43 19000 9800 0 0
44 19000 10000 0 0
45 19000 10200 0 0
46 19000 10400 0 0
47 19000 10600 0 0
48 19000 10800 0 0
49 19000 11000 0 0
50 19000 11200 0 0
51 19000 11400 0 0
52 19000 11600 0 0
53 19200 11600 0 0
54 19200 11800 0 0
55 19200 12000 0 0
56 19200 12200 0 0
57 19200 12400 0 0
58 19200 12600 0 0
59 19200 12800 0 0
60 19200 13000 0 0
61 19200 13200 0 0
62 19200 13400 0 0
63 19200 13600 0 0
64 19200 13800 0 0
65 19200 14000 0 0
66 19200 14200 0 0
67 19400 14200 0 0
68 19400 14400 0 0
69 19400 14600 0 0
70 19400 14800 0 0
71 19400 15000 0 0
72 19400 15200 0 0
73 19400 15400 0 0
74 19400 15600 0 0
75 19400 15800 0 0
76 19400 16000 0 0
77 19600 16000 0 0
78 19600 16200 0 0
79 19600 16400 0 0
80 19600 16600 0 0
81 19600 16800 0 0
82 19600 17000 0 0
83 19800 17000 0 0
84 19800 17200 0 0
85 19800 17400 0 0
86 19800 17600 0 0
87 20000 17600 0 0
88 20000 17800 0 0
89 20000 18000 0 0
90 20000 18200 0 0
91 20200 18200 0 0
92 20200 18400 0 0
93 20200 18600 0 0
94 20200 18800 0 0
95 20200 19000 0 0
96 20400 19000 0 0
97 20400 19200 0 0
98 20400 19400 0 0
99 20400 19600 0 0
100 20400 19800 0 0
101 20600 19800 0 0
102 20600 20000 0 0
103 20600 20200 0 0
104 20600 20400 0 0
105 20800 20400 0 0
106 20800 20600 0 0
107 20800 20800 0 0
108 20800 21000 0 0
109 20800 21200 0 0
110 21000 21200 0 0
111 21000 21400 0 0
112 21000 21600 0 0
113 21000 21800 0 0
114 21000 22000 0 0
115 21200 22000 0 0
116 21200 22200 0 0
117 21200 22400 0 0
118 21400 22400 0 0
119 21400 22600 0 0
120 21400 22800 0 0
121 21400 23000 0 0
122 21400 23200 0 0
123 21600 23200 0 0
124 21600 23400 0 0
125 21600 23600 0 0
126 21600 23800 0 0
127 21600 24000 0 0
128 21800 24000 0 0
129 21800 24200 0 0
130 21800 24400 0 0
131 21800 24600 0 0
132 22000 24600 0 0
133 22000 24800 0 0
134 22000 25000 0 0
135 22000 25200 0 0
136 22000 25400 0 0
137 22000 25600 0 0
138 22200 25600 0 0
139 22200 25800 0 0
140 22200 26000 0 0
141 22200 26200 0 0
142 22200 26400 0 0
143 22200 26600 0 0
144 22200 26800 0 0
145 22200 27000 0 0
146 22200 27200 0 0
147 22200 27400 0 0
148 22200 27600 0 0
149 22200 27800 0 0
150 22200 28000 0 0
151 22400 28000 0 0
152 22400 28200 0 0
153 22200 28200 0 0
154 22200 28400 0 0
155 22200 28600 0 0
156 22200 28800 0 0
157 22200 29000 0 0
158 22000 29000 0 0
159 22000 29200 0 0
160 22000 29400 0 0
161 22000 29600 0 0
162 21800 29600 0 0
163 21800 29800 0 0
164 21800 30000 0 0
165 21800 30200 0 0
166 21600 30200 0 0
167 21600 30400 0 0
168 21600 30600 0 0
169 21600 30800 0 0
170 21600 31000 0 0
171 21400 31000 0 0
172 21400 31200 0 0
173 21400 31400 0 0
174 21400 31600 0 0
175 21400 31800 0 0
176 21200 31800 0 0
177 21200 32000 0 0
178 21200 32200 0 0
179 21200 32400 0 0
180 21200 32600 0 0
181 21000 32600 0 0
182 21000 32800 0 0
183 21000 33000 0 0
184 21000 33200 0 0
185 21000 33400 0 0
186 20800 33400 0 0
187 20800 33600 0 0
188 20800 33800 0 0
189 20800 34000 0 0
190 20800 34200 0 0
191 20600 34200 0 0
192 20600 34400 0 0
193 20600 34600 0 0
194 20600 34800 0 0
195 20600 35000 0 0
196 20600 35200 0 0
197 20600 35400 0 0
198 20600 35600 0 0
199 20600 35800 0 0
200 20800 35800 0 0
201 20800 36000 0 0
202 20800 36200 0 0
203 20800 36400 0 0
204 20800 36600 0 0
205 21000 36600 0 0
206 21000 36800 0 0
207 21000 37000 0 0
208 21000 37200 0 0
209 21000 37400 0 0
210 21000 37600 0 0
211 21200 37600 0 0
212 21200 37800 0 0
213 21200 38000 0 0
214 21400 38000 0 0
215 21400 38200 0 0
216 21400 38400 0 0
217 21600 38400 0 0
218 21600 38600 0 0
219 21600 38800 0 0
220 21600 39000 0 0
221 21600 39200 0 0
222 21800 39200 0 0
223 21800 39400 0 0
224 21800 39600 0 0
225 22000 39600 0 0
226 22000 39800 0 0
227 22000 40000 0 0
228 22000 40200 0 0
229 22000 40400 0 0
230 22000 40600 0 0
231 22000 40800 0 0
232 22200 40800 0 0
233 22200 41000 0 0
234 22200 41200 0 0
235 22200 41400 0 0
236 22200 41600 0 0
237 22200 41800 0 0
238 22200 42000 0 0
239 22000 42000 0 0
240 22000 42200 0 0
241 22000 42400 0 0
242 22000 42600 0 0
243 22000 42800 0 0
244 21800 42800 0 0
245 21800 43000 0 0
246 21800 43200 0 0
247 21800 43400 0 0
248 21800 43600 0 0
249 21800 43800 0 0
250 21800 44000 0 0
251 21800 44200 0 0
252 21800 44400 0 0
253 21600 44400 0 0
254 21600 44600 0 0
255 21600 44800 0 0
256 21600 45000 0 0
257 21600 45200 0 0
258 21600 45400 0 0
259 21600 45600 0 0
260 21600 45800 0 0
261 21600 46000 0 0
262 21600 46200 0 0
263 21600 46400 0 0
264 21600 46600 0 0
265 21600 46800 0 0
266 21600 47000 0 0
267 21600 47200 0 0
268 21600 47400 0 0
269 21600 47600 0 0
270 21600 47800 0 0
271 21600 48000 0 0
272 21600 48200 0 0
273 21600 48400 0 0
274 21600 48600 0 0
275 21600 48800 0 0
276 21600 49000 0 0
277 21600 49200 0 0
278 21600 49400 0 0
279 21600 49600 0 0
280 21600 49800 0 0
281 21600 50000 0 0
282 21800 50000 0 0
283 21800 50200 0 0
284 21800 50400 0 0
285 21800 50600 0 0
286 21800 50800 0 0
287 21800 51000 0 0
288 21800 51200 0 0
289 21800 51400 0 0
290 21800 51600 0 0
291 21800 51800 0 0
292 21800 52000 0 0
293 21800 52200 0 0
294 21800 52400 0 0
295 21800 52600 0 0
296 21800 52800 0 0
297 21800 53000 0 0
298 21800 53200 0 0
299 21800 53400 0 0
300 22000 53400 0 0
301 22000 53600 0 0
302 22000 53800 0 0
303 22000 54000 0 0
304 22000 54200 0 0
305 22000 54400 0 0
