0 99 10 0 0
1 99 11 0 0
2 99 12 0 0
3 99 13 0 0
4 99 14 0 0
5 99 15 0 0
6 99 16 0 0
7 99 17 0 0
8 99 18 0 0
9 100 18 0 0
10 100 19 0 0
11 100 20 0 0
12 100 21 0 0
13 100 22 0 0
14 100 23 0 0
15 100 24 0 0
16 100 25 0 0
17 100 26 0 0
18 100 27 0 0
19 100 28 0 0
20 100 29 0 0
21 100 30 0 0
22 100 31 0 0
23 100 32 0 0
24 100 33 0 0
25 100 34 0 0
26 100 35 0 0
27 100 36 0 0
28 100 37 0 0
29 100 38 0 0
30 100 39 0 0
31 100 40 0 0
32 100 41 0 0
33 100 42 0 0
34 100 43 0 0
35 100 44 0 0
36 100 45 0 0
37 100 46 0 0
38 100 47 0 0
39 100 48 0 0
40 100 49 0 0
41 100 50 0 0
42 100 51 0 0
43 100 52 0 0
44 100 53 0 0
45 100 54 0 0
46 100 55 0 0
47 100 56 0 0
48 100 57 0 0
49 100 58 0 0
50 101 58 0 0
51 101 59 0 0
52 101 60 0 0
53 101 61 0 0
54 101 62 0 0
55 101 63 0 0
56 101 64 0 0
57 101 65 0 0
58 101 66 0 0
59 101 67 0 0
60 101 68 0 0
61 101 69 0 0
62 101 70 0 0
63 101 71 0 0
64 101 72 0 0
65 101 73 0 0
66 101 74 0 0
67 101 75 0 0
68 101 76 0 0
69 102 76 0 0
70 102 77 0 0
71 102 78 0 0
72 102 79 0 0
73 102 80 0 0
74 102 81 0 0
75 102 82 0 0
76 103 82 0 0
77 103 83 0 0
78 103 84 0 0
79 103 85 0 0
80 103 86 0 0
81 104 86 0 0
82 104 87 0 0
83 104 88 0 0
84 104 89 0 0
85 104 90 0 0
86 105 90 0 0
87 105 91 0 0
88 105 92 0 0
89 105 93 0 0
90 106 93 0 0
91 106 94 0 0
92 106 95 0 0
93 107 95 0 0
94 107 96 0 0
95 108 96 0 0
96 108 97 0 0
97 108 98 0 0
98 109 98 0 0
99 109 99 0 0
100 109 100 0 0
101 110 100 0 0
102 110 101 0 0
103 110 102 0 0
104 111 102 0 0
105 111 103 0 0
106 112 103 0 0
107 112 104 0 0
108 112 105 0 0
109 113 105 0 0
110 113 106 0 0
111 114 106 0 0
112 114 107 0 0
113 115 107 0 0
114 115 108 0 0
115 116 108 0 0
116 116 109 0 0
117 117 109 0 0
118 117 110 0 0
119 118 110 0 0
120 119 110 0 0
121 119 111 0 0
122 120 111 0 0
123 121 111 0 0
124 121 112 0 0
125 121 113 0 0
126 122 113 0 0
127 122 114 0 0
128 123 114 0 0
129 124 114 0 0
130 125 114 0 0
131 125 115 0 0
132 126 115 0 0
133 127 115 0 0
134 127 116 0 0
135 128 116 0 0
136 129 116 0 0
137 129 117 0 0
138 130 117 0 0
139 130 118 0 0
140 131 118 0 0
141 132 118 0 0
142 132 119 0 0
143 133 119 0 0
144 134 119 0 0
145 134 120 0 0
146 135 120 0 0
147 136 120 0 0
148 137 120 0 0
149 138 120 0 0
150 138 121 0 0
151 139 121 0 0
152 140 121 0 0
153 140 122 0 0
154 141 122 0 0
155 142 122 0 0
156 143 122 0 0
157 144 122 0 0
158 145 122 0 0
159 146 122 0 0
160 147 122 0 0
161 148 122 0 0
162 149 122 0 0
163 150 122 0 0
164 151 122 0 0
165 152 122 0 0
166 153 122 0 0
167 154 122 0 0
168 155 122 0 0
169 155 123 0 0
170 156 123 0 0
171 157 123 0 0
172 158 123 0 0
173 158 124 0 0
174 159 124 0 0
175 160 124 0 0
176 161 124 0 0
177 162 124 0 0
178 163 124 0 0
179 163 123 0 0
180 164 123 0 0
181 165 123 0 0
182 166 123 0 0
183 166 122 0 0
184 167 122 0 0
185 168 122 0 0
186 169 122 0 0
187 170 122 0 0
188 171 122 0 0
189 172 122 0 0
190 172 121 0 0
191 172 122 0 0
192 173 122 0 0
193 174 122 0 0
194 175 122 0 0
195 176 122 0 0
196 177 122 0 0
197 178 122 0 0
198 179 122 0 0
199 180 122 0 0
200 181 122 0 0
201 182 122 0 0
202 183 122 0 0
203 184 122 0 0
204 185 122 0 0
205 186 122 0 0
206 187 122 0 0
207 188 122 0 0
208 189 122 0 0
209 190 122 0 0
210 191 122 0 0
211 192 122 0 0
212 193 122 0 0
213 194 122 0 0
