0 98 11 0 0
1 98 12 0 0
2 98 13 0 0
3 98 14 0 0
4 98 15 0 0
5 98 16 0 0
6 98 17 0 0
7 99 17 0 0
8 99 18 0 0
9 99 19 0 0
10 99 20 0 0
11 99 21 0 0
12 99 22 0 0
13 99 23 0 0
14 99 24 0 0
15 99 25 0 0
16 99 26 0 0
17 99 27 0 0
18 99 28 0 0
19 99 29 0 0
20 99 30 0 0
21 99 31 0 0
22 99 32 0 0
23 99 33 0 0
24 99 34 0 0
25 99 35 0 0
26 100 35 0 0
27 100 36 0 0
28 100 37 0 0
29 100 38 0 0
30 100 39 0 0
31 100 40 0 0
32 100 41 0 0
33 100 42 0 0
34 100 43 0 0
35 100 44 0 0
36 100 45 0 0
37 100 46 0 0
38 100 47 0 0
39 100 48 0 0
40 100 49 0 0
41 100 50 0 0
42 100 51 0 0
43 100 52 0 0
44 100 53 0 0
45 100 54 0 0
46 100 55 0 0
47 100 56 0 0
48 100 57 0 0
49 100 58 0 0
50 100 59 0 0
51 101 59 0 0
52 101 60 0 0
53 101 61 0 0
54 101 62 0 0
55 101 63 0 0
56 101 64 0 0
57 101 65 0 0
58 101 66 0 0
59 101 67 0 0
60 101 68 0 0
61 101 69 0 0
62 101 70 0 0
63 101 71 0 0
64 101 72 0 0
65 101 73 0 0
66 101 74 0 0
67 101 75 0 0
68 101 76 0 0
69 101 77 0 0
70 102 77 0 0
71 102 78 0 0
72 102 79 0 0
73 102 80 0 0
74 102 81 0 0
75 102 82 0 0
76 102 83 0 0
77 102 84 0 0
78 102 85 0 0
79 102 86 0 0
80 102 87 0 0
81 103 87 0 0
82 103 88 0 0
83 103 89 0 0
84 103 90 0 0
85 103 91 0 0
86 103 92 0 0
87 104 92 0 0
88 104 93 0 0
89 104 94 0 0
90 105 94 0 0
91 105 95 0 0
92 105 96 0 0
93 105 97 0 0
94 105 98 0 0
95 105 99 0 0
96 106 99 0 0
97 106 100 0 0
98 106 101 0 0
99 106 102 0 0
100 107 102 0 0
101 107 103 0 0
102 107 104 0 0
103 107 105 0 0
104 107 106 0 0
105 107 107 0 0
106 108 107 0 0
107 108 108 0 0
108 108 109 0 0
109 108 110 0 0
110 108 111 0 0
111 109 111 0 0
112 109 112 0 0
113 109 113 0 0
114 109 114 0 0
115 109 115 0 0
116 110 115 0 0
117 110 116 0 0
118 110 117 0 0
119 110 118 0 0
120 110 119 0 0
121 110 120 0 0
122 111 120 0 0
123 111 121 0 0
124 111 122 0 0
125 111 123 0 0
126 111 124 0 0
127 111 125 0 0
128 111 126 0 0
129 111 127 0 0
130 111 128 0 0
131 111 129 0 0
132 111 130 0 0
133 110 130 0 0
134 110 131 0 0
135 110 132 0 0
136 110 133 0 0
137 110 134 0 0
138 110 135 0 0
139 110 136 0 0
140 110 137 0 0
141 110 138 0 0
142 110 139 0 0
143 110 140 0 0
144 110 141 0 0
145 110 142 0 0
146 110 143 0 0
147 110 144 0 0
148 109 144 0 0
149 109 145 0 0
150 109 146 0 0
151 109 147 0 0
152 109 148 0 0
153 109 149 0 0
154 109 150 0 0
155 109 151 0 0
156 109 152 0 0
157 109 153 0 0
158 109 154 0 0
159 108 154 0 0
160 108 155 0 0
161 108 156 0 0
162 108 157 0 0
163 108 158 0 0
164 108 159 0 0
165 108 160 0 0
166 108 161 0 0
167 108 162 0 0
168 108 163 0 0
169 107 163 0 0
170 107 164 0 0
171 107 165 0 0
172 107 166 0 0
173 107 167 0 0
174 106 167 0 0
175 106 168 0 0
176 106 169 0 0
177 106 170 0 0
178 105 170 0 0
179 105 171 0 0
180 105 172 0 0
181 105 173 0 0
182 105 174 0 0
183 104 174 0 0
184 104 175 0 0
185 104 176 0 0
186 104 177 0 0
187 103 177 0 0
188 103 178 0 0
189 103 179 0 0
190 103 180 0 0
191 102 180 0 0
192 102 181 0 0
193 102 182 0 0
194 102 183 0 0
195 102 184 0 0
196 101 184 0 0
197 101 185 0 0
198 101 186 0 0
199 101 187 0 0
200 100 187 0 0
201 100 188 0 0
202 100 189 0 0
203 100 190 0 0
204 100 191 0 0
205 100 192 0 0
206 99 192 0 0
207 99 193 0 0
208 99 194 0 0
209 99 195 0 0
210 99 196 0 0
211 99 197 0 0
212 99 198 0 0
213 99 199 0 0
214 99 200 0 0
215 99 201 0 0
216 99 202 0 0
217 98 202 0 0
218 98 203 0 0
219 98 204 0 0
220 98 205 0 0
221 98 206 0 0
222 98 207 0 0
223 98 208 0 0
224 98 209 0 0
225 98 210 0 0
226 98 211 0 0
227 98 212 0 0
228 98 213 0 0
229 98 214 0 0
230 98 215 0 0
231 98 216 0 0
232 98 217 0 0
233 98 218 0 0
234 97 218 0 0
235 97 219 0 0
236 97 220 0 0
237 97 221 0 0
238 97 222 0 0
239 97 223 0 0
240 97 224 0 0
241 97 225 0 0
242 97 226 0 0
243 97 227 0 0
244 97 228 0 0
245 97 229 0 0
246 96 229 0 0
247 96 230 0 0
248 96 231 0 0
249 96 232 0 0
250 96 233 0 0
251 96 234 0 0
252 96 235 0 0
253 96 236 0 0
254 96 237 0 0
255 96 238 0 0
256 96 239 0 0
257 96 240 0 0
258 96 241 0 0
259 96 242 0 0
260 96 243 0 0
261 96 244 0 0
262 96 245 0 0
263 96 246 0 0
264 96 247 0 0
265 96 248 0 0
266 96 249 0 0
267 96 250 0 0
268 96 251 0 0
269 96 252 0 0
270 96 253 0 0
271 96 254 0 0
272 96 255 0 0
273 96 256 0 0
274 96 257 0 0
275 96 258 0 0
276 96 259 0 0
277 96 260 0 0
278 96 261 0 0
279 96 262 0 0
280 96 263 0 0
281 96 264 0 0
282 96 265 0 0
283 96 266 0 0
284 96 267 0 0
285 96 268 0 0
286 96 269 0 0
