0 18800 1200 0 0
1 18800 1400 0 0
2 18800 1600 0 0
3 18800 1800 0 0
4 18800 2000 0 0
5 18800 2200 0 0
6 18800 2400 0 0
7 18800 2600 0 0
8 18800 2800 0 0
9 18800 3000 0 0
10 18800 3200 0 0
11 18800 3400 0 0
12 19000 3400 0 0
13 19000 3600 0 0
14 19000 3800 0 0
15 19000 4000 0 0
16 19000 4200 0 0
17 19000 4400 0 0
18 19000 4600 0 0
19 19000 4800 0 0
20 19000 5000 0 0
21 19000 5200 0 0
22 19000 5400 0 0
23 19000 5600 0 0
24 19000 5800 0 0
25 19000 6000 0 0
26 19000 6200 0 0
27 19000 6400 0 0
28 19000 6600 0 0
29 19000 6800 0 0
30 19000 7000 0 0
31 19000 7200 0 0
32 19000 7400 0 0
33 19000 7600 0 0
34 19000 7800 0 0
35 19000 8000 0 0
36 19000 8200 0 0
37 19000 8400 0 0
38 18800 8400 0 0
39 18800 8600 0 0
40 18800 8800 0 0
41 18800 9000 0 0
42 18800 9200 0 0
43 18800 9400 0 0
44 18800 9600 0 0
45 18800 9800 0 0
46 18800 10000 0 0
47 18800 10200 0 0
48 18800 10400 0 0
49 18800 10600 0 0
50 18800 10800 0 0
51 18800 11000 0 0
52 18800 11200 0 0
53 18800 11400 0 0
54 18800 11600 0 0
55 18800 11800 0 0
56 18800 12000 0 0
57 18800 12200 0 0
58 18800 12400 0 0
59 18800 12600 0 0
60 18800 12800 0 0
61 18800 13000 0 0
62 18800 13200 0 0
63 18800 13400 0 0
64 18800 13600 0 0
65 18800 13800 0 0
66 18800 14000 0 0
67 18800 14200 0 0
68 18800 14400 0 0
69 18800 14600 0 0
70 18800 14800 0 0
71 18800 15000 0 0
72 19000 15000 0 0
73 19000 15200 0 0
74 19000 15400 0 0
75 19000 15600 0 0
76 19000 15800 0 0
77 19000 16000 0 0
78 19000 16200 0 0
79 19000 16400 0 0
80 19000 16600 0 0
81 19200 16600 0 0
82 19200 16800 0 0
83 19200 17000 0 0
84 19200 17200 0 0
85 19200 17400 0 0
86 19200 17600 0 0
87 19200 17800 0 0
88 19400 17800 0 0
89 19400 18000 0 0
90 19400 18200 0 0
91 19600 18200 0 0
92 19600 18400 0 0
93 19600 18600 0 0
94 19800 18600 0 0
95 19800 18800 0 0
96 19800 19000 0 0
97 19800 19200 0 0
98 20000 19200 0 0
99 20000 19400 0 0
100 20200 19400 0 0
101 20200 19600 0 0
102 20200 19800 0 0
103 20200 20000 0 0
104 20400 20000 0 0
105 20400 20200 0 0
106 20600 20200 0 0
107 20600 20400 0 0
108 20600 20600 0 0
109 20600 20800 0 0
110 20800 20800 0 0
111 20800 21000 0 0
112 20800 21200 0 0
113 21000 21200 0 0
114 21000 21400 0 0
115 21000 21600 0 0
116 21200 21600 0 0
117 21200 21800 0 0
118 21200 22000 0 0
119 21200 22200 0 0
120 21400 22200 0 0
121 21400 22400 0 0
122 21600 22400 0 0
123 21600 22600 0 0
124 21600 22800 0 0
125 21600 23000 0 0
126 21800 23000 0 0
127 21800 23200 0 0
128 21800 23400 0 0
129 22000 23400 0 0
130 22000 23600 0 0
131 22000 23800 0 0
132 22200 23800 0 0
133 22200 24000 0 0
134 22200 24200 0 0
135 22400 24200 0 0
136 22400 24400 0 0
137 22400 24600 0 0
138 22600 24600 0 0
139 22800 24600 0 0
140 22800 24800 0 0
141 23000 24800 0 0
142 23000 25000 0 0
143 23200 25000 0 0
144 23200 25200 0 0
145 23400 25200 0 0
146 23400 25400 0 0
147 23600 25400 0 0
148 23800 25400 0 0
149 23800 25600 0 0
150 24000 25600 0 0
151 24200 25600 0 0
152 24400 25600 0 0
153 24600 25600 0 0
154 24800 25600 0 0
155 25000 25600 0 0
156 25200 25600 0 0
157 25400 25600 0 0
158 25600 25600 0 0
159 25800 25600 0 0
160 26000 25600 0 0
161 26200 25600 0 0
162 26400 25600 0 0
163 26600 25600 0 0
164 26800 25600 0 0
165 27000 25600 0 0
166 27200 25600 0 0
167 27400 25600 0 0
168 27600 25600 0 0
169 27800 25600 0 0
170 28000 25600 0 0
171 28200 25600 0 0
172 28400 25600 0 0
173 28600 25600 0 0
174 28800 25600 0 0
175 28800 25400 0 0
176 29000 25400 0 0
177 29200 25400 0 0
178 29400 25400 0 0
179 29600 25400 0 0
180 29800 25400 0 0
181 30000 25400 0 0
182 30200 25400 0 0
183 30400 25400 0 0
184 30600 25400 0 0
185 30800 25400 0 0
186 31000 25400 0 0
187 31200 25400 0 0
188 31200 25200 0 0
189 31400 25200 0 0
190 31600 25200 0 0
191 31800 25200 0 0
192 32000 25200 0 0
193 32200 25200 0 0
194 32400 25200 0 0
195 32600 25200 0 0
196 32800 25200 0 0
197 33000 25200 0 0
198 33000 25000 0 0
199 33200 25000 0 0
200 33400 25000 0 0
201 33600 25000 0 0
202 33800 25000 0 0
203 34000 25000 0 0
204 34000 24800 0 0
205 34200 24800 0 0
206 34400 24800 0 0
207 34600 24800 0 0
208 34800 24800 0 0
209 35000 24800 0 0
210 35200 24800 0 0
211 35400 24800 0 0
212 35600 24800 0 0
213 35800 24800 0 0
214 36000 24800 0 0
215 36200 24800 0 0
216 36400 24800 0 0
217 36400 24600 0 0
218 36600 24600 0 0
219 36800 24600 0 0
220 37000 24600 0 0
221 37200 24600 0 0
222 37400 24600 0 0
223 37600 24600 0 0
224 37800 24600 0 0
225 38000 24600 0 0
226 38200 24600 0 0
227 38200 24800 0 0
228 38400 24800 0 0
229 38600 24800 0 0
230 38800 24800 0 0
231 39000 24800 0 0
