0 99 12 0 0
1 99 13 0 0
2 99 14 0 0
3 99 15 0 0
4 99 16 0 0
5 99 17 0 0
6 99 18 0 0
7 99 19 0 0
8 99 20 0 0
9 99 21 0 0
10 99 22 0 0
11 99 23 0 0
12 99 24 0 0
13 99 25 0 0
14 99 26 0 0
15 99 27 0 0
16 99 28 0 0
17 99 29 0 0
18 99 30 0 0
19 99 31 0 0
20 99 32 0 0
21 99 33 0 0
22 99 34 0 0
23 99 35 0 0
24 99 36 0 0
25 99 37 0 0
26 99 38 0 0
27 99 39 0 0
28 99 40 0 0
29 99 41 0 0
30 99 42 0 0
31 99 43 0 0
32 99 44 0 0
33 99 45 0 0
34 99 46 0 0
35 99 47 0 0
36 99 48 0 0
37 99 49 0 0
38 99 50 0 0
39 99 51 0 0
40 99 52 0 0
41 99 53 0 0
42 99 54 0 0
43 99 55 0 0
44 99 56 0 0
45 99 57 0 0
46 99 58 0 0
47 99 59 0 0
48 99 60 0 0
49 99 61 0 0
50 99 62 0 0
51 99 63 0 0
52 99 64 0 0
53 99 65 0 0
54 99 66 0 0
55 99 67 0 0
56 99 68 0 0
57 99 69 0 0
58 99 70 0 0
59 99 71 0 0
60 99 72 0 0
61 99 73 0 0
62 99 74 0 0
63 99 75 0 0
64 100 75 0 0
65 100 76 0 0
66 100 77 0 0
67 100 78 0 0
68 100 79 0 0
69 100 80 0 0
70 101 80 0 0
71 101 81 0 0
72 101 82 0 0
73 101 83 0 0
74 101 84 0 0
75 102 84 0 0
76 102 85 0 0
77 102 86 0 0
78 102 87 0 0
79 102 88 0 0
80 102 89 0 0
81 102 90 0 0
82 102 91 0 0
83 103 91 0 0
84 103 92 0 0
85 103 93 0 0
86 103 94 0 0
87 104 94 0 0
88 104 95 0 0
89 104 96 0 0
90 105 96 0 0
91 105 97 0 0
92 105 98 0 0
93 105 99 0 0
94 106 99 0 0
95 106 100 0 0
96 106 101 0 0
97 106 102 0 0
98 107 102 0 0
99 107 103 0 0
100 107 104 0 0
101 107 105 0 0
102 108 105 0 0
103 108 106 0 0
104 108 107 0 0
105 109 107 0 0
106 109 108 0 0
107 109 109 0 0
108 110 109 0 0
109 110 110 0 0
110 110 111 0 0
111 111 111 0 0
112 111 112 0 0
113 111 113 0 0
114 111 114 0 0
115 112 114 0 0
116 112 115 0 0
117 113 115 0 0
118 113 116 0 0
119 113 117 0 0
120 114 117 0 0
121 114 118 0 0
122 114 119 0 0
123 115 119 0 0
124 115 120 0 0
125 115 121 0 0
126 115 122 0 0
127 116 122 0 0
128 116 123 0 0
129 116 124 0 0
130 116 125 0 0
131 116 126 0 0
132 116 127 0 0
133 116 128 0 0
134 116 129 0 0
135 116 130 0 0
136 116 131 0 0
137 116 132 0 0
138 116 133 0 0
139 116 134 0 0
140 117 134 0 0
141 117 135 0 0
142 117 136 0 0
143 117 137 0 0
144 117 138 0 0
145 117 139 0 0
146 117 140 0 0
147 117 141 0 0
148 117 142 0 0
149 117 143 0 0
150 117 144 0 0
151 118 144 0 0
152 118 145 0 0
153 118 146 0 0
154 118 147 0 0
155 118 148 0 0
156 117 148 0 0
157 117 149 0 0
158 117 150 0 0
159 117 151 0 0
160 116 151 0 0
161 116 152 0 0
162 116 153 0 0
163 115 153 0 0
164 115 154 0 0
165 115 155 0 0
166 114 155 0 0
167 114 156 0 0
168 114 157 0 0
169 114 158 0 0
170 113 158 0 0
171 113 159 0 0
172 112 159 0 0
173 112 160 0 0
174 112 161 0 0
175 112 162 0 0
176 111 162 0 0
177 111 163 0 0
178 111 164 0 0
179 110 164 0 0
180 110 165 0 0
181 110 166 0 0
182 109 166 0 0
183 109 167 0 0
184 109 168 0 0
185 109 169 0 0
186 108 169 0 0
187 108 170 0 0
188 107 170 0 0
189 107 171 0 0
190 107 172 0 0
191 107 173 0 0
192 107 174 0 0
193 107 175 0 0
194 106 175 0 0
195 106 176 0 0
196 106 177 0 0
197 106 178 0 0
198 106 179 0 0
199 105 179 0 0
200 105 180 0 0
201 105 181 0 0
202 105 182 0 0
203 104 182 0 0
204 104 183 0 0
205 104 184 0 0
206 104 185 0 0
207 104 186 0 0
208 103 186 0 0
209 103 187 0 0
210 103 188 0 0
211 103 189 0 0
212 102 189 0 0
213 102 190 0 0
214 102 191 0 0
215 102 192 0 0
216 102 193 0 0
217 102 194 0 0
218 102 195 0 0
219 102 196 0 0
220 102 197 0 0
221 102 198 0 0
222 102 199 0 0
223 102 200 0 0
224 102 201 0 0
225 102 202 0 0
226 102 203 0 0
227 102 204 0 0
228 102 205 0 0
229 102 206 0 0
230 102 207 0 0
231 102 208 0 0
232 102 209 0 0
233 102 210 0 0
234 102 211 0 0
235 102 212 0 0
236 102 213 0 0
237 102 214 0 0
238 102 215 0 0
239 102 216 0 0
240 102 217 0 0
241 102 218 0 0
242 102 219 0 0
243 102 220 0 0
244 102 221 0 0
245 102 222 0 0
246 103 222 0 0
247 103 223 0 0
248 103 224 0 0
249 103 225 0 0
250 103 226 0 0
251 103 227 0 0
252 103 228 0 0
253 103 229 0 0
254 103 230 0 0
255 103 231 0 0
256 103 232 0 0
257 103 233 0 0
258 103 234 0 0
259 103 235 0 0
260 103 236 0 0
261 103 237 0 0
262 103 238 0 0
263 103 239 0 0
264 103 240 0 0
265 103 241 0 0
266 103 242 0 0
267 103 243 0 0
268 103 244 0 0
269 103 245 0 0
270 103 246 0 0
271 103 247 0 0
272 103 248 0 0
273 104 248 0 0
274 104 249 0 0
275 104 250 0 0
276 104 251 0 0
277 104 252 0 0
278 104 253 0 0
279 104 254 0 0
280 104 255 0 0
281 104 256 0 0
282 104 257 0 0
283 104 258 0 0
284 104 259 0 0
285 104 260 0 0
286 104 261 0 0
287 104 262 0 0
288 104 263 0 0
289 104 264 0 0
290 104 265 0 0
291 104 266 0 0
292 104 267 0 0
293 104 268 0 0
294 104 269 0 0
295 104 270 0 0
