0 100 7 0 0
1 100 8 0 0
2 100 9 0 0
3 100 10 0 0
4 100 11 0 0
5 100 12 0 0
6 100 13 0 0
7 100 14 0 0
8 100 15 0 0
9 100 16 0 0
10 100 17 0 0
11 100 18 0 0
12 100 19 0 0
13 100 20 0 0
14 100 21 0 0
15 100 22 0 0
16 100 23 0 0
17 100 24 0 0
18 100 25 0 0
19 100 26 0 0
20 100 27 0 0
21 100 28 0 0
22 100 29 0 0
23 100 30 0 0
24 100 31 0 0
25 101 31 0 0
26 101 32 0 0
27 101 33 0 0
28 101 34 0 0
29 101 35 0 0
30 101 36 0 0
31 101 37 0 0
32 101 38 0 0
33 101 39 0 0
34 101 40 0 0
35 101 41 0 0
36 101 42 0 0
37 101 43 0 0
38 101 44 0 0
39 101 45 0 0
40 101 46 0 0
41 101 47 0 0
42 101 48 0 0
43 101 49 0 0
44 101 50 0 0
45 101 51 0 0
46 101 52 0 0
47 101 53 0 0
48 101 54 0 0
49 101 55 0 0
50 101 56 0 0
51 101 57 0 0
52 101 58 0 0
53 101 59 0 0
54 101 60 0 0
55 101 61 0 0
56 101 62 0 0
57 101 63 0 0
58 101 64 0 0
59 101 65 0 0
60 101 66 0 0
61 101 67 0 0
62 101 68 0 0
63 101 69 0 0
64 101 70 0 0
65 101 71 0 0
66 101 72 0 0
67 101 73 0 0
68 101 74 0 0
69 101 75 0 0
70 101 76 0 0
71 101 77 0 0
72 101 78 0 0
73 101 79 0 0
74 101 80 0 0
75 101 81 0 0
76 101 82 0 0
77 102 82 0 0
78 102 83 0 0
79 102 84 0 0
80 103 84 0 0
81 103 85 0 0
82 103 86 0 0
83 103 87 0 0
84 103 88 0 0
85 104 88 0 0
86 104 89 0 0
87 104 90 0 0
88 104 91 0 0
89 105 91 0 0
90 105 92 0 0
91 105 93 0 0
92 105 94 0 0
93 106 94 0 0
94 106 95 0 0
95 106 96 0 0
96 106 97 0 0
97 106 98 0 0
98 107 98 0 0
99 107 99 0 0
100 107 100 0 0
101 107 101 0 0
102 107 102 0 0
103 108 102 0 0
104 108 103 0 0
105 108 104 0 0
106 109 104 0 0
107 109 105 0 0
108 109 106 0 0
109 109 107 0 0
110 110 107 0 0
111 110 108 0 0
112 110 109 0 0
113 110 110 0 0
114 111 110 0 0
115 111 111 0 0
116 111 112 0 0
117 111 113 0 0
118 111 114 0 0
119 112 114 0 0
120 112 115 0 0
121 112 116 0 0
122 112 117 0 0
123 113 117 0 0
124 113 118 0 0
125 113 119 0 0
126 113 120 0 0
127 114 120 0 0
128 114 121 0 0
129 114 122 0 0
130 114 123 0 0
131 114 124 0 0
132 115 124 0 0
133 115 125 0 0
134 115 126 0 0
135 116 126 0 0
136 116 127 0 0
137 116 128 0 0
138 116 129 0 0
139 117 129 0 0
140 117 130 0 0
141 117 131 0 0
142 117 132 0 0
143 116 132 0 0
144 116 133 0 0
145 116 134 0 0
146 116 135 0 0
147 116 136 0 0
148 115 136 0 0
149 115 137 0 0
150 115 138 0 0
151 115 139 0 0
152 114 139 0 0
153 114 140 0 0
154 114 141 0 0
155 114 142 0 0
156 114 143 0 0
157 113 143 0 0
158 113 144 0 0
159 113 145 0 0
160 113 146 0 0
161 112 146 0 0
162 112 147 0 0
163 112 148 0 0
164 112 149 0 0
165 112 150 0 0
166 111 150 0 0
167 111 151 0 0
168 111 152 0 0
169 111 153 0 0
170 111 154 0 0
171 110 154 0 0
172 110 155 0 0
173 110 156 0 0
174 110 157 0 0
175 109 157 0 0
176 109 158 0 0
177 109 159 0 0
178 109 160 0 0
179 109 161 0 0
180 108 161 0 0
181 108 162 0 0
182 108 163 0 0
183 108 164 0 0
184 107 164 0 0
185 107 165 0 0
186 107 166 0 0
187 107 167 0 0
188 107 168 0 0
189 106 168 0 0
190 106 169 0 0
191 106 170 0 0
192 106 171 0 0
193 105 171 0 0
194 105 172 0 0
195 105 173 0 0
196 105 174 0 0
197 104 174 0 0
198 104 175 0 0
199 104 176 0 0
200 104 177 0 0
201 104 178 0 0
202 103 178 0 0
203 103 179 0 0
204 103 180 0 0
205 103 181 0 0
206 103 182 0 0
207 102 182 0 0
208 102 183 0 0
209 102 184 0 0
210 102 185 0 0
211 102 186 0 0
212 102 187 0 0
213 102 188 0 0
214 102 189 0 0
215 102 190 0 0
216 102 191 0 0
217 102 192 0 0
218 102 193 0 0
219 102 194 0 0
220 102 195 0 0
221 102 196 0 0
222 102 197 0 0
223 101 197 0 0
224 101 198 0 0
225 101 199 0 0
226 101 200 0 0
227 101 201 0 0
228 101 202 0 0
229 101 203 0 0
230 101 204 0 0
231 101 205 0 0
232 101 206 0 0
233 101 207 0 0
234 101 208 0 0
235 101 209 0 0
236 101 210 0 0
237 101 211 0 0
238 101 212 0 0
239 101 213 0 0
240 101 214 0 0
241 101 215 0 0
242 101 216 0 0
243 101 217 0 0
244 101 218 0 0
245 101 219 0 0
246 101 220 0 0
247 101 221 0 0
248 101 222 0 0
249 101 223 0 0
250 101 224 0 0
251 101 225 0 0
252 101 226 0 0
253 101 227 0 0
254 101 228 0 0
255 101 229 0 0
256 101 230 0 0
257 101 231 0 0
258 101 232 0 0
259 101 233 0 0
260 101 234 0 0
261 101 235 0 0
262 101 236 0 0
263 101 237 0 0
264 101 238 0 0
265 101 239 0 0
266 101 240 0 0
267 101 241 0 0
268 100 241 0 0
269 100 242 0 0
270 100 243 0 0
271 100 244 0 0
272 100 245 0 0
273 100 246 0 0
274 100 247 0 0
275 100 248 0 0
276 100 249 0 0
277 100 250 0 0
278 100 251 0 0
279 100 252 0 0
280 100 253 0 0
281 100 254 0 0
282 100 255 0 0
283 100 256 0 0
284 100 257 0 0
285 100 258 0 0
286 100 259 0 0
287 100 260 0 0
288 100 261 0 0
289 101 261 0 0
290 101 262 0 0
291 101 263 0 0
292 101 264 0 0
293 101 265 0 0
294 101 266 0 0
295 101 267 0 0
296 101 268 0 0
297 101 269 0 0
298 101 270 0 0
299 101 271 0 0
