0 200 19400 0 0
1 400 19400 0 0
2 600 19400 0 0
3 800 19400 0 0
4 1000 19400 0 0
5 1200 19400 0 0
6 1400 19400 0 0
7 1600 19400 0 0
8 1800 19400 0 0
9 2000 19400 0 0
10 2200 19400 0 0
11 2400 19400 0 0
12 2600 19400 0 0
13 2800 19400 0 0
14 2800 19200 0 0
15 3000 19200 0 0
16 3000 19000 0 0
17 3000 19200 0 0
18 3200 19200 0 0
19 3200 19400 0 0
20 3400 19400 0 0
21 3400 19600 0 0
22 3600 19600 0 0
23 3800 19600 0 0
24 3800 19400 0 0
25 4000 19400 0 0
26 4200 19400 0 0
27 4200 19600 0 0
28 4400 19600 0 0
29 4600 19600 0 0
30 4800 19600 0 0
31 5000 19600 0 0
32 5200 19600 0 0
33 5400 19600 0 0
34 5600 19600 0 0
35 5800 19600 0 0
36 6000 19600 0 0
37 6200 19600 0 0
38 6400 19600 0 0
39 6600 19600 0 0
40 6800 19600 0 0
41 7000 19600 0 0
42 7200 19600 0 0
43 7400 19600 0 0
44 7600 19600 0 0
45 7800 19600 0 0
46 8000 19600 0 0
47 8200 19600 0 0
48 8400 19600 0 0
49 8600 19600 0 0
50 8800 19600 0 0
51 9000 19600 0 0
52 9200 19600 0 0
53 9400 19600 0 0
54 9600 19600 0 0
55 9800 19600 0 0
56 10000 19600 0 0
57 10200 19600 0 0
58 10400 19600 0 0
59 10600 19600 0 0
60 10800 19600 0 0
61 11000 19600 0 0
62 11200 19600 0 0
63 11400 19600 0 0
64 11600 19600 0 0
65 11800 19600 0 0
66 12000 19600 0 0
67 12200 19600 0 0
68 12200 19400 0 0
69 12400 19400 0 0
70 12600 19400 0 0
71 12800 19400 0 0
72 12800 19200 0 0
73 13000 19200 0 0
74 13200 19200 0 0
75 13400 19200 0 0
76 13600 19200 0 0
77 13600 19000 0 0
78 13800 19000 0 0
79 14000 19000 0 0
80 14200 19000 0 0
81 14400 19000 0 0
82 14400 18800 0 0
83 14600 18800 0 0
84 14800 18800 0 0
85 14800 18600 0 0
86 15000 18600 0 0
87 15200 18600 0 0
88 15200 18400 0 0
89 15400 18400 0 0
90 15600 18400 0 0
91 15600 18200 0 0
92 15800 18200 0 0
93 15800 18000 0 0
94 16000 18000 0 0
95 16200 18000 0 0
96 16400 18000 0 0
97 16400 17800 0 0
98 16600 17800 0 0
99 16800 17800 0 0
100 17000 17800 0 0
101 17200 17800 0 0
102 17400 17800 0 0
103 17600 17800 0 0
104 17800 17800 0 0
105 17800 17600 0 0
106 18000 17600 0 0
107 18200 17600 0 0
108 18200 17400 0 0
109 18400 17400 0 0
110 18600 17400 0 0
111 18600 17200 0 0
112 18800 17200 0 0
113 19000 17200 0 0
114 19000 17000 0 0
115 19200 17000 0 0
116 19400 17000 0 0
117 19400 16800 0 0
118 19600 16800 0 0
119 19800 16800 0 0
120 20000 16800 0 0
121 20200 16800 0 0
122 20200 17000 0 0
123 20400 17000 0 0
124 20600 17000 0 0
125 20800 17000 0 0
126 21000 17000 0 0
127 21000 17200 0 0
128 21200 17200 0 0
129 21400 17200 0 0
130 21600 17200 0 0
131 21600 17400 0 0
132 21800 17400 0 0
133 22000 17400 0 0
134 22000 17600 0 0
135 22200 17600 0 0
136 22400 17600 0 0
137 22400 17800 0 0
138 22600 17800 0 0
139 22600 18000 0 0
140 22800 18000 0 0
141 22800 18200 0 0
142 23000 18200 0 0
143 23200 18200 0 0
144 23200 18400 0 0
145 23200 18600 0 0
146 23400 18600 0 0
147 23400 18800 0 0
148 23400 19000 0 0
149 23400 19200 0 0
150 23400 19400 0 0
151 23600 19400 0 0
152 23600 19600 0 0
153 23600 19800 0 0
154 23600 20000 0 0
155 23800 20000 0 0
156 23800 20200 0 0
157 23800 20400 0 0
158 23800 20600 0 0
159 23800 20800 0 0
160 23800 21000 0 0
161 23800 21200 0 0
162 23800 21400 0 0
163 23800 21600 0 0
164 23800 21800 0 0
165 23600 21800 0 0
166 23600 22000 0 0
167 23600 22200 0 0
168 23600 22400 0 0
169 23600 22600 0 0
170 23600 22800 0 0
171 23600 23000 0 0
172 23600 23200 0 0
173 23600 23400 0 0
174 23600 23600 0 0
175 23600 23800 0 0
176 23600 24000 0 0
177 23600 24200 0 0
178 23600 24400 0 0
179 23600 24600 0 0
180 23600 24800 0 0
181 23600 25000 0 0
182 23600 25200 0 0
183 23600 25400 0 0
184 23600 25600 0 0
185 23600 25800 0 0
186 23600 26000 0 0
187 23600 26200 0 0
188 23600 26400 0 0
189 23600 26600 0 0
190 23600 26800 0 0
191 23600 27000 0 0
192 23600 27200 0 0
193 23600 27400 0 0
194 23600 27600 0 0
195 23600 27800 0 0
196 23600 28000 0 0
197 23400 28000 0 0
198 23400 28200 0 0
199 23400 28400 0 0
200 23400 28600 0 0
201 23400 28800 0 0
202 23400 29000 0 0
203 23400 29200 0 0
204 23400 29400 0 0
205 23400 29600 0 0
206 23400 29800 0 0
207 23400 30000 0 0
208 23400 30200 0 0
209 23400 30400 0 0
210 23400 30600 0 0
211 23400 30800 0 0
212 23400 31000 0 0
213 23400 31200 0 0
214 23400 31400 0 0
215 23400 31600 0 0
216 23400 31800 0 0
217 23400 32000 0 0
218 23400 32200 0 0
219 23400 32400 0 0
220 23400 32600 0 0
221 23600 32600 0 0
222 23600 32800 0 0
223 23600 33000 0 0
224 23600 33200 0 0
225 23600 33400 0 0
226 23600 33600 0 0
227 23600 33800 0 0
228 23600 34000 0 0
229 23600 34200 0 0
230 23800 34200 0 0
231 23800 34400 0 0
232 23800 34600 0 0
233 23800 34800 0 0
234 23800 35000 0 0
235 23800 35200 0 0
236 23800 35400 0 0
237 23800 35600 0 0
238 24000 35600 0 0
239 24000 35800 0 0
240 24000 36000 0 0
241 24000 36200 0 0
242 24000 36400 0 0
243 24200 36400 0 0
244 24200 36600 0 0
245 24200 36800 0 0
246 24200 37000 0 0
247 24200 37200 0 0
248 24200 37400 0 0
249 24200 37600 0 0
250 24400 37600 0 0
251 24400 37800 0 0
252 24400 38000 0 0
253 24400 38200 0 0
254 24400 38400 0 0
255 24400 38600 0 0
256 24400 38800 0 0
257 24400 39000 0 0
258 24400 39200 0 0
259 24600 39200 0 0
260 24600 39400 0 0
261 24600 39600 0 0
262 24600 39800 0 0
263 24600 40000 0 0
264 24600 40200 0 0
265 24600 40400 0 0
266 24600 40600 0 0
267 24800 40600 0 0
268 24800 40800 0 0
269 24800 41000 0 0
270 24800 41200 0 0
271 24800 41400 0 0
272 24800 41600 0 0
273 24800 41800 0 0
274 24800 42000 0 0
275 24800 42200 0 0
276 25000 42200 0 0
277 25000 42400 0 0
278 25000 42600 0 0
279 25000 42800 0 0
280 25000 43000 0 0
281 25000 43200 0 0
282 25000 43400 0 0
283 25000 43600 0 0
284 25000 43800 0 0
285 25000 44000 0 0
286 25000 44200 0 0
287 25000 44400 0 0
288 25000 44600 0 0
289 25000 44800 0 0
290 25000 45000 0 0
291 25000 45200 0 0
292 25000 45400 0 0
293 25000 45600 0 0
294 25000 45800 0 0
295 25000 46000 0 0
296 25000 46200 0 0
297 25000 46400 0 0
298 25000 46600 0 0
299 24800 46600 0 0
