0 25600 46400 0 0
1 25600 46200 0 0
2 25600 46000 0 0
3 25600 45800 0 0
4 25600 45600 0 0
5 25600 45400 0 0
6 25600 45200 0 0
7 25600 45000 0 0
8 25800 45000 0 0
9 25800 44800 0 0
10 25800 44600 0 0
11 25800 44400 0 0
12 25800 44200 0 0
13 25800 44000 0 0
14 25800 43800 0 0
15 25800 43600 0 0
16 25800 43400 0 0
17 25800 43200 0 0
18 25800 43000 0 0
19 25800 42800 0 0
20 25800 42600 0 0
21 25800 42400 0 0
22 25800 42200 0 0
23 26000 42200 0 0
24 26000 42000 0 0
25 25800 42000 0 0
26 25800 41800 0 0
27 25800 41600 0 0
28 25800 41400 0 0
29 25800 41200 0 0
30 25800 41000 0 0
31 25600 41000 0 0
32 25600 40800 0 0
33 25600 40600 0 0
34 25600 40400 0 0
35 25400 40400 0 0
36 25400 40200 0 0
37 25400 40000 0 0
38 25400 39800 0 0
39 25400 39600 0 0
40 25400 39400 0 0
41 25400 39200 0 0
42 25200 39200 0 0
43 25200 39000 0 0
44 25200 38800 0 0
45 25200 38600 0 0
46 25000 38600 0 0
47 25000 38400 0 0
48 25000 38200 0 0
49 25000 38000 0 0
50 25000 37800 0 0
51 25000 37600 0 0
52 25000 37400 0 0
53 24800 37400 0 0
54 24800 37200 0 0
55 24800 37000 0 0
56 24800 36800 0 0
57 24800 36600 0 0
58 24600 36600 0 0
59 24600 36400 0 0
60 24600 36200 0 0
61 24600 36000 0 0
62 24600 35800 0 0
63 24600 35600 0 0
64 24400 35600 0 0
65 24400 35400 0 0
66 24400 35200 0 0
67 24400 35000 0 0
68 24400 34800 0 0
69 24400 34600 0 0
70 24200 34600 0 0
71 24200 34400 0 0
72 24200 34200 0 0
73 24200 34000 0 0
74 24200 33800 0 0
75 24000 33800 0 0
76 24000 33600 0 0
77 24000 33400 0 0
78 24000 33200 0 0
79 24000 33000 0 0
80 24000 32800 0 0
81 24000 32600 0 0
82 23800 32600 0 0
83 23800 32400 0 0
84 23800 32200 0 0
85 23600 32200 0 0
86 23600 32000 0 0
87 23400 32000 0 0
88 23400 31800 0 0
89 23200 31800 0 0
90 23000 31800 0 0
91 22800 31800 0 0
92 22600 31800 0 0
93 22400 31800 0 0
94 22200 31800 0 0
95 22000 31800 0 0
96 21800 31800 0 0
97 21800 31600 0 0
98 21600 31600 0 0
99 21400 31600 0 0
100 21200 31600 0 0
101 21000 31600 0 0
102 21000 31400 0 0
103 20800 31400 0 0
104 20600 31400 0 0
105 20400 31400 0 0
106 20200 31400 0 0
107 20000 31400 0 0
108 20000 31200 0 0
109 19800 31200 0 0
110 19600 31200 0 0
111 19600 31000 0 0
112 19400 31000 0 0
113 19400 30800 0 0
114 19200 30800 0 0
115 19000 30800 0 0
116 19000 30600 0 0
117 18800 30600 0 0
118 18600 30600 0 0
119 18600 30400 0 0
120 18400 30400 0 0
121 18200 30400 0 0
122 18200 30200 0 0
123 18000 30200 0 0
124 18000 30000 0 0
125 17800 30000 0 0
126 17600 30000 0 0
127 17600 29800 0 0
128 17400 29800 0 0
129 17400 29600 0 0
130 17200 29600 0 0
131 17000 29600 0 0
132 17000 29400 0 0
133 16800 29400 0 0
134 16800 29200 0 0
135 16600 29200 0 0
136 16600 29000 0 0
137 16400 29000 0 0
138 16400 28800 0 0
139 16200 28800 0 0
140 16000 28800 0 0
141 15800 28800 0 0
142 15600 28800 0 0
143 15600 28600 0 0
144 15400 28600 0 0
145 15200 28600 0 0
146 15000 28600 0 0
147 15000 28400 0 0
148 14800 28400 0 0
149 14600 28400 0 0
150 14600 28200 0 0
151 14400 28200 0 0
152 14400 28000 0 0
153 14400 27800 0 0
154 14200 27800 0 0
155 14000 27800 0 0
156 14000 27600 0 0
157 13800 27600 0 0
158 13600 27600 0 0
159 13600 27400 0 0
160 13400 27400 0 0
161 13200 27400 0 0
162 13000 27400 0 0
163 12800 27400 0 0
164 12800 27200 0 0
165 12600 27200 0 0
166 12400 27200 0 0
167 12200 27200 0 0
168 12000 27200 0 0
169 11800 27200 0 0
170 11600 27200 0 0
171 11400 27200 0 0
172 11200 27200 0 0
173 11000 27200 0 0
174 10800 27200 0 0
175 10600 27200 0 0
176 10400 27200 0 0
177 10200 27200 0 0
178 10000 27200 0 0
179 9800 27200 0 0
180 9600 27200 0 0
181 9400 27200 0 0
182 9200 27200 0 0
183 9000 27200 0 0
184 8800 27200 0 0
185 8800 27000 0 0
186 8600 27000 0 0
187 8400 27000 0 0
188 8200 27000 0 0
189 8000 27000 0 0
190 7800 27000 0 0
191 7600 27000 0 0
192 7400 27000 0 0
193 7200 27000 0 0
194 7000 27000 0 0
195 6800 27000 0 0
196 6600 27000 0 0
197 6400 27000 0 0
198 6200 27000 0 0
199 6000 27000 0 0
200 6000 26800 0 0
201 5800 26800 0 0
202 5600 26800 0 0
203 5400 26800 0 0
204 5200 26800 0 0
205 5200 26600 0 0
206 5000 26600 0 0
207 4800 26600 0 0
208 4600 26600 0 0
209 4400 26600 0 0
210 4200 26600 0 0
211 4000 26600 0 0
212 3800 26600 0 0
213 3600 26600 0 0
214 3400 26600 0 0
215 3200 26600 0 0
216 3000 26600 0 0
217 2800 26600 0 0
218 2600 26600 0 0
219 2400 26600 0 0
220 2200 26600 0 0
221 2000 26600 0 0
222 1800 26600 0 0
223 1600 26600 0 0
224 1600 26400 0 0
225 1400 26400 0 0
226 1200 26400 0 0
227 1000 26400 0 0
228 800 26400 0 0
229 600 26400 0 0
230 600 26200 0 0
