0 2 89 0 0
1 3 89 0 0
2 4 89 0 0
3 5 89 0 0
4 6 89 0 0
5 7 89 0 0
6 8 89 0 0
7 9 89 0 0
8 10 89 0 0
9 11 89 0 0
10 12 89 0 0
11 13 89 0 0
12 14 89 0 0
13 15 89 0 0
14 16 89 0 0
15 17 89 0 0
16 18 89 0 0
17 19 89 0 0
18 20 89 0 0
19 21 89 0 0
20 22 89 0 0
21 23 89 0 0
22 24 89 0 0
23 25 89 0 0
24 26 89 0 0
25 27 89 0 0
26 27 88 0 0
27 28 88 0 0
28 29 88 0 0
29 30 88 0 0
30 31 88 0 0
31 32 88 0 0
32 33 88 0 0
33 34 88 0 0
34 35 88 0 0
35 36 88 0 0
36 37 88 0 0
37 38 88 0 0
38 39 88 0 0
39 40 88 0 0
40 41 88 0 0
41 42 88 0 0
42 43 88 0 0
43 44 88 0 0
44 45 88 0 0
45 46 88 0 0
46 47 88 0 0
47 48 88 0 0
48 49 88 0 0
49 50 88 0 0
50 51 88 0 0
51 52 88 0 0
52 53 88 0 0
53 54 88 0 0
54 55 88 0 0
55 56 88 0 0
56 57 88 0 0
57 57 87 0 0
58 58 87 0 0
59 59 87 0 0
60 60 87 0 0
61 61 87 0 0
62 62 87 0 0
63 62 86 0 0
64 63 86 0 0
65 64 86 0 0
66 65 86 0 0
67 65 85 0 0
68 66 85 0 0
69 67 85 0 0
70 67 84 0 0
71 68 84 0 0
72 69 84 0 0
73 70 84 0 0
74 70 83 0 0
75 71 83 0 0
76 72 83 0 0
77 73 83 0 0
78 73 82 0 0
79 74 82 0 0
80 75 82 0 0
81 76 82 0 0
82 76 81 0 0
83 77 81 0 0
84 78 81 0 0
85 79 81 0 0
86 79 80 0 0
87 80 80 0 0
88 80 79 0 0
89 81 79 0 0
90 82 79 0 0
91 82 78 0 0
92 83 78 0 0
93 83 77 0 0
94 84 77 0 0
95 85 77 0 0
96 85 76 0 0
97 86 76 0 0
98 87 76 0 0
99 87 75 0 0
100 88 75 0 0
101 88 74 0 0
102 88 73 0 0
103 89 73 0 0
104 89 72 0 0
105 90 72 0 0
106 90 71 0 0
107 90 70 0 0
108 91 70 0 0
109 92 70 0 0
110 92 69 0 0
111 92 68 0 0
112 93 68 0 0
113 93 67 0 0
114 93 66 0 0
115 94 66 0 0
116 94 65 0 0
117 94 64 0 0
118 95 64 0 0
119 95 63 0 0
120 95 62 0 0
121 96 62 0 0
122 96 61 0 0
123 96 60 0 0
124 97 60 0 0
125 97 59 0 0
126 98 59 0 0
127 98 58 0 0
128 98 57 0 0
129 98 56 0 0
130 98 55 0 0
131 98 54 0 0
132 99 54 0 0
133 99 53 0 0
134 99 52 0 0
135 99 51 0 0
136 99 50 0 0
137 99 49 0 0
138 99 48 0 0
139 99 47 0 0
140 99 46 0 0
141 99 45 0 0
142 99 44 0 0
143 99 43 0 0
144 99 42 0 0
145 99 41 0 0
146 99 40 0 0
147 99 39 0 0
148 99 38 0 0
149 99 37 0 0
150 99 36 0 0
151 99 35 0 0
152 99 34 0 0
153 99 33 0 0
154 100 33 0 0
155 100 32 0 0
156 99 32 0 0
157 99 31 0 0
158 99 30 0 0
159 99 29 0 0
160 99 28 0 0
161 99 27 0 0
162 99 26 0 0
163 99 25 0 0
164 99 24 0 0
165 99 23 0 0
166 99 22 0 0
167 99 21 0 0
168 99 20 0 0
169 99 19 0 0
170 99 18 0 0
171 99 17 0 0
172 100 17 0 0
173 100 16 0 0
174 100 15 0 0
175 100 14 0 0
176 100 13 0 0
177 100 12 0 0
178 100 11 0 0
179 100 10 0 0
180 101 10 0 0
181 101 9 0 0
182 100 9 0 0
183 100 8 0 0
184 100 7 0 0
