0 196 106 0 0
1 195 106 0 0
2 194 106 0 0
3 193 106 0 0
4 192 106 0 0
5 192 107 0 0
6 191 107 0 0
7 190 107 0 0
8 189 107 0 0
9 188 107 0 0
10 187 107 0 0
11 186 107 0 0
12 185 107 0 0
13 184 107 0 0
14 183 107 0 0
15 182 107 0 0
16 181 107 0 0
17 180 107 0 0
18 179 107 0 0
19 178 107 0 0
20 177 107 0 0
21 176 107 0 0
22 175 107 0 0
23 174 107 0 0
24 173 107 0 0
25 172 107 0 0
26 171 107 0 0
27 170 107 0 0
28 169 107 0 0
29 168 107 0 0
30 167 107 0 0
31 166 107 0 0
32 165 107 0 0
33 164 107 0 0
34 163 107 0 0
35 162 107 0 0
36 161 107 0 0
37 160 107 0 0
38 159 107 0 0
39 158 107 0 0
40 157 107 0 0
41 156 107 0 0
42 155 107 0 0
43 154 107 0 0
44 153 107 0 0
45 152 107 0 0
46 151 107 0 0
47 150 107 0 0
48 149 107 0 0
49 148 107 0 0
50 147 107 0 0
51 146 107 0 0
52 145 107 0 0
53 144 107 0 0
54 143 107 0 0
55 142 107 0 0
56 141 107 0 0
57 140 107 0 0
58 139 107 0 0
59 138 107 0 0
60 137 107 0 0
61 136 107 0 0
62 135 107 0 0
63 134 107 0 0
64 133 107 0 0
65 132 107 0 0
66 131 107 0 0
67 130 107 0 0
68 129 107 0 0
69 128 107 0 0
70 127 107 0 0
71 126 107 0 0
72 125 107 0 0
73 125 108 0 0
74 124 108 0 0
75 123 108 0 0
76 122 108 0 0
77 121 108 0 0
78 120 108 0 0
79 119 108 0 0
80 118 108 0 0
81 117 108 0 0
82 116 108 0 0
83 116 109 0 0
84 115 109 0 0
85 114 109 0 0
86 113 109 0 0
87 112 109 0 0
88 112 110 0 0
89 111 110 0 0
90 110 110 0 0
91 109 110 0 0
92 108 110 0 0
93 107 110 0 0
94 106 110 0 0
95 105 110 0 0
96 104 110 0 0
97 103 110 0 0
98 102 110 0 0
99 101 110 0 0
100 100 110 0 0
101 99 110 0 0
102 98 110 0 0
103 97 110 0 0
104 96 110 0 0
105 95 110 0 0
106 94 110 0 0
107 93 110 0 0
108 92 110 0 0
109 91 110 0 0
110 90 110 0 0
111 89 110 0 0
112 88 110 0 0
113 88 109 0 0
114 87 109 0 0
115 86 109 0 0
116 85 109 0 0
117 84 109 0 0
118 83 109 0 0
119 82 109 0 0
120 81 109 0 0
121 80 109 0 0
122 80 108 0 0
123 79 108 0 0
124 78 108 0 0
125 77 108 0 0
126 76 108 0 0
127 75 108 0 0
128 74 108 0 0
129 73 108 0 0
130 72 108 0 0
131 71 108 0 0
132 70 108 0 0
133 69 108 0 0
134 69 107 0 0
135 68 107 0 0
136 67 107 0 0
137 66 107 0 0
138 65 107 0 0
139 64 107 0 0
140 63 107 0 0
141 62 107 0 0
142 61 107 0 0
143 60 107 0 0
144 59 107 0 0
145 58 107 0 0
146 57 107 0 0
147 56 107 0 0
148 55 107 0 0
149 54 107 0 0
150 53 107 0 0
151 52 107 0 0
152 51 107 0 0
153 51 106 0 0
154 50 106 0 0
155 49 106 0 0
156 48 106 0 0
157 47 106 0 0
158 46 106 0 0
159 45 106 0 0
160 44 106 0 0
161 43 106 0 0
162 42 106 0 0
163 41 106 0 0
164 40 106 0 0
165 40 105 0 0
166 39 105 0 0
167 38 105 0 0
168 37 105 0 0
169 36 105 0 0
170 35 105 0 0
171 34 105 0 0
172 33 105 0 0
173 32 105 0 0
174 31 105 0 0
175 30 105 0 0
176 29 105 0 0
177 28 105 0 0
178 27 105 0 0
179 26 105 0 0
180 25 105 0 0
181 24 105 0 0
182 23 105 0 0
183 22 105 0 0
184 21 105 0 0
185 21 104 0 0
186 20 104 0 0
187 19 104 0 0
188 18 104 0 0
189 17 104 0 0
190 16 104 0 0
191 15 104 0 0
192 14 104 0 0
193 13 104 0 0
194 12 104 0 0
195 11 104 0 0
196 10 104 0 0
197 9 104 0 0
198 8 104 0 0
199 7 104 0 0
200 6 104 0 0
201 5 104 0 0
202 4 104 0 0
203 4 103 0 0
204 4 104 0 0
205 3 104 0 0
206 2 104 0 0
207 1 104 0 0
