0 38600 21800 0 0
1 38600 22000 0 0
2 38400 22000 0 0
3 38200 22000 0 0
4 38000 22000 0 0
5 37800 22000 0 0
6 37600 22000 0 0
7 37400 22000 0 0
8 37200 22000 0 0
9 37000 22000 0 0
10 36800 22000 0 0
11 36600 22000 0 0
12 36400 22000 0 0
13 36200 22000 0 0
14 36000 22000 0 0
15 35800 22000 0 0
16 35600 22000 0 0
17 35400 22000 0 0
18 35200 22000 0 0
19 35000 22000 0 0
20 34800 22000 0 0
21 34600 22000 0 0
22 34400 22000 0 0
23 34200 22000 0 0
24 34000 22000 0 0
25 33800 22000 0 0
26 33600 22000 0 0
27 33400 22000 0 0
28 33200 22000 0 0
29 33000 22000 0 0
30 32800 22000 0 0
31 32600 22000 0 0
32 32400 22000 0 0
33 32200 22000 0 0
34 32000 22000 0 0
35 31800 22000 0 0
36 31600 22000 0 0
37 31400 22000 0 0
38 31200 22000 0 0
39 31200 22200 0 0
40 31000 22200 0 0
41 30800 22200 0 0
42 30600 22200 0 0
43 30400 22200 0 0
44 30200 22200 0 0
45 30000 22200 0 0
46 29800 22200 0 0
47 29600 22200 0 0
48 29600 22400 0 0
49 29400 22400 0 0
50 29200 22400 0 0
51 29000 22400 0 0
52 28800 22400 0 0
53 28600 22400 0 0
54 28400 22400 0 0
55 28200 22400 0 0
56 28000 22400 0 0
57 27800 22400 0 0
58 27600 22400 0 0
59 27600 22600 0 0
60 27400 22600 0 0
61 27200 22600 0 0
62 27000 22600 0 0
63 26800 22600 0 0
64 26600 22600 0 0
65 26600 22800 0 0
66 26400 22800 0 0
67 26200 22800 0 0
68 26000 22800 0 0
69 25800 22800 0 0
70 25600 22800 0 0
71 25400 22800 0 0
72 25200 22800 0 0
73 25000 22800 0 0
74 24800 22800 0 0
75 24600 22800 0 0
76 24400 22800 0 0
77 24200 22800 0 0
78 24000 22800 0 0
79 24000 22600 0 0
80 23800 22600 0 0
81 23600 22600 0 0
82 23400 22600 0 0
83 23200 22600 0 0
84 23000 22600 0 0
85 22800 22600 0 0
86 22600 22600 0 0
87 22400 22600 0 0
88 22200 22600 0 0
89 22000 22600 0 0
90 21800 22600 0 0
91 21600 22600 0 0
92 21400 22600 0 0
93 21200 22600 0 0
94 21000 22600 0 0
95 20800 22600 0 0
96 20600 22600 0 0
97 20400 22600 0 0
98 20200 22600 0 0
99 20200 22400 0 0
100 20000 22400 0 0
101 19800 22400 0 0
102 19600 22400 0 0
103 19400 22400 0 0
104 19200 22400 0 0
105 19200 22200 0 0
106 19000 22200 0 0
107 18800 22200 0 0
108 18600 22200 0 0
109 18400 22200 0 0
110 18200 22200 0 0
111 18200 22000 0 0
112 18000 22000 0 0
113 17800 22000 0 0
114 17600 22000 0 0
115 17400 22000 0 0
116 17200 22000 0 0
117 17000 22000 0 0
118 16800 22000 0 0
119 16600 22000 0 0
120 16400 22000 0 0
121 16200 22000 0 0
122 16000 22000 0 0
123 15800 22000 0 0
124 15800 21800 0 0
125 15600 21800 0 0
126 15400 21800 0 0
127 15200 21800 0 0
128 15000 21800 0 0
129 14800 21800 0 0
130 14800 21600 0 0
131 14600 21600 0 0
132 14400 21600 0 0
133 14200 21600 0 0
134 14000 21600 0 0
135 13800 21600 0 0
136 13800 21800 0 0
137 13600 21800 0 0
138 13400 21800 0 0
139 13200 21800 0 0
140 13000 21800 0 0
141 13000 22000 0 0
142 12800 22000 0 0
143 12600 22000 0 0
144 12400 22000 0 0
145 12200 22000 0 0
146 12000 22000 0 0
147 12000 21800 0 0
148 11800 21800 0 0
149 11600 21800 0 0
150 11400 21800 0 0
151 11200 21800 0 0
152 11200 21600 0 0
153 11000 21600 0 0
154 10800 21600 0 0
155 10600 21600 0 0
156 10400 21600 0 0
157 10200 21600 0 0
158 10000 21600 0 0
159 9800 21600 0 0
160 9600 21600 0 0
161 9400 21600 0 0
162 9200 21600 0 0
163 9000 21600 0 0
164 8800 21600 0 0
165 8600 21600 0 0
166 8400 21600 0 0
167 8200 21600 0 0
168 8000 21600 0 0
169 8000 21800 0 0
170 7800 21800 0 0
171 7600 21800 0 0
172 7400 21800 0 0
173 7200 21800 0 0
174 7000 21800 0 0
175 6800 21800 0 0
176 6600 21800 0 0
177 6400 21800 0 0
178 6200 21800 0 0
179 6000 21800 0 0
180 5800 21800 0 0
181 5600 21800 0 0
182 5400 21800 0 0
183 5200 21800 0 0
184 5000 21800 0 0
185 4800 21800 0 0
186 4800 21600 0 0
187 4600 21600 0 0
188 4400 21600 0 0
189 4200 21600 0 0
190 4000 21600 0 0
191 3800 21600 0 0
192 3600 21600 0 0
193 3400 21600 0 0
194 3200 21600 0 0
195 3000 21600 0 0
196 3000 21800 0 0
197 2800 21800 0 0
198 2600 21800 0 0
199 2400 21800 0 0
200 2200 21800 0 0
201 2000 21800 0 0
202 1800 21800 0 0
203 1800 22000 0 0
204 1600 22000 0 0
205 1400 22000 0 0
206 1200 22000 0 0
207 1000 22000 0 0
208 800 22000 0 0
