0 20200 800 0 0
1 20200 1000 0 0
2 20200 1200 0 0
3 20200 1400 0 0
4 20200 1600 0 0
5 20200 1800 0 0
6 20200 2000 0 0
7 20000 2000 0 0
8 20000 2200 0 0
9 20000 2400 0 0
10 20000 2600 0 0
11 20000 2800 0 0
12 20000 3000 0 0
13 19800 3000 0 0
14 19800 3200 0 0
15 19800 3400 0 0
16 19800 3600 0 0
17 19800 3800 0 0
18 19800 4000 0 0
19 19600 4000 0 0
20 19600 4200 0 0
21 19600 4400 0 0
22 19600 4600 0 0
23 19600 4800 0 0
24 19400 4800 0 0
25 19400 5000 0 0
26 19400 5200 0 0
27 19400 5400 0 0
28 19400 5600 0 0
29 19400 5800 0 0
30 19400 6000 0 0
31 19400 6200 0 0
32 19400 6400 0 0
33 19400 6600 0 0
34 19400 6800 0 0
35 19600 6800 0 0
36 19600 7000 0 0
37 19600 7200 0 0
38 19600 7400 0 0
39 19600 7600 0 0
40 19600 7800 0 0
41 19600 8000 0 0
42 19600 8200 0 0
43 19600 8400 0 0
44 19600 8600 0 0
45 19600 8800 0 0
46 19600 9000 0 0
47 19600 9200 0 0
48 19600 9400 0 0
49 19600 9600 0 0
50 19600 9800 0 0
51 19600 10000 0 0
52 19600 10200 0 0
53 19600 10400 0 0
54 19600 10600 0 0
55 19800 10600 0 0
56 19800 10800 0 0
57 19800 11000 0 0
58 20000 11000 0 0
59 20000 11200 0 0
60 20000 11400 0 0
61 20200 11400 0 0
62 20200 11600 0 0
63 20200 11800 0 0
64 20400 11800 0 0
65 20400 12000 0 0
66 20600 12000 0 0
67 20600 12200 0 0
68 20600 12400 0 0
69 20800 12400 0 0
70 20800 12600 0 0
71 20800 12800 0 0
72 21000 12800 0 0
73 21000 13000 0 0
74 21200 13000 0 0
75 21200 13200 0 0
76 21200 13400 0 0
77 21400 13400 0 0
78 21400 13600 0 0
79 21400 13800 0 0
80 21600 13800 0 0
81 21600 14000 0 0
82 21800 14000 0 0
83 21800 14200 0 0
84 21800 14400 0 0
85 22000 14400 0 0
86 22000 14600 0 0
87 22000 14800 0 0
88 22200 14800 0 0
89 22200 15000 0 0
90 22400 15000 0 0
91 22400 15200 0 0
92 22600 15200 0 0
93 22600 15400 0 0
94 22800 15400 0 0
95 22800 15600 0 0
96 23000 15600 0 0
97 23000 15800 0 0
98 23200 15800 0 0
99 23200 16000 0 0
100 23400 16000 0 0
101 23400 16200 0 0
102 23600 16200 0 0
103 23600 16400 0 0
104 23600 16600 0 0
105 23800 16600 0 0
106 24000 16600 0 0
107 24000 16800 0 0
108 24200 16800 0 0
109 24400 16800 0 0
110 24400 17000 0 0
111 24600 17000 0 0
112 24800 17000 0 0
113 25000 17000 0 0
114 25000 17200 0 0
115 25200 17200 0 0
116 25400 17200 0 0
117 25400 17400 0 0
118 25600 17400 0 0
119 25800 17400 0 0
120 25800 17600 0 0
121 26000 17600 0 0
122 26200 17600 0 0
123 26400 17600 0 0
124 26400 17800 0 0
125 26600 17800 0 0
126 26600 18000 0 0
127 26800 18000 0 0
128 27000 18000 0 0
129 27000 18200 0 0
130 27200 18200 0 0
131 27400 18200 0 0
132 27400 18400 0 0
133 27600 18400 0 0
134 27600 18600 0 0
135 27800 18600 0 0
136 28000 18600 0 0
137 28000 18800 0 0
138 28200 18800 0 0
139 28400 18800 0 0
140 28400 19000 0 0
141 28600 19000 0 0
142 28600 19200 0 0
143 28800 19200 0 0
144 29000 19200 0 0
145 29200 19200 0 0
146 29400 19200 0 0
147 29600 19200 0 0
148 29800 19200 0 0
149 29800 19400 0 0
150 30000 19400 0 0
151 30200 19400 0 0
152 30400 19400 0 0
153 30600 19400 0 0
154 30800 19400 0 0
155 30800 19600 0 0
156 31000 19600 0 0
157 31200 19600 0 0
158 31400 19600 0 0
159 31600 19600 0 0
160 31800 19600 0 0
161 32000 19600 0 0
162 32000 19800 0 0
163 32200 19800 0 0
164 32400 19800 0 0
165 32600 19800 0 0
166 32800 19800 0 0
167 33000 19800 0 0
168 33000 20000 0 0
169 33200 20000 0 0
170 33400 20000 0 0
171 33600 20000 0 0
172 33800 20000 0 0
173 34000 20000 0 0
174 34200 20000 0 0
175 34400 20000 0 0
176 34600 20000 0 0
177 34800 20000 0 0
178 34800 19800 0 0
179 35000 19800 0 0
180 35200 19800 0 0
181 35400 19800 0 0
182 35600 19800 0 0
183 35800 19800 0 0
184 35800 19600 0 0
185 36000 19600 0 0
186 36200 19600 0 0
187 36400 19600 0 0
188 36600 19600 0 0
189 36600 19400 0 0
190 36600 19600 0 0
191 36800 19600 0 0
192 37000 19600 0 0
193 37200 19600 0 0
194 37400 19600 0 0
195 37400 19800 0 0
196 37600 19800 0 0
197 37800 19800 0 0
198 38000 19800 0 0
199 38200 19800 0 0
200 38200 20000 0 0
201 38400 20000 0 0
202 38600 20000 0 0
