0 200 19800 0 0
1 400 19800 0 0
2 600 19800 0 0
3 600 20000 0 0
4 800 20000 0 0
5 1000 20000 0 0
6 1200 20000 0 0
7 1400 20000 0 0
8 1600 20000 0 0
9 1800 20000 0 0
10 2000 20000 0 0
11 2200 20000 0 0
12 2400 20000 0 0
13 2600 20000 0 0
14 2800 20000 0 0
15 3000 20000 0 0
16 3200 20000 0 0
17 3400 20000 0 0
18 3600 20000 0 0
19 3800 20000 0 0
20 4000 20000 0 0
21 4200 20000 0 0
22 4400 20000 0 0
23 4600 20000 0 0
24 4800 20000 0 0
25 5000 20000 0 0
26 5200 20000 0 0
27 5400 20000 0 0
28 5600 20000 0 0
29 5800 20000 0 0
30 6000 20000 0 0
31 6200 20000 0 0
32 6400 20000 0 0
33 6600 20000 0 0
34 6800 20000 0 0
35 7000 20000 0 0
36 7200 20000 0 0
37 7400 20000 0 0
38 7600 20000 0 0
39 7800 20000 0 0
40 8000 20000 0 0
41 8200 20000 0 0
42 8400 20000 0 0
43 8600 20000 0 0
44 8800 20000 0 0
45 9000 20000 0 0
46 9200 20000 0 0
47 9200 20200 0 0
48 9400 20200 0 0
49 9600 20200 0 0
50 9800 20200 0 0
51 10000 20200 0 0
52 10200 20200 0 0
53 10400 20200 0 0
54 10600 20200 0 0
55 10600 20000 0 0
56 10800 20000 0 0
57 11000 20000 0 0
58 11200 20000 0 0
59 11400 20000 0 0
60 11400 19800 0 0
61 11600 19800 0 0
62 11800 19800 0 0
63 12000 19800 0 0
64 12200 19800 0 0
65 12400 19800 0 0
66 12600 19800 0 0
67 12800 19800 0 0
68 12800 19600 0 0
69 13000 19600 0 0
70 13200 19600 0 0
71 13400 19600 0 0
72 13600 19600 0 0
73 13800 19600 0 0
74 13800 19400 0 0
75 14000 19400 0 0
76 14200 19400 0 0
77 14400 19400 0 0
78 14400 19200 0 0
79 14600 19200 0 0
80 14800 19200 0 0
81 14800 19000 0 0
82 15000 19000 0 0
83 15200 19000 0 0
84 15200 18800 0 0
85 15400 18800 0 0
86 15600 18800 0 0
87 15600 18600 0 0
88 15800 18600 0 0
89 16000 18600 0 0
90 16000 18400 0 0
91 16200 18400 0 0
92 16200 18200 0 0
93 16400 18200 0 0
94 16600 18200 0 0
95 16600 18000 0 0
96 16800 18000 0 0
97 17000 18000 0 0
98 17200 18000 0 0
99 17200 17800 0 0
100 17400 17800 0 0
101 17600 17800 0 0
102 17800 17800 0 0
103 18000 17800 0 0
104 18000 17600 0 0
105 18200 17600 0 0
106 18400 17600 0 0
107 18600 17600 0 0
108 18800 17600 0 0
109 18800 17400 0 0
110 19000 17400 0 0
111 19200 17400 0 0
112 19400 17400 0 0
113 19400 17200 0 0
114 19600 17200 0 0
115 19800 17200 0 0
116 20000 17200 0 0
117 20000 17000 0 0
118 20000 17200 0 0
119 20200 17200 0 0
120 20400 17200 0 0
121 20600 17200 0 0
122 20800 17200 0 0
123 21000 17200 0 0
124 21200 17200 0 0
125 21400 17200 0 0
126 21600 17200 0 0
127 21800 17200 0 0
128 22000 17200 0 0
129 22200 17200 0 0
130 22400 17200 0 0
131 22400 17400 0 0
132 22600 17400 0 0
133 22800 17400 0 0
134 23000 17400 0 0
135 23200 17400 0 0
136 23400 17400 0 0
137 23600 17400 0 0
138 23600 17600 0 0
139 23800 17600 0 0
140 24000 17600 0 0
141 24000 17800 0 0
142 24200 17800 0 0
143 24400 17800 0 0
144 24600 17800 0 0
145 24600 18000 0 0
146 24800 18000 0 0
147 25000 18000 0 0
148 25000 18200 0 0
149 25200 18200 0 0
150 25400 18200 0 0
151 25600 18200 0 0
152 25600 18400 0 0
153 25800 18400 0 0
154 26000 18400 0 0
155 26200 18400 0 0
156 26400 18400 0 0
157 26400 18600 0 0
158 26600 18600 0 0
159 26800 18600 0 0
160 27000 18600 0 0
161 27200 18600 0 0
162 27200 18800 0 0
163 27400 18800 0 0
164 27600 18800 0 0
165 27800 18800 0 0
166 28000 18800 0 0
167 28200 18800 0 0
168 28200 19000 0 0
169 28400 19000 0 0
170 28600 19000 0 0
171 28800 19000 0 0
172 28800 19200 0 0
173 29000 19200 0 0
174 29200 19200 0 0
175 29400 19200 0 0
176 29400 19400 0 0
177 29600 19400 0 0
178 29800 19400 0 0
179 30000 19400 0 0
180 30000 19200 0 0
181 30200 19200 0 0
182 30400 19200 0 0
183 30600 19200 0 0
184 30600 19000 0 0
185 30800 19000 0 0
186 31000 19000 0 0
187 31200 19000 0 0
188 31400 19000 0 0
189 31400 18800 0 0
190 31600 18800 0 0
191 31800 18800 0 0
192 32000 18800 0 0
193 32200 18800 0 0
194 32400 18800 0 0
195 32400 19000 0 0
196 32600 19000 0 0
197 32800 19000 0 0
198 33000 19000 0 0
199 33200 19000 0 0
200 33400 19000 0 0
201 33600 19000 0 0
202 33600 19200 0 0
203 33800 19200 0 0
204 34000 19200 0 0
205 34200 19200 0 0
206 34400 19200 0 0
207 34600 19200 0 0
208 34800 19200 0 0
209 35000 19200 0 0
210 35200 19200 0 0
211 35400 19200 0 0
212 35600 19200 0 0
213 35600 19400 0 0
214 35800 19400 0 0
215 36000 19400 0 0
216 36200 19400 0 0
217 36400 19400 0 0
218 36600 19400 0 0
219 36800 19400 0 0
220 37000 19400 0 0
221 37200 19400 0 0
222 37400 19400 0 0
223 37600 19400 0 0
224 37800 19400 0 0
225 38000 19400 0 0
226 38200 19400 0 0
227 38400 19400 0 0
