0 1 89 0 0
1 1 90 0 0
2 2 90 0 0
3 3 90 0 0
4 4 90 0 0
5 5 90 0 0
6 6 90 0 0
7 7 90 0 0
8 8 90 0 0
9 8 91 0 0
10 9 91 0 0
11 10 91 0 0
12 11 91 0 0
13 12 91 0 0
14 13 91 0 0
15 14 91 0 0
16 15 91 0 0
17 16 91 0 0
18 17 91 0 0
19 18 91 0 0
20 19 91 0 0
21 20 91 0 0
22 20 90 0 0
23 21 90 0 0
24 22 90 0 0
25 23 90 0 0
26 24 90 0 0
27 25 90 0 0
28 26 90 0 0
29 27 90 0 0
30 28 90 0 0
31 29 90 0 0
32 30 90 0 0
33 31 90 0 0
34 32 90 0 0
35 33 90 0 0
36 33 89 0 0
37 34 89 0 0
38 35 89 0 0
39 36 89 0 0
40 37 89 0 0
41 38 89 0 0
42 39 89 0 0
43 40 89 0 0
44 41 89 0 0
45 42 89 0 0
46 43 89 0 0
47 44 89 0 0
48 45 89 0 0
49 46 89 0 0
50 47 89 0 0
51 48 89 0 0
52 49 89 0 0
53 50 89 0 0
54 51 89 0 0
55 52 89 0 0
56 53 89 0 0
57 54 89 0 0
58 55 89 0 0
59 56 89 0 0
60 57 89 0 0
61 58 89 0 0
62 59 89 0 0
63 60 89 0 0
64 61 89 0 0
65 61 88 0 0
66 62 88 0 0
67 63 88 0 0
68 64 88 0 0
69 65 88 0 0
70 66 88 0 0
71 67 88 0 0
72 68 88 0 0
73 69 88 0 0
74 70 88 0 0
75 71 88 0 0
76 72 88 0 0
77 72 87 0 0
78 73 87 0 0
79 74 87 0 0
80 75 87 0 0
81 76 87 0 0
82 76 86 0 0
83 77 86 0 0
84 78 86 0 0
85 79 86 0 0
86 79 85 0 0
87 80 85 0 0
88 81 85 0 0
89 82 85 0 0
90 83 85 0 0
91 83 84 0 0
92 84 84 0 0
93 85 84 0 0
94 86 84 0 0
95 86 83 0 0
96 87 83 0 0
97 88 83 0 0
98 89 83 0 0
99 90 83 0 0
100 90 82 0 0
101 91 82 0 0
102 92 82 0 0
103 92 81 0 0
104 93 81 0 0
105 94 81 0 0
106 94 80 0 0
107 95 80 0 0
108 96 80 0 0
109 97 80 0 0
110 98 80 0 0
111 99 80 0 0
112 100 80 0 0
113 101 80 0 0
114 102 80 0 0
115 103 80 0 0
116 104 80 0 0
117 105 80 0 0
118 106 80 0 0
119 106 81 0 0
120 107 81 0 0
121 107 80 0 0
122 108 80 0 0
123 109 80 0 0
124 110 80 0 0
125 111 80 0 0
126 112 80 0 0
127 113 80 0 0
128 114 80 0 0
129 114 81 0 0
130 115 81 0 0
131 116 81 0 0
132 117 81 0 0
133 118 81 0 0
134 119 81 0 0
135 119 82 0 0
136 120 82 0 0
137 121 82 0 0
138 122 82 0 0
139 123 82 0 0
140 123 83 0 0
141 124 83 0 0
142 125 83 0 0
143 126 83 0 0
144 127 83 0 0
145 128 83 0 0
146 128 84 0 0
147 129 84 0 0
148 130 84 0 0
149 131 84 0 0
150 132 84 0 0
151 132 85 0 0
152 133 85 0 0
153 134 85 0 0
154 135 85 0 0
155 136 85 0 0
156 137 85 0 0
157 137 86 0 0
158 138 86 0 0
159 138 87 0 0
160 139 87 0 0
161 140 87 0 0
162 140 88 0 0
163 141 88 0 0
164 142 88 0 0
165 142 89 0 0
166 143 89 0 0
167 144 89 0 0
168 145 89 0 0
169 145 90 0 0
170 146 90 0 0
171 147 90 0 0
172 148 90 0 0
173 149 90 0 0
174 149 91 0 0
175 150 91 0 0
176 151 91 0 0
177 152 91 0 0
178 152 92 0 0
179 153 92 0 0
180 154 92 0 0
181 155 92 0 0
182 156 92 0 0
183 156 93 0 0
184 157 93 0 0
185 158 93 0 0
186 159 93 0 0
187 160 93 0 0
188 160 94 0 0
189 161 94 0 0
190 162 94 0 0
191 163 94 0 0
192 164 94 0 0
193 165 94 0 0
194 166 94 0 0
195 167 94 0 0
196 168 94 0 0
197 169 94 0 0
198 170 94 0 0
199 170 95 0 0
200 171 95 0 0
201 172 95 0 0
202 173 95 0 0
203 174 95 0 0
204 175 95 0 0
205 176 95 0 0
206 177 95 0 0
207 178 95 0 0
208 179 95 0 0
209 180 95 0 0
210 181 95 0 0
211 182 95 0 0
212 183 95 0 0
213 183 96 0 0
214 184 96 0 0
215 185 96 0 0
216 186 96 0 0
217 187 96 0 0
218 188 96 0 0
219 189 96 0 0
220 189 95 0 0
221 190 95 0 0
222 190 94 0 0
223 191 94 0 0
224 192 94 0 0
225 193 94 0 0
226 194 94 0 0
227 195 94 0 0
