0 39200 21800 0 0
1 39200 22000 0 0
2 39000 22000 0 0
3 38800 22000 0 0
4 38600 22000 0 0
5 38400 22000 0 0
6 38200 22000 0 0
7 38000 22000 0 0
8 37800 22000 0 0
9 37600 22000 0 0
10 37400 22000 0 0
11 37200 22000 0 0
12 37000 22000 0 0
13 36800 22000 0 0
14 36800 21800 0 0
15 36600 21800 0 0
16 36400 21800 0 0
17 36200 21800 0 0
18 36000 21800 0 0
19 35800 21800 0 0
20 35600 21800 0 0
21 35400 21800 0 0
22 35200 21800 0 0
23 35000 21800 0 0
24 34800 21800 0 0
25 34600 21800 0 0
26 34400 21800 0 0
27 34200 21800 0 0
28 34000 21800 0 0
29 33800 21800 0 0
30 33600 21800 0 0
31 33400 21800 0 0
32 33200 21800 0 0
33 33000 21800 0 0
34 32800 21800 0 0
35 32600 21800 0 0
36 32400 21800 0 0
37 32400 21600 0 0
38 32200 21600 0 0
39 32000 21600 0 0
40 31800 21600 0 0
41 31600 21600 0 0
42 31400 21600 0 0
43 31200 21600 0 0
44 31000 21600 0 0
45 30800 21600 0 0
46 30800 21800 0 0
47 30600 21800 0 0
48 30400 21800 0 0
49 30200 21800 0 0
50 30000 21800 0 0
51 29800 21800 0 0
52 29600 21800 0 0
53 29400 21800 0 0
54 29200 21800 0 0
55 29000 21800 0 0
56 28800 21800 0 0
57 28600 21800 0 0
58 28400 21800 0 0
59 28200 21800 0 0
60 28000 21800 0 0
61 27800 21800 0 0
62 27600 21800 0 0
63 27400 21800 0 0
64 27200 21800 0 0
65 27000 21800 0 0
66 26800 21800 0 0
67 26800 22000 0 0
68 26600 22000 0 0
69 26400 22000 0 0
70 26200 22000 0 0
71 26200 22200 0 0
72 26000 22200 0 0
73 25800 22200 0 0
74 25800 22400 0 0
75 25600 22400 0 0
76 25400 22400 0 0
77 25200 22400 0 0
78 25000 22400 0 0
79 24800 22400 0 0
80 24600 22400 0 0
81 24400 22400 0 0
82 24200 22400 0 0
83 24000 22400 0 0
84 24000 22200 0 0
85 23800 22200 0 0
86 23600 22200 0 0
87 23400 22200 0 0
88 23200 22200 0 0
89 23000 22200 0 0
90 22800 22200 0 0
91 22600 22200 0 0
92 22400 22200 0 0
93 22200 22200 0 0
94 22000 22200 0 0
95 21800 22200 0 0
96 21600 22200 0 0
97 21400 22200 0 0
98 21200 22200 0 0
99 21000 22200 0 0
100 21000 22400 0 0
101 20800 22400 0 0
102 20600 22400 0 0
103 20400 22400 0 0
104 20200 22400 0 0
105 20000 22400 0 0
106 19800 22400 0 0
107 19600 22400 0 0
108 19400 22400 0 0
109 19200 22400 0 0
110 19000 22400 0 0
111 18800 22400 0 0
112 18600 22400 0 0
113 18400 22400 0 0
114 18200 22400 0 0
115 18000 22400 0 0
116 17800 22400 0 0
117 17800 22200 0 0
118 17600 22200 0 0
119 17400 22200 0 0
120 17200 22200 0 0
121 17000 22200 0 0
122 17000 22000 0 0
123 16800 22000 0 0
124 16600 22000 0 0
125 16400 22000 0 0
126 16400 21800 0 0
127 16200 21800 0 0
128 16000 21800 0 0
129 15800 21800 0 0
130 15800 21600 0 0
131 15600 21600 0 0
132 15400 21600 0 0
133 15200 21600 0 0
134 15000 21600 0 0
135 14800 21600 0 0
136 14600 21600 0 0
137 14400 21600 0 0
138 14200 21600 0 0
139 14200 21400 0 0
140 14000 21400 0 0
141 13800 21400 0 0
142 13600 21400 0 0
143 13400 21400 0 0
144 13200 21400 0 0
145 13000 21400 0 0
146 12800 21400 0 0
147 12600 21400 0 0
148 12600 21600 0 0
149 12400 21600 0 0
150 12200 21600 0 0
151 12000 21600 0 0
152 11800 21600 0 0
153 11600 21600 0 0
154 11400 21600 0 0
155 11200 21600 0 0
156 11000 21600 0 0
157 10800 21600 0 0
158 10600 21600 0 0
159 10400 21600 0 0
160 10200 21600 0 0
161 10000 21600 0 0
162 9800 21600 0 0
163 9600 21600 0 0
164 9400 21600 0 0
165 9200 21600 0 0
166 9000 21600 0 0
167 8800 21600 0 0
168 8600 21600 0 0
169 8400 21600 0 0
170 8200 21600 0 0
171 8000 21600 0 0
172 7800 21600 0 0
173 7600 21600 0 0
174 7600 21800 0 0
175 7400 21800 0 0
176 7200 21800 0 0
177 7000 21800 0 0
178 6800 21800 0 0
179 6600 21800 0 0
180 6400 21800 0 0
181 6200 21800 0 0
182 6200 22000 0 0
183 6000 22000 0 0
184 5800 22000 0 0
185 5600 22000 0 0
186 5400 22000 0 0
187 5200 22000 0 0
188 5000 22000 0 0
189 5000 21800 0 0
190 4800 21800 0 0
191 4600 21800 0 0
192 4400 21800 0 0
193 4200 21800 0 0
194 4000 21800 0 0
195 3800 21800 0 0
196 3800 21600 0 0
197 3600 21600 0 0
198 3400 21600 0 0
199 3200 21600 0 0
200 3000 21600 0 0
201 2800 21600 0 0
202 2600 21600 0 0
203 2600 21400 0 0
204 2400 21400 0 0
205 2200 21400 0 0
206 2000 21400 0 0
207 1800 21400 0 0
208 1600 21400 0 0
209 1400 21400 0 0
210 1200 21400 0 0
211 1000 21400 0 0
212 800 21400 0 0
