0 4 97 0 0
1 5 97 0 0
2 6 97 0 0
3 7 97 0 0
4 8 97 0 0
5 9 97 0 0
6 10 97 0 0
7 11 97 0 0
8 11 96 0 0
9 12 96 0 0
10 13 96 0 0
11 14 96 0 0
12 14 95 0 0
13 14 96 0 0
14 15 96 0 0
15 16 96 0 0
16 17 96 0 0
17 17 97 0 0
18 18 97 0 0
19 19 97 0 0
20 20 97 0 0
21 20 98 0 0
22 21 98 0 0
23 22 98 0 0
24 23 98 0 0
25 24 98 0 0
26 25 98 0 0
27 26 98 0 0
28 27 98 0 0
29 28 98 0 0
30 28 97 0 0
31 29 97 0 0
32 30 97 0 0
33 31 97 0 0
34 32 97 0 0
35 33 97 0 0
36 34 97 0 0
37 34 96 0 0
38 35 96 0 0
39 36 96 0 0
40 37 96 0 0
41 37 95 0 0
42 38 95 0 0
43 39 95 0 0
44 39 96 0 0
45 40 96 0 0
46 40 97 0 0
47 41 97 0 0
48 41 98 0 0
49 42 98 0 0
50 42 99 0 0
51 43 99 0 0
52 43 100 0 0
53 44 100 0 0
54 45 100 0 0
55 46 100 0 0
56 47 100 0 0
57 48 100 0 0
58 49 100 0 0
59 50 100 0 0
60 51 100 0 0
61 52 100 0 0
62 53 100 0 0
63 54 100 0 0
64 55 100 0 0
65 56 100 0 0
66 57 100 0 0
67 57 99 0 0
68 58 99 0 0
69 58 98 0 0
70 59 98 0 0
71 60 98 0 0
72 61 98 0 0
73 61 97 0 0
74 61 98 0 0
75 62 98 0 0
76 63 98 0 0
77 64 98 0 0
78 64 97 0 0
79 65 97 0 0
80 66 97 0 0
81 66 96 0 0
82 67 96 0 0
83 68 96 0 0
84 68 95 0 0
85 69 95 0 0
86 70 95 0 0
87 71 95 0 0
88 71 94 0 0
89 72 94 0 0
90 73 94 0 0
91 73 93 0 0
92 74 93 0 0
93 75 93 0 0
94 75 92 0 0
95 76 92 0 0
96 77 92 0 0
97 77 91 0 0
98 78 91 0 0
99 78 90 0 0
100 79 90 0 0
101 79 89 0 0
102 80 89 0 0
103 80 88 0 0
104 81 88 0 0
105 81 87 0 0
106 82 87 0 0
107 82 86 0 0
108 82 85 0 0
109 83 85 0 0
110 83 84 0 0
111 84 84 0 0
112 84 83 0 0
113 84 82 0 0
114 85 82 0 0
115 85 81 0 0
116 85 80 0 0
117 86 80 0 0
118 86 79 0 0
119 87 79 0 0
120 87 78 0 0
121 87 77 0 0
122 87 76 0 0
123 87 75 0 0
124 87 74 0 0
125 87 73 0 0
126 87 72 0 0
127 87 71 0 0
128 87 70 0 0
129 87 69 0 0
130 88 69 0 0
131 88 68 0 0
132 88 67 0 0
133 88 66 0 0
134 88 65 0 0
135 89 65 0 0
136 89 64 0 0
137 89 63 0 0
138 89 62 0 0
139 89 61 0 0
140 90 61 0 0
141 90 60 0 0
142 90 59 0 0
143 90 58 0 0
144 90 57 0 0
145 90 56 0 0
146 90 55 0 0
147 90 54 0 0
148 90 53 0 0
149 90 52 0 0
150 90 51 0 0
151 90 50 0 0
152 90 49 0 0
153 91 49 0 0
154 91 48 0 0
155 91 47 0 0
156 91 46 0 0
157 91 45 0 0
158 91 44 0 0
159 91 43 0 0
160 91 42 0 0
161 91 41 0 0
162 91 40 0 0
163 91 39 0 0
164 91 38 0 0
165 91 37 0 0
166 91 36 0 0
167 91 35 0 0
168 91 34 0 0
169 91 33 0 0
170 91 32 0 0
171 90 32 0 0
172 90 31 0 0
173 91 31 0 0
174 91 30 0 0
175 91 29 0 0
176 91 28 0 0
177 91 27 0 0
178 91 26 0 0
179 91 25 0 0
180 91 24 0 0
181 91 23 0 0
182 91 22 0 0
183 91 21 0 0
184 91 20 0 0
185 91 19 0 0
186 91 18 0 0
187 91 17 0 0
188 91 16 0 0
189 91 15 0 0
190 91 14 0 0
191 91 13 0 0
192 91 12 0 0
193 91 11 0 0
194 91 10 0 0
195 91 9 0 0
196 92 9 0 0
197 92 8 0 0
198 92 7 0 0
