0 1 98 0 0
1 2 98 0 0
2 3 98 0 0
3 4 98 0 0
4 5 98 0 0
5 6 98 0 0
6 7 98 0 0
7 8 98 0 0
8 9 98 0 0
9 10 98 0 0
10 11 98 0 0
11 12 98 0 0
12 13 98 0 0
13 14 98 0 0
14 15 98 0 0
15 16 98 0 0
16 17 98 0 0
17 18 98 0 0
18 19 98 0 0
19 20 98 0 0
20 21 98 0 0
21 22 98 0 0
22 23 98 0 0
23 24 98 0 0
24 25 98 0 0
25 26 98 0 0
26 27 98 0 0
27 28 98 0 0
28 29 98 0 0
29 30 98 0 0
30 31 98 0 0
31 32 98 0 0
32 33 98 0 0
33 34 98 0 0
34 35 98 0 0
35 36 98 0 0
36 37 98 0 0
37 38 98 0 0
38 39 98 0 0
39 40 98 0 0
40 41 98 0 0
41 42 98 0 0
42 43 98 0 0
43 44 98 0 0
44 45 98 0 0
45 46 98 0 0
46 47 98 0 0
47 48 98 0 0
48 49 98 0 0
49 50 98 0 0
50 51 98 0 0
51 52 98 0 0
52 53 98 0 0
53 53 97 0 0
54 54 97 0 0
55 55 97 0 0
56 56 97 0 0
57 57 97 0 0
58 58 97 0 0
59 59 97 0 0
60 60 97 0 0
61 60 96 0 0
62 61 96 0 0
63 62 96 0 0
64 63 96 0 0
65 64 96 0 0
66 65 96 0 0
67 66 96 0 0
68 67 96 0 0
69 67 95 0 0
70 68 95 0 0
71 69 95 0 0
72 70 95 0 0
73 71 95 0 0
74 72 95 0 0
75 73 95 0 0
76 74 95 0 0
77 74 94 0 0
78 75 94 0 0
79 76 94 0 0
80 77 94 0 0
81 77 93 0 0
82 78 93 0 0
83 79 93 0 0
84 80 93 0 0
85 81 93 0 0
86 81 92 0 0
87 82 92 0 0
88 83 92 0 0
89 83 91 0 0
90 84 91 0 0
91 85 91 0 0
92 86 91 0 0
93 86 90 0 0
94 87 90 0 0
95 88 90 0 0
96 89 90 0 0
97 90 90 0 0
98 91 90 0 0
99 92 90 0 0
100 93 90 0 0
101 94 90 0 0
102 95 90 0 0
103 96 90 0 0
104 96 89 0 0
105 96 90 0 0
106 97 90 0 0
107 98 90 0 0
108 99 90 0 0
109 99 91 0 0
110 100 91 0 0
111 101 91 0 0
112 102 91 0 0
113 103 91 0 0
114 103 92 0 0
115 104 92 0 0
116 105 92 0 0
117 106 92 0 0
118 106 93 0 0
119 107 93 0 0
120 108 93 0 0
121 109 93 0 0
122 109 94 0 0
123 110 94 0 0
124 111 94 0 0
125 112 94 0 0
126 112 95 0 0
127 113 95 0 0
128 114 95 0 0
129 115 95 0 0
130 116 95 0 0
131 116 96 0 0
132 117 96 0 0
133 118 96 0 0
134 119 96 0 0
135 119 97 0 0
136 120 97 0 0
137 121 97 0 0
138 122 97 0 0
139 122 98 0 0
140 123 98 0 0
141 124 98 0 0
142 125 98 0 0
143 125 99 0 0
144 126 99 0 0
145 127 99 0 0
146 128 99 0 0
147 128 100 0 0
148 129 100 0 0
149 130 100 0 0
150 131 100 0 0
151 131 101 0 0
152 132 101 0 0
153 133 101 0 0
154 134 101 0 0
155 135 101 0 0
156 136 101 0 0
157 137 101 0 0
158 138 101 0 0
159 139 101 0 0
160 140 101 0 0
161 141 101 0 0
162 142 101 0 0
163 143 101 0 0
164 144 101 0 0
165 145 101 0 0
166 146 101 0 0
167 147 101 0 0
168 148 101 0 0
169 149 101 0 0
170 150 101 0 0
171 151 101 0 0
172 152 101 0 0
173 153 101 0 0
174 154 101 0 0
175 155 101 0 0
176 156 101 0 0
177 157 101 0 0
178 158 101 0 0
179 159 101 0 0
180 160 101 0 0
181 160 102 0 0
182 161 102 0 0
183 162 102 0 0
184 163 102 0 0
185 164 102 0 0
186 165 102 0 0
187 166 102 0 0
188 167 102 0 0
189 168 102 0 0
190 169 102 0 0
191 170 102 0 0
192 171 102 0 0
193 172 102 0 0
194 173 102 0 0
195 174 102 0 0
196 175 102 0 0
197 176 102 0 0
198 177 102 0 0
199 178 102 0 0
200 179 102 0 0
201 180 102 0 0
202 181 102 0 0
203 182 102 0 0
204 183 102 0 0
205 184 102 0 0
206 185 102 0 0
207 186 102 0 0
208 187 102 0 0
209 188 102 0 0
210 188 103 0 0
211 189 103 0 0
212 190 103 0 0
213 191 103 0 0
214 192 103 0 0
215 193 103 0 0
