0 1 85 0 0
1 2 85 0 0
2 3 85 0 0
3 4 85 0 0
4 5 85 0 0
5 6 85 0 0
6 7 85 0 0
7 8 85 0 0
8 8 86 0 0
9 9 86 0 0
10 10 86 0 0
11 11 86 0 0
12 12 86 0 0
13 13 86 0 0
14 14 86 0 0
15 15 86 0 0
16 16 86 0 0
17 17 86 0 0
18 18 86 0 0
19 19 86 0 0
20 20 86 0 0
21 21 86 0 0
22 22 86 0 0
23 23 86 0 0
24 24 86 0 0
25 25 86 0 0
26 26 86 0 0
27 27 86 0 0
28 28 86 0 0
29 29 86 0 0
30 30 86 0 0
31 31 86 0 0
32 31 87 0 0
33 32 87 0 0
34 33 87 0 0
35 34 87 0 0
36 35 87 0 0
37 36 87 0 0
38 37 87 0 0
39 38 87 0 0
40 39 87 0 0
41 40 87 0 0
42 41 87 0 0
43 42 87 0 0
44 43 87 0 0
45 44 87 0 0
46 45 87 0 0
47 45 88 0 0
48 46 88 0 0
49 47 88 0 0
50 48 88 0 0
51 48 89 0 0
52 49 89 0 0
53 50 89 0 0
54 51 89 0 0
55 51 90 0 0
56 52 90 0 0
57 53 90 0 0
58 54 90 0 0
59 55 90 0 0
60 56 90 0 0
61 57 90 0 0
62 58 90 0 0
63 59 90 0 0
64 59 89 0 0
65 60 89 0 0
66 61 89 0 0
67 62 89 0 0
68 63 89 0 0
69 63 88 0 0
70 64 88 0 0
71 65 88 0 0
72 66 88 0 0
73 67 88 0 0
74 67 87 0 0
75 68 87 0 0
76 69 87 0 0
77 70 87 0 0
78 71 87 0 0
79 71 86 0 0
80 72 86 0 0
81 73 86 0 0
82 74 86 0 0
83 75 86 0 0
84 75 85 0 0
85 76 85 0 0
86 77 85 0 0
87 78 85 0 0
88 79 85 0 0
89 79 84 0 0
90 80 84 0 0
91 81 84 0 0
92 82 84 0 0
93 82 83 0 0
94 83 83 0 0
95 84 83 0 0
96 85 83 0 0
97 86 83 0 0
98 87 83 0 0
99 88 83 0 0
100 89 83 0 0
101 90 83 0 0
102 90 82 0 0
103 91 82 0 0
104 92 82 0 0
105 93 82 0 0
106 94 82 0 0
107 95 82 0 0
108 96 82 0 0
109 97 82 0 0
110 98 82 0 0
111 98 81 0 0
112 99 81 0 0
113 100 81 0 0
114 101 81 0 0
115 102 81 0 0
116 103 81 0 0
117 104 81 0 0
118 105 81 0 0
119 106 81 0 0
120 107 81 0 0
121 108 81 0 0
122 109 81 0 0
123 110 81 0 0
124 111 81 0 0
125 112 81 0 0
126 113 81 0 0
127 114 81 0 0
128 114 82 0 0
129 115 82 0 0
130 116 82 0 0
131 117 82 0 0
132 118 82 0 0
133 119 82 0 0
134 119 83 0 0
135 120 83 0 0
136 121 83 0 0
137 122 83 0 0
138 122 84 0 0
139 123 84 0 0
140 124 84 0 0
141 124 85 0 0
142 125 85 0 0
143 126 85 0 0
144 127 85 0 0
145 127 86 0 0
146 128 86 0 0
147 129 86 0 0
148 130 86 0 0
149 130 87 0 0
150 131 87 0 0
151 132 87 0 0
152 133 87 0 0
153 134 87 0 0
154 134 88 0 0
155 135 88 0 0
156 136 88 0 0
157 137 88 0 0
158 137 89 0 0
159 138 89 0 0
160 139 89 0 0
161 140 89 0 0
162 141 89 0 0
163 142 89 0 0
164 143 89 0 0
165 144 89 0 0
166 145 89 0 0
167 146 89 0 0
168 147 89 0 0
169 147 90 0 0
170 148 90 0 0
171 149 90 0 0
172 150 90 0 0
173 151 90 0 0
174 152 90 0 0
175 152 91 0 0
176 153 91 0 0
177 154 91 0 0
178 155 91 0 0
179 156 91 0 0
180 157 91 0 0
181 158 91 0 0
182 158 92 0 0
183 159 92 0 0
184 160 92 0 0
185 161 92 0 0
186 162 92 0 0
187 163 92 0 0
188 164 92 0 0
189 164 93 0 0
190 165 93 0 0
191 166 93 0 0
192 167 93 0 0
193 168 93 0 0
194 169 93 0 0
195 170 93 0 0
196 171 93 0 0
197 172 93 0 0
198 172 94 0 0
199 173 94 0 0
200 174 94 0 0
201 175 94 0 0
202 176 94 0 0
203 177 94 0 0
204 178 94 0 0
205 179 94 0 0
206 180 94 0 0
207 181 94 0 0
208 182 94 0 0
209 183 94 0 0
210 184 94 0 0
211 185 94 0 0
212 186 94 0 0
213 186 93 0 0
214 186 94 0 0
215 187 94 0 0
216 188 94 0 0
217 189 94 0 0
218 189 95 0 0
219 190 95 0 0
220 191 95 0 0
221 192 95 0 0
222 193 95 0 0
223 194 95 0 0
