0 2 98 0 0
1 3 98 0 0
2 4 98 0 0
3 5 98 0 0
4 6 98 0 0
5 7 98 0 0
6 8 98 0 0
7 9 98 0 0
8 9 99 0 0
9 10 99 0 0
10 11 99 0 0
11 12 99 0 0
12 13 99 0 0
13 14 99 0 0
14 15 99 0 0
15 16 99 0 0
16 17 99 0 0
17 17 100 0 0
18 18 100 0 0
19 19 100 0 0
20 20 100 0 0
21 21 100 0 0
22 22 100 0 0
23 23 100 0 0
24 24 100 0 0
25 24 101 0 0
26 25 101 0 0
27 26 101 0 0
28 27 101 0 0
29 28 101 0 0
30 29 101 0 0
31 30 101 0 0
32 31 101 0 0
33 32 101 0 0
34 33 101 0 0
35 34 101 0 0
36 35 101 0 0
37 36 101 0 0
38 37 101 0 0
39 38 101 0 0
40 38 102 0 0
41 39 102 0 0
42 40 102 0 0
43 41 102 0 0
44 42 102 0 0
45 43 102 0 0
46 44 102 0 0
47 45 102 0 0
48 46 102 0 0
49 47 102 0 0
50 48 102 0 0
51 49 102 0 0
52 50 102 0 0
53 51 102 0 0
54 52 102 0 0
55 53 102 0 0
56 54 102 0 0
57 55 102 0 0
58 56 102 0 0
59 57 102 0 0
60 58 102 0 0
61 59 102 0 0
62 60 102 0 0
63 61 102 0 0
64 62 102 0 0
65 63 102 0 0
66 64 102 0 0
67 65 102 0 0
68 66 102 0 0
69 66 101 0 0
70 67 101 0 0
71 68 101 0 0
72 68 100 0 0
73 69 100 0 0
74 70 100 0 0
75 70 99 0 0
76 71 99 0 0
77 71 98 0 0
78 72 98 0 0
79 73 98 0 0
80 73 97 0 0
81 74 97 0 0
82 74 96 0 0
83 75 96 0 0
84 76 96 0 0
85 76 95 0 0
86 77 95 0 0
87 77 94 0 0
88 78 94 0 0
89 79 94 0 0
90 79 93 0 0
91 80 93 0 0
92 80 92 0 0
93 81 92 0 0
94 81 91 0 0
95 82 91 0 0
96 83 91 0 0
97 83 90 0 0
98 84 90 0 0
99 84 89 0 0
100 85 89 0 0
101 85 88 0 0
102 86 88 0 0
103 87 88 0 0
104 87 87 0 0
105 88 87 0 0
106 89 87 0 0
107 90 87 0 0
108 91 87 0 0
109 92 87 0 0
110 93 87 0 0
111 93 86 0 0
112 94 86 0 0
113 95 86 0 0
114 96 86 0 0
115 97 86 0 0
116 98 86 0 0
117 98 87 0 0
118 99 87 0 0
119 100 87 0 0
120 101 87 0 0
121 102 87 0 0
122 102 88 0 0
123 103 88 0 0
124 104 88 0 0
125 105 88 0 0
126 106 88 0 0
127 106 89 0 0
128 107 89 0 0
129 108 89 0 0
130 109 89 0 0
131 109 90 0 0
132 110 90 0 0
133 111 90 0 0
134 112 90 0 0
135 112 91 0 0
136 113 91 0 0
137 114 91 0 0
138 115 91 0 0
139 115 92 0 0
140 116 92 0 0
141 117 92 0 0
142 118 92 0 0
143 118 93 0 0
144 119 93 0 0
145 120 93 0 0
146 121 93 0 0
147 122 93 0 0
148 122 94 0 0
149 123 94 0 0
150 124 94 0 0
151 125 94 0 0
152 125 95 0 0
153 126 95 0 0
154 127 95 0 0
155 128 95 0 0
156 128 96 0 0
157 129 96 0 0
158 130 96 0 0
159 131 96 0 0
160 132 96 0 0
161 132 97 0 0
162 133 97 0 0
163 134 97 0 0
164 135 97 0 0
165 136 97 0 0
166 136 98 0 0
167 137 98 0 0
168 138 98 0 0
169 139 98 0 0
170 140 98 0 0
171 141 98 0 0
172 142 98 0 0
173 143 98 0 0
174 144 98 0 0
175 145 98 0 0
176 146 98 0 0
177 146 99 0 0
178 147 99 0 0
179 148 99 0 0
180 149 99 0 0
181 150 99 0 0
182 151 99 0 0
183 152 99 0 0
184 153 99 0 0
185 154 99 0 0
186 155 99 0 0
187 156 99 0 0
188 157 99 0 0
189 158 99 0 0
190 159 99 0 0
191 160 99 0 0
192 161 99 0 0
193 161 100 0 0
194 162 100 0 0
195 163 100 0 0
196 164 100 0 0
197 165 100 0 0
198 166 100 0 0
199 167 100 0 0
200 168 100 0 0
201 169 100 0 0
202 170 100 0 0
203 171 100 0 0
204 172 100 0 0
205 173 100 0 0
206 174 100 0 0
207 175 100 0 0
208 176 100 0 0
209 177 100 0 0
210 178 100 0 0
211 179 100 0 0
212 179 99 0 0
213 179 100 0 0
214 180 100 0 0
215 181 100 0 0
216 182 100 0 0
217 183 100 0 0
218 184 100 0 0
219 185 100 0 0
220 186 100 0 0
221 187 100 0 0
222 188 100 0 0
223 189 100 0 0
224 190 100 0 0
225 191 100 0 0
226 192 100 0 0
227 193 100 0 0
228 193 101 0 0
229 194 101 0 0
