0 3 96 0 0
1 3 97 0 0
2 4 97 0 0
3 5 97 0 0
4 6 97 0 0
5 7 97 0 0
6 8 97 0 0
7 9 97 0 0
8 9 98 0 0
9 10 98 0 0
10 11 98 0 0
11 12 98 0 0
12 13 98 0 0
13 14 98 0 0
14 15 98 0 0
15 16 98 0 0
16 17 98 0 0
17 18 98 0 0
18 19 98 0 0
19 20 98 0 0
20 21 98 0 0
21 22 98 0 0
22 23 98 0 0
23 23 99 0 0
24 24 99 0 0
25 25 99 0 0
26 26 99 0 0
27 27 99 0 0
28 28 99 0 0
29 29 99 0 0
30 30 99 0 0
31 31 99 0 0
32 31 100 0 0
33 32 100 0 0
34 33 100 0 0
35 34 100 0 0
36 35 100 0 0
37 36 100 0 0
38 37 100 0 0
39 37 101 0 0
40 38 101 0 0
41 39 101 0 0
42 40 101 0 0
43 41 101 0 0
44 42 101 0 0
45 43 101 0 0
46 44 101 0 0
47 45 101 0 0
48 46 101 0 0
49 47 101 0 0
50 48 101 0 0
51 49 101 0 0
52 49 102 0 0
53 50 102 0 0
54 51 102 0 0
55 52 102 0 0
56 53 102 0 0
57 54 102 0 0
58 55 102 0 0
59 56 102 0 0
60 57 102 0 0
61 58 102 0 0
62 59 102 0 0
63 59 103 0 0
64 60 103 0 0
65 61 103 0 0
66 62 103 0 0
67 63 103 0 0
68 63 104 0 0
69 64 104 0 0
70 65 104 0 0
71 66 104 0 0
72 67 104 0 0
73 67 105 0 0
74 68 105 0 0
75 69 105 0 0
76 70 105 0 0
77 71 105 0 0
78 71 106 0 0
79 72 106 0 0
80 73 106 0 0
81 74 106 0 0
82 74 107 0 0
83 75 107 0 0
84 76 107 0 0
85 77 107 0 0
86 77 108 0 0
87 78 108 0 0
88 79 108 0 0
89 79 109 0 0
90 80 109 0 0
91 81 109 0 0
92 81 110 0 0
93 82 110 0 0
94 82 111 0 0
95 83 111 0 0
96 84 111 0 0
97 84 112 0 0
98 85 112 0 0
99 85 113 0 0
100 86 113 0 0
101 86 114 0 0
102 87 114 0 0
103 88 114 0 0
104 88 115 0 0
105 89 115 0 0
106 89 116 0 0
107 90 116 0 0
108 90 117 0 0
109 91 117 0 0
110 91 118 0 0
111 92 118 0 0
112 92 119 0 0
113 93 119 0 0
114 93 120 0 0
115 94 120 0 0
116 94 121 0 0
117 95 121 0 0
118 95 122 0 0
119 96 122 0 0
120 96 123 0 0
121 96 124 0 0
122 97 124 0 0
123 97 125 0 0
124 98 125 0 0
125 98 126 0 0
126 98 127 0 0
127 98 128 0 0
128 99 128 0 0
129 99 129 0 0
130 100 129 0 0
131 100 130 0 0
132 101 130 0 0
133 101 131 0 0
134 101 132 0 0
135 102 132 0 0
136 102 133 0 0
137 102 134 0 0
138 103 134 0 0
139 103 135 0 0
140 103 136 0 0
141 104 136 0 0
142 104 137 0 0
143 105 137 0 0
144 105 138 0 0
145 105 139 0 0
146 106 139 0 0
147 106 140 0 0
148 107 140 0 0
149 107 141 0 0
150 107 142 0 0
151 108 142 0 0
152 108 143 0 0
153 108 144 0 0
154 108 145 0 0
155 108 146 0 0
156 109 146 0 0
157 109 147 0 0
158 109 148 0 0
159 110 148 0 0
160 110 149 0 0
161 110 150 0 0
162 110 151 0 0
163 111 151 0 0
164 111 152 0 0
165 111 153 0 0
166 112 153 0 0
167 112 154 0 0
168 112 155 0 0
169 112 156 0 0
170 112 157 0 0
171 113 157 0 0
172 113 158 0 0
173 113 159 0 0
174 113 160 0 0
175 113 161 0 0
176 113 162 0 0
177 114 162 0 0
178 114 163 0 0
179 114 164 0 0
180 114 165 0 0
181 114 166 0 0
182 115 166 0 0
183 115 167 0 0
184 115 168 0 0
185 115 169 0 0
186 115 170 0 0
187 115 171 0 0
188 116 171 0 0
189 116 172 0 0
190 116 173 0 0
191 116 174 0 0
192 116 175 0 0
193 116 176 0 0
194 116 177 0 0
195 117 177 0 0
196 117 178 0 0
197 117 179 0 0
198 117 180 0 0
199 117 181 0 0
200 118 181 0 0
201 118 182 0 0
202 118 183 0 0
203 118 184 0 0
204 118 185 0 0
205 118 186 0 0
206 118 187 0 0
207 118 188 0 0
208 119 188 0 0
209 119 189 0 0
210 119 190 0 0
211 119 191 0 0
212 119 192 0 0
213 119 193 0 0
214 120 193 0 0
215 120 194 0 0
216 120 195 0 0
217 120 196 0 0
218 120 197 0 0
219 120 198 0 0
220 120 199 0 0
221 120 200 0 0
222 120 201 0 0
223 120 202 0 0
224 121 202 0 0
225 121 203 0 0
226 121 204 0 0
227 121 205 0 0
228 121 206 0 0
229 121 207 0 0
230 121 208 0 0
231 121 209 0 0
232 121 210 0 0
233 121 211 0 0
234 121 212 0 0
235 122 212 0 0
236 122 213 0 0
237 122 214 0 0
238 122 215 0 0
239 122 216 0 0
240 122 217 0 0
241 122 218 0 0
242 122 219 0 0
243 122 220 0 0
244 122 221 0 0
245 122 222 0 0
246 122 223 0 0
247 122 224 0 0
248 122 225 0 0
249 122 226 0 0
250 122 227 0 0
251 122 228 0 0
252 122 229 0 0
253 122 230 0 0
254 122 231 0 0
255 121 231 0 0
256 121 232 0 0
257 121 233 0 0
258 121 234 0 0
