0 200 19800 0 0
1 400 19800 0 0
2 600 19800 0 0
3 800 19800 0 0
4 800 20000 0 0
5 1000 20000 0 0
6 1200 20000 0 0
7 1400 20000 0 0
8 1600 20000 0 0
9 1800 20000 0 0
10 2000 20000 0 0
11 2200 20000 0 0
12 2400 20000 0 0
13 2600 20000 0 0
14 2800 20000 0 0
15 3000 20000 0 0
16 3200 20000 0 0
17 3400 20000 0 0
18 3600 20000 0 0
19 3800 20000 0 0
20 4000 20000 0 0
21 4000 19800 0 0
22 4200 19800 0 0
23 4400 19800 0 0
24 4400 19600 0 0
25 4600 19600 0 0
26 4800 19600 0 0
27 4800 19400 0 0
28 4800 19600 0 0
29 5000 19600 0 0
30 5200 19600 0 0
31 5400 19600 0 0
32 5600 19600 0 0
33 5800 19600 0 0
34 6000 19600 0 0
35 6200 19600 0 0
36 6400 19600 0 0
37 6600 19600 0 0
38 6800 19600 0 0
39 7000 19600 0 0
40 7200 19600 0 0
41 7400 19600 0 0
42 7400 19400 0 0
43 7600 19400 0 0
44 7800 19400 0 0
45 8000 19400 0 0
46 8200 19400 0 0
47 8400 19400 0 0
48 8600 19400 0 0
49 8800 19400 0 0
50 9000 19400 0 0
51 9200 19400 0 0
52 9400 19400 0 0
53 9600 19400 0 0
54 9800 19400 0 0
55 10000 19400 0 0
56 10200 19400 0 0
57 10400 19400 0 0
58 10400 19600 0 0
59 10600 19600 0 0
60 10800 19600 0 0
61 11000 19600 0 0
62 11200 19600 0 0
63 11400 19600 0 0
64 11600 19600 0 0
65 11800 19600 0 0
66 12000 19600 0 0
67 12200 19600 0 0
68 12400 19600 0 0
69 12600 19600 0 0
70 12800 19600 0 0
71 13000 19600 0 0
72 13200 19600 0 0
73 13200 19400 0 0
74 13400 19400 0 0
75 13400 19200 0 0
76 13600 19200 0 0
77 13800 19200 0 0
78 13800 19000 0 0
79 14000 19000 0 0
80 14200 19000 0 0
81 14200 18800 0 0
82 14400 18800 0 0
83 14600 18800 0 0
84 14800 18800 0 0
85 15000 18800 0 0
86 15200 18800 0 0
87 15400 18800 0 0
88 15400 18600 0 0
89 15600 18600 0 0
90 15800 18600 0 0
91 16000 18600 0 0
92 16000 18400 0 0
93 16200 18400 0 0
94 16400 18400 0 0
95 16600 18400 0 0
96 16600 18200 0 0
97 16800 18200 0 0
98 17000 18200 0 0
99 17000 18000 0 0
100 17200 18000 0 0
101 17400 18000 0 0
102 17600 18000 0 0
103 17600 17800 0 0
104 17800 17800 0 0
105 18000 17800 0 0
106 18200 17800 0 0
107 18200 17600 0 0
108 18400 17600 0 0
109 18600 17600 0 0
110 18600 17400 0 0
111 18600 17600 0 0
112 18800 17600 0 0
113 19000 17600 0 0
114 19000 17800 0 0
115 19200 17800 0 0
116 19400 17800 0 0
117 19400 18000 0 0
118 19600 18000 0 0
119 19800 18000 0 0
120 19800 18200 0 0
121 20000 18200 0 0
122 20200 18200 0 0
123 20200 18400 0 0
124 20400 18400 0 0
125 20600 18400 0 0
126 20600 18600 0 0
127 20800 18600 0 0
128 21000 18600 0 0
129 21000 18800 0 0
130 21200 18800 0 0
131 21400 18800 0 0
132 21400 19000 0 0
133 21600 19000 0 0
134 21600 19200 0 0
135 21800 19200 0 0
136 21800 19400 0 0
137 21800 19600 0 0
138 21800 19800 0 0
139 22000 19800 0 0
140 22000 20000 0 0
141 22000 20200 0 0
142 22200 20200 0 0
143 22200 20400 0 0
144 22200 20600 0 0
145 22200 20800 0 0
146 22400 20800 0 0
147 22400 21000 0 0
148 22400 21200 0 0
149 22400 21400 0 0
150 22400 21600 0 0
151 22400 21800 0 0
152 22400 22000 0 0
153 22200 22000 0 0
154 22200 22200 0 0
155 22200 22400 0 0
156 22200 22600 0 0
157 22200 22800 0 0
158 22200 23000 0 0
159 22200 23200 0 0
160 22200 23400 0 0
161 22000 23400 0 0
162 22000 23600 0 0
163 21800 23600 0 0
164 21800 23800 0 0
165 21800 24000 0 0
166 21600 24000 0 0
167 21600 24200 0 0
168 21600 24400 0 0
169 21600 24600 0 0
170 21600 24800 0 0
171 21600 25000 0 0
172 21800 25000 0 0
173 21800 25200 0 0
174 21800 25400 0 0
175 21800 25600 0 0
176 21800 25800 0 0
177 21800 26000 0 0
178 22000 26000 0 0
179 22000 26200 0 0
180 22000 26400 0 0
181 22000 26600 0 0
182 22000 26800 0 0
183 22000 27000 0 0
184 22200 27000 0 0
185 22200 27200 0 0
186 22200 27400 0 0
187 22200 27600 0 0
188 22200 27800 0 0
189 22200 28000 0 0
190 22400 28000 0 0
191 22400 28200 0 0
192 22400 28400 0 0
193 22400 28600 0 0
194 22400 28800 0 0
195 22400 29000 0 0
196 22400 29200 0 0
197 22400 29400 0 0
198 22600 29400 0 0
199 22600 29600 0 0
200 22600 29800 0 0
201 22600 30000 0 0
202 22600 30200 0 0
203 22600 30400 0 0
204 22800 30400 0 0
205 22800 30600 0 0
206 22800 30800 0 0
207 22800 31000 0 0
208 22800 31200 0 0
209 22800 31400 0 0
210 22800 31600 0 0
211 22800 31800 0 0
212 23000 31800 0 0
213 23000 32000 0 0
214 23000 32200 0 0
215 23000 32400 0 0
216 23000 32600 0 0
217 23000 32800 0 0
218 23000 33000 0 0
219 23200 33000 0 0
220 23200 33200 0 0
221 23200 33400 0 0
222 23200 33600 0 0
223 23200 33800 0 0
224 23200 34000 0 0
225 23200 34200 0 0
226 23200 34400 0 0
227 23200 34600 0 0
228 23200 34800 0 0
229 23400 34800 0 0
230 23400 35000 0 0
231 23400 35200 0 0
232 23400 35400 0 0
233 23400 35600 0 0
234 23400 35800 0 0
235 23400 36000 0 0
236 23400 36200 0 0
237 23600 36200 0 0
238 23600 36400 0 0
239 23600 36600 0 0
240 23600 36800 0 0
241 23600 37000 0 0
242 23600 37200 0 0
243 23600 37400 0 0
244 23600 37600 0 0
245 23600 37800 0 0
246 23600 38000 0 0
247 23600 38200 0 0
248 23800 38200 0 0
249 23800 38400 0 0
250 23800 38600 0 0
251 23800 38800 0 0
252 23800 39000 0 0
253 23800 39200 0 0
254 23800 39400 0 0
255 23800 39600 0 0
256 23800 39800 0 0
257 23800 40000 0 0
258 24000 40000 0 0
259 24000 40200 0 0
260 24000 40400 0 0
261 24000 40600 0 0
262 24000 40800 0 0
263 24000 41000 0 0
264 24000 41200 0 0
265 24000 41400 0 0
266 24200 41400 0 0
267 24200 41600 0 0
268 24200 41800 0 0
269 24200 42000 0 0
270 24200 42200 0 0
271 24200 42400 0 0
272 24200 42600 0 0
273 24200 42800 0 0
274 24200 43000 0 0
275 24200 43200 0 0
276 24200 43400 0 0
277 24400 43400 0 0
278 24400 43600 0 0
279 24400 43800 0 0
280 24400 44000 0 0
281 24400 44200 0 0
282 24400 44400 0 0
283 24400 44600 0 0
284 24400 44800 0 0
285 24400 45000 0 0
286 24400 45200 0 0
287 24400 45400 0 0
288 24400 45600 0 0
289 24400 45800 0 0
290 24400 46000 0 0
291 24400 46200 0 0
292 24400 46400 0 0
293 24400 46600 0 0
294 24400 46800 0 0
