0 20200 800 0 0
1 20200 1000 0 0
2 20200 1200 0 0
3 20200 1400 0 0
4 20200 1600 0 0
5 20200 1800 0 0
6 20200 2000 0 0
7 20200 2200 0 0
8 20000 2200 0 0
9 20000 2400 0 0
10 20000 2600 0 0
11 20000 2800 0 0
12 20000 3000 0 0
13 20000 3200 0 0
14 20000 3400 0 0
15 20000 3600 0 0
16 20000 3800 0 0
17 20000 4000 0 0
18 20000 4200 0 0
19 20000 4400 0 0
20 20000 4600 0 0
21 20000 4800 0 0
22 20000 5000 0 0
23 20000 5200 0 0
24 20000 5400 0 0
25 20000 5600 0 0
26 20000 5800 0 0
27 20000 6000 0 0
28 20000 6200 0 0
29 20000 6400 0 0
30 20000 6600 0 0
31 20000 6800 0 0
32 20000 7000 0 0
33 20000 7200 0 0
34 20000 7400 0 0
35 20000 7600 0 0
36 20000 7800 0 0
37 20000 8000 0 0
38 20000 8200 0 0
39 20200 8200 0 0
40 20200 8400 0 0
41 20200 8600 0 0
42 20200 8800 0 0
43 20200 9000 0 0
44 20200 9200 0 0
45 20200 9400 0 0
46 20200 9600 0 0
47 20200 9800 0 0
48 20200 10000 0 0
49 20200 10200 0 0
50 20200 10400 0 0
51 20200 10600 0 0
52 20200 10800 0 0
53 20200 11000 0 0
54 20200 11200 0 0
55 20400 11200 0 0
56 20400 11400 0 0
57 20400 11600 0 0
58 20600 11600 0 0
59 20600 11800 0 0
60 20600 12000 0 0
61 20800 12000 0 0
62 20800 12200 0 0
63 20800 12400 0 0
64 21000 12400 0 0
65 21000 12600 0 0
66 21000 12800 0 0
67 21000 13000 0 0
68 21200 13000 0 0
69 21200 13200 0 0
70 21400 13200 0 0
71 21400 13400 0 0
72 21400 13600 0 0
73 21600 13600 0 0
74 21600 13800 0 0
75 21600 14000 0 0
76 21800 14000 0 0
77 21800 14200 0 0
78 21800 14400 0 0
79 22000 14400 0 0
80 22000 14600 0 0
81 22000 14800 0 0
82 22200 14800 0 0
83 22200 15000 0 0
84 22200 15200 0 0
85 22400 15200 0 0
86 22400 15400 0 0
87 22400 15600 0 0
88 22600 15600 0 0
89 22600 15800 0 0
90 22800 15800 0 0
91 22800 16000 0 0
92 22800 16200 0 0
93 23000 16200 0 0
94 23000 16400 0 0
95 23000 16600 0 0
96 23200 16600 0 0
97 23200 16800 0 0
98 23200 17000 0 0
99 23400 17000 0 0
100 23400 17200 0 0
101 23400 17400 0 0
102 23600 17400 0 0
103 23600 17600 0 0
104 23600 17800 0 0
105 23800 17800 0 0
106 23800 18000 0 0
107 24000 18000 0 0
108 24000 18200 0 0
109 24000 18400 0 0
110 24200 18400 0 0
111 24200 18600 0 0
112 24200 18800 0 0
113 24400 18800 0 0
114 24400 19000 0 0
115 24400 19200 0 0
116 24600 19200 0 0
117 24600 19400 0 0
118 24600 19600 0 0
119 24800 19600 0 0
120 24800 19800 0 0
121 24800 20000 0 0
122 24800 20200 0 0
123 24800 20400 0 0
124 24800 20600 0 0
125 24600 20600 0 0
126 24600 20800 0 0
127 24600 21000 0 0
128 24600 21200 0 0
129 24600 21400 0 0
130 24600 21600 0 0
131 24600 21800 0 0
132 24600 22000 0 0
133 24600 22200 0 0
134 24600 22400 0 0
135 24600 22600 0 0
136 24600 22800 0 0
137 24400 22800 0 0
138 24400 23000 0 0
139 24400 23200 0 0
140 24400 23400 0 0
141 24200 23400 0 0
142 24200 23600 0 0
143 24000 23600 0 0
144 24000 23800 0 0
145 24000 24000 0 0
146 23800 24000 0 0
147 23800 24200 0 0
148 23800 24400 0 0
149 23600 24400 0 0
150 23600 24600 0 0
151 23600 24800 0 0
152 23600 25000 0 0
153 23400 25000 0 0
154 23400 25200 0 0
155 23400 25400 0 0
156 23200 25400 0 0
157 23200 25600 0 0
158 23200 25800 0 0
159 23000 25800 0 0
160 23000 26000 0 0
161 23000 26200 0 0
162 22800 26200 0 0
163 22800 26400 0 0
164 22800 26600 0 0
165 22800 26800 0 0
166 22600 26800 0 0
167 22600 27000 0 0
168 22600 27200 0 0
169 22600 27400 0 0
170 22600 27600 0 0
171 22600 27800 0 0
172 22600 28000 0 0
173 22600 28200 0 0
174 22600 28400 0 0
175 22600 28600 0 0
176 22600 28800 0 0
177 22600 29000 0 0
178 22600 29200 0 0
179 22600 29400 0 0
180 22600 29600 0 0
181 22400 29600 0 0
182 22400 29800 0 0
183 22400 30000 0 0
184 22400 30200 0 0
185 22400 30400 0 0
186 22400 30600 0 0
187 22400 30800 0 0
188 22400 31000 0 0
189 22400 31200 0 0
190 22400 31400 0 0
191 22400 31600 0 0
192 22400 31800 0 0
193 22600 31800 0 0
194 22600 32000 0 0
195 22600 32200 0 0
196 22800 32200 0 0
197 22800 32400 0 0
198 22800 32600 0 0
199 22800 32800 0 0
200 22800 33000 0 0
201 23000 33000 0 0
202 23000 33200 0 0
203 23000 33400 0 0
204 23000 33600 0 0
205 23200 33600 0 0
206 23200 33800 0 0
207 23200 34000 0 0
208 23200 34200 0 0
209 23400 34200 0 0
210 23400 34400 0 0
211 23400 34600 0 0
212 23400 34800 0 0
213 23400 35000 0 0
214 23600 35000 0 0
215 23600 35200 0 0
216 23600 35400 0 0
217 23600 35600 0 0
218 23800 35600 0 0
219 23800 35800 0 0
220 23800 36000 0 0
221 23800 36200 0 0
222 23800 36400 0 0
223 24000 36400 0 0
224 24000 36600 0 0
225 24000 36800 0 0
226 24000 37000 0 0
227 24200 37000 0 0
228 24200 37200 0 0
229 24200 37400 0 0
230 24200 37600 0 0
231 24200 37800 0 0
232 24400 37800 0 0
233 24400 38000 0 0
234 24400 38200 0 0
235 24400 38400 0 0
236 24400 38600 0 0
237 24600 38600 0 0
238 24600 38800 0 0
239 24600 39000 0 0
240 24600 39200 0 0
241 24800 39200 0 0
242 24800 39400 0 0
243 24800 39600 0 0
244 24800 39800 0 0
245 24800 40000 0 0
246 24800 40200 0 0
247 24800 40400 0 0
248 24800 40600 0 0
249 24800 40800 0 0
250 24800 41000 0 0
251 25000 41000 0 0
252 25000 41200 0 0
253 25000 41400 0 0
254 25000 41600 0 0
255 25000 41800 0 0
256 25000 42000 0 0
257 25000 42200 0 0
258 25000 42400 0 0
259 25000 42600 0 0
260 25000 42800 0 0
261 25000 43000 0 0
262 25000 43200 0 0
263 25200 43200 0 0
264 25200 43400 0 0
265 25200 43600 0 0
266 25200 43800 0 0
267 25200 44000 0 0
268 25200 44200 0 0
269 25200 44400 0 0
270 25200 44600 0 0
271 25200 44800 0 0
272 25200 45000 0 0
273 25200 45200 0 0
274 25200 45400 0 0
275 25200 45600 0 0
276 25200 45800 0 0
277 25200 46000 0 0
278 25200 46200 0 0
279 25200 46400 0 0
280 25200 46600 0 0
281 25200 46800 0 0
282 25200 47000 0 0
