0 1 102 0 0
1 2 102 0 0
2 3 102 0 0
3 4 102 0 0
4 5 102 0 0
5 6 102 0 0
6 7 102 0 0
7 8 102 0 0
8 9 102 0 0
9 10 102 0 0
10 11 102 0 0
11 12 102 0 0
12 13 102 0 0
13 14 102 0 0
14 15 102 0 0
15 16 102 0 0
16 17 102 0 0
17 18 102 0 0
18 19 102 0 0
19 20 102 0 0
20 21 102 0 0
21 22 102 0 0
22 23 102 0 0
23 24 102 0 0
24 25 102 0 0
25 26 102 0 0
26 27 102 0 0
27 28 102 0 0
28 29 102 0 0
29 30 102 0 0
30 31 102 0 0
31 32 102 0 0
32 33 102 0 0
33 34 102 0 0
34 35 102 0 0
35 36 102 0 0
36 37 102 0 0
37 38 102 0 0
38 39 102 0 0
39 40 102 0 0
40 41 102 0 0
41 42 102 0 0
42 43 102 0 0
43 44 102 0 0
44 45 102 0 0
45 46 102 0 0
46 47 102 0 0
47 48 102 0 0
48 48 101 0 0
49 49 101 0 0
50 50 101 0 0
51 51 101 0 0
52 52 101 0 0
53 53 101 0 0
54 53 100 0 0
55 54 100 0 0
56 55 100 0 0
57 56 100 0 0
58 57 100 0 0
59 58 100 0 0
60 58 99 0 0
61 59 99 0 0
62 60 99 0 0
63 61 99 0 0
64 62 99 0 0
65 63 99 0 0
66 64 99 0 0
67 64 98 0 0
68 65 98 0 0
69 66 98 0 0
70 67 98 0 0
71 68 98 0 0
72 68 97 0 0
73 69 97 0 0
74 69 96 0 0
75 70 96 0 0
76 71 96 0 0
77 71 95 0 0
78 72 95 0 0
79 72 94 0 0
80 73 94 0 0
81 74 94 0 0
82 74 93 0 0
83 75 93 0 0
84 76 93 0 0
85 77 93 0 0
86 77 92 0 0
87 78 92 0 0
88 79 92 0 0
89 80 92 0 0
90 80 91 0 0
91 81 91 0 0
92 82 91 0 0
93 83 91 0 0
94 83 90 0 0
95 84 90 0 0
96 85 90 0 0
97 85 89 0 0
98 86 89 0 0
99 87 89 0 0
100 88 89 0 0
101 88 88 0 0
102 89 88 0 0
103 90 88 0 0
104 91 88 0 0
105 91 87 0 0
106 92 87 0 0
107 93 87 0 0
108 94 87 0 0
109 94 86 0 0
110 94 87 0 0
111 95 87 0 0
112 96 87 0 0
113 97 87 0 0
114 98 87 0 0
115 99 87 0 0
116 100 87 0 0
117 101 87 0 0
118 102 87 0 0
119 103 87 0 0
120 104 87 0 0
121 104 88 0 0
122 105 88 0 0
123 106 88 0 0
124 106 89 0 0
125 107 89 0 0
126 108 89 0 0
127 108 90 0 0
128 109 90 0 0
129 110 90 0 0
130 110 91 0 0
131 110 92 0 0
132 110 93 0 0
133 111 93 0 0
134 111 94 0 0
135 112 94 0 0
136 112 95 0 0
137 112 96 0 0
138 112 97 0 0
139 112 98 0 0
140 112 99 0 0
141 113 99 0 0
142 113 100 0 0
143 113 101 0 0
144 113 102 0 0
145 113 103 0 0
146 113 104 0 0
147 113 105 0 0
148 113 106 0 0
149 114 106 0 0
150 114 107 0 0
151 114 108 0 0
152 114 109 0 0
153 114 110 0 0
154 114 111 0 0
155 113 111 0 0
156 113 112 0 0
157 113 113 0 0
158 113 114 0 0
159 113 115 0 0
160 112 115 0 0
161 112 116 0 0
162 112 117 0 0
163 112 118 0 0
164 111 118 0 0
165 111 119 0 0
166 111 120 0 0
167 111 121 0 0
168 111 122 0 0
169 110 122 0 0
170 110 123 0 0
171 110 124 0 0
172 110 125 0 0
173 110 126 0 0
174 110 127 0 0
175 110 128 0 0
176 110 129 0 0
177 110 130 0 0
178 110 131 0 0
179 110 132 0 0
180 110 133 0 0
181 110 134 0 0
182 110 135 0 0
183 110 136 0 0
184 110 137 0 0
185 110 138 0 0
186 110 139 0 0
187 110 140 0 0
188 110 141 0 0
189 111 141 0 0
190 111 142 0 0
191 111 143 0 0
192 111 144 0 0
193 111 145 0 0
194 111 146 0 0
195 111 147 0 0
196 111 148 0 0
197 111 149 0 0
198 111 150 0 0
199 111 151 0 0
200 111 152 0 0
201 112 152 0 0
202 112 153 0 0
203 112 154 0 0
204 112 155 0 0
205 112 156 0 0
206 112 157 0 0
207 112 158 0 0
208 113 158 0 0
209 113 159 0 0
210 113 160 0 0
211 113 161 0 0
212 113 162 0 0
213 114 162 0 0
214 114 163 0 0
215 114 164 0 0
216 114 165 0 0
217 114 166 0 0
218 114 167 0 0
219 114 168 0 0
220 115 168 0 0
221 115 169 0 0
222 115 170 0 0
223 115 171 0 0
224 115 172 0 0
225 115 173 0 0
226 115 174 0 0
227 116 174 0 0
228 116 175 0 0
229 116 176 0 0
230 116 177 0 0
231 116 178 0 0
232 116 179 0 0
233 117 179 0 0
234 117 180 0 0
235 117 181 0 0
236 117 182 0 0
237 117 183 0 0
238 117 184 0 0
239 117 185 0 0
240 118 185 0 0
241 118 186 0 0
242 118 187 0 0
243 118 188 0 0
244 118 189 0 0
245 119 189 0 0
246 119 190 0 0
247 119 191 0 0
248 119 192 0 0
249 119 193 0 0
250 120 193 0 0
251 120 194 0 0
252 120 195 0 0
253 120 196 0 0
254 121 196 0 0
255 121 197 0 0
256 121 198 0 0
257 121 199 0 0
258 121 200 0 0
259 121 201 0 0
260 122 201 0 0
261 122 202 0 0
262 122 203 0 0
263 122 204 0 0
264 122 205 0 0
265 122 206 0 0
266 122 207 0 0
267 123 207 0 0
268 123 208 0 0
269 123 209 0 0
270 123 210 0 0
271 123 211 0 0
272 124 211 0 0
273 124 212 0 0
274 124 213 0 0
275 124 214 0 0
276 125 214 0 0
277 125 215 0 0
278 125 216 0 0
279 125 217 0 0
280 125 218 0 0
281 125 219 0 0
282 125 220 0 0
283 125 221 0 0
284 125 222 0 0
285 125 223 0 0
286 125 224 0 0
287 125 225 0 0
288 125 226 0 0
289 125 227 0 0
290 125 228 0 0
291 125 229 0 0
292 125 230 0 0
293 125 231 0 0
294 125 232 0 0
295 125 233 0 0
296 125 234 0 0
297 125 235 0 0
