0 22800 21800 0 0
1 22800 21600 0 0
2 23000 21600 0 0
3 23200 21600 0 0
4 23200 21400 0 0
5 23400 21400 0 0
6 23600 21400 0 0
7 23800 21400 0 0
8 23800 21200 0 0
9 24000 21200 0 0
10 24200 21200 0 0
11 24200 21000 0 0
12 24400 21000 0 0
13 24400 20800 0 0
14 24600 20800 0 0
15 24800 20800 0 0
16 25000 20800 0 0
17 25000 20600 0 0
18 25200 20600 0 0
19 25400 20600 0 0
20 25400 20400 0 0
21 25600 20400 0 0
22 25800 20400 0 0
23 26000 20400 0 0
24 26000 20200 0 0
25 26200 20200 0 0
26 26400 20200 0 0
27 26400 20000 0 0
28 26600 20000 0 0
29 26800 20000 0 0
30 27000 20000 0 0
31 27000 19800 0 0
32 27200 19800 0 0
33 27400 19800 0 0
34 27400 19600 0 0
35 27600 19600 0 0
36 27800 19600 0 0
37 28000 19600 0 0
38 28000 19400 0 0
39 28200 19400 0 0
40 28400 19400 0 0
41 28400 19200 0 0
42 28600 19200 0 0
43 28800 19200 0 0
44 28800 19000 0 0
45 29000 19000 0 0
46 29200 19000 0 0
47 29400 19000 0 0
48 29600 19000 0 0
49 29600 18800 0 0
50 29800 18800 0 0
51 30000 18800 0 0
52 30200 18800 0 0
53 30200 18600 0 0
54 30400 18600 0 0
55 30600 18600 0 0
56 30800 18600 0 0
57 31000 18600 0 0
58 31200 18600 0 0
59 31400 18600 0 0
60 31400 18400 0 0
61 31600 18400 0 0
62 31800 18400 0 0
63 32000 18400 0 0
64 32200 18400 0 0
65 32400 18400 0 0
66 32600 18400 0 0
67 32800 18400 0 0
68 32800 18200 0 0
69 33000 18200 0 0
70 33200 18200 0 0
71 33400 18200 0 0
72 33600 18200 0 0
73 33800 18200 0 0
74 34000 18200 0 0
75 34200 18200 0 0
76 34400 18200 0 0
77 34600 18200 0 0
78 34600 18000 0 0
79 34800 18000 0 0
80 35000 18000 0 0
81 35200 18000 0 0
82 35400 18000 0 0
83 35600 18000 0 0
84 35800 18000 0 0
85 36000 18000 0 0
86 36200 18000 0 0
87 36400 18000 0 0
88 36600 18000 0 0
89 36800 18000 0 0
90 37000 18000 0 0
91 37200 18000 0 0
92 37400 18000 0 0
93 37600 18000 0 0
94 37800 18000 0 0
95 37800 17800 0 0
96 38000 17800 0 0
97 38200 17800 0 0
98 38400 17800 0 0
99 38600 17800 0 0
100 38800 17800 0 0
101 39000 17800 0 0
102 39000 18000 0 0
103 39200 18000 0 0
