0 1 81 0 0
1 2 81 0 0
2 3 81 0 0
3 4 81 0 0
4 4 82 0 0
5 5 82 0 0
6 6 82 0 0
7 7 82 0 0
8 8 82 0 0
9 9 82 0 0
10 10 82 0 0
11 11 82 0 0
12 12 82 0 0
13 13 82 0 0
14 13 83 0 0
15 14 83 0 0
16 15 83 0 0
17 16 83 0 0
18 17 83 0 0
19 18 83 0 0
20 19 83 0 0
21 20 83 0 0
22 21 83 0 0
23 22 83 0 0
24 22 84 0 0
25 23 84 0 0
26 24 84 0 0
27 25 84 0 0
28 26 84 0 0
29 27 84 0 0
30 28 84 0 0
31 29 84 0 0
32 30 84 0 0
33 30 85 0 0
34 31 85 0 0
35 32 85 0 0
36 33 85 0 0
37 34 85 0 0
38 35 85 0 0
39 36 85 0 0
40 37 85 0 0
41 38 85 0 0
42 39 85 0 0
43 40 85 0 0
44 41 85 0 0
45 42 85 0 0
46 42 86 0 0
47 43 86 0 0
48 44 86 0 0
49 45 86 0 0
50 46 86 0 0
51 47 86 0 0
52 48 86 0 0
53 49 86 0 0
54 50 86 0 0
55 51 86 0 0
56 52 86 0 0
57 52 87 0 0
58 53 87 0 0
59 54 87 0 0
60 55 87 0 0
61 56 87 0 0
62 57 87 0 0
63 58 87 0 0
64 59 87 0 0
65 60 87 0 0
66 61 87 0 0
67 62 87 0 0
68 63 87 0 0
69 63 88 0 0
70 64 88 0 0
71 65 88 0 0
72 66 88 0 0
73 67 88 0 0
74 68 88 0 0
75 69 88 0 0
76 70 88 0 0
77 71 88 0 0
78 72 88 0 0
79 73 88 0 0
80 74 88 0 0
81 74 89 0 0
82 75 89 0 0
83 76 89 0 0
84 77 89 0 0
85 78 89 0 0
86 79 89 0 0
87 80 89 0 0
88 81 89 0 0
89 82 89 0 0
90 83 89 0 0
91 84 89 0 0
92 85 89 0 0
93 86 89 0 0
94 87 89 0 0
95 87 90 0 0
96 88 90 0 0
97 89 90 0 0
98 90 90 0 0
99 91 90 0 0
100 92 90 0 0
101 93 90 0 0
102 94 90 0 0
103 95 90 0 0
104 96 90 0 0
105 97 90 0 0
106 98 90 0 0
107 99 90 0 0
108 100 90 0 0
109 101 90 0 0
110 102 90 0 0
111 103 90 0 0
112 104 90 0 0
113 105 90 0 0
114 106 90 0 0
115 107 90 0 0
116 108 90 0 0
117 109 90 0 0
118 110 90 0 0
119 111 90 0 0
120 112 90 0 0
121 113 90 0 0
122 114 90 0 0
123 115 90 0 0
124 116 90 0 0
125 117 90 0 0
126 118 90 0 0
127 118 91 0 0
128 119 91 0 0
129 120 91 0 0
130 121 91 0 0
131 122 91 0 0
132 123 91 0 0
133 124 91 0 0
134 125 91 0 0
135 126 91 0 0
136 127 91 0 0
137 128 91 0 0
138 129 91 0 0
139 129 90 0 0
140 130 90 0 0
141 131 90 0 0
142 132 90 0 0
143 133 90 0 0
144 134 90 0 0
145 135 90 0 0
146 136 90 0 0
147 137 90 0 0
148 138 90 0 0
149 139 90 0 0
150 140 90 0 0
151 141 90 0 0
152 142 90 0 0
153 143 90 0 0
154 144 90 0 0
155 145 90 0 0
156 146 90 0 0
157 147 90 0 0
158 148 90 0 0
159 149 90 0 0
160 150 90 0 0
161 151 90 0 0
162 152 90 0 0
163 153 90 0 0
164 154 90 0 0
165 155 90 0 0
166 156 90 0 0
167 157 90 0 0
168 158 90 0 0
169 159 90 0 0
170 159 89 0 0
171 160 89 0 0
172 161 89 0 0
173 162 89 0 0
174 163 89 0 0
175 164 89 0 0
176 165 89 0 0
177 166 89 0 0
178 167 89 0 0
179 168 89 0 0
180 169 89 0 0
181 170 89 0 0
182 171 89 0 0
183 172 89 0 0
184 173 89 0 0
185 174 89 0 0
186 175 89 0 0
187 175 88 0 0
188 176 88 0 0
189 176 89 0 0
190 177 89 0 0
191 178 89 0 0
192 179 89 0 0
193 180 89 0 0
194 181 89 0 0
195 181 88 0 0
196 181 89 0 0
197 182 89 0 0
198 183 89 0 0
199 184 89 0 0
200 185 89 0 0
201 186 89 0 0
202 187 89 0 0
203 188 89 0 0
204 189 89 0 0
205 190 89 0 0
206 191 89 0 0
207 192 89 0 0
208 192 88 0 0
209 193 88 0 0
210 194 88 0 0
211 194 89 0 0
212 195 89 0 0
213 196 89 0 0
