0 11800 400 0 0
1 11800 600 0 0
2 11800 800 0 0
3 11800 1000 0 0
4 11800 1200 0 0
5 11800 1400 0 0
6 11800 1600 0 0
7 11800 1800 0 0
8 11800 2000 0 0
9 11800 2200 0 0
10 11800 2400 0 0
11 11800 2600 0 0
12 11800 2800 0 0
13 11800 3000 0 0
14 11800 3200 0 0
15 11800 3400 0 0
16 11800 3600 0 0
17 11800 3800 0 0
18 12000 3800 0 0
19 12000 4000 0 0
20 12000 4200 0 0
21 12000 4400 0 0
22 12000 4600 0 0
23 12000 4800 0 0
24 12000 5000 0 0
25 11800 5000 0 0
26 11800 5200 0 0
27 11800 5400 0 0
28 11800 5600 0 0
29 11800 5800 0 0
30 11800 6000 0 0
31 11800 6200 0 0
32 11800 6400 0 0
33 11800 6600 0 0
34 11800 6800 0 0
35 11800 7000 0 0
36 11600 7000 0 0
37 11600 7200 0 0
38 11800 7200 0 0
39 11800 7400 0 0
40 11800 7600 0 0
41 11800 7800 0 0
42 11800 8000 0 0
43 11800 8200 0 0
44 11600 8200 0 0
45 11600 8400 0 0
46 11600 8600 0 0
47 11600 8800 0 0
48 11400 8800 0 0
49 11400 9000 0 0
50 11400 9200 0 0
51 11400 9400 0 0
52 11200 9400 0 0
53 11200 9600 0 0
54 11200 9800 0 0
55 11200 10000 0 0
56 11200 10200 0 0
57 11200 10400 0 0
58 11000 10400 0 0
59 11000 10600 0 0
60 11000 10800 0 0
61 11000 11000 0 0
62 11000 11200 0 0
63 10800 11200 0 0
64 10800 11400 0 0
65 10800 11600 0 0
66 10600 11600 0 0
67 10600 11800 0 0
68 10400 11800 0 0
69 10400 12000 0 0
70 10400 12200 0 0
71 10200 12200 0 0
72 10200 12400 0 0
73 10200 12600 0 0
74 10000 12600 0 0
75 10000 12800 0 0
76 10000 13000 0 0
77 9800 13000 0 0
78 9600 13000 0 0
79 9600 13200 0 0
80 9600 13400 0 0
81 9400 13400 0 0
82 9400 13600 0 0
83 9400 13800 0 0
84 9200 13800 0 0
85 9200 14000 0 0
86 9000 14000 0 0
87 9000 14200 0 0
88 8800 14200 0 0
89 8800 14400 0 0
90 8600 14400 0 0
91 8600 14600 0 0
92 8400 14600 0 0
93 8400 14800 0 0
94 8200 14800 0 0
95 8200 15000 0 0
96 8000 15000 0 0
97 8000 15200 0 0
98 7800 15200 0 0
99 7800 15400 0 0
100 7600 15400 0 0
101 7600 15600 0 0
102 7400 15600 0 0
103 7200 15600 0 0
104 7200 15800 0 0
105 7000 15800 0 0
106 6800 15800 0 0
107 6800 16000 0 0
108 6600 16000 0 0
109 6600 16200 0 0
110 6400 16200 0 0
111 6200 16200 0 0
112 6200 16400 0 0
113 6000 16400 0 0
114 5800 16400 0 0
115 5800 16600 0 0
116 5600 16600 0 0
117 5400 16600 0 0
118 5400 16800 0 0
119 5200 16800 0 0
120 5000 16800 0 0
121 5000 17000 0 0
122 4800 17000 0 0
123 4800 17200 0 0
124 4600 17200 0 0
125 4400 17200 0 0
126 4200 17200 0 0
127 4200 17400 0 0
128 4000 17400 0 0
129 3800 17400 0 0
130 3600 17400 0 0
131 3600 17600 0 0
132 3400 17600 0 0
133 3200 17600 0 0
134 3000 17600 0 0
135 2800 17600 0 0
136 2800 17800 0 0
137 2600 17800 0 0
138 2400 17800 0 0
139 2200 17800 0 0
140 2000 17800 0 0
141 1800 17800 0 0
142 1600 17800 0 0
143 1400 17800 0 0
144 1200 17800 0 0
145 1200 18000 0 0
146 1000 18000 0 0
147 800 18000 0 0
148 600 18000 0 0
149 400 18000 0 0
