0 196 75 0 0
1 195 75 0 0
2 195 74 0 0
3 194 74 0 0
4 193 74 0 0
5 192 74 0 0
6 191 74 0 0
7 190 74 0 0
8 189 74 0 0
9 188 74 0 0
10 187 74 0 0
11 186 74 0 0
12 186 73 0 0
13 185 73 0 0
14 184 73 0 0
15 183 73 0 0
16 182 73 0 0
17 181 73 0 0
18 180 73 0 0
19 180 72 0 0
20 179 72 0 0
21 178 72 0 0
22 177 72 0 0
23 176 72 0 0
24 176 73 0 0
25 175 73 0 0
26 174 73 0 0
27 173 73 0 0
28 172 73 0 0
29 171 73 0 0
30 171 74 0 0
31 170 74 0 0
32 169 74 0 0
33 168 74 0 0
34 167 74 0 0
35 166 74 0 0
36 165 74 0 0
37 164 74 0 0
38 164 75 0 0
39 163 75 0 0
40 162 75 0 0
41 161 75 0 0
42 160 75 0 0
43 160 76 0 0
44 159 76 0 0
45 158 76 0 0
46 157 76 0 0
47 156 76 0 0
48 156 77 0 0
49 155 77 0 0
50 154 77 0 0
51 153 77 0 0
52 152 77 0 0
53 152 78 0 0
54 151 78 0 0
55 150 78 0 0
56 149 78 0 0
57 148 78 0 0
58 148 79 0 0
59 147 79 0 0
60 146 79 0 0
61 145 79 0 0
62 145 80 0 0
63 144 80 0 0
64 143 80 0 0
65 142 80 0 0
66 142 81 0 0
67 141 81 0 0
68 140 81 0 0
69 139 81 0 0
70 138 81 0 0
71 138 82 0 0
72 137 82 0 0
73 136 82 0 0
74 135 82 0 0
75 135 83 0 0
76 134 83 0 0
77 133 83 0 0
78 132 83 0 0
79 131 83 0 0
80 131 84 0 0
81 130 84 0 0
82 129 84 0 0
83 128 84 0 0
84 127 84 0 0
85 126 84 0 0
86 125 84 0 0
87 124 84 0 0
88 123 84 0 0
89 122 84 0 0
90 122 83 0 0
91 121 83 0 0
92 121 84 0 0
93 120 84 0 0
94 119 84 0 0
95 118 84 0 0
96 117 84 0 0
97 116 84 0 0
98 115 84 0 0
99 115 85 0 0
100 114 85 0 0
101 113 85 0 0
102 112 85 0 0
103 111 85 0 0
104 110 85 0 0
105 109 85 0 0
106 109 86 0 0
107 108 86 0 0
108 107 86 0 0
109 106 86 0 0
110 105 86 0 0
111 104 86 0 0
112 103 86 0 0
113 102 86 0 0
114 101 86 0 0
115 101 87 0 0
116 100 87 0 0
117 99 87 0 0
118 98 87 0 0
119 97 87 0 0
120 96 87 0 0
121 95 87 0 0
122 94 87 0 0
123 93 87 0 0
124 92 87 0 0
125 92 88 0 0
126 91 88 0 0
127 90 88 0 0
128 89 88 0 0
129 88 88 0 0
130 87 88 0 0
131 86 88 0 0
132 85 88 0 0
133 84 88 0 0
134 83 88 0 0
135 82 88 0 0
136 81 88 0 0
137 81 89 0 0
138 80 89 0 0
139 79 89 0 0
140 78 89 0 0
141 77 89 0 0
142 76 89 0 0
143 75 89 0 0
144 74 89 0 0
145 73 89 0 0
146 72 89 0 0
147 71 89 0 0
148 70 89 0 0
149 70 90 0 0
150 69 90 0 0
151 68 90 0 0
152 67 90 0 0
153 66 90 0 0
154 65 90 0 0
155 64 90 0 0
156 63 90 0 0
157 62 90 0 0
158 61 90 0 0
159 61 91 0 0
160 60 91 0 0
161 59 91 0 0
162 58 91 0 0
163 57 91 0 0
164 56 91 0 0
165 55 91 0 0
166 54 91 0 0
167 53 91 0 0
168 52 91 0 0
169 51 91 0 0
170 51 92 0 0
171 50 92 0 0
172 49 92 0 0
173 48 92 0 0
174 47 92 0 0
175 46 92 0 0
176 45 92 0 0
177 44 92 0 0
178 43 92 0 0
179 42 92 0 0
180 41 92 0 0
181 41 93 0 0
182 40 93 0 0
183 39 93 0 0
184 38 93 0 0
185 37 93 0 0
186 36 93 0 0
187 35 93 0 0
188 34 93 0 0
189 33 93 0 0
190 32 93 0 0
191 31 93 0 0
192 31 94 0 0
193 30 94 0 0
194 29 94 0 0
195 28 94 0 0
196 27 94 0 0
197 26 94 0 0
198 25 94 0 0
199 24 94 0 0
200 23 94 0 0
201 22 94 0 0
202 21 94 0 0
203 20 94 0 0
204 19 94 0 0
205 18 94 0 0
206 17 94 0 0
207 16 94 0 0
208 15 94 0 0
209 14 94 0 0
210 13 94 0 0
211 12 94 0 0
212 11 94 0 0
213 10 94 0 0
214 9 94 0 0
215 8 94 0 0
216 7 94 0 0
217 6 94 0 0
218 5 94 0 0
219 4 94 0 0
220 3 94 0 0
221 3 93 0 0
222 2 93 0 0
223 1 93 0 0
