0 2 95 0 0
1 2 96 0 0
2 3 96 0 0
3 2 96 0 0
4 3 96 0 0
5 2 96 0 0
6 3 96 0 0
7 2 96 0 0
8 3 96 0 0
9 4 96 0 0
10 3 96 0 0
11 4 96 0 0
12 5 96 0 0
13 4 96 0 0
14 5 96 0 0
15 4 96 0 0
16 5 96 0 0
17 4 96 0 0
18 5 96 0 0
19 6 96 0 0
20 5 96 0 0
21 6 96 0 0
22 5 96 0 0
23 5 97 0 0
24 6 97 0 0
25 7 97 0 0
26 6 97 0 0
27 7 97 0 0
28 6 97 0 0
29 7 97 0 0
30 8 97 0 0
31 7 97 0 0
32 8 97 0 0
33 7 97 0 0
34 8 97 0 0
35 9 97 0 0
36 8 97 0 0
37 9 97 0 0
38 8 97 0 0
39 9 97 0 0
40 10 97 0 0
41 9 97 0 0
42 10 97 0 0
43 11 97 0 0
44 10 97 0 0
45 11 97 0 0
46 10 97 0 0
47 11 97 0 0
48 12 97 0 0
49 11 97 0 0
50 12 97 0 0
51 11 97 0 0
52 12 97 0 0
53 13 97 0 0
54 12 97 0 0
55 13 97 0 0
56 12 97 0 0
57 13 97 0 0
58 14 97 0 0
59 13 97 0 0
60 14 97 0 0
61 13 97 0 0
62 14 97 0 0
63 15 97 0 0
64 14 97 0 0
65 15 97 0 0
66 14 97 0 0
67 15 97 0 0
68 16 97 0 0
69 15 97 0 0
70 16 97 0 0
71 17 97 0 0
72 16 97 0 0
73 17 97 0 0
74 16 97 0 0
75 17 97 0 0
76 18 97 0 0
77 17 97 0 0
78 18 97 0 0
79 17 97 0 0
80 18 97 0 0
81 19 97 0 0
82 18 97 0 0
83 18 98 0 0
84 19 98 0 0
85 18 98 0 0
86 19 98 0 0
87 20 98 0 0
88 19 98 0 0
89 20 98 0 0
90 19 98 0 0
91 20 98 0 0
92 19 98 0 0
93 20 98 0 0
94 21 98 0 0
95 20 98 0 0
96 21 98 0 0
97 22 98 0 0
98 21 98 0 0
99 22 98 0 0
100 21 98 0 0
101 22 98 0 0
102 21 98 0 0
103 22 98 0 0
104 23 98 0 0
105 22 98 0 0
106 23 98 0 0
107 22 98 0 0
108 23 98 0 0
109 24 98 0 0
110 23 98 0 0
111 24 98 0 0
112 23 98 0 0
113 24 98 0 0
114 25 98 0 0
115 24 98 0 0
116 25 98 0 0
117 24 98 0 0
118 25 98 0 0
119 24 98 0 0
120 25 98 0 0
121 26 98 0 0
122 25 98 0 0
123 26 98 0 0
124 25 98 0 0
125 26 98 0 0
126 27 98 0 0
127 26 98 0 0
128 27 98 0 0
129 26 98 0 0
130 27 98 0 0
131 28 98 0 0
132 27 98 0 0
133 28 98 0 0
134 27 98 0 0
135 27 99 0 0
136 28 99 0 0
137 29 99 0 0
138 28 99 0 0
139 29 99 0 0
140 30 99 0 0
141 29 99 0 0
142 30 99 0 0
143 29 99 0 0
144 30 99 0 0
145 31 99 0 0
146 30 99 0 0
147 31 99 0 0
148 30 99 0 0
149 31 99 0 0
150 32 99 0 0
151 31 99 0 0
152 32 99 0 0
153 31 99 0 0
154 32 99 0 0
155 33 99 0 0
156 32 99 0 0
157 33 99 0 0
158 32 99 0 0
159 33 99 0 0
160 34 99 0 0
161 33 99 0 0
162 34 99 0 0
163 35 99 0 0
164 34 99 0 0
165 35 99 0 0
166 34 99 0 0
167 35 99 0 0
168 35 100 0 0
169 36 100 0 0
170 35 100 0 0
171 36 100 0 0
172 35 100 0 0
173 36 100 0 0
174 37 100 0 0
175 36 100 0 0
176 37 100 0 0
177 36 100 0 0
178 37 100 0 0
179 38 100 0 0
180 37 100 0 0
181 38 100 0 0
182 39 100 0 0
183 38 100 0 0
184 39 100 0 0
185 38 100 0 0
186 39 100 0 0
187 40 100 0 0
188 39 100 0 0
189 40 100 0 0
190 39 100 0 0
191 40 100 0 0
192 39 100 0 0
193 40 100 0 0
194 41 100 0 0
195 40 100 0 0
196 41 100 0 0
197 40 100 0 0
198 41 100 0 0
199 42 100 0 0
200 41 100 0 0
201 42 100 0 0
202 41 100 0 0
203 42 100 0 0
204 41 100 0 0
205 42 100 0 0
206 43 100 0 0
207 42 100 0 0
208 43 100 0 0
209 42 100 0 0
210 43 100 0 0
211 44 100 0 0
212 43 100 0 0
213 44 100 0 0
214 43 100 0 0
215 44 100 0 0
216 45 100 0 0
217 44 100 0 0
218 45 100 0 0
219 44 100 0 0
220 45 100 0 0
221 44 100 0 0
222 45 100 0 0
223 46 100 0 0
224 45 100 0 0
225 46 100 0 0
226 45 100 0 0
227 46 100 0 0
228 45 100 0 0
229 46 100 0 0
230 47 100 0 0
231 46 100 0 0
232 47 100 0 0
233 46 100 0 0
234 47 100 0 0
235 48 100 0 0
236 47 100 0 0
237 48 100 0 0
238 47 100 0 0
239 48 100 0 0
240 49 100 0 0
241 48 100 0 0
242 49 100 0 0
243 50 100 0 0
244 49 100 0 0
245 50 100 0 0
246 49 100 0 0
247 50 100 0 0
248 49 100 0 0
249 50 100 0 0
250 51 100 0 0
251 50 100 0 0
252 51 100 0 0
253 52 100 0 0
254 51 100 0 0
255 52 100 0 0
256 51 100 0 0
257 52 100 0 0
258 51 100 0 0
259 52 100 0 0
260 53 100 0 0
261 52 100 0 0
262 52 101 0 0
263 53 101 0 0
264 52 101 0 0
265 53 101 0 0
266 54 101 0 0
267 53 101 0 0
268 54 101 0 0
269 55 101 0 0
270 54 101 0 0
271 55 101 0 0
272 54 101 0 0
273 55 101 0 0
274 54 101 0 0
275 55 101 0 0
276 56 101 0 0
277 55 101 0 0
278 56 101 0 0
279 57 101 0 0
280 56 101 0 0
281 57 101 0 0
282 56 101 0 0
283 57 101 0 0
284 56 101 0 0
285 57 101 0 0
286 58 101 0 0
287 57 101 0 0
288 58 101 0 0
289 59 101 0 0
290 58 101 0 0
291 59 101 0 0
292 58 101 0 0
293 59 101 0 0
294 60 101 0 0
295 59 101 0 0
296 60 101 0 0
297 59 101 0 0
298 60 101 0 0
299 61 101 0 0
300 60 101 0 0
301 61 101 0 0
302 62 101 0 0
303 61 101 0 0
304 62 101 0 0
305 61 101 0 0
306 62 101 0 0
307 63 101 0 0
308 62 101 0 0
309 63 101 0 0
310 62 101 0 0
311 63 101 0 0
312 64 101 0 0
313 63 101 0 0
314 64 101 0 0
315 65 101 0 0
316 64 101 0 0
317 65 101 0 0
318 64 101 0 0
319 65 101 0 0
320 66 101 0 0
321 65 101 0 0
322 66 101 0 0
323 65 101 0 0
324 66 101 0 0
325 65 101 0 0
326 66 101 0 0
327 67 101 0 0
328 66 101 0 0
329 67 101 0 0
330 66 101 0 0
331 67 101 0 0
332 67 100 0 0
333 68 100 0 0
334 67 100 0 0
335 68 100 0 0
336 67 100 0 0
337 68 100 0 0
338 69 100 0 0
339 68 100 0 0
340 69 100 0 0
341 68 100 0 0
342 69 100 0 0
343 70 100 0 0
344 69 100 0 0
345 70 100 0 0
346 69 100 0 0
347 70 100 0 0
348 71 100 0 0
349 70 100 0 0
350 71 100 0 0
351 70 100 0 0
352 71 100 0 0
353 72 100 0 0
354 71 100 0 0
355 72 100 0 0
356 71 100 0 0
357 72 100 0 0
358 71 100 0 0
359 72 100 0 0
360 72 99 0 0
361 73 99 0 0
362 72 99 0 0
363 73 99 0 0
364 72 99 0 0
365 73 99 0 0
366 74 99 0 0
367 73 99 0 0
368 74 99 0 0
369 73 99 0 0
370 74 99 0 0
371 75 99 0 0
372 74 99 0 0
373 75 99 0 0
374 74 99 0 0
375 75 99 0 0
376 76 99 0 0
377 75 99 0 0
378 76 99 0 0
379 75 99 0 0
380 76 99 0 0
381 77 99 0 0
382 76 99 0 0
383 77 99 0 0
384 76 99 0 0
385 77 99 0 0
386 76 99 0 0
387 77 99 0 0
388 77 98 0 0
389 78 98 0 0
390 77 98 0 0
391 78 98 0 0
392 79 98 0 0
393 78 98 0 0
394 79 98 0 0
395 78 98 0 0
396 79 98 0 0
397 78 98 0 0
398 79 98 0 0
399 80 98 0 0
400 79 98 0 0
401 79 97 0 0
402 80 97 0 0
403 79 97 0 0
404 80 97 0 0
405 81 97 0 0
406 80 97 0 0
407 81 97 0 0
408 80 97 0 0
409 81 97 0 0
410 82 97 0 0
411 81 97 0 0
412 82 97 0 0
413 81 97 0 0
414 81 96 0 0
415 82 96 0 0
416 83 96 0 0
417 82 96 0 0
418 83 96 0 0
419 82 96 0 0
420 83 96 0 0
421 82 96 0 0
422 83 96 0 0
423 84 96 0 0
424 83 96 0 0
425 83 95 0 0
426 84 95 0 0
427 83 95 0 0
428 84 95 0 0
429 85 95 0 0
430 84 95 0 0
431 85 95 0 0
432 84 95 0 0
433 85 95 0 0
434 86 95 0 0
435 85 95 0 0
436 86 95 0 0
437 85 95 0 0
438 86 95 0 0
439 87 95 0 0
440 86 95 0 0
441 87 95 0 0
442 86 95 0 0
443 86 94 0 0
444 87 94 0 0
445 86 94 0 0
446 87 94 0 0
447 88 94 0 0
448 87 94 0 0
449 88 94 0 0
450 89 94 0 0
451 88 94 0 0
452 89 94 0 0
453 88 94 0 0
454 89 94 0 0
455 88 94 0 0
456 89 94 0 0
457 90 94 0 0
458 89 94 0 0
459 90 94 0 0
460 90 93 0 0
461 91 93 0 0
462 90 93 0 0
463 91 93 0 0
464 90 93 0 0
465 91 93 0 0
466 90 93 0 0
467 91 93 0 0
468 92 93 0 0
469 91 93 0 0
470 92 93 0 0
471 91 93 0 0
472 92 93 0 0
473 92 92 0 0
474 93 92 0 0
475 92 92 0 0
476 93 92 0 0
477 92 92 0 0
478 93 92 0 0
479 94 92 0 0
480 93 92 0 0
481 94 92 0 0
482 93 92 0 0
483 94 92 0 0
484 93 92 0 0
485 94 92 0 0
486 94 91 0 0
487 95 91 0 0
488 94 91 0 0
489 95 91 0 0
490 94 91 0 0
491 95 91 0 0
492 96 91 0 0
493 95 91 0 0
494 96 91 0 0
495 95 91 0 0
496 96 91 0 0
497 96 90 0 0
498 97 90 0 0
499 96 90 0 0
500 97 90 0 0
501 96 90 0 0
502 97 90 0 0
503 98 90 0 0
504 97 90 0 0
505 98 90 0 0
506 97 90 0 0
507 98 90 0 0
508 97 90 0 0
509 98 90 0 0
510 98 89 0 0
511 99 89 0 0
512 98 89 0 0
513 99 89 0 0
514 98 89 0 0
515 99 89 0 0
516 100 89 0 0
517 99 89 0 0
518 100 89 0 0
519 99 89 0 0
520 100 89 0 0
521 101 89 0 0
522 100 89 0 0
523 101 89 0 0
524 100 89 0 0
525 101 89 0 0
526 102 89 0 0
527 101 89 0 0
528 102 89 0 0
529 101 89 0 0
530 102 89 0 0
531 103 89 0 0
532 102 89 0 0
533 103 89 0 0
534 102 89 0 0
535 103 89 0 0
536 104 89 0 0
537 103 89 0 0
538 104 89 0 0
539 103 89 0 0
540 104 89 0 0
541 105 89 0 0
542 104 89 0 0
543 105 89 0 0
544 104 89 0 0
545 105 89 0 0
546 106 89 0 0
547 105 89 0 0
548 106 89 0 0
549 105 89 0 0
550 106 89 0 0
551 107 89 0 0
552 106 89 0 0
553 107 89 0 0
554 106 89 0 0
555 107 89 0 0
556 106 89 0 0
557 107 89 0 0
558 108 89 0 0
559 107 89 0 0
560 108 89 0 0
561 109 89 0 0
562 108 89 0 0
563 109 89 0 0
564 108 89 0 0
565 109 89 0 0
566 110 89 0 0
567 109 89 0 0
568 110 89 0 0
569 109 89 0 0
570 110 89 0 0
571 111 89 0 0
572 110 89 0 0
573 111 89 0 0
574 110 89 0 0
575 111 89 0 0
576 112 89 0 0
577 111 89 0 0
578 112 89 0 0
579 111 89 0 0
580 112 89 0 0
581 113 89 0 0
582 112 89 0 0
583 113 89 0 0
584 112 89 0 0
585 113 89 0 0
586 114 89 0 0
587 113 89 0 0
588 114 89 0 0
589 113 89 0 0
590 114 89 0 0
591 113 89 0 0
592 114 89 0 0
593 115 89 0 0
594 114 89 0 0
595 115 89 0 0
596 114 89 0 0
597 114 90 0 0
598 115 90 0 0
599 116 90 0 0
600 115 90 0 0
601 116 90 0 0
602 115 90 0 0
603 116 90 0 0
604 115 90 0 0
605 116 90 0 0
606 117 90 0 0
607 116 90 0 0
608 117 90 0 0
609 118 90 0 0
610 117 90 0 0
611 118 90 0 0
612 117 90 0 0
613 118 90 0 0
614 117 90 0 0
615 118 90 0 0
616 119 90 0 0
617 118 90 0 0
618 119 90 0 0
619 118 90 0 0
620 119 90 0 0
621 118 90 0 0
622 119 90 0 0
623 119 91 0 0
624 120 91 0 0
625 119 91 0 0
626 120 91 0 0
627 119 91 0 0
628 120 91 0 0
629 121 91 0 0
630 120 91 0 0
631 121 91 0 0
632 120 91 0 0
633 121 91 0 0
634 120 91 0 0
635 121 91 0 0
636 122 91 0 0
637 121 91 0 0
638 122 91 0 0
639 123 91 0 0
640 122 91 0 0
641 123 91 0 0
642 122 91 0 0
643 123 91 0 0
644 122 91 0 0
645 123 91 0 0
646 124 91 0 0
647 123 91 0 0
648 124 91 0 0
649 123 91 0 0
650 124 91 0 0
651 123 91 0 0
652 124 91 0 0
653 125 91 0 0
654 124 91 0 0
655 124 92 0 0
656 125 92 0 0
657 126 92 0 0
658 125 92 0 0
659 126 92 0 0
660 125 92 0 0
661 126 92 0 0
662 125 92 0 0
663 126 92 0 0
664 127 92 0 0
665 126 92 0 0
666 127 92 0 0
667 126 92 0 0
668 127 92 0 0
669 126 92 0 0
670 127 92 0 0
671 128 92 0 0
672 127 92 0 0
673 128 92 0 0
674 129 92 0 0
675 128 92 0 0
676 129 92 0 0
677 128 92 0 0
678 129 92 0 0
679 128 92 0 0
680 129 92 0 0
681 130 92 0 0
682 129 92 0 0
683 130 92 0 0
684 129 92 0 0
685 130 92 0 0
686 131 92 0 0
687 130 92 0 0
688 131 92 0 0
689 130 92 0 0
690 130 93 0 0
691 131 93 0 0
692 132 93 0 0
693 131 93 0 0
694 132 93 0 0
695 131 93 0 0
696 132 93 0 0
697 133 93 0 0
698 132 93 0 0
699 133 93 0 0
700 132 93 0 0
701 133 93 0 0
702 132 93 0 0
703 133 93 0 0
704 134 93 0 0
705 133 93 0 0
706 134 93 0 0
707 133 93 0 0
708 134 93 0 0
709 133 93 0 0
710 134 93 0 0
711 135 93 0 0
712 134 93 0 0
713 135 93 0 0
714 136 93 0 0
715 135 93 0 0
716 136 93 0 0
717 135 93 0 0
718 136 93 0 0
719 135 93 0 0
720 136 93 0 0
721 137 93 0 0
722 136 93 0 0
723 137 93 0 0
724 136 93 0 0
725 137 93 0 0
726 138 93 0 0
727 137 93 0 0
728 138 93 0 0
729 137 93 0 0
730 138 93 0 0
731 137 93 0 0
732 138 93 0 0
733 139 93 0 0
734 138 93 0 0
735 139 93 0 0
736 138 93 0 0
737 139 93 0 0
738 138 93 0 0
739 139 93 0 0
740 140 93 0 0
741 139 93 0 0
742 139 94 0 0
743 140 94 0 0
744 141 94 0 0
745 140 94 0 0
746 141 94 0 0
747 140 94 0 0
748 141 94 0 0
749 142 94 0 0
750 141 94 0 0
751 142 94 0 0
752 141 94 0 0
753 142 94 0 0
754 143 94 0 0
755 142 94 0 0
756 143 94 0 0
757 142 94 0 0
758 143 94 0 0
759 144 94 0 0
760 143 94 0 0
761 144 94 0 0
762 143 94 0 0
763 144 94 0 0
764 143 94 0 0
765 144 94 0 0
766 145 94 0 0
767 144 94 0 0
768 144 95 0 0
769 145 95 0 0
770 146 95 0 0
771 145 95 0 0
772 146 95 0 0
773 145 95 0 0
774 146 95 0 0
775 147 95 0 0
776 146 95 0 0
777 147 95 0 0
778 146 95 0 0
779 147 95 0 0
780 146 95 0 0
781 147 95 0 0
782 148 95 0 0
783 147 95 0 0
784 148 95 0 0
785 149 95 0 0
786 148 95 0 0
787 149 95 0 0
788 148 95 0 0
789 149 95 0 0
790 148 95 0 0
791 149 95 0 0
792 150 95 0 0
793 149 95 0 0
794 149 96 0 0
795 150 96 0 0
796 151 96 0 0
797 150 96 0 0
798 151 96 0 0
799 150 96 0 0
800 151 96 0 0
801 150 96 0 0
802 151 96 0 0
803 152 96 0 0
804 151 96 0 0
805 152 96 0 0
806 151 96 0 0
807 152 96 0 0
808 153 96 0 0
809 152 96 0 0
810 153 96 0 0
811 152 96 0 0
812 153 96 0 0
813 154 96 0 0
814 153 96 0 0
815 154 96 0 0
816 153 96 0 0
817 154 96 0 0
818 153 96 0 0
819 154 96 0 0
820 155 96 0 0
821 154 96 0 0
822 155 96 0 0
823 154 96 0 0
824 155 96 0 0
825 156 96 0 0
826 155 96 0 0
827 156 96 0 0
828 155 96 0 0
829 156 96 0 0
830 157 96 0 0
831 156 96 0 0
832 157 96 0 0
833 156 96 0 0
834 157 96 0 0
835 158 96 0 0
836 157 96 0 0
837 158 96 0 0
838 157 96 0 0
839 158 96 0 0
840 157 96 0 0
841 158 96 0 0
842 159 96 0 0
843 158 96 0 0
844 159 96 0 0
845 158 96 0 0
846 159 96 0 0
847 160 96 0 0
848 159 96 0 0
849 160 96 0 0
850 159 96 0 0
851 160 96 0 0
852 161 96 0 0
853 160 96 0 0
854 161 96 0 0
855 160 96 0 0
856 161 96 0 0
857 162 96 0 0
858 161 96 0 0
859 162 96 0 0
860 163 96 0 0
861 162 96 0 0
862 163 96 0 0
863 162 96 0 0
864 163 96 0 0
865 164 96 0 0
866 163 96 0 0
867 164 96 0 0
868 163 96 0 0
869 164 96 0 0
870 163 96 0 0
871 164 96 0 0
872 165 96 0 0
873 164 96 0 0
874 165 96 0 0
875 166 96 0 0
876 165 96 0 0
877 166 96 0 0
878 165 96 0 0
879 166 96 0 0
880 167 96 0 0
881 166 96 0 0
882 167 96 0 0
883 166 96 0 0
884 167 96 0 0
885 166 96 0 0
886 167 96 0 0
887 168 96 0 0
888 167 96 0 0
889 168 96 0 0
890 169 96 0 0
891 168 96 0 0
892 169 96 0 0
893 168 96 0 0
894 169 96 0 0
895 169 97 0 0
896 170 97 0 0
897 169 97 0 0
898 170 97 0 0
899 169 97 0 0
900 170 97 0 0
901 171 97 0 0
902 170 97 0 0
903 171 97 0 0
904 170 97 0 0
905 171 97 0 0
906 172 97 0 0
907 171 97 0 0
908 172 97 0 0
909 173 97 0 0
910 172 97 0 0
911 173 97 0 0
912 172 97 0 0
913 173 97 0 0
914 174 97 0 0
915 173 97 0 0
916 174 97 0 0
917 173 97 0 0
918 174 97 0 0
919 175 97 0 0
920 174 97 0 0
921 175 97 0 0
922 174 97 0 0
923 175 97 0 0
924 176 97 0 0
925 175 97 0 0
926 176 97 0 0
927 177 97 0 0
928 176 97 0 0
929 177 97 0 0
930 176 97 0 0
931 177 97 0 0
932 176 97 0 0
933 177 97 0 0
934 178 97 0 0
935 177 97 0 0
936 178 97 0 0
937 179 97 0 0
938 178 97 0 0
939 179 97 0 0
940 178 97 0 0
941 179 97 0 0
942 178 97 0 0
943 179 97 0 0
944 180 97 0 0
945 179 97 0 0
946 180 97 0 0
947 179 97 0 0
948 180 97 0 0
949 181 97 0 0
950 180 97 0 0
951 181 97 0 0
952 182 97 0 0
953 181 97 0 0
954 182 97 0 0
955 181 97 0 0
956 182 97 0 0
957 181 97 0 0
958 182 97 0 0
959 183 97 0 0
960 182 97 0 0
961 183 97 0 0
962 182 97 0 0
963 183 97 0 0
964 184 97 0 0
965 183 97 0 0
966 184 97 0 0
967 185 97 0 0
968 184 97 0 0
969 185 97 0 0
970 184 97 0 0
971 185 97 0 0
972 186 97 0 0
973 185 97 0 0
974 186 97 0 0
975 185 97 0 0
976 186 97 0 0
977 187 97 0 0
978 186 97 0 0
979 187 97 0 0
980 186 97 0 0
981 187 97 0 0
982 188 97 0 0
983 187 97 0 0
984 188 97 0 0
985 187 97 0 0
986 188 97 0 0
987 189 97 0 0
988 188 97 0 0
989 189 97 0 0
990 190 97 0 0
991 189 97 0 0
992 190 97 0 0
993 189 97 0 0
994 189 96 0 0
995 190 96 0 0
996 190 97 0 0
997 191 97 0 0
998 190 97 0 0
999 191 97 0 0
1000 190 97 0 0
1001 191 97 0 0
1002 190 97 0 0
1003 191 97 0 0
1004 192 97 0 0
1005 191 97 0 0
1006 192 97 0 0
1007 191 97 0 0
1008 192 97 0 0
1009 193 97 0 0
1010 192 97 0 0
1011 193 97 0 0
1012 192 97 0 0
1013 193 97 0 0
1014 194 97 0 0
1015 193 97 0 0
1016 194 97 0 0
1017 193 97 0 0
1018 194 97 0 0
1019 193 97 0 0
1020 194 97 0 0
1021 195 97 0 0
1022 194 97 0 0
1023 195 97 0 0
1024 194 97 0 0
1025 195 97 0 0
