0 99 7 0 0
1 99 8 0 0
2 99 9 0 0
3 99 10 0 0
4 99 11 0 0
5 99 12 0 0
6 99 13 0 0
7 99 14 0 0
8 99 15 0 0
9 99 16 0 0
10 99 17 0 0
11 99 18 0 0
12 99 19 0 0
13 99 20 0 0
14 99 21 0 0
15 99 22 0 0
16 99 23 0 0
17 99 24 0 0
18 99 25 0 0
19 99 26 0 0
20 99 27 0 0
21 99 28 0 0
22 99 29 0 0
23 99 30 0 0
24 99 31 0 0
25 99 32 0 0
26 99 33 0 0
27 99 34 0 0
28 99 35 0 0
29 99 36 0 0
30 99 37 0 0
31 99 38 0 0
32 99 39 0 0
33 99 40 0 0
34 99 41 0 0
35 99 42 0 0
36 99 43 0 0
37 99 44 0 0
38 100 44 0 0
39 100 45 0 0
40 100 46 0 0
41 100 47 0 0
42 100 48 0 0
43 100 49 0 0
44 100 50 0 0
45 100 51 0 0
46 100 52 0 0
47 100 53 0 0
48 101 53 0 0
49 101 54 0 0
50 101 55 0 0
51 101 56 0 0
52 101 57 0 0
53 101 58 0 0
54 101 59 0 0
55 101 60 0 0
56 101 61 0 0
57 101 62 0 0
58 101 63 0 0
59 102 63 0 0
60 102 64 0 0
61 102 65 0 0
62 102 66 0 0
63 101 66 0 0
64 101 67 0 0
65 101 68 0 0
66 102 68 0 0
67 102 69 0 0
68 103 69 0 0
69 103 70 0 0
70 104 70 0 0
71 104 71 0 0
72 105 71 0 0
73 105 72 0 0
74 106 72 0 0
75 106 73 0 0
76 107 73 0 0
77 107 74 0 0
78 108 74 0 0
79 108 75 0 0
80 109 75 0 0
81 109 76 0 0
82 110 76 0 0
83 110 77 0 0
84 109 77 0 0
85 109 78 0 0
86 108 78 0 0
87 108 79 0 0
88 107 79 0 0
89 107 80 0 0
90 106 80 0 0
91 106 81 0 0
92 105 81 0 0
93 105 82 0 0
94 104 82 0 0
95 105 82 0 0
96 105 83 0 0
97 106 83 0 0
98 106 84 0 0
99 107 84 0 0
100 107 85 0 0
101 108 85 0 0
102 109 85 0 0
103 109 86 0 0
104 110 86 0 0
105 110 87 0 0
106 111 87 0 0
107 111 88 0 0
108 112 88 0 0
109 112 89 0 0
110 113 89 0 0
111 113 90 0 0
112 114 90 0 0
113 115 90 0 0
114 115 91 0 0
115 116 91 0 0
116 116 92 0 0
117 117 92 0 0
118 117 93 0 0
119 117 94 0 0
120 117 95 0 0
121 118 95 0 0
122 118 96 0 0
123 118 97 0 0
124 118 98 0 0
125 118 99 0 0
126 119 99 0 0
127 119 100 0 0
128 119 101 0 0
129 119 102 0 0
130 120 102 0 0
131 120 103 0 0
132 120 104 0 0
133 119 104 0 0
134 119 105 0 0
135 119 106 0 0
136 119 107 0 0
137 119 108 0 0
138 118 108 0 0
139 118 109 0 0
140 118 110 0 0
141 118 111 0 0
142 118 112 0 0
143 118 113 0 0
144 117 113 0 0
145 117 114 0 0
146 117 115 0 0
147 117 116 0 0
148 117 117 0 0
149 117 118 0 0
150 116 118 0 0
151 116 119 0 0
152 116 120 0 0
153 116 121 0 0
154 115 121 0 0
155 115 122 0 0
156 115 123 0 0
157 115 124 0 0
158 115 125 0 0
159 115 126 0 0
160 114 126 0 0
161 114 127 0 0
162 114 128 0 0
163 114 129 0 0
164 113 129 0 0
165 113 130 0 0
166 113 131 0 0
167 113 132 0 0
168 113 133 0 0
169 113 134 0 0
170 113 135 0 0
171 112 135 0 0
172 112 136 0 0
173 112 137 0 0
174 112 138 0 0
175 112 139 0 0
176 112 140 0 0
177 113 140 0 0
178 113 141 0 0
179 113 142 0 0
180 113 143 0 0
181 113 144 0 0
182 113 145 0 0
183 113 146 0 0
184 113 147 0 0
185 113 148 0 0
186 113 149 0 0
187 113 150 0 0
188 113 151 0 0
189 113 152 0 0
190 113 153 0 0
191 113 154 0 0
192 113 155 0 0
193 113 156 0 0
194 113 157 0 0
195 113 158 0 0
196 114 158 0 0
197 114 159 0 0
198 114 160 0 0
199 114 161 0 0
200 114 162 0 0
201 114 163 0 0
202 114 164 0 0
203 114 165 0 0
204 114 166 0 0
205 114 167 0 0
206 114 168 0 0
207 114 169 0 0
208 114 170 0 0
209 114 171 0 0
210 114 172 0 0
211 114 173 0 0
212 114 174 0 0
213 115 174 0 0
214 115 175 0 0
215 115 176 0 0
216 115 177 0 0
217 115 178 0 0
218 116 178 0 0
219 116 179 0 0
220 116 180 0 0
221 116 181 0 0
222 116 182 0 0
223 116 183 0 0
224 117 183 0 0
225 117 184 0 0
226 117 185 0 0
227 117 186 0 0
228 117 187 0 0
229 117 188 0 0
230 118 188 0 0
231 118 189 0 0
232 118 190 0 0
233 118 191 0 0
234 119 191 0 0
235 120 191 0 0
236 120 192 0 0
237 121 192 0 0
238 121 193 0 0
239 122 193 0 0
240 123 193 0 0
241 123 194 0 0
242 124 194 0 0
243 124 195 0 0
244 125 195 0 0
245 126 195 0 0
246 126 196 0 0
247 127 196 0 0
248 127 197 0 0
249 128 197 0 0
250 128 198 0 0
251 128 199 0 0
252 128 200 0 0
253 127 200 0 0
254 127 201 0 0
255 127 202 0 0
256 127 203 0 0
257 127 204 0 0
258 127 205 0 0
259 127 206 0 0
260 127 207 0 0
261 127 208 0 0
262 127 209 0 0
263 127 210 0 0
264 126 210 0 0
265 126 211 0 0
266 126 212 0 0
267 126 213 0 0
268 126 214 0 0
269 126 215 0 0
270 126 216 0 0
271 126 217 0 0
272 126 218 0 0
273 126 219 0 0
274 125 219 0 0
275 125 220 0 0
276 125 221 0 0
277 125 222 0 0
278 125 223 0 0
279 125 224 0 0
280 125 225 0 0
281 125 226 0 0
282 125 227 0 0
283 125 228 0 0
284 125 229 0 0
285 124 229 0 0
286 124 230 0 0
287 124 231 0 0
288 124 230 0 0
289 123 230 0 0
290 123 229 0 0
291 122 229 0 0
292 122 228 0 0
293 122 227 0 0
294 121 227 0 0
295 121 226 0 0
296 121 227 0 0
297 121 228 0 0
298 122 228 0 0
299 122 229 0 0
300 122 230 0 0
301 122 231 0 0
302 123 231 0 0
303 123 232 0 0
304 123 233 0 0
305 123 234 0 0
306 124 234 0 0
307 124 235 0 0
