0 1 83 0 0
1 2 83 0 0
2 1 83 0 0
3 2 83 0 0
4 3 83 0 0
5 2 83 0 0
6 2 82 0 0
7 3 82 0 0
8 2 82 0 0
9 3 82 0 0
10 2 82 0 0
11 2 83 0 0
12 3 83 0 0
13 4 83 0 0
14 3 83 0 0
15 4 83 0 0
16 5 83 0 0
17 4 83 0 0
18 5 83 0 0
19 4 83 0 0
20 5 83 0 0
21 6 83 0 0
22 5 83 0 0
23 6 83 0 0
24 7 83 0 0
25 6 83 0 0
26 7 83 0 0
27 6 83 0 0
28 7 83 0 0
29 8 83 0 0
30 7 83 0 0
31 8 83 0 0
32 7 83 0 0
33 8 83 0 0
34 9 83 0 0
35 8 83 0 0
36 7 83 0 0
37 6 83 0 0
38 5 83 0 0
39 4 83 0 0
40 3 83 0 0
41 2 83 0 0
42 3 83 0 0
43 4 83 0 0
44 5 83 0 0
45 6 83 0 0
46 7 83 0 0
47 8 83 0 0
48 9 83 0 0
49 9 84 0 0
50 10 84 0 0
51 11 84 0 0
52 12 84 0 0
53 11 84 0 0
54 12 84 0 0
55 13 84 0 0
56 12 84 0 0
57 13 84 0 0
58 12 84 0 0
59 13 84 0 0
60 14 84 0 0
61 13 84 0 0
62 14 84 0 0
63 15 84 0 0
64 14 84 0 0
65 15 84 0 0
66 14 84 0 0
67 15 84 0 0
68 16 84 0 0
69 15 84 0 0
70 16 84 0 0
71 15 84 0 0
72 16 84 0 0
73 17 84 0 0
74 16 84 0 0
75 17 84 0 0
76 17 85 0 0
77 18 85 0 0
78 17 85 0 0
79 18 85 0 0
80 19 85 0 0
81 18 85 0 0
82 19 85 0 0
83 18 85 0 0
84 19 85 0 0
85 20 85 0 0
86 19 85 0 0
87 20 85 0 0
88 21 85 0 0
89 20 85 0 0
90 21 85 0 0
91 20 85 0 0
92 21 85 0 0
93 22 85 0 0
94 21 85 0 0
95 22 85 0 0
96 23 85 0 0
97 22 85 0 0
98 23 85 0 0
99 22 85 0 0
100 23 85 0 0
101 22 85 0 0
102 23 85 0 0
103 24 85 0 0
104 23 85 0 0
105 24 85 0 0
106 23 85 0 0
107 24 85 0 0
108 25 85 0 0
109 24 85 0 0
110 25 85 0 0
111 24 85 0 0
112 25 85 0 0
113 24 85 0 0
114 25 85 0 0
115 24 85 0 0
116 25 85 0 0
117 26 85 0 0
118 25 85 0 0
119 26 85 0 0
120 25 85 0 0
121 26 85 0 0
122 25 85 0 0
123 26 85 0 0
124 26 86 0 0
125 27 86 0 0
126 26 86 0 0
127 27 86 0 0
128 28 86 0 0
129 27 86 0 0
130 28 86 0 0
131 29 86 0 0
132 28 86 0 0
133 29 86 0 0
134 29 87 0 0
135 30 87 0 0
136 29 87 0 0
137 30 87 0 0
138 29 87 0 0
139 30 87 0 0
140 29 87 0 0
141 28 87 0 0
142 27 87 0 0
143 26 87 0 0
144 26 86 0 0
145 25 86 0 0
146 24 86 0 0
147 23 86 0 0
148 22 86 0 0
149 21 86 0 0
150 21 85 0 0
151 20 85 0 0
152 19 85 0 0
153 18 85 0 0
154 18 84 0 0
155 17 84 0 0
156 16 84 0 0
157 15 84 0 0
158 14 84 0 0
159 13 84 0 0
160 12 84 0 0
161 12 83 0 0
162 11 83 0 0
163 10 83 0 0
164 9 83 0 0
165 8 83 0 0
166 7 83 0 0
167 7 82 0 0
168 6 82 0 0
169 5 82 0 0
170 4 82 0 0
171 4 81 0 0
172 3 81 0 0
173 2 81 0 0
174 3 81 0 0
175 4 81 0 0
176 5 81 0 0
177 5 82 0 0
178 6 82 0 0
179 7 82 0 0
180 8 82 0 0
181 8 83 0 0
182 9 83 0 0
183 10 83 0 0
184 11 83 0 0
185 12 83 0 0
186 13 83 0 0
187 14 83 0 0
188 15 83 0 0
189 16 83 0 0
190 17 83 0 0
191 18 83 0 0
192 19 83 0 0
193 20 83 0 0
194 21 83 0 0
195 22 83 0 0
196 22 84 0 0
197 23 84 0 0
198 24 84 0 0
199 25 84 0 0
200 26 84 0 0
201 27 84 0 0
202 28 84 0 0
203 29 84 0 0
204 30 84 0 0
205 30 85 0 0
206 31 85 0 0
207 32 85 0 0
208 33 85 0 0
209 32 85 0 0
210 33 85 0 0
211 34 85 0 0
212 33 85 0 0
213 34 85 0 0
214 33 85 0 0
215 34 85 0 0
216 33 85 0 0
217 34 85 0 0
218 35 85 0 0
219 34 85 0 0
220 35 85 0 0
221 34 85 0 0
222 35 85 0 0
223 36 85 0 0
224 35 85 0 0
225 36 85 0 0
226 35 85 0 0
227 35 84 0 0
228 36 84 0 0
229 35 84 0 0
230 35 85 0 0
231 36 85 0 0
232 37 85 0 0
233 36 85 0 0
234 37 85 0 0
235 36 85 0 0
236 37 85 0 0
237 38 85 0 0
238 37 85 0 0
239 38 85 0 0
240 37 85 0 0
241 38 85 0 0
242 37 85 0 0
243 38 85 0 0
244 39 85 0 0
245 38 85 0 0
246 39 85 0 0
247 38 85 0 0
248 39 85 0 0
249 38 85 0 0
250 39 85 0 0
251 40 85 0 0
252 39 85 0 0
253 40 85 0 0
254 39 85 0 0
255 40 85 0 0
256 41 85 0 0
257 40 85 0 0
258 41 85 0 0
259 42 85 0 0
260 43 85 0 0
261 42 85 0 0
262 43 85 0 0
263 42 85 0 0
264 43 85 0 0
265 44 85 0 0
266 43 85 0 0
267 44 85 0 0
268 43 85 0 0
269 44 85 0 0
270 43 85 0 0
271 44 85 0 0
272 45 85 0 0
273 44 85 0 0
274 45 85 0 0
275 44 85 0 0
276 45 85 0 0
277 46 85 0 0
278 45 85 0 0
279 46 85 0 0
280 45 85 0 0
281 46 85 0 0
282 46 84 0 0
283 47 84 0 0
284 46 84 0 0
285 45 84 0 0
286 44 84 0 0
287 43 84 0 0
288 42 84 0 0
289 41 84 0 0
290 40 84 0 0
291 39 84 0 0
292 38 84 0 0
293 37 84 0 0
294 36 84 0 0
295 37 84 0 0
296 38 84 0 0
297 38 85 0 0
298 39 85 0 0
299 40 85 0 0
300 41 85 0 0
301 42 85 0 0
302 43 85 0 0
303 44 85 0 0
304 45 85 0 0
305 46 85 0 0
306 47 85 0 0
307 48 85 0 0
308 49 85 0 0
309 48 85 0 0
310 49 85 0 0
311 50 85 0 0
312 49 85 0 0
313 50 85 0 0
314 51 85 0 0
315 50 85 0 0
316 51 85 0 0
317 52 85 0 0
318 51 85 0 0
319 52 85 0 0
320 51 85 0 0
321 52 85 0 0
322 53 85 0 0
323 52 85 0 0
324 53 85 0 0
325 52 85 0 0
326 53 85 0 0
327 54 85 0 0
328 53 85 0 0
329 54 85 0 0
330 53 85 0 0
331 54 85 0 0
332 53 85 0 0
333 54 85 0 0
334 55 85 0 0
335 54 85 0 0
336 55 85 0 0
337 54 85 0 0
338 55 85 0 0
339 54 85 0 0
340 54 86 0 0
341 55 86 0 0
342 54 86 0 0
343 55 86 0 0
344 56 86 0 0
345 55 86 0 0
346 56 86 0 0
347 55 86 0 0
348 56 86 0 0
349 55 86 0 0
350 56 86 0 0
351 57 86 0 0
352 56 86 0 0
353 57 86 0 0
354 56 86 0 0
355 57 86 0 0
356 58 86 0 0
357 57 86 0 0
358 58 86 0 0
359 57 86 0 0
360 58 86 0 0
361 59 86 0 0
362 58 86 0 0
363 59 86 0 0
364 58 86 0 0
365 59 86 0 0
366 59 87 0 0
367 60 87 0 0
368 59 87 0 0
369 60 87 0 0
370 59 87 0 0
371 60 87 0 0
372 61 87 0 0
373 60 87 0 0
374 61 87 0 0
375 60 87 0 0
376 61 87 0 0
377 62 87 0 0
378 61 87 0 0
379 62 87 0 0
380 63 87 0 0
381 62 87 0 0
382 63 87 0 0
383 62 87 0 0
384 63 87 0 0
385 62 87 0 0
386 63 87 0 0
387 64 87 0 0
388 63 87 0 0
389 64 87 0 0
390 63 87 0 0
391 64 87 0 0
392 65 87 0 0
393 64 87 0 0
394 65 87 0 0
395 66 87 0 0
396 65 87 0 0
397 66 87 0 0
398 65 87 0 0
399 66 87 0 0
400 65 87 0 0
401 65 88 0 0
402 66 88 0 0
403 67 88 0 0
404 66 88 0 0
405 67 88 0 0
406 66 88 0 0
407 67 88 0 0
408 68 88 0 0
409 67 88 0 0
410 68 88 0 0
411 69 88 0 0
412 68 88 0 0
413 69 88 0 0
414 68 88 0 0
415 69 88 0 0
416 70 88 0 0
417 69 88 0 0
418 70 88 0 0
419 69 88 0 0
420 70 88 0 0
421 71 88 0 0
422 70 88 0 0
423 71 88 0 0
424 70 88 0 0
425 71 88 0 0
426 70 88 0 0
427 71 88 0 0
428 71 87 0 0
429 72 87 0 0
430 71 87 0 0
431 72 87 0 0
432 73 87 0 0
433 72 87 0 0
434 73 87 0 0
435 72 87 0 0
436 73 87 0 0
437 72 87 0 0
438 73 87 0 0
439 74 87 0 0
440 73 87 0 0
441 74 87 0 0
442 73 87 0 0
443 74 87 0 0
444 75 87 0 0
445 74 87 0 0
446 75 87 0 0
447 74 87 0 0
448 75 87 0 0
449 76 87 0 0
450 75 87 0 0
451 75 86 0 0
452 76 86 0 0
453 75 86 0 0
454 76 86 0 0
455 77 86 0 0
456 76 86 0 0
457 77 86 0 0
458 76 86 0 0
459 77 86 0 0
460 78 86 0 0
461 77 86 0 0
462 78 86 0 0
463 77 86 0 0
464 78 86 0 0
465 79 86 0 0
466 78 86 0 0
467 79 86 0 0
468 78 86 0 0
469 79 86 0 0
470 78 86 0 0
471 79 86 0 0
472 80 86 0 0
473 79 86 0 0
474 80 86 0 0
475 80 85 0 0
476 81 85 0 0
477 80 85 0 0
478 81 85 0 0
479 80 85 0 0
480 81 85 0 0
481 80 85 0 0
482 81 85 0 0
483 82 85 0 0
484 81 85 0 0
485 82 85 0 0
486 83 85 0 0
487 82 85 0 0
488 83 85 0 0
489 82 85 0 0
490 82 84 0 0
491 83 84 0 0
492 82 84 0 0
493 83 84 0 0
494 82 84 0 0
495 83 84 0 0
496 84 84 0 0
497 83 84 0 0
498 83 83 0 0
499 84 83 0 0
500 83 83 0 0
501 84 83 0 0
502 83 83 0 0
503 84 83 0 0
504 85 83 0 0
505 84 83 0 0
506 85 83 0 0
507 84 83 0 0
508 85 83 0 0
509 86 83 0 0
510 85 83 0 0
511 86 83 0 0
512 85 83 0 0
513 86 83 0 0
514 86 82 0 0
515 87 82 0 0
516 86 82 0 0
517 87 82 0 0
518 86 82 0 0
519 87 82 0 0
520 88 82 0 0
521 87 82 0 0
522 88 82 0 0
523 89 82 0 0
524 88 82 0 0
525 89 82 0 0
526 88 82 0 0
527 89 82 0 0
528 88 82 0 0
529 89 82 0 0
530 90 82 0 0
531 89 82 0 0
532 90 82 0 0
533 91 82 0 0
534 90 82 0 0
535 91 82 0 0
536 90 82 0 0
537 90 81 0 0
538 91 81 0 0
539 92 81 0 0
540 91 81 0 0
541 92 81 0 0
542 91 81 0 0
543 92 81 0 0
544 93 81 0 0
545 92 81 0 0
546 93 81 0 0
547 92 81 0 0
548 93 81 0 0
549 93 80 0 0
550 94 80 0 0
551 93 80 0 0
552 94 80 0 0
553 93 80 0 0
554 94 80 0 0
555 95 80 0 0
556 94 80 0 0
557 95 80 0 0
558 96 80 0 0
559 95 80 0 0
560 96 80 0 0
561 95 80 0 0
562 96 80 0 0
563 97 80 0 0
564 96 80 0 0
565 97 80 0 0
566 96 80 0 0
567 97 80 0 0
568 98 80 0 0
569 97 80 0 0
570 98 80 0 0
571 97 80 0 0
572 98 80 0 0
573 99 80 0 0
574 98 80 0 0
575 98 79 0 0
576 99 79 0 0
577 98 79 0 0
578 98 80 0 0
579 99 80 0 0
580 100 80 0 0
581 99 80 0 0
582 100 80 0 0
583 101 80 0 0
584 100 80 0 0
585 101 80 0 0
586 100 80 0 0
587 101 80 0 0
588 102 80 0 0
589 101 80 0 0
590 102 80 0 0
591 101 80 0 0
592 102 80 0 0
593 103 80 0 0
594 102 80 0 0
595 103 80 0 0
596 102 80 0 0
597 103 80 0 0
598 102 80 0 0
599 103 80 0 0
600 104 80 0 0
601 103 80 0 0
602 104 80 0 0
603 103 80 0 0
604 104 80 0 0
605 105 80 0 0
606 104 80 0 0
607 105 80 0 0
608 104 80 0 0
609 105 80 0 0
610 106 80 0 0
611 105 80 0 0
612 106 80 0 0
613 105 80 0 0
614 106 80 0 0
615 107 80 0 0
616 106 80 0 0
617 107 80 0 0
618 106 80 0 0
619 107 80 0 0
620 106 80 0 0
621 107 80 0 0
622 108 80 0 0
623 107 80 0 0
624 108 80 0 0
625 109 80 0 0
626 108 80 0 0
627 109 80 0 0
628 108 80 0 0
629 109 80 0 0
630 110 80 0 0
631 109 80 0 0
632 110 80 0 0
633 109 80 0 0
634 110 80 0 0
635 111 80 0 0
636 110 80 0 0
637 110 81 0 0
638 111 81 0 0
639 112 81 0 0
640 111 81 0 0
641 112 81 0 0
642 111 81 0 0
643 111 80 0 0
644 112 80 0 0
645 113 80 0 0
646 112 80 0 0
647 113 80 0 0
648 112 80 0 0
649 112 81 0 0
650 113 81 0 0
651 114 81 0 0
652 113 81 0 0
653 114 81 0 0
654 115 81 0 0
655 114 81 0 0
656 115 81 0 0
657 114 81 0 0
658 115 81 0 0
659 115 80 0 0
660 116 80 0 0
661 115 80 0 0
662 115 81 0 0
663 116 81 0 0
664 115 81 0 0
665 116 81 0 0
666 116 82 0 0
667 117 82 0 0
668 116 82 0 0
669 117 82 0 0
670 118 82 0 0
671 117 82 0 0
672 118 82 0 0
673 117 82 0 0
674 118 82 0 0
675 117 82 0 0
676 117 83 0 0
677 118 83 0 0
678 119 83 0 0
679 118 83 0 0
680 119 83 0 0
681 118 83 0 0
682 119 83 0 0
683 120 83 0 0
684 119 83 0 0
685 120 83 0 0
686 121 83 0 0
687 120 83 0 0
688 121 83 0 0
689 120 83 0 0
690 120 84 0 0
691 121 84 0 0
692 120 84 0 0
693 121 84 0 0
694 122 84 0 0
695 121 84 0 0
696 122 84 0 0
697 123 84 0 0
698 122 84 0 0
699 122 85 0 0
700 123 85 0 0
701 122 85 0 0
702 123 85 0 0
703 124 85 0 0
704 123 85 0 0
705 124 85 0 0
706 123 85 0 0
707 124 85 0 0
708 123 85 0 0
709 124 85 0 0
710 125 85 0 0
711 124 85 0 0
712 124 86 0 0
713 125 86 0 0
714 124 86 0 0
715 125 86 0 0
716 126 86 0 0
717 125 86 0 0
718 126 86 0 0
719 125 86 0 0
720 126 86 0 0
721 125 86 0 0
722 126 86 0 0
723 127 86 0 0
724 126 86 0 0
725 127 86 0 0
726 126 86 0 0
727 127 86 0 0
728 127 87 0 0
729 128 87 0 0
730 127 87 0 0
731 128 87 0 0
732 127 87 0 0
733 128 87 0 0
734 129 87 0 0
735 128 87 0 0
736 129 87 0 0
737 128 87 0 0
738 129 87 0 0
739 128 87 0 0
740 129 87 0 0
741 130 87 0 0
742 129 87 0 0
743 130 87 0 0
744 130 88 0 0
745 131 88 0 0
746 130 88 0 0
747 131 88 0 0
748 130 88 0 0
749 131 88 0 0
750 132 88 0 0
751 131 88 0 0
752 132 88 0 0
753 133 88 0 0
754 132 88 0 0
755 133 88 0 0
756 132 88 0 0
757 133 88 0 0
758 134 88 0 0
759 133 88 0 0
760 134 88 0 0
761 133 88 0 0
762 134 88 0 0
763 134 89 0 0
764 135 89 0 0
765 134 89 0 0
766 135 89 0 0
767 136 89 0 0
768 135 89 0 0
769 136 89 0 0
770 135 89 0 0
771 136 89 0 0
772 137 89 0 0
773 136 89 0 0
774 137 89 0 0
775 136 89 0 0
776 137 89 0 0
777 138 89 0 0
778 137 89 0 0
779 138 89 0 0
780 139 89 0 0
781 138 89 0 0
782 138 90 0 0
783 139 90 0 0
784 138 90 0 0
785 139 90 0 0
786 138 90 0 0
787 139 90 0 0
788 140 90 0 0
789 139 90 0 0
790 140 90 0 0
791 141 90 0 0
792 140 90 0 0
793 141 90 0 0
794 140 90 0 0
795 140 91 0 0
796 141 91 0 0
797 140 91 0 0
798 141 91 0 0
799 142 91 0 0
800 141 91 0 0
801 142 91 0 0
802 143 91 0 0
803 142 91 0 0
804 143 91 0 0
805 142 91 0 0
806 143 91 0 0
807 142 91 0 0
808 142 92 0 0
809 143 92 0 0
810 144 92 0 0
811 143 92 0 0
812 144 92 0 0
813 143 92 0 0
814 144 92 0 0
815 145 92 0 0
816 144 92 0 0
817 145 92 0 0
818 146 92 0 0
819 145 92 0 0
820 146 92 0 0
821 145 92 0 0
822 145 93 0 0
823 146 93 0 0
824 145 93 0 0
825 146 93 0 0
826 147 93 0 0
827 146 93 0 0
828 147 93 0 0
829 146 93 0 0
830 147 93 0 0
831 148 93 0 0
832 147 93 0 0
833 148 93 0 0
834 147 93 0 0
835 148 93 0 0
836 149 93 0 0
837 148 93 0 0
838 149 93 0 0
839 148 93 0 0
840 149 93 0 0
841 150 93 0 0
842 149 93 0 0
843 150 93 0 0
844 149 93 0 0
845 150 93 0 0
846 151 93 0 0
847 150 93 0 0
848 151 93 0 0
849 150 93 0 0
850 151 93 0 0
851 152 93 0 0
852 151 93 0 0
853 152 93 0 0
854 151 93 0 0
855 152 93 0 0
856 153 93 0 0
857 152 93 0 0
858 153 93 0 0
859 152 93 0 0
860 153 93 0 0
861 154 93 0 0
862 153 93 0 0
863 154 93 0 0
864 153 93 0 0
865 154 93 0 0
866 155 93 0 0
867 154 93 0 0
868 155 93 0 0
869 154 93 0 0
870 155 93 0 0
871 156 93 0 0
872 155 93 0 0
873 156 93 0 0
874 155 93 0 0
875 156 93 0 0
876 157 93 0 0
877 156 93 0 0
878 157 93 0 0
879 158 93 0 0
880 157 93 0 0
881 158 93 0 0
882 157 93 0 0
883 158 93 0 0
884 159 93 0 0
885 158 93 0 0
886 159 93 0 0
887 158 93 0 0
888 159 93 0 0
889 160 93 0 0
890 159 93 0 0
891 160 93 0 0
892 159 93 0 0
893 160 93 0 0
894 161 93 0 0
895 160 93 0 0
896 161 93 0 0
897 160 93 0 0
898 161 93 0 0
899 162 93 0 0
900 161 93 0 0
901 162 93 0 0
902 163 93 0 0
903 162 93 0 0
904 163 93 0 0
905 162 93 0 0
906 163 93 0 0
907 163 94 0 0
908 164 94 0 0
909 163 94 0 0
910 164 94 0 0
911 163 94 0 0
912 164 94 0 0
913 163 94 0 0
914 164 94 0 0
915 165 94 0 0
916 164 94 0 0
917 165 94 0 0
918 164 94 0 0
919 165 94 0 0
920 166 94 0 0
921 165 94 0 0
922 166 94 0 0
923 165 94 0 0
924 166 94 0 0
925 165 94 0 0
926 166 94 0 0
927 166 95 0 0
928 167 95 0 0
929 166 95 0 0
930 167 95 0 0
931 166 95 0 0
932 167 95 0 0
933 168 95 0 0
934 167 95 0 0
935 168 95 0 0
936 167 95 0 0
937 168 95 0 0
938 169 95 0 0
939 168 95 0 0
940 169 95 0 0
941 168 95 0 0
942 169 95 0 0
943 168 95 0 0
944 169 95 0 0
945 170 95 0 0
946 169 95 0 0
947 170 95 0 0
948 169 95 0 0
949 169 96 0 0
950 170 96 0 0
951 171 96 0 0
952 170 96 0 0
953 171 96 0 0
954 170 96 0 0
955 171 96 0 0
956 170 96 0 0
957 171 96 0 0
958 172 96 0 0
959 171 96 0 0
960 172 96 0 0
961 173 96 0 0
962 172 96 0 0
963 173 96 0 0
964 172 96 0 0
965 173 96 0 0
966 174 96 0 0
967 173 96 0 0
968 174 96 0 0
969 173 96 0 0
970 174 96 0 0
971 173 96 0 0
972 174 96 0 0
973 175 96 0 0
974 174 96 0 0
975 175 96 0 0
976 176 96 0 0
977 175 96 0 0
978 176 96 0 0
979 175 96 0 0
980 176 96 0 0
981 177 96 0 0
982 176 96 0 0
983 177 96 0 0
984 176 96 0 0
985 177 96 0 0
986 178 96 0 0
987 177 96 0 0
988 178 96 0 0
989 177 96 0 0
990 178 96 0 0
991 179 96 0 0
992 178 96 0 0
993 179 96 0 0
994 178 96 0 0
995 179 96 0 0
996 180 96 0 0
997 179 96 0 0
998 180 96 0 0
999 179 96 0 0
1000 180 96 0 0
1001 181 96 0 0
1002 180 96 0 0
1003 181 96 0 0
1004 180 96 0 0
1005 181 96 0 0
1006 182 96 0 0
1007 181 96 0 0
1008 182 96 0 0
1009 181 96 0 0
1010 182 96 0 0
1011 183 96 0 0
1012 182 96 0 0
1013 183 96 0 0
1014 182 96 0 0
1015 183 96 0 0
1016 184 96 0 0
1017 183 96 0 0
1018 184 96 0 0
1019 183 96 0 0
1020 184 96 0 0
1021 185 96 0 0
1022 184 96 0 0
1023 185 96 0 0
1024 184 96 0 0
1025 185 96 0 0
1026 186 96 0 0
1027 185 96 0 0
1028 186 96 0 0
1029 185 96 0 0
1030 186 96 0 0
1031 187 96 0 0
1032 186 96 0 0
1033 187 96 0 0
1034 186 96 0 0
1035 187 96 0 0
1036 188 96 0 0
1037 187 96 0 0
1038 188 96 0 0
1039 187 96 0 0
1040 188 96 0 0
1041 189 96 0 0
1042 188 96 0 0
1043 189 96 0 0
1044 188 96 0 0
1045 189 96 0 0
1046 188 96 0 0
1047 189 96 0 0
1048 190 96 0 0
1049 189 96 0 0
1050 190 96 0 0
1051 189 96 0 0
1052 190 96 0 0
1053 191 96 0 0
1054 190 96 0 0
1055 191 96 0 0
1056 190 96 0 0
1057 191 96 0 0
1058 190 96 0 0
1059 191 96 0 0
1060 192 96 0 0
1061 191 96 0 0
1062 192 96 0 0
1063 191 96 0 0
1064 192 96 0 0
1065 193 96 0 0
1066 192 96 0 0
1067 193 96 0 0
1068 192 96 0 0
1069 193 96 0 0
1070 192 96 0 0
1071 193 96 0 0
