0 6 98 0 0
1 7 98 0 0
2 6 98 0 0
3 7 98 0 0
4 8 98 0 0
5 7 98 0 0
6 8 98 0 0
7 9 98 0 0
8 8 98 0 0
9 9 98 0 0
10 8 98 0 0
11 9 98 0 0
12 10 98 0 0
13 11 98 0 0
14 10 98 0 0
15 11 98 0 0
16 10 98 0 0
17 11 98 0 0
18 12 98 0 0
19 13 98 0 0
20 12 98 0 0
21 13 98 0 0
22 12 98 0 0
23 13 98 0 0
24 14 98 0 0
25 13 98 0 0
26 14 98 0 0
27 15 98 0 0
28 14 98 0 0
29 15 98 0 0
30 16 98 0 0
31 15 98 0 0
32 16 98 0 0
33 17 98 0 0
34 16 98 0 0
35 17 98 0 0
36 16 98 0 0
37 17 98 0 0
38 18 98 0 0
39 19 98 0 0
40 18 98 0 0
41 19 98 0 0
42 18 98 0 0
43 19 98 0 0
44 20 98 0 0
45 21 98 0 0
46 20 98 0 0
47 21 98 0 0
48 20 98 0 0
49 21 98 0 0
50 22 98 0 0
51 23 98 0 0
52 22 98 0 0
53 23 98 0 0
54 22 98 0 0
55 23 98 0 0
56 24 98 0 0
57 23 98 0 0
58 24 98 0 0
59 25 98 0 0
60 24 98 0 0
61 25 98 0 0
62 26 98 0 0
63 25 98 0 0
64 26 98 0 0
65 27 98 0 0
66 26 98 0 0
67 27 98 0 0
68 28 98 0 0
69 27 98 0 0
70 28 98 0 0
71 29 98 0 0
72 28 98 0 0
73 29 98 0 0
74 30 98 0 0
75 29 98 0 0
76 30 98 0 0
77 31 98 0 0
78 30 98 0 0
79 31 98 0 0
80 32 98 0 0
81 31 98 0 0
82 32 98 0 0
83 33 98 0 0
84 32 98 0 0
85 33 98 0 0
86 32 98 0 0
87 33 98 0 0
88 34 98 0 0
89 33 98 0 0
90 34 98 0 0
91 35 98 0 0
92 34 98 0 0
93 35 98 0 0
94 36 98 0 0
95 35 98 0 0
96 36 98 0 0
97 37 98 0 0
98 36 98 0 0
99 37 98 0 0
100 38 98 0 0
101 37 98 0 0
102 38 98 0 0
103 39 98 0 0
104 38 98 0 0
105 39 98 0 0
106 40 98 0 0
107 39 98 0 0
108 40 98 0 0
109 41 98 0 0
110 40 98 0 0
111 41 98 0 0
112 40 98 0 0
113 41 98 0 0
114 42 98 0 0
115 43 98 0 0
116 42 98 0 0
117 43 98 0 0
118 42 98 0 0
119 43 98 0 0
120 44 98 0 0
121 43 98 0 0
122 44 98 0 0
123 44 99 0 0
124 45 99 0 0
125 44 99 0 0
126 45 99 0 0
127 46 99 0 0
128 45 99 0 0
129 46 99 0 0
130 47 99 0 0
131 46 99 0 0
132 47 99 0 0
133 48 99 0 0
134 47 99 0 0
135 48 99 0 0
136 49 99 0 0
137 48 99 0 0
138 49 99 0 0
139 50 99 0 0
140 51 99 0 0
141 50 99 0 0
142 51 99 0 0
143 50 99 0 0
144 51 99 0 0
145 52 99 0 0
146 53 99 0 0
147 52 99 0 0
148 53 99 0 0
149 54 99 0 0
150 53 99 0 0
151 54 99 0 0
152 53 99 0 0
153 54 99 0 0
154 55 99 0 0
155 56 99 0 0
156 55 99 0 0
157 56 99 0 0
158 57 99 0 0
159 56 99 0 0
160 57 99 0 0
161 56 99 0 0
162 57 99 0 0
163 58 99 0 0
164 59 99 0 0
165 58 99 0 0
166 59 99 0 0
167 60 99 0 0
168 59 99 0 0
169 60 99 0 0
170 59 99 0 0
171 60 99 0 0
172 61 99 0 0
173 60 99 0 0
174 61 99 0 0
175 62 99 0 0
176 61 99 0 0
177 62 99 0 0
178 63 99 0 0
179 62 99 0 0
180 63 99 0 0
181 62 99 0 0
182 63 99 0 0
183 63 98 0 0
184 64 98 0 0
185 63 98 0 0
186 64 98 0 0
187 63 98 0 0
188 64 98 0 0
189 65 98 0 0
190 64 98 0 0
191 65 98 0 0
192 66 98 0 0
193 65 98 0 0
194 66 98 0 0
195 65 98 0 0
196 66 98 0 0
197 67 98 0 0
198 66 98 0 0
199 67 98 0 0
200 67 97 0 0
201 68 97 0 0
202 67 97 0 0
203 68 97 0 0
204 67 97 0 0
205 68 97 0 0
206 69 97 0 0
207 68 97 0 0
208 69 97 0 0
209 68 97 0 0
210 69 97 0 0
211 70 97 0 0
212 69 97 0 0
213 70 97 0 0
214 69 97 0 0
215 70 97 0 0
216 71 97 0 0
217 70 97 0 0
218 70 96 0 0
219 71 96 0 0
220 70 96 0 0
221 71 96 0 0
222 72 96 0 0
223 71 96 0 0
224 72 96 0 0
225 73 96 0 0
226 72 96 0 0
227 73 96 0 0
228 72 96 0 0
229 73 96 0 0
230 72 96 0 0
231 73 96 0 0
232 74 96 0 0
233 73 96 0 0
234 74 96 0 0
235 73 96 0 0
236 73 95 0 0
237 74 95 0 0
238 75 95 0 0
239 74 95 0 0
240 75 95 0 0
241 76 95 0 0
242 75 95 0 0
243 76 95 0 0
244 75 95 0 0
245 76 95 0 0
246 77 95 0 0
247 76 95 0 0
248 77 95 0 0
249 76 95 0 0
250 77 95 0 0
251 76 95 0 0
252 77 95 0 0
253 77 94 0 0
254 78 94 0 0
255 77 94 0 0
256 78 94 0 0
257 79 94 0 0
258 78 94 0 0
259 79 94 0 0
260 78 94 0 0
261 78 93 0 0
262 79 93 0 0
263 80 93 0 0
264 79 93 0 0
265 80 93 0 0
266 81 93 0 0
267 80 93 0 0
268 80 92 0 0
269 81 92 0 0
270 80 92 0 0
271 81 92 0 0
272 82 92 0 0
273 81 92 0 0
274 82 92 0 0
275 82 91 0 0
276 83 91 0 0
277 82 91 0 0
278 83 91 0 0
279 82 91 0 0
280 83 91 0 0
281 84 91 0 0
282 83 91 0 0
283 83 90 0 0
284 84 90 0 0
285 83 90 0 0
286 84 90 0 0
287 85 90 0 0
288 84 90 0 0
289 85 90 0 0
290 85 89 0 0
291 86 89 0 0
292 85 89 0 0
293 86 89 0 0
294 85 89 0 0
295 86 89 0 0
296 87 89 0 0
297 86 89 0 0
298 87 89 0 0
299 86 89 0 0
300 87 89 0 0
301 88 89 0 0
302 87 89 0 0
303 88 89 0 0
304 89 89 0 0
305 88 89 0 0
306 89 89 0 0
307 88 89 0 0
308 89 89 0 0
309 90 89 0 0
310 89 89 0 0
311 90 89 0 0
312 91 89 0 0
313 90 89 0 0
314 91 89 0 0
315 90 89 0 0
316 90 88 0 0
317 91 88 0 0
318 92 88 0 0
319 91 88 0 0
320 92 88 0 0
321 93 88 0 0
322 92 88 0 0
323 93 88 0 0
324 92 88 0 0
325 93 88 0 0
326 94 88 0 0
327 93 88 0 0
328 94 88 0 0
329 93 88 0 0
330 94 88 0 0
331 95 88 0 0
332 94 88 0 0
333 95 88 0 0
334 94 88 0 0
335 95 88 0 0
336 96 88 0 0
337 95 88 0 0
338 96 88 0 0
339 95 88 0 0
340 96 88 0 0
341 96 87 0 0
342 97 87 0 0
343 96 87 0 0
344 96 88 0 0
345 97 88 0 0
346 96 88 0 0
347 97 88 0 0
348 98 88 0 0
349 97 88 0 0
350 98 88 0 0
351 97 88 0 0
352 98 88 0 0
353 99 88 0 0
354 98 88 0 0
355 99 88 0 0
356 98 88 0 0
357 99 88 0 0
358 99 89 0 0
359 100 89 0 0
360 99 89 0 0
361 100 89 0 0
362 99 89 0 0
363 100 89 0 0
364 101 89 0 0
365 100 89 0 0
366 101 89 0 0
367 100 89 0 0
368 101 89 0 0
369 102 89 0 0
370 101 89 0 0
371 101 90 0 0
372 102 90 0 0
373 101 90 0 0
374 102 90 0 0
375 103 90 0 0
376 102 90 0 0
377 103 90 0 0
378 102 90 0 0
379 103 90 0 0
380 102 90 0 0
381 103 90 0 0
382 103 91 0 0
383 104 91 0 0
384 103 91 0 0
385 104 91 0 0
386 103 91 0 0
387 104 91 0 0
388 105 91 0 0
389 104 91 0 0
390 105 91 0 0
391 104 91 0 0
392 105 91 0 0
393 106 91 0 0
394 105 91 0 0
395 106 91 0 0
396 105 91 0 0
397 106 91 0 0
398 105 91 0 0
399 105 92 0 0
400 106 92 0 0
401 107 92 0 0
402 106 92 0 0
403 106 93 0 0
404 107 93 0 0
405 106 93 0 0
406 107 93 0 0
407 106 93 0 0
408 107 93 0 0
409 106 93 0 0
410 106 94 0 0
411 107 94 0 0
412 108 94 0 0
413 107 94 0 0
414 108 94 0 0
415 107 94 0 0
416 107 95 0 0
417 108 95 0 0
418 107 95 0 0
419 108 95 0 0
420 107 95 0 0
421 108 95 0 0
422 107 95 0 0
423 107 96 0 0
424 108 96 0 0
425 109 96 0 0
426 108 96 0 0
427 109 96 0 0
428 108 96 0 0
429 108 97 0 0
430 109 97 0 0
431 108 97 0 0
432 109 97 0 0
433 108 97 0 0
434 109 97 0 0
435 108 97 0 0
436 108 98 0 0
437 109 98 0 0
438 110 98 0 0
439 109 98 0 0
440 110 98 0 0
441 109 98 0 0
442 109 99 0 0
443 110 99 0 0
444 109 99 0 0
445 110 99 0 0
446 109 99 0 0
447 110 99 0 0
448 110 100 0 0
449 111 100 0 0
450 110 100 0 0
451 111 100 0 0
452 110 100 0 0
453 111 100 0 0
454 110 100 0 0
455 110 101 0 0
456 111 101 0 0
457 110 101 0 0
458 111 101 0 0
459 110 101 0 0
460 111 101 0 0
461 111 102 0 0
462 112 102 0 0
463 111 102 0 0
464 112 102 0 0
465 111 102 0 0
466 112 102 0 0
467 111 102 0 0
468 111 103 0 0
469 112 103 0 0
470 111 103 0 0
471 112 103 0 0
472 111 103 0 0
473 112 103 0 0
474 112 104 0 0
475 113 104 0 0
476 112 104 0 0
477 113 104 0 0
478 112 104 0 0
479 113 104 0 0
480 112 104 0 0
481 112 105 0 0
482 113 105 0 0
483 114 105 0 0
484 113 105 0 0
485 112 105 0 0
486 112 106 0 0
487 113 106 0 0
488 112 106 0 0
489 113 106 0 0
490 112 106 0 0
491 112 107 0 0
492 113 107 0 0
493 112 107 0 0
494 113 107 0 0
495 112 107 0 0
496 112 108 0 0
497 113 108 0 0
498 112 108 0 0
499 113 108 0 0
500 112 108 0 0
501 113 108 0 0
502 112 108 0 0
503 112 109 0 0
504 113 109 0 0
505 112 109 0 0
506 113 109 0 0
507 112 109 0 0
508 112 110 0 0
509 113 110 0 0
510 112 110 0 0
511 113 110 0 0
512 112 110 0 0
513 112 111 0 0
514 113 111 0 0
515 112 111 0 0
516 113 111 0 0
517 112 111 0 0
518 113 111 0 0
519 112 111 0 0
520 112 112 0 0
521 113 112 0 0
522 112 112 0 0
523 113 112 0 0
524 112 112 0 0
525 112 113 0 0
526 113 113 0 0
527 112 113 0 0
528 113 113 0 0
529 112 113 0 0
530 112 114 0 0
531 113 114 0 0
532 112 114 0 0
533 113 114 0 0
534 112 114 0 0
535 112 115 0 0
536 113 115 0 0
537 112 115 0 0
538 113 115 0 0
539 112 115 0 0
540 113 115 0 0
541 112 115 0 0
542 112 116 0 0
543 113 116 0 0
544 112 116 0 0
545 113 116 0 0
546 112 116 0 0
547 112 117 0 0
548 113 117 0 0
549 112 117 0 0
550 113 117 0 0
551 112 117 0 0
552 112 118 0 0
553 113 118 0 0
554 112 118 0 0
555 113 118 0 0
556 112 118 0 0
557 113 118 0 0
558 112 118 0 0
559 112 119 0 0
560 113 119 0 0
561 112 119 0 0
562 113 119 0 0
563 112 119 0 0
564 112 120 0 0
565 113 120 0 0
566 112 120 0 0
567 113 120 0 0
568 112 120 0 0
569 112 121 0 0
570 113 121 0 0
571 112 121 0 0
572 113 121 0 0
573 112 121 0 0
574 113 121 0 0
575 112 121 0 0
576 112 122 0 0
577 113 122 0 0
578 112 122 0 0
579 113 122 0 0
580 112 122 0 0
581 112 123 0 0
582 113 123 0 0
583 112 123 0 0
584 113 123 0 0
585 112 123 0 0
586 112 124 0 0
587 113 124 0 0
588 112 124 0 0
589 113 124 0 0
590 112 124 0 0
591 113 124 0 0
592 112 124 0 0
593 112 125 0 0
594 113 125 0 0
595 112 125 0 0
596 113 125 0 0
597 112 125 0 0
598 112 126 0 0
599 113 126 0 0
600 112 126 0 0
601 113 126 0 0
602 112 126 0 0
603 112 127 0 0
604 113 127 0 0
605 112 127 0 0
606 111 127 0 0
607 111 128 0 0
608 112 128 0 0
609 111 128 0 0
610 112 128 0 0
611 111 128 0 0
612 112 128 0 0
613 111 128 0 0
614 111 129 0 0
615 112 129 0 0
616 111 129 0 0
617 112 129 0 0
618 111 129 0 0
619 111 130 0 0
620 112 130 0 0
621 111 130 0 0
622 112 130 0 0
623 111 130 0 0
624 111 131 0 0
625 112 131 0 0
626 111 131 0 0
627 112 131 0 0
628 111 131 0 0
629 112 131 0 0
630 111 131 0 0
631 111 132 0 0
632 112 132 0 0
633 111 132 0 0
634 112 132 0 0
635 111 132 0 0
636 111 133 0 0
637 112 133 0 0
638 111 133 0 0
639 112 133 0 0
640 111 133 0 0
641 111 134 0 0
642 112 134 0 0
643 111 134 0 0
644 112 134 0 0
645 111 134 0 0
646 111 135 0 0
647 112 135 0 0
648 111 135 0 0
649 112 135 0 0
650 111 135 0 0
651 111 136 0 0
652 112 136 0 0
653 111 136 0 0
654 112 136 0 0
655 111 136 0 0
656 111 137 0 0
657 112 137 0 0
658 111 137 0 0
659 112 137 0 0
660 111 137 0 0
661 111 138 0 0
662 112 138 0 0
663 111 138 0 0
664 112 138 0 0
665 111 138 0 0
666 111 139 0 0
667 112 139 0 0
668 111 139 0 0
669 112 139 0 0
670 111 139 0 0
671 111 140 0 0
672 112 140 0 0
673 111 140 0 0
674 112 140 0 0
675 111 140 0 0
676 111 141 0 0
677 112 141 0 0
678 111 141 0 0
679 112 141 0 0
680 111 141 0 0
681 111 142 0 0
682 112 142 0 0
683 111 142 0 0
684 112 142 0 0
685 111 142 0 0
686 111 143 0 0
687 112 143 0 0
688 111 143 0 0
689 112 143 0 0
690 111 143 0 0
691 111 144 0 0
692 112 144 0 0
693 111 144 0 0
694 112 144 0 0
695 111 144 0 0
696 111 145 0 0
697 112 145 0 0
698 111 145 0 0
699 112 145 0 0
700 111 145 0 0
701 112 145 0 0
702 111 145 0 0
703 111 146 0 0
704 112 146 0 0
705 111 146 0 0
706 112 146 0 0
707 111 146 0 0
708 111 147 0 0
709 112 147 0 0
710 111 147 0 0
711 112 147 0 0
712 111 147 0 0
713 111 148 0 0
714 112 148 0 0
715 111 148 0 0
716 112 148 0 0
717 111 148 0 0
718 111 149 0 0
719 112 149 0 0
720 111 149 0 0
721 112 149 0 0
722 111 149 0 0
723 111 150 0 0
724 112 150 0 0
725 113 150 0 0
726 112 150 0 0
727 112 151 0 0
728 113 151 0 0
729 112 151 0 0
730 113 151 0 0
731 112 151 0 0
732 112 152 0 0
733 113 152 0 0
734 112 152 0 0
735 113 152 0 0
736 112 152 0 0
737 112 153 0 0
738 113 153 0 0
739 112 153 0 0
740 113 153 0 0
741 112 153 0 0
742 112 154 0 0
743 113 154 0 0
744 112 154 0 0
745 113 154 0 0
746 112 154 0 0
747 112 155 0 0
748 113 155 0 0
749 114 155 0 0
750 113 155 0 0
751 113 156 0 0
752 114 156 0 0
753 113 156 0 0
754 114 156 0 0
755 113 156 0 0
756 113 157 0 0
757 114 157 0 0
758 113 157 0 0
759 114 157 0 0
760 113 157 0 0
761 113 158 0 0
762 114 158 0 0
763 113 158 0 0
764 114 158 0 0
765 113 158 0 0
766 113 159 0 0
767 114 159 0 0
768 113 159 0 0
769 114 159 0 0
770 113 159 0 0
771 113 160 0 0
772 114 160 0 0
773 113 160 0 0
774 114 160 0 0
775 113 160 0 0
776 113 161 0 0
777 114 161 0 0
778 115 161 0 0
779 114 161 0 0
780 114 162 0 0
781 115 162 0 0
782 114 162 0 0
783 115 162 0 0
784 114 162 0 0
785 114 163 0 0
786 115 163 0 0
787 114 163 0 0
788 115 163 0 0
789 114 163 0 0
790 114 164 0 0
791 115 164 0 0
792 114 164 0 0
793 115 164 0 0
794 114 164 0 0
795 114 165 0 0
796 115 165 0 0
797 114 165 0 0
798 115 165 0 0
799 114 165 0 0
800 114 166 0 0
801 115 166 0 0
802 114 166 0 0
803 115 166 0 0
804 114 166 0 0
805 114 167 0 0
806 115 167 0 0
807 114 167 0 0
808 115 167 0 0
809 114 167 0 0
810 114 168 0 0
811 115 168 0 0
812 114 168 0 0
813 115 168 0 0
814 115 169 0 0
815 116 169 0 0
816 115 169 0 0
817 116 169 0 0
818 115 169 0 0
819 115 170 0 0
820 116 170 0 0
821 115 170 0 0
822 116 170 0 0
823 115 170 0 0
824 115 171 0 0
825 116 171 0 0
826 115 171 0 0
827 116 171 0 0
828 115 171 0 0
829 115 172 0 0
830 116 172 0 0
831 115 172 0 0
832 116 172 0 0
833 115 172 0 0
834 115 173 0 0
835 116 173 0 0
836 115 173 0 0
837 116 173 0 0
838 115 173 0 0
839 115 174 0 0
840 116 174 0 0
841 115 174 0 0
842 115 175 0 0
843 116 175 0 0
844 115 175 0 0
845 116 175 0 0
846 115 175 0 0
847 115 176 0 0
848 116 176 0 0
849 115 176 0 0
850 116 176 0 0
851 116 177 0 0
852 117 177 0 0
853 116 177 0 0
854 117 177 0 0
855 116 177 0 0
856 116 178 0 0
857 117 178 0 0
858 116 178 0 0
859 116 179 0 0
860 117 179 0 0
861 116 179 0 0
862 117 179 0 0
863 116 179 0 0
864 116 180 0 0
865 117 180 0 0
866 116 180 0 0
867 117 180 0 0
868 116 180 0 0
869 116 181 0 0
870 117 181 0 0
871 118 181 0 0
872 117 181 0 0
873 117 182 0 0
874 118 182 0 0
875 117 182 0 0
876 118 182 0 0
877 117 182 0 0
878 117 183 0 0
879 118 183 0 0
880 117 183 0 0
881 117 184 0 0
882 118 184 0 0
883 117 184 0 0
884 118 184 0 0
885 117 184 0 0
886 117 185 0 0
887 118 185 0 0
888 117 185 0 0
889 118 185 0 0
890 117 185 0 0
891 117 186 0 0
892 118 186 0 0
893 117 186 0 0
894 118 186 0 0
895 118 187 0 0
896 119 187 0 0
897 118 187 0 0
898 119 187 0 0
899 118 187 0 0
900 118 188 0 0
901 119 188 0 0
902 118 188 0 0
903 119 188 0 0
904 118 188 0 0
905 118 189 0 0
906 119 189 0 0
907 118 189 0 0
908 119 189 0 0
909 118 189 0 0
910 118 190 0 0
911 119 190 0 0
912 118 190 0 0
913 119 190 0 0
914 118 190 0 0
915 118 191 0 0
916 119 191 0 0
917 118 191 0 0
918 119 191 0 0
919 118 191 0 0
920 119 191 0 0
921 119 192 0 0
922 120 192 0 0
923 119 192 0 0
924 120 192 0 0
925 119 192 0 0
926 119 193 0 0
927 120 193 0 0
928 119 193 0 0
929 120 193 0 0
930 119 193 0 0
931 119 194 0 0
932 120 194 0 0
933 119 194 0 0
934 120 194 0 0
935 119 194 0 0
936 119 195 0 0
937 120 195 0 0
938 121 195 0 0
939 120 195 0 0
940 120 196 0 0
941 121 196 0 0
942 120 196 0 0
943 121 196 0 0
944 120 196 0 0
945 120 197 0 0
946 121 197 0 0
947 120 197 0 0
948 121 197 0 0
949 120 197 0 0
950 120 198 0 0
951 121 198 0 0
952 120 198 0 0
953 121 198 0 0
954 120 198 0 0
955 120 199 0 0
956 121 199 0 0
957 120 199 0 0
958 121 199 0 0
959 120 199 0 0
960 120 200 0 0
961 121 200 0 0
962 120 200 0 0
963 121 200 0 0
964 120 200 0 0
965 120 201 0 0
966 121 201 0 0
967 120 201 0 0
968 120 202 0 0
969 121 202 0 0
970 120 202 0 0
971 121 202 0 0
972 121 203 0 0
973 122 203 0 0
974 121 203 0 0
975 122 203 0 0
976 121 203 0 0
977 121 204 0 0
978 122 204 0 0
979 121 204 0 0
980 122 204 0 0
981 121 204 0 0
982 121 205 0 0
983 122 205 0 0
984 121 205 0 0
985 122 205 0 0
986 121 205 0 0
987 121 206 0 0
988 122 206 0 0
989 121 206 0 0
990 121 207 0 0
991 122 207 0 0
992 121 207 0 0
993 122 207 0 0
994 121 207 0 0
995 121 208 0 0
996 122 208 0 0
997 123 208 0 0
998 122 208 0 0
999 122 209 0 0
1000 123 209 0 0
1001 122 209 0 0
1002 123 209 0 0
1003 122 209 0 0
1004 122 210 0 0
1005 123 210 0 0
1006 122 210 0 0
1007 122 211 0 0
1008 123 211 0 0
1009 122 211 0 0
1010 123 211 0 0
1011 122 211 0 0
1012 122 212 0 0
1013 123 212 0 0
1014 122 212 0 0
1015 123 212 0 0
1016 122 212 0 0
1017 122 213 0 0
1018 123 213 0 0
1019 122 213 0 0
1020 123 213 0 0
1021 122 213 0 0
1022 122 214 0 0
1023 123 214 0 0
1024 122 214 0 0
1025 122 215 0 0
1026 123 215 0 0
1027 122 215 0 0
1028 123 215 0 0
1029 122 215 0 0
1030 122 216 0 0
1031 123 216 0 0
1032 124 216 0 0
1033 123 216 0 0
1034 123 217 0 0
1035 124 217 0 0
1036 123 217 0 0
1037 124 217 0 0
1038 123 217 0 0
1039 123 218 0 0
1040 124 218 0 0
1041 123 218 0 0
1042 123 219 0 0
1043 124 219 0 0
1044 123 219 0 0
1045 124 219 0 0
1046 123 219 0 0
1047 123 220 0 0
1048 124 220 0 0
1049 123 220 0 0
1050 124 220 0 0
1051 123 220 0 0
1052 123 221 0 0
1053 124 221 0 0
1054 123 221 0 0
1055 124 221 0 0
1056 123 221 0 0
1057 123 222 0 0
1058 124 222 0 0
1059 123 222 0 0
1060 124 222 0 0
1061 123 222 0 0
1062 123 223 0 0
1063 124 223 0 0
1064 123 223 0 0
1065 124 223 0 0
1066 123 223 0 0
1067 123 224 0 0
1068 124 224 0 0
1069 123 224 0 0
1070 124 224 0 0
1071 123 224 0 0
1072 124 224 0 0
1073 123 224 0 0
1074 123 225 0 0
1075 124 225 0 0
1076 123 225 0 0
1077 124 225 0 0
1078 123 225 0 0
1079 123 226 0 0
1080 124 226 0 0
1081 123 226 0 0
1082 124 226 0 0
1083 123 226 0 0
1084 124 226 0 0
1085 123 226 0 0
1086 123 227 0 0
1087 124 227 0 0
1088 123 227 0 0
1089 124 227 0 0
1090 123 227 0 0
1091 123 228 0 0
1092 124 228 0 0
1093 123 228 0 0
1094 124 228 0 0
1095 123 228 0 0
1096 124 228 0 0
1097 123 228 0 0
1098 123 229 0 0
1099 124 229 0 0
1100 123 229 0 0
1101 124 229 0 0
1102 123 229 0 0
1103 123 230 0 0
1104 124 230 0 0
1105 123 230 0 0
1106 124 230 0 0
1107 125 230 0 0
1108 124 230 0 0
1109 124 231 0 0
