0 101 10 0 0
1 102 10 0 0
2 101 10 0 0
3 102 10 0 0
4 101 10 0 0
5 101 11 0 0
6 102 11 0 0
7 101 11 0 0
8 102 11 0 0
9 101 11 0 0
10 102 11 0 0
11 101 11 0 0
12 101 12 0 0
13 102 12 0 0
14 101 12 0 0
15 102 12 0 0
16 101 12 0 0
17 101 13 0 0
18 102 13 0 0
19 101 13 0 0
20 102 13 0 0
21 101 13 0 0
22 102 13 0 0
23 101 13 0 0
24 101 14 0 0
25 102 14 0 0
26 101 14 0 0
27 102 14 0 0
28 101 14 0 0
29 102 14 0 0
30 101 14 0 0
31 101 15 0 0
32 102 15 0 0
33 101 15 0 0
34 102 15 0 0
35 101 15 0 0
36 102 15 0 0
37 101 15 0 0
38 101 16 0 0
39 102 16 0 0
40 101 16 0 0
41 102 16 0 0
42 101 16 0 0
43 102 16 0 0
44 101 16 0 0
45 102 16 0 0
46 101 16 0 0
47 101 17 0 0
48 100 17 0 0
49 101 17 0 0
50 100 17 0 0
51 101 17 0 0
52 100 17 0 0
53 100 18 0 0
54 101 18 0 0
55 100 18 0 0
56 101 18 0 0
57 100 18 0 0
58 101 18 0 0
59 100 18 0 0
60 100 19 0 0
61 101 19 0 0
62 100 19 0 0
63 101 19 0 0
64 100 19 0 0
65 101 19 0 0
66 100 19 0 0
67 100 20 0 0
68 101 20 0 0
69 100 20 0 0
70 101 20 0 0
71 100 20 0 0
72 101 20 0 0
73 100 20 0 0
74 100 21 0 0
75 101 21 0 0
76 100 21 0 0
77 101 21 0 0
78 100 21 0 0
79 100 22 0 0
80 101 22 0 0
81 100 22 0 0
82 101 22 0 0
83 100 22 0 0
84 101 22 0 0
85 100 22 0 0
86 100 23 0 0
87 101 23 0 0
88 100 23 0 0
89 101 23 0 0
90 100 23 0 0
91 101 23 0 0
92 100 23 0 0
93 101 23 0 0
94 100 23 0 0
95 100 24 0 0
96 101 24 0 0
97 100 24 0 0
98 101 24 0 0
99 100 24 0 0
100 100 25 0 0
101 101 25 0 0
102 100 25 0 0
103 101 25 0 0
104 100 25 0 0
105 101 25 0 0
106 100 25 0 0
107 100 26 0 0
108 101 26 0 0
109 100 26 0 0
110 101 26 0 0
111 100 26 0 0
112 100 27 0 0
113 101 27 0 0
114 100 27 0 0
115 101 27 0 0
116 100 27 0 0
117 100 28 0 0
118 101 28 0 0
119 100 28 0 0
120 101 28 0 0
121 100 28 0 0
122 101 28 0 0
123 100 28 0 0
124 100 29 0 0
125 101 29 0 0
126 100 29 0 0
127 101 29 0 0
128 100 29 0 0
129 100 30 0 0
130 101 30 0 0
131 100 30 0 0
132 101 30 0 0
133 100 30 0 0
134 101 30 0 0
135 100 30 0 0
136 100 31 0 0
137 101 31 0 0
138 100 31 0 0
139 101 31 0 0
140 100 31 0 0
141 100 32 0 0
142 101 32 0 0
143 100 32 0 0
144 101 32 0 0
145 100 32 0 0
146 101 32 0 0
147 100 32 0 0
148 100 33 0 0
149 101 33 0 0
150 100 33 0 0
151 101 33 0 0
152 100 33 0 0
153 100 34 0 0
154 101 34 0 0
155 100 34 0 0
156 101 34 0 0
157 100 34 0 0
158 100 35 0 0
159 101 35 0 0
160 100 35 0 0
161 101 35 0 0
162 100 35 0 0
163 101 35 0 0
164 100 35 0 0
165 100 36 0 0
166 101 36 0 0
167 100 36 0 0
168 101 36 0 0
169 100 36 0 0
170 100 37 0 0
171 101 37 0 0
172 100 37 0 0
173 101 37 0 0
174 100 37 0 0
175 101 37 0 0
176 100 37 0 0
177 100 38 0 0
178 101 38 0 0
179 100 38 0 0
180 101 38 0 0
181 100 38 0 0
182 100 39 0 0
183 101 39 0 0
184 100 39 0 0
185 101 39 0 0
186 100 39 0 0
187 101 39 0 0
188 100 39 0 0
189 100 40 0 0
190 101 40 0 0
191 100 40 0 0
192 101 40 0 0
193 100 40 0 0
194 101 40 0 0
195 100 40 0 0
196 101 40 0 0
197 100 40 0 0
198 100 41 0 0
199 101 41 0 0
200 100 41 0 0
201 101 41 0 0
202 100 41 0 0
203 101 41 0 0
204 100 41 0 0
205 101 41 0 0
206 101 42 0 0
207 102 42 0 0
208 101 42 0 0
209 102 42 0 0
210 101 42 0 0
211 102 42 0 0
212 101 42 0 0
213 102 42 0 0
214 101 42 0 0
215 101 43 0 0
216 102 43 0 0
217 101 43 0 0
218 102 43 0 0
219 101 43 0 0
220 102 43 0 0
221 101 43 0 0
222 102 43 0 0
223 101 43 0 0
224 101 44 0 0
225 102 44 0 0
226 101 44 0 0
227 102 44 0 0
228 101 44 0 0
229 102 44 0 0
230 101 44 0 0
231 102 44 0 0
232 101 44 0 0
233 101 45 0 0
234 102 45 0 0
235 101 45 0 0
236 102 45 0 0
237 101 45 0 0
238 102 45 0 0
239 101 45 0 0
240 102 45 0 0
241 101 45 0 0
242 101 46 0 0
243 102 46 0 0
244 103 46 0 0
245 102 46 0 0
246 103 46 0 0
247 102 46 0 0
248 103 46 0 0
249 102 46 0 0
250 102 47 0 0
251 103 47 0 0
252 102 47 0 0
253 103 47 0 0
254 102 47 0 0
255 103 47 0 0
256 102 47 0 0
257 102 48 0 0
258 103 48 0 0
259 102 48 0 0
260 103 48 0 0
261 102 48 0 0
262 103 48 0 0
263 102 48 0 0
264 103 48 0 0
265 102 48 0 0
266 102 49 0 0
267 103 49 0 0
268 102 49 0 0
269 103 49 0 0
270 102 49 0 0
271 103 49 0 0
272 102 49 0 0
273 102 50 0 0
274 103 50 0 0
275 102 50 0 0
276 103 50 0 0
277 102 50 0 0
278 103 50 0 0
279 102 50 0 0
280 102 51 0 0
281 103 51 0 0
282 102 51 0 0
283 103 51 0 0
284 102 51 0 0
285 103 51 0 0
286 104 51 0 0
287 103 51 0 0
288 103 52 0 0
289 104 52 0 0
290 103 52 0 0
291 104 52 0 0
292 103 52 0 0
293 104 52 0 0
294 103 52 0 0
295 103 53 0 0
296 104 53 0 0
297 103 53 0 0
298 104 53 0 0
299 103 53 0 0
300 104 53 0 0
301 103 53 0 0
302 103 54 0 0
303 104 54 0 0
304 103 54 0 0
305 104 54 0 0
306 103 54 0 0
307 104 54 0 0
308 103 54 0 0
309 104 54 0 0
310 103 54 0 0
311 103 55 0 0
312 104 55 0 0
313 103 55 0 0
314 104 55 0 0
315 103 55 0 0
316 104 55 0 0
317 103 55 0 0
318 103 56 0 0
319 104 56 0 0
320 105 56 0 0
321 104 56 0 0
322 105 56 0 0
323 104 56 0 0
324 105 56 0 0
325 104 56 0 0
326 104 57 0 0
327 105 57 0 0
328 104 57 0 0
329 105 57 0 0
330 104 57 0 0
331 105 57 0 0
332 104 57 0 0
333 105 57 0 0
334 104 57 0 0
335 105 57 0 0
336 104 57 0 0
337 104 58 0 0
338 105 58 0 0
339 104 58 0 0
340 105 58 0 0
341 104 58 0 0
342 105 58 0 0
343 104 58 0 0
344 105 58 0 0
345 104 58 0 0
346 105 58 0 0
347 104 58 0 0
348 104 59 0 0
349 105 59 0 0
350 104 59 0 0
351 105 59 0 0
352 104 59 0 0
353 105 59 0 0
354 104 59 0 0
355 105 59 0 0
356 104 59 0 0
357 105 59 0 0
358 104 59 0 0
359 104 60 0 0
360 105 60 0 0
361 104 60 0 0
362 105 60 0 0
363 104 60 0 0
364 105 60 0 0
365 104 60 0 0
366 105 60 0 0
367 104 60 0 0
368 105 60 0 0
369 104 60 0 0
370 104 61 0 0
371 105 61 0 0
372 106 61 0 0
373 105 61 0 0
374 106 61 0 0
375 105 61 0 0
376 106 61 0 0
377 105 61 0 0
378 106 61 0 0
379 105 61 0 0
380 105 62 0 0
381 106 62 0 0
382 105 62 0 0
383 106 62 0 0
384 105 62 0 0
385 106 62 0 0
386 105 62 0 0
387 106 62 0 0
388 105 62 0 0
389 106 62 0 0
390 105 62 0 0
391 105 63 0 0
392 106 63 0 0
393 105 63 0 0
394 106 63 0 0
395 105 63 0 0
396 106 63 0 0
397 105 63 0 0
398 106 63 0 0
399 105 63 0 0
400 105 64 0 0
401 106 64 0 0
402 105 64 0 0
403 106 64 0 0
404 107 64 0 0
405 106 64 0 0
406 107 64 0 0
407 106 64 0 0
408 106 65 0 0
409 107 65 0 0
410 106 65 0 0
411 107 65 0 0
412 106 65 0 0
413 107 65 0 0
414 106 65 0 0
415 107 65 0 0
416 106 65 0 0
417 107 65 0 0
418 106 65 0 0
419 106 66 0 0
420 107 66 0 0
421 108 66 0 0
422 107 66 0 0
423 108 66 0 0
424 107 66 0 0
425 108 66 0 0
426 107 66 0 0
427 107 67 0 0
428 108 67 0 0
429 107 67 0 0
430 108 67 0 0
431 107 67 0 0
432 108 67 0 0
433 107 67 0 0
434 108 67 0 0
435 107 67 0 0
436 107 68 0 0
437 108 68 0 0
438 107 68 0 0
439 108 68 0 0
440 107 68 0 0
441 108 68 0 0
442 107 68 0 0
443 108 68 0 0
444 108 69 0 0
445 109 69 0 0
446 108 69 0 0
447 109 69 0 0
448 108 69 0 0
449 109 69 0 0
450 108 69 0 0
451 109 69 0 0
452 108 69 0 0
453 109 69 0 0
454 108 69 0 0
455 108 70 0 0
456 109 70 0 0
457 108 70 0 0
458 109 70 0 0
459 110 70 0 0
460 109 70 0 0
461 110 70 0 0
462 109 70 0 0
463 109 71 0 0
464 110 71 0 0
465 109 71 0 0
466 110 71 0 0
467 109 71 0 0
468 110 71 0 0
469 109 71 0 0
470 110 71 0 0
471 109 71 0 0
472 110 71 0 0
473 109 71 0 0
474 109 72 0 0
475 110 72 0 0
476 111 72 0 0
477 110 72 0 0
478 111 72 0 0
479 110 72 0 0
480 111 72 0 0
481 110 72 0 0
482 111 72 0 0
483 110 72 0 0
484 110 73 0 0
485 111 73 0 0
486 110 73 0 0
487 111 73 0 0
488 110 73 0 0
489 111 73 0 0
490 112 73 0 0
491 111 73 0 0
492 111 74 0 0
493 112 74 0 0
494 111 74 0 0
495 112 74 0 0
496 111 74 0 0
497 112 74 0 0
498 111 74 0 0
499 112 74 0 0
500 111 74 0 0
501 112 74 0 0
502 111 74 0 0
503 111 75 0 0
504 112 75 0 0
505 111 75 0 0
506 112 75 0 0
507 113 75 0 0
508 112 75 0 0
509 113 75 0 0
510 112 75 0 0
511 113 75 0 0
512 112 75 0 0
513 112 76 0 0
514 113 76 0 0
515 112 76 0 0
516 113 76 0 0
517 112 76 0 0
518 113 76 0 0
519 112 76 0 0
520 113 76 0 0
521 112 76 0 0
522 113 76 0 0
523 112 76 0 0
524 113 76 0 0
525 113 77 0 0
526 114 77 0 0
527 113 77 0 0
528 114 77 0 0
529 113 77 0 0
530 114 77 0 0
531 113 77 0 0
532 114 77 0 0
533 113 77 0 0
534 114 77 0 0
535 113 77 0 0
536 114 77 0 0
537 115 77 0 0
538 114 77 0 0
539 114 78 0 0
540 115 78 0 0
541 114 78 0 0
542 115 78 0 0
543 114 78 0 0
544 115 78 0 0
545 114 78 0 0
546 115 78 0 0
547 114 78 0 0
548 115 78 0 0
549 114 78 0 0
550 115 78 0 0
551 114 78 0 0
552 115 78 0 0
553 114 78 0 0
554 114 79 0 0
555 115 79 0 0
556 116 79 0 0
557 115 79 0 0
558 116 79 0 0
559 115 79 0 0
560 116 79 0 0
561 115 79 0 0
562 116 79 0 0
563 115 79 0 0
564 116 79 0 0
565 115 79 0 0
566 115 80 0 0
567 116 80 0 0
568 117 80 0 0
569 116 80 0 0
570 117 80 0 0
571 116 80 0 0
572 117 80 0 0
573 116 80 0 0
574 117 80 0 0
575 116 80 0 0
576 117 80 0 0
577 116 80 0 0
578 116 81 0 0
579 117 81 0 0
580 116 81 0 0
581 117 81 0 0
582 116 81 0 0
583 117 81 0 0
584 118 81 0 0
585 117 81 0 0
586 118 81 0 0
587 117 81 0 0
588 117 82 0 0
589 118 82 0 0
590 117 82 0 0
591 118 82 0 0
592 119 82 0 0
593 118 82 0 0
594 119 82 0 0
595 118 82 0 0
596 119 82 0 0
597 118 82 0 0
598 119 82 0 0
599 118 82 0 0
600 119 82 0 0
601 118 82 0 0
602 119 82 0 0
603 119 83 0 0
604 120 83 0 0
605 119 83 0 0
606 120 83 0 0
607 119 83 0 0
608 120 83 0 0
609 119 83 0 0
610 120 83 0 0
611 119 83 0 0
612 120 83 0 0
613 121 83 0 0
614 120 83 0 0
615 121 83 0 0
616 120 83 0 0
617 121 83 0 0
618 120 83 0 0
619 121 83 0 0
620 122 83 0 0
621 121 83 0 0
622 122 83 0 0
623 121 83 0 0
624 122 83 0 0
625 121 83 0 0
626 122 83 0 0
627 121 83 0 0
628 121 84 0 0
629 122 84 0 0
630 123 84 0 0
631 122 84 0 0
632 123 84 0 0
633 122 84 0 0
634 123 84 0 0
635 122 84 0 0
636 123 84 0 0
637 122 84 0 0
638 123 84 0 0
639 124 84 0 0
640 123 84 0 0
641 124 84 0 0
642 123 84 0 0
643 124 84 0 0
644 123 84 0 0
645 123 85 0 0
646 124 85 0 0
647 123 85 0 0
648 124 85 0 0
649 125 85 0 0
650 124 85 0 0
651 125 85 0 0
652 124 85 0 0
653 125 85 0 0
654 126 85 0 0
655 125 85 0 0
656 126 85 0 0
657 125 85 0 0
658 126 85 0 0
659 125 85 0 0
660 126 85 0 0
661 125 85 0 0
662 126 85 0 0
663 126 86 0 0
664 127 86 0 0
665 126 86 0 0
666 127 86 0 0
667 126 86 0 0
668 127 86 0 0
669 126 86 0 0
670 127 86 0 0
671 128 86 0 0
672 127 86 0 0
673 128 86 0 0
674 127 86 0 0
675 128 86 0 0
676 127 86 0 0
677 128 86 0 0
678 129 86 0 0
679 128 86 0 0
680 129 86 0 0
681 128 86 0 0
682 128 87 0 0
683 129 87 0 0
684 128 87 0 0
685 129 87 0 0
686 130 87 0 0
687 129 87 0 0
688 130 87 0 0
689 129 87 0 0
690 130 87 0 0
691 129 87 0 0
692 130 87 0 0
693 131 87 0 0
694 130 87 0 0
695 131 87 0 0
696 130 87 0 0
697 131 87 0 0
698 132 87 0 0
699 131 87 0 0
700 131 88 0 0
701 132 88 0 0
702 131 88 0 0
703 132 88 0 0
704 131 88 0 0
705 132 88 0 0
706 131 88 0 0
707 132 88 0 0
708 133 88 0 0
709 132 88 0 0
710 133 88 0 0
711 132 88 0 0
712 133 88 0 0
713 132 88 0 0
714 133 88 0 0
715 134 88 0 0
716 133 88 0 0
717 134 88 0 0
718 133 88 0 0
719 133 89 0 0
720 134 89 0 0
721 133 89 0 0
722 134 89 0 0
723 135 89 0 0
724 134 89 0 0
725 135 89 0 0
726 134 89 0 0
727 135 89 0 0
728 134 89 0 0
729 135 89 0 0
730 135 90 0 0
731 136 90 0 0
732 135 90 0 0
733 136 90 0 0
734 135 90 0 0
735 136 90 0 0
736 135 90 0 0
737 136 90 0 0
738 135 90 0 0
739 136 90 0 0
740 137 90 0 0
741 136 90 0 0
742 137 90 0 0
743 136 90 0 0
744 137 90 0 0
745 136 90 0 0
746 137 90 0 0
747 136 90 0 0
748 137 90 0 0
749 138 90 0 0
750 137 90 0 0
751 137 91 0 0
752 138 91 0 0
753 137 91 0 0
754 138 91 0 0
755 139 91 0 0
756 138 91 0 0
757 139 91 0 0
758 138 91 0 0
759 139 91 0 0
760 138 91 0 0
761 139 91 0 0
762 138 91 0 0
763 139 91 0 0
764 140 91 0 0
765 139 91 0 0
766 140 91 0 0
767 139 91 0 0
768 140 91 0 0
769 139 91 0 0
770 140 91 0 0
771 141 91 0 0
772 140 91 0 0
773 141 91 0 0
774 140 91 0 0
775 141 91 0 0
776 140 91 0 0
777 141 91 0 0
778 140 91 0 0
779 140 92 0 0
780 141 92 0 0
781 142 92 0 0
782 141 92 0 0
783 142 92 0 0
784 141 92 0 0
785 142 92 0 0
786 141 92 0 0
787 142 92 0 0
788 143 92 0 0
789 142 92 0 0
790 143 92 0 0
791 142 92 0 0
792 143 92 0 0
793 142 92 0 0
794 143 92 0 0
795 142 92 0 0
796 143 92 0 0
797 144 92 0 0
798 143 92 0 0
799 144 92 0 0
800 143 92 0 0
801 144 92 0 0
802 143 92 0 0
803 144 92 0 0
804 145 92 0 0
805 144 92 0 0
806 145 92 0 0
807 144 92 0 0
808 145 92 0 0
809 146 92 0 0
810 145 92 0 0
811 145 93 0 0
812 146 93 0 0
813 145 93 0 0
814 146 93 0 0
815 145 93 0 0
816 146 93 0 0
817 145 93 0 0
818 146 93 0 0
819 147 93 0 0
820 146 93 0 0
821 147 93 0 0
822 146 93 0 0
823 147 93 0 0
824 148 93 0 0
825 147 93 0 0
826 148 93 0 0
827 147 93 0 0
828 148 93 0 0
829 147 93 0 0
830 148 93 0 0
831 147 93 0 0
832 148 93 0 0
833 149 93 0 0
834 148 93 0 0
835 149 93 0 0
836 148 93 0 0
837 149 93 0 0
838 148 93 0 0
839 149 93 0 0
840 150 93 0 0
841 149 93 0 0
842 150 93 0 0
843 149 93 0 0
844 150 93 0 0
845 151 93 0 0
846 150 93 0 0
847 150 94 0 0
848 151 94 0 0
849 150 94 0 0
850 151 94 0 0
851 150 94 0 0
852 151 94 0 0
853 152 94 0 0
854 151 94 0 0
855 152 94 0 0
856 151 94 0 0
857 152 94 0 0
858 153 94 0 0
859 152 94 0 0
860 153 94 0 0
861 152 94 0 0
862 153 94 0 0
863 152 94 0 0
864 153 94 0 0
865 154 94 0 0
866 153 94 0 0
867 154 94 0 0
868 153 94 0 0
869 154 94 0 0
870 153 94 0 0
871 154 94 0 0
872 155 94 0 0
873 154 94 0 0
874 155 94 0 0
875 154 94 0 0
876 155 94 0 0
877 156 94 0 0
878 155 94 0 0
879 156 94 0 0
880 155 94 0 0
881 156 94 0 0
882 155 94 0 0
883 156 94 0 0
884 157 94 0 0
885 156 94 0 0
886 157 94 0 0
887 156 94 0 0
888 157 94 0 0
889 156 94 0 0
890 157 94 0 0
891 158 94 0 0
892 157 94 0 0
893 158 94 0 0
894 157 94 0 0
895 158 94 0 0
896 159 94 0 0
897 158 94 0 0
898 159 94 0 0
899 158 94 0 0
900 159 94 0 0
901 160 94 0 0
902 159 94 0 0
903 160 94 0 0
904 159 94 0 0
905 160 94 0 0
906 161 94 0 0
907 160 94 0 0
908 161 94 0 0
909 160 94 0 0
910 161 94 0 0
911 160 94 0 0
912 161 94 0 0
913 162 94 0 0
914 161 94 0 0
915 162 94 0 0
916 161 94 0 0
917 162 94 0 0
918 163 94 0 0
919 162 94 0 0
920 163 94 0 0
921 162 94 0 0
922 163 94 0 0
923 162 94 0 0
924 163 94 0 0
925 164 94 0 0
926 163 94 0 0
927 164 94 0 0
928 163 94 0 0
929 164 94 0 0
930 163 94 0 0
931 164 94 0 0
932 165 94 0 0
933 164 94 0 0
934 165 94 0 0
935 164 94 0 0
936 165 94 0 0
937 164 94 0 0
938 165 94 0 0
939 166 94 0 0
940 165 94 0 0
941 166 94 0 0
942 165 94 0 0
943 166 94 0 0
944 165 94 0 0
945 166 94 0 0
946 167 94 0 0
947 166 94 0 0
948 167 94 0 0
949 166 94 0 0
950 167 94 0 0
951 168 94 0 0
952 167 94 0 0
953 168 94 0 0
954 167 94 0 0
955 168 94 0 0
956 167 94 0 0
957 168 94 0 0
958 169 94 0 0
959 168 94 0 0
960 169 94 0 0
961 168 94 0 0
962 169 94 0 0
963 168 94 0 0
964 169 94 0 0
965 168 94 0 0
966 169 94 0 0
967 170 94 0 0
968 169 94 0 0
969 170 94 0 0
970 169 94 0 0
971 170 94 0 0
972 171 94 0 0
973 170 94 0 0
974 171 94 0 0
975 170 94 0 0
976 171 94 0 0
977 170 94 0 0
978 171 94 0 0
979 172 94 0 0
980 171 94 0 0
981 172 94 0 0
982 171 94 0 0
983 172 94 0 0
984 173 94 0 0
985 172 94 0 0
986 172 95 0 0
987 173 95 0 0
988 172 95 0 0
989 173 95 0 0
990 172 95 0 0
991 173 95 0 0
992 174 95 0 0
993 173 95 0 0
994 174 95 0 0
995 173 95 0 0
996 174 95 0 0
997 175 95 0 0
998 174 95 0 0
999 175 95 0 0
1000 176 95 0 0
1001 175 95 0 0
1002 176 95 0 0
1003 175 95 0 0
1004 176 95 0 0
1005 177 95 0 0
1006 176 95 0 0
1007 177 95 0 0
1008 176 95 0 0
1009 177 95 0 0
1010 176 95 0 0
1011 177 95 0 0
1012 178 95 0 0
1013 177 95 0 0
1014 178 95 0 0
1015 179 95 0 0
1016 178 95 0 0
1017 179 95 0 0
1018 178 95 0 0
1019 179 95 0 0
1020 179 96 0 0
1021 180 96 0 0
1022 179 96 0 0
1023 180 96 0 0
1024 179 96 0 0
1025 180 96 0 0
1026 181 96 0 0
1027 180 96 0 0
1028 181 96 0 0
1029 180 96 0 0
1030 181 96 0 0
1031 180 96 0 0
1032 181 96 0 0
1033 182 96 0 0
1034 181 96 0 0
1035 182 96 0 0
1036 181 96 0 0
1037 182 96 0 0
1038 183 96 0 0
1039 182 96 0 0
1040 183 96 0 0
1041 182 96 0 0
1042 183 96 0 0
1043 182 96 0 0
1044 183 96 0 0
1045 184 96 0 0
1046 183 96 0 0
1047 184 96 0 0
1048 183 96 0 0
1049 184 96 0 0
1050 183 96 0 0
1051 184 96 0 0
1052 185 96 0 0
1053 184 96 0 0
1054 185 96 0 0
1055 184 96 0 0
1056 185 96 0 0
1057 186 96 0 0
1058 185 96 0 0
1059 186 96 0 0
1060 185 96 0 0
1061 186 96 0 0
1062 187 96 0 0
1063 186 96 0 0
1064 187 96 0 0
1065 188 96 0 0
1066 187 96 0 0
1067 188 96 0 0
1068 187 96 0 0
1069 188 96 0 0
1070 189 96 0 0
1071 188 96 0 0
1072 189 96 0 0
1073 188 96 0 0
1074 189 96 0 0
1075 188 96 0 0
1076 189 96 0 0
1077 190 96 0 0
1078 189 96 0 0
1079 190 96 0 0
1080 191 96 0 0
1081 190 96 0 0
1082 191 96 0 0
1083 190 96 0 0
1084 191 96 0 0
1085 192 96 0 0
1086 191 96 0 0
1087 191 95 0 0
1088 192 95 0 0
1089 191 95 0 0
1090 191 96 0 0
1091 192 96 0 0
1092 193 96 0 0
1093 192 96 0 0
1094 193 96 0 0
1095 192 96 0 0
1096 193 96 0 0
1097 192 96 0 0
1098 193 96 0 0
1099 194 96 0 0
1100 193 96 0 0
1101 194 96 0 0
1102 193 96 0 0
1103 194 96 0 0
1104 193 96 0 0
1105 194 96 0 0
1106 195 96 0 0
1107 194 96 0 0
1108 195 96 0 0
1109 194 96 0 0
1110 195 96 0 0
1111 194 96 0 0
1112 195 96 0 0
1113 196 96 0 0
1114 195 96 0 0
1115 196 96 0 0
1116 195 96 0 0
1117 196 96 0 0
1118 195 96 0 0
1119 196 96 0 0
1120 195 96 0 0
1121 196 96 0 0
