0 3 96 0 0
1 3 97 0 0
2 4 97 0 0
3 3 97 0 0
4 4 97 0 0
5 5 97 0 0
6 4 97 0 0
7 5 97 0 0
8 6 97 0 0
9 5 97 0 0
10 6 97 0 0
11 5 97 0 0
12 6 97 0 0
13 7 97 0 0
14 6 97 0 0
15 7 97 0 0
16 8 97 0 0
17 7 97 0 0
18 8 97 0 0
19 9 97 0 0
20 8 97 0 0
21 9 97 0 0
22 8 97 0 0
23 9 97 0 0
24 10 97 0 0
25 9 97 0 0
26 9 98 0 0
27 10 98 0 0
28 11 98 0 0
29 10 98 0 0
30 11 98 0 0
31 12 98 0 0
32 11 98 0 0
33 12 98 0 0
34 13 98 0 0
35 12 98 0 0
36 13 98 0 0
37 12 98 0 0
38 13 98 0 0
39 14 98 0 0
40 13 98 0 0
41 14 98 0 0
42 13 98 0 0
43 14 98 0 0
44 15 98 0 0
45 14 98 0 0
46 15 98 0 0
47 16 98 0 0
48 15 98 0 0
49 16 98 0 0
50 17 98 0 0
51 16 98 0 0
52 17 98 0 0
53 16 98 0 0
54 17 98 0 0
55 18 98 0 0
56 17 98 0 0
57 18 98 0 0
58 17 98 0 0
59 18 98 0 0
60 19 98 0 0
61 18 98 0 0
62 19 98 0 0
63 18 98 0 0
64 19 98 0 0
65 20 98 0 0
66 19 98 0 0
67 20 98 0 0
68 21 98 0 0
69 20 98 0 0
70 21 98 0 0
71 20 98 0 0
72 21 98 0 0
73 20 98 0 0
74 21 98 0 0
75 22 98 0 0
76 21 98 0 0
77 22 98 0 0
78 23 98 0 0
79 22 98 0 0
80 23 98 0 0
81 22 98 0 0
82 23 98 0 0
83 23 99 0 0
84 24 99 0 0
85 23 99 0 0
86 24 99 0 0
87 23 99 0 0
88 24 99 0 0
89 25 99 0 0
90 24 99 0 0
91 25 99 0 0
92 26 99 0 0
93 25 99 0 0
94 26 99 0 0
95 25 99 0 0
96 26 99 0 0
97 27 99 0 0
98 26 99 0 0
99 27 99 0 0
100 26 99 0 0
101 27 99 0 0
102 28 99 0 0
103 27 99 0 0
104 28 99 0 0
105 29 99 0 0
106 28 99 0 0
107 29 99 0 0
108 30 99 0 0
109 29 99 0 0
110 30 99 0 0
111 31 99 0 0
112 30 99 0 0
113 31 99 0 0
114 30 99 0 0
115 31 99 0 0
116 31 100 0 0
117 32 100 0 0
118 31 100 0 0
119 32 100 0 0
120 31 100 0 0
121 32 100 0 0
122 33 100 0 0
123 32 100 0 0
124 33 100 0 0
125 32 100 0 0
126 33 100 0 0
127 34 100 0 0
128 33 100 0 0
129 34 100 0 0
130 33 100 0 0
131 34 100 0 0
132 35 100 0 0
133 34 100 0 0
134 35 100 0 0
135 34 100 0 0
136 35 100 0 0
137 36 100 0 0
138 35 100 0 0
139 36 100 0 0
140 35 100 0 0
141 36 100 0 0
142 37 100 0 0
143 36 100 0 0
144 37 100 0 0
145 38 100 0 0
146 37 100 0 0
147 38 100 0 0
148 37 100 0 0
149 37 101 0 0
150 38 101 0 0
151 39 101 0 0
152 38 101 0 0
153 39 101 0 0
154 40 101 0 0
155 39 101 0 0
156 40 101 0 0
157 39 101 0 0
158 40 101 0 0
159 41 101 0 0
160 40 101 0 0
161 41 101 0 0
162 40 101 0 0
163 41 101 0 0
164 42 101 0 0
165 41 101 0 0
166 42 101 0 0
167 43 101 0 0
168 42 101 0 0
169 43 101 0 0
170 42 101 0 0
171 43 101 0 0
172 44 101 0 0
173 43 101 0 0
174 44 101 0 0
175 43 101 0 0
176 44 101 0 0
177 45 101 0 0
178 44 101 0 0
179 45 101 0 0
180 46 101 0 0
181 45 101 0 0
182 46 101 0 0
183 45 101 0 0
184 46 101 0 0
185 47 101 0 0
186 46 101 0 0
187 47 101 0 0
188 46 101 0 0
189 47 101 0 0
190 48 101 0 0
191 47 101 0 0
192 48 101 0 0
193 47 101 0 0
194 48 101 0 0
195 49 101 0 0
196 48 101 0 0
197 49 101 0 0
198 50 101 0 0
199 49 101 0 0
200 50 101 0 0
201 49 101 0 0
202 50 101 0 0
203 49 101 0 0
204 49 102 0 0
205 50 102 0 0
206 51 102 0 0
207 50 102 0 0
208 51 102 0 0
209 52 102 0 0
210 51 102 0 0
211 52 102 0 0
212 51 102 0 0
213 52 102 0 0
214 53 102 0 0
215 52 102 0 0
216 53 102 0 0
217 52 102 0 0
218 53 102 0 0
219 54 102 0 0
220 53 102 0 0
221 54 102 0 0
222 53 102 0 0
223 54 102 0 0
224 55 102 0 0
225 54 102 0 0
226 55 102 0 0
227 54 102 0 0
228 55 102 0 0
229 56 102 0 0
230 55 102 0 0
231 56 102 0 0
232 55 102 0 0
233 56 102 0 0
234 57 102 0 0
235 56 102 0 0
236 57 102 0 0
237 58 102 0 0
238 57 102 0 0
239 58 102 0 0
240 57 102 0 0
241 58 102 0 0
242 59 102 0 0
243 58 102 0 0
244 59 102 0 0
245 58 102 0 0
246 59 102 0 0
247 60 102 0 0
248 59 102 0 0
249 59 103 0 0
250 60 103 0 0
251 59 103 0 0
252 60 103 0 0
253 61 103 0 0
254 60 103 0 0
255 61 103 0 0
256 62 103 0 0
257 61 103 0 0
258 62 103 0 0
259 61 103 0 0
260 62 103 0 0
261 61 103 0 0
262 62 103 0 0
263 63 103 0 0
264 62 103 0 0
265 63 103 0 0
266 62 103 0 0
267 63 103 0 0
268 64 103 0 0
269 63 103 0 0
270 63 104 0 0
271 64 104 0 0
272 65 104 0 0
273 64 104 0 0
274 65 104 0 0
275 64 104 0 0
276 65 104 0 0
277 64 104 0 0
278 65 104 0 0
279 66 104 0 0
280 65 104 0 0
281 66 104 0 0
282 67 104 0 0
283 66 104 0 0
284 67 104 0 0
285 66 104 0 0
286 67 104 0 0
287 68 104 0 0
288 67 104 0 0
289 68 104 0 0
290 67 104 0 0
291 67 105 0 0
292 68 105 0 0
293 69 105 0 0
294 68 105 0 0
295 69 105 0 0
296 68 105 0 0
297 69 105 0 0
298 70 105 0 0
299 69 105 0 0
300 70 105 0 0
301 69 105 0 0
302 70 105 0 0
303 71 105 0 0
304 70 105 0 0
305 71 105 0 0
306 70 105 0 0
307 71 105 0 0
308 72 105 0 0
309 71 105 0 0
310 71 106 0 0
311 72 106 0 0
312 71 106 0 0
313 72 106 0 0
314 73 106 0 0
315 72 106 0 0
316 73 106 0 0
317 72 106 0 0
318 73 106 0 0
319 72 106 0 0
320 73 106 0 0
321 74 106 0 0
322 73 106 0 0
323 74 106 0 0
324 73 106 0 0
325 74 106 0 0
326 75 106 0 0
327 74 106 0 0
328 74 107 0 0
329 75 107 0 0
330 74 107 0 0
331 75 107 0 0
332 76 107 0 0
333 75 107 0 0
334 76 107 0 0
335 75 107 0 0
336 76 107 0 0
337 75 107 0 0
338 76 107 0 0
339 77 107 0 0
340 76 107 0 0
341 77 107 0 0
342 78 107 0 0
343 77 107 0 0
344 78 107 0 0
345 77 107 0 0
346 77 108 0 0
347 78 108 0 0
348 77 108 0 0
349 78 108 0 0
350 79 108 0 0
351 78 108 0 0
352 79 108 0 0
353 80 108 0 0
354 79 108 0 0
355 80 108 0 0
356 79 108 0 0
357 80 108 0 0
358 79 108 0 0
359 79 109 0 0
360 80 109 0 0
361 81 109 0 0
362 80 109 0 0
363 81 109 0 0
364 80 109 0 0
365 81 109 0 0
366 82 109 0 0
367 81 109 0 0
368 81 110 0 0
369 82 110 0 0
370 81 110 0 0
371 82 110 0 0
372 81 110 0 0
373 82 110 0 0
374 83 110 0 0
375 82 110 0 0
376 83 110 0 0
377 82 110 0 0
378 82 111 0 0
379 83 111 0 0
380 82 111 0 0
381 83 111 0 0
382 84 111 0 0
383 83 111 0 0
384 84 111 0 0
385 83 111 0 0
386 84 111 0 0
387 84 112 0 0
388 85 112 0 0
389 84 112 0 0
390 85 112 0 0
391 84 112 0 0
392 85 112 0 0
393 84 112 0 0
394 85 112 0 0
395 86 112 0 0
396 85 112 0 0
397 85 113 0 0
398 86 113 0 0
399 85 113 0 0
400 86 113 0 0
401 87 113 0 0
402 86 113 0 0
403 87 113 0 0
404 86 113 0 0
405 87 113 0 0
406 86 113 0 0
407 86 114 0 0
408 87 114 0 0
409 88 114 0 0
410 87 114 0 0
411 88 114 0 0
412 87 114 0 0
413 88 114 0 0
414 87 114 0 0
415 88 114 0 0
416 88 115 0 0
417 89 115 0 0
418 88 115 0 0
419 89 115 0 0
420 88 115 0 0
421 89 115 0 0
422 90 115 0 0
423 89 115 0 0
424 89 116 0 0
425 90 116 0 0
426 89 116 0 0
427 90 116 0 0
428 89 116 0 0
429 90 116 0 0
430 91 116 0 0
431 90 116 0 0
432 90 117 0 0
433 91 117 0 0
434 90 117 0 0
435 91 117 0 0
436 90 117 0 0
437 91 117 0 0
438 92 117 0 0
439 91 117 0 0
440 92 117 0 0
441 91 117 0 0
442 91 118 0 0
443 92 118 0 0
444 91 118 0 0
445 92 118 0 0
446 93 118 0 0
447 92 118 0 0
448 93 118 0 0
449 92 118 0 0
450 92 119 0 0
451 93 119 0 0
452 92 119 0 0
453 93 119 0 0
454 92 119 0 0
455 93 119 0 0
456 94 119 0 0
457 93 119 0 0
458 93 120 0 0
459 94 120 0 0
460 93 120 0 0
461 94 120 0 0
462 95 120 0 0
463 94 120 0 0
464 95 120 0 0
465 94 120 0 0
466 94 121 0 0
467 95 121 0 0
468 94 121 0 0
469 95 121 0 0
470 96 121 0 0
471 95 121 0 0
472 96 121 0 0
473 95 121 0 0
474 95 122 0 0
475 96 122 0 0
476 95 122 0 0
477 96 122 0 0
478 95 122 0 0
479 96 122 0 0
480 95 122 0 0
481 96 122 0 0
482 96 123 0 0
483 97 123 0 0
484 96 123 0 0
485 97 123 0 0
486 96 123 0 0
487 97 123 0 0
488 96 123 0 0
489 96 124 0 0
490 97 124 0 0
491 96 124 0 0
492 97 124 0 0
493 96 124 0 0
494 97 124 0 0
495 97 125 0 0
496 98 125 0 0
497 97 125 0 0
498 98 125 0 0
499 97 125 0 0
500 98 125 0 0
501 97 125 0 0
502 98 125 0 0
503 98 126 0 0
504 99 126 0 0
505 98 126 0 0
506 99 126 0 0
507 98 126 0 0
508 99 126 0 0
509 98 126 0 0
510 98 127 0 0
511 99 127 0 0
512 98 127 0 0
513 99 127 0 0
514 98 127 0 0
515 99 127 0 0
516 98 127 0 0
517 98 128 0 0
518 99 128 0 0
519 100 128 0 0
520 99 128 0 0
521 100 128 0 0
522 99 128 0 0
523 100 128 0 0
524 99 128 0 0
525 99 129 0 0
526 100 129 0 0
527 99 129 0 0
528 100 129 0 0
529 101 129 0 0
530 100 129 0 0
531 101 129 0 0
532 100 129 0 0
533 101 129 0 0
534 100 129 0 0
535 100 130 0 0
536 101 130 0 0
537 100 130 0 0
538 101 130 0 0
539 100 130 0 0
540 101 130 0 0
541 101 131 0 0
542 102 131 0 0
543 101 131 0 0
544 102 131 0 0
545 101 131 0 0
546 102 131 0 0
547 101 131 0 0
548 101 132 0 0
549 102 132 0 0
550 101 132 0 0
551 102 132 0 0
552 103 132 0 0
553 102 132 0 0
554 103 132 0 0
555 102 132 0 0
556 102 133 0 0
557 103 133 0 0
558 102 133 0 0
559 103 133 0 0
560 102 133 0 0
561 103 133 0 0
562 102 133 0 0
563 103 133 0 0
564 102 133 0 0
565 102 134 0 0
566 103 134 0 0
567 104 134 0 0
568 103 134 0 0
569 104 134 0 0
570 103 134 0 0
571 104 134 0 0
572 103 134 0 0
573 103 135 0 0
574 104 135 0 0
575 103 135 0 0
576 104 135 0 0
577 103 135 0 0
578 104 135 0 0
579 103 135 0 0
580 104 135 0 0
581 103 135 0 0
582 103 136 0 0
583 104 136 0 0
584 105 136 0 0
585 104 136 0 0
586 105 136 0 0
587 104 136 0 0
588 105 136 0 0
589 104 136 0 0
590 104 137 0 0
591 105 137 0 0
592 104 137 0 0
593 105 137 0 0
594 104 137 0 0
595 105 137 0 0
596 106 137 0 0
597 105 137 0 0
598 105 138 0 0
599 106 138 0 0
600 105 138 0 0
601 106 138 0 0
602 105 138 0 0
603 106 138 0 0
604 105 138 0 0
605 106 138 0 0
606 105 138 0 0
607 105 139 0 0
608 106 139 0 0
609 105 139 0 0
610 106 139 0 0
611 107 139 0 0
612 106 139 0 0
613 107 139 0 0
614 106 139 0 0
615 106 140 0 0
616 107 140 0 0
617 106 140 0 0
618 107 140 0 0
619 106 140 0 0
620 107 140 0 0
621 106 140 0 0
622 107 140 0 0
623 107 141 0 0
624 108 141 0 0
625 107 141 0 0
626 108 141 0 0
627 107 141 0 0
628 108 141 0 0
629 107 141 0 0
630 108 141 0 0
631 107 141 0 0
632 107 142 0 0
633 108 142 0 0
634 107 142 0 0
635 108 142 0 0
636 107 142 0 0
637 108 142 0 0
638 109 142 0 0
639 108 142 0 0
640 108 143 0 0
641 109 143 0 0
642 108 143 0 0
643 109 143 0 0
644 108 143 0 0
645 108 144 0 0
646 109 144 0 0
647 108 144 0 0
648 109 144 0 0
649 108 144 0 0
650 109 144 0 0
651 108 144 0 0
652 108 145 0 0
653 109 145 0 0
654 108 145 0 0
655 109 145 0 0
656 108 145 0 0
657 109 145 0 0
658 108 145 0 0
659 108 146 0 0
660 109 146 0 0
661 110 146 0 0
662 109 146 0 0
663 110 146 0 0
664 109 146 0 0
665 109 147 0 0
666 110 147 0 0
667 109 147 0 0
668 110 147 0 0
669 109 147 0 0
670 110 147 0 0
671 109 147 0 0
672 109 148 0 0
673 110 148 0 0
674 109 148 0 0
675 110 148 0 0
676 111 148 0 0
677 110 148 0 0
678 110 149 0 0
679 111 149 0 0
680 110 149 0 0
681 111 149 0 0
682 110 149 0 0
683 111 149 0 0
684 110 149 0 0
685 110 150 0 0
686 111 150 0 0
687 110 150 0 0
688 111 150 0 0
689 110 150 0 0
690 111 150 0 0
691 110 150 0 0
692 110 151 0 0
693 111 151 0 0
694 110 151 0 0
695 111 151 0 0
696 112 151 0 0
697 111 151 0 0
698 111 152 0 0
699 112 152 0 0
700 111 152 0 0
701 112 152 0 0
702 111 152 0 0
703 112 152 0 0
704 111 152 0 0
705 111 153 0 0
706 112 153 0 0
707 111 153 0 0
708 112 153 0 0
709 111 153 0 0
710 112 153 0 0
711 112 154 0 0
712 113 154 0 0
713 112 154 0 0
714 113 154 0 0
715 112 154 0 0
716 113 154 0 0
717 112 154 0 0
718 112 155 0 0
719 113 155 0 0
720 112 155 0 0
721 113 155 0 0
722 112 155 0 0
723 113 155 0 0
724 112 155 0 0
725 112 156 0 0
726 113 156 0 0
727 112 156 0 0
728 113 156 0 0
729 112 156 0 0
730 113 156 0 0
731 112 156 0 0
732 112 157 0 0
733 113 157 0 0
734 112 157 0 0
735 113 157 0 0
736 114 157 0 0
737 113 157 0 0
738 113 158 0 0
739 114 158 0 0
740 113 158 0 0
741 114 158 0 0
742 113 158 0 0
743 113 159 0 0
744 114 159 0 0
745 113 159 0 0
746 114 159 0 0
747 113 159 0 0
748 114 159 0 0
749 113 159 0 0
750 113 160 0 0
751 114 160 0 0
752 113 160 0 0
753 114 160 0 0
754 113 160 0 0
755 114 160 0 0
756 113 160 0 0
757 113 161 0 0
758 114 161 0 0
759 113 161 0 0
760 114 161 0 0
761 113 161 0 0
762 113 162 0 0
763 114 162 0 0
764 113 162 0 0
765 114 162 0 0
766 115 162 0 0
767 114 162 0 0
768 114 163 0 0
769 115 163 0 0
770 114 163 0 0
771 115 163 0 0
772 114 163 0 0
773 115 163 0 0
774 114 163 0 0
775 114 164 0 0
776 115 164 0 0
777 114 164 0 0
778 115 164 0 0
779 114 164 0 0
780 114 165 0 0
781 115 165 0 0
782 114 165 0 0
783 115 165 0 0
784 114 165 0 0
785 115 165 0 0
786 114 165 0 0
787 114 166 0 0
788 115 166 0 0
789 116 166 0 0
790 115 166 0 0
791 116 166 0 0
792 115 166 0 0
793 115 167 0 0
794 116 167 0 0
795 115 167 0 0
796 116 167 0 0
797 115 167 0 0
798 115 168 0 0
799 116 168 0 0
800 115 168 0 0
801 116 168 0 0
802 115 168 0 0
803 116 168 0 0
804 115 168 0 0
805 115 169 0 0
806 116 169 0 0
807 115 169 0 0
808 116 169 0 0
809 115 169 0 0
810 116 169 0 0
811 115 169 0 0
812 115 170 0 0
813 116 170 0 0
814 115 170 0 0
815 116 170 0 0
816 115 170 0 0
817 115 171 0 0
818 116 171 0 0
819 117 171 0 0
820 116 171 0 0
821 117 171 0 0
822 116 171 0 0
823 116 172 0 0
824 117 172 0 0
825 116 172 0 0
826 117 172 0 0
827 116 172 0 0
828 116 173 0 0
829 117 173 0 0
830 116 173 0 0
831 117 173 0 0
832 116 173 0 0
833 117 173 0 0
834 116 173 0 0
835 116 174 0 0
836 117 174 0 0
837 116 174 0 0
838 117 174 0 0
839 116 174 0 0
840 117 174 0 0
841 116 174 0 0
842 116 175 0 0
843 117 175 0 0
844 116 175 0 0
845 117 175 0 0
846 116 175 0 0
847 116 176 0 0
848 117 176 0 0
849 116 176 0 0
850 117 176 0 0
851 116 176 0 0
852 117 176 0 0
853 116 176 0 0
854 116 177 0 0
855 117 177 0 0
856 118 177 0 0
857 117 177 0 0
858 117 178 0 0
859 118 178 0 0
860 117 178 0 0
861 118 178 0 0
862 117 178 0 0
863 118 178 0 0
864 117 178 0 0
865 117 179 0 0
866 118 179 0 0
867 117 179 0 0
868 118 179 0 0
869 117 179 0 0
870 117 180 0 0
871 118 180 0 0
872 117 180 0 0
873 118 180 0 0
874 117 180 0 0
875 118 180 0 0
876 117 180 0 0
877 117 181 0 0
878 118 181 0 0
879 117 181 0 0
880 118 181 0 0
881 117 181 0 0
882 118 181 0 0
883 118 182 0 0
884 119 182 0 0
885 118 182 0 0
886 119 182 0 0
887 118 182 0 0
888 118 183 0 0
889 119 183 0 0
890 118 183 0 0
891 119 183 0 0
892 118 183 0 0
893 119 183 0 0
894 118 183 0 0
895 118 184 0 0
896 119 184 0 0
897 118 184 0 0
898 119 184 0 0
899 118 184 0 0
900 118 185 0 0
901 119 185 0 0
902 118 185 0 0
903 119 185 0 0
904 118 185 0 0
905 119 185 0 0
906 118 185 0 0
907 118 186 0 0
908 119 186 0 0
909 118 186 0 0
910 119 186 0 0
911 118 186 0 0
912 119 186 0 0
913 118 186 0 0
914 118 187 0 0
915 119 187 0 0
916 118 187 0 0
917 119 187 0 0
918 118 187 0 0
919 118 188 0 0
920 119 188 0 0
921 118 188 0 0
922 119 188 0 0
923 120 188 0 0
924 119 188 0 0
925 119 189 0 0
926 120 189 0 0
927 119 189 0 0
928 120 189 0 0
929 119 189 0 0
930 120 189 0 0
931 119 189 0 0
932 119 190 0 0
933 120 190 0 0
934 119 190 0 0
935 120 190 0 0
936 119 190 0 0
937 120 190 0 0
938 119 190 0 0
939 120 190 0 0
940 119 190 0 0
941 119 191 0 0
942 120 191 0 0
943 119 191 0 0
944 119 192 0 0
945 120 192 0 0
946 119 192 0 0
947 120 192 0 0
948 119 192 0 0
949 120 192 0 0
950 119 192 0 0
951 119 193 0 0
952 120 193 0 0
953 119 193 0 0
954 120 193 0 0
955 119 193 0 0
956 120 193 0 0
957 120 194 0 0
958 121 194 0 0
959 120 194 0 0
960 121 194 0 0
961 120 194 0 0
962 120 195 0 0
963 121 195 0 0
964 120 195 0 0
965 121 195 0 0
966 120 195 0 0
967 121 195 0 0
968 120 195 0 0
969 120 196 0 0
970 121 196 0 0
971 120 196 0 0
972 121 196 0 0
973 120 196 0 0
974 121 196 0 0
975 120 196 0 0
976 121 196 0 0
977 120 196 0 0
978 120 197 0 0
979 121 197 0 0
980 120 197 0 0
981 121 197 0 0
982 120 197 0 0
983 121 197 0 0
984 120 197 0 0
985 120 198 0 0
986 121 198 0 0
987 120 198 0 0
988 121 198 0 0
989 120 198 0 0
990 121 198 0 0
991 120 198 0 0
992 120 199 0 0
993 121 199 0 0
994 120 199 0 0
995 121 199 0 0
996 120 199 0 0
997 120 200 0 0
998 121 200 0 0
999 120 200 0 0
1000 121 200 0 0
1001 120 200 0 0
1002 121 200 0 0
1003 120 200 0 0
1004 120 201 0 0
1005 121 201 0 0
1006 120 201 0 0
1007 120 202 0 0
1008 121 202 0 0
1009 120 202 0 0
1010 121 202 0 0
1011 120 202 0 0
1012 121 202 0 0
1013 121 203 0 0
1014 122 203 0 0
1015 121 203 0 0
1016 122 203 0 0
1017 121 203 0 0
1018 122 203 0 0
1019 121 203 0 0
1020 122 203 0 0
1021 121 203 0 0
1022 121 204 0 0
1023 122 204 0 0
1024 121 204 0 0
1025 122 204 0 0
1026 121 204 0 0
1027 122 204 0 0
1028 121 204 0 0
1029 121 205 0 0
1030 122 205 0 0
1031 121 205 0 0
1032 122 205 0 0
1033 121 205 0 0
1034 121 206 0 0
1035 122 206 0 0
1036 121 206 0 0
1037 122 206 0 0
1038 121 206 0 0
1039 122 206 0 0
1040 121 206 0 0
1041 121 207 0 0
1042 122 207 0 0
1043 121 207 0 0
1044 122 207 0 0
1045 121 207 0 0
1046 121 208 0 0
1047 122 208 0 0
1048 121 208 0 0
1049 122 208 0 0
1050 121 208 0 0
1051 122 208 0 0
1052 121 208 0 0
1053 121 209 0 0
1054 122 209 0 0
1055 121 209 0 0
1056 122 209 0 0
1057 121 209 0 0
1058 121 210 0 0
1059 122 210 0 0
1060 121 210 0 0
1061 122 210 0 0
1062 121 210 0 0
1063 122 210 0 0
1064 121 210 0 0
1065 121 211 0 0
1066 122 211 0 0
1067 121 211 0 0
1068 122 211 0 0
1069 121 211 0 0
1070 121 212 0 0
1071 122 212 0 0
1072 121 212 0 0
1073 122 212 0 0
1074 123 212 0 0
1075 122 212 0 0
1076 122 213 0 0
1077 123 213 0 0
1078 122 213 0 0
1079 123 213 0 0
1080 122 213 0 0
1081 122 214 0 0
1082 123 214 0 0
1083 122 214 0 0
1084 123 214 0 0
1085 122 214 0 0
1086 123 214 0 0
1087 122 214 0 0
1088 122 215 0 0
1089 123 215 0 0
1090 122 215 0 0
1091 123 215 0 0
1092 122 215 0 0
1093 123 215 0 0
1094 122 215 0 0
1095 122 216 0 0
1096 123 216 0 0
1097 122 216 0 0
1098 123 216 0 0
1099 122 216 0 0
1100 123 216 0 0
1101 122 216 0 0
1102 122 217 0 0
1103 123 217 0 0
1104 122 217 0 0
1105 123 217 0 0
1106 122 217 0 0
1107 123 217 0 0
1108 122 217 0 0
1109 122 218 0 0
1110 123 218 0 0
1111 122 218 0 0
1112 123 218 0 0
1113 122 218 0 0
1114 123 218 0 0
1115 122 218 0 0
1116 122 219 0 0
1117 123 219 0 0
1118 122 219 0 0
1119 123 219 0 0
1120 122 219 0 0
1121 123 219 0 0
1122 122 219 0 0
1123 122 220 0 0
1124 123 220 0 0
1125 122 220 0 0
1126 123 220 0 0
1127 122 220 0 0
1128 122 221 0 0
1129 123 221 0 0
1130 122 221 0 0
1131 123 221 0 0
1132 122 221 0 0
1133 123 221 0 0
1134 122 221 0 0
1135 122 222 0 0
1136 123 222 0 0
1137 122 222 0 0
1138 123 222 0 0
1139 122 222 0 0
1140 123 222 0 0
1141 122 222 0 0
1142 122 223 0 0
1143 123 223 0 0
1144 122 223 0 0
1145 123 223 0 0
1146 122 223 0 0
1147 122 224 0 0
1148 123 224 0 0
1149 122 224 0 0
1150 123 224 0 0
1151 122 224 0 0
1152 123 224 0 0
1153 122 224 0 0
1154 122 225 0 0
1155 123 225 0 0
1156 122 225 0 0
1157 123 225 0 0
1158 122 225 0 0
1159 123 225 0 0
1160 122 225 0 0
1161 122 226 0 0
1162 123 226 0 0
1163 122 226 0 0
1164 123 226 0 0
1165 122 226 0 0
1166 122 227 0 0
1167 123 227 0 0
1168 122 227 0 0
1169 123 227 0 0
1170 122 227 0 0
1171 123 227 0 0
1172 122 227 0 0
1173 122 228 0 0
1174 123 228 0 0
1175 122 228 0 0
1176 123 228 0 0
1177 122 228 0 0
1178 122 229 0 0
1179 123 229 0 0
1180 122 229 0 0
1181 123 229 0 0
1182 122 229 0 0
1183 122 230 0 0
1184 123 230 0 0
1185 122 230 0 0
1186 123 230 0 0
1187 122 230 0 0
1188 123 230 0 0
1189 122 230 0 0
1190 122 231 0 0
1191 123 231 0 0
1192 122 231 0 0
1193 123 231 0 0
1194 122 231 0 0
