0 1 87 0 0
1 1 88 0 0
2 2 88 0 0
3 1 88 0 0
4 2 88 0 0
5 1 88 0 0
6 2 88 0 0
7 1 88 0 0
8 2 88 0 0
9 1 88 0 0
10 2 88 0 0
11 1 88 0 0
12 2 88 0 0
13 1 88 0 0
14 2 88 0 0
15 1 88 0 0
16 2 88 0 0
17 3 88 0 0
18 2 88 0 0
19 3 88 0 0
20 2 88 0 0
21 3 88 0 0
22 2 88 0 0
23 3 88 0 0
24 2 88 0 0
25 3 88 0 0
26 2 88 0 0
27 3 88 0 0
28 2 88 0 0
29 3 88 0 0
30 2 88 0 0
31 3 88 0 0
32 2 88 0 0
33 3 88 0 0
34 4 88 0 0
35 3 88 0 0
36 4 88 0 0
37 3 88 0 0
38 4 88 0 0
39 3 88 0 0
40 4 88 0 0
41 3 88 0 0
42 4 88 0 0
43 3 88 0 0
44 4 88 0 0
45 5 88 0 0
46 4 88 0 0
47 5 88 0 0
48 4 88 0 0
49 5 88 0 0
50 4 88 0 0
51 4 89 0 0
52 5 89 0 0
53 6 89 0 0
54 7 89 0 0
55 8 89 0 0
56 7 89 0 0
57 8 89 0 0
58 9 89 0 0
59 10 89 0 0
60 11 89 0 0
61 12 89 0 0
62 11 89 0 0
63 12 89 0 0
64 11 89 0 0
65 12 89 0 0
66 11 89 0 0
67 12 89 0 0
68 13 89 0 0
69 12 89 0 0
70 13 89 0 0
71 12 89 0 0
72 13 89 0 0
73 12 89 0 0
74 13 89 0 0
75 12 89 0 0
76 13 89 0 0
77 12 89 0 0
78 13 89 0 0
79 12 89 0 0
80 13 89 0 0
81 12 89 0 0
82 13 89 0 0
83 12 89 0 0
84 13 89 0 0
85 14 89 0 0
86 13 89 0 0
87 14 89 0 0
88 13 89 0 0
89 14 89 0 0
90 13 89 0 0
91 14 89 0 0
92 13 89 0 0
93 14 89 0 0
94 13 89 0 0
95 14 89 0 0
96 15 89 0 0
97 14 89 0 0
98 15 89 0 0
99 14 89 0 0
100 15 89 0 0
101 14 89 0 0
102 15 89 0 0
103 14 89 0 0
104 15 89 0 0
105 14 89 0 0
106 15 89 0 0
107 14 89 0 0
108 15 89 0 0
109 14 89 0 0
110 15 89 0 0
111 14 89 0 0
112 15 89 0 0
113 16 89 0 0
114 15 89 0 0
115 16 89 0 0
116 15 89 0 0
117 16 89 0 0
118 15 89 0 0
119 15 90 0 0
120 16 90 0 0
121 15 90 0 0
122 16 90 0 0
123 17 90 0 0
124 16 90 0 0
125 17 90 0 0
126 16 90 0 0
127 17 90 0 0
128 16 90 0 0
129 17 90 0 0
130 18 90 0 0
131 17 90 0 0
132 18 90 0 0
133 17 90 0 0
134 18 90 0 0
135 19 90 0 0
136 18 90 0 0
137 19 90 0 0
138 18 90 0 0
139 19 90 0 0
140 18 90 0 0
141 19 90 0 0
142 20 90 0 0
143 19 90 0 0
144 20 90 0 0
145 19 90 0 0
146 20 90 0 0
147 19 90 0 0
148 20 90 0 0
149 21 90 0 0
150 20 90 0 0
151 21 90 0 0
152 20 90 0 0
153 21 90 0 0
154 22 90 0 0
155 21 90 0 0
156 22 90 0 0
157 21 90 0 0
158 22 90 0 0
159 21 90 0 0
160 22 90 0 0
161 23 90 0 0
162 22 90 0 0
163 23 90 0 0
164 22 90 0 0
165 23 90 0 0
166 22 90 0 0
167 23 90 0 0
168 24 90 0 0
169 23 90 0 0
170 24 90 0 0
171 23 90 0 0
172 24 90 0 0
173 23 90 0 0
174 24 90 0 0
175 25 90 0 0
176 24 90 0 0
177 25 90 0 0
178 24 90 0 0
179 25 90 0 0
180 24 90 0 0
181 25 90 0 0
182 26 90 0 0
183 25 90 0 0
184 26 90 0 0
185 25 90 0 0
186 26 90 0 0
187 25 90 0 0
188 26 90 0 0
189 27 90 0 0
190 26 90 0 0
191 27 90 0 0
192 26 90 0 0
193 27 90 0 0
194 28 90 0 0
195 27 90 0 0
196 28 90 0 0
197 27 90 0 0
198 28 90 0 0
199 27 90 0 0
200 28 90 0 0
201 29 90 0 0
202 28 90 0 0
203 29 90 0 0
204 28 90 0 0
205 29 90 0 0
206 30 90 0 0
207 29 90 0 0
208 30 90 0 0
209 29 90 0 0
210 30 90 0 0
211 29 90 0 0
212 30 90 0 0
213 31 90 0 0
214 30 90 0 0
215 31 90 0 0
216 30 90 0 0
217 31 90 0 0
218 32 90 0 0
219 31 90 0 0
220 32 90 0 0
221 31 90 0 0
222 32 90 0 0
223 31 90 0 0
224 32 90 0 0
225 31 90 0 0
226 32 90 0 0
227 33 90 0 0
228 32 90 0 0
229 33 90 0 0
230 32 90 0 0
231 33 90 0 0
232 32 90 0 0
233 33 90 0 0
234 34 90 0 0
235 33 90 0 0
236 34 90 0 0
237 33 90 0 0
238 34 90 0 0
239 35 90 0 0
240 34 90 0 0
241 35 90 0 0
242 34 90 0 0
243 35 90 0 0
244 34 90 0 0
245 35 90 0 0
246 36 90 0 0
247 35 90 0 0
248 36 90 0 0
249 35 90 0 0
250 36 90 0 0
251 37 90 0 0
252 36 90 0 0
253 37 90 0 0
254 36 90 0 0
255 37 90 0 0
256 36 90 0 0
257 37 90 0 0
258 38 90 0 0
259 37 90 0 0
260 38 90 0 0
261 37 90 0 0
262 38 90 0 0
263 39 90 0 0
264 38 90 0 0
265 39 90 0 0
266 38 90 0 0
267 39 90 0 0
268 38 90 0 0
269 39 90 0 0
270 38 90 0 0
271 39 90 0 0
272 40 90 0 0
273 39 90 0 0
274 40 90 0 0
275 39 90 0 0
276 40 90 0 0
277 39 90 0 0
278 40 90 0 0
279 41 90 0 0
280 40 90 0 0
281 41 90 0 0
282 40 90 0 0
283 41 90 0 0
284 42 90 0 0
285 41 90 0 0
286 42 90 0 0
287 41 90 0 0
288 42 90 0 0
289 41 90 0 0
290 42 90 0 0
291 43 90 0 0
292 42 90 0 0
293 43 90 0 0
294 42 90 0 0
295 43 90 0 0
296 42 90 0 0
297 43 90 0 0
298 44 90 0 0
299 43 90 0 0
300 44 90 0 0
301 43 90 0 0
302 44 90 0 0
303 45 90 0 0
304 44 90 0 0
305 45 90 0 0
306 44 90 0 0
307 45 90 0 0
308 44 90 0 0
309 45 90 0 0
310 46 90 0 0
311 45 90 0 0
312 46 90 0 0
313 45 90 0 0
314 46 90 0 0
315 45 90 0 0
316 46 90 0 0
317 47 90 0 0
318 46 90 0 0
319 47 90 0 0
320 46 90 0 0
321 46 91 0 0
322 47 91 0 0
323 46 91 0 0
324 47 91 0 0
325 48 91 0 0
326 47 91 0 0
327 48 91 0 0
328 47 91 0 0
329 48 91 0 0
330 47 91 0 0
331 48 91 0 0
332 49 91 0 0
333 48 91 0 0
334 49 91 0 0
335 48 91 0 0
336 49 91 0 0
337 50 91 0 0
338 49 91 0 0
339 50 91 0 0
340 49 91 0 0
341 50 91 0 0
342 49 91 0 0
343 50 91 0 0
344 51 91 0 0
345 50 91 0 0
346 51 91 0 0
347 50 91 0 0
348 51 91 0 0
349 52 91 0 0
350 51 91 0 0
351 52 91 0 0
352 51 91 0 0
353 52 91 0 0
354 51 91 0 0
355 52 91 0 0
356 53 91 0 0
357 52 91 0 0
358 53 91 0 0
359 52 91 0 0
360 53 91 0 0
361 52 91 0 0
362 53 91 0 0
363 54 91 0 0
364 53 91 0 0
365 54 91 0 0
366 53 91 0 0
367 54 91 0 0
368 55 91 0 0
369 54 91 0 0
370 55 91 0 0
371 54 91 0 0
372 55 91 0 0
373 54 91 0 0
374 55 91 0 0
375 54 91 0 0
376 55 91 0 0
377 56 91 0 0
378 55 91 0 0
379 56 91 0 0
380 55 91 0 0
381 56 91 0 0
382 57 91 0 0
383 56 91 0 0
384 57 91 0 0
385 56 91 0 0
386 57 91 0 0
387 56 91 0 0
388 57 91 0 0
389 58 91 0 0
390 57 91 0 0
391 58 91 0 0
392 57 91 0 0
393 58 91 0 0
394 59 91 0 0
395 58 91 0 0
396 59 91 0 0
397 58 91 0 0
398 59 91 0 0
399 58 91 0 0
400 59 91 0 0
401 60 91 0 0
402 59 91 0 0
403 60 91 0 0
404 59 91 0 0
405 60 91 0 0
406 59 91 0 0
407 60 91 0 0
408 61 91 0 0
409 60 91 0 0
410 61 91 0 0
411 60 91 0 0
412 61 91 0 0
413 62 91 0 0
414 61 91 0 0
415 62 91 0 0
416 61 91 0 0
417 62 91 0 0
418 61 91 0 0
419 62 91 0 0
420 63 91 0 0
421 62 91 0 0
422 63 91 0 0
423 62 91 0 0
424 63 91 0 0
425 62 91 0 0
426 63 91 0 0
427 62 91 0 0
428 63 91 0 0
429 64 91 0 0
430 63 91 0 0
431 64 91 0 0
432 63 91 0 0
433 63 90 0 0
434 64 90 0 0
435 63 90 0 0
436 64 90 0 0
437 65 90 0 0
438 64 90 0 0
439 65 90 0 0
440 64 90 0 0
441 65 90 0 0
442 64 90 0 0
443 65 90 0 0
444 64 90 0 0
445 65 90 0 0
446 66 90 0 0
447 65 90 0 0
448 66 90 0 0
449 65 90 0 0
450 66 90 0 0
451 65 90 0 0
452 66 90 0 0
453 65 90 0 0
454 65 89 0 0
455 66 89 0 0
456 67 89 0 0
457 66 89 0 0
458 67 89 0 0
459 66 89 0 0
460 67 89 0 0
461 68 89 0 0
462 67 89 0 0
463 68 89 0 0
464 67 89 0 0
465 68 89 0 0
466 67 89 0 0
467 68 89 0 0
468 67 89 0 0
469 68 89 0 0
470 69 89 0 0
471 68 89 0 0
472 69 89 0 0
473 68 89 0 0
474 69 89 0 0
475 68 89 0 0
476 68 88 0 0
477 69 88 0 0
478 70 88 0 0
479 69 88 0 0
480 70 88 0 0
481 69 88 0 0
482 70 88 0 0
483 69 88 0 0
484 70 88 0 0
485 69 88 0 0
486 70 88 0 0
487 71 88 0 0
488 70 88 0 0
489 71 88 0 0
490 70 88 0 0
491 71 88 0 0
492 72 88 0 0
493 71 88 0 0
494 72 88 0 0
495 71 88 0 0
496 71 87 0 0
497 72 87 0 0
498 71 87 0 0
499 72 87 0 0
500 71 87 0 0
501 72 87 0 0
502 73 87 0 0
503 72 87 0 0
504 73 87 0 0
505 72 87 0 0
506 73 87 0 0
507 72 87 0 0
508 73 87 0 0
509 72 87 0 0
510 73 87 0 0
511 74 87 0 0
512 73 87 0 0
513 74 87 0 0
514 73 87 0 0
515 74 87 0 0
516 73 87 0 0
517 73 86 0 0
518 74 86 0 0
519 75 86 0 0
520 74 86 0 0
521 75 86 0 0
522 74 86 0 0
523 75 86 0 0
524 74 86 0 0
525 75 86 0 0
526 76 86 0 0
527 75 86 0 0
528 76 86 0 0
529 75 86 0 0
530 76 86 0 0
531 75 86 0 0
532 76 86 0 0
533 77 86 0 0
534 76 86 0 0
535 77 86 0 0
536 76 86 0 0
537 76 85 0 0
538 77 85 0 0
539 76 85 0 0
540 77 85 0 0
541 76 85 0 0
542 77 85 0 0
543 78 85 0 0
544 77 85 0 0
545 78 85 0 0
546 77 85 0 0
547 77 84 0 0
548 78 84 0 0
549 79 84 0 0
550 78 84 0 0
551 79 84 0 0
552 78 84 0 0
553 79 84 0 0
554 78 84 0 0
555 78 83 0 0
556 79 83 0 0
557 78 83 0 0
558 79 83 0 0
559 80 83 0 0
560 79 83 0 0
561 80 83 0 0
562 79 83 0 0
563 79 82 0 0
564 80 82 0 0
565 79 82 0 0
566 80 82 0 0
567 81 82 0 0
568 80 82 0 0
569 81 82 0 0
570 80 82 0 0
571 80 81 0 0
572 81 81 0 0
573 82 81 0 0
574 81 81 0 0
575 82 81 0 0
576 81 81 0 0
577 82 81 0 0
578 81 81 0 0
579 82 81 0 0
580 83 81 0 0
581 82 81 0 0
582 83 81 0 0
583 82 81 0 0
584 83 81 0 0
585 84 81 0 0
586 83 81 0 0
587 84 81 0 0
588 83 81 0 0
589 84 81 0 0
590 84 80 0 0
591 85 80 0 0
592 84 80 0 0
593 85 80 0 0
594 84 80 0 0
595 85 80 0 0
596 86 80 0 0
597 85 80 0 0
598 86 80 0 0
599 85 80 0 0
600 86 80 0 0
601 87 80 0 0
602 86 80 0 0
603 87 80 0 0
604 86 80 0 0
605 87 80 0 0
606 88 80 0 0
607 87 80 0 0
608 87 79 0 0
609 88 79 0 0
610 87 79 0 0
611 88 79 0 0
612 89 79 0 0
613 88 79 0 0
614 89 79 0 0
615 88 79 0 0
616 89 79 0 0
617 90 79 0 0
618 89 79 0 0
619 90 79 0 0
620 89 79 0 0
621 90 79 0 0
622 91 79 0 0
623 90 79 0 0
624 91 79 0 0
625 91 78 0 0
626 92 78 0 0
627 91 78 0 0
628 92 78 0 0
629 91 78 0 0
630 92 78 0 0
631 91 78 0 0
632 92 78 0 0
633 91 78 0 0
634 92 78 0 0
635 91 78 0 0
636 92 78 0 0
637 93 78 0 0
638 92 78 0 0
639 93 78 0 0
640 92 78 0 0
641 93 78 0 0
642 92 78 0 0
643 93 78 0 0
644 92 78 0 0
645 93 78 0 0
646 92 78 0 0
647 93 78 0 0
648 94 78 0 0
649 93 78 0 0
650 94 78 0 0
651 93 78 0 0
652 94 78 0 0
653 93 78 0 0
654 94 78 0 0
655 95 78 0 0
656 94 78 0 0
657 95 78 0 0
658 94 78 0 0
659 95 78 0 0
660 94 78 0 0
661 95 78 0 0
662 94 78 0 0
663 95 78 0 0
664 96 78 0 0
665 95 78 0 0
666 96 78 0 0
667 97 78 0 0
668 96 78 0 0
669 97 78 0 0
670 96 78 0 0
671 96 77 0 0
672 97 77 0 0
673 98 77 0 0
674 97 77 0 0
675 98 77 0 0
676 97 77 0 0
677 98 77 0 0
678 99 77 0 0
679 98 77 0 0
680 99 77 0 0
681 98 77 0 0
682 99 77 0 0
683 100 77 0 0
684 99 77 0 0
685 99 76 0 0
686 100 76 0 0
687 101 76 0 0
688 100 76 0 0
689 101 76 0 0
690 100 76 0 0
691 101 76 0 0
692 102 76 0 0
693 101 76 0 0
694 102 76 0 0
695 101 76 0 0
696 102 76 0 0
697 103 76 0 0
698 102 76 0 0
699 103 76 0 0
700 104 76 0 0
701 103 76 0 0
702 104 76 0 0
703 103 76 0 0
704 104 76 0 0
705 105 76 0 0
706 104 76 0 0
707 104 75 0 0
708 105 75 0 0
709 106 75 0 0
710 105 75 0 0
711 106 75 0 0
712 105 75 0 0
713 106 75 0 0
714 107 75 0 0
715 106 75 0 0
716 107 75 0 0
717 108 75 0 0
718 107 75 0 0
719 108 75 0 0
720 107 75 0 0
721 108 75 0 0
722 109 75 0 0
723 108 75 0 0
724 108 74 0 0
725 109 74 0 0
726 108 74 0 0
727 108 75 0 0
728 109 75 0 0
729 108 75 0 0
730 109 75 0 0
731 108 75 0 0
732 109 75 0 0
733 110 75 0 0
734 109 75 0 0
735 110 75 0 0
736 109 75 0 0
737 110 75 0 0
738 109 75 0 0
739 110 75 0 0
740 109 75 0 0
741 110 75 0 0
742 109 75 0 0
743 110 75 0 0
744 110 76 0 0
745 111 76 0 0
746 110 76 0 0
747 111 76 0 0
748 110 76 0 0
749 111 76 0 0
750 110 76 0 0
751 111 76 0 0
752 110 76 0 0
753 111 76 0 0
754 110 76 0 0
755 111 76 0 0
756 110 76 0 0
757 111 76 0 0
758 112 76 0 0
759 111 76 0 0
760 112 76 0 0
761 111 76 0 0
762 112 76 0 0
763 111 76 0 0
764 112 76 0 0
765 111 76 0 0
766 112 76 0 0
767 111 76 0 0
768 112 76 0 0
769 113 76 0 0
770 112 76 0 0
771 113 76 0 0
772 112 76 0 0
773 112 77 0 0
774 113 77 0 0
775 112 77 0 0
776 113 77 0 0
777 112 77 0 0
778 113 77 0 0
779 112 77 0 0
780 113 77 0 0
781 112 77 0 0
782 113 77 0 0
783 112 77 0 0
784 113 77 0 0
785 114 77 0 0
786 113 77 0 0
787 114 77 0 0
788 113 77 0 0
789 114 77 0 0
790 113 77 0 0
791 114 77 0 0
792 113 77 0 0
793 113 78 0 0
794 114 78 0 0
795 113 78 0 0
796 114 78 0 0
797 115 78 0 0
798 114 78 0 0
799 115 78 0 0
800 114 78 0 0
801 115 78 0 0
802 116 78 0 0
803 115 78 0 0
804 116 78 0 0
805 115 78 0 0
806 116 78 0 0
807 115 78 0 0
808 116 78 0 0
809 117 78 0 0
810 116 78 0 0
811 116 79 0 0
812 117 79 0 0
813 116 79 0 0
814 117 79 0 0
815 116 79 0 0
816 117 79 0 0
817 118 79 0 0
818 117 79 0 0
819 118 79 0 0
820 117 79 0 0
821 118 79 0 0
822 119 79 0 0
823 118 79 0 0
824 119 79 0 0
825 118 79 0 0
826 119 79 0 0
827 118 79 0 0
828 119 79 0 0
829 118 79 0 0
830 118 80 0 0
831 119 80 0 0
832 120 80 0 0
833 119 80 0 0
834 120 80 0 0
835 119 80 0 0
836 120 80 0 0
837 121 80 0 0
838 120 80 0 0
839 121 80 0 0
840 120 80 0 0
841 121 80 0 0
842 120 80 0 0
843 121 80 0 0
844 122 80 0 0
845 121 80 0 0
846 122 80 0 0
847 121 80 0 0
848 121 81 0 0
849 122 81 0 0
850 123 81 0 0
851 122 81 0 0
852 123 81 0 0
853 122 81 0 0
854 123 81 0 0
855 122 81 0 0
856 123 81 0 0
857 123 82 0 0
858 124 82 0 0
859 123 82 0 0
860 124 82 0 0
861 123 82 0 0
862 124 82 0 0
863 123 82 0 0
864 124 82 0 0
865 125 82 0 0
866 124 82 0 0
867 125 82 0 0
868 124 82 0 0
869 125 82 0 0
870 124 82 0 0
871 125 82 0 0
872 126 82 0 0
873 125 82 0 0
874 126 82 0 0
875 125 82 0 0
876 125 83 0 0
877 126 83 0 0
878 125 83 0 0
879 126 83 0 0
880 127 83 0 0
881 126 83 0 0
882 127 83 0 0
883 126 83 0 0
884 127 83 0 0
885 128 83 0 0
886 127 83 0 0
887 128 83 0 0
888 127 83 0 0
889 128 83 0 0
890 127 83 0 0
891 128 83 0 0
892 129 83 0 0
893 128 83 0 0
894 129 83 0 0
895 128 83 0 0
896 129 83 0 0
897 128 83 0 0
898 129 83 0 0
899 130 83 0 0
900 129 83 0 0
901 130 83 0 0
902 129 83 0 0
903 129 84 0 0
904 130 84 0 0
905 131 84 0 0
906 130 84 0 0
907 131 84 0 0
908 130 84 0 0
909 131 84 0 0
910 130 84 0 0
911 131 84 0 0
912 132 84 0 0
913 131 84 0 0
914 132 84 0 0
915 131 84 0 0
916 131 85 0 0
917 132 85 0 0
918 133 85 0 0
919 132 85 0 0
920 133 85 0 0
921 132 85 0 0
922 133 85 0 0
923 132 85 0 0
924 133 85 0 0
925 134 85 0 0
926 133 85 0 0
927 134 85 0 0
928 133 85 0 0
929 133 86 0 0
930 134 86 0 0
931 133 86 0 0
932 134 86 0 0
933 135 86 0 0
934 134 86 0 0
935 135 86 0 0
936 134 86 0 0
937 135 86 0 0
938 136 86 0 0
939 135 86 0 0
940 136 86 0 0
941 135 86 0 0
942 136 86 0 0
943 135 86 0 0
944 135 87 0 0
945 136 87 0 0
946 137 87 0 0
947 136 87 0 0
948 137 87 0 0
949 136 87 0 0
950 137 87 0 0
951 136 87 0 0
952 137 87 0 0
953 138 87 0 0
954 137 87 0 0
955 138 87 0 0
956 137 87 0 0
957 137 88 0 0
958 138 88 0 0
959 139 88 0 0
960 138 88 0 0
961 139 88 0 0
962 138 88 0 0
963 139 88 0 0
964 138 88 0 0
965 139 88 0 0
966 140 88 0 0
967 139 88 0 0
968 140 88 0 0
969 139 88 0 0
970 140 88 0 0
971 140 89 0 0
972 141 89 0 0
973 140 89 0 0
974 141 89 0 0
975 140 89 0 0
976 141 89 0 0
977 140 89 0 0
978 141 89 0 0
979 142 89 0 0
980 141 89 0 0
981 142 89 0 0
982 141 89 0 0
983 142 89 0 0
984 142 90 0 0
985 143 90 0 0
986 142 90 0 0
987 143 90 0 0
988 142 90 0 0
989 143 90 0 0
990 142 90 0 0
991 143 90 0 0
992 144 90 0 0
993 143 90 0 0
994 144 90 0 0
995 143 90 0 0
996 144 90 0 0
997 143 90 0 0
998 144 90 0 0
999 144 91 0 0
1000 145 91 0 0
1001 144 91 0 0
1002 145 91 0 0
1003 144 91 0 0
1004 145 91 0 0
1005 146 91 0 0
1006 145 91 0 0
1007 146 91 0 0
1008 145 91 0 0
1009 146 91 0 0
1010 145 91 0 0
1011 146 91 0 0
1012 147 91 0 0
1013 146 91 0 0
1014 147 91 0 0
1015 146 91 0 0
1016 147 91 0 0
1017 148 91 0 0
1018 147 91 0 0
1019 148 91 0 0
1020 147 91 0 0
1021 148 91 0 0
1022 147 91 0 0
1023 148 91 0 0
1024 149 91 0 0
1025 148 91 0 0
1026 149 91 0 0
1027 148 91 0 0
1028 149 91 0 0
1029 150 91 0 0
1030 149 91 0 0
1031 150 91 0 0
1032 149 91 0 0
1033 150 91 0 0
1034 151 91 0 0
1035 150 91 0 0
1036 151 91 0 0
1037 150 91 0 0
1038 151 91 0 0
1039 150 91 0 0
1040 151 91 0 0
1041 152 91 0 0
1042 151 91 0 0
1043 151 92 0 0
1044 152 92 0 0
1045 151 92 0 0
1046 152 92 0 0
1047 153 92 0 0
1048 152 92 0 0
1049 153 92 0 0
1050 152 92 0 0
1051 153 92 0 0
1052 152 92 0 0
1053 153 92 0 0
1054 154 92 0 0
1055 153 92 0 0
1056 154 92 0 0
1057 153 92 0 0
1058 154 92 0 0
1059 155 92 0 0
1060 154 92 0 0
1061 155 92 0 0
1062 154 92 0 0
1063 155 92 0 0
1064 156 92 0 0
1065 155 92 0 0
1066 156 92 0 0
1067 155 92 0 0
1068 156 92 0 0
1069 155 92 0 0
1070 156 92 0 0
1071 157 92 0 0
1072 156 92 0 0
1073 157 92 0 0
1074 156 92 0 0
1075 157 92 0 0
1076 156 92 0 0
1077 157 92 0 0
1078 158 92 0 0
1079 157 92 0 0
1080 158 92 0 0
1081 157 92 0 0
1082 158 92 0 0
1083 159 92 0 0
1084 158 92 0 0
1085 159 92 0 0
1086 158 92 0 0
1087 159 92 0 0
1088 160 92 0 0
1089 159 92 0 0
1090 160 92 0 0
1091 159 92 0 0
1092 160 92 0 0
1093 161 92 0 0
1094 160 92 0 0
1095 161 92 0 0
1096 160 92 0 0
1097 161 92 0 0
1098 160 92 0 0
1099 161 92 0 0
1100 162 92 0 0
1101 161 92 0 0
1102 162 92 0 0
1103 161 92 0 0
1104 162 92 0 0
1105 163 92 0 0
1106 162 92 0 0
1107 163 92 0 0
1108 162 92 0 0
1109 163 92 0 0
1110 162 92 0 0
1111 163 92 0 0
1112 164 92 0 0
1113 163 92 0 0
1114 164 92 0 0
1115 163 92 0 0
1116 164 92 0 0
1117 163 92 0 0
1118 164 92 0 0
1119 165 92 0 0
1120 164 92 0 0
1121 165 92 0 0
1122 164 92 0 0
1123 165 92 0 0
1124 166 92 0 0
1125 165 92 0 0
1126 166 92 0 0
1127 165 92 0 0
1128 166 92 0 0
1129 165 92 0 0
1130 166 92 0 0
1131 167 92 0 0
1132 166 92 0 0
1133 167 92 0 0
1134 166 92 0 0
1135 167 92 0 0
1136 168 92 0 0
1137 167 92 0 0
1138 168 92 0 0
1139 167 92 0 0
1140 168 92 0 0
1141 167 92 0 0
1142 168 92 0 0
1143 169 92 0 0
1144 168 92 0 0
1145 169 92 0 0
1146 168 92 0 0
1147 169 92 0 0
1148 168 92 0 0
1149 169 92 0 0
1150 170 92 0 0
1151 169 92 0 0
1152 170 92 0 0
1153 169 92 0 0
1154 170 92 0 0
1155 171 92 0 0
1156 170 92 0 0
1157 171 92 0 0
1158 170 92 0 0
1159 171 92 0 0
1160 170 92 0 0
1161 171 92 0 0
1162 172 92 0 0
1163 171 92 0 0
1164 172 92 0 0
1165 171 92 0 0
1166 172 92 0 0
1167 173 92 0 0
1168 172 92 0 0
1169 173 92 0 0
1170 172 92 0 0
1171 173 92 0 0
1172 172 92 0 0
1173 173 92 0 0
1174 174 92 0 0
1175 173 92 0 0
1176 174 92 0 0
1177 173 92 0 0
1178 174 92 0 0
1179 173 92 0 0
1180 174 92 0 0
1181 175 92 0 0
1182 174 92 0 0
1183 175 92 0 0
1184 174 92 0 0
1185 175 92 0 0
1186 175 91 0 0
1187 176 91 0 0
1188 175 91 0 0
1189 175 92 0 0
1190 176 92 0 0
1191 175 92 0 0
1192 176 92 0 0
1193 177 92 0 0
1194 176 92 0 0
1195 177 92 0 0
1196 176 92 0 0
1197 177 92 0 0
1198 176 92 0 0
1199 177 92 0 0
1200 178 92 0 0
1201 177 92 0 0
1202 178 92 0 0
1203 177 92 0 0
1204 178 92 0 0
1205 179 92 0 0
1206 178 92 0 0
1207 179 92 0 0
1208 178 92 0 0
1209 179 92 0 0
1210 178 92 0 0
1211 179 92 0 0
1212 180 92 0 0
1213 179 92 0 0
1214 180 92 0 0
1215 179 92 0 0
1216 180 92 0 0
1217 181 92 0 0
1218 180 92 0 0
1219 181 92 0 0
1220 180 92 0 0
1221 181 92 0 0
1222 182 92 0 0
1223 181 92 0 0
1224 182 92 0 0
1225 181 92 0 0
1226 182 92 0 0
1227 183 92 0 0
1228 182 92 0 0
1229 183 92 0 0
1230 182 92 0 0
1231 183 92 0 0
1232 182 92 0 0
1233 183 92 0 0
1234 184 92 0 0
1235 183 92 0 0
1236 184 92 0 0
1237 183 92 0 0
1238 184 92 0 0
1239 183 92 0 0
1240 184 92 0 0
1241 185 92 0 0
1242 184 92 0 0
1243 185 92 0 0
1244 184 92 0 0
1245 185 92 0 0
1246 186 92 0 0
1247 185 92 0 0
1248 186 92 0 0
1249 185 92 0 0
1250 185 93 0 0
1251 186 93 0 0
1252 187 93 0 0
1253 186 93 0 0
1254 187 93 0 0
1255 186 93 0 0
1256 187 93 0 0
1257 188 93 0 0
1258 187 93 0 0
1259 188 93 0 0
1260 187 93 0 0
1261 188 93 0 0
1262 187 93 0 0
1263 188 93 0 0
1264 189 93 0 0
1265 188 93 0 0
1266 189 93 0 0
1267 188 93 0 0
1268 189 93 0 0
1269 188 93 0 0
1270 189 93 0 0
1271 190 93 0 0
1272 189 93 0 0
1273 190 93 0 0
1274 189 93 0 0
1275 190 93 0 0
1276 191 93 0 0
1277 190 93 0 0
1278 190 94 0 0
1279 191 94 0 0
1280 190 94 0 0
1281 191 94 0 0
1282 190 94 0 0
1283 191 94 0 0
1284 192 94 0 0
1285 191 94 0 0
1286 192 94 0 0
1287 191 94 0 0
1288 192 94 0 0
1289 193 94 0 0
1290 192 94 0 0
1291 193 94 0 0
1292 192 94 0 0
1293 193 94 0 0
1294 192 94 0 0
1295 193 94 0 0
1296 192 94 0 0
1297 193 94 0 0
1298 192 94 0 0
1299 193 94 0 0
1300 192 94 0 0
1301 193 94 0 0
1302 192 94 0 0
1303 193 94 0 0
1304 194 94 0 0
1305 193 94 0 0
1306 194 94 0 0
1307 193 94 0 0
1308 194 94 0 0
1309 193 94 0 0
1310 194 94 0 0
1311 193 94 0 0
1312 194 94 0 0
1313 193 94 0 0
1314 194 94 0 0
1315 193 94 0 0
1316 194 94 0 0
1317 195 94 0 0
1318 194 94 0 0
1319 195 94 0 0
1320 194 94 0 0
1321 195 94 0 0
1322 194 94 0 0
1323 195 94 0 0
1324 194 94 0 0
1325 195 94 0 0
1326 194 94 0 0
1327 195 94 0 0
1328 196 94 0 0
1329 195 94 0 0
1330 196 94 0 0
1331 195 94 0 0
1332 196 94 0 0
1333 195 94 0 0
1334 196 94 0 0
1335 195 94 0 0
1336 196 94 0 0
1337 195 94 0 0
1338 196 94 0 0
1339 195 94 0 0
1340 196 94 0 0
1341 197 94 0 0
1342 196 94 0 0
1343 197 94 0 0
1344 196 94 0 0
1345 197 94 0 0
1346 196 94 0 0
1347 197 94 0 0
1348 196 94 0 0
1349 197 94 0 0
1350 196 94 0 0
1351 197 94 0 0
1352 196 94 0 0
1353 197 94 0 0
1354 196 94 0 0
1355 196 95 0 0
1356 197 95 0 0
1357 196 95 0 0
1358 197 95 0 0
1359 196 95 0 0
1360 197 95 0 0
