0 0 92 0 0
1 0 93 0 0
2 1 93 0 0
3 0 93 0 0
4 1 93 0 0
5 2 93 0 0
6 1 93 0 0
7 2 93 0 0
8 1 93 0 0
9 2 93 0 0
10 1 93 0 0
11 2 93 0 0
12 3 93 0 0
13 2 93 0 0
14 3 93 0 0
15 2 93 0 0
16 3 93 0 0
17 2 93 0 0
18 3 93 0 0
19 2 93 0 0
20 3 93 0 0
21 4 93 0 0
22 3 93 0 0
23 4 93 0 0
24 3 93 0 0
25 4 93 0 0
26 5 93 0 0
27 4 93 0 0
28 5 93 0 0
29 4 93 0 0
30 5 93 0 0
31 4 93 0 0
32 5 93 0 0
33 4 93 0 0
34 5 93 0 0
35 6 93 0 0
36 5 93 0 0
37 6 93 0 0
38 5 93 0 0
39 6 93 0 0
40 7 93 0 0
41 6 93 0 0
42 7 93 0 0
43 6 93 0 0
44 7 93 0 0
45 6 93 0 0
46 7 93 0 0
47 6 93 0 0
48 7 93 0 0
49 8 93 0 0
50 7 93 0 0
51 8 93 0 0
52 7 93 0 0
53 8 93 0 0
54 7 93 0 0
55 8 93 0 0
56 9 93 0 0
57 8 93 0 0
58 9 93 0 0
59 8 93 0 0
60 9 93 0 0
61 8 93 0 0
62 9 93 0 0
63 10 93 0 0
64 9 93 0 0
65 10 93 0 0
66 9 93 0 0
67 10 93 0 0
68 9 93 0 0
69 10 93 0 0
70 9 93 0 0
71 10 93 0 0
72 11 93 0 0
73 10 93 0 0
74 11 93 0 0
75 10 93 0 0
76 11 93 0 0
77 12 93 0 0
78 11 93 0 0
79 12 93 0 0
80 11 93 0 0
81 12 93 0 0
82 11 93 0 0
83 12 93 0 0
84 11 93 0 0
85 12 93 0 0
86 13 93 0 0
87 12 93 0 0
88 13 93 0 0
89 12 93 0 0
90 13 93 0 0
91 12 93 0 0
92 13 93 0 0
93 14 93 0 0
94 13 93 0 0
95 14 93 0 0
96 13 93 0 0
97 14 93 0 0
98 13 93 0 0
99 14 93 0 0
100 15 93 0 0
101 14 93 0 0
102 15 93 0 0
103 14 93 0 0
104 15 93 0 0
105 14 93 0 0
106 15 93 0 0
107 16 93 0 0
108 15 93 0 0
109 16 93 0 0
110 15 93 0 0
111 16 93 0 0
112 15 93 0 0
113 16 93 0 0
114 15 93 0 0
115 16 93 0 0
116 17 93 0 0
117 16 93 0 0
118 17 93 0 0
119 16 93 0 0
120 17 93 0 0
121 18 93 0 0
122 17 93 0 0
123 18 93 0 0
124 17 93 0 0
125 18 93 0 0
126 17 93 0 0
127 18 93 0 0
128 17 93 0 0
129 18 93 0 0
130 19 93 0 0
131 18 93 0 0
132 19 93 0 0
133 18 93 0 0
134 19 93 0 0
135 18 93 0 0
136 19 93 0 0
137 20 93 0 0
138 19 93 0 0
139 20 93 0 0
140 19 93 0 0
141 20 93 0 0
142 19 93 0 0
143 20 93 0 0
144 21 93 0 0
145 20 93 0 0
146 21 93 0 0
147 20 93 0 0
148 21 93 0 0
149 20 93 0 0
150 21 93 0 0
151 22 93 0 0
152 21 93 0 0
153 22 93 0 0
154 21 93 0 0
155 22 93 0 0
156 21 93 0 0
157 22 93 0 0
158 23 93 0 0
159 22 93 0 0
160 23 93 0 0
161 22 93 0 0
162 23 93 0 0
163 22 93 0 0
164 23 93 0 0
165 22 93 0 0
166 23 93 0 0
167 24 93 0 0
168 23 93 0 0
169 24 93 0 0
170 23 93 0 0
171 24 93 0 0
172 25 93 0 0
173 24 93 0 0
174 25 93 0 0
175 24 93 0 0
176 25 93 0 0
177 24 93 0 0
178 25 93 0 0
179 24 93 0 0
180 25 93 0 0
181 26 93 0 0
182 25 93 0 0
183 26 93 0 0
184 25 93 0 0
185 26 93 0 0
186 27 93 0 0
187 26 93 0 0
188 27 93 0 0
189 26 93 0 0
190 27 93 0 0
191 26 93 0 0
192 27 93 0 0
193 26 93 0 0
194 27 93 0 0
195 28 93 0 0
196 27 93 0 0
197 28 93 0 0
198 27 93 0 0
199 28 93 0 0
200 29 93 0 0
201 28 93 0 0
202 29 93 0 0
203 28 93 0 0
204 29 93 0 0
205 30 93 0 0
206 31 93 0 0
207 32 93 0 0
208 31 93 0 0
209 32 93 0 0
210 33 93 0 0
211 34 93 0 0
212 33 93 0 0
213 34 93 0 0
214 35 93 0 0
215 36 93 0 0
216 35 93 0 0
217 36 93 0 0
218 35 93 0 0
219 36 93 0 0
220 35 93 0 0
221 36 93 0 0
222 35 93 0 0
223 36 93 0 0
224 35 93 0 0
225 36 93 0 0
226 35 93 0 0
227 36 93 0 0
228 35 93 0 0
229 36 93 0 0
230 35 93 0 0
231 36 93 0 0
232 35 93 0 0
233 36 93 0 0
234 35 93 0 0
235 36 93 0 0
236 35 93 0 0
237 36 93 0 0
238 35 93 0 0
239 36 93 0 0
240 37 93 0 0
241 36 93 0 0
242 37 93 0 0
243 36 93 0 0
244 37 93 0 0
245 36 93 0 0
246 37 93 0 0
247 36 93 0 0
248 37 93 0 0
249 36 93 0 0
250 37 93 0 0
251 36 93 0 0
252 37 93 0 0
253 36 93 0 0
254 37 93 0 0
255 36 93 0 0
256 37 93 0 0
257 36 93 0 0
258 37 93 0 0
259 36 93 0 0
260 37 93 0 0
261 36 93 0 0
262 37 93 0 0
263 38 93 0 0
264 37 93 0 0
265 38 93 0 0
266 37 93 0 0
267 38 93 0 0
268 37 93 0 0
269 38 93 0 0
270 37 93 0 0
271 38 93 0 0
272 37 93 0 0
273 38 93 0 0
274 37 93 0 0
275 38 93 0 0
276 37 93 0 0
277 38 93 0 0
278 39 93 0 0
279 38 93 0 0
280 39 93 0 0
281 38 93 0 0
282 39 93 0 0
283 40 93 0 0
284 39 93 0 0
285 40 93 0 0
286 39 93 0 0
287 40 93 0 0
288 39 93 0 0
289 40 93 0 0
290 41 93 0 0
291 40 93 0 0
292 41 93 0 0
293 40 93 0 0
294 41 93 0 0
295 42 93 0 0
296 41 93 0 0
297 42 93 0 0
298 41 93 0 0
299 42 93 0 0
300 41 93 0 0
301 42 93 0 0
302 43 93 0 0
303 42 93 0 0
304 43 93 0 0
305 42 93 0 0
306 43 93 0 0
307 42 93 0 0
308 43 93 0 0
309 42 93 0 0
310 43 93 0 0
311 44 93 0 0
312 43 93 0 0
313 44 93 0 0
314 43 93 0 0
315 44 93 0 0
316 45 93 0 0
317 44 93 0 0
318 45 93 0 0
319 44 93 0 0
320 45 93 0 0
321 44 93 0 0
322 45 93 0 0
323 44 93 0 0
324 45 93 0 0
325 46 93 0 0
326 45 93 0 0
327 46 93 0 0
328 45 93 0 0
329 46 93 0 0
330 45 93 0 0
331 46 93 0 0
332 47 93 0 0
333 46 93 0 0
334 47 93 0 0
335 46 93 0 0
336 47 93 0 0
337 46 93 0 0
338 47 93 0 0
339 48 93 0 0
340 47 93 0 0
341 48 93 0 0
342 47 93 0 0
343 48 93 0 0
344 47 93 0 0
345 48 93 0 0
346 49 93 0 0
347 48 93 0 0
348 49 93 0 0
349 48 93 0 0
350 49 93 0 0
351 48 93 0 0
352 49 93 0 0
353 48 93 0 0
354 49 93 0 0
355 50 93 0 0
356 49 93 0 0
357 50 93 0 0
358 49 93 0 0
359 50 93 0 0
360 49 93 0 0
361 50 93 0 0
362 49 93 0 0
363 50 93 0 0
364 51 93 0 0
365 50 93 0 0
366 51 93 0 0
367 50 93 0 0
368 51 93 0 0
369 52 93 0 0
370 51 93 0 0
371 52 93 0 0
372 51 93 0 0
373 52 93 0 0
374 51 93 0 0
375 52 93 0 0
376 51 93 0 0
377 51 92 0 0
378 52 92 0 0
379 53 92 0 0
380 52 92 0 0
381 53 92 0 0
382 52 92 0 0
383 53 92 0 0
384 52 92 0 0
385 53 92 0 0
386 52 92 0 0
387 53 92 0 0
388 54 92 0 0
389 53 92 0 0
390 54 92 0 0
391 53 92 0 0
392 54 92 0 0
393 55 92 0 0
394 54 92 0 0
395 55 92 0 0
396 54 92 0 0
397 55 92 0 0
398 54 92 0 0
399 55 92 0 0
400 54 92 0 0
401 55 92 0 0
402 56 92 0 0
403 55 92 0 0
404 56 92 0 0
405 55 92 0 0
406 56 92 0 0
407 55 92 0 0
408 56 92 0 0
409 55 92 0 0
410 56 92 0 0
411 57 92 0 0
412 56 92 0 0
413 57 92 0 0
414 56 92 0 0
415 57 92 0 0
416 58 92 0 0
417 57 92 0 0
418 58 92 0 0
419 57 92 0 0
420 58 92 0 0
421 57 92 0 0
422 58 92 0 0
423 57 92 0 0
424 58 92 0 0
425 59 92 0 0
426 58 92 0 0
427 59 92 0 0
428 58 92 0 0
429 59 92 0 0
430 58 92 0 0
431 59 92 0 0
432 60 92 0 0
433 59 92 0 0
434 60 92 0 0
435 59 92 0 0
436 60 92 0 0
437 59 92 0 0
438 60 92 0 0
439 61 92 0 0
440 60 92 0 0
441 61 92 0 0
442 60 92 0 0
443 61 92 0 0
444 60 92 0 0
445 61 92 0 0
446 62 92 0 0
447 61 92 0 0
448 62 92 0 0
449 61 92 0 0
450 62 92 0 0
451 61 92 0 0
452 62 92 0 0
453 61 92 0 0
454 62 92 0 0
455 63 92 0 0
456 62 92 0 0
457 63 92 0 0
458 62 92 0 0
459 63 92 0 0
460 62 92 0 0
461 63 92 0 0
462 64 92 0 0
463 63 92 0 0
464 64 92 0 0
465 63 92 0 0
466 64 92 0 0
467 63 92 0 0
468 64 92 0 0
469 65 92 0 0
470 64 92 0 0
471 65 92 0 0
472 64 92 0 0
473 65 92 0 0
474 64 92 0 0
475 65 92 0 0
476 64 92 0 0
477 65 92 0 0
478 66 92 0 0
479 65 92 0 0
480 66 92 0 0
481 65 92 0 0
482 66 92 0 0
483 67 92 0 0
484 66 92 0 0
485 67 92 0 0
486 66 92 0 0
487 67 92 0 0
488 66 92 0 0
489 67 92 0 0
490 66 92 0 0
491 67 92 0 0
492 68 92 0 0
493 67 92 0 0
494 68 92 0 0
495 67 92 0 0
496 68 92 0 0
497 69 92 0 0
498 68 92 0 0
499 69 92 0 0
500 68 92 0 0
501 69 92 0 0
502 68 92 0 0
503 69 92 0 0
504 68 92 0 0
505 69 92 0 0
506 70 92 0 0
507 69 92 0 0
508 70 92 0 0
509 69 92 0 0
510 70 92 0 0
511 69 92 0 0
512 70 92 0 0
513 69 92 0 0
514 70 92 0 0
515 71 92 0 0
516 70 92 0 0
517 71 92 0 0
518 70 92 0 0
519 70 91 0 0
520 71 91 0 0
521 70 91 0 0
522 71 91 0 0
523 72 91 0 0
524 71 91 0 0
525 72 91 0 0
526 71 91 0 0
527 72 91 0 0
528 71 91 0 0
529 72 91 0 0
530 73 91 0 0
531 72 91 0 0
532 73 91 0 0
533 72 91 0 0
534 73 91 0 0
535 72 91 0 0
536 73 91 0 0
537 72 91 0 0
538 73 91 0 0
539 74 91 0 0
540 73 91 0 0
541 74 91 0 0
542 73 91 0 0
543 74 91 0 0
544 73 91 0 0
545 74 91 0 0
546 75 91 0 0
547 74 91 0 0
548 75 91 0 0
549 74 91 0 0
550 75 91 0 0
551 74 91 0 0
552 75 91 0 0
553 76 91 0 0
554 75 91 0 0
555 76 91 0 0
556 75 91 0 0
557 76 91 0 0
558 75 91 0 0
559 76 91 0 0
560 75 91 0 0
561 76 91 0 0
562 77 91 0 0
563 76 91 0 0
564 77 91 0 0
565 76 91 0 0
566 77 91 0 0
567 76 91 0 0
568 77 91 0 0
569 78 91 0 0
570 77 91 0 0
571 78 91 0 0
572 77 91 0 0
573 78 91 0 0
574 77 91 0 0
575 78 91 0 0
576 79 91 0 0
577 78 91 0 0
578 79 91 0 0
579 78 91 0 0
580 79 91 0 0
581 78 91 0 0
582 79 91 0 0
583 80 91 0 0
584 79 91 0 0
585 80 91 0 0
586 79 91 0 0
587 80 91 0 0
588 79 91 0 0
589 80 91 0 0
590 79 91 0 0
591 80 91 0 0
592 81 91 0 0
593 80 91 0 0
594 81 91 0 0
595 80 91 0 0
596 81 91 0 0
597 80 91 0 0
598 81 91 0 0
599 82 91 0 0
600 81 91 0 0
601 81 90 0 0
602 82 90 0 0
603 81 90 0 0
604 82 90 0 0
605 81 90 0 0
606 82 90 0 0
607 81 90 0 0
608 82 90 0 0
609 83 90 0 0
610 82 90 0 0
611 83 90 0 0
612 82 90 0 0
613 83 90 0 0
614 82 90 0 0
615 83 90 0 0
616 82 90 0 0
617 83 90 0 0
618 84 90 0 0
619 83 90 0 0
620 84 90 0 0
621 83 90 0 0
622 84 90 0 0
623 83 90 0 0
624 84 90 0 0
625 84 89 0 0
626 85 89 0 0
627 84 89 0 0
628 85 89 0 0
629 84 89 0 0
630 85 89 0 0
631 84 89 0 0
632 85 89 0 0
633 84 89 0 0
634 85 89 0 0
635 86 89 0 0
636 85 89 0 0
637 86 89 0 0
638 85 89 0 0
639 86 89 0 0
640 85 89 0 0
641 86 89 0 0
642 87 89 0 0
643 86 89 0 0
644 87 89 0 0
645 86 89 0 0
646 87 89 0 0
647 86 89 0 0
648 86 88 0 0
649 87 88 0 0
650 86 88 0 0
651 87 88 0 0
652 88 88 0 0
653 87 88 0 0
654 88 88 0 0
655 87 88 0 0
656 88 88 0 0
657 89 88 0 0
658 88 88 0 0
659 89 88 0 0
660 88 88 0 0
661 89 88 0 0
662 88 88 0 0
663 89 88 0 0
664 88 88 0 0
665 89 88 0 0
666 89 87 0 0
667 90 87 0 0
668 89 87 0 0
669 90 87 0 0
670 89 87 0 0
671 90 87 0 0
672 89 87 0 0
673 90 87 0 0
674 89 87 0 0
675 90 87 0 0
676 91 87 0 0
677 90 87 0 0
678 91 87 0 0
679 90 87 0 0
680 91 87 0 0
681 92 87 0 0
682 91 87 0 0
683 92 87 0 0
684 91 87 0 0
685 92 87 0 0
686 91 87 0 0
687 91 86 0 0
688 92 86 0 0
689 91 86 0 0
690 92 86 0 0
691 93 86 0 0
692 92 86 0 0
693 93 86 0 0
694 92 86 0 0
695 93 86 0 0
696 92 86 0 0
697 93 86 0 0
698 92 86 0 0
699 93 86 0 0
700 94 86 0 0
701 93 86 0 0
702 94 86 0 0
703 93 86 0 0
704 94 86 0 0
705 93 86 0 0
706 93 85 0 0
707 94 85 0 0
708 95 85 0 0
709 94 85 0 0
710 95 85 0 0
711 94 85 0 0
712 95 85 0 0
713 94 85 0 0
714 95 85 0 0
715 96 85 0 0
716 95 85 0 0
717 96 85 0 0
718 95 85 0 0
719 96 85 0 0
720 95 85 0 0
721 96 85 0 0
722 97 85 0 0
723 96 85 0 0
724 97 85 0 0
725 96 85 0 0
726 97 85 0 0
727 98 85 0 0
728 97 85 0 0
729 98 85 0 0
730 97 85 0 0
731 98 85 0 0
732 97 85 0 0
733 98 85 0 0
734 99 85 0 0
735 98 85 0 0
736 99 85 0 0
737 98 85 0 0
738 99 85 0 0
739 100 85 0 0
740 99 85 0 0
741 100 85 0 0
742 99 85 0 0
743 100 85 0 0
744 99 85 0 0
745 100 85 0 0
746 101 85 0 0
747 100 85 0 0
748 101 85 0 0
749 100 85 0 0
750 101 85 0 0
751 102 85 0 0
752 101 85 0 0
753 102 85 0 0
754 101 85 0 0
755 102 85 0 0
756 101 85 0 0
757 102 85 0 0
758 103 85 0 0
759 102 85 0 0
760 103 85 0 0
761 102 85 0 0
762 103 85 0 0
763 102 85 0 0
764 103 85 0 0
765 104 85 0 0
766 103 85 0 0
767 104 85 0 0
768 103 85 0 0
769 104 85 0 0
770 105 85 0 0
771 104 85 0 0
772 105 85 0 0
773 104 85 0 0
774 105 85 0 0
775 104 85 0 0
776 105 85 0 0
777 106 85 0 0
778 105 85 0 0
779 106 85 0 0
780 105 85 0 0
781 106 85 0 0
782 107 85 0 0
783 106 85 0 0
784 107 85 0 0
785 106 85 0 0
786 107 85 0 0
787 106 85 0 0
788 107 85 0 0
789 108 85 0 0
790 107 85 0 0
791 108 85 0 0
792 107 85 0 0
793 108 85 0 0
794 109 85 0 0
795 108 85 0 0
796 109 85 0 0
797 108 85 0 0
798 109 85 0 0
799 108 85 0 0
800 109 85 0 0
801 110 85 0 0
802 109 85 0 0
803 110 85 0 0
804 109 85 0 0
805 110 85 0 0
806 109 85 0 0
807 110 85 0 0
808 111 85 0 0
809 110 85 0 0
810 111 85 0 0
811 110 85 0 0
812 111 85 0 0
813 112 85 0 0
814 111 85 0 0
815 112 85 0 0
816 111 85 0 0
817 112 85 0 0
818 111 85 0 0
819 112 85 0 0
820 113 85 0 0
821 112 85 0 0
822 113 85 0 0
823 112 85 0 0
824 113 85 0 0
825 112 85 0 0
826 113 85 0 0
827 114 85 0 0
828 113 85 0 0
829 114 85 0 0
830 115 85 0 0
831 114 85 0 0
832 115 85 0 0
833 114 85 0 0
834 115 85 0 0
835 116 85 0 0
836 115 85 0 0
837 116 85 0 0
838 117 85 0 0
839 116 85 0 0
840 117 85 0 0
841 118 85 0 0
842 117 85 0 0
843 118 85 0 0
844 119 85 0 0
845 118 85 0 0
846 118 86 0 0
847 119 86 0 0
848 118 86 0 0
849 119 86 0 0
850 120 86 0 0
851 119 86 0 0
852 120 86 0 0
853 119 86 0 0
854 120 86 0 0
855 121 86 0 0
856 120 86 0 0
857 121 86 0 0
858 120 86 0 0
859 120 85 0 0
860 121 85 0 0
861 122 85 0 0
862 121 85 0 0
863 122 85 0 0
864 121 85 0 0
865 122 85 0 0
866 123 85 0 0
867 122 85 0 0
868 123 85 0 0
869 122 85 0 0
870 123 85 0 0
871 124 85 0 0
872 123 85 0 0
873 124 85 0 0
874 123 85 0 0
875 124 85 0 0
876 125 85 0 0
877 124 85 0 0
878 125 85 0 0
879 124 85 0 0
880 125 85 0 0
881 126 85 0 0
882 125 85 0 0
883 126 85 0 0
884 125 85 0 0
885 126 85 0 0
886 125 85 0 0
887 125 86 0 0
888 126 86 0 0
889 125 86 0 0
890 126 86 0 0
891 125 86 0 0
892 126 86 0 0
893 125 86 0 0
894 126 86 0 0
895 125 86 0 0
896 125 87 0 0
897 126 87 0 0
898 125 87 0 0
899 126 87 0 0
900 127 87 0 0
901 126 87 0 0
902 127 87 0 0
903 126 87 0 0
904 126 88 0 0
905 127 88 0 0
906 126 88 0 0
907 127 88 0 0
908 126 88 0 0
909 127 88 0 0
910 126 88 0 0
911 126 89 0 0
912 127 89 0 0
913 126 89 0 0
914 127 89 0 0
915 126 89 0 0
916 127 89 0 0
917 126 89 0 0
918 127 89 0 0
919 126 89 0 0
920 126 90 0 0
921 127 90 0 0
922 126 90 0 0
923 127 90 0 0
924 126 90 0 0
925 127 90 0 0
926 126 90 0 0
927 127 90 0 0
928 126 90 0 0
929 126 91 0 0
930 127 91 0 0
931 128 91 0 0
932 127 91 0 0
933 128 91 0 0
934 127 91 0 0
935 128 91 0 0
936 127 91 0 0
937 128 91 0 0
938 127 91 0 0
939 128 91 0 0
940 129 91 0 0
941 128 91 0 0
942 129 91 0 0
943 128 91 0 0
944 129 91 0 0
945 128 91 0 0
946 129 91 0 0
947 128 91 0 0
948 129 91 0 0
949 130 91 0 0
950 129 91 0 0
951 129 92 0 0
952 130 92 0 0
953 129 92 0 0
954 130 92 0 0
955 129 92 0 0
956 130 92 0 0
957 129 92 0 0
958 130 92 0 0
959 131 92 0 0
960 130 92 0 0
961 131 92 0 0
962 130 92 0 0
963 131 92 0 0
964 130 92 0 0
965 131 92 0 0
966 130 92 0 0
967 131 92 0 0
968 132 92 0 0
969 131 92 0 0
970 132 92 0 0
971 131 92 0 0
972 132 92 0 0
973 131 92 0 0
974 132 92 0 0
975 131 92 0 0
976 132 92 0 0
977 133 92 0 0
978 132 92 0 0
979 133 92 0 0
980 132 92 0 0
981 133 92 0 0
982 132 92 0 0
983 133 92 0 0
984 132 92 0 0
985 133 92 0 0
986 134 92 0 0
987 133 92 0 0
988 133 93 0 0
989 134 93 0 0
990 133 93 0 0
991 134 93 0 0
992 133 93 0 0
993 134 93 0 0
994 135 93 0 0
995 134 93 0 0
996 135 93 0 0
997 136 93 0 0
998 135 93 0 0
999 136 93 0 0
1000 135 93 0 0
1001 136 93 0 0
1002 135 93 0 0
1003 136 93 0 0
1004 137 93 0 0
1005 136 93 0 0
1006 137 93 0 0
1007 138 93 0 0
1008 137 93 0 0
1009 138 93 0 0
1010 137 93 0 0
1011 138 93 0 0
1012 137 93 0 0
1013 138 93 0 0
1014 139 93 0 0
1015 138 93 0 0
1016 139 93 0 0
1017 138 93 0 0
1018 139 93 0 0
1019 140 93 0 0
1020 139 93 0 0
1021 140 93 0 0
1022 139 93 0 0
1023 140 93 0 0
1024 141 93 0 0
1025 140 93 0 0
1026 141 93 0 0
1027 140 93 0 0
1028 141 93 0 0
1029 141 94 0 0
1030 142 94 0 0
1031 141 94 0 0
1032 142 94 0 0
1033 141 94 0 0
1034 142 94 0 0
1035 143 94 0 0
1036 142 94 0 0
1037 143 94 0 0
1038 142 94 0 0
1039 143 94 0 0
1040 144 94 0 0
1041 143 94 0 0
1042 144 94 0 0
1043 143 94 0 0
1044 144 94 0 0
1045 143 94 0 0
1046 144 94 0 0
1047 145 94 0 0
1048 144 94 0 0
1049 145 94 0 0
1050 146 94 0 0
1051 145 94 0 0
1052 146 94 0 0
1053 145 94 0 0
1054 146 94 0 0
1055 145 94 0 0
1056 146 94 0 0
1057 147 94 0 0
1058 146 94 0 0
1059 147 94 0 0
1060 146 94 0 0
1061 147 94 0 0
1062 146 94 0 0
1063 147 94 0 0
1064 148 94 0 0
1065 147 94 0 0
1066 148 94 0 0
1067 147 94 0 0
1068 148 94 0 0
1069 149 94 0 0
1070 148 94 0 0
1071 149 94 0 0
1072 148 94 0 0
1073 149 94 0 0
1074 148 94 0 0
1075 149 94 0 0
1076 150 94 0 0
1077 149 94 0 0
1078 150 94 0 0
1079 149 94 0 0
1080 150 94 0 0
1081 151 94 0 0
1082 150 94 0 0
1083 151 94 0 0
1084 150 94 0 0
1085 151 94 0 0
1086 152 94 0 0
1087 151 94 0 0
1088 152 94 0 0
1089 151 94 0 0
1090 151 95 0 0
1091 152 95 0 0
1092 153 95 0 0
1093 152 95 0 0
1094 153 95 0 0
1095 152 95 0 0
1096 153 95 0 0
1097 152 95 0 0
1098 153 95 0 0
1099 154 95 0 0
1100 153 95 0 0
1101 154 95 0 0
1102 153 95 0 0
1103 154 95 0 0
1104 153 95 0 0
1105 154 95 0 0
1106 155 95 0 0
1107 154 95 0 0
1108 155 95 0 0
1109 154 95 0 0
1110 155 95 0 0
1111 156 95 0 0
1112 155 95 0 0
1113 156 95 0 0
1114 155 95 0 0
1115 156 95 0 0
1116 157 95 0 0
1117 156 95 0 0
1118 157 95 0 0
1119 156 95 0 0
1120 157 95 0 0
1121 158 95 0 0
1122 157 95 0 0
1123 158 95 0 0
1124 157 95 0 0
1125 158 95 0 0
1126 157 95 0 0
1127 158 95 0 0
1128 159 95 0 0
1129 158 95 0 0
1130 159 95 0 0
1131 158 95 0 0
1132 159 95 0 0
1133 158 95 0 0
1134 159 95 0 0
1135 160 95 0 0
1136 159 95 0 0
1137 160 95 0 0
1138 159 95 0 0
1139 160 95 0 0
1140 161 95 0 0
1141 160 95 0 0
1142 161 95 0 0
1143 160 95 0 0
1144 161 95 0 0
1145 160 95 0 0
1146 161 95 0 0
1147 162 95 0 0
1148 161 95 0 0
1149 162 95 0 0
1150 163 95 0 0
1151 162 95 0 0
1152 163 95 0 0
1153 162 95 0 0
1154 163 95 0 0
1155 162 95 0 0
1156 163 95 0 0
1157 164 95 0 0
1158 163 95 0 0
1159 164 95 0 0
1160 163 95 0 0
1161 164 95 0 0
1162 163 95 0 0
1163 164 95 0 0
1164 165 95 0 0
1165 164 95 0 0
1166 165 95 0 0
1167 164 95 0 0
1168 165 95 0 0
1169 166 95 0 0
1170 165 95 0 0
1171 165 96 0 0
1172 166 96 0 0
1173 165 96 0 0
1174 166 96 0 0
1175 165 96 0 0
1176 166 96 0 0
1177 167 96 0 0
1178 166 96 0 0
1179 167 96 0 0
1180 166 96 0 0
1181 167 96 0 0
1182 168 96 0 0
1183 167 96 0 0
1184 168 96 0 0
1185 167 96 0 0
1186 168 96 0 0
1187 169 96 0 0
1188 168 96 0 0
1189 169 96 0 0
1190 168 96 0 0
1191 169 96 0 0
1192 168 96 0 0
1193 169 96 0 0
1194 170 96 0 0
1195 169 96 0 0
1196 170 96 0 0
1197 169 96 0 0
1198 170 96 0 0
1199 171 96 0 0
1200 170 96 0 0
1201 171 96 0 0
1202 170 96 0 0
1203 171 96 0 0
1204 170 96 0 0
1205 171 96 0 0
1206 172 96 0 0
1207 171 96 0 0
1208 172 96 0 0
1209 171 96 0 0
1210 172 96 0 0
1211 173 96 0 0
1212 172 96 0 0
1213 173 96 0 0
1214 172 96 0 0
1215 173 96 0 0
1216 172 96 0 0
1217 173 96 0 0
1218 174 96 0 0
1219 173 96 0 0
1220 174 96 0 0
1221 173 96 0 0
1222 174 96 0 0
1223 173 96 0 0
1224 174 96 0 0
1225 175 96 0 0
1226 174 96 0 0
1227 175 96 0 0
1228 174 96 0 0
1229 175 96 0 0
1230 176 96 0 0
1231 175 96 0 0
1232 176 96 0 0
1233 175 96 0 0
1234 176 96 0 0
1235 175 96 0 0
1236 176 96 0 0
1237 177 96 0 0
1238 176 96 0 0
1239 177 96 0 0
1240 176 96 0 0
1241 177 96 0 0
1242 178 96 0 0
1243 177 96 0 0
1244 178 96 0 0
1245 177 96 0 0
1246 177 97 0 0
1247 178 97 0 0
1248 177 97 0 0
1249 178 97 0 0
1250 177 97 0 0
1251 178 97 0 0
1252 179 97 0 0
1253 178 97 0 0
1254 179 97 0 0
1255 178 97 0 0
1256 179 97 0 0
1257 178 97 0 0
1258 179 97 0 0
1259 180 97 0 0
1260 179 97 0 0
1261 180 97 0 0
1262 179 97 0 0
1263 180 97 0 0
1264 181 97 0 0
1265 180 97 0 0
1266 181 97 0 0
1267 180 97 0 0
1268 181 97 0 0
1269 180 97 0 0
1270 181 97 0 0
1271 182 97 0 0
1272 181 97 0 0
1273 182 97 0 0
1274 181 97 0 0
1275 182 97 0 0
1276 183 97 0 0
1277 182 97 0 0
1278 183 97 0 0
1279 182 97 0 0
1280 183 97 0 0
1281 182 97 0 0
1282 183 97 0 0
1283 182 97 0 0
1284 183 97 0 0
1285 184 97 0 0
1286 183 97 0 0
1287 184 97 0 0
1288 183 97 0 0
1289 184 97 0 0
1290 183 97 0 0
1291 184 97 0 0
1292 185 97 0 0
1293 184 97 0 0
1294 185 97 0 0
1295 184 97 0 0
1296 185 97 0 0
1297 186 97 0 0
1298 185 97 0 0
1299 186 97 0 0
1300 185 97 0 0
1301 186 97 0 0
1302 185 97 0 0
1303 186 97 0 0
1304 187 97 0 0
1305 186 97 0 0
1306 187 97 0 0
1307 186 97 0 0
1308 187 97 0 0
1309 186 97 0 0
1310 187 97 0 0
1311 188 97 0 0
1312 187 97 0 0
1313 188 97 0 0
1314 187 97 0 0
1315 188 97 0 0
1316 188 98 0 0
1317 189 98 0 0
1318 188 98 0 0
1319 189 98 0 0
1320 188 98 0 0
1321 189 98 0 0
1322 188 98 0 0
1323 189 98 0 0
1324 190 98 0 0
1325 189 98 0 0
1326 190 98 0 0
1327 189 98 0 0
1328 190 98 0 0
1329 191 98 0 0
1330 190 98 0 0
1331 191 98 0 0
1332 190 98 0 0
1333 191 98 0 0
1334 190 98 0 0
1335 191 98 0 0
1336 192 98 0 0
1337 191 98 0 0
1338 192 98 0 0
1339 193 98 0 0
1340 192 98 0 0
1341 193 98 0 0
1342 192 98 0 0
1343 193 98 0 0
1344 192 98 0 0
1345 193 98 0 0
1346 194 98 0 0
1347 193 98 0 0
1348 194 98 0 0
1349 193 98 0 0
1350 194 98 0 0
1351 193 98 0 0
1352 194 98 0 0
1353 195 98 0 0
1354 194 98 0 0
1355 195 98 0 0
1356 194 98 0 0
1357 195 98 0 0
1358 196 98 0 0
1359 195 98 0 0
1360 196 98 0 0
1361 195 98 0 0
1362 196 98 0 0
1363 195 98 0 0
1364 196 98 0 0
