0 3 97 0 0
1 4 97 0 0
2 3 97 0 0
3 4 97 0 0
4 5 97 0 0
5 4 97 0 0
6 5 97 0 0
7 6 97 0 0
8 5 97 0 0
9 6 97 0 0
10 7 97 0 0
11 6 97 0 0
12 7 97 0 0
13 8 97 0 0
14 7 97 0 0
15 8 97 0 0
16 7 97 0 0
17 8 97 0 0
18 9 97 0 0
19 8 97 0 0
20 9 97 0 0
21 8 97 0 0
22 9 97 0 0
23 10 97 0 0
24 9 97 0 0
25 10 97 0 0
26 11 97 0 0
27 10 97 0 0
28 11 97 0 0
29 10 97 0 0
30 11 97 0 0
31 12 97 0 0
32 11 97 0 0
33 12 97 0 0
34 13 97 0 0
35 12 97 0 0
36 13 97 0 0
37 14 97 0 0
38 13 97 0 0
39 14 97 0 0
40 13 97 0 0
41 14 97 0 0
42 15 97 0 0
43 14 97 0 0
44 15 97 0 0
45 16 97 0 0
46 15 97 0 0
47 15 96 0 0
48 16 96 0 0
49 15 96 0 0
50 15 97 0 0
51 16 97 0 0
52 17 97 0 0
53 16 97 0 0
54 17 97 0 0
55 16 97 0 0
56 17 97 0 0
57 18 97 0 0
58 17 97 0 0
59 18 97 0 0
60 19 97 0 0
61 18 97 0 0
62 19 97 0 0
63 18 97 0 0
64 19 97 0 0
65 20 97 0 0
66 19 97 0 0
67 20 97 0 0
68 21 97 0 0
69 20 97 0 0
70 21 97 0 0
71 20 97 0 0
72 21 97 0 0
73 22 97 0 0
74 21 97 0 0
75 22 97 0 0
76 21 97 0 0
77 22 97 0 0
78 23 97 0 0
79 22 97 0 0
80 23 97 0 0
81 24 97 0 0
82 23 97 0 0
83 24 97 0 0
84 23 97 0 0
85 24 97 0 0
86 25 97 0 0
87 24 97 0 0
88 25 97 0 0
89 24 97 0 0
90 25 97 0 0
91 26 97 0 0
92 25 97 0 0
93 26 97 0 0
94 25 97 0 0
95 26 97 0 0
96 27 97 0 0
97 26 97 0 0
98 27 97 0 0
99 28 97 0 0
100 27 97 0 0
101 28 97 0 0
102 27 97 0 0
103 28 97 0 0
104 29 97 0 0
105 28 97 0 0
106 29 97 0 0
107 28 97 0 0
108 29 97 0 0
109 30 97 0 0
110 29 97 0 0
111 29 98 0 0
112 30 98 0 0
113 31 98 0 0
114 30 98 0 0
115 31 98 0 0
116 32 98 0 0
117 31 98 0 0
118 32 98 0 0
119 31 98 0 0
120 32 98 0 0
121 33 98 0 0
122 32 98 0 0
123 33 98 0 0
124 32 98 0 0
125 33 98 0 0
126 34 98 0 0
127 33 98 0 0
128 34 98 0 0
129 35 98 0 0
130 34 98 0 0
131 35 98 0 0
132 36 98 0 0
133 35 98 0 0
134 36 98 0 0
135 35 98 0 0
136 36 98 0 0
137 37 98 0 0
138 36 98 0 0
139 37 98 0 0
140 38 98 0 0
141 37 98 0 0
142 38 98 0 0
143 37 98 0 0
144 37 99 0 0
145 38 99 0 0
146 39 99 0 0
147 38 99 0 0
148 39 99 0 0
149 40 99 0 0
150 39 99 0 0
151 40 99 0 0
152 41 99 0 0
153 40 99 0 0
154 41 99 0 0
155 40 99 0 0
156 41 99 0 0
157 42 99 0 0
158 41 99 0 0
159 42 99 0 0
160 43 99 0 0
161 42 99 0 0
162 43 99 0 0
163 42 99 0 0
164 43 99 0 0
165 44 99 0 0
166 43 99 0 0
167 44 99 0 0
168 43 99 0 0
169 44 99 0 0
170 45 99 0 0
171 44 99 0 0
172 45 99 0 0
173 46 99 0 0
174 45 99 0 0
175 46 99 0 0
176 45 99 0 0
177 46 99 0 0
178 47 99 0 0
179 46 99 0 0
180 47 99 0 0
181 46 99 0 0
182 47 99 0 0
183 48 99 0 0
184 47 99 0 0
185 48 99 0 0
186 49 99 0 0
187 48 99 0 0
188 49 99 0 0
189 48 99 0 0
190 49 99 0 0
191 49 98 0 0
192 50 98 0 0
193 49 98 0 0
194 50 98 0 0
195 51 98 0 0
196 50 98 0 0
197 51 98 0 0
198 50 98 0 0
199 51 98 0 0
200 50 98 0 0
201 51 98 0 0
202 52 98 0 0
203 51 98 0 0
204 52 98 0 0
205 51 98 0 0
206 52 98 0 0
207 53 98 0 0
208 52 98 0 0
209 53 98 0 0
210 52 98 0 0
211 53 98 0 0
212 54 98 0 0
213 53 98 0 0
214 54 98 0 0
215 53 98 0 0
216 54 98 0 0
217 55 98 0 0
218 54 98 0 0
219 55 98 0 0
220 56 98 0 0
221 55 98 0 0
222 56 98 0 0
223 55 98 0 0
224 56 98 0 0
225 57 98 0 0
226 56 98 0 0
227 57 98 0 0
228 58 98 0 0
229 57 98 0 0
230 58 98 0 0
231 57 98 0 0
232 58 98 0 0
233 59 98 0 0
234 58 98 0 0
235 59 98 0 0
236 58 98 0 0
237 59 98 0 0
238 60 98 0 0
239 59 98 0 0
240 60 98 0 0
241 61 98 0 0
242 60 98 0 0
243 61 98 0 0
244 60 98 0 0
245 61 98 0 0
246 60 98 0 0
247 61 98 0 0
248 62 98 0 0
249 61 98 0 0
250 62 98 0 0
251 62 97 0 0
252 63 97 0 0
253 62 97 0 0
254 63 97 0 0
255 62 97 0 0
256 63 97 0 0
257 64 97 0 0
258 63 97 0 0
259 64 97 0 0
260 63 97 0 0
261 64 97 0 0
262 65 97 0 0
263 64 97 0 0
264 65 97 0 0
265 66 97 0 0
266 65 97 0 0
267 66 97 0 0
268 65 97 0 0
269 66 97 0 0
270 67 97 0 0
271 66 97 0 0
272 67 97 0 0
273 66 97 0 0
274 67 97 0 0
275 68 97 0 0
276 67 97 0 0
277 68 97 0 0
278 67 97 0 0
279 67 96 0 0
280 68 96 0 0
281 69 96 0 0
282 68 96 0 0
283 69 96 0 0
284 68 96 0 0
285 69 96 0 0
286 70 96 0 0
287 69 96 0 0
288 70 96 0 0
289 71 96 0 0
290 70 96 0 0
291 71 96 0 0
292 70 96 0 0
293 71 96 0 0
294 72 96 0 0
295 71 96 0 0
296 72 96 0 0
297 71 96 0 0
298 72 96 0 0
299 72 95 0 0
300 73 95 0 0
301 72 95 0 0
302 73 95 0 0
303 72 95 0 0
304 73 95 0 0
305 74 95 0 0
306 73 95 0 0
307 74 95 0 0
308 73 95 0 0
309 74 95 0 0
310 74 94 0 0
311 75 94 0 0
312 74 94 0 0
313 75 94 0 0
314 74 94 0 0
315 75 94 0 0
316 76 94 0 0
317 75 94 0 0
318 76 94 0 0
319 75 94 0 0
320 76 94 0 0
321 76 93 0 0
322 77 93 0 0
323 76 93 0 0
324 77 93 0 0
325 78 93 0 0
326 77 93 0 0
327 78 93 0 0
328 77 93 0 0
329 78 93 0 0
330 77 93 0 0
331 78 93 0 0
332 78 92 0 0
333 79 92 0 0
334 78 92 0 0
335 79 92 0 0
336 78 92 0 0
337 79 92 0 0
338 80 92 0 0
339 79 92 0 0
340 80 92 0 0
341 81 92 0 0
342 80 92 0 0
343 80 91 0 0
344 81 91 0 0
345 80 91 0 0
346 81 91 0 0
347 80 91 0 0
348 81 91 0 0
349 82 91 0 0
350 81 91 0 0
351 82 91 0 0
352 83 91 0 0
353 82 91 0 0
354 82 90 0 0
355 83 90 0 0
356 82 90 0 0
357 83 90 0 0
358 84 90 0 0
359 83 90 0 0
360 84 90 0 0
361 83 90 0 0
362 84 90 0 0
363 83 90 0 0
364 84 90 0 0
365 84 89 0 0
366 85 89 0 0
367 84 89 0 0
368 85 89 0 0
369 86 89 0 0
370 85 89 0 0
371 86 89 0 0
372 85 89 0 0
373 86 89 0 0
374 87 89 0 0
375 86 89 0 0
376 87 89 0 0
377 86 89 0 0
378 86 88 0 0
379 87 88 0 0
380 86 88 0 0
381 87 88 0 0
382 88 88 0 0
383 87 88 0 0
384 88 88 0 0
385 89 88 0 0
386 88 88 0 0
387 89 88 0 0
388 88 88 0 0
389 89 88 0 0
390 89 87 0 0
391 90 87 0 0
392 89 87 0 0
393 90 87 0 0
394 89 87 0 0
395 90 87 0 0
396 91 87 0 0
397 90 87 0 0
398 91 87 0 0
399 90 87 0 0
400 91 87 0 0
401 91 86 0 0
402 92 86 0 0
403 91 86 0 0
404 92 86 0 0
405 93 86 0 0
406 92 86 0 0
407 93 86 0 0
408 92 86 0 0
409 93 86 0 0
410 92 86 0 0
411 93 86 0 0
412 94 86 0 0
413 93 86 0 0
414 93 85 0 0
415 94 85 0 0
416 93 85 0 0
417 94 85 0 0
418 95 85 0 0
419 94 85 0 0
420 95 85 0 0
421 96 85 0 0
422 95 85 0 0
423 96 85 0 0
424 95 85 0 0
425 96 85 0 0
426 95 85 0 0
427 96 85 0 0
428 97 85 0 0
429 96 85 0 0
430 97 85 0 0
431 98 85 0 0
432 97 85 0 0
433 98 85 0 0
434 97 85 0 0
435 98 85 0 0
436 97 85 0 0
437 97 84 0 0
438 98 84 0 0
439 99 84 0 0
440 98 84 0 0
441 99 84 0 0
442 98 84 0 0
443 99 84 0 0
444 100 84 0 0
445 99 84 0 0
446 100 84 0 0
447 99 84 0 0
448 100 84 0 0
449 101 84 0 0
450 100 84 0 0
451 101 84 0 0
452 100 84 0 0
453 101 84 0 0
454 102 84 0 0
455 101 84 0 0
456 102 84 0 0
457 101 84 0 0
458 102 84 0 0
459 103 84 0 0
460 102 84 0 0
461 103 84 0 0
462 102 84 0 0
463 103 84 0 0
464 104 84 0 0
465 103 84 0 0
466 104 84 0 0
467 103 84 0 0
468 104 84 0 0
469 103 84 0 0
470 104 84 0 0
471 104 83 0 0
472 105 83 0 0
473 104 83 0 0
474 104 84 0 0
475 105 84 0 0
476 106 84 0 0
477 105 84 0 0
478 106 84 0 0
479 105 84 0 0
480 106 84 0 0
481 105 84 0 0
482 106 84 0 0
483 107 84 0 0
484 106 84 0 0
485 107 84 0 0
486 106 84 0 0
487 107 84 0 0
488 106 84 0 0
489 107 84 0 0
490 108 84 0 0
491 107 84 0 0
492 107 85 0 0
493 108 85 0 0
494 109 85 0 0
495 108 85 0 0
496 109 85 0 0
497 108 85 0 0
498 109 85 0 0
499 108 85 0 0
500 109 85 0 0
501 110 85 0 0
502 109 85 0 0
503 110 85 0 0
504 109 85 0 0
505 110 85 0 0
506 111 85 0 0
507 110 85 0 0
508 111 85 0 0
509 110 85 0 0
510 110 86 0 0
511 111 86 0 0
512 110 86 0 0
513 111 86 0 0
514 112 86 0 0
515 111 86 0 0
516 112 86 0 0
517 111 86 0 0
518 112 86 0 0
519 113 86 0 0
520 112 86 0 0
521 112 87 0 0
522 113 87 0 0
523 112 87 0 0
524 113 87 0 0
525 112 87 0 0
526 113 87 0 0
527 112 87 0 0
528 113 87 0 0
529 114 87 0 0
530 113 87 0 0
531 114 87 0 0
532 113 87 0 0
533 113 88 0 0
534 114 88 0 0
535 113 88 0 0
536 114 88 0 0
537 113 88 0 0
538 114 88 0 0
539 115 88 0 0
540 114 88 0 0
541 115 88 0 0
542 114 88 0 0
543 115 88 0 0
544 114 88 0 0
545 114 89 0 0
546 115 89 0 0
547 116 89 0 0
548 115 89 0 0
549 116 89 0 0
550 115 89 0 0
551 116 89 0 0
552 115 89 0 0
553 116 89 0 0
554 117 89 0 0
555 116 89 0 0
556 116 90 0 0
557 117 90 0 0
558 116 90 0 0
559 117 90 0 0
560 116 90 0 0
561 117 90 0 0
562 118 90 0 0
563 117 90 0 0
564 118 90 0 0
565 117 90 0 0
566 118 90 0 0
567 117 90 0 0
568 117 91 0 0
569 118 91 0 0
570 117 91 0 0
571 118 91 0 0
572 119 91 0 0
573 118 91 0 0
574 119 91 0 0
575 118 91 0 0
576 119 91 0 0
577 118 91 0 0
578 118 92 0 0
579 119 92 0 0
580 118 92 0 0
581 119 92 0 0
582 118 92 0 0
583 119 92 0 0
584 120 92 0 0
585 119 92 0 0
586 120 92 0 0
587 119 92 0 0
588 119 93 0 0
589 120 93 0 0
590 119 93 0 0
591 120 93 0 0
592 119 93 0 0
593 120 93 0 0
594 119 93 0 0
595 119 94 0 0
596 120 94 0 0
597 119 94 0 0
598 120 94 0 0
599 121 94 0 0
600 120 94 0 0
601 121 94 0 0
602 120 94 0 0
603 120 95 0 0
604 121 95 0 0
605 120 95 0 0
606 121 95 0 0
607 120 95 0 0
608 121 95 0 0
609 120 95 0 0
610 121 95 0 0
611 120 95 0 0
612 120 96 0 0
613 121 96 0 0
614 120 96 0 0
615 121 96 0 0
616 120 96 0 0
617 121 96 0 0
618 120 96 0 0
619 121 96 0 0
620 120 96 0 0
621 120 97 0 0
622 121 97 0 0
623 120 97 0 0
624 121 97 0 0
625 122 97 0 0
626 121 97 0 0
627 121 98 0 0
628 122 98 0 0
629 121 98 0 0
630 122 98 0 0
631 121 98 0 0
632 122 98 0 0
633 121 98 0 0
634 122 98 0 0
635 121 98 0 0
636 121 99 0 0
637 122 99 0 0
638 121 99 0 0
639 122 99 0 0
640 121 99 0 0
641 122 99 0 0
642 121 99 0 0
643 122 99 0 0
644 122 100 0 0
645 123 100 0 0
646 122 100 0 0
647 123 100 0 0
648 122 100 0 0
649 123 100 0 0
650 122 100 0 0
651 123 100 0 0
652 122 100 0 0
653 122 101 0 0
654 123 101 0 0
655 122 101 0 0
656 123 101 0 0
657 122 101 0 0
658 123 101 0 0
659 122 101 0 0
660 123 101 0 0
661 122 101 0 0
662 122 102 0 0
663 123 102 0 0
664 122 102 0 0
665 123 102 0 0
666 122 102 0 0
667 123 102 0 0
668 122 102 0 0
669 123 102 0 0
670 123 103 0 0
671 124 103 0 0
672 123 103 0 0
673 124 103 0 0
674 123 103 0 0
675 124 103 0 0
676 123 103 0 0
677 124 103 0 0
678 123 103 0 0
679 123 104 0 0
680 124 104 0 0
681 123 104 0 0
682 124 104 0 0
683 123 104 0 0
684 124 104 0 0
685 123 104 0 0
686 124 104 0 0
687 123 104 0 0
688 123 105 0 0
689 124 105 0 0
690 123 105 0 0
691 124 105 0 0
692 123 105 0 0
693 124 105 0 0
694 125 105 0 0
695 124 105 0 0
696 124 106 0 0
697 123 106 0 0
698 124 106 0 0
699 123 106 0 0
700 124 106 0 0
701 123 106 0 0
702 123 107 0 0
703 124 107 0 0
704 123 107 0 0
705 124 107 0 0
706 123 107 0 0
707 124 107 0 0
708 123 107 0 0
709 124 107 0 0
710 123 107 0 0
711 123 108 0 0
712 124 108 0 0
713 123 108 0 0
714 124 108 0 0
715 123 108 0 0
716 124 108 0 0
717 123 108 0 0
718 123 109 0 0
719 124 109 0 0
720 123 109 0 0
721 122 109 0 0
722 123 109 0 0
723 122 109 0 0
724 123 109 0 0
725 122 109 0 0
726 122 110 0 0
727 123 110 0 0
728 122 110 0 0
729 123 110 0 0
730 122 110 0 0
731 123 110 0 0
732 122 110 0 0
733 123 110 0 0
734 122 110 0 0
735 122 111 0 0
736 123 111 0 0
737 122 111 0 0
738 123 111 0 0
739 122 111 0 0
740 123 111 0 0
741 122 111 0 0
742 122 112 0 0
743 123 112 0 0
744 122 112 0 0
745 123 112 0 0
746 122 112 0 0
747 123 112 0 0
748 122 112 0 0
749 123 112 0 0
750 122 112 0 0
751 122 113 0 0
752 123 113 0 0
753 122 113 0 0
754 123 113 0 0
755 122 113 0 0
756 123 113 0 0
757 122 113 0 0
758 122 114 0 0
759 123 114 0 0
760 122 114 0 0
761 123 114 0 0
762 122 114 0 0
763 123 114 0 0
764 122 114 0 0
765 123 114 0 0
766 122 114 0 0
767 122 115 0 0
768 123 115 0 0
769 122 115 0 0
770 123 115 0 0
771 122 115 0 0
772 123 115 0 0
773 122 115 0 0
774 123 115 0 0
775 122 115 0 0
776 122 116 0 0
777 123 116 0 0
778 122 116 0 0
779 123 116 0 0
780 122 116 0 0
781 123 116 0 0
782 122 116 0 0
783 123 116 0 0
784 122 116 0 0
785 122 117 0 0
786 121 117 0 0
787 122 117 0 0
788 121 117 0 0
789 122 117 0 0
790 121 117 0 0
791 122 117 0 0
792 121 117 0 0
793 121 118 0 0
794 122 118 0 0
795 121 118 0 0
796 120 118 0 0
797 121 118 0 0
798 120 118 0 0
799 121 118 0 0
800 120 118 0 0
801 120 119 0 0
802 121 119 0 0
803 120 119 0 0
804 121 119 0 0
805 120 119 0 0
806 121 119 0 0
807 120 119 0 0
808 120 120 0 0
809 121 120 0 0
810 120 120 0 0
811 119 120 0 0
812 120 120 0 0
813 119 120 0 0
814 120 120 0 0
815 119 120 0 0
816 119 121 0 0
817 120 121 0 0
818 119 121 0 0
819 120 121 0 0
820 119 121 0 0
821 120 121 0 0
822 119 121 0 0
823 120 121 0 0
824 119 121 0 0
825 119 122 0 0
826 120 122 0 0
827 119 122 0 0
828 120 122 0 0
829 119 122 0 0
830 120 122 0 0
831 119 122 0 0
832 119 123 0 0
833 118 123 0 0
834 119 123 0 0
835 118 123 0 0
836 119 123 0 0
837 118 123 0 0
838 119 123 0 0
839 118 123 0 0
840 118 124 0 0
841 119 124 0 0
842 118 124 0 0
843 119 124 0 0
844 118 124 0 0
845 119 124 0 0
846 118 124 0 0
847 119 124 0 0
848 118 124 0 0
849 118 125 0 0
850 119 125 0 0
851 118 125 0 0
852 119 125 0 0
853 118 125 0 0
854 119 125 0 0
855 118 125 0 0
856 117 125 0 0
857 117 126 0 0
858 118 126 0 0
859 117 126 0 0
860 118 126 0 0
861 117 126 0 0
862 118 126 0 0
863 117 126 0 0
864 117 127 0 0
865 118 127 0 0
866 117 127 0 0
867 118 127 0 0
868 117 127 0 0
869 118 127 0 0
870 117 127 0 0
871 118 127 0 0
872 117 127 0 0
873 117 128 0 0
874 118 128 0 0
875 117 128 0 0
876 118 128 0 0
877 117 128 0 0
878 118 128 0 0
879 117 128 0 0
880 116 128 0 0
881 116 129 0 0
882 117 129 0 0
883 116 129 0 0
884 117 129 0 0
885 116 129 0 0
886 117 129 0 0
887 116 129 0 0
888 117 129 0 0
889 116 129 0 0
890 116 130 0 0
891 117 130 0 0
892 116 130 0 0
893 117 130 0 0
894 116 130 0 0
895 117 130 0 0
896 116 130 0 0
897 117 130 0 0
898 116 130 0 0
899 116 131 0 0
900 117 131 0 0
901 116 131 0 0
902 117 131 0 0
903 116 131 0 0
904 115 131 0 0
905 115 132 0 0
906 116 132 0 0
907 115 132 0 0
908 116 132 0 0
909 115 132 0 0
910 116 132 0 0
911 115 132 0 0
912 115 133 0 0
913 116 133 0 0
914 115 133 0 0
915 116 133 0 0
916 115 133 0 0
917 116 133 0 0
918 115 133 0 0
919 116 133 0 0
920 115 133 0 0
921 115 134 0 0
922 116 134 0 0
923 115 134 0 0
924 116 134 0 0
925 115 134 0 0
926 114 134 0 0
927 115 134 0 0
928 114 134 0 0
929 114 135 0 0
930 115 135 0 0
931 114 135 0 0
932 115 135 0 0
933 114 135 0 0
934 115 135 0 0
935 114 135 0 0
936 115 135 0 0
937 114 135 0 0
938 114 136 0 0
939 115 136 0 0
940 114 136 0 0
941 115 136 0 0
942 114 136 0 0
943 115 136 0 0
944 114 136 0 0
945 114 137 0 0
946 115 137 0 0
947 114 137 0 0
948 115 137 0 0
949 114 137 0 0
950 115 137 0 0
951 114 137 0 0
952 114 138 0 0
953 115 138 0 0
954 114 138 0 0
955 115 138 0 0
956 114 138 0 0
957 115 138 0 0
958 114 138 0 0
959 114 139 0 0
960 115 139 0 0
961 114 139 0 0
962 115 139 0 0
963 114 139 0 0
964 115 139 0 0
965 114 139 0 0
966 114 140 0 0
967 115 140 0 0
968 114 140 0 0
969 115 140 0 0
970 114 140 0 0
971 115 140 0 0
972 114 140 0 0
973 115 140 0 0
974 114 140 0 0
975 114 141 0 0
976 115 141 0 0
977 114 141 0 0
978 115 141 0 0
979 114 141 0 0
980 115 141 0 0
981 114 141 0 0
982 114 142 0 0
983 115 142 0 0
984 114 142 0 0
985 115 142 0 0
986 114 142 0 0
987 115 142 0 0
988 114 142 0 0
989 114 143 0 0
990 115 143 0 0
991 114 143 0 0
992 115 143 0 0
993 114 143 0 0
994 115 143 0 0
995 114 143 0 0
996 115 143 0 0
997 114 143 0 0
998 114 144 0 0
999 115 144 0 0
1000 114 144 0 0
1001 115 144 0 0
1002 114 144 0 0
1003 115 144 0 0
1004 114 144 0 0
1005 114 145 0 0
1006 115 145 0 0
1007 114 145 0 0
1008 115 145 0 0
1009 114 145 0 0
1010 115 145 0 0
1011 114 145 0 0
1012 114 146 0 0
1013 115 146 0 0
1014 114 146 0 0
1015 115 146 0 0
1016 114 146 0 0
1017 115 146 0 0
1018 114 146 0 0
1019 115 146 0 0
1020 114 146 0 0
1021 114 147 0 0
1022 115 147 0 0
1023 114 147 0 0
1024 115 147 0 0
1025 114 147 0 0
1026 115 147 0 0
1027 114 147 0 0
1028 114 148 0 0
1029 113 148 0 0
1030 114 148 0 0
1031 113 148 0 0
1032 114 148 0 0
1033 113 148 0 0
1034 113 149 0 0
1035 114 149 0 0
1036 113 149 0 0
1037 114 149 0 0
1038 113 149 0 0
1039 114 149 0 0
1040 113 149 0 0
1041 113 150 0 0
1042 114 150 0 0
1043 113 150 0 0
1044 114 150 0 0
1045 113 150 0 0
1046 114 150 0 0
1047 113 150 0 0
1048 114 150 0 0
1049 113 150 0 0
1050 113 151 0 0
1051 114 151 0 0
1052 113 151 0 0
1053 114 151 0 0
1054 113 151 0 0
1055 114 151 0 0
1056 113 151 0 0
1057 113 152 0 0
1058 114 152 0 0
1059 113 152 0 0
1060 114 152 0 0
1061 113 152 0 0
1062 114 152 0 0
1063 113 152 0 0
1064 113 153 0 0
1065 114 153 0 0
1066 113 153 0 0
1067 114 153 0 0
1068 113 153 0 0
1069 114 153 0 0
1070 113 153 0 0
1071 114 153 0 0
1072 113 153 0 0
1073 113 154 0 0
1074 114 154 0 0
1075 113 154 0 0
1076 114 154 0 0
1077 113 154 0 0
1078 113 155 0 0
1079 114 155 0 0
1080 113 155 0 0
1081 114 155 0 0
1082 113 155 0 0
1083 114 155 0 0
1084 113 155 0 0
1085 113 156 0 0
1086 114 156 0 0
1087 113 156 0 0
1088 114 156 0 0
1089 113 156 0 0
1090 113 157 0 0
1091 114 157 0 0
1092 113 157 0 0
1093 114 157 0 0
1094 115 157 0 0
1095 114 157 0 0
1096 114 158 0 0
1097 115 158 0 0
1098 114 158 0 0
1099 115 158 0 0
1100 114 158 0 0
1101 114 159 0 0
1102 115 159 0 0
1103 114 159 0 0
1104 115 159 0 0
1105 114 159 0 0
1106 115 159 0 0
1107 114 159 0 0
1108 115 159 0 0
1109 114 159 0 0
1110 114 160 0 0
1111 115 160 0 0
1112 114 160 0 0
1113 115 160 0 0
1114 114 160 0 0
1115 115 160 0 0
1116 114 160 0 0
1117 115 160 0 0
1118 114 160 0 0
1119 114 161 0 0
1120 115 161 0 0
1121 114 161 0 0
1122 115 161 0 0
1123 114 161 0 0
1124 115 161 0 0
1125 114 161 0 0
1126 115 161 0 0
1127 114 161 0 0
1128 114 162 0 0
1129 115 162 0 0
1130 114 162 0 0
1131 115 162 0 0
1132 114 162 0 0
1133 115 162 0 0
1134 114 162 0 0
1135 114 163 0 0
1136 115 163 0 0
1137 114 163 0 0
1138 115 163 0 0
1139 114 163 0 0
1140 115 163 0 0
1141 115 164 0 0
1142 116 164 0 0
1143 115 164 0 0
1144 116 164 0 0
1145 115 164 0 0
1146 116 164 0 0
1147 115 164 0 0
1148 116 164 0 0
1149 115 164 0 0
1150 115 165 0 0
1151 116 165 0 0
1152 115 165 0 0
1153 116 165 0 0
1154 115 165 0 0
1155 116 165 0 0
1156 115 165 0 0
1157 116 165 0 0
1158 115 165 0 0
1159 115 166 0 0
1160 116 166 0 0
1161 115 166 0 0
1162 116 166 0 0
1163 115 166 0 0
1164 116 166 0 0
1165 115 166 0 0
1166 116 166 0 0
1167 115 166 0 0
1168 115 167 0 0
1169 116 167 0 0
1170 115 167 0 0
1171 116 167 0 0
1172 115 167 0 0
1173 116 167 0 0
1174 115 167 0 0
1175 115 168 0 0
1176 116 168 0 0
1177 115 168 0 0
1178 116 168 0 0
1179 115 168 0 0
1180 116 168 0 0
1181 115 168 0 0
1182 115 169 0 0
1183 116 169 0 0
1184 115 169 0 0
1185 116 169 0 0
1186 115 169 0 0
1187 116 169 0 0
1188 115 169 0 0
1189 116 169 0 0
1190 115 169 0 0
1191 115 170 0 0
1192 116 170 0 0
1193 115 170 0 0
1194 116 170 0 0
1195 115 170 0 0
1196 116 170 0 0
1197 117 170 0 0
1198 116 170 0 0
1199 116 171 0 0
1200 117 171 0 0
1201 116 171 0 0
1202 117 171 0 0
1203 116 171 0 0
1204 117 171 0 0
1205 116 171 0 0
1206 117 171 0 0
1207 116 171 0 0
1208 116 172 0 0
1209 117 172 0 0
1210 116 172 0 0
1211 117 172 0 0
1212 116 172 0 0
1213 116 173 0 0
1214 117 173 0 0
1215 116 173 0 0
1216 117 173 0 0
1217 116 173 0 0
1218 116 174 0 0
1219 117 174 0 0
1220 116 174 0 0
1221 117 174 0 0
1222 116 174 0 0
1223 116 175 0 0
1224 117 175 0 0
1225 116 175 0 0
1226 117 175 0 0
1227 118 175 0 0
1228 117 175 0 0
1229 117 176 0 0
1230 118 176 0 0
1231 117 176 0 0
1232 118 176 0 0
1233 117 176 0 0
1234 117 177 0 0
1235 118 177 0 0
1236 117 177 0 0
1237 118 177 0 0
1238 117 177 0 0
1239 117 178 0 0
1240 118 178 0 0
1241 117 178 0 0
1242 118 178 0 0
1243 117 178 0 0
1244 118 178 0 0
1245 117 178 0 0
1246 117 179 0 0
1247 118 179 0 0
1248 117 179 0 0
1249 118 179 0 0
1250 117 179 0 0
1251 117 180 0 0
1252 118 180 0 0
1253 117 180 0 0
1254 118 180 0 0
1255 118 181 0 0
1256 119 181 0 0
1257 118 181 0 0
1258 119 181 0 0
1259 118 181 0 0
1260 119 181 0 0
1261 118 181 0 0
1262 118 182 0 0
1263 119 182 0 0
1264 118 182 0 0
1265 119 182 0 0
1266 118 182 0 0
1267 118 183 0 0
1268 119 183 0 0
1269 118 183 0 0
1270 119 183 0 0
1271 118 183 0 0
1272 118 184 0 0
1273 119 184 0 0
1274 118 184 0 0
1275 119 184 0 0
1276 120 184 0 0
1277 119 184 0 0
1278 119 185 0 0
1279 120 185 0 0
1280 119 185 0 0
1281 120 185 0 0
1282 119 185 0 0
1283 119 186 0 0
1284 120 186 0 0
1285 119 186 0 0
1286 120 186 0 0
1287 119 186 0 0
1288 120 186 0 0
1289 119 186 0 0
1290 119 187 0 0
1291 120 187 0 0
1292 119 187 0 0
1293 120 187 0 0
1294 119 187 0 0
1295 119 188 0 0
1296 120 188 0 0
1297 119 188 0 0
1298 120 188 0 0
1299 119 188 0 0
1300 120 188 0 0
1301 119 188 0 0
1302 119 189 0 0
1303 120 189 0 0
1304 119 189 0 0
1305 120 189 0 0
1306 119 189 0 0
1307 119 190 0 0
1308 120 190 0 0
1309 121 190 0 0
1310 120 190 0 0
1311 121 190 0 0
1312 120 190 0 0
1313 120 191 0 0
1314 121 191 0 0
1315 120 191 0 0
1316 121 191 0 0
1317 120 191 0 0
1318 121 191 0 0
1319 120 191 0 0
1320 120 192 0 0
1321 121 192 0 0
1322 120 192 0 0
1323 121 192 0 0
1324 120 192 0 0
1325 120 193 0 0
1326 121 193 0 0
1327 120 193 0 0
1328 121 193 0 0
1329 120 193 0 0
1330 121 193 0 0
1331 121 194 0 0
1332 122 194 0 0
1333 121 194 0 0
1334 122 194 0 0
1335 121 194 0 0
1336 121 195 0 0
1337 122 195 0 0
1338 121 195 0 0
1339 122 195 0 0
1340 121 195 0 0
1341 122 195 0 0
1342 121 195 0 0
1343 121 196 0 0
1344 122 196 0 0
1345 121 196 0 0
1346 122 196 0 0
1347 121 196 0 0
1348 121 197 0 0
1349 122 197 0 0
1350 121 197 0 0
1351 122 197 0 0
1352 121 197 0 0
1353 122 197 0 0
1354 121 197 0 0
1355 121 198 0 0
1356 122 198 0 0
1357 121 198 0 0
1358 122 198 0 0
1359 121 198 0 0
1360 122 198 0 0
1361 122 199 0 0
1362 123 199 0 0
1363 122 199 0 0
1364 123 199 0 0
1365 122 199 0 0
1366 122 200 0 0
1367 123 200 0 0
1368 122 200 0 0
1369 123 200 0 0
1370 122 200 0 0
1371 123 200 0 0
1372 122 200 0 0
1373 123 200 0 0
1374 122 200 0 0
1375 122 201 0 0
1376 123 201 0 0
1377 122 201 0 0
1378 123 201 0 0
1379 122 201 0 0
1380 123 201 0 0
1381 122 201 0 0
1382 123 201 0 0
1383 122 201 0 0
1384 122 202 0 0
1385 123 202 0 0
1386 122 202 0 0
1387 123 202 0 0
1388 122 202 0 0
1389 123 202 0 0
1390 122 202 0 0
1391 123 202 0 0
1392 122 202 0 0
1393 122 203 0 0
1394 123 203 0 0
1395 122 203 0 0
1396 123 203 0 0
1397 122 203 0 0
1398 123 203 0 0
1399 122 203 0 0
1400 123 203 0 0
1401 123 204 0 0
1402 124 204 0 0
1403 123 204 0 0
1404 124 204 0 0
1405 123 204 0 0
1406 124 204 0 0
1407 123 204 0 0
1408 124 204 0 0
1409 123 204 0 0
1410 123 205 0 0
1411 124 205 0 0
1412 123 205 0 0
1413 124 205 0 0
1414 123 205 0 0
1415 124 205 0 0
1416 123 205 0 0
1417 124 205 0 0
1418 123 205 0 0
1419 123 206 0 0
1420 124 206 0 0
1421 123 206 0 0
1422 124 206 0 0
1423 123 206 0 0
1424 124 206 0 0
1425 123 206 0 0
1426 124 206 0 0
1427 123 206 0 0
1428 123 207 0 0
1429 124 207 0 0
1430 123 207 0 0
1431 124 207 0 0
1432 123 207 0 0
1433 124 207 0 0
1434 125 207 0 0
1435 124 207 0 0
1436 124 208 0 0
1437 125 208 0 0
1438 124 208 0 0
1439 125 208 0 0
1440 124 208 0 0
1441 124 209 0 0
1442 125 209 0 0
1443 124 209 0 0
1444 125 209 0 0
1445 124 209 0 0
1446 125 209 0 0
1447 124 209 0 0
1448 124 210 0 0
1449 125 210 0 0
1450 124 210 0 0
1451 125 210 0 0
1452 124 210 0 0
1453 125 210 0 0
1454 124 210 0 0
1455 124 211 0 0
1456 125 211 0 0
1457 124 211 0 0
1458 125 211 0 0
1459 124 211 0 0
1460 124 212 0 0
1461 125 212 0 0
1462 124 212 0 0
1463 125 212 0 0
1464 124 212 0 0
1465 125 212 0 0
1466 124 212 0 0
1467 124 213 0 0
1468 125 213 0 0
1469 124 213 0 0
1470 125 213 0 0
1471 124 213 0 0
1472 125 213 0 0
1473 124 213 0 0
1474 124 214 0 0
1475 125 214 0 0
1476 124 214 0 0
1477 125 214 0 0
1478 124 214 0 0
1479 125 214 0 0
