0 128 232 0 0
1 129 232 0 0
2 128 232 0 0
3 129 232 0 0
4 128 232 0 0
5 129 232 0 0
6 128 232 0 0
7 129 232 0 0
8 128 232 0 0
9 129 232 0 0
10 128 232 0 0
11 128 231 0 0
12 129 231 0 0
13 128 231 0 0
14 129 231 0 0
15 128 231 0 0
16 129 231 0 0
17 128 231 0 0
18 129 231 0 0
19 128 231 0 0
20 129 231 0 0
21 128 231 0 0
22 129 231 0 0
23 128 231 0 0
24 128 230 0 0
25 129 230 0 0
26 128 230 0 0
27 129 230 0 0
28 128 230 0 0
29 129 230 0 0
30 128 230 0 0
31 129 230 0 0
32 128 230 0 0
33 129 230 0 0
34 128 230 0 0
35 129 230 0 0
36 128 230 0 0
37 128 229 0 0
38 129 229 0 0
39 128 229 0 0
40 129 229 0 0
41 128 229 0 0
42 129 229 0 0
43 128 229 0 0
44 129 229 0 0
45 128 229 0 0
46 129 229 0 0
47 128 229 0 0
48 129 229 0 0
49 128 229 0 0
50 128 228 0 0
51 129 228 0 0
52 128 228 0 0
53 129 228 0 0
54 128 228 0 0
55 129 228 0 0
56 128 228 0 0
57 129 228 0 0
58 128 228 0 0
59 129 228 0 0
60 128 228 0 0
61 129 228 0 0
62 128 228 0 0
63 128 227 0 0
64 129 227 0 0
65 128 227 0 0
66 129 227 0 0
67 128 227 0 0
68 129 227 0 0
69 128 227 0 0
70 129 227 0 0
71 128 227 0 0
72 129 227 0 0
73 128 227 0 0
74 129 227 0 0
75 128 227 0 0
76 128 226 0 0
77 129 226 0 0
78 128 226 0 0
79 129 226 0 0
80 128 226 0 0
81 129 226 0 0
82 128 226 0 0
83 129 226 0 0
84 128 226 0 0
85 129 226 0 0
86 128 226 0 0
87 129 226 0 0
88 128 226 0 0
89 128 225 0 0
90 129 225 0 0
91 128 225 0 0
92 129 225 0 0
93 130 225 0 0
94 129 225 0 0
95 130 225 0 0
96 129 225 0 0
97 130 225 0 0
98 129 225 0 0
99 130 225 0 0
100 129 225 0 0
101 129 224 0 0
102 130 224 0 0
103 129 224 0 0
104 130 224 0 0
105 129 224 0 0
106 130 224 0 0
107 129 224 0 0
108 130 224 0 0
109 129 224 0 0
110 130 224 0 0
111 129 224 0 0
112 130 224 0 0
113 129 224 0 0
114 129 223 0 0
115 130 223 0 0
116 129 223 0 0
117 130 223 0 0
118 129 223 0 0
119 130 223 0 0
120 129 223 0 0
121 130 223 0 0
122 129 223 0 0
123 130 223 0 0
124 129 223 0 0
125 130 223 0 0
126 129 223 0 0
127 129 222 0 0
128 130 222 0 0
129 129 222 0 0
130 130 222 0 0
131 129 222 0 0
132 130 222 0 0
133 129 222 0 0
134 130 222 0 0
135 129 222 0 0
136 130 222 0 0
137 129 222 0 0
138 130 222 0 0
139 129 222 0 0
140 129 221 0 0
141 130 221 0 0
142 129 221 0 0
143 130 221 0 0
144 129 221 0 0
145 130 221 0 0
146 129 221 0 0
147 130 221 0 0
148 129 221 0 0
149 130 221 0 0
150 129 221 0 0
151 130 221 0 0
152 129 221 0 0
153 129 220 0 0
154 130 220 0 0
155 129 220 0 0
156 130 220 0 0
157 129 220 0 0
158 130 220 0 0
159 129 220 0 0
160 130 220 0 0
161 129 220 0 0
162 130 220 0 0
163 129 220 0 0
164 130 220 0 0
165 129 220 0 0
166 129 219 0 0
167 130 219 0 0
168 129 219 0 0
169 130 219 0 0
170 129 219 0 0
171 130 219 0 0
172 129 219 0 0
173 130 219 0 0
174 129 219 0 0
175 130 219 0 0
176 129 219 0 0
177 130 219 0 0
178 129 219 0 0
179 129 218 0 0
180 130 218 0 0
181 129 218 0 0
182 130 218 0 0
183 129 218 0 0
184 130 218 0 0
185 129 218 0 0
186 130 218 0 0
187 129 218 0 0
188 130 218 0 0
189 129 218 0 0
190 130 218 0 0
191 129 218 0 0
192 129 217 0 0
193 130 217 0 0
194 129 217 0 0
195 130 217 0 0
196 129 217 0 0
197 130 217 0 0
198 129 217 0 0
199 130 217 0 0
200 129 217 0 0
201 130 217 0 0
202 129 217 0 0
203 130 217 0 0
204 129 217 0 0
205 129 216 0 0
206 130 216 0 0
207 129 216 0 0
208 130 216 0 0
209 129 216 0 0
210 130 216 0 0
211 129 216 0 0
212 130 216 0 0
213 129 216 0 0
214 130 216 0 0
215 129 216 0 0
216 130 216 0 0
217 129 216 0 0
218 129 215 0 0
219 130 215 0 0
220 129 215 0 0
221 130 215 0 0
222 129 215 0 0
223 130 215 0 0
224 129 215 0 0
225 130 215 0 0
226 129 215 0 0
227 130 215 0 0
228 129 215 0 0
229 130 215 0 0
230 129 215 0 0
231 129 214 0 0
232 130 214 0 0
233 129 214 0 0
234 130 214 0 0
235 129 214 0 0
236 130 214 0 0
237 129 214 0 0
238 130 214 0 0
239 129 214 0 0
240 130 214 0 0
241 129 214 0 0
242 130 214 0 0
243 129 214 0 0
244 129 213 0 0
245 130 213 0 0
246 129 213 0 0
247 130 213 0 0
248 129 213 0 0
249 130 213 0 0
250 129 213 0 0
251 130 213 0 0
252 129 213 0 0
253 130 213 0 0
254 129 213 0 0
255 130 213 0 0
256 129 213 0 0
257 129 212 0 0
258 130 212 0 0
259 129 212 0 0
260 130 212 0 0
261 129 212 0 0
262 130 212 0 0
263 129 212 0 0
264 130 212 0 0
265 129 212 0 0
266 130 212 0 0
267 129 212 0 0
268 130 212 0 0
269 129 212 0 0
270 129 211 0 0
271 130 211 0 0
272 129 211 0 0
273 130 211 0 0
274 129 211 0 0
275 130 211 0 0
276 129 211 0 0
277 130 211 0 0
278 129 211 0 0
279 130 211 0 0
280 130 210 0 0
281 131 210 0 0
282 130 210 0 0
283 129 210 0 0
284 130 210 0 0
285 129 210 0 0
286 130 210 0 0
287 129 210 0 0
288 130 210 0 0
289 129 210 0 0
290 130 210 0 0
291 129 210 0 0
292 130 210 0 0
293 129 210 0 0
294 129 209 0 0
295 130 209 0 0
296 129 209 0 0
297 130 209 0 0
298 129 209 0 0
299 130 209 0 0
300 129 209 0 0
301 130 209 0 0
302 129 209 0 0
303 130 209 0 0
304 129 209 0 0
305 130 209 0 0
306 129 209 0 0
307 129 208 0 0
308 130 208 0 0
309 129 208 0 0
310 130 208 0 0
311 129 208 0 0
312 130 208 0 0
313 129 208 0 0
314 130 208 0 0
315 129 208 0 0
316 130 208 0 0
317 129 208 0 0
318 130 208 0 0
319 129 208 0 0
320 130 208 0 0
321 129 208 0 0
322 129 207 0 0
323 130 207 0 0
324 129 207 0 0
325 130 207 0 0
326 129 207 0 0
327 130 207 0 0
328 129 207 0 0
329 130 207 0 0
330 129 207 0 0
331 130 207 0 0
332 129 207 0 0
333 130 207 0 0
334 129 207 0 0
335 129 206 0 0
336 130 206 0 0
337 129 206 0 0
338 130 206 0 0
339 129 206 0 0
340 130 206 0 0
341 129 206 0 0
342 130 206 0 0
343 129 206 0 0
344 130 206 0 0
345 129 206 0 0
346 130 206 0 0
347 129 206 0 0
348 130 206 0 0
349 129 206 0 0
350 129 205 0 0
351 128 205 0 0
352 129 205 0 0
353 128 205 0 0
354 129 205 0 0
355 128 205 0 0
356 129 205 0 0
357 128 205 0 0
358 129 205 0 0
359 128 205 0 0
360 129 205 0 0
361 128 205 0 0
362 128 204 0 0
363 129 204 0 0
364 128 204 0 0
365 129 204 0 0
366 128 204 0 0
367 129 204 0 0
368 128 204 0 0
369 129 204 0 0
370 128 204 0 0
371 129 204 0 0
372 128 204 0 0
373 129 204 0 0
374 128 204 0 0
375 129 204 0 0
376 128 204 0 0
377 128 203 0 0
378 129 203 0 0
379 128 203 0 0
380 129 203 0 0
381 128 203 0 0
382 129 203 0 0
383 128 203 0 0
384 129 203 0 0
385 128 203 0 0
386 129 203 0 0
387 128 203 0 0
388 129 203 0 0
389 128 203 0 0
390 129 203 0 0
391 128 203 0 0
392 129 203 0 0
393 128 203 0 0
394 129 203 0 0
395 128 203 0 0
396 128 202 0 0
397 129 202 0 0
398 128 202 0 0
399 129 202 0 0
400 128 202 0 0
401 129 202 0 0
402 128 202 0 0
403 129 202 0 0
404 128 202 0 0
405 127 202 0 0
406 128 202 0 0
407 127 202 0 0
408 127 201 0 0
409 128 201 0 0
410 127 201 0 0
411 128 201 0 0
412 127 201 0 0
413 128 201 0 0
414 127 201 0 0
415 128 201 0 0
416 127 201 0 0
417 127 200 0 0
418 128 200 0 0
419 127 200 0 0
420 128 200 0 0
421 127 200 0 0
422 128 200 0 0
423 127 200 0 0
424 128 200 0 0
425 127 200 0 0
426 128 200 0 0
427 127 200 0 0
428 128 200 0 0
429 127 200 0 0
430 128 200 0 0
431 127 200 0 0
432 128 200 0 0
433 127 200 0 0
434 128 200 0 0
435 127 200 0 0
436 127 199 0 0
437 128 199 0 0
438 127 199 0 0
439 128 199 0 0
440 127 199 0 0
441 128 199 0 0
442 127 199 0 0
443 128 199 0 0
444 127 199 0 0
445 127 198 0 0
446 128 198 0 0
447 127 198 0 0
448 128 198 0 0
449 127 198 0 0
450 128 198 0 0
451 127 198 0 0
452 128 198 0 0
453 127 198 0 0
454 128 198 0 0
455 127 198 0 0
456 128 198 0 0
457 127 198 0 0
458 128 198 0 0
459 127 198 0 0
460 127 197 0 0
461 128 197 0 0
462 127 197 0 0
463 128 197 0 0
464 127 197 0 0
465 128 197 0 0
466 127 197 0 0
467 128 197 0 0
468 127 197 0 0
469 128 197 0 0
470 127 197 0 0
471 128 197 0 0
472 127 197 0 0
473 127 196 0 0
474 128 196 0 0
475 127 196 0 0
476 128 196 0 0
477 127 196 0 0
478 126 196 0 0
479 127 196 0 0
480 126 196 0 0
481 127 196 0 0
482 126 196 0 0
483 127 196 0 0
484 126 196 0 0
485 127 196 0 0
486 126 196 0 0
487 127 196 0 0
488 126 196 0 0
489 127 196 0 0
490 126 196 0 0
491 126 195 0 0
492 127 195 0 0
493 126 195 0 0
494 127 195 0 0
495 126 195 0 0
496 127 195 0 0
497 126 195 0 0
498 127 195 0 0
499 126 195 0 0
500 127 195 0 0
501 126 195 0 0
502 127 195 0 0
503 126 195 0 0
504 126 194 0 0
505 127 194 0 0
506 126 194 0 0
507 127 194 0 0
508 126 194 0 0
509 127 194 0 0
510 126 194 0 0
511 127 194 0 0
512 126 194 0 0
513 127 194 0 0
514 126 194 0 0
515 127 194 0 0
516 126 194 0 0
517 126 193 0 0
518 127 193 0 0
519 126 193 0 0
520 127 193 0 0
521 126 193 0 0
522 127 193 0 0
523 126 193 0 0
524 127 193 0 0
525 126 193 0 0
526 127 193 0 0
527 126 193 0 0
528 127 193 0 0
529 126 193 0 0
530 125 193 0 0
531 125 192 0 0
532 126 192 0 0
533 125 192 0 0
534 126 192 0 0
535 125 192 0 0
536 126 192 0 0
537 125 192 0 0
538 126 192 0 0
539 125 192 0 0
540 126 192 0 0
541 125 192 0 0
542 126 192 0 0
543 125 192 0 0
544 125 191 0 0
545 126 191 0 0
546 125 191 0 0
547 126 191 0 0
548 125 191 0 0
549 126 191 0 0
550 125 191 0 0
551 126 191 0 0
552 125 191 0 0
553 126 191 0 0
554 125 191 0 0
555 125 190 0 0
556 126 190 0 0
557 125 190 0 0
558 126 190 0 0
559 125 190 0 0
560 126 190 0 0
561 125 190 0 0
562 126 190 0 0
563 125 190 0 0
564 126 190 0 0
565 125 190 0 0
566 126 190 0 0
567 125 190 0 0
568 126 190 0 0
569 125 190 0 0
570 126 190 0 0
571 125 190 0 0
572 125 189 0 0
573 126 189 0 0
574 125 189 0 0
575 126 189 0 0
576 125 189 0 0
577 126 189 0 0
578 125 189 0 0
579 126 189 0 0
580 125 189 0 0
581 126 189 0 0
582 125 189 0 0
583 126 189 0 0
584 125 189 0 0
585 125 188 0 0
586 126 188 0 0
587 125 188 0 0
588 126 188 0 0
589 125 188 0 0
590 126 188 0 0
591 125 188 0 0
592 126 188 0 0
593 125 188 0 0
594 126 188 0 0
595 125 188 0 0
596 126 188 0 0
597 125 188 0 0
598 126 188 0 0
599 125 188 0 0
600 125 187 0 0
601 126 187 0 0
602 125 187 0 0
603 124 187 0 0
604 125 187 0 0
605 124 187 0 0
606 125 187 0 0
607 124 187 0 0
608 125 187 0 0
609 124 187 0 0
610 125 187 0 0
611 124 187 0 0
612 124 186 0 0
613 125 186 0 0
614 124 186 0 0
615 125 186 0 0
616 124 186 0 0
617 125 186 0 0
618 124 186 0 0
619 125 186 0 0
620 124 186 0 0
621 125 186 0 0
622 124 186 0 0
623 125 186 0 0
624 124 186 0 0
625 125 186 0 0
626 124 186 0 0
627 124 185 0 0
628 125 185 0 0
629 124 185 0 0
630 125 185 0 0
631 124 185 0 0
632 125 185 0 0
633 124 185 0 0
634 125 185 0 0
635 124 185 0 0
636 125 185 0 0
637 124 185 0 0
638 125 185 0 0
639 124 185 0 0
640 124 184 0 0
641 125 184 0 0
642 124 184 0 0
643 125 184 0 0
644 124 184 0 0
645 125 184 0 0
646 124 184 0 0
647 125 184 0 0
648 124 184 0 0
649 125 184 0 0
650 124 184 0 0
651 125 184 0 0
652 124 184 0 0
653 124 183 0 0
654 125 183 0 0
655 124 183 0 0
656 125 183 0 0
657 124 183 0 0
658 125 183 0 0
659 124 183 0 0
660 125 183 0 0
661 124 183 0 0
662 125 183 0 0
663 124 183 0 0
664 123 183 0 0
665 124 183 0 0
666 123 183 0 0
667 123 182 0 0
668 124 182 0 0
669 123 182 0 0
670 124 182 0 0
671 123 182 0 0
672 124 182 0 0
673 123 182 0 0
674 124 182 0 0
675 123 182 0 0
676 124 182 0 0
677 123 182 0 0
678 124 182 0 0
679 123 182 0 0
680 123 181 0 0
681 124 181 0 0
682 123 181 0 0
683 124 181 0 0
684 123 181 0 0
685 124 181 0 0
686 123 181 0 0
687 124 181 0 0
688 123 181 0 0
689 124 181 0 0
690 123 181 0 0
691 124 181 0 0
692 123 181 0 0
693 124 181 0 0
694 123 181 0 0
695 123 180 0 0
696 124 180 0 0
697 123 180 0 0
698 124 180 0 0
699 123 180 0 0
700 124 180 0 0
701 123 180 0 0
702 124 180 0 0
703 123 180 0 0
704 124 180 0 0
705 123 180 0 0
706 124 180 0 0
707 123 180 0 0
708 123 179 0 0
709 124 179 0 0
710 123 179 0 0
711 124 179 0 0
712 123 179 0 0
713 124 179 0 0
714 123 179 0 0
715 124 179 0 0
716 123 179 0 0
717 124 179 0 0
718 123 179 0 0
719 124 179 0 0
720 123 179 0 0
721 123 178 0 0
722 124 178 0 0
723 123 178 0 0
724 124 178 0 0
725 123 178 0 0
726 124 178 0 0
727 123 178 0 0
728 122 178 0 0
729 123 178 0 0
730 122 178 0 0
731 123 178 0 0
732 122 178 0 0
733 123 178 0 0
734 122 178 0 0
735 122 177 0 0
736 123 177 0 0
737 122 177 0 0
738 123 177 0 0
739 122 177 0 0
740 123 177 0 0
741 122 177 0 0
742 123 177 0 0
743 122 177 0 0
744 123 177 0 0
745 122 177 0 0
746 123 177 0 0
747 122 177 0 0
748 122 176 0 0
749 123 176 0 0
750 122 176 0 0
751 123 176 0 0
752 122 176 0 0
753 123 176 0 0
754 122 176 0 0
755 123 176 0 0
756 122 176 0 0
757 123 176 0 0
758 122 176 0 0
759 123 176 0 0
760 122 176 0 0
761 123 176 0 0
762 122 176 0 0
763 122 175 0 0
764 123 175 0 0
765 122 175 0 0
766 123 175 0 0
767 122 175 0 0
768 123 175 0 0
769 122 175 0 0
770 123 175 0 0
771 122 175 0 0
772 123 175 0 0
773 122 175 0 0
774 123 175 0 0
775 122 175 0 0
776 122 174 0 0
777 123 174 0 0
778 122 174 0 0
779 123 174 0 0
780 122 174 0 0
781 123 174 0 0
782 122 174 0 0
783 123 174 0 0
784 122 174 0 0
785 123 174 0 0
786 122 174 0 0
787 123 174 0 0
788 122 174 0 0
789 122 173 0 0
790 123 173 0 0
791 122 173 0 0
792 123 173 0 0
793 122 173 0 0
794 123 173 0 0
795 122 173 0 0
796 123 173 0 0
797 122 173 0 0
798 123 173 0 0
799 122 173 0 0
800 121 173 0 0
801 122 173 0 0
802 121 173 0 0
803 121 172 0 0
804 122 172 0 0
805 121 172 0 0
806 122 172 0 0
807 121 172 0 0
808 122 172 0 0
809 121 172 0 0
810 122 172 0 0
811 121 172 0 0
812 122 172 0 0
813 121 172 0 0
814 122 172 0 0
815 121 172 0 0
816 121 171 0 0
817 122 171 0 0
818 121 171 0 0
819 122 171 0 0
820 121 171 0 0
821 122 171 0 0
822 121 171 0 0
823 122 171 0 0
824 121 171 0 0
825 122 171 0 0
826 121 171 0 0
827 122 171 0 0
828 121 171 0 0
829 122 171 0 0
830 121 171 0 0
831 121 170 0 0
832 122 170 0 0
833 121 170 0 0
834 122 170 0 0
835 121 170 0 0
836 122 170 0 0
837 121 170 0 0
838 122 170 0 0
839 121 170 0 0
840 122 170 0 0
841 121 170 0 0
842 122 170 0 0
843 121 170 0 0
844 121 169 0 0
845 122 169 0 0
846 121 169 0 0
847 122 169 0 0
848 121 169 0 0
849 122 169 0 0
850 121 169 0 0
851 122 169 0 0
852 121 169 0 0
853 122 169 0 0
854 121 169 0 0
855 120 169 0 0
856 120 168 0 0
857 121 168 0 0
858 120 168 0 0
859 121 168 0 0
860 120 168 0 0
861 121 168 0 0
862 120 168 0 0
863 121 168 0 0
864 120 168 0 0
865 121 168 0 0
866 120 168 0 0
867 121 168 0 0
868 120 168 0 0
869 121 168 0 0
870 120 168 0 0
871 120 167 0 0
872 121 167 0 0
873 120 167 0 0
874 121 167 0 0
875 120 167 0 0
876 121 167 0 0
877 120 167 0 0
878 121 167 0 0
879 120 167 0 0
880 121 167 0 0
881 120 167 0 0
882 121 167 0 0
883 120 167 0 0
884 120 166 0 0
885 121 166 0 0
886 120 166 0 0
887 121 166 0 0
888 120 166 0 0
889 121 166 0 0
890 120 166 0 0
891 121 166 0 0
892 120 166 0 0
893 121 166 0 0
894 120 166 0 0
895 121 166 0 0
896 120 166 0 0
897 121 166 0 0
898 120 166 0 0
899 120 165 0 0
900 121 165 0 0
901 120 165 0 0
902 121 165 0 0
903 120 165 0 0
904 121 165 0 0
905 120 165 0 0
906 121 165 0 0
907 120 165 0 0
908 121 165 0 0
909 120 165 0 0
910 121 165 0 0
911 120 165 0 0
912 120 164 0 0
913 121 164 0 0
914 120 164 0 0
915 121 164 0 0
916 120 164 0 0
917 121 164 0 0
918 120 164 0 0
919 121 164 0 0
920 120 164 0 0
921 121 164 0 0
922 120 164 0 0
923 121 164 0 0
924 120 164 0 0
925 120 163 0 0
926 119 163 0 0
927 120 163 0 0
928 119 163 0 0
929 120 163 0 0
930 119 163 0 0
931 120 163 0 0
932 119 163 0 0
933 120 163 0 0
934 119 163 0 0
935 120 163 0 0
936 119 163 0 0
937 120 163 0 0
938 119 163 0 0
939 119 162 0 0
940 120 162 0 0
941 119 162 0 0
942 120 162 0 0
943 119 162 0 0
944 120 162 0 0
945 119 162 0 0
946 120 162 0 0
947 119 162 0 0
948 120 162 0 0
949 119 162 0 0
950 120 162 0 0
951 119 162 0 0
952 119 161 0 0
953 120 161 0 0
954 119 161 0 0
955 120 161 0 0
956 119 161 0 0
957 120 161 0 0
958 119 161 0 0
959 120 161 0 0
960 119 161 0 0
961 120 161 0 0
962 119 161 0 0
963 120 161 0 0
964 119 161 0 0
965 120 161 0 0
966 119 161 0 0
967 118 161 0 0
968 119 161 0 0
969 118 161 0 0
970 119 161 0 0
971 118 161 0 0
972 119 161 0 0
973 118 161 0 0
974 118 160 0 0
975 119 160 0 0
976 118 160 0 0
977 119 160 0 0
978 118 160 0 0
979 119 160 0 0
980 118 160 0 0
981 119 160 0 0
982 118 160 0 0
983 119 160 0 0
984 118 160 0 0
985 119 160 0 0
986 118 160 0 0
987 119 160 0 0
988 118 160 0 0
989 119 160 0 0
990 118 160 0 0
991 117 160 0 0
992 118 160 0 0
993 117 160 0 0
994 118 160 0 0
995 117 160 0 0
996 118 160 0 0
997 117 160 0 0
998 118 160 0 0
999 117 160 0 0
1000 118 160 0 0
1001 117 160 0 0
1002 118 160 0 0
1003 117 160 0 0
1004 117 159 0 0
1005 118 159 0 0
1006 117 159 0 0
1007 118 159 0 0
1008 117 159 0 0
1009 116 159 0 0
1010 117 159 0 0
1011 116 159 0 0
1012 117 159 0 0
1013 116 159 0 0
1014 117 159 0 0
1015 116 159 0 0
1016 117 159 0 0
1017 116 159 0 0
1018 117 159 0 0
1019 116 159 0 0
1020 117 159 0 0
1021 116 159 0 0
1022 117 159 0 0
1023 116 159 0 0
1024 115 159 0 0
1025 116 159 0 0
1026 115 159 0 0
1027 116 159 0 0
1028 115 159 0 0
1029 116 159 0 0
1030 115 159 0 0
1031 116 159 0 0
1032 115 159 0 0
1033 116 159 0 0
1034 115 159 0 0
1035 114 159 0 0
1036 115 159 0 0
1037 114 159 0 0
1038 115 159 0 0
1039 114 159 0 0
1040 115 159 0 0
1041 114 159 0 0
1042 113 159 0 0
1043 114 159 0 0
1044 113 159 0 0
1045 114 159 0 0
1046 113 159 0 0
1047 114 159 0 0
1048 113 159 0 0
1049 114 159 0 0
1050 113 159 0 0
1051 112 159 0 0
1052 113 159 0 0
1053 112 159 0 0
1054 113 159 0 0
1055 112 159 0 0
1056 113 159 0 0
1057 112 159 0 0
1058 113 159 0 0
1059 112 159 0 0
1060 113 159 0 0
1061 112 159 0 0
1062 111 159 0 0
1063 112 159 0 0
1064 111 159 0 0
1065 112 159 0 0
1066 111 159 0 0
1067 112 159 0 0
1068 111 159 0 0
1069 112 159 0 0
1070 111 159 0 0
1071 112 159 0 0
1072 111 159 0 0
1073 110 159 0 0
1074 111 159 0 0
1075 110 159 0 0
1076 111 159 0 0
1077 110 159 0 0
1078 111 159 0 0
1079 110 159 0 0
1080 111 159 0 0
1081 110 159 0 0
1082 111 159 0 0
1083 110 159 0 0
1084 109 159 0 0
1085 109 158 0 0
1086 110 158 0 0
1087 109 158 0 0
1088 110 158 0 0
1089 109 158 0 0
1090 110 158 0 0
1091 109 158 0 0
1092 110 158 0 0
1093 109 158 0 0
1094 108 158 0 0
1095 109 158 0 0
1096 108 158 0 0
1097 109 158 0 0
1098 108 158 0 0
1099 109 158 0 0
1100 108 158 0 0
1101 109 158 0 0
1102 108 158 0 0
1103 109 158 0 0
1104 108 158 0 0
1105 107 158 0 0
1106 108 158 0 0
1107 107 158 0 0
1108 108 158 0 0
1109 107 158 0 0
1110 108 158 0 0
1111 107 158 0 0
1112 108 158 0 0
1113 107 158 0 0
1114 108 158 0 0
1115 107 158 0 0
1116 106 158 0 0
1117 107 158 0 0
1118 106 158 0 0
1119 107 158 0 0
1120 106 158 0 0
1121 107 158 0 0
1122 106 158 0 0
1123 107 158 0 0
1124 106 158 0 0
1125 105 158 0 0
1126 106 158 0 0
1127 105 158 0 0
1128 106 158 0 0
1129 105 158 0 0
1130 106 158 0 0
1131 105 158 0 0
1132 106 158 0 0
1133 105 158 0 0
1134 106 158 0 0
1135 105 158 0 0
1136 105 157 0 0
1137 106 157 0 0
1138 105 157 0 0
1139 104 157 0 0
1140 105 157 0 0
1141 104 157 0 0
1142 105 157 0 0
1143 104 157 0 0
1144 105 157 0 0
1145 104 157 0 0
1146 105 157 0 0
1147 104 157 0 0
1148 105 157 0 0
1149 104 157 0 0
1150 103 157 0 0
1151 104 157 0 0
1152 103 157 0 0
1153 104 157 0 0
1154 103 157 0 0
1155 104 157 0 0
1156 103 157 0 0
1157 104 157 0 0
1158 103 157 0 0
1159 102 157 0 0
1160 103 157 0 0
1161 102 157 0 0
1162 103 157 0 0
1163 102 157 0 0
1164 103 157 0 0
1165 102 157 0 0
1166 103 157 0 0
1167 102 157 0 0
1168 103 157 0 0
1169 102 157 0 0
1170 103 157 0 0
1171 102 157 0 0
1172 101 157 0 0
1173 102 157 0 0
1174 101 157 0 0
1175 102 157 0 0
1176 101 157 0 0
1177 102 157 0 0
1178 101 157 0 0
1179 102 157 0 0
1180 101 157 0 0
1181 100 157 0 0
1182 101 157 0 0
1183 100 157 0 0
1184 101 157 0 0
1185 100 157 0 0
1186 100 156 0 0
1187 101 156 0 0
1188 100 156 0 0
1189 101 156 0 0
1190 100 156 0 0
1191 101 156 0 0
1192 100 156 0 0
1193 101 156 0 0
1194 100 156 0 0
1195 99 156 0 0
1196 100 156 0 0
1197 99 156 0 0
1198 100 156 0 0
1199 99 156 0 0
1200 100 156 0 0
1201 99 156 0 0
1202 100 156 0 0
1203 99 156 0 0
1204 98 156 0 0
1205 99 156 0 0
1206 98 156 0 0
1207 99 156 0 0
1208 98 156 0 0
1209 98 155 0 0
1210 99 155 0 0
1211 98 155 0 0
1212 99 155 0 0
1213 98 155 0 0
1214 99 155 0 0
1215 98 155 0 0
1216 99 155 0 0
1217 98 155 0 0
1218 99 155 0 0
1219 98 155 0 0
1220 97 155 0 0
1221 98 155 0 0
1222 97 155 0 0
1223 98 155 0 0
1224 97 155 0 0
1225 98 155 0 0
1226 97 155 0 0
1227 98 155 0 0
1228 97 155 0 0
1229 98 155 0 0
1230 97 155 0 0
1231 98 155 0 0
1232 97 155 0 0
1233 97 154 0 0
1234 96 154 0 0
1235 97 154 0 0
1236 96 154 0 0
1237 97 154 0 0
1238 96 154 0 0
1239 97 154 0 0
1240 96 154 0 0
1241 97 154 0 0
1242 96 154 0 0
1243 95 154 0 0
1244 96 154 0 0
1245 95 154 0 0
1246 96 154 0 0
1247 95 154 0 0
1248 96 154 0 0
1249 95 154 0 0
1250 96 154 0 0
1251 95 154 0 0
1252 96 154 0 0
1253 95 154 0 0
1254 95 153 0 0
1255 96 153 0 0
1256 95 153 0 0
1257 94 153 0 0
1258 95 153 0 0
1259 94 153 0 0
1260 95 153 0 0
1261 94 153 0 0
1262 95 153 0 0
1263 94 153 0 0
1264 95 153 0 0
1265 94 153 0 0
1266 93 153 0 0
1267 94 153 0 0
1268 93 153 0 0
1269 94 153 0 0
1270 93 153 0 0
1271 94 153 0 0
1272 93 153 0 0
1273 94 153 0 0
1274 93 153 0 0
1275 94 153 0 0
1276 93 153 0 0
1277 93 152 0 0
1278 94 152 0 0
1279 93 152 0 0
1280 94 152 0 0
1281 93 152 0 0
1282 92 152 0 0
1283 93 152 0 0
1284 92 152 0 0
1285 93 152 0 0
1286 92 152 0 0
1287 93 152 0 0
1288 92 152 0 0
1289 93 152 0 0
1290 92 152 0 0
1291 93 152 0 0
1292 92 152 0 0
1293 93 152 0 0
1294 92 152 0 0
1295 91 152 0 0
1296 92 152 0 0
1297 91 152 0 0
1298 92 152 0 0
1299 91 152 0 0
1300 91 151 0 0
1301 92 151 0 0
1302 91 151 0 0
1303 92 151 0 0
1304 91 151 0 0
1305 90 151 0 0
1306 91 151 0 0
1307 90 151 0 0
1308 91 151 0 0
1309 90 151 0 0
1310 91 151 0 0
1311 90 151 0 0
1312 91 151 0 0
1313 90 151 0 0
1314 91 151 0 0
1315 90 151 0 0
1316 91 151 0 0
1317 90 151 0 0
1318 91 151 0 0
1319 90 151 0 0
1320 90 150 0 0
1321 89 150 0 0
1322 90 150 0 0
1323 89 150 0 0
1324 90 150 0 0
1325 89 150 0 0
1326 90 150 0 0
1327 89 150 0 0
1328 90 150 0 0
1329 89 150 0 0
1330 90 150 0 0
1331 89 150 0 0
1332 88 150 0 0
1333 89 150 0 0
1334 88 150 0 0
1335 89 150 0 0
1336 88 150 0 0
1337 89 150 0 0
1338 88 150 0 0
1339 88 149 0 0
1340 89 149 0 0
1341 88 149 0 0
1342 89 149 0 0
1343 88 149 0 0
1344 89 149 0 0
1345 88 149 0 0
1346 89 149 0 0
1347 88 149 0 0
1348 87 149 0 0
1349 88 149 0 0
1350 87 149 0 0
1351 88 149 0 0
1352 87 149 0 0
1353 88 149 0 0
1354 87 149 0 0
1355 88 149 0 0
1356 87 149 0 0
1357 87 148 0 0
1358 88 148 0 0
1359 87 148 0 0
1360 86 148 0 0
1361 87 148 0 0
1362 86 148 0 0
1363 87 148 0 0
1364 86 148 0 0
1365 87 148 0 0
1366 86 148 0 0
1367 87 148 0 0
1368 86 148 0 0
1369 87 148 0 0
1370 86 148 0 0
1371 87 148 0 0
1372 86 148 0 0
1373 87 148 0 0
1374 86 148 0 0
1375 85 148 0 0
1376 85 147 0 0
1377 86 147 0 0
1378 85 147 0 0
1379 86 147 0 0
1380 85 147 0 0
1381 86 147 0 0
1382 85 147 0 0
1383 86 147 0 0
1384 85 147 0 0
1385 86 147 0 0
1386 85 147 0 0
1387 86 147 0 0
1388 85 147 0 0
1389 86 147 0 0
1390 85 147 0 0
1391 84 147 0 0
1392 85 147 0 0
1393 84 147 0 0
1394 84 146 0 0
1395 85 146 0 0
1396 84 146 0 0
1397 85 146 0 0
1398 84 146 0 0
1399 85 146 0 0
1400 84 146 0 0
1401 85 146 0 0
1402 84 146 0 0
1403 83 146 0 0
1404 84 146 0 0
1405 83 146 0 0
1406 84 146 0 0
1407 83 146 0 0
1408 84 146 0 0
1409 83 146 0 0
1410 84 146 0 0
1411 83 146 0 0
1412 84 146 0 0
1413 83 146 0 0
1414 83 145 0 0
1415 84 145 0 0
1416 83 145 0 0
1417 84 145 0 0
1418 83 145 0 0
1419 82 145 0 0
1420 83 145 0 0
1421 82 145 0 0
1422 83 145 0 0
1423 82 145 0 0
1424 83 145 0 0
1425 82 145 0 0
1426 83 145 0 0
1427 82 145 0 0
1428 83 145 0 0
1429 82 145 0 0
1430 83 145 0 0
1431 82 145 0 0
1432 82 144 0 0
1433 83 144 0 0
1434 82 144 0 0
1435 81 144 0 0
1436 82 144 0 0
1437 81 144 0 0
1438 82 144 0 0
1439 81 144 0 0
1440 82 144 0 0
1441 81 144 0 0
1442 82 144 0 0
1443 81 144 0 0
1444 80 144 0 0
1445 81 144 0 0
1446 80 144 0 0
1447 81 144 0 0
1448 80 144 0 0
1449 81 144 0 0
1450 80 144 0 0
1451 81 144 0 0
1452 80 144 0 0
1453 81 144 0 0
1454 80 144 0 0
1455 81 144 0 0
1456 80 144 0 0
1457 79 144 0 0
1458 80 144 0 0
1459 79 144 0 0
1460 80 144 0 0
1461 79 144 0 0
1462 80 144 0 0
1463 79 144 0 0
1464 80 144 0 0
1465 79 144 0 0
1466 78 144 0 0
1467 79 144 0 0
1468 78 144 0 0
1469 79 144 0 0
1470 78 144 0 0
1471 79 144 0 0
1472 78 144 0 0
1473 79 144 0 0
1474 78 144 0 0
1475 79 144 0 0
1476 78 144 0 0
1477 79 144 0 0
1478 78 144 0 0
1479 78 143 0 0
1480 77 143 0 0
1481 78 143 0 0
1482 77 143 0 0
1483 78 143 0 0
1484 77 143 0 0
1485 78 143 0 0
1486 77 143 0 0
1487 78 143 0 0
1488 77 143 0 0
1489 78 143 0 0
1490 77 143 0 0
1491 78 143 0 0
1492 77 143 0 0
1493 76 143 0 0
1494 77 143 0 0
1495 76 143 0 0
1496 77 143 0 0
1497 76 143 0 0
1498 77 143 0 0
1499 76 143 0 0
1500 77 143 0 0
1501 76 143 0 0
1502 77 143 0 0
1503 76 143 0 0
1504 75 143 0 0
1505 76 143 0 0
1506 75 143 0 0
1507 76 143 0 0
1508 75 143 0 0
1509 76 143 0 0
1510 75 143 0 0
1511 76 143 0 0
1512 75 143 0 0
1513 76 143 0 0
1514 75 143 0 0
1515 75 142 0 0
1516 76 142 0 0
1517 75 142 0 0
1518 74 142 0 0
1519 75 142 0 0
1520 74 142 0 0
1521 75 142 0 0
1522 74 142 0 0
1523 75 142 0 0
1524 74 142 0 0
1525 75 142 0 0
1526 74 142 0 0
1527 75 142 0 0
1528 74 142 0 0
1529 75 142 0 0
1530 74 142 0 0
1531 73 142 0 0
1532 74 142 0 0
1533 73 142 0 0
1534 73 141 0 0
1535 74 141 0 0
1536 73 141 0 0
1537 74 141 0 0
1538 73 141 0 0
1539 74 141 0 0
1540 73 141 0 0
1541 74 141 0 0
1542 73 141 0 0
1543 74 141 0 0
1544 73 141 0 0
1545 72 141 0 0
1546 72 140 0 0
1547 73 140 0 0
1548 72 140 0 0
1549 73 140 0 0
1550 72 140 0 0
1551 73 140 0 0
1552 72 140 0 0
1553 73 140 0 0
1554 72 140 0 0
1555 73 140 0 0
1556 72 140 0 0
1557 73 140 0 0
1558 72 140 0 0
1559 73 140 0 0
1560 72 140 0 0
1561 72 139 0 0
1562 71 139 0 0
1563 72 139 0 0
1564 71 139 0 0
1565 72 139 0 0
1566 71 139 0 0
1567 72 139 0 0
1568 71 139 0 0
1569 72 139 0 0
1570 71 139 0 0
1571 72 139 0 0
1572 71 139 0 0
1573 72 139 0 0
1574 71 139 0 0
1575 70 139 0 0
1576 71 139 0 0
1577 70 139 0 0
1578 70 138 0 0
1579 71 138 0 0
1580 70 138 0 0
1581 71 138 0 0
1582 70 138 0 0
1583 71 138 0 0
1584 70 138 0 0
1585 71 138 0 0
1586 70 138 0 0
1587 71 138 0 0
1588 70 138 0 0
1589 69 138 0 0
1590 70 138 0 0
1591 69 138 0 0
1592 70 138 0 0
1593 69 138 0 0
1594 70 138 0 0
1595 69 138 0 0
1596 70 138 0 0
1597 69 138 0 0
1598 68 138 0 0
1599 69 138 0 0
1600 68 138 0 0
1601 69 138 0 0
1602 68 138 0 0
1603 69 138 0 0
1604 68 138 0 0
1605 69 138 0 0
1606 68 138 0 0
1607 68 137 0 0
1608 69 137 0 0
1609 68 137 0 0
1610 69 137 0 0
1611 68 137 0 0
1612 67 137 0 0
1613 68 137 0 0
1614 67 137 0 0
1615 68 137 0 0
1616 67 137 0 0
1617 68 137 0 0
1618 67 137 0 0
1619 68 137 0 0
1620 67 137 0 0
1621 66 137 0 0
1622 67 137 0 0
1623 66 137 0 0
1624 67 137 0 0
1625 66 137 0 0
1626 67 137 0 0
1627 66 137 0 0
1628 67 137 0 0
1629 66 137 0 0
1630 67 137 0 0
1631 66 137 0 0
1632 67 137 0 0
1633 66 137 0 0
1634 65 137 0 0
1635 66 137 0 0
1636 65 137 0 0
1637 66 137 0 0
1638 65 137 0 0
1639 66 137 0 0
1640 65 137 0 0
1641 66 137 0 0
1642 65 137 0 0
1643 66 137 0 0
1644 65 137 0 0
1645 64 137 0 0
1646 65 137 0 0
1647 64 137 0 0
1648 65 137 0 0
1649 64 137 0 0
1650 65 137 0 0
1651 64 137 0 0
1652 64 136 0 0
1653 65 136 0 0
1654 64 136 0 0
1655 63 136 0 0
1656 64 136 0 0
1657 63 136 0 0
1658 64 136 0 0
1659 63 136 0 0
1660 64 136 0 0
1661 63 136 0 0
1662 64 136 0 0
1663 63 136 0 0
1664 64 136 0 0
1665 63 136 0 0
1666 64 136 0 0
1667 63 136 0 0
1668 62 136 0 0
1669 63 136 0 0
1670 62 136 0 0
1671 63 136 0 0
1672 62 136 0 0
1673 63 136 0 0
1674 62 136 0 0
1675 63 136 0 0
1676 62 136 0 0
1677 63 136 0 0
1678 62 136 0 0
1679 63 136 0 0
1680 62 136 0 0
1681 61 136 0 0
1682 62 136 0 0
1683 61 136 0 0
1684 62 136 0 0
1685 61 136 0 0
1686 62 136 0 0
1687 61 136 0 0
1688 62 136 0 0
1689 61 136 0 0
1690 60 136 0 0
1691 61 136 0 0
1692 60 136 0 0
1693 61 136 0 0
1694 60 136 0 0
1695 61 136 0 0
1696 60 136 0 0
1697 61 136 0 0
1698 60 136 0 0
1699 61 136 0 0
1700 60 136 0 0
1701 61 136 0 0
1702 60 136 0 0
1703 59 136 0 0
1704 60 136 0 0
1705 59 136 0 0
1706 60 136 0 0
1707 59 136 0 0
1708 60 136 0 0
1709 59 136 0 0
1710 60 136 0 0
1711 59 136 0 0
1712 58 136 0 0
1713 59 136 0 0
1714 58 136 0 0
1715 59 136 0 0
1716 58 136 0 0
1717 59 136 0 0
1718 58 136 0 0
1719 59 136 0 0
1720 58 136 0 0
1721 59 136 0 0
1722 58 136 0 0
1723 59 136 0 0
1724 58 136 0 0
1725 57 136 0 0
1726 58 136 0 0
1727 57 136 0 0
1728 58 136 0 0
1729 57 136 0 0
1730 58 136 0 0
1731 57 136 0 0
1732 58 136 0 0
1733 57 136 0 0
1734 58 136 0 0
1735 57 136 0 0
1736 56 136 0 0
1737 57 136 0 0
1738 56 136 0 0
1739 57 136 0 0
1740 56 136 0 0
1741 57 136 0 0
1742 56 136 0 0
1743 57 136 0 0
1744 56 136 0 0
1745 57 136 0 0
1746 56 136 0 0
1747 55 136 0 0
1748 56 136 0 0
1749 55 136 0 0
1750 56 136 0 0
1751 55 136 0 0
1752 56 136 0 0
1753 55 136 0 0
1754 56 136 0 0
1755 55 136 0 0
1756 56 136 0 0
1757 55 136 0 0
1758 54 136 0 0
1759 55 136 0 0
1760 54 136 0 0
1761 55 136 0 0
1762 54 136 0 0
1763 55 136 0 0
1764 54 136 0 0
1765 55 136 0 0
1766 54 136 0 0
1767 53 136 0 0
1768 54 136 0 0
1769 53 136 0 0
1770 54 136 0 0
1771 53 136 0 0
1772 54 136 0 0
1773 53 136 0 0
1774 54 136 0 0
1775 53 136 0 0
1776 54 136 0 0
1777 53 136 0 0
1778 54 136 0 0
1779 53 136 0 0
1780 52 136 0 0
1781 53 136 0 0
1782 52 136 0 0
1783 53 136 0 0
1784 52 136 0 0
1785 53 136 0 0
1786 52 136 0 0
1787 53 136 0 0
1788 52 136 0 0
1789 53 136 0 0
1790 52 136 0 0
1791 53 136 0 0
1792 52 136 0 0
1793 51 136 0 0
1794 52 136 0 0
1795 51 136 0 0
1796 52 136 0 0
1797 51 136 0 0
1798 52 136 0 0
1799 51 136 0 0
1800 52 136 0 0
1801 51 136 0 0
1802 50 136 0 0
1803 51 136 0 0
1804 50 136 0 0
1805 51 136 0 0
1806 50 136 0 0
1807 51 136 0 0
1808 50 136 0 0
1809 51 136 0 0
1810 50 136 0 0
1811 51 136 0 0
1812 50 136 0 0
1813 51 136 0 0
1814 50 136 0 0
1815 49 136 0 0
1816 50 136 0 0
1817 49 136 0 0
1818 50 136 0 0
1819 49 136 0 0
1820 50 136 0 0
1821 49 136 0 0
1822 50 136 0 0
1823 49 136 0 0
1824 48 136 0 0
1825 49 136 0 0
1826 48 136 0 0
1827 49 136 0 0
1828 48 136 0 0
1829 49 136 0 0
1830 48 136 0 0
1831 49 136 0 0
1832 48 136 0 0
1833 49 136 0 0
1834 48 136 0 0
1835 49 136 0 0
1836 48 136 0 0
1837 47 136 0 0
1838 48 136 0 0
1839 47 136 0 0
1840 48 136 0 0
1841 47 136 0 0
1842 48 136 0 0
1843 47 136 0 0
1844 48 136 0 0
1845 47 136 0 0
1846 46 136 0 0
1847 47 136 0 0
1848 46 136 0 0
1849 47 136 0 0
1850 46 136 0 0
1851 47 136 0 0
1852 46 136 0 0
1853 47 136 0 0
1854 46 136 0 0
1855 47 136 0 0
1856 46 136 0 0
1857 47 136 0 0
1858 46 136 0 0
1859 45 136 0 0
1860 46 136 0 0
1861 45 136 0 0
1862 46 136 0 0
1863 45 136 0 0
1864 46 136 0 0
1865 45 136 0 0
1866 46 136 0 0
1867 45 136 0 0
1868 46 136 0 0
1869 45 136 0 0
1870 44 136 0 0
1871 45 136 0 0
1872 44 136 0 0
1873 45 136 0 0
1874 44 136 0 0
1875 45 136 0 0
1876 44 136 0 0
1877 44 135 0 0
1878 45 135 0 0
1879 44 135 0 0
1880 43 135 0 0
1881 44 135 0 0
1882 43 135 0 0
1883 44 135 0 0
1884 43 135 0 0
1885 44 135 0 0
1886 43 135 0 0
1887 44 135 0 0
1888 43 135 0 0
1889 44 135 0 0
1890 43 135 0 0
1891 44 135 0 0
1892 43 135 0 0
1893 42 135 0 0
1894 43 135 0 0
1895 42 135 0 0
1896 43 135 0 0
1897 42 135 0 0
1898 43 135 0 0
1899 42 135 0 0
1900 43 135 0 0
1901 42 135 0 0
1902 43 135 0 0
1903 42 135 0 0
1904 43 135 0 0
1905 42 135 0 0
1906 41 135 0 0
1907 42 135 0 0
1908 41 135 0 0
1909 42 135 0 0
1910 41 135 0 0
1911 42 135 0 0
1912 41 135 0 0
1913 40 135 0 0
1914 41 135 0 0
1915 40 135 0 0
1916 41 135 0 0
1917 40 135 0 0
1918 41 135 0 0
1919 40 135 0 0
1920 41 135 0 0
1921 40 135 0 0
1922 41 135 0 0
1923 40 135 0 0
1924 39 135 0 0
1925 40 135 0 0
1926 39 135 0 0
1927 40 135 0 0
1928 39 135 0 0
1929 40 135 0 0
1930 39 135 0 0
1931 38 135 0 0
1932 39 135 0 0
1933 38 135 0 0
1934 39 135 0 0
1935 38 135 0 0
1936 39 135 0 0
1937 38 135 0 0
1938 39 135 0 0
1939 38 135 0 0
1940 37 135 0 0
1941 38 135 0 0
1942 37 135 0 0
1943 38 135 0 0
1944 37 135 0 0
1945 38 135 0 0
1946 37 135 0 0
1947 38 135 0 0
1948 37 135 0 0
1949 38 135 0 0
1950 37 135 0 0
1951 36 135 0 0
1952 37 135 0 0
1953 36 135 0 0
1954 37 135 0 0
1955 36 135 0 0
1956 37 135 0 0
1957 36 135 0 0
1958 37 135 0 0
1959 36 135 0 0
1960 37 135 0 0
1961 36 135 0 0
1962 35 135 0 0
1963 36 135 0 0
1964 35 135 0 0
1965 36 135 0 0
1966 35 135 0 0
1967 36 135 0 0
1968 35 135 0 0
1969 36 135 0 0
1970 35 135 0 0
1971 36 135 0 0
1972 35 135 0 0
1973 36 135 0 0
1974 35 135 0 0
1975 34 135 0 0
1976 35 135 0 0
1977 34 135 0 0
1978 35 135 0 0
1979 34 135 0 0
1980 35 135 0 0
1981 34 135 0 0
1982 35 135 0 0
1983 34 135 0 0
1984 33 135 0 0
1985 34 135 0 0
1986 33 135 0 0
1987 34 135 0 0
1988 33 135 0 0
1989 34 135 0 0
1990 33 135 0 0
1991 34 135 0 0
1992 33 135 0 0
1993 34 135 0 0
1994 33 135 0 0
1995 34 135 0 0
1996 33 135 0 0
1997 34 135 0 0
1998 33 135 0 0
1999 32 135 0 0
2000 33 135 0 0
2001 32 135 0 0
2002 33 135 0 0
2003 32 135 0 0
2004 33 135 0 0
2005 32 135 0 0
2006 33 135 0 0
2007 32 135 0 0
2008 31 135 0 0
2009 32 135 0 0
2010 31 135 0 0
2011 32 135 0 0
2012 31 135 0 0
2013 32 135 0 0
2014 31 135 0 0
2015 32 135 0 0
2016 31 135 0 0
2017 30 135 0 0
2018 30 134 0 0
2019 31 134 0 0
2020 30 134 0 0
2021 31 134 0 0
2022 30 134 0 0
2023 31 134 0 0
2024 30 134 0 0
2025 31 134 0 0
2026 30 134 0 0
2027 31 134 0 0
2028 30 134 0 0
2029 29 134 0 0
2030 30 134 0 0
2031 29 134 0 0
2032 30 134 0 0
2033 29 134 0 0
2034 30 134 0 0
2035 29 134 0 0
2036 30 134 0 0
2037 29 134 0 0
2038 28 134 0 0
2039 29 134 0 0
2040 28 134 0 0
2041 29 134 0 0
2042 28 134 0 0
2043 29 134 0 0
2044 28 134 0 0
2045 29 134 0 0
2046 28 134 0 0
2047 27 134 0 0
2048 28 134 0 0
2049 27 134 0 0
2050 28 134 0 0
2051 27 134 0 0
2052 28 134 0 0
2053 27 134 0 0
2054 28 134 0 0
2055 27 134 0 0
2056 28 134 0 0
2057 27 134 0 0
2058 26 134 0 0
2059 27 134 0 0
2060 26 134 0 0
2061 27 134 0 0
2062 26 134 0 0
2063 26 133 0 0
2064 27 133 0 0
2065 26 133 0 0
2066 27 133 0 0
2067 26 133 0 0
2068 25 133 0 0
2069 26 133 0 0
2070 25 133 0 0
2071 26 133 0 0
2072 25 133 0 0
2073 26 133 0 0
2074 25 133 0 0
2075 26 133 0 0
2076 25 133 0 0
2077 26 133 0 0
2078 25 133 0 0
2079 24 133 0 0
2080 25 133 0 0
2081 24 133 0 0
2082 25 133 0 0
2083 24 133 0 0
2084 25 133 0 0
2085 24 133 0 0
2086 25 133 0 0
2087 24 133 0 0
2088 23 133 0 0
2089 24 133 0 0
2090 23 133 0 0
2091 24 133 0 0
2092 23 133 0 0
2093 24 133 0 0
2094 23 133 0 0
2095 24 133 0 0
2096 23 133 0 0
2097 24 133 0 0
2098 23 133 0 0
2099 22 133 0 0
2100 23 133 0 0
2101 22 133 0 0
2102 23 133 0 0
2103 22 133 0 0
2104 23 133 0 0
2105 22 133 0 0
2106 23 133 0 0
2107 22 133 0 0
2108 23 133 0 0
2109 22 133 0 0
2110 23 133 0 0
2111 22 133 0 0
2112 21 133 0 0
2113 22 133 0 0
2114 21 133 0 0
2115 22 133 0 0
2116 21 133 0 0
2117 22 133 0 0
2118 21 133 0 0
2119 22 133 0 0
2120 21 133 0 0
2121 20 133 0 0
2122 21 133 0 0
2123 20 133 0 0
2124 21 133 0 0
2125 20 133 0 0
2126 21 133 0 0
2127 20 133 0 0
2128 21 133 0 0
2129 20 133 0 0
2130 21 133 0 0
2131 20 133 0 0
2132 19 133 0 0
2133 20 133 0 0
2134 19 133 0 0
2135 20 133 0 0
2136 19 133 0 0
2137 20 133 0 0
2138 19 133 0 0
2139 20 133 0 0
2140 19 133 0 0
2141 18 133 0 0
2142 19 133 0 0
2143 18 133 0 0
2144 19 133 0 0
2145 18 133 0 0
2146 19 133 0 0
2147 18 133 0 0
2148 19 133 0 0
2149 18 133 0 0
2150 19 133 0 0
2151 18 133 0 0
2152 19 133 0 0
2153 18 133 0 0
2154 17 133 0 0
2155 18 133 0 0
2156 17 133 0 0
2157 18 133 0 0
2158 17 133 0 0
2159 18 133 0 0
2160 17 133 0 0
2161 18 133 0 0
2162 17 133 0 0
2163 18 133 0 0
2164 17 133 0 0
2165 16 133 0 0
2166 17 133 0 0
2167 16 133 0 0
2168 17 133 0 0
2169 16 133 0 0
2170 17 133 0 0
2171 16 133 0 0
2172 17 133 0 0
2173 16 133 0 0
2174 15 133 0 0
2175 16 133 0 0
2176 15 133 0 0
2177 16 133 0 0
2178 15 133 0 0
2179 16 133 0 0
2180 15 133 0 0
2181 16 133 0 0
2182 15 133 0 0
2183 16 133 0 0
2184 15 133 0 0
2185 16 133 0 0
2186 15 133 0 0
2187 14 133 0 0
2188 15 133 0 0
2189 14 133 0 0
2190 15 133 0 0
2191 14 133 0 0
2192 15 133 0 0
2193 14 133 0 0
2194 15 133 0 0
2195 14 133 0 0
2196 13 133 0 0
2197 14 133 0 0
2198 13 133 0 0
2199 14 133 0 0
2200 13 133 0 0
2201 14 133 0 0
2202 13 133 0 0
2203 14 133 0 0
2204 13 133 0 0
2205 14 133 0 0
2206 13 133 0 0
2207 14 133 0 0
2208 13 133 0 0
2209 12 133 0 0
2210 13 133 0 0
2211 12 133 0 0
2212 13 133 0 0
2213 12 133 0 0
2214 13 133 0 0
2215 12 133 0 0
2216 13 133 0 0
2217 12 133 0 0
2218 13 133 0 0
2219 12 133 0 0
2220 13 133 0 0
2221 12 133 0 0
2222 11 133 0 0
2223 12 133 0 0
2224 11 133 0 0
2225 12 133 0 0
2226 11 133 0 0
2227 12 133 0 0
2228 11 133 0 0
2229 12 133 0 0
2230 11 133 0 0
2231 10 133 0 0
2232 11 133 0 0
2233 10 133 0 0
2234 11 133 0 0
2235 10 133 0 0
2236 11 133 0 0
2237 10 133 0 0
2238 11 133 0 0
2239 10 133 0 0
2240 11 133 0 0
2241 10 133 0 0
2242 11 133 0 0
2243 10 133 0 0
2244 9 133 0 0
2245 10 133 0 0
2246 9 133 0 0
2247 10 133 0 0
2248 9 133 0 0
2249 10 133 0 0
2250 9 133 0 0
2251 10 133 0 0
2252 9 133 0 0
2253 8 133 0 0
2254 9 133 0 0
2255 8 133 0 0
2256 9 133 0 0
2257 8 133 0 0
2258 8 132 0 0
2259 9 132 0 0
2260 8 132 0 0
2261 9 132 0 0
2262 8 132 0 0
2263 9 132 0 0
2264 8 132 0 0
2265 9 132 0 0
2266 8 132 0 0
2267 7 132 0 0
2268 8 132 0 0
2269 7 132 0 0
2270 8 132 0 0
2271 7 132 0 0
2272 8 132 0 0
2273 7 132 0 0
2274 8 132 0 0
2275 7 132 0 0
2276 8 132 0 0
2277 7 132 0 0
2278 6 132 0 0
2279 7 132 0 0
2280 6 132 0 0
2281 7 132 0 0
2282 6 132 0 0
2283 7 132 0 0
2284 6 132 0 0
2285 5 132 0 0
2286 6 132 0 0
2287 5 132 0 0
2288 6 132 0 0
2289 5 132 0 0
2290 6 132 0 0
2291 5 132 0 0
2292 6 132 0 0
2293 5 132 0 0
2294 4 132 0 0
2295 5 132 0 0
2296 4 132 0 0
2297 5 132 0 0
2298 4 132 0 0
2299 5 132 0 0
2300 4 132 0 0
2301 3 132 0 0
2302 4 132 0 0
2303 3 132 0 0
2304 4 132 0 0
2305 3 132 0 0
2306 3 131 0 0
2307 4 131 0 0
2308 3 131 0 0
