0 39000 21600 0 0
1 38800 21600 0 0
2 38600 21600 0 0
3 38400 21600 0 0
4 38200 21600 0 0
5 38200 21400 0 0
6 38000 21400 0 0
7 37800 21400 0 0
8 37600 21400 0 0
9 37400 21400 0 0
10 37200 21400 0 0
11 37000 21400 0 0
12 36800 21400 0 0
13 36600 21400 0 0
14 36400 21400 0 0
15 36400 21200 0 0
16 36200 21200 0 0
17 36000 21200 0 0
18 35800 21200 0 0
19 35600 21200 0 0
20 35400 21200 0 0
21 35200 21200 0 0
22 35200 21000 0 0
23 35000 21000 0 0
24 34800 21000 0 0
25 34600 21000 0 0
26 34400 21000 0 0
27 34200 21000 0 0
28 34000 21000 0 0
29 33800 21000 0 0
30 33800 20800 0 0
31 33600 20800 0 0
32 33400 20800 0 0
33 33200 20800 0 0
34 33000 20800 0 0
35 32800 20800 0 0
36 32600 20800 0 0
37 32600 20600 0 0
38 32400 20600 0 0
39 32200 20600 0 0
40 32000 20600 0 0
41 31800 20600 0 0
42 31600 20600 0 0
43 31400 20600 0 0
44 31200 20600 0 0
45 31200 20400 0 0
46 31000 20400 0 0
47 30800 20400 0 0
48 30600 20400 0 0
49 30400 20400 0 0
50 30200 20400 0 0
51 30000 20400 0 0
52 29800 20400 0 0
53 29600 20400 0 0
54 29400 20400 0 0
55 29200 20400 0 0
56 29000 20400 0 0
57 28800 20400 0 0
58 28600 20400 0 0
59 28400 20400 0 0
60 28200 20400 0 0
61 28200 20600 0 0
62 28000 20600 0 0
63 27800 20600 0 0
64 27600 20600 0 0
65 27600 20800 0 0
66 27400 20800 0 0
67 27200 20800 0 0
68 27000 20800 0 0
69 26800 20800 0 0
70 26800 21000 0 0
71 26600 21000 0 0
72 26400 21000 0 0
73 26200 21000 0 0
74 26200 21200 0 0
75 26000 21200 0 0
76 25800 21200 0 0
77 25600 21200 0 0
78 25400 21200 0 0
79 25400 21400 0 0
80 25200 21400 0 0
81 25000 21400 0 0
82 25000 21600 0 0
83 24800 21600 0 0
84 24600 21600 0 0
85 24600 21800 0 0
86 24400 21800 0 0
87 24400 22000 0 0
88 24200 22000 0 0
89 24200 22200 0 0
90 24000 22200 0 0
91 24000 22400 0 0
92 23800 22400 0 0
93 23600 22400 0 0
94 23600 22600 0 0
95 23400 22600 0 0
96 23400 22800 0 0
97 23200 22800 0 0
98 23000 22800 0 0
99 23000 23000 0 0
100 22800 23000 0 0
101 22600 23000 0 0
102 22600 23200 0 0
103 22400 23200 0 0
104 22200 23200 0 0
105 22000 23200 0 0
106 22000 23400 0 0
107 21800 23400 0 0
108 21600 23400 0 0
109 21400 23400 0 0
110 21200 23400 0 0
111 21200 23600 0 0
112 21000 23600 0 0
113 20800 23600 0 0
114 20600 23600 0 0
115 20400 23600 0 0
116 20200 23600 0 0
117 20000 23600 0 0
118 19800 23600 0 0
119 19600 23600 0 0
120 19400 23600 0 0
121 19200 23600 0 0
122 19200 23400 0 0
123 19000 23400 0 0
124 18800 23400 0 0
125 18600 23400 0 0
126 18400 23400 0 0
127 18200 23400 0 0
128 18000 23400 0 0
129 18000 23200 0 0
130 17800 23200 0 0
131 17600 23200 0 0
132 17400 23200 0 0
133 17200 23200 0 0
134 17000 23200 0 0
135 17000 23000 0 0
136 16800 23000 0 0
137 16600 23000 0 0
138 16400 23000 0 0
139 16400 22800 0 0
140 16200 22800 0 0
141 16000 22800 0 0
142 15800 22800 0 0
143 15600 22800 0 0
144 15600 22600 0 0
145 15400 22600 0 0
146 15200 22600 0 0
147 15000 22600 0 0
148 15000 22400 0 0
149 14800 22400 0 0
150 14600 22400 0 0
151 14400 22400 0 0
152 14400 22200 0 0
153 14200 22200 0 0
154 14000 22200 0 0
155 14000 22000 0 0
156 13800 22000 0 0
157 13600 22000 0 0
158 13400 22000 0 0
159 13200 22000 0 0
160 13000 22000 0 0
161 12800 22000 0 0
162 12600 22000 0 0
163 12400 22000 0 0
164 12200 22000 0 0
165 12200 21800 0 0
166 12000 21800 0 0
167 11800 21800 0 0
168 11600 21800 0 0
169 11400 21800 0 0
170 11200 21800 0 0
171 11000 21800 0 0
172 10800 21800 0 0
173 10600 21800 0 0
174 10600 21600 0 0
175 10400 21600 0 0
176 10200 21600 0 0
177 10000 21600 0 0
178 9800 21600 0 0
179 9600 21600 0 0
180 9400 21600 0 0
181 9200 21600 0 0
182 9000 21600 0 0
183 8800 21600 0 0
184 8600 21600 0 0
185 8400 21600 0 0
186 8400 21800 0 0
187 8200 21800 0 0
188 8000 21800 0 0
189 7800 21800 0 0
190 7600 21800 0 0
191 7400 21800 0 0
192 7200 21800 0 0
193 7000 21800 0 0
194 6800 21800 0 0
195 6600 21800 0 0
196 6400 21800 0 0
197 6200 21800 0 0
198 6000 21800 0 0
199 5800 21800 0 0
200 5600 21800 0 0
201 5400 21800 0 0
202 5200 21800 0 0
203 5000 21800 0 0
204 4800 21800 0 0
205 4600 21800 0 0
206 4400 21800 0 0
207 4200 21800 0 0
208 4000 21800 0 0
209 3800 21800 0 0
210 3600 21800 0 0
211 3400 21800 0 0
212 3200 21800 0 0
213 3000 21800 0 0
214 2800 21800 0 0
215 2800 22000 0 0
216 2600 22000 0 0
217 2400 22000 0 0
218 2200 22000 0 0
219 2000 22000 0 0
220 1800 22000 0 0
221 1600 22000 0 0
222 1400 22000 0 0
223 1200 22000 0 0
224 1000 22000 0 0
225 800 22000 0 0
226 600 22000 0 0
227 400 22000 0 0
