0 10 98 0 0
1 10 99 0 0
2 11 99 0 0
3 12 99 0 0
4 13 99 0 0
5 14 99 0 0
6 15 99 0 0
7 16 99 0 0
8 17 99 0 0
9 18 99 0 0
10 19 99 0 0
11 20 99 0 0
12 21 99 0 0
13 22 99 0 0
14 23 99 0 0
15 24 99 0 0
16 25 99 0 0
17 26 99 0 0
18 26 100 0 0
19 27 100 0 0
20 28 100 0 0
21 29 100 0 0
22 30 100 0 0
23 31 100 0 0
24 32 100 0 0
25 33 100 0 0
26 34 100 0 0
27 35 100 0 0
28 36 100 0 0
29 37 100 0 0
30 38 100 0 0
31 39 100 0 0
32 40 100 0 0
33 41 100 0 0
34 42 100 0 0
35 43 100 0 0
36 44 100 0 0
37 45 100 0 0
38 46 100 0 0
39 46 99 0 0
40 47 99 0 0
41 48 99 0 0
42 49 99 0 0
43 50 99 0 0
44 50 98 0 0
45 51 98 0 0
46 52 98 0 0
47 53 98 0 0
48 54 98 0 0
49 55 98 0 0
50 55 97 0 0
51 56 97 0 0
52 57 97 0 0
53 58 97 0 0
54 59 97 0 0
55 60 97 0 0
56 60 96 0 0
57 61 96 0 0
58 62 96 0 0
59 63 96 0 0
60 64 96 0 0
61 65 96 0 0
62 65 95 0 0
63 66 95 0 0
64 67 95 0 0
65 68 95 0 0
66 69 95 0 0
67 69 94 0 0
68 70 94 0 0
69 71 94 0 0
70 72 94 0 0
71 73 94 0 0
72 74 94 0 0
73 74 93 0 0
74 75 93 0 0
75 76 93 0 0
76 77 93 0 0
77 78 93 0 0
78 79 93 0 0
79 79 92 0 0
80 80 92 0 0
81 81 92 0 0
82 82 92 0 0
83 83 92 0 0
84 84 92 0 0
85 85 92 0 0
86 85 91 0 0
87 86 91 0 0
88 87 91 0 0
89 88 91 0 0
90 89 91 0 0
91 90 91 0 0
92 91 91 0 0
93 91 90 0 0
94 92 90 0 0
95 93 90 0 0
96 94 90 0 0
97 95 90 0 0
98 96 90 0 0
99 96 89 0 0
100 97 89 0 0
101 98 89 0 0
102 99 89 0 0
103 100 89 0 0
104 101 89 0 0
105 102 89 0 0
106 102 88 0 0
107 103 88 0 0
108 104 88 0 0
109 105 88 0 0
110 106 88 0 0
111 107 88 0 0
112 108 88 0 0
113 108 87 0 0
114 109 87 0 0
115 110 87 0 0
116 111 87 0 0
117 112 87 0 0
118 113 87 0 0
119 113 88 0 0
120 114 88 0 0
121 115 88 0 0
122 116 88 0 0
123 117 88 0 0
124 118 88 0 0
125 118 89 0 0
126 119 89 0 0
127 120 89 0 0
128 121 89 0 0
129 122 89 0 0
130 123 89 0 0
131 123 90 0 0
132 124 90 0 0
133 125 90 0 0
134 126 90 0 0
135 127 90 0 0
136 128 90 0 0
137 128 91 0 0
138 129 91 0 0
139 130 91 0 0
140 131 91 0 0
141 132 91 0 0
142 132 92 0 0
143 133 92 0 0
144 134 92 0 0
145 135 92 0 0
146 136 92 0 0
147 137 92 0 0
148 137 93 0 0
149 138 93 0 0
150 139 93 0 0
151 140 93 0 0
152 141 93 0 0
153 142 93 0 0
154 142 94 0 0
155 143 94 0 0
156 144 94 0 0
157 145 94 0 0
158 146 94 0 0
159 147 94 0 0
160 148 94 0 0
161 149 94 0 0
162 150 94 0 0
163 150 95 0 0
164 151 95 0 0
165 152 95 0 0
166 153 95 0 0
167 154 95 0 0
168 155 95 0 0
169 156 95 0 0
170 157 95 0 0
171 158 95 0 0
172 159 95 0 0
173 160 95 0 0
174 161 95 0 0
175 162 95 0 0
176 163 95 0 0
177 163 96 0 0
178 164 96 0 0
179 165 96 0 0
180 166 96 0 0
181 167 96 0 0
182 168 96 0 0
183 169 96 0 0
184 170 96 0 0
185 171 96 0 0
186 172 96 0 0
187 173 96 0 0
188 174 96 0 0
189 175 96 0 0
190 176 96 0 0
191 177 96 0 0
192 177 97 0 0
193 178 97 0 0
194 179 97 0 0
195 180 97 0 0
196 181 97 0 0
197 182 97 0 0
198 183 97 0 0
199 184 97 0 0
200 185 97 0 0
201 186 97 0 0
202 187 97 0 0
203 188 97 0 0
204 189 97 0 0
