0 191 108 0 0
1 190 108 0 0
2 189 108 0 0
3 188 108 0 0
4 187 108 0 0
5 186 108 0 0
6 185 108 0 0
7 184 108 0 0
8 183 108 0 0
9 182 108 0 0
10 182 107 0 0
11 181 107 0 0
12 180 107 0 0
13 179 107 0 0
14 178 107 0 0
15 177 107 0 0
16 176 107 0 0
17 175 107 0 0
18 175 106 0 0
19 174 106 0 0
20 173 106 0 0
21 172 106 0 0
22 171 106 0 0
23 170 106 0 0
24 169 106 0 0
25 168 106 0 0
26 168 107 0 0
27 167 107 0 0
28 166 107 0 0
29 165 107 0 0
30 164 107 0 0
31 163 107 0 0
32 162 107 0 0
33 161 107 0 0
34 160 107 0 0
35 159 107 0 0
36 158 107 0 0
37 157 107 0 0
38 156 107 0 0
39 155 107 0 0
40 155 106 0 0
41 154 106 0 0
42 153 106 0 0
43 152 106 0 0
44 151 106 0 0
45 150 106 0 0
46 149 106 0 0
47 148 106 0 0
48 147 106 0 0
49 146 106 0 0
50 145 106 0 0
51 144 106 0 0
52 143 106 0 0
53 142 106 0 0
54 141 106 0 0
55 140 106 0 0
56 139 106 0 0
57 138 106 0 0
58 137 106 0 0
59 136 106 0 0
60 135 106 0 0
61 134 106 0 0
62 134 107 0 0
63 133 107 0 0
64 132 107 0 0
65 131 107 0 0
66 130 107 0 0
67 129 107 0 0
68 128 107 0 0
69 128 108 0 0
70 127 108 0 0
71 126 108 0 0
72 126 109 0 0
73 125 109 0 0
74 125 110 0 0
75 124 110 0 0
76 123 110 0 0
77 123 111 0 0
78 122 111 0 0
79 121 111 0 0
80 120 111 0 0
81 120 112 0 0
82 119 112 0 0
83 118 112 0 0
84 117 112 0 0
85 117 113 0 0
86 116 113 0 0
87 115 113 0 0
88 114 113 0 0
89 113 113 0 0
90 112 113 0 0
91 112 114 0 0
92 111 114 0 0
93 110 114 0 0
94 110 115 0 0
95 109 115 0 0
96 108 115 0 0
97 108 116 0 0
98 107 116 0 0
99 106 116 0 0
100 105 116 0 0
101 104 116 0 0
102 103 116 0 0
103 102 116 0 0
104 101 116 0 0
105 100 116 0 0
106 99 116 0 0
107 98 116 0 0
108 97 116 0 0
109 96 116 0 0
110 95 116 0 0
111 95 115 0 0
112 94 115 0 0
113 93 115 0 0
114 92 115 0 0
115 92 114 0 0
116 91 114 0 0
117 90 114 0 0
118 90 113 0 0
119 89 113 0 0
120 88 113 0 0
121 88 112 0 0
122 87 112 0 0
123 86 112 0 0
124 86 111 0 0
125 85 111 0 0
126 84 111 0 0
127 84 110 0 0
128 83 110 0 0
129 82 110 0 0
130 82 109 0 0
131 81 109 0 0
132 80 109 0 0
133 80 108 0 0
134 79 108 0 0
135 78 108 0 0
136 78 107 0 0
137 77 107 0 0
138 76 107 0 0
139 75 107 0 0
140 74 107 0 0
141 73 107 0 0
142 72 107 0 0
143 71 107 0 0
144 70 107 0 0
145 69 107 0 0
146 68 107 0 0
147 67 107 0 0
148 66 107 0 0
149 65 107 0 0
150 64 107 0 0
151 63 107 0 0
152 63 106 0 0
153 62 106 0 0
154 61 106 0 0
155 60 106 0 0
156 59 106 0 0
157 58 106 0 0
158 57 106 0 0
159 56 106 0 0
160 55 106 0 0
161 55 107 0 0
162 54 107 0 0
163 53 107 0 0
164 52 107 0 0
165 51 107 0 0
166 50 107 0 0
167 49 107 0 0
168 48 107 0 0
169 47 107 0 0
170 46 107 0 0
171 45 107 0 0
172 44 107 0 0
173 43 107 0 0
174 42 107 0 0
175 41 107 0 0
176 40 107 0 0
177 40 106 0 0
178 40 107 0 0
179 39 107 0 0
180 38 107 0 0
181 37 107 0 0
182 36 107 0 0
183 35 107 0 0
184 34 107 0 0
185 33 107 0 0
186 32 107 0 0
187 31 107 0 0
188 30 107 0 0
189 29 107 0 0
190 28 107 0 0
191 27 107 0 0
192 26 107 0 0
193 25 107 0 0
194 24 107 0 0
195 23 107 0 0
196 22 107 0 0
197 21 107 0 0
198 20 107 0 0
199 20 106 0 0
200 19 106 0 0
201 18 106 0 0
202 17 106 0 0
203 16 106 0 0
204 15 106 0 0
205 14 106 0 0
206 13 106 0 0
207 12 106 0 0
208 11 106 0 0
209 10 106 0 0
210 9 106 0 0
211 8 106 0 0
212 7 106 0 0
213 6 106 0 0
214 5 106 0 0
215 4 106 0 0
216 3 106 0 0
