0 1 94 0 0
1 2 94 0 0
2 3 94 0 0
3 4 94 0 0
4 5 94 0 0
5 6 94 0 0
6 7 94 0 0
7 7 93 0 0
8 8 93 0 0
9 9 93 0 0
10 10 93 0 0
11 11 93 0 0
12 12 93 0 0
13 13 93 0 0
14 14 93 0 0
15 15 93 0 0
16 16 93 0 0
17 17 93 0 0
18 18 93 0 0
19 19 93 0 0
20 20 93 0 0
21 21 93 0 0
22 22 93 0 0
23 23 93 0 0
24 24 93 0 0
25 25 93 0 0
26 26 93 0 0
27 27 93 0 0
28 28 93 0 0
29 29 93 0 0
30 30 93 0 0
31 31 93 0 0
32 31 92 0 0
33 32 92 0 0
34 33 92 0 0
35 34 92 0 0
36 35 92 0 0
37 36 92 0 0
38 37 92 0 0
39 38 92 0 0
40 39 92 0 0
41 40 92 0 0
42 41 92 0 0
43 42 92 0 0
44 43 92 0 0
45 44 92 0 0
46 45 92 0 0
47 45 93 0 0
48 46 93 0 0
49 47 93 0 0
50 48 93 0 0
51 49 93 0 0
52 50 93 0 0
53 51 93 0 0
54 52 93 0 0
55 53 93 0 0
56 54 93 0 0
57 55 93 0 0
58 56 93 0 0
59 57 93 0 0
60 58 93 0 0
61 59 93 0 0
62 60 93 0 0
63 61 93 0 0
64 62 93 0 0
65 62 92 0 0
66 63 92 0 0
67 64 92 0 0
68 65 92 0 0
69 66 92 0 0
70 67 92 0 0
71 67 91 0 0
72 68 91 0 0
73 68 90 0 0
74 69 90 0 0
75 70 90 0 0
76 70 89 0 0
77 71 89 0 0
78 71 88 0 0
79 72 88 0 0
80 73 88 0 0
81 73 87 0 0
82 74 87 0 0
83 74 86 0 0
84 75 86 0 0
85 76 86 0 0
86 76 85 0 0
87 76 84 0 0
88 77 84 0 0
89 77 83 0 0
90 77 82 0 0
91 78 82 0 0
92 78 81 0 0
93 79 81 0 0
94 79 80 0 0
95 79 79 0 0
96 80 79 0 0
97 80 78 0 0
98 81 78 0 0
99 81 77 0 0
100 81 76 0 0
101 82 76 0 0
102 82 75 0 0
103 83 75 0 0
104 83 74 0 0
105 83 73 0 0
106 83 72 0 0
107 84 72 0 0
108 84 71 0 0
109 85 71 0 0
110 85 70 0 0
111 85 69 0 0
112 85 68 0 0
113 86 68 0 0
114 86 67 0 0
115 86 66 0 0
116 87 66 0 0
117 87 65 0 0
118 87 64 0 0
119 88 64 0 0
120 88 63 0 0
121 88 62 0 0
122 89 62 0 0
123 89 61 0 0
124 90 61 0 0
125 90 60 0 0
126 90 59 0 0
127 90 58 0 0
128 90 57 0 0
129 90 56 0 0
130 90 55 0 0
131 91 55 0 0
132 91 54 0 0
133 91 53 0 0
134 91 52 0 0
135 91 51 0 0
136 92 51 0 0
137 92 50 0 0
138 92 49 0 0
139 92 48 0 0
140 92 47 0 0
141 92 46 0 0
142 93 46 0 0
143 93 45 0 0
144 93 44 0 0
145 93 43 0 0
146 93 42 0 0
147 93 41 0 0
148 93 40 0 0
149 93 39 0 0
150 93 38 0 0
151 93 37 0 0
152 93 36 0 0
153 93 35 0 0
154 93 34 0 0
155 93 33 0 0
156 93 32 0 0
157 93 31 0 0
158 93 30 0 0
159 93 29 0 0
160 93 28 0 0
161 93 27 0 0
162 93 26 0 0
163 93 25 0 0
164 93 24 0 0
165 93 23 0 0
166 93 22 0 0
167 93 21 0 0
168 93 20 0 0
169 93 19 0 0
170 93 18 0 0
171 93 17 0 0
172 93 16 0 0
173 93 15 0 0
174 93 14 0 0
175 94 14 0 0
176 94 13 0 0
177 94 12 0 0
178 94 11 0 0
179 94 10 0 0
180 94 9 0 0
181 94 8 0 0
182 94 7 0 0
183 94 6 0 0
