0 2 98 0 0
1 3 98 0 0
2 4 98 0 0
3 5 98 0 0
4 6 98 0 0
5 7 98 0 0
6 8 98 0 0
7 9 98 0 0
8 10 98 0 0
9 10 99 0 0
10 11 99 0 0
11 12 99 0 0
12 13 99 0 0
13 14 99 0 0
14 15 99 0 0
15 16 99 0 0
16 17 99 0 0
17 18 99 0 0
18 19 99 0 0
19 20 99 0 0
20 21 99 0 0
21 22 99 0 0
22 23 99 0 0
23 24 99 0 0
24 24 100 0 0
25 25 100 0 0
26 26 100 0 0
27 27 100 0 0
28 28 100 0 0
29 29 100 0 0
30 30 100 0 0
31 31 100 0 0
32 32 100 0 0
33 33 100 0 0
34 34 100 0 0
35 35 100 0 0
36 36 100 0 0
37 37 100 0 0
38 38 100 0 0
39 39 100 0 0
40 40 100 0 0
41 41 100 0 0
42 42 100 0 0
43 42 99 0 0
44 43 99 0 0
45 44 99 0 0
46 45 99 0 0
47 46 99 0 0
48 47 99 0 0
49 48 99 0 0
50 49 99 0 0
51 50 99 0 0
52 51 99 0 0
53 52 99 0 0
54 53 99 0 0
55 54 99 0 0
56 55 99 0 0
57 56 99 0 0
58 57 99 0 0
59 58 99 0 0
60 59 99 0 0
61 59 98 0 0
62 60 98 0 0
63 61 98 0 0
64 62 98 0 0
65 63 98 0 0
66 63 97 0 0
67 64 97 0 0
68 65 97 0 0
69 66 97 0 0
70 67 97 0 0
71 67 96 0 0
72 68 96 0 0
73 68 95 0 0
74 69 95 0 0
75 70 95 0 0
76 70 94 0 0
77 71 94 0 0
78 72 94 0 0
79 72 93 0 0
80 73 93 0 0
81 74 93 0 0
82 74 92 0 0
83 75 92 0 0
84 75 91 0 0
85 76 91 0 0
86 76 90 0 0
87 77 90 0 0
88 77 89 0 0
89 78 89 0 0
90 79 89 0 0
91 79 88 0 0
92 80 88 0 0
93 80 87 0 0
94 81 87 0 0
95 81 86 0 0
96 82 86 0 0
97 82 85 0 0
98 83 85 0 0
99 83 84 0 0
100 83 83 0 0
101 84 83 0 0
102 84 82 0 0
103 85 82 0 0
104 85 81 0 0
105 85 80 0 0
106 86 80 0 0
107 86 79 0 0
108 86 78 0 0
109 87 78 0 0
110 87 77 0 0
111 87 76 0 0
112 87 75 0 0
113 88 75 0 0
114 88 74 0 0
115 88 73 0 0
116 88 72 0 0
117 88 71 0 0
118 89 71 0 0
119 89 70 0 0
120 89 69 0 0
121 89 68 0 0
122 90 68 0 0
123 90 67 0 0
124 90 66 0 0
125 90 65 0 0
126 91 65 0 0
127 91 64 0 0
128 91 63 0 0
129 91 62 0 0
130 92 62 0 0
131 92 61 0 0
132 92 60 0 0
133 92 59 0 0
134 92 58 0 0
135 92 57 0 0
136 92 56 0 0
137 92 55 0 0
138 92 54 0 0
139 92 53 0 0
140 92 52 0 0
141 92 51 0 0
142 92 50 0 0
143 92 49 0 0
144 92 48 0 0
145 92 47 0 0
146 92 46 0 0
147 92 45 0 0
148 92 44 0 0
149 93 44 0 0
150 93 43 0 0
151 93 42 0 0
152 93 41 0 0
153 93 40 0 0
154 93 39 0 0
155 93 38 0 0
156 93 37 0 0
157 93 36 0 0
158 93 35 0 0
159 93 34 0 0
160 93 33 0 0
161 93 32 0 0
162 93 31 0 0
163 93 30 0 0
164 93 29 0 0
165 93 28 0 0
166 93 27 0 0
167 93 26 0 0
168 93 25 0 0
169 93 24 0 0
170 93 23 0 0
171 93 22 0 0
172 93 21 0 0
173 93 20 0 0
174 93 19 0 0
175 94 19 0 0
176 94 18 0 0
177 94 17 0 0
178 94 16 0 0
179 94 15 0 0
180 94 14 0 0
181 94 13 0 0
182 95 13 0 0
183 95 12 0 0
184 95 11 0 0
185 95 10 0 0
186 95 9 0 0
187 95 8 0 0
188 96 8 0 0
189 96 7 0 0
