0 39400 21200 0 0
1 39200 21200 0 0
2 39000 21200 0 0
3 38800 21200 0 0
4 38600 21200 0 0
5 38600 21400 0 0
6 38400 21400 0 0
7 38200 21400 0 0
8 38000 21400 0 0
9 37800 21400 0 0
10 37600 21400 0 0
11 37400 21400 0 0
12 37200 21400 0 0
13 37000 21400 0 0
14 36800 21400 0 0
15 36600 21400 0 0
16 36400 21400 0 0
17 36200 21400 0 0
18 36000 21400 0 0
19 35800 21400 0 0
20 35600 21400 0 0
21 35400 21400 0 0
22 35200 21400 0 0
23 35000 21400 0 0
24 34800 21400 0 0
25 34600 21400 0 0
26 34400 21400 0 0
27 34200 21400 0 0
28 34000 21400 0 0
29 33800 21400 0 0
30 33600 21400 0 0
31 33400 21400 0 0
32 33200 21400 0 0
33 33000 21400 0 0
34 32800 21400 0 0
35 32600 21400 0 0
36 32400 21400 0 0
37 32200 21400 0 0
38 32000 21400 0 0
39 31800 21400 0 0
40 31600 21400 0 0
41 31400 21400 0 0
42 31200 21400 0 0
43 31000 21400 0 0
44 30800 21400 0 0
45 30600 21400 0 0
46 30400 21400 0 0
47 30200 21400 0 0
48 30000 21400 0 0
49 29800 21400 0 0
50 29600 21400 0 0
51 29400 21400 0 0
52 29200 21400 0 0
53 29000 21400 0 0
54 28800 21400 0 0
55 28600 21400 0 0
56 28400 21400 0 0
57 28200 21400 0 0
58 28000 21400 0 0
59 27800 21400 0 0
60 27600 21400 0 0
61 27400 21400 0 0
62 27200 21400 0 0
63 27000 21400 0 0
64 27000 21600 0 0
65 26800 21600 0 0
66 26600 21600 0 0
67 26400 21600 0 0
68 26200 21600 0 0
69 26000 21600 0 0
70 26000 21800 0 0
71 25800 21800 0 0
72 25600 21800 0 0
73 25400 21800 0 0
74 25200 21800 0 0
75 25200 22000 0 0
76 25000 22000 0 0
77 24800 22000 0 0
78 24600 22000 0 0
79 24600 22200 0 0
80 24400 22200 0 0
81 24200 22200 0 0
82 24000 22200 0 0
83 24000 22400 0 0
84 23800 22400 0 0
85 23600 22400 0 0
86 23400 22400 0 0
87 23400 22600 0 0
88 23200 22600 0 0
89 23000 22600 0 0
90 22800 22600 0 0
91 22800 22800 0 0
92 22600 22800 0 0
93 22400 22800 0 0
94 22200 22800 0 0
95 22200 23000 0 0
96 22000 23000 0 0
97 21800 23000 0 0
98 21600 23000 0 0
99 21600 23200 0 0
100 21400 23200 0 0
101 21200 23200 0 0
102 21000 23200 0 0
103 20800 23200 0 0
104 20600 23200 0 0
105 20400 23200 0 0
106 20200 23200 0 0
107 20000 23200 0 0
108 19800 23200 0 0
109 19600 23200 0 0
110 19400 23200 0 0
111 19200 23200 0 0
112 19000 23200 0 0
113 18800 23200 0 0
114 18800 23000 0 0
115 18600 23000 0 0
116 18400 23000 0 0
117 18200 23000 0 0
118 18200 22800 0 0
119 18000 22800 0 0
120 17800 22800 0 0
121 17600 22800 0 0
122 17600 22600 0 0
123 17400 22600 0 0
124 17200 22600 0 0
125 17000 22600 0 0
126 16800 22600 0 0
127 16800 22400 0 0
128 16600 22400 0 0
129 16400 22400 0 0
130 16200 22400 0 0
131 16200 22200 0 0
132 16000 22200 0 0
133 15800 22200 0 0
134 15600 22200 0 0
135 15600 22000 0 0
136 15400 22000 0 0
137 15200 22000 0 0
138 15200 21800 0 0
139 15000 21800 0 0
140 14800 21800 0 0
141 14600 21800 0 0
142 14600 21600 0 0
143 14400 21600 0 0
144 14200 21600 0 0
145 14000 21600 0 0
146 13800 21600 0 0
147 13600 21600 0 0
148 13400 21600 0 0
149 13400 21400 0 0
150 13200 21400 0 0
151 13000 21400 0 0
152 12800 21400 0 0
153 12600 21400 0 0
154 12400 21400 0 0
155 12200 21400 0 0
156 12000 21400 0 0
157 11800 21400 0 0
158 11600 21400 0 0
159 11600 21200 0 0
160 11400 21200 0 0
161 11200 21200 0 0
162 11000 21200 0 0
163 10800 21200 0 0
164 10600 21200 0 0
165 10400 21200 0 0
166 10200 21200 0 0
167 10000 21200 0 0
168 9800 21200 0 0
169 9600 21200 0 0
170 9400 21200 0 0
171 9200 21200 0 0
172 9000 21200 0 0
173 8800 21200 0 0
174 8600 21200 0 0
175 8400 21200 0 0
176 8200 21200 0 0
177 8000 21200 0 0
178 7800 21200 0 0
179 7600 21200 0 0
180 7400 21200 0 0
181 7400 21000 0 0
182 7200 21000 0 0
183 7000 21000 0 0
184 6800 21000 0 0
185 6600 21000 0 0
186 6400 21000 0 0
187 6200 21000 0 0
188 6200 20800 0 0
189 6200 21000 0 0
190 6000 21000 0 0
191 5800 21000 0 0
192 5600 21000 0 0
193 5400 21000 0 0
194 5200 21000 0 0
195 5000 21000 0 0
196 4800 21000 0 0
197 4600 21000 0 0
198 4400 21000 0 0
199 4200 21000 0 0
200 4000 21000 0 0
201 3800 21000 0 0
202 3600 21000 0 0
203 3400 21000 0 0
204 3200 21000 0 0
205 3000 21000 0 0
206 2800 21000 0 0
207 2600 21000 0 0
208 2400 21000 0 0
209 2200 21000 0 0
210 2000 21000 0 0
211 1800 21000 0 0
212 1600 21000 0 0
213 1400 21000 0 0
214 1200 21000 0 0
215 1000 21000 0 0
216 800 21000 0 0
217 600 21000 0 0
218 400 21000 0 0
