0 2 98 0 0
1 3 98 0 0
2 4 98 0 0
3 5 98 0 0
4 6 98 0 0
5 7 98 0 0
6 8 98 0 0
7 9 98 0 0
8 10 98 0 0
9 11 98 0 0
10 12 98 0 0
11 13 98 0 0
12 14 98 0 0
13 14 99 0 0
14 15 99 0 0
15 16 99 0 0
16 17 99 0 0
17 18 99 0 0
18 19 99 0 0
19 20 99 0 0
20 21 99 0 0
21 22 99 0 0
22 23 99 0 0
23 24 99 0 0
24 25 99 0 0
25 26 99 0 0
26 27 99 0 0
27 28 99 0 0
28 29 99 0 0
29 30 99 0 0
30 31 99 0 0
31 32 99 0 0
32 33 99 0 0
33 34 99 0 0
34 35 99 0 0
35 36 99 0 0
36 37 99 0 0
37 38 99 0 0
38 39 99 0 0
39 39 98 0 0
40 40 98 0 0
41 41 98 0 0
42 42 98 0 0
43 43 98 0 0
44 44 98 0 0
45 45 98 0 0
46 46 98 0 0
47 47 98 0 0
48 48 98 0 0
49 49 98 0 0
50 50 98 0 0
51 51 98 0 0
52 52 98 0 0
53 53 98 0 0
54 54 98 0 0
55 55 98 0 0
56 56 98 0 0
57 57 98 0 0
58 57 97 0 0
59 58 97 0 0
60 59 97 0 0
61 60 97 0 0
62 60 96 0 0
63 61 96 0 0
64 62 96 0 0
65 63 96 0 0
66 63 95 0 0
67 64 95 0 0
68 65 95 0 0
69 66 95 0 0
70 66 94 0 0
71 67 94 0 0
72 68 94 0 0
73 69 94 0 0
74 69 93 0 0
75 70 93 0 0
76 71 93 0 0
77 72 93 0 0
78 72 92 0 0
79 73 92 0 0
80 74 92 0 0
81 74 91 0 0
82 75 91 0 0
83 76 91 0 0
84 77 91 0 0
85 77 90 0 0
86 78 90 0 0
87 79 90 0 0
88 80 90 0 0
89 80 89 0 0
90 81 89 0 0
91 82 89 0 0
92 82 88 0 0
93 83 88 0 0
94 84 88 0 0
95 85 88 0 0
96 85 87 0 0
97 86 87 0 0
98 87 87 0 0
99 87 86 0 0
100 88 86 0 0
101 89 86 0 0
102 89 85 0 0
103 90 85 0 0
104 91 85 0 0
105 91 84 0 0
106 92 84 0 0
107 93 84 0 0
108 94 84 0 0
109 95 84 0 0
110 96 84 0 0
111 97 84 0 0
112 98 84 0 0
113 99 84 0 0
114 100 84 0 0
115 100 83 0 0
116 101 83 0 0
117 102 83 0 0
118 103 83 0 0
119 104 83 0 0
120 105 83 0 0
121 106 83 0 0
122 107 83 0 0
123 108 83 0 0
124 109 83 0 0
125 110 83 0 0
126 111 83 0 0
127 111 84 0 0
128 112 84 0 0
129 113 84 0 0
130 113 85 0 0
131 114 85 0 0
132 114 86 0 0
133 115 86 0 0
134 116 86 0 0
135 116 87 0 0
136 117 87 0 0
137 117 88 0 0
138 118 88 0 0
139 119 88 0 0
140 119 89 0 0
141 120 89 0 0
142 121 89 0 0
143 122 89 0 0
144 123 89 0 0
145 123 90 0 0
146 124 90 0 0
147 125 90 0 0
148 126 90 0 0
149 127 90 0 0
150 127 91 0 0
151 128 91 0 0
152 129 91 0 0
153 129 92 0 0
154 130 92 0 0
155 131 92 0 0
156 132 92 0 0
157 133 92 0 0
158 133 93 0 0
159 134 93 0 0
160 135 93 0 0
161 136 93 0 0
162 137 93 0 0
163 138 93 0 0
164 139 93 0 0
165 139 94 0 0
166 140 94 0 0
167 141 94 0 0
168 142 94 0 0
169 143 94 0 0
170 144 94 0 0
171 145 94 0 0
172 146 94 0 0
173 147 94 0 0
174 148 94 0 0
175 148 95 0 0
176 149 95 0 0
177 150 95 0 0
178 151 95 0 0
179 152 95 0 0
180 153 95 0 0
181 154 95 0 0
182 155 95 0 0
183 156 95 0 0
184 157 95 0 0
185 158 95 0 0
186 159 95 0 0
187 160 95 0 0
188 161 95 0 0
189 161 96 0 0
190 162 96 0 0
191 163 96 0 0
192 164 96 0 0
193 165 96 0 0
194 166 96 0 0
195 167 96 0 0
196 168 96 0 0
197 169 96 0 0
198 170 96 0 0
199 171 96 0 0
200 172 96 0 0
201 173 96 0 0
202 174 96 0 0
203 175 96 0 0
204 176 96 0 0
205 177 96 0 0
206 178 96 0 0
207 179 96 0 0
208 180 96 0 0
209 180 95 0 0
210 180 96 0 0
211 181 96 0 0
212 181 95 0 0
213 182 95 0 0
214 183 95 0 0
215 184 95 0 0
216 185 95 0 0
217 186 95 0 0
218 187 95 0 0
219 187 96 0 0
220 188 96 0 0
221 189 96 0 0
222 190 96 0 0
223 191 96 0 0
224 192 96 0 0
225 193 96 0 0
226 194 96 0 0
227 195 96 0 0
