0 19600 800 0 0
1 19600 1000 0 0
2 19600 1200 0 0
3 19600 1400 0 0
4 19600 1600 0 0
5 19600 1800 0 0
6 19600 2000 0 0
7 19600 2200 0 0
8 19600 2400 0 0
9 19600 2600 0 0
10 19600 2800 0 0
11 19600 3000 0 0
12 19600 3200 0 0
13 19600 3400 0 0
14 19600 3600 0 0
15 19600 3800 0 0
16 19600 4000 0 0
17 19600 4200 0 0
18 19600 4400 0 0
19 19600 4600 0 0
20 19800 4600 0 0
21 19800 4800 0 0
22 19800 5000 0 0
23 19800 5200 0 0
24 19800 5400 0 0
25 19800 5600 0 0
26 19800 5800 0 0
27 19800 6000 0 0
28 19800 6200 0 0
29 19800 6400 0 0
30 19800 6600 0 0
31 19800 6800 0 0
32 19800 7000 0 0
33 20000 7000 0 0
34 20000 7200 0 0
35 20000 7400 0 0
36 20000 7600 0 0
37 20000 7800 0 0
38 20000 8000 0 0
39 20000 8200 0 0
40 20000 8400 0 0
41 20000 8600 0 0
42 20000 8800 0 0
43 20200 8800 0 0
44 20200 9000 0 0
45 20200 9200 0 0
46 20200 9400 0 0
47 20200 9600 0 0
48 20200 9800 0 0
49 20200 10000 0 0
50 20200 10200 0 0
51 20400 10200 0 0
52 20400 10400 0 0
53 20400 10600 0 0
54 20400 10800 0 0
55 20400 11000 0 0
56 20400 11200 0 0
57 20400 11400 0 0
58 20600 11400 0 0
59 20600 11600 0 0
60 20800 11600 0 0
61 20800 11800 0 0
62 21000 11800 0 0
63 21000 12000 0 0
64 21200 12000 0 0
65 21200 12200 0 0
66 21400 12200 0 0
67 21400 12400 0 0
68 21400 12600 0 0
69 21600 12600 0 0
70 21600 12800 0 0
71 21600 13000 0 0
72 21800 13000 0 0
73 21800 13200 0 0
74 22000 13200 0 0
75 22000 13400 0 0
76 22200 13400 0 0
77 22200 13600 0 0
78 22200 13800 0 0
79 22400 13800 0 0
80 22400 14000 0 0
81 22400 14200 0 0
82 22600 14200 0 0
83 22600 14400 0 0
84 22600 14600 0 0
85 22800 14600 0 0
86 22800 14800 0 0
87 22800 15000 0 0
88 23000 15000 0 0
89 23000 15200 0 0
90 23000 15400 0 0
91 23200 15400 0 0
92 23200 15600 0 0
93 23400 15600 0 0
94 23400 15800 0 0
95 23600 15800 0 0
96 23600 16000 0 0
97 23800 16000 0 0
98 23800 16200 0 0
99 24000 16200 0 0
100 24000 16400 0 0
101 24200 16400 0 0
102 24200 16600 0 0
103 24400 16600 0 0
104 24400 16800 0 0
105 24600 16800 0 0
106 24600 17000 0 0
107 24800 17000 0 0
108 25000 17000 0 0
109 25000 17200 0 0
110 25200 17200 0 0
111 25400 17200 0 0
112 25400 17400 0 0
113 25600 17400 0 0
114 25600 17600 0 0
115 25800 17600 0 0
116 26000 17600 0 0
117 26000 17800 0 0
118 26200 17800 0 0
119 26200 18000 0 0
120 26400 18000 0 0
121 26600 18000 0 0
122 26600 18200 0 0
123 26800 18200 0 0
124 27000 18200 0 0
125 27000 18400 0 0
126 27200 18400 0 0
127 27400 18400 0 0
128 27400 18600 0 0
129 27600 18600 0 0
130 27800 18600 0 0
131 28000 18600 0 0
132 28200 18600 0 0
133 28400 18600 0 0
134 28600 18600 0 0
135 28800 18600 0 0
136 29000 18600 0 0
137 29000 18800 0 0
138 29200 18800 0 0
139 29400 18800 0 0
140 29600 18800 0 0
141 29800 18800 0 0
142 30000 18800 0 0
143 30200 18800 0 0
144 30400 18800 0 0
145 30600 18800 0 0
146 30600 19000 0 0
147 30800 19000 0 0
148 31000 19000 0 0
149 31200 19000 0 0
150 31400 19000 0 0
151 31600 19000 0 0
152 31800 19000 0 0
153 32000 19000 0 0
154 32200 19000 0 0
155 32400 19000 0 0
156 32400 19200 0 0
157 32600 19200 0 0
158 32800 19200 0 0
159 33000 19200 0 0
160 33200 19200 0 0
161 33400 19200 0 0
162 33600 19200 0 0
163 33800 19200 0 0
164 34000 19200 0 0
165 34200 19200 0 0
166 34400 19200 0 0
167 34600 19200 0 0
168 34800 19200 0 0
169 35000 19200 0 0
170 35200 19200 0 0
171 35400 19200 0 0
172 35600 19200 0 0
173 35800 19200 0 0
174 36000 19200 0 0
175 36200 19200 0 0
176 36400 19200 0 0
177 36600 19200 0 0
178 36800 19200 0 0
179 37000 19200 0 0
180 37200 19200 0 0
181 37400 19200 0 0
182 37600 19200 0 0
183 37800 19200 0 0
184 37800 19400 0 0
185 38000 19400 0 0
186 38200 19400 0 0
187 38400 19400 0 0
188 38600 19400 0 0
189 38800 19400 0 0
190 39000 19400 0 0
191 39200 19400 0 0
