0 800 19400 0 0
1 1000 19400 0 0
2 1200 19400 0 0
3 1400 19400 0 0
4 1600 19400 0 0
5 1800 19400 0 0
6 2000 19400 0 0
7 2200 19400 0 0
8 2200 19200 0 0
9 2400 19200 0 0
10 2600 19200 0 0
11 2800 19200 0 0
12 2800 19000 0 0
13 2800 19200 0 0
14 3000 19200 0 0
15 3200 19200 0 0
16 3400 19200 0 0
17 3400 19400 0 0
18 3600 19400 0 0
19 3800 19400 0 0
20 4000 19400 0 0
21 4000 19600 0 0
22 4200 19600 0 0
23 4400 19600 0 0
24 4600 19600 0 0
25 4800 19600 0 0
26 5000 19600 0 0
27 5200 19600 0 0
28 5400 19600 0 0
29 5600 19600 0 0
30 5600 19400 0 0
31 5800 19400 0 0
32 6000 19400 0 0
33 6200 19400 0 0
34 6400 19400 0 0
35 6600 19400 0 0
36 6800 19400 0 0
37 6800 19200 0 0
38 7000 19200 0 0
39 7200 19200 0 0
40 7400 19200 0 0
41 7400 19000 0 0
42 7600 19000 0 0
43 7800 19000 0 0
44 7800 19200 0 0
45 8000 19200 0 0
46 8000 19400 0 0
47 8200 19400 0 0
48 8200 19600 0 0
49 8400 19600 0 0
50 8400 19800 0 0
51 8600 19800 0 0
52 8600 20000 0 0
53 8800 20000 0 0
54 9000 20000 0 0
55 9200 20000 0 0
56 9400 20000 0 0
57 9600 20000 0 0
58 9800 20000 0 0
59 10000 20000 0 0
60 10200 20000 0 0
61 10400 20000 0 0
62 10600 20000 0 0
63 10800 20000 0 0
64 11000 20000 0 0
65 11200 20000 0 0
66 11400 20000 0 0
67 11400 19800 0 0
68 11600 19800 0 0
69 11600 19600 0 0
70 11800 19600 0 0
71 12000 19600 0 0
72 12200 19600 0 0
73 12200 19400 0 0
74 12200 19600 0 0
75 12400 19600 0 0
76 12600 19600 0 0
77 12800 19600 0 0
78 12800 19400 0 0
79 13000 19400 0 0
80 13200 19400 0 0
81 13200 19200 0 0
82 13400 19200 0 0
83 13600 19200 0 0
84 13600 19000 0 0
85 13800 19000 0 0
86 14000 19000 0 0
87 14200 19000 0 0
88 14200 18800 0 0
89 14400 18800 0 0
90 14600 18800 0 0
91 14600 18600 0 0
92 14800 18600 0 0
93 15000 18600 0 0
94 15000 18400 0 0
95 15200 18400 0 0
96 15400 18400 0 0
97 15400 18200 0 0
98 15600 18200 0 0
99 15600 18000 0 0
100 15800 18000 0 0
101 15800 17800 0 0
102 16000 17800 0 0
103 16000 17600 0 0
104 16200 17600 0 0
105 16200 17400 0 0
106 16400 17400 0 0
107 16400 17200 0 0
108 16400 17000 0 0
109 16600 17000 0 0
110 16600 16800 0 0
111 16800 16800 0 0
112 16800 16600 0 0
113 16800 16400 0 0
114 17000 16400 0 0
115 17000 16200 0 0
116 17000 16000 0 0
117 17200 16000 0 0
118 17200 15800 0 0
119 17400 15800 0 0
120 17400 15600 0 0
121 17400 15400 0 0
122 17400 15200 0 0
123 17400 15000 0 0
124 17400 14800 0 0
125 17400 14600 0 0
126 17400 14400 0 0
127 17400 14200 0 0
128 17400 14000 0 0
129 17400 13800 0 0
130 17600 13800 0 0
131 17600 13600 0 0
132 17600 13400 0 0
133 17600 13200 0 0
134 17600 13000 0 0
135 17800 13000 0 0
136 17800 12800 0 0
137 17800 12600 0 0
138 17800 12400 0 0
139 17800 12200 0 0
140 18000 12200 0 0
141 18000 12000 0 0
142 18000 11800 0 0
143 18000 11600 0 0
144 18000 11400 0 0
145 18000 11200 0 0
146 18000 11000 0 0
147 18000 10800 0 0
148 18000 10600 0 0
149 18000 10400 0 0
150 18000 10200 0 0
151 18000 10000 0 0
152 18000 9800 0 0
153 18200 9800 0 0
154 18200 9600 0 0
155 18200 9400 0 0
156 18200 9200 0 0
157 18200 9000 0 0
158 18200 8800 0 0
159 18200 8600 0 0
160 18200 8400 0 0
161 18200 8200 0 0
162 18200 8000 0 0
163 18200 7800 0 0
164 18200 7600 0 0
165 18200 7400 0 0
166 18200 7200 0 0
167 18200 7000 0 0
168 18200 6800 0 0
169 18200 6600 0 0
170 18200 6400 0 0
171 18000 6400 0 0
172 18000 6200 0 0
173 18200 6200 0 0
174 18200 6000 0 0
175 18200 5800 0 0
176 18200 5600 0 0
177 18200 5400 0 0
178 18200 5200 0 0
179 18200 5000 0 0
180 18200 4800 0 0
181 18200 4600 0 0
182 18200 4400 0 0
183 18200 4200 0 0
184 18200 4000 0 0
185 18200 3800 0 0
186 18200 3600 0 0
187 18200 3400 0 0
188 18200 3200 0 0
189 18200 3000 0 0
190 18200 2800 0 0
191 18200 2600 0 0
192 18200 2400 0 0
193 18200 2200 0 0
194 18200 2000 0 0
195 18200 1800 0 0
196 18400 1800 0 0
197 18400 1600 0 0
198 18400 1400 0 0
