0 1 100 0 0
1 2 100 0 0
2 3 100 0 0
3 4 100 0 0
4 5 100 0 0
5 6 100 0 0
6 7 100 0 0
7 8 100 0 0
8 9 100 0 0
9 10 100 0 0
10 11 100 0 0
11 12 100 0 0
12 13 100 0 0
13 14 100 0 0
14 15 100 0 0
15 16 100 0 0
16 17 100 0 0
17 18 100 0 0
18 19 100 0 0
19 20 100 0 0
20 21 100 0 0
21 22 100 0 0
22 23 100 0 0
23 23 99 0 0
24 24 99 0 0
25 25 99 0 0
26 26 99 0 0
27 27 99 0 0
28 28 99 0 0
29 29 99 0 0
30 30 99 0 0
31 31 99 0 0
32 32 99 0 0
33 33 99 0 0
34 34 99 0 0
35 35 99 0 0
36 36 99 0 0
37 37 99 0 0
38 38 99 0 0
39 39 99 0 0
40 40 99 0 0
41 41 99 0 0
42 42 99 0 0
43 43 99 0 0
44 44 99 0 0
45 45 99 0 0
46 46 99 0 0
47 47 99 0 0
48 48 99 0 0
49 49 99 0 0
50 50 99 0 0
51 51 99 0 0
52 52 99 0 0
53 53 99 0 0
54 54 99 0 0
55 54 98 0 0
56 55 98 0 0
57 56 98 0 0
58 57 98 0 0
59 58 98 0 0
60 59 98 0 0
61 59 97 0 0
62 60 97 0 0
63 61 97 0 0
64 62 97 0 0
65 62 96 0 0
66 63 96 0 0
67 64 96 0 0
68 64 95 0 0
69 65 95 0 0
70 66 95 0 0
71 66 94 0 0
72 67 94 0 0
73 68 94 0 0
74 68 93 0 0
75 69 93 0 0
76 70 93 0 0
77 70 92 0 0
78 71 92 0 0
79 71 91 0 0
80 72 91 0 0
81 72 90 0 0
82 73 90 0 0
83 73 89 0 0
84 74 89 0 0
85 74 88 0 0
86 75 88 0 0
87 75 87 0 0
88 76 87 0 0
89 76 86 0 0
90 77 86 0 0
91 78 86 0 0
92 78 85 0 0
93 79 85 0 0
94 79 84 0 0
95 80 84 0 0
96 80 83 0 0
97 81 83 0 0
98 81 82 0 0
99 82 82 0 0
100 82 81 0 0
101 83 81 0 0
102 83 80 0 0
103 84 80 0 0
104 84 79 0 0
105 85 79 0 0
106 85 78 0 0
107 85 77 0 0
108 85 76 0 0
109 85 75 0 0
110 85 74 0 0
111 85 73 0 0
112 85 72 0 0
113 85 71 0 0
114 86 71 0 0
115 86 70 0 0
116 86 69 0 0
117 87 69 0 0
118 87 68 0 0
119 87 67 0 0
120 88 67 0 0
121 88 66 0 0
122 88 65 0 0
123 89 65 0 0
124 89 64 0 0
125 89 63 0 0
126 89 62 0 0
127 89 61 0 0
128 89 60 0 0
129 90 60 0 0
130 90 59 0 0
131 90 58 0 0
132 90 57 0 0
133 90 56 0 0
134 90 55 0 0
135 90 54 0 0
136 90 53 0 0
137 90 52 0 0
138 90 51 0 0
139 91 51 0 0
140 91 50 0 0
141 91 49 0 0
142 91 48 0 0
143 91 47 0 0
144 91 46 0 0
145 91 45 0 0
146 91 44 0 0
147 91 43 0 0
148 92 43 0 0
149 92 42 0 0
150 92 41 0 0
151 92 40 0 0
152 92 39 0 0
153 92 38 0 0
154 92 37 0 0
155 92 36 0 0
156 92 35 0 0
157 92 34 0 0
158 92 33 0 0
159 92 32 0 0
160 92 31 0 0
161 92 30 0 0
162 92 29 0 0
163 92 28 0 0
164 92 27 0 0
165 92 26 0 0
166 92 25 0 0
167 92 24 0 0
168 92 23 0 0
169 92 22 0 0
170 92 21 0 0
171 92 20 0 0
172 92 19 0 0
173 92 18 0 0
174 92 17 0 0
175 92 16 0 0
176 92 15 0 0
177 92 14 0 0
178 92 13 0 0
179 92 12 0 0
180 92 11 0 0
181 92 10 0 0
182 91 10 0 0
183 91 9 0 0
184 91 8 0 0
185 91 7 0 0
186 91 6 0 0
