0 1 97 0 0
1 2 97 0 0
2 3 97 0 0
3 4 97 0 0
4 5 97 0 0
5 6 97 0 0
6 7 97 0 0
7 8 97 0 0
8 9 97 0 0
9 10 97 0 0
10 11 97 0 0
11 12 97 0 0
12 13 97 0 0
13 14 97 0 0
14 15 97 0 0
15 16 97 0 0
16 17 97 0 0
17 18 97 0 0
18 19 97 0 0
19 20 97 0 0
20 21 97 0 0
21 22 97 0 0
22 23 97 0 0
23 24 97 0 0
24 25 97 0 0
25 26 97 0 0
26 27 97 0 0
27 28 97 0 0
28 29 97 0 0
29 30 97 0 0
30 31 97 0 0
31 32 97 0 0
32 33 97 0 0
33 34 97 0 0
34 35 97 0 0
35 36 97 0 0
36 37 97 0 0
37 38 97 0 0
38 39 97 0 0
39 40 97 0 0
40 41 97 0 0
41 42 97 0 0
42 43 97 0 0
43 44 97 0 0
44 45 97 0 0
45 46 97 0 0
46 47 97 0 0
47 48 97 0 0
48 49 97 0 0
49 50 97 0 0
50 51 97 0 0
51 52 97 0 0
52 53 97 0 0
53 54 97 0 0
54 55 97 0 0
55 56 97 0 0
56 57 97 0 0
57 58 97 0 0
58 59 97 0 0
59 59 96 0 0
60 60 96 0 0
61 61 96 0 0
62 62 96 0 0
63 63 96 0 0
64 63 95 0 0
65 64 95 0 0
66 65 95 0 0
67 66 95 0 0
68 67 95 0 0
69 67 94 0 0
70 68 94 0 0
71 69 94 0 0
72 70 94 0 0
73 71 94 0 0
74 71 93 0 0
75 72 93 0 0
76 73 93 0 0
77 74 93 0 0
78 75 93 0 0
79 75 92 0 0
80 76 92 0 0
81 77 92 0 0
82 78 92 0 0
83 78 91 0 0
84 79 91 0 0
85 80 91 0 0
86 80 90 0 0
87 81 90 0 0
88 82 90 0 0
89 82 89 0 0
90 83 89 0 0
91 84 89 0 0
92 84 88 0 0
93 85 88 0 0
94 86 88 0 0
95 86 87 0 0
96 87 87 0 0
97 87 86 0 0
98 88 86 0 0
99 89 86 0 0
100 89 85 0 0
101 90 85 0 0
102 91 85 0 0
103 91 84 0 0
104 92 84 0 0
105 93 84 0 0
106 94 84 0 0
107 95 84 0 0
108 96 84 0 0
109 97 84 0 0
110 98 84 0 0
111 99 84 0 0
112 99 83 0 0
113 100 83 0 0
114 101 83 0 0
115 102 83 0 0
116 103 83 0 0
117 104 83 0 0
118 105 83 0 0
119 106 83 0 0
120 107 83 0 0
121 107 84 0 0
122 108 84 0 0
123 109 84 0 0
124 110 84 0 0
125 111 84 0 0
126 112 84 0 0
127 113 84 0 0
128 113 85 0 0
129 114 85 0 0
130 115 85 0 0
131 116 85 0 0
132 116 86 0 0
133 117 86 0 0
134 118 86 0 0
135 119 86 0 0
136 119 87 0 0
137 120 87 0 0
138 121 87 0 0
139 122 87 0 0
140 122 88 0 0
141 123 88 0 0
142 124 88 0 0
143 124 89 0 0
144 125 89 0 0
145 126 89 0 0
146 126 90 0 0
147 127 90 0 0
148 128 90 0 0
149 128 91 0 0
150 129 91 0 0
151 130 91 0 0
152 130 92 0 0
153 131 92 0 0
154 132 92 0 0
155 133 92 0 0
156 133 93 0 0
157 134 93 0 0
158 135 93 0 0
159 136 93 0 0
160 136 94 0 0
161 137 94 0 0
162 138 94 0 0
163 139 94 0 0
164 140 94 0 0
165 140 95 0 0
166 141 95 0 0
167 142 95 0 0
168 143 95 0 0
169 144 95 0 0
170 145 95 0 0
171 146 95 0 0
172 146 96 0 0
173 147 96 0 0
174 148 96 0 0
175 149 96 0 0
176 150 96 0 0
177 151 96 0 0
178 151 97 0 0
179 152 97 0 0
180 153 97 0 0
181 154 97 0 0
182 155 97 0 0
183 156 97 0 0
184 157 97 0 0
185 158 97 0 0
186 159 97 0 0
187 159 98 0 0
188 160 98 0 0
189 161 98 0 0
190 162 98 0 0
191 163 98 0 0
192 164 98 0 0
193 165 98 0 0
194 166 98 0 0
195 167 98 0 0
196 168 98 0 0
197 169 98 0 0
198 170 98 0 0
199 171 98 0 0
200 172 98 0 0
201 173 98 0 0
202 174 98 0 0
203 175 98 0 0
204 176 98 0 0
205 177 98 0 0
206 178 98 0 0
207 179 98 0 0
208 180 98 0 0
209 181 98 0 0
210 182 98 0 0
211 183 98 0 0
212 184 98 0 0
213 185 98 0 0
214 186 98 0 0
215 187 98 0 0
216 188 98 0 0
217 188 97 0 0
218 189 97 0 0
219 190 97 0 0
220 190 96 0 0
221 190 97 0 0
222 191 97 0 0
223 192 97 0 0
224 193 97 0 0
225 193 98 0 0
226 194 98 0 0
