0 400 20200 0 0
1 600 20200 0 0
2 600 20000 0 0
3 800 20000 0 0
4 1000 20000 0 0
5 1200 20000 0 0
6 1400 20000 0 0
7 1600 20000 0 0
8 1600 19800 0 0
9 1800 19800 0 0
10 2000 19800 0 0
11 2200 19800 0 0
12 2400 19800 0 0
13 2400 19600 0 0
14 2600 19600 0 0
15 2800 19600 0 0
16 3000 19600 0 0
17 3200 19600 0 0
18 3400 19600 0 0
19 3600 19600 0 0
20 3800 19600 0 0
21 4000 19600 0 0
22 4200 19600 0 0
23 4400 19600 0 0
24 4200 19600 0 0
25 4400 19600 0 0
26 4600 19600 0 0
27 4800 19600 0 0
28 5000 19600 0 0
29 5200 19600 0 0
30 5400 19600 0 0
31 5600 19600 0 0
32 5800 19600 0 0
33 6000 19600 0 0
34 6000 19800 0 0
35 6200 19800 0 0
36 6400 19800 0 0
37 6600 19800 0 0
38 6800 19800 0 0
39 7000 19800 0 0
40 7200 19800 0 0
41 7400 19800 0 0
42 7600 19800 0 0
43 7800 19800 0 0
44 8000 19800 0 0
45 8200 19800 0 0
46 8400 19800 0 0
47 8600 19800 0 0
48 8800 19800 0 0
49 8800 19600 0 0
50 9000 19600 0 0
51 9200 19600 0 0
52 9400 19600 0 0
53 9600 19600 0 0
54 9800 19600 0 0
55 10000 19600 0 0
56 10200 19600 0 0
57 10400 19600 0 0
58 10600 19600 0 0
59 10800 19600 0 0
60 10800 19400 0 0
61 11000 19400 0 0
62 11200 19400 0 0
63 11400 19400 0 0
64 11600 19400 0 0
65 11800 19400 0 0
66 12000 19400 0 0
67 12200 19400 0 0
68 12200 19200 0 0
69 12400 19200 0 0
70 12600 19200 0 0
71 12800 19200 0 0
72 13000 19200 0 0
73 13000 19000 0 0
74 13200 19000 0 0
75 13400 19000 0 0
76 13600 19000 0 0
77 13800 19000 0 0
78 13800 18800 0 0
79 14000 18800 0 0
80 14200 18800 0 0
81 14400 18800 0 0
82 14600 18800 0 0
83 14600 18600 0 0
84 14800 18600 0 0
85 15000 18600 0 0
86 15000 18400 0 0
87 15200 18400 0 0
88 15400 18400 0 0
89 15400 18200 0 0
90 15600 18200 0 0
91 15600 18000 0 0
92 15800 18000 0 0
93 15800 17800 0 0
94 16000 17800 0 0
95 16200 17800 0 0
96 16200 17600 0 0
97 16400 17600 0 0
98 16400 17400 0 0
99 16600 17400 0 0
100 16800 17400 0 0
101 16800 17200 0 0
102 17000 17200 0 0
103 17200 17200 0 0
104 17200 17000 0 0
105 17400 17000 0 0
106 17600 17000 0 0
107 17800 17000 0 0
108 17800 16800 0 0
109 18000 16800 0 0
110 18200 16800 0 0
111 18400 16800 0 0
112 18400 16600 0 0
113 18600 16600 0 0
114 18600 16400 0 0
115 18800 16400 0 0
116 18800 16200 0 0
117 18800 16000 0 0
118 18800 15800 0 0
119 19000 15800 0 0
120 19200 15800 0 0
121 19400 15800 0 0
122 19400 15600 0 0
123 19600 15600 0 0
124 19800 15600 0 0
125 20000 15600 0 0
126 20200 15600 0 0
127 20400 15600 0 0
128 20600 15600 0 0
129 20800 15600 0 0
130 21000 15600 0 0
131 21200 15600 0 0
132 21200 15800 0 0
133 21400 15800 0 0
134 21600 15800 0 0
135 21600 16000 0 0
136 21600 16200 0 0
137 21800 16200 0 0
138 22000 16200 0 0
139 22200 16200 0 0
140 22400 16200 0 0
141 22400 16400 0 0
142 22600 16400 0 0
143 22800 16400 0 0
144 22800 16600 0 0
145 23000 16600 0 0
146 23200 16600 0 0
147 23200 16800 0 0
148 23400 16800 0 0
149 23400 17000 0 0
150 23600 17000 0 0
151 23800 17000 0 0
152 23800 17200 0 0
153 24000 17200 0 0
154 24200 17200 0 0
155 24200 17400 0 0
156 24400 17400 0 0
157 24600 17400 0 0
158 24800 17400 0 0
159 24800 17600 0 0
160 25000 17600 0 0
161 25200 17600 0 0
162 25400 17600 0 0
163 25400 17800 0 0
164 25600 17800 0 0
165 25800 17800 0 0
166 26000 17800 0 0
167 26000 18000 0 0
168 26200 18000 0 0
169 26400 18000 0 0
170 26400 18200 0 0
171 26600 18200 0 0
172 26800 18200 0 0
173 27000 18200 0 0
174 27000 18400 0 0
175 27200 18400 0 0
176 27400 18400 0 0
177 27600 18400 0 0
178 27600 18600 0 0
179 27800 18600 0 0
180 28000 18600 0 0
181 28200 18600 0 0
182 28400 18600 0 0
183 28400 18800 0 0
184 28600 18800 0 0
185 28800 18800 0 0
186 29000 18800 0 0
187 29200 18800 0 0
188 29200 19000 0 0
189 29400 19000 0 0
190 29600 19000 0 0
191 29800 19000 0 0
192 30000 19000 0 0
193 30200 19000 0 0
194 30400 19000 0 0
195 30400 19200 0 0
196 30600 19200 0 0
197 30800 19200 0 0
198 31000 19200 0 0
199 31200 19200 0 0
200 31400 19200 0 0
201 31600 19200 0 0
202 31800 19200 0 0
203 32000 19200 0 0
204 32200 19200 0 0
205 32400 19200 0 0
206 32600 19200 0 0
207 32800 19200 0 0
208 33000 19200 0 0
209 33200 19200 0 0
210 33400 19200 0 0
211 33600 19200 0 0
212 33800 19200 0 0
213 34000 19200 0 0
214 34200 19200 0 0
215 34400 19200 0 0
216 34600 19200 0 0
217 34800 19200 0 0
218 35000 19200 0 0
219 35200 19200 0 0
220 35400 19200 0 0
221 35600 19200 0 0
222 35800 19200 0 0
223 36000 19200 0 0
224 36200 19200 0 0
225 36400 19200 0 0
226 36600 19200 0 0
227 36800 19200 0 0
228 37000 19200 0 0
229 37200 19200 0 0
230 37400 19200 0 0
231 37600 19200 0 0
232 37800 19200 0 0
233 38000 19200 0 0
234 38200 19200 0 0
235 38400 19200 0 0
236 38600 19200 0 0
237 38800 19200 0 0
238 39000 19200 0 0
