0 37800 20800 0 0
1 37600 20800 0 0
2 37400 20800 0 0
3 37200 20800 0 0
4 37000 20800 0 0
5 36800 20800 0 0
6 36600 20800 0 0
7 36400 20800 0 0
8 36200 20800 0 0
9 36000 20800 0 0
10 35800 20800 0 0
11 35800 21000 0 0
12 35600 21000 0 0
13 35400 21000 0 0
14 35200 21000 0 0
15 35000 21000 0 0
16 34800 21000 0 0
17 34600 21000 0 0
18 34400 21000 0 0
19 34200 21000 0 0
20 34200 21200 0 0
21 34000 21200 0 0
22 33800 21200 0 0
23 33800 21400 0 0
24 33600 21400 0 0
25 33400 21400 0 0
26 33400 21600 0 0
27 33200 21600 0 0
28 33000 21600 0 0
29 33000 21800 0 0
30 32800 21800 0 0
31 32600 21800 0 0
32 32400 21800 0 0
33 32400 21600 0 0
34 32200 21600 0 0
35 32200 21400 0 0
36 32200 21600 0 0
37 32000 21600 0 0
38 31800 21600 0 0
39 31600 21600 0 0
40 31400 21600 0 0
41 31200 21600 0 0
42 31200 21800 0 0
43 31000 21800 0 0
44 30800 21800 0 0
45 30600 21800 0 0
46 30400 21800 0 0
47 30200 21800 0 0
48 30000 21800 0 0
49 29800 21800 0 0
50 29600 21800 0 0
51 29400 21800 0 0
52 29200 21800 0 0
53 29000 21800 0 0
54 28800 21800 0 0
55 28800 21600 0 0
56 28600 21600 0 0
57 28400 21600 0 0
58 28200 21600 0 0
59 28000 21600 0 0
60 27800 21600 0 0
61 27600 21600 0 0
62 27400 21600 0 0
63 27200 21600 0 0
64 27000 21600 0 0
65 26800 21600 0 0
66 26600 21600 0 0
67 26400 21600 0 0
68 26200 21600 0 0
69 26000 21600 0 0
70 26000 21800 0 0
71 25800 21800 0 0
72 25600 21800 0 0
73 25400 21800 0 0
74 25400 22000 0 0
75 25200 22000 0 0
76 25000 22000 0 0
77 25000 22200 0 0
78 24800 22200 0 0
79 24600 22200 0 0
80 24600 22400 0 0
81 24400 22400 0 0
82 24200 22400 0 0
83 24200 22600 0 0
84 24000 22600 0 0
85 23800 22600 0 0
86 23800 22800 0 0
87 23600 22800 0 0
88 23400 22800 0 0
89 23200 22800 0 0
90 23000 22800 0 0
91 22800 22800 0 0
92 22600 22800 0 0
93 22400 22800 0 0
94 22200 22800 0 0
95 22000 22800 0 0
96 21800 22800 0 0
97 21600 22800 0 0
98 21400 22800 0 0
99 21200 22800 0 0
100 21000 22800 0 0
101 20800 22800 0 0
102 20600 22800 0 0
103 20400 22800 0 0
104 20400 22600 0 0
105 20200 22600 0 0
106 20000 22600 0 0
107 20000 22400 0 0
108 19800 22400 0 0
109 19600 22400 0 0
110 19600 22200 0 0
111 19400 22200 0 0
112 19200 22200 0 0
113 19200 22000 0 0
114 19000 22000 0 0
115 19000 21800 0 0
116 18800 21800 0 0
117 18800 21600 0 0
118 18600 21600 0 0
119 18600 21400 0 0
120 18600 21200 0 0
121 18400 21200 0 0
122 18400 21000 0 0
123 18200 21000 0 0
124 18200 20800 0 0
125 18200 20600 0 0
126 18000 20600 0 0
127 18000 20400 0 0
128 17800 20400 0 0
129 17800 20200 0 0
130 17800 20000 0 0
131 17600 20000 0 0
132 17600 19800 0 0
133 17600 19600 0 0
134 17600 19400 0 0
135 17600 19200 0 0
136 17600 19000 0 0
137 17600 18800 0 0
138 17600 18600 0 0
139 17600 18400 0 0
140 17600 18200 0 0
141 17600 18000 0 0
142 17600 17800 0 0
143 17600 17600 0 0
144 17600 17400 0 0
145 17600 17200 0 0
146 17600 17000 0 0
147 17600 16800 0 0
148 17600 16600 0 0
149 17600 16400 0 0
150 17600 16200 0 0
151 17600 16000 0 0
152 17600 15800 0 0
153 17600 15600 0 0
154 17600 15400 0 0
155 17600 15200 0 0
156 17600 15000 0 0
157 17800 15000 0 0
158 17800 14800 0 0
159 17800 14600 0 0
160 17800 14400 0 0
161 17800 14200 0 0
162 18000 14200 0 0
163 18000 14000 0 0
164 18000 13800 0 0
165 18000 13600 0 0
166 18000 13400 0 0
167 18000 13200 0 0
168 18200 13200 0 0
169 18200 13000 0 0
170 18200 12800 0 0
171 18200 12600 0 0
172 18200 12400 0 0
173 18400 12400 0 0
174 18400 12200 0 0
175 18400 12000 0 0
176 18400 11800 0 0
177 18400 11600 0 0
178 18400 11400 0 0
179 18400 11200 0 0
180 18400 11000 0 0
181 18400 10800 0 0
182 18400 10600 0 0
183 18400 10400 0 0
184 18400 10200 0 0
185 18400 10000 0 0
186 18400 9800 0 0
187 18600 9800 0 0
188 18600 9600 0 0
189 18600 9400 0 0
190 18600 9200 0 0
191 18600 9000 0 0
192 18600 8800 0 0
193 18600 8600 0 0
194 18600 8400 0 0
195 18600 8200 0 0
196 18600 8000 0 0
197 18600 7800 0 0
198 18600 7600 0 0
199 18600 7400 0 0
200 18600 7200 0 0
201 18600 7000 0 0
202 18600 6800 0 0
203 18600 6600 0 0
204 18600 6400 0 0
205 18600 6200 0 0
206 18600 6000 0 0
207 18600 5800 0 0
208 18600 5600 0 0
209 18800 5600 0 0
210 18800 5400 0 0
211 18800 5200 0 0
212 18800 5000 0 0
213 18800 4800 0 0
214 18800 4600 0 0
215 18800 4400 0 0
216 18800 4200 0 0
217 18800 4000 0 0
218 18800 3800 0 0
219 18800 3600 0 0
220 18800 3400 0 0
221 18800 3200 0 0
222 18800 3000 0 0
223 18600 3000 0 0
224 18600 2800 0 0
225 18600 2600 0 0
226 18600 2400 0 0
227 18600 2200 0 0
228 18600 2000 0 0
229 18600 1800 0 0
230 18600 1600 0 0
231 18600 1400 0 0
