0 90 232 0 0
1 90 231 0 0
2 90 230 0 0
3 90 229 0 0
4 90 228 0 0
5 90 227 0 0
6 90 226 0 0
7 90 225 0 0
8 90 224 0 0
9 90 223 0 0
10 90 222 0 0
11 90 221 0 0
12 90 220 0 0
13 90 219 0 0
14 90 218 0 0
15 90 217 0 0
16 90 216 0 0
17 90 215 0 0
18 90 214 0 0
19 90 213 0 0
20 90 212 0 0
21 90 211 0 0
22 90 210 0 0
23 90 209 0 0
24 90 208 0 0
25 90 207 0 0
26 90 206 0 0
27 90 205 0 0
28 90 204 0 0
29 90 203 0 0
30 90 202 0 0
31 90 201 0 0
32 90 200 0 0
33 91 200 0 0
34 91 199 0 0
35 91 198 0 0
36 91 197 0 0
37 91 196 0 0
38 91 195 0 0
39 91 194 0 0
40 91 193 0 0
41 91 192 0 0
42 91 191 0 0
43 91 190 0 0
44 91 189 0 0
45 91 188 0 0
46 91 187 0 0
47 91 186 0 0
48 91 185 0 0
49 91 184 0 0
50 91 183 0 0
51 91 182 0 0
52 91 181 0 0
53 91 180 0 0
54 91 179 0 0
55 91 178 0 0
56 91 177 0 0
57 91 176 0 0
58 91 175 0 0
59 91 174 0 0
60 91 173 0 0
61 91 172 0 0
62 91 171 0 0
63 90 171 0 0
64 90 170 0 0
65 90 169 0 0
66 90 168 0 0
67 90 167 0 0
68 90 166 0 0
69 90 165 0 0
70 90 164 0 0
71 89 164 0 0
72 89 163 0 0
73 89 162 0 0
74 89 161 0 0
75 89 160 0 0
76 89 159 0 0
77 89 158 0 0
78 88 158 0 0
79 88 157 0 0
80 88 156 0 0
81 88 155 0 0
82 88 154 0 0
83 88 153 0 0
84 88 152 0 0
85 87 152 0 0
86 87 151 0 0
87 87 150 0 0
88 87 149 0 0
89 87 148 0 0
90 87 147 0 0
91 86 147 0 0
92 86 146 0 0
93 86 145 0 0
94 86 144 0 0
95 85 144 0 0
96 85 143 0 0
97 85 142 0 0
98 85 141 0 0
99 85 140 0 0
100 85 139 0 0
101 84 139 0 0
102 84 138 0 0
103 84 137 0 0
104 84 136 0 0
105 83 136 0 0
106 83 135 0 0
107 83 134 0 0
108 83 133 0 0
109 83 132 0 0
110 82 132 0 0
111 82 131 0 0
112 82 130 0 0
113 82 129 0 0
114 81 129 0 0
115 81 128 0 0
116 81 127 0 0
117 81 126 0 0
118 80 126 0 0
119 80 125 0 0
120 80 124 0 0
121 80 123 0 0
122 79 123 0 0
123 79 122 0 0
124 79 121 0 0
125 78 121 0 0
126 78 120 0 0
127 78 119 0 0
128 77 119 0 0
129 77 118 0 0
130 77 117 0 0
131 76 117 0 0
132 76 116 0 0
133 76 115 0 0
134 75 115 0 0
135 75 114 0 0
136 74 114 0 0
137 74 113 0 0
138 74 112 0 0
139 73 112 0 0
140 72 112 0 0
141 72 111 0 0
142 72 110 0 0
143 71 110 0 0
144 70 110 0 0
145 70 109 0 0
146 69 109 0 0
147 68 109 0 0
148 68 108 0 0
149 67 108 0 0
150 66 108 0 0
151 66 107 0 0
152 65 107 0 0
153 64 107 0 0
154 63 107 0 0
155 62 107 0 0
156 61 107 0 0
157 60 107 0 0
158 59 107 0 0
159 58 107 0 0
160 58 108 0 0
161 57 108 0 0
162 56 108 0 0
163 55 108 0 0
164 54 108 0 0
165 53 108 0 0
166 52 108 0 0
167 51 108 0 0
168 50 108 0 0
169 49 108 0 0
170 48 108 0 0
171 47 108 0 0
172 46 108 0 0
173 46 107 0 0
174 46 108 0 0
175 45 108 0 0
176 45 107 0 0
177 44 107 0 0
178 43 107 0 0
179 42 107 0 0
180 41 107 0 0
181 40 107 0 0
182 39 107 0 0
183 38 107 0 0
184 37 107 0 0
185 36 107 0 0
186 36 108 0 0
187 35 108 0 0
188 34 108 0 0
189 33 108 0 0
190 32 108 0 0
191 31 108 0 0
192 30 108 0 0
193 29 108 0 0
194 28 108 0 0
195 27 108 0 0
196 26 108 0 0
197 25 108 0 0
198 24 108 0 0
199 23 108 0 0
200 22 108 0 0
201 21 108 0 0
202 21 107 0 0
203 21 108 0 0
204 20 108 0 0
205 19 108 0 0
206 18 108 0 0
207 17 108 0 0
208 16 108 0 0
209 15 108 0 0
210 14 108 0 0
211 13 108 0 0
212 12 108 0 0
213 11 108 0 0
214 10 108 0 0
215 9 108 0 0
216 8 108 0 0
217 7 108 0 0
218 7 107 0 0
219 6 107 0 0
220 5 107 0 0
221 4 107 0 0
