0 2 100 0 0
1 3 100 0 0
2 4 100 0 0
3 5 100 0 0
4 4 100 0 0
5 5 100 0 0
6 4 100 0 0
7 5 100 0 0
8 6 100 0 0
9 5 100 0 0
10 6 100 0 0
11 7 100 0 0
12 6 100 0 0
13 7 100 0 0
14 8 100 0 0
15 7 100 0 0
16 8 100 0 0
17 9 100 0 0
18 8 100 0 0
19 9 100 0 0
20 10 100 0 0
21 9 100 0 0
22 10 100 0 0
23 9 100 0 0
24 10 100 0 0
25 11 100 0 0
26 12 100 0 0
27 11 100 0 0
28 12 100 0 0
29 11 100 0 0
30 12 100 0 0
31 13 100 0 0
32 12 100 0 0
33 13 100 0 0
34 14 100 0 0
35 13 100 0 0
36 13 99 0 0
37 14 99 0 0
38 15 99 0 0
39 14 99 0 0
40 15 99 0 0
41 16 99 0 0
42 15 99 0 0
43 16 99 0 0
44 17 99 0 0
45 16 99 0 0
46 17 99 0 0
47 18 99 0 0
48 17 99 0 0
49 18 99 0 0
50 19 99 0 0
51 18 99 0 0
52 19 99 0 0
53 20 99 0 0
54 19 99 0 0
55 20 99 0 0
56 19 99 0 0
57 20 99 0 0
58 21 99 0 0
59 20 99 0 0
60 21 99 0 0
61 22 99 0 0
62 21 99 0 0
63 22 99 0 0
64 23 99 0 0
65 22 99 0 0
66 23 99 0 0
67 24 99 0 0
68 23 99 0 0
69 24 99 0 0
70 25 99 0 0
71 24 99 0 0
72 25 99 0 0
73 24 99 0 0
74 25 99 0 0
75 26 99 0 0
76 25 99 0 0
77 26 99 0 0
78 27 99 0 0
79 26 99 0 0
80 27 99 0 0
81 28 99 0 0
82 27 99 0 0
83 28 99 0 0
84 29 99 0 0
85 28 99 0 0
86 29 99 0 0
87 30 99 0 0
88 29 99 0 0
89 30 99 0 0
90 31 99 0 0
91 30 99 0 0
92 31 99 0 0
93 32 99 0 0
94 31 99 0 0
95 32 99 0 0
96 33 99 0 0
97 32 99 0 0
98 33 99 0 0
99 32 99 0 0
100 33 99 0 0
101 34 99 0 0
102 33 99 0 0
103 34 99 0 0
104 35 99 0 0
105 34 99 0 0
106 35 99 0 0
107 35 98 0 0
108 36 98 0 0
109 35 98 0 0
110 36 98 0 0
111 37 98 0 0
112 36 98 0 0
113 37 98 0 0
114 38 98 0 0
115 37 98 0 0
116 38 98 0 0
117 39 98 0 0
118 38 98 0 0
119 39 98 0 0
120 40 98 0 0
121 39 98 0 0
122 40 98 0 0
123 39 98 0 0
124 40 98 0 0
125 41 98 0 0
126 42 98 0 0
127 41 98 0 0
128 42 98 0 0
129 41 98 0 0
130 42 98 0 0
131 43 98 0 0
132 42 98 0 0
133 43 98 0 0
134 44 98 0 0
135 43 98 0 0
136 44 98 0 0
137 45 98 0 0
138 44 98 0 0
139 45 98 0 0
140 46 98 0 0
141 45 98 0 0
142 46 98 0 0
143 45 98 0 0
144 46 98 0 0
145 47 98 0 0
146 48 98 0 0
147 47 98 0 0
148 48 98 0 0
149 47 98 0 0
150 48 98 0 0
151 48 97 0 0
152 49 97 0 0
153 48 97 0 0
154 49 97 0 0
155 50 97 0 0
156 49 97 0 0
157 50 97 0 0
158 51 97 0 0
159 50 97 0 0
160 51 97 0 0
161 52 97 0 0
162 51 97 0 0
163 52 97 0 0
164 53 97 0 0
165 52 97 0 0
166 53 97 0 0
167 54 97 0 0
168 53 97 0 0
169 54 97 0 0
170 55 97 0 0
171 54 97 0 0
172 55 97 0 0
173 54 97 0 0
174 55 97 0 0
175 56 97 0 0
176 57 97 0 0
177 56 97 0 0
178 57 97 0 0
179 56 97 0 0
180 57 97 0 0
181 58 97 0 0
182 57 97 0 0
183 58 97 0 0
184 59 97 0 0
185 58 97 0 0
186 59 97 0 0
187 60 97 0 0
188 59 97 0 0
189 60 97 0 0
190 61 97 0 0
191 60 97 0 0
192 61 97 0 0
193 62 97 0 0
194 61 97 0 0
195 61 96 0 0
196 62 96 0 0
197 63 96 0 0
198 62 96 0 0
199 63 96 0 0
200 62 96 0 0
201 63 96 0 0
202 64 96 0 0
203 63 96 0 0
204 64 96 0 0
205 65 96 0 0
206 64 96 0 0
207 65 96 0 0
208 66 96 0 0
209 65 96 0 0
210 66 96 0 0
211 67 96 0 0
212 66 96 0 0
213 67 96 0 0
214 68 96 0 0
215 67 96 0 0
216 68 96 0 0
217 69 96 0 0
218 68 96 0 0
219 69 96 0 0
220 70 96 0 0
221 69 96 0 0
222 70 96 0 0
223 69 96 0 0
224 70 96 0 0
225 70 95 0 0
226 71 95 0 0
227 72 95 0 0
228 71 95 0 0
229 72 95 0 0
230 71 95 0 0
231 72 95 0 0
232 73 95 0 0
233 72 95 0 0
234 73 95 0 0
235 74 95 0 0
236 73 95 0 0
237 74 95 0 0
238 75 95 0 0
239 74 95 0 0
240 75 95 0 0
241 75 94 0 0
242 76 94 0 0
243 75 94 0 0
244 76 94 0 0
245 77 94 0 0
246 76 94 0 0
247 77 94 0 0
248 78 94 0 0
249 77 94 0 0
250 78 94 0 0
251 79 94 0 0
252 78 94 0 0
253 79 94 0 0
254 80 94 0 0
255 79 94 0 0
256 80 94 0 0
257 79 94 0 0
258 79 93 0 0
259 80 93 0 0
260 81 93 0 0
261 82 93 0 0
262 81 93 0 0
263 82 93 0 0
264 81 93 0 0
265 82 93 0 0
266 83 93 0 0
267 82 93 0 0
268 83 93 0 0
269 84 93 0 0
270 83 93 0 0
271 84 93 0 0
272 85 93 0 0
273 84 93 0 0
274 84 92 0 0
275 85 92 0 0
276 86 92 0 0
277 85 92 0 0
278 86 92 0 0
279 87 92 0 0
280 86 92 0 0
281 87 92 0 0
282 88 92 0 0
283 87 92 0 0
284 88 92 0 0
285 89 92 0 0
286 88 92 0 0
287 89 92 0 0
288 90 92 0 0
289 89 92 0 0
290 89 91 0 0
291 90 91 0 0
292 89 91 0 0
293 90 91 0 0
294 91 91 0 0
295 92 91 0 0
296 91 91 0 0
297 92 91 0 0
298 91 91 0 0
299 92 91 0 0
300 93 91 0 0
301 92 91 0 0
302 93 91 0 0
303 94 91 0 0
304 93 91 0 0
305 94 91 0 0
306 94 90 0 0
307 95 90 0 0
308 94 90 0 0
309 95 90 0 0
310 96 90 0 0
311 95 90 0 0
312 96 90 0 0
313 97 90 0 0
314 96 90 0 0
315 97 90 0 0
316 98 90 0 0
317 97 90 0 0
318 98 90 0 0
319 99 90 0 0
320 98 90 0 0
321 99 90 0 0
322 99 89 0 0
323 100 89 0 0
324 99 89 0 0
325 100 89 0 0
326 99 89 0 0
327 100 89 0 0
328 101 89 0 0
329 102 89 0 0
330 101 89 0 0
331 102 89 0 0
332 101 89 0 0
333 102 89 0 0
334 103 89 0 0
335 102 89 0 0
336 103 89 0 0
337 104 89 0 0
338 103 89 0 0
339 104 89 0 0
340 105 89 0 0
341 104 89 0 0
342 105 89 0 0
343 106 89 0 0
344 105 89 0 0
345 106 89 0 0
346 105 89 0 0
347 106 89 0 0
348 107 89 0 0
349 106 89 0 0
350 107 89 0 0
351 107 90 0 0
352 108 90 0 0
353 107 90 0 0
354 108 90 0 0
355 109 90 0 0
356 108 90 0 0
357 109 90 0 0
358 110 90 0 0
359 109 90 0 0
360 110 90 0 0
361 111 90 0 0
362 110 90 0 0
363 111 90 0 0
364 112 90 0 0
365 111 90 0 0
366 112 90 0 0
367 111 90 0 0
368 112 90 0 0
369 113 90 0 0
370 112 90 0 0
371 113 90 0 0
372 114 90 0 0
373 113 90 0 0
374 114 90 0 0
375 115 90 0 0
376 114 90 0 0
377 115 90 0 0
378 116 90 0 0
379 115 90 0 0
380 116 90 0 0
381 117 90 0 0
382 116 90 0 0
383 117 90 0 0
384 118 90 0 0
385 117 90 0 0
386 118 90 0 0
387 119 90 0 0
388 118 90 0 0
389 118 91 0 0
390 119 91 0 0
391 118 91 0 0
392 119 91 0 0
393 120 91 0 0
394 119 91 0 0
395 120 91 0 0
396 121 91 0 0
397 120 91 0 0
398 121 91 0 0
399 122 91 0 0
400 121 91 0 0
401 122 91 0 0
402 123 91 0 0
403 122 91 0 0
404 123 91 0 0
405 122 91 0 0
406 123 91 0 0
407 124 91 0 0
408 123 91 0 0
409 124 91 0 0
410 125 91 0 0
411 124 91 0 0
412 125 91 0 0
413 126 91 0 0
414 125 91 0 0
415 126 91 0 0
416 127 91 0 0
417 126 91 0 0
418 127 91 0 0
419 128 91 0 0
420 127 91 0 0
421 128 91 0 0
422 127 91 0 0
423 128 91 0 0
424 129 91 0 0
425 130 91 0 0
426 129 91 0 0
427 129 92 0 0
428 130 92 0 0
429 129 92 0 0
430 130 92 0 0
431 131 92 0 0
432 130 92 0 0
433 131 92 0 0
434 132 92 0 0
435 133 92 0 0
436 132 92 0 0
437 133 92 0 0
438 133 93 0 0
439 134 93 0 0
440 133 93 0 0
441 134 93 0 0
442 135 93 0 0
443 134 93 0 0
444 135 93 0 0
445 136 93 0 0
446 135 93 0 0
447 136 93 0 0
448 135 93 0 0
449 136 93 0 0
450 136 94 0 0
451 137 94 0 0
452 136 94 0 0
453 137 94 0 0
454 136 94 0 0
455 137 94 0 0
456 138 94 0 0
457 137 94 0 0
458 138 94 0 0
459 137 94 0 0
460 138 94 0 0
461 139 94 0 0
462 138 94 0 0
463 138 95 0 0
464 139 95 0 0
465 140 95 0 0
466 139 95 0 0
467 140 95 0 0
468 141 95 0 0
469 140 95 0 0
470 141 95 0 0
471 142 95 0 0
472 141 95 0 0
473 142 95 0 0
474 143 95 0 0
475 142 95 0 0
476 143 95 0 0
477 144 95 0 0
478 143 95 0 0
479 144 95 0 0
480 145 95 0 0
481 146 95 0 0
482 145 95 0 0
483 146 95 0 0
484 147 95 0 0
485 146 95 0 0
486 147 95 0 0
487 148 95 0 0
488 147 95 0 0
489 148 95 0 0
490 149 95 0 0
491 148 95 0 0
492 148 94 0 0
493 149 94 0 0
494 149 95 0 0
495 150 95 0 0
496 149 95 0 0
497 150 95 0 0
498 151 95 0 0
499 150 95 0 0
500 151 95 0 0
501 150 95 0 0
502 151 95 0 0
503 152 95 0 0
504 151 95 0 0
505 152 95 0 0
506 153 95 0 0
507 152 95 0 0
508 153 95 0 0
509 152 95 0 0
510 153 95 0 0
511 153 96 0 0
512 154 96 0 0
513 153 96 0 0
514 154 96 0 0
515 155 96 0 0
516 154 96 0 0
517 155 96 0 0
518 156 96 0 0
519 155 96 0 0
520 156 96 0 0
521 157 96 0 0
522 156 96 0 0
523 156 97 0 0
524 157 97 0 0
525 158 97 0 0
526 157 97 0 0
527 158 97 0 0
528 159 97 0 0
529 158 97 0 0
530 159 97 0 0
531 160 97 0 0
532 159 97 0 0
533 160 97 0 0
534 161 97 0 0
535 160 97 0 0
536 161 97 0 0
537 161 98 0 0
538 162 98 0 0
539 161 98 0 0
540 162 98 0 0
541 163 98 0 0
542 162 98 0 0
543 163 98 0 0
544 164 98 0 0
545 163 98 0 0
546 164 98 0 0
547 165 98 0 0
548 164 98 0 0
549 165 98 0 0
550 166 98 0 0
551 165 98 0 0
552 166 98 0 0
553 166 99 0 0
554 167 99 0 0
555 166 99 0 0
556 167 99 0 0
557 168 99 0 0
558 167 99 0 0
559 168 99 0 0
560 169 99 0 0
561 168 99 0 0
562 169 99 0 0
563 170 99 0 0
564 169 99 0 0
565 170 99 0 0
566 169 99 0 0
567 170 99 0 0
568 171 99 0 0
569 170 99 0 0
570 171 99 0 0
571 172 99 0 0
572 171 99 0 0
573 172 99 0 0
574 173 99 0 0
575 172 99 0 0
576 173 99 0 0
577 174 99 0 0
578 173 99 0 0
579 174 99 0 0
580 175 99 0 0
581 174 99 0 0
582 175 99 0 0
583 174 99 0 0
584 175 99 0 0
585 176 99 0 0
586 177 99 0 0
587 176 99 0 0
588 177 99 0 0
589 176 99 0 0
590 177 99 0 0
591 178 99 0 0
592 177 99 0 0
593 178 99 0 0
594 179 99 0 0
595 178 99 0 0
596 179 99 0 0
597 180 99 0 0
598 179 99 0 0
599 180 99 0 0
600 181 99 0 0
601 180 99 0 0
602 181 99 0 0
603 182 99 0 0
604 181 99 0 0
605 182 99 0 0
606 183 99 0 0
607 182 99 0 0
608 183 99 0 0
609 182 99 0 0
610 183 99 0 0
611 184 99 0 0
612 183 99 0 0
613 184 99 0 0
614 185 99 0 0
615 184 99 0 0
616 185 99 0 0
617 186 99 0 0
618 185 99 0 0
619 186 99 0 0
620 187 99 0 0
621 186 99 0 0
622 187 99 0 0
623 187 100 0 0
624 188 100 0 0
625 187 100 0 0
626 188 100 0 0
627 189 100 0 0
628 188 100 0 0
629 189 100 0 0
630 190 100 0 0
631 189 100 0 0
632 190 100 0 0
633 191 100 0 0
634 190 100 0 0
635 191 100 0 0
636 192 100 0 0
637 191 100 0 0
638 192 100 0 0
639 193 100 0 0
640 192 100 0 0
641 193 100 0 0
642 194 100 0 0
643 193 100 0 0
644 194 100 0 0
645 195 100 0 0
646 194 100 0 0
647 195 100 0 0
648 196 100 0 0
649 195 100 0 0
650 196 100 0 0
