0 87 232 0 0
1 87 231 0 0
2 87 230 0 0
3 87 229 0 0
4 87 228 0 0
5 88 228 0 0
6 88 227 0 0
7 88 226 0 0
8 88 225 0 0
9 88 224 0 0
10 88 223 0 0
11 88 222 0 0
12 88 221 0 0
13 88 220 0 0
14 88 219 0 0
15 88 218 0 0
16 88 217 0 0
17 88 216 0 0
18 88 215 0 0
19 88 214 0 0
20 88 213 0 0
21 88 212 0 0
22 89 212 0 0
23 89 211 0 0
24 89 210 0 0
25 89 209 0 0
26 89 208 0 0
27 89 207 0 0
28 89 206 0 0
29 89 205 0 0
30 89 204 0 0
31 89 203 0 0
32 90 203 0 0
33 90 202 0 0
34 90 201 0 0
35 90 200 0 0
36 90 199 0 0
37 90 198 0 0
38 90 197 0 0
39 90 196 0 0
40 90 195 0 0
41 90 194 0 0
42 90 193 0 0
43 90 192 0 0
44 90 191 0 0
45 90 190 0 0
46 90 189 0 0
47 90 188 0 0
48 90 187 0 0
49 90 186 0 0
50 91 186 0 0
51 91 185 0 0
52 91 184 0 0
53 91 183 0 0
54 91 182 0 0
55 91 181 0 0
56 91 180 0 0
57 91 179 0 0
58 91 178 0 0
59 91 177 0 0
60 91 176 0 0
61 91 175 0 0
62 91 174 0 0
63 91 173 0 0
64 91 172 0 0
65 91 171 0 0
66 91 170 0 0
67 91 169 0 0
68 91 168 0 0
69 91 167 0 0
70 91 166 0 0
71 91 165 0 0
72 91 164 0 0
73 91 163 0 0
74 91 162 0 0
75 91 161 0 0
76 91 160 0 0
77 91 159 0 0
78 91 158 0 0
79 91 157 0 0
80 91 156 0 0
81 91 155 0 0
82 91 154 0 0
83 91 153 0 0
84 91 152 0 0
85 91 151 0 0
86 91 150 0 0
87 91 149 0 0
88 91 148 0 0
89 91 147 0 0
90 91 146 0 0
91 91 145 0 0
92 91 144 0 0
93 91 143 0 0
94 90 143 0 0
95 90 142 0 0
96 90 141 0 0
97 90 140 0 0
98 90 139 0 0
99 90 138 0 0
100 90 137 0 0
101 89 137 0 0
102 89 136 0 0
103 89 135 0 0
104 89 134 0 0
105 89 133 0 0
106 89 132 0 0
107 89 131 0 0
108 88 131 0 0
109 88 130 0 0
110 88 129 0 0
111 87 129 0 0
112 87 128 0 0
113 87 127 0 0
114 86 127 0 0
115 86 126 0 0
116 86 125 0 0
117 85 125 0 0
118 85 124 0 0
119 85 123 0 0
120 84 123 0 0
121 84 122 0 0
122 84 121 0 0
123 84 120 0 0
124 83 120 0 0
125 83 119 0 0
126 83 118 0 0
127 82 118 0 0
128 82 117 0 0
129 82 116 0 0
130 82 115 0 0
131 82 114 0 0
132 82 113 0 0
133 82 112 0 0
134 82 111 0 0
135 82 110 0 0
136 82 109 0 0
137 82 108 0 0
138 82 107 0 0
139 82 106 0 0
140 82 105 0 0
141 82 104 0 0
142 82 103 0 0
143 82 102 0 0
144 82 101 0 0
145 82 100 0 0
146 82 99 0 0
147 82 98 0 0
148 82 97 0 0
149 83 97 0 0
150 83 96 0 0
151 83 95 0 0
152 83 94 0 0
153 83 93 0 0
154 84 93 0 0
155 84 92 0 0
156 84 91 0 0
157 84 90 0 0
158 84 89 0 0
159 85 89 0 0
160 85 88 0 0
161 85 87 0 0
162 85 86 0 0
163 85 85 0 0
164 85 84 0 0
165 86 84 0 0
166 86 83 0 0
167 86 82 0 0
168 86 81 0 0
169 86 80 0 0
170 87 80 0 0
171 87 79 0 0
172 87 78 0 0
173 87 77 0 0
174 87 76 0 0
175 88 76 0 0
176 88 75 0 0
177 88 74 0 0
178 88 73 0 0
179 88 72 0 0
180 89 72 0 0
181 89 71 0 0
182 89 70 0 0
183 89 69 0 0
184 89 68 0 0
185 89 67 0 0
186 89 66 0 0
187 89 65 0 0
188 90 65 0 0
189 90 64 0 0
190 90 63 0 0
191 90 62 0 0
192 90 61 0 0
193 90 60 0 0
194 90 59 0 0
195 91 59 0 0
196 91 58 0 0
197 91 57 0 0
198 91 56 0 0
199 91 55 0 0
200 91 54 0 0
201 91 53 0 0
202 91 52 0 0
203 91 51 0 0
204 91 50 0 0
205 92 50 0 0
206 92 49 0 0
207 92 48 0 0
208 92 47 0 0
209 92 46 0 0
210 92 45 0 0
211 92 44 0 0
212 92 43 0 0
213 92 42 0 0
214 92 41 0 0
215 92 40 0 0
216 92 39 0 0
217 92 38 0 0
218 92 37 0 0
219 92 36 0 0
220 92 35 0 0
221 92 34 0 0
222 92 33 0 0
223 92 32 0 0
224 92 31 0 0
225 92 30 0 0
226 92 29 0 0
227 92 28 0 0
228 92 27 0 0
229 92 26 0 0
230 92 25 0 0
231 92 24 0 0
232 93 24 0 0
233 93 23 0 0
234 93 22 0 0
235 93 21 0 0
236 93 20 0 0
237 93 19 0 0
238 93 18 0 0
239 93 17 0 0
240 93 16 0 0
241 93 15 0 0
242 93 14 0 0
243 93 13 0 0
244 93 12 0 0
245 93 11 0 0
246 93 10 0 0
247 93 9 0 0
248 93 8 0 0
249 93 7 0 0
250 93 6 0 0
