0 4 97 0 0
1 4 98 0 0
2 5 98 0 0
3 4 98 0 0
4 5 98 0 0
5 6 98 0 0
6 5 98 0 0
7 6 98 0 0
8 7 98 0 0
9 6 98 0 0
10 7 98 0 0
11 6 98 0 0
12 7 98 0 0
13 8 98 0 0
14 7 98 0 0
15 8 98 0 0
16 9 98 0 0
17 8 98 0 0
18 9 98 0 0
19 10 98 0 0
20 9 98 0 0
21 10 98 0 0
22 11 98 0 0
23 10 98 0 0
24 11 98 0 0
25 12 98 0 0
26 11 98 0 0
27 12 98 0 0
28 13 98 0 0
29 12 98 0 0
30 13 98 0 0
31 14 98 0 0
32 13 98 0 0
33 14 98 0 0
34 15 98 0 0
35 14 98 0 0
36 15 98 0 0
37 14 98 0 0
38 15 98 0 0
39 16 98 0 0
40 15 98 0 0
41 16 98 0 0
42 17 98 0 0
43 16 98 0 0
44 17 98 0 0
45 18 98 0 0
46 17 98 0 0
47 18 98 0 0
48 19 98 0 0
49 18 98 0 0
50 19 98 0 0
51 20 98 0 0
52 19 98 0 0
53 20 98 0 0
54 21 98 0 0
55 20 98 0 0
56 21 98 0 0
57 22 98 0 0
58 21 98 0 0
59 22 98 0 0
60 23 98 0 0
61 22 98 0 0
62 23 98 0 0
63 22 98 0 0
64 22 99 0 0
65 23 99 0 0
66 24 99 0 0
67 25 99 0 0
68 24 99 0 0
69 25 99 0 0
70 26 99 0 0
71 25 99 0 0
72 26 99 0 0
73 27 99 0 0
74 26 99 0 0
75 27 99 0 0
76 28 99 0 0
77 27 99 0 0
78 28 99 0 0
79 29 99 0 0
80 30 99 0 0
81 29 99 0 0
82 30 99 0 0
83 31 99 0 0
84 30 99 0 0
85 31 99 0 0
86 32 99 0 0
87 31 99 0 0
88 32 99 0 0
89 33 99 0 0
90 32 99 0 0
91 33 99 0 0
92 34 99 0 0
93 33 99 0 0
94 34 99 0 0
95 35 99 0 0
96 34 99 0 0
97 35 99 0 0
98 36 99 0 0
99 35 99 0 0
100 36 99 0 0
101 37 99 0 0
102 38 99 0 0
103 37 99 0 0
104 38 99 0 0
105 39 99 0 0
106 38 99 0 0
107 39 99 0 0
108 40 99 0 0
109 39 99 0 0
110 40 99 0 0
111 39 99 0 0
112 40 99 0 0
113 41 99 0 0
114 40 99 0 0
115 41 99 0 0
116 42 99 0 0
117 41 99 0 0
118 42 99 0 0
119 43 99 0 0
120 42 99 0 0
121 43 99 0 0
122 42 99 0 0
123 43 99 0 0
124 44 99 0 0
125 43 99 0 0
126 44 99 0 0
127 45 99 0 0
128 44 99 0 0
129 45 99 0 0
130 46 99 0 0
131 45 99 0 0
132 46 99 0 0
133 47 99 0 0
134 46 99 0 0
135 47 99 0 0
136 46 99 0 0
137 47 99 0 0
138 48 99 0 0
139 47 99 0 0
140 48 99 0 0
141 49 99 0 0
142 48 99 0 0
143 49 99 0 0
144 50 99 0 0
145 49 99 0 0
146 50 99 0 0
147 49 99 0 0
148 50 99 0 0
149 51 99 0 0
150 50 99 0 0
151 51 99 0 0
152 52 99 0 0
153 51 99 0 0
154 51 98 0 0
155 52 98 0 0
156 53 98 0 0
157 52 98 0 0
158 53 98 0 0
159 52 98 0 0
160 53 98 0 0
161 54 98 0 0
162 55 98 0 0
163 54 98 0 0
164 55 98 0 0
165 54 98 0 0
166 55 98 0 0
167 56 98 0 0
168 55 98 0 0
169 56 98 0 0
170 57 98 0 0
171 56 98 0 0
172 57 98 0 0
173 57 97 0 0
174 58 97 0 0
175 57 97 0 0
176 58 97 0 0
177 57 97 0 0
178 58 97 0 0
179 59 97 0 0
180 58 97 0 0
181 59 97 0 0
182 60 97 0 0
183 59 97 0 0
184 60 97 0 0
185 61 97 0 0
186 60 97 0 0
187 61 97 0 0
188 62 97 0 0
189 61 97 0 0
190 62 97 0 0
191 61 97 0 0
192 62 97 0 0
193 62 96 0 0
194 63 96 0 0
195 62 96 0 0
196 63 96 0 0
197 64 96 0 0
198 63 96 0 0
199 64 96 0 0
200 65 96 0 0
201 64 96 0 0
202 65 96 0 0
203 66 96 0 0
204 65 96 0 0
205 66 96 0 0
206 65 96 0 0
207 66 96 0 0
208 66 95 0 0
209 67 95 0 0
210 66 95 0 0
211 67 95 0 0
212 68 95 0 0
213 67 95 0 0
214 68 95 0 0
215 67 95 0 0
216 68 95 0 0
217 69 95 0 0
218 68 95 0 0
219 68 94 0 0
220 69 94 0 0
221 70 94 0 0
222 69 94 0 0
223 70 94 0 0
224 69 94 0 0
225 70 94 0 0
226 71 94 0 0
227 70 94 0 0
228 71 94 0 0
229 71 93 0 0
230 72 93 0 0
231 71 93 0 0
232 72 93 0 0
233 71 93 0 0
234 72 93 0 0
235 73 93 0 0
236 72 93 0 0
237 73 93 0 0
238 72 93 0 0
239 73 93 0 0
240 73 92 0 0
241 74 92 0 0
242 73 92 0 0
243 74 92 0 0
244 75 92 0 0
245 74 92 0 0
246 75 92 0 0
247 74 92 0 0
248 75 92 0 0
249 76 92 0 0
250 75 92 0 0
251 75 91 0 0
252 76 91 0 0
253 75 91 0 0
254 76 91 0 0
255 77 91 0 0
256 76 91 0 0
257 77 91 0 0
258 78 91 0 0
259 77 91 0 0
260 78 91 0 0
261 77 91 0 0
262 78 91 0 0
263 78 90 0 0
264 79 90 0 0
265 78 90 0 0
266 79 90 0 0
267 80 90 0 0
268 79 90 0 0
269 80 90 0 0
270 79 90 0 0
271 80 90 0 0
272 81 90 0 0
273 80 90 0 0
274 81 90 0 0
275 82 90 0 0
276 81 90 0 0
277 81 89 0 0
278 82 89 0 0
279 81 89 0 0
280 82 89 0 0
281 83 89 0 0
282 82 89 0 0
283 83 89 0 0
284 82 89 0 0
285 83 89 0 0
286 84 89 0 0
287 83 89 0 0
288 84 89 0 0
289 83 89 0 0
290 83 88 0 0
291 84 88 0 0
292 85 88 0 0
293 84 88 0 0
294 85 88 0 0
295 86 88 0 0
296 85 88 0 0
297 86 88 0 0
298 85 88 0 0
299 86 88 0 0
300 87 88 0 0
301 86 88 0 0
302 87 88 0 0
303 86 88 0 0
304 86 87 0 0
305 87 87 0 0
306 88 87 0 0
307 87 87 0 0
308 88 87 0 0
309 89 87 0 0
310 88 87 0 0
311 89 87 0 0
312 88 87 0 0
313 89 87 0 0
314 90 87 0 0
315 89 87 0 0
316 90 87 0 0
317 89 87 0 0
318 90 87 0 0
319 91 87 0 0
320 90 87 0 0
321 91 87 0 0
322 92 87 0 0
323 91 87 0 0
324 92 87 0 0
325 91 87 0 0
326 92 87 0 0
327 93 87 0 0
328 92 87 0 0
329 93 87 0 0
330 92 87 0 0
331 93 87 0 0
332 94 87 0 0
333 93 87 0 0
334 94 87 0 0
335 95 87 0 0
336 94 87 0 0
337 95 87 0 0
338 94 87 0 0
339 95 87 0 0
340 96 87 0 0
341 95 87 0 0
342 96 87 0 0
343 95 87 0 0
344 96 87 0 0
345 97 87 0 0
346 96 87 0 0
347 97 87 0 0
348 98 87 0 0
349 97 87 0 0
350 98 87 0 0
351 97 87 0 0
352 98 87 0 0
353 99 87 0 0
354 98 87 0 0
355 99 87 0 0
356 98 87 0 0
357 99 87 0 0
358 99 86 0 0
359 100 86 0 0
360 99 86 0 0
361 99 87 0 0
362 100 87 0 0
363 99 87 0 0
364 100 87 0 0
365 101 87 0 0
366 100 87 0 0
367 101 87 0 0
368 102 87 0 0
369 101 87 0 0
370 102 87 0 0
371 101 87 0 0
372 102 87 0 0
373 101 87 0 0
374 101 88 0 0
375 102 88 0 0
376 103 88 0 0
377 102 88 0 0
378 103 88 0 0
379 102 88 0 0
380 103 88 0 0
381 104 88 0 0
382 103 88 0 0
383 104 88 0 0
384 103 88 0 0
385 104 88 0 0
386 105 88 0 0
387 104 88 0 0
388 104 89 0 0
389 105 89 0 0
390 104 89 0 0
391 105 89 0 0
392 106 89 0 0
393 105 89 0 0
394 106 89 0 0
395 107 89 0 0
396 106 89 0 0
397 107 89 0 0
398 106 89 0 0
399 107 89 0 0
400 106 89 0 0
401 106 90 0 0
402 107 90 0 0
403 108 90 0 0
404 107 90 0 0
405 108 90 0 0
406 107 90 0 0
407 108 90 0 0
408 109 90 0 0
409 108 90 0 0
410 109 90 0 0
411 108 90 0 0
412 109 90 0 0
413 110 90 0 0
414 109 90 0 0
415 109 91 0 0
416 110 91 0 0
417 109 91 0 0
418 110 91 0 0
419 111 91 0 0
420 110 91 0 0
421 111 91 0 0
422 112 91 0 0
423 111 91 0 0
424 112 91 0 0
425 112 92 0 0
426 113 92 0 0
427 112 92 0 0
428 113 92 0 0
429 112 92 0 0
430 113 92 0 0
431 114 92 0 0
432 113 92 0 0
433 114 92 0 0
434 113 92 0 0
435 114 92 0 0
436 115 92 0 0
437 114 92 0 0
438 115 92 0 0
439 115 93 0 0
440 116 93 0 0
441 115 93 0 0
442 116 93 0 0
443 117 93 0 0
444 116 93 0 0
445 117 93 0 0
446 116 93 0 0
447 117 93 0 0
448 118 93 0 0
449 117 93 0 0
450 118 93 0 0
451 119 93 0 0
452 118 93 0 0
453 119 93 0 0
454 118 93 0 0
455 119 93 0 0
456 119 94 0 0
457 120 94 0 0
458 119 94 0 0
459 120 94 0 0
460 121 94 0 0
461 120 94 0 0
462 121 94 0 0
463 122 94 0 0
464 121 94 0 0
465 122 94 0 0
466 121 94 0 0
467 122 94 0 0
468 123 94 0 0
469 122 94 0 0
470 123 94 0 0
471 122 94 0 0
472 123 94 0 0
473 124 94 0 0
474 123 94 0 0
475 123 95 0 0
476 124 95 0 0
477 125 95 0 0
478 124 95 0 0
479 125 95 0 0
480 126 95 0 0
481 125 95 0 0
482 126 95 0 0
483 125 95 0 0
484 126 95 0 0
485 127 95 0 0
486 126 95 0 0
487 127 95 0 0
488 128 95 0 0
489 127 95 0 0
490 128 95 0 0
491 127 95 0 0
492 128 95 0 0
493 129 95 0 0
494 128 95 0 0
495 128 96 0 0
496 129 96 0 0
497 130 96 0 0
498 129 96 0 0
499 130 96 0 0
500 131 96 0 0
501 130 96 0 0
502 131 96 0 0
503 132 96 0 0
504 131 96 0 0
505 132 96 0 0
506 131 96 0 0
507 132 96 0 0
508 133 96 0 0
509 132 96 0 0
510 133 96 0 0
511 133 97 0 0
512 134 97 0 0
513 133 97 0 0
514 134 97 0 0
515 135 97 0 0
516 134 97 0 0
517 135 97 0 0
518 134 97 0 0
519 135 97 0 0
520 136 97 0 0
521 135 97 0 0
522 136 97 0 0
523 137 97 0 0
524 136 97 0 0
525 137 97 0 0
526 137 98 0 0
527 138 98 0 0
528 137 98 0 0
529 138 98 0 0
530 139 98 0 0
531 138 98 0 0
532 139 98 0 0
533 140 98 0 0
534 139 98 0 0
535 140 98 0 0
536 141 98 0 0
537 140 98 0 0
538 141 98 0 0
539 142 98 0 0
540 141 98 0 0
541 142 98 0 0
542 141 98 0 0
543 141 99 0 0
544 142 99 0 0
545 143 99 0 0
546 142 99 0 0
547 143 99 0 0
548 144 99 0 0
549 143 99 0 0
550 144 99 0 0
551 145 99 0 0
552 144 99 0 0
553 145 99 0 0
554 144 99 0 0
555 145 99 0 0
556 146 99 0 0
557 145 99 0 0
558 146 99 0 0
559 145 99 0 0
560 146 99 0 0
561 147 99 0 0
562 146 99 0 0
563 147 99 0 0
564 147 100 0 0
565 148 100 0 0
566 147 100 0 0
567 148 100 0 0
568 149 100 0 0
569 148 100 0 0
570 149 100 0 0
571 150 100 0 0
572 149 100 0 0
573 150 100 0 0
574 149 100 0 0
575 150 100 0 0
576 151 100 0 0
577 150 100 0 0
578 151 100 0 0
579 152 100 0 0
580 151 100 0 0
581 152 100 0 0
582 153 100 0 0
583 152 100 0 0
584 153 100 0 0
585 152 100 0 0
586 153 100 0 0
587 154 100 0 0
588 153 100 0 0
589 154 100 0 0
590 155 100 0 0
591 154 100 0 0
592 155 100 0 0
593 156 100 0 0
594 155 100 0 0
595 156 100 0 0
596 155 100 0 0
597 156 100 0 0
598 157 100 0 0
599 156 100 0 0
600 157 100 0 0
601 158 100 0 0
602 157 100 0 0
603 158 100 0 0
604 159 100 0 0
605 158 100 0 0
606 159 100 0 0
607 160 100 0 0
608 159 100 0 0
609 159 101 0 0
610 160 101 0 0
611 161 101 0 0
612 160 101 0 0
613 161 101 0 0
614 162 101 0 0
615 161 101 0 0
616 162 101 0 0
617 163 101 0 0
618 162 101 0 0
619 163 101 0 0
620 164 101 0 0
621 163 101 0 0
622 164 101 0 0
623 165 101 0 0
624 164 101 0 0
625 165 101 0 0
626 166 101 0 0
627 165 101 0 0
628 166 101 0 0
629 167 101 0 0
630 166 101 0 0
631 167 101 0 0
632 168 101 0 0
633 167 101 0 0
634 168 101 0 0
635 169 101 0 0
636 168 101 0 0
637 169 101 0 0
638 170 101 0 0
639 169 101 0 0
640 170 101 0 0
641 169 101 0 0
642 170 101 0 0
643 171 101 0 0
644 170 101 0 0
645 171 101 0 0
646 172 101 0 0
647 171 101 0 0
648 172 101 0 0
649 173 101 0 0
650 172 101 0 0
651 173 101 0 0
652 174 101 0 0
653 173 101 0 0
654 174 101 0 0
655 173 101 0 0
656 174 101 0 0
657 175 101 0 0
658 174 101 0 0
659 175 101 0 0
660 176 101 0 0
661 175 101 0 0
662 176 101 0 0
663 177 101 0 0
664 176 101 0 0
665 177 101 0 0
666 176 101 0 0
667 177 101 0 0
668 178 101 0 0
669 177 101 0 0
670 178 101 0 0
671 179 101 0 0
672 178 101 0 0
673 179 101 0 0
674 180 101 0 0
675 179 101 0 0
676 179 100 0 0
677 180 100 0 0
678 181 100 0 0
679 180 100 0 0
680 181 100 0 0
681 180 100 0 0
682 181 100 0 0
683 182 100 0 0
684 181 100 0 0
685 182 100 0 0
686 183 100 0 0
687 182 100 0 0
688 183 100 0 0
689 182 100 0 0
690 183 100 0 0
691 184 100 0 0
692 183 100 0 0
693 184 100 0 0
694 185 100 0 0
695 184 100 0 0
696 185 100 0 0
697 186 100 0 0
698 185 100 0 0
699 186 100 0 0
700 185 100 0 0
701 186 100 0 0
702 187 100 0 0
703 186 100 0 0
704 187 100 0 0
705 188 100 0 0
706 187 100 0 0
707 188 100 0 0
708 189 100 0 0
709 188 100 0 0
710 189 100 0 0
711 188 100 0 0
712 189 100 0 0
713 190 100 0 0
714 189 100 0 0
715 190 100 0 0
716 191 100 0 0
717 190 100 0 0
718 191 100 0 0
719 192 100 0 0
720 191 100 0 0
721 192 100 0 0
722 193 100 0 0
723 192 100 0 0
724 193 100 0 0
725 192 100 0 0
726 193 100 0 0
727 194 100 0 0
728 193 100 0 0
729 194 100 0 0
730 193 100 0 0
731 194 100 0 0
