0 89 236 0 0
1 89 235 0 0
2 89 234 0 0
3 89 233 0 0
4 89 232 0 0
5 89 231 0 0
6 89 230 0 0
7 89 229 0 0
8 89 228 0 0
9 90 228 0 0
10 90 227 0 0
11 90 226 0 0
12 90 225 0 0
13 90 224 0 0
14 90 223 0 0
15 90 222 0 0
16 90 221 0 0
17 91 221 0 0
18 91 220 0 0
19 91 219 0 0
20 92 219 0 0
21 92 218 0 0
22 92 217 0 0
23 92 216 0 0
24 92 215 0 0
25 92 214 0 0
26 92 213 0 0
27 92 212 0 0
28 92 211 0 0
29 92 210 0 0
30 92 209 0 0
31 92 208 0 0
32 92 207 0 0
33 92 206 0 0
34 92 205 0 0
35 92 204 0 0
36 92 203 0 0
37 92 202 0 0
38 92 201 0 0
39 92 200 0 0
40 92 199 0 0
41 92 198 0 0
42 92 197 0 0
43 92 196 0 0
44 92 195 0 0
45 92 194 0 0
46 92 193 0 0
47 92 192 0 0
48 92 191 0 0
49 92 190 0 0
50 92 189 0 0
51 92 188 0 0
52 92 187 0 0
53 91 187 0 0
54 91 186 0 0
55 91 185 0 0
56 91 184 0 0
57 91 183 0 0
58 91 182 0 0
59 90 182 0 0
60 90 181 0 0
61 90 180 0 0
62 90 179 0 0
63 90 178 0 0
64 89 178 0 0
65 89 177 0 0
66 89 176 0 0
67 89 175 0 0
68 88 175 0 0
69 88 174 0 0
70 88 173 0 0
71 88 172 0 0
72 88 171 0 0
73 88 170 0 0
74 87 170 0 0
75 87 169 0 0
76 87 168 0 0
77 87 167 0 0
78 87 166 0 0
79 87 165 0 0
80 86 165 0 0
81 86 164 0 0
82 86 163 0 0
83 86 162 0 0
84 86 161 0 0
85 85 161 0 0
86 85 160 0 0
87 85 159 0 0
88 85 158 0 0
89 85 157 0 0
90 85 156 0 0
91 85 155 0 0
92 85 154 0 0
93 85 153 0 0
94 85 152 0 0
95 86 152 0 0
96 86 151 0 0
97 86 150 0 0
98 86 149 0 0
99 86 148 0 0
100 87 148 0 0
101 87 147 0 0
102 87 146 0 0
103 87 145 0 0
104 87 144 0 0
105 88 144 0 0
106 88 143 0 0
107 88 142 0 0
108 89 142 0 0
109 89 141 0 0
110 89 140 0 0
111 90 140 0 0
112 90 139 0 0
113 90 138 0 0
114 90 137 0 0
115 91 137 0 0
116 91 136 0 0
117 91 135 0 0
118 91 134 0 0
119 91 133 0 0
120 92 133 0 0
121 92 132 0 0
122 92 131 0 0
123 92 130 0 0
124 92 129 0 0
125 92 128 0 0
126 92 127 0 0
127 92 126 0 0
128 92 125 0 0
129 92 124 0 0
130 92 123 0 0
131 91 123 0 0
132 91 122 0 0
133 91 121 0 0
134 91 120 0 0
135 91 119 0 0
136 91 118 0 0
137 91 117 0 0
138 91 116 0 0
139 91 115 0 0
140 91 114 0 0
141 91 113 0 0
142 91 112 0 0
143 90 112 0 0
144 90 111 0 0
145 90 110 0 0
146 90 109 0 0
147 90 108 0 0
148 90 107 0 0
149 90 106 0 0
150 90 105 0 0
151 90 104 0 0
152 90 103 0 0
153 90 102 0 0
154 90 101 0 0
155 90 100 0 0
156 90 99 0 0
157 90 98 0 0
158 90 97 0 0
159 90 96 0 0
160 90 95 0 0
161 90 94 0 0
162 90 93 0 0
163 90 92 0 0
164 90 91 0 0
165 90 90 0 0
166 90 89 0 0
167 90 88 0 0
168 90 87 0 0
169 90 86 0 0
170 90 85 0 0
171 90 84 0 0
172 90 83 0 0
173 90 82 0 0
174 90 81 0 0
175 90 80 0 0
176 90 79 0 0
177 90 78 0 0
178 90 77 0 0
179 90 76 0 0
180 90 75 0 0
181 90 74 0 0
182 90 73 0 0
183 90 72 0 0
184 90 71 0 0
185 90 70 0 0
186 90 69 0 0
187 90 68 0 0
188 90 67 0 0
189 90 66 0 0
190 90 65 0 0
191 90 64 0 0
192 90 63 0 0
193 91 63 0 0
194 91 62 0 0
195 91 61 0 0
196 91 60 0 0
197 91 59 0 0
198 91 58 0 0
199 91 57 0 0
200 91 56 0 0
201 91 55 0 0
202 91 54 0 0
203 91 53 0 0
204 91 52 0 0
205 92 52 0 0
206 92 51 0 0
207 92 50 0 0
208 92 49 0 0
209 92 48 0 0
210 92 47 0 0
211 92 46 0 0
212 93 46 0 0
213 93 45 0 0
214 93 44 0 0
215 93 43 0 0
216 93 42 0 0
217 93 41 0 0
218 93 40 0 0
219 94 40 0 0
220 94 39 0 0
221 93 39 0 0
222 93 38 0 0
223 93 37 0 0
224 93 36 0 0
225 93 35 0 0
226 93 34 0 0
227 93 33 0 0
228 93 32 0 0
229 93 31 0 0
230 93 30 0 0
231 93 29 0 0
232 93 28 0 0
233 93 27 0 0
234 93 26 0 0
235 93 25 0 0
236 93 24 0 0
237 93 23 0 0
238 94 23 0 0
239 94 22 0 0
240 94 21 0 0
241 94 20 0 0
242 94 19 0 0
243 95 19 0 0
244 95 18 0 0
245 95 17 0 0
246 95 16 0 0
247 95 15 0 0
248 95 14 0 0
249 95 13 0 0
250 95 12 0 0
251 96 12 0 0
252 96 11 0 0
253 96 10 0 0
254 96 9 0 0
