0 89 236 0 0
1 90 236 0 0
2 89 236 0 0
3 90 236 0 0
4 89 236 0 0
5 90 236 0 0
6 89 236 0 0
7 90 236 0 0
8 89 236 0 0
9 89 235 0 0
10 90 235 0 0
11 89 235 0 0
12 90 235 0 0
13 89 235 0 0
14 90 235 0 0
15 89 235 0 0
16 90 235 0 0
17 89 235 0 0
18 90 235 0 0
19 89 235 0 0
20 89 234 0 0
21 90 234 0 0
22 89 234 0 0
23 90 234 0 0
24 89 234 0 0
25 89 233 0 0
26 90 233 0 0
27 89 233 0 0
28 89 232 0 0
29 90 232 0 0
30 89 232 0 0
31 90 232 0 0
32 89 232 0 0
33 89 231 0 0
34 90 231 0 0
35 89 231 0 0
36 89 230 0 0
37 90 230 0 0
38 89 230 0 0
39 90 230 0 0
40 89 230 0 0
41 89 229 0 0
42 90 229 0 0
43 90 228 0 0
44 91 228 0 0
45 90 228 0 0
46 91 228 0 0
47 90 228 0 0
48 90 227 0 0
49 91 227 0 0
50 90 227 0 0
51 90 226 0 0
52 91 226 0 0
53 90 226 0 0
54 91 226 0 0
55 90 226 0 0
56 90 225 0 0
57 91 225 0 0
58 90 225 0 0
59 90 224 0 0
60 91 224 0 0
61 90 224 0 0
62 91 224 0 0
63 90 224 0 0
64 90 223 0 0
65 91 223 0 0
66 90 223 0 0
67 90 222 0 0
68 91 222 0 0
69 90 222 0 0
70 91 222 0 0
71 90 222 0 0
72 90 221 0 0
73 91 221 0 0
74 90 221 0 0
75 90 220 0 0
76 91 220 0 0
77 90 220 0 0
78 91 220 0 0
79 90 220 0 0
80 90 219 0 0
81 91 219 0 0
82 90 219 0 0
83 90 218 0 0
84 91 218 0 0
85 90 218 0 0
86 91 218 0 0
87 90 218 0 0
88 90 217 0 0
89 91 217 0 0
90 90 217 0 0
91 90 216 0 0
92 91 216 0 0
93 90 216 0 0
94 91 216 0 0
95 90 216 0 0
96 90 215 0 0
97 91 215 0 0
98 90 215 0 0
99 90 214 0 0
100 91 214 0 0
101 90 214 0 0
102 90 213 0 0
103 91 213 0 0
104 90 213 0 0
105 91 213 0 0
106 90 213 0 0
107 90 212 0 0
108 91 212 0 0
109 90 212 0 0
110 90 211 0 0
111 91 211 0 0
112 90 211 0 0
113 91 211 0 0
114 90 211 0 0
115 90 210 0 0
116 91 210 0 0
117 90 210 0 0
118 90 209 0 0
119 91 209 0 0
120 90 209 0 0
121 91 209 0 0
122 90 209 0 0
123 90 208 0 0
124 91 208 0 0
125 90 208 0 0
126 90 207 0 0
127 91 207 0 0
128 90 207 0 0
129 90 206 0 0
130 91 206 0 0
131 90 206 0 0
132 91 206 0 0
133 90 206 0 0
134 90 205 0 0
135 91 205 0 0
136 90 205 0 0
137 90 204 0 0
138 91 204 0 0
139 90 204 0 0
140 91 204 0 0
141 91 203 0 0
142 92 203 0 0
143 91 203 0 0
144 91 202 0 0
145 92 202 0 0
146 91 202 0 0
147 92 202 0 0
148 91 202 0 0
149 91 201 0 0
150 92 201 0 0
151 91 201 0 0
152 91 200 0 0
153 92 200 0 0
154 91 200 0 0
155 92 200 0 0
156 91 200 0 0
157 91 199 0 0
158 92 199 0 0
159 91 199 0 0
160 91 198 0 0
161 92 198 0 0
162 91 198 0 0
163 92 198 0 0
164 91 198 0 0
165 91 197 0 0
166 92 197 0 0
167 91 197 0 0
168 91 196 0 0
169 92 196 0 0
170 91 196 0 0
171 91 195 0 0
172 92 195 0 0
173 91 195 0 0
174 92 195 0 0
175 91 195 0 0
176 91 194 0 0
177 92 194 0 0
178 91 194 0 0
179 91 193 0 0
180 92 193 0 0
181 91 193 0 0
182 92 193 0 0
183 91 193 0 0
184 91 192 0 0
185 92 192 0 0
186 91 192 0 0
187 91 191 0 0
188 92 191 0 0
189 91 191 0 0
190 92 191 0 0
191 91 191 0 0
192 91 190 0 0
193 92 190 0 0
194 91 190 0 0
195 91 189 0 0
196 92 189 0 0
197 91 189 0 0
198 92 189 0 0
199 91 189 0 0
200 91 188 0 0
201 92 188 0 0
202 91 188 0 0
203 91 187 0 0
204 92 187 0 0
205 91 187 0 0
206 92 187 0 0
207 92 186 0 0
208 93 186 0 0
209 92 186 0 0
210 92 185 0 0
211 93 185 0 0
212 92 185 0 0
213 93 185 0 0
214 92 185 0 0
215 92 184 0 0
216 93 184 0 0
217 92 184 0 0
218 92 183 0 0
219 93 183 0 0
220 92 183 0 0
221 93 183 0 0
222 92 183 0 0
223 92 182 0 0
224 93 182 0 0
225 92 182 0 0
226 92 181 0 0
227 93 181 0 0
228 92 181 0 0
229 92 180 0 0
230 93 180 0 0
231 92 180 0 0
232 93 180 0 0
233 92 180 0 0
234 92 179 0 0
235 93 179 0 0
236 92 179 0 0
237 93 179 0 0
238 92 179 0 0
239 92 178 0 0
240 91 178 0 0
241 91 177 0 0
242 92 177 0 0
243 91 177 0 0
244 92 177 0 0
245 91 177 0 0
246 91 176 0 0
247 92 176 0 0
248 91 176 0 0
249 91 175 0 0
250 92 175 0 0
251 91 175 0 0
252 92 175 0 0
253 91 175 0 0
254 91 174 0 0
255 92 174 0 0
256 91 174 0 0
257 91 173 0 0
258 92 173 0 0
259 91 173 0 0
260 92 173 0 0
261 91 173 0 0
262 91 172 0 0
263 92 172 0 0
264 91 172 0 0
265 91 171 0 0
266 92 171 0 0
267 91 171 0 0
268 90 171 0 0
269 90 170 0 0
270 91 170 0 0
271 90 170 0 0
272 91 170 0 0
273 90 170 0 0
274 90 169 0 0
275 91 169 0 0
276 90 169 0 0
277 90 168 0 0
278 91 168 0 0
279 90 168 0 0
280 91 168 0 0
281 90 168 0 0
282 90 167 0 0
283 91 167 0 0
284 90 167 0 0
285 90 166 0 0
286 91 166 0 0
287 90 166 0 0
288 91 166 0 0
289 90 166 0 0
290 90 165 0 0
291 91 165 0 0
292 90 165 0 0
293 90 164 0 0
294 91 164 0 0
295 90 164 0 0
296 91 164 0 0
297 90 164 0 0
298 90 163 0 0
299 91 163 0 0
300 90 163 0 0
301 90 162 0 0
302 91 162 0 0
303 90 162 0 0
304 91 162 0 0
305 90 162 0 0
306 90 161 0 0
307 89 161 0 0
308 89 160 0 0
309 90 160 0 0
310 89 160 0 0
311 90 160 0 0
312 89 160 0 0
313 89 159 0 0
314 90 159 0 0
315 89 159 0 0
316 89 158 0 0
317 90 158 0 0
318 89 158 0 0
319 90 158 0 0
320 89 158 0 0
321 89 157 0 0
322 90 157 0 0
323 89 157 0 0
324 89 156 0 0
325 90 156 0 0
326 89 156 0 0
327 90 156 0 0
328 89 156 0 0
329 89 155 0 0
330 90 155 0 0
331 89 155 0 0
332 89 154 0 0
333 90 154 0 0
334 89 154 0 0
335 88 154 0 0
336 88 153 0 0
337 89 153 0 0
338 88 153 0 0
339 88 152 0 0
340 89 152 0 0
341 88 152 0 0
342 89 152 0 0
343 88 152 0 0
344 88 151 0 0
345 89 151 0 0
346 88 151 0 0
347 88 150 0 0
348 89 150 0 0
349 88 150 0 0
350 89 150 0 0
351 88 150 0 0
352 88 149 0 0
353 89 149 0 0
354 88 149 0 0
355 88 148 0 0
356 89 148 0 0
357 88 148 0 0
358 89 148 0 0
359 88 148 0 0
360 88 147 0 0
361 89 147 0 0
362 88 147 0 0
363 88 146 0 0
364 89 146 0 0
365 88 146 0 0
366 89 146 0 0
367 88 146 0 0
368 88 145 0 0
369 89 145 0 0
370 88 145 0 0
371 88 144 0 0
372 87 144 0 0
373 88 144 0 0
374 87 144 0 0
375 87 143 0 0
376 88 143 0 0
377 87 143 0 0
378 88 143 0 0
379 87 143 0 0
380 87 142 0 0
381 88 142 0 0
382 87 142 0 0
383 87 141 0 0
384 88 141 0 0
385 87 141 0 0
386 88 141 0 0
387 87 141 0 0
388 87 140 0 0
389 88 140 0 0
390 87 140 0 0
391 87 139 0 0
392 88 139 0 0
393 87 139 0 0
394 88 139 0 0
395 87 139 0 0
396 87 138 0 0
397 88 138 0 0
398 87 138 0 0
399 87 137 0 0
400 88 137 0 0
401 87 137 0 0
402 88 137 0 0
403 87 137 0 0
404 87 136 0 0
405 88 136 0 0
406 87 136 0 0
407 87 135 0 0
408 86 135 0 0
409 87 135 0 0
410 86 135 0 0
411 86 134 0 0
412 87 134 0 0
413 86 134 0 0
414 86 133 0 0
415 87 133 0 0
416 86 133 0 0
417 87 133 0 0
418 86 133 0 0
419 86 132 0 0
420 87 132 0 0
421 86 132 0 0
422 86 131 0 0
423 87 131 0 0
424 86 131 0 0
425 87 131 0 0
426 86 131 0 0
427 86 130 0 0
428 87 130 0 0
429 86 130 0 0
430 86 129 0 0
431 87 129 0 0
432 86 129 0 0
433 85 129 0 0
434 85 128 0 0
435 86 128 0 0
436 85 128 0 0
437 86 128 0 0
438 85 128 0 0
439 85 127 0 0
440 86 127 0 0
441 85 127 0 0
442 85 126 0 0
443 86 126 0 0
444 85 126 0 0
445 86 126 0 0
446 85 126 0 0
447 85 125 0 0
448 86 125 0 0
449 85 125 0 0
450 85 124 0 0
451 86 124 0 0
452 85 124 0 0
453 86 124 0 0
454 85 124 0 0
455 85 123 0 0
456 86 123 0 0
457 85 123 0 0
458 85 122 0 0
459 86 122 0 0
460 85 122 0 0
461 86 122 0 0
462 85 122 0 0
463 85 121 0 0
464 86 121 0 0
465 85 121 0 0
466 85 120 0 0
467 86 120 0 0
468 85 120 0 0
469 86 120 0 0
470 85 120 0 0
471 85 119 0 0
472 86 119 0 0
473 85 119 0 0
474 86 119 0 0
475 85 119 0 0
476 85 118 0 0
477 86 118 0 0
478 85 118 0 0
479 85 117 0 0
480 86 117 0 0
481 85 117 0 0
482 86 117 0 0
483 85 117 0 0
484 85 116 0 0
485 86 116 0 0
486 85 116 0 0
487 85 115 0 0
488 86 115 0 0
489 85 115 0 0
490 86 115 0 0
491 85 115 0 0
492 85 114 0 0
493 86 114 0 0
494 85 114 0 0
495 86 114 0 0
496 85 114 0 0
497 85 113 0 0
498 86 113 0 0
499 85 113 0 0
500 85 112 0 0
501 86 112 0 0
502 85 112 0 0
503 86 112 0 0
504 85 112 0 0
505 85 111 0 0
506 86 111 0 0
507 85 111 0 0
508 85 110 0 0
509 86 110 0 0
510 85 110 0 0
511 86 110 0 0
512 85 110 0 0
513 85 109 0 0
514 86 109 0 0
515 85 109 0 0
516 85 108 0 0
517 86 108 0 0
518 85 108 0 0
519 86 108 0 0
520 85 108 0 0
521 85 107 0 0
522 86 107 0 0
523 85 107 0 0
524 86 107 0 0
525 85 107 0 0
526 85 106 0 0
527 86 106 0 0
528 85 106 0 0
529 85 105 0 0
530 86 105 0 0
531 85 105 0 0
532 86 105 0 0
533 85 105 0 0
534 85 104 0 0
535 86 104 0 0
536 85 104 0 0
537 85 103 0 0
538 86 103 0 0
539 85 103 0 0
540 86 103 0 0
541 85 103 0 0
542 85 102 0 0
543 86 102 0 0
544 85 102 0 0
545 85 101 0 0
546 86 101 0 0
547 85 101 0 0
548 86 101 0 0
549 85 101 0 0
550 85 100 0 0
551 86 100 0 0
552 85 100 0 0
553 86 100 0 0
554 85 100 0 0
555 85 99 0 0
556 86 99 0 0
557 85 99 0 0
558 85 98 0 0
559 86 98 0 0
560 85 98 0 0
561 86 98 0 0
562 86 97 0 0
563 87 97 0 0
564 86 97 0 0
565 86 96 0 0
566 87 96 0 0
567 86 96 0 0
568 87 96 0 0
569 86 96 0 0
570 86 95 0 0
571 87 95 0 0
572 86 95 0 0
573 86 94 0 0
574 87 94 0 0
575 87 93 0 0
576 88 93 0 0
577 87 93 0 0
578 88 93 0 0
579 87 93 0 0
580 87 92 0 0
581 88 92 0 0
582 87 92 0 0
583 87 91 0 0
584 88 91 0 0
585 87 91 0 0
586 88 91 0 0
587 87 91 0 0
588 87 90 0 0
589 88 90 0 0
590 87 90 0 0
591 87 89 0 0
592 88 89 0 0
593 89 89 0 0
594 88 89 0 0
595 88 88 0 0
596 89 88 0 0
597 88 88 0 0
598 88 87 0 0
599 89 87 0 0
600 88 87 0 0
601 88 86 0 0
602 89 86 0 0
603 88 86 0 0
604 89 86 0 0
605 89 85 0 0
606 90 85 0 0
607 89 85 0 0
608 89 84 0 0
609 90 84 0 0
610 89 84 0 0
611 90 84 0 0
612 89 84 0 0
613 89 83 0 0
614 90 83 0 0
615 89 83 0 0
616 89 82 0 0
617 90 82 0 0
618 89 82 0 0
619 90 82 0 0
620 89 82 0 0
621 89 81 0 0
622 90 81 0 0
623 90 80 0 0
624 91 80 0 0
625 90 80 0 0
626 90 79 0 0
627 91 79 0 0
628 90 79 0 0
629 91 79 0 0
630 90 79 0 0
631 90 78 0 0
632 91 78 0 0
633 90 78 0 0
634 90 77 0 0
635 91 77 0 0
636 92 77 0 0
637 91 77 0 0
638 91 76 0 0
639 92 76 0 0
640 91 76 0 0
641 91 75 0 0
642 92 75 0 0
643 91 75 0 0
644 91 74 0 0
645 92 74 0 0
646 91 74 0 0
647 92 74 0 0
648 91 74 0 0
649 91 73 0 0
650 92 73 0 0
651 91 73 0 0
652 91 72 0 0
653 92 72 0 0
654 91 72 0 0
655 91 71 0 0
656 92 71 0 0
657 91 71 0 0
658 91 70 0 0
659 92 70 0 0
660 91 70 0 0
661 92 70 0 0
662 91 70 0 0
663 91 69 0 0
664 92 69 0 0
665 92 68 0 0
666 93 68 0 0
667 92 68 0 0
668 92 67 0 0
669 93 67 0 0
670 92 67 0 0
671 92 66 0 0
672 93 66 0 0
673 92 66 0 0
674 93 66 0 0
675 92 66 0 0
676 92 65 0 0
677 93 65 0 0
678 92 65 0 0
679 92 64 0 0
680 93 64 0 0
681 92 64 0 0
682 92 63 0 0
683 93 63 0 0
684 92 63 0 0
685 92 62 0 0
686 93 62 0 0
687 92 62 0 0
688 93 62 0 0
689 92 62 0 0
690 92 61 0 0
691 93 61 0 0
692 92 61 0 0
693 92 60 0 0
694 93 60 0 0
695 92 60 0 0
696 92 59 0 0
697 93 59 0 0
698 92 59 0 0
699 93 59 0 0
700 92 59 0 0
701 92 58 0 0
702 93 58 0 0
703 93 57 0 0
704 94 57 0 0
705 93 57 0 0
706 93 56 0 0
707 94 56 0 0
708 93 56 0 0
709 93 55 0 0
710 94 55 0 0
711 93 55 0 0
712 94 55 0 0
713 93 55 0 0
714 93 54 0 0
715 94 54 0 0
716 93 54 0 0
717 93 53 0 0
718 94 53 0 0
719 93 53 0 0
720 93 52 0 0
721 94 52 0 0
722 93 52 0 0
723 93 51 0 0
724 94 51 0 0
725 93 51 0 0
726 94 51 0 0
727 93 51 0 0
728 93 50 0 0
729 94 50 0 0
730 94 49 0 0
731 95 49 0 0
732 94 49 0 0
733 94 48 0 0
734 95 48 0 0
735 94 48 0 0
736 94 47 0 0
737 95 47 0 0
738 94 47 0 0
739 95 47 0 0
740 94 47 0 0
741 94 46 0 0
742 95 46 0 0
743 94 46 0 0
744 94 45 0 0
745 95 45 0 0
746 94 45 0 0
747 94 44 0 0
748 95 44 0 0
749 94 44 0 0
750 94 43 0 0
751 95 43 0 0
752 94 43 0 0
753 95 43 0 0
754 94 43 0 0
755 94 42 0 0
756 95 42 0 0
757 94 42 0 0
758 94 41 0 0
759 95 41 0 0
760 94 41 0 0
761 94 40 0 0
762 95 40 0 0
763 94 40 0 0
764 94 39 0 0
765 95 39 0 0
766 96 39 0 0
767 95 39 0 0
768 95 38 0 0
769 96 38 0 0
770 95 38 0 0
771 95 37 0 0
772 96 37 0 0
773 95 37 0 0
774 95 36 0 0
775 96 36 0 0
776 95 36 0 0
777 95 35 0 0
778 96 35 0 0
779 95 35 0 0
780 96 35 0 0
781 95 35 0 0
782 95 34 0 0
783 96 34 0 0
784 95 34 0 0
785 95 33 0 0
786 96 33 0 0
787 95 33 0 0
788 95 32 0 0
789 96 32 0 0
790 95 32 0 0
791 96 32 0 0
792 96 31 0 0
793 97 31 0 0
794 96 31 0 0
795 96 30 0 0
796 97 30 0 0
797 96 30 0 0
798 96 29 0 0
799 97 29 0 0
800 96 29 0 0
801 96 28 0 0
802 97 28 0 0
803 96 28 0 0
804 97 28 0 0
805 96 28 0 0
806 96 27 0 0
807 97 27 0 0
808 96 27 0 0
809 96 26 0 0
810 97 26 0 0
811 96 26 0 0
812 96 25 0 0
813 97 25 0 0
814 96 25 0 0
815 96 24 0 0
816 97 24 0 0
817 96 24 0 0
818 97 24 0 0
819 96 24 0 0
820 96 23 0 0
821 97 23 0 0
822 96 23 0 0
823 96 22 0 0
824 97 22 0 0
825 96 22 0 0
826 97 22 0 0
