0 102 12 0 0
1 101 12 0 0
2 101 13 0 0
3 102 13 0 0
4 101 13 0 0
5 102 13 0 0
6 101 13 0 0
7 102 13 0 0
8 101 13 0 0
9 101 14 0 0
10 102 14 0 0
11 101 14 0 0
12 101 15 0 0
13 102 15 0 0
14 101 15 0 0
15 102 15 0 0
16 101 15 0 0
17 101 16 0 0
18 102 16 0 0
19 101 16 0 0
20 102 16 0 0
21 101 16 0 0
22 102 16 0 0
23 101 16 0 0
24 101 17 0 0
25 102 17 0 0
26 101 17 0 0
27 102 17 0 0
28 101 17 0 0
29 101 18 0 0
30 102 18 0 0
31 101 18 0 0
32 102 18 0 0
33 101 18 0 0
34 101 19 0 0
35 102 19 0 0
36 101 19 0 0
37 102 19 0 0
38 101 19 0 0
39 101 20 0 0
40 102 20 0 0
41 101 20 0 0
42 102 20 0 0
43 101 20 0 0
44 101 21 0 0
45 102 21 0 0
46 101 21 0 0
47 102 21 0 0
48 101 21 0 0
49 101 22 0 0
50 102 22 0 0
51 101 22 0 0
52 101 23 0 0
53 102 23 0 0
54 101 23 0 0
55 102 23 0 0
56 101 23 0 0
57 102 23 0 0
58 101 23 0 0
59 101 24 0 0
60 102 24 0 0
61 101 24 0 0
62 102 24 0 0
63 101 24 0 0
64 101 25 0 0
65 102 25 0 0
66 101 25 0 0
67 102 25 0 0
68 101 25 0 0
69 101 26 0 0
70 102 26 0 0
71 101 26 0 0
72 102 26 0 0
73 101 26 0 0
74 102 26 0 0
75 101 26 0 0
76 101 27 0 0
77 102 27 0 0
78 101 27 0 0
79 102 27 0 0
80 101 27 0 0
81 101 28 0 0
82 102 28 0 0
83 101 28 0 0
84 102 28 0 0
85 101 28 0 0
86 101 29 0 0
87 102 29 0 0
88 101 29 0 0
89 102 29 0 0
90 101 29 0 0
91 102 29 0 0
92 101 29 0 0
93 101 30 0 0
94 102 30 0 0
95 101 30 0 0
96 102 30 0 0
97 101 30 0 0
98 101 31 0 0
99 102 31 0 0
100 101 31 0 0
101 102 31 0 0
102 101 31 0 0
103 102 31 0 0
104 101 31 0 0
105 101 32 0 0
106 102 32 0 0
107 103 32 0 0
108 102 32 0 0
109 102 33 0 0
110 103 33 0 0
111 102 33 0 0
112 103 33 0 0
113 102 33 0 0
114 103 33 0 0
115 102 33 0 0
116 102 34 0 0
117 103 34 0 0
118 102 34 0 0
119 103 34 0 0
120 102 34 0 0
121 102 35 0 0
122 103 35 0 0
123 102 35 0 0
124 103 35 0 0
125 102 35 0 0
126 102 36 0 0
127 103 36 0 0
128 102 36 0 0
129 103 36 0 0
130 102 36 0 0
131 103 36 0 0
132 102 36 0 0
133 102 37 0 0
134 103 37 0 0
135 102 37 0 0
136 103 37 0 0
137 102 37 0 0
138 102 38 0 0
139 103 38 0 0
140 102 38 0 0
141 103 38 0 0
142 102 38 0 0
143 103 38 0 0
144 102 38 0 0
145 102 39 0 0
146 103 39 0 0
147 102 39 0 0
148 103 39 0 0
149 103 40 0 0
150 104 40 0 0
151 103 40 0 0
152 104 40 0 0
153 103 40 0 0
154 104 40 0 0
155 103 40 0 0
156 103 41 0 0
157 104 41 0 0
158 103 41 0 0
159 104 41 0 0
160 103 41 0 0
161 103 42 0 0
162 104 42 0 0
163 103 42 0 0
164 104 42 0 0
165 103 42 0 0
166 103 43 0 0
167 104 43 0 0
168 103 43 0 0
169 104 43 0 0
170 103 43 0 0
171 104 43 0 0
172 103 43 0 0
173 103 44 0 0
174 104 44 0 0
175 103 44 0 0
176 104 44 0 0
177 103 44 0 0
178 103 45 0 0
179 104 45 0 0
180 105 45 0 0
181 104 45 0 0
182 105 45 0 0
183 104 45 0 0
184 104 46 0 0
185 105 46 0 0
186 104 46 0 0
187 105 46 0 0
188 104 46 0 0
189 104 47 0 0
190 105 47 0 0
191 104 47 0 0
192 105 47 0 0
193 104 47 0 0
194 105 47 0 0
195 104 47 0 0
196 104 48 0 0
197 105 48 0 0
198 104 48 0 0
199 105 48 0 0
200 104 48 0 0
201 104 49 0 0
202 105 49 0 0
203 104 49 0 0
204 105 49 0 0
205 104 49 0 0
206 104 50 0 0
207 105 50 0 0
208 104 50 0 0
209 105 50 0 0
210 104 50 0 0
211 105 50 0 0
212 104 50 0 0
213 104 51 0 0
214 105 51 0 0
215 104 51 0 0
216 105 51 0 0
217 104 51 0 0
218 104 52 0 0
219 105 52 0 0
220 104 52 0 0
221 105 52 0 0
222 106 52 0 0
223 105 52 0 0
224 105 53 0 0
225 106 53 0 0
226 105 53 0 0
227 106 53 0 0
228 105 53 0 0
229 105 54 0 0
230 106 54 0 0
231 105 54 0 0
232 106 54 0 0
233 105 54 0 0
234 106 54 0 0
235 105 54 0 0
236 105 55 0 0
237 106 55 0 0
238 105 55 0 0
239 106 55 0 0
240 105 55 0 0
241 105 56 0 0
242 106 56 0 0
243 105 56 0 0
244 106 56 0 0
245 105 56 0 0
246 105 57 0 0
247 106 57 0 0
248 105 57 0 0
249 106 57 0 0
250 105 57 0 0
251 106 57 0 0
252 105 57 0 0
253 105 58 0 0
254 106 58 0 0
255 105 58 0 0
256 106 58 0 0
257 105 58 0 0
258 105 59 0 0
259 106 59 0 0
260 105 59 0 0
261 106 59 0 0
262 105 59 0 0
263 106 59 0 0
264 106 60 0 0
265 107 60 0 0
266 106 60 0 0
267 107 60 0 0
268 106 60 0 0
269 106 61 0 0
270 107 61 0 0
271 106 61 0 0
272 107 61 0 0
273 106 61 0 0
274 107 61 0 0
275 106 61 0 0
276 106 62 0 0
277 107 62 0 0
278 106 62 0 0
279 107 62 0 0
280 106 62 0 0
281 106 63 0 0
282 107 63 0 0
283 106 63 0 0
284 107 63 0 0
285 106 63 0 0
286 107 63 0 0
287 106 63 0 0
288 106 64 0 0
289 107 64 0 0
290 108 64 0 0
291 107 64 0 0
292 108 64 0 0
293 107 64 0 0
294 108 64 0 0
295 107 64 0 0
296 107 65 0 0
297 108 65 0 0
298 107 65 0 0
299 108 65 0 0
300 109 65 0 0
301 108 65 0 0
302 109 65 0 0
303 108 65 0 0
304 108 66 0 0
305 109 66 0 0
306 108 66 0 0
307 109 66 0 0
308 108 66 0 0
309 109 66 0 0
310 108 66 0 0
311 109 66 0 0
312 110 66 0 0
313 109 66 0 0
314 109 67 0 0
315 110 67 0 0
316 109 67 0 0
317 110 67 0 0
318 109 67 0 0
319 110 67 0 0
320 109 67 0 0
321 110 67 0 0
322 110 68 0 0
323 111 68 0 0
324 110 68 0 0
325 111 68 0 0
326 110 68 0 0
327 111 68 0 0
328 110 68 0 0
329 111 68 0 0
330 112 68 0 0
331 111 68 0 0
332 111 69 0 0
333 112 69 0 0
334 111 69 0 0
335 112 69 0 0
336 111 69 0 0
337 112 69 0 0
338 111 69 0 0
339 112 69 0 0
340 111 69 0 0
341 111 70 0 0
342 112 70 0 0
343 113 70 0 0
344 112 70 0 0
345 113 70 0 0
346 112 70 0 0
347 113 70 0 0
348 112 70 0 0
349 113 70 0 0
350 112 70 0 0
351 112 71 0 0
352 113 71 0 0
353 114 71 0 0
354 113 71 0 0
355 114 71 0 0
356 113 71 0 0
357 114 71 0 0
358 113 71 0 0
359 113 72 0 0
360 114 72 0 0
361 113 72 0 0
362 114 72 0 0
363 113 72 0 0
364 114 72 0 0
365 115 72 0 0
366 114 72 0 0
367 115 72 0 0
368 114 72 0 0
369 114 73 0 0
370 115 73 0 0
371 114 73 0 0
372 115 73 0 0
373 114 73 0 0
374 115 73 0 0
375 116 73 0 0
376 115 73 0 0
377 115 74 0 0
378 116 74 0 0
379 115 74 0 0
380 116 74 0 0
381 115 74 0 0
382 116 74 0 0
383 115 74 0 0
384 116 74 0 0
385 115 74 0 0
386 116 74 0 0
387 116 75 0 0
388 117 75 0 0
389 116 75 0 0
390 117 75 0 0
391 116 75 0 0
392 117 75 0 0
393 116 75 0 0
394 117 75 0 0
395 116 75 0 0
396 116 76 0 0
397 117 76 0 0
398 118 76 0 0
399 117 76 0 0
400 118 76 0 0
401 117 76 0 0
402 118 76 0 0
403 117 76 0 0
404 118 76 0 0
405 117 76 0 0
406 117 77 0 0
407 118 77 0 0
408 119 77 0 0
409 118 77 0 0
410 119 77 0 0
411 118 77 0 0
412 119 77 0 0
413 118 77 0 0
414 118 78 0 0
415 119 78 0 0
416 118 78 0 0
417 119 78 0 0
418 120 78 0 0
419 119 78 0 0
420 120 78 0 0
421 119 78 0 0
422 120 78 0 0
423 119 78 0 0
424 119 79 0 0
425 120 79 0 0
426 119 79 0 0
427 120 79 0 0
428 119 79 0 0
429 120 79 0 0
430 121 79 0 0
431 120 79 0 0
432 120 80 0 0
433 121 80 0 0
434 120 80 0 0
435 121 80 0 0
436 120 80 0 0
437 121 80 0 0
438 120 80 0 0
439 121 80 0 0
440 122 80 0 0
441 121 80 0 0
442 121 81 0 0
443 122 81 0 0
444 121 81 0 0
445 122 81 0 0
446 121 81 0 0
447 122 81 0 0
448 121 81 0 0
449 122 81 0 0
450 122 82 0 0
451 123 82 0 0
452 122 82 0 0
453 123 82 0 0
454 122 82 0 0
455 123 82 0 0
456 122 82 0 0
457 123 82 0 0
458 122 82 0 0
459 123 82 0 0
460 122 82 0 0
461 122 83 0 0
462 123 83 0 0
463 124 83 0 0
464 123 83 0 0
465 124 83 0 0
466 123 83 0 0
467 124 83 0 0
468 123 83 0 0
469 123 84 0 0
470 124 84 0 0
471 123 84 0 0
472 124 84 0 0
473 125 84 0 0
474 124 84 0 0
475 125 84 0 0
476 124 84 0 0
477 125 84 0 0
478 124 84 0 0
479 124 85 0 0
480 125 85 0 0
481 124 85 0 0
482 125 85 0 0
483 126 85 0 0
484 125 85 0 0
485 126 85 0 0
486 125 85 0 0
487 125 86 0 0
488 126 86 0 0
489 125 86 0 0
490 126 86 0 0
491 125 86 0 0
492 126 86 0 0
493 127 86 0 0
494 126 86 0 0
495 127 86 0 0
496 126 86 0 0
497 126 87 0 0
498 127 87 0 0
499 126 87 0 0
500 127 87 0 0
501 126 87 0 0
502 127 87 0 0
503 126 87 0 0
504 127 87 0 0
505 127 88 0 0
506 128 88 0 0
507 127 88 0 0
508 128 88 0 0
509 127 88 0 0
510 128 88 0 0
511 127 88 0 0
512 128 88 0 0
513 129 88 0 0
514 128 88 0 0
515 129 88 0 0
516 128 88 0 0
517 129 88 0 0
518 129 89 0 0
519 130 89 0 0
520 129 89 0 0
521 130 89 0 0
522 129 89 0 0
523 130 89 0 0
524 129 89 0 0
525 130 89 0 0
526 131 89 0 0
527 130 89 0 0
528 131 89 0 0
529 132 89 0 0
530 131 89 0 0
531 132 89 0 0
532 131 89 0 0
533 131 90 0 0
534 132 90 0 0
535 131 90 0 0
536 132 90 0 0
537 133 90 0 0
538 132 90 0 0
539 133 90 0 0
540 132 90 0 0
541 133 90 0 0
542 134 90 0 0
543 133 90 0 0
544 134 90 0 0
545 133 90 0 0
546 134 90 0 0
547 135 90 0 0
548 134 90 0 0
549 134 91 0 0
550 135 91 0 0
551 134 91 0 0
552 135 91 0 0
553 134 91 0 0
554 135 91 0 0
555 136 91 0 0
556 135 91 0 0
557 136 91 0 0
558 135 91 0 0
559 136 91 0 0
560 137 91 0 0
561 136 91 0 0
562 137 91 0 0
563 136 91 0 0
564 136 92 0 0
565 137 92 0 0
566 138 92 0 0
567 137 92 0 0
568 138 92 0 0
569 137 92 0 0
570 138 92 0 0
571 139 92 0 0
572 138 92 0 0
573 139 92 0 0
574 138 92 0 0
575 139 92 0 0
576 140 92 0 0
577 139 92 0 0
578 140 92 0 0
579 139 92 0 0
580 139 93 0 0
581 140 93 0 0
582 139 93 0 0
583 140 93 0 0
584 141 93 0 0
585 140 93 0 0
586 141 93 0 0
587 142 93 0 0
588 141 93 0 0
589 142 93 0 0
590 141 93 0 0
591 142 93 0 0
592 141 93 0 0
593 142 93 0 0
594 142 94 0 0
595 143 94 0 0
596 142 94 0 0
597 143 94 0 0
598 142 94 0 0
599 143 94 0 0
600 144 94 0 0
601 143 94 0 0
602 144 94 0 0
603 143 94 0 0
604 144 94 0 0
605 145 94 0 0
606 144 94 0 0
607 145 94 0 0
608 144 94 0 0
609 145 94 0 0
610 144 94 0 0
611 144 95 0 0
612 145 95 0 0
613 146 95 0 0
614 145 95 0 0
615 146 95 0 0
616 147 95 0 0
617 146 95 0 0
618 147 95 0 0
619 146 95 0 0
620 147 95 0 0
621 146 95 0 0
622 147 95 0 0
623 148 95 0 0
624 147 95 0 0
625 147 96 0 0
626 148 96 0 0
627 147 96 0 0
628 148 96 0 0
629 149 96 0 0
630 148 96 0 0
631 149 96 0 0
632 148 96 0 0
633 149 96 0 0
634 150 96 0 0
635 149 96 0 0
636 150 96 0 0
637 149 96 0 0
638 150 96 0 0
639 149 96 0 0
640 150 96 0 0
641 150 97 0 0
642 151 97 0 0
643 150 97 0 0
644 151 97 0 0
645 152 97 0 0
646 151 97 0 0
647 152 97 0 0
648 151 97 0 0
649 152 97 0 0
650 151 97 0 0
651 152 97 0 0
652 153 97 0 0
653 152 97 0 0
654 153 97 0 0
655 152 97 0 0
656 152 98 0 0
657 153 98 0 0
658 154 98 0 0
659 153 98 0 0
660 154 98 0 0
661 153 98 0 0
662 154 98 0 0
663 155 98 0 0
664 154 98 0 0
665 155 98 0 0
666 154 98 0 0
667 155 98 0 0
668 154 98 0 0
669 155 98 0 0
670 156 98 0 0
671 155 98 0 0
672 156 98 0 0
673 155 98 0 0
674 156 98 0 0
675 157 98 0 0
676 156 98 0 0
677 157 98 0 0
678 158 98 0 0
679 157 98 0 0
680 158 98 0 0
681 157 98 0 0
682 158 98 0 0
683 159 98 0 0
684 158 98 0 0
685 159 98 0 0
686 158 98 0 0
687 159 98 0 0
688 160 98 0 0
689 159 98 0 0
690 160 98 0 0
691 159 98 0 0
692 160 98 0 0
693 161 98 0 0
694 160 98 0 0
695 161 98 0 0
696 162 98 0 0
697 161 98 0 0
698 162 98 0 0
699 161 98 0 0
700 162 98 0 0
701 163 98 0 0
702 162 98 0 0
703 163 98 0 0
704 162 98 0 0
705 163 98 0 0
706 164 98 0 0
707 163 98 0 0
708 164 98 0 0
709 165 98 0 0
710 164 98 0 0
711 165 98 0 0
712 166 98 0 0
713 165 98 0 0
714 166 98 0 0
715 165 98 0 0
716 166 98 0 0
717 167 98 0 0
718 166 98 0 0
719 167 98 0 0
720 168 98 0 0
721 167 98 0 0
722 168 98 0 0
723 169 98 0 0
724 168 98 0 0
725 169 98 0 0
726 170 98 0 0
727 169 98 0 0
728 170 98 0 0
729 171 98 0 0
730 170 98 0 0
731 171 98 0 0
732 170 98 0 0
733 171 98 0 0
734 171 97 0 0
735 172 97 0 0
736 171 97 0 0
737 171 98 0 0
738 172 98 0 0
739 173 98 0 0
740 172 98 0 0
741 173 98 0 0
742 172 98 0 0
743 173 98 0 0
744 174 98 0 0
745 173 98 0 0
746 174 98 0 0
747 175 98 0 0
748 174 98 0 0
749 175 98 0 0
750 176 98 0 0
751 175 98 0 0
752 176 98 0 0
753 175 98 0 0
754 176 98 0 0
755 177 98 0 0
756 176 98 0 0
757 177 98 0 0
758 176 98 0 0
759 177 98 0 0
760 178 98 0 0
761 177 98 0 0
762 178 98 0 0
763 179 98 0 0
764 178 98 0 0
765 179 98 0 0
766 178 98 0 0
767 179 98 0 0
768 180 98 0 0
769 179 98 0 0
770 180 98 0 0
771 181 98 0 0
772 180 98 0 0
773 181 98 0 0
774 182 98 0 0
775 181 98 0 0
776 182 98 0 0
777 183 98 0 0
778 182 98 0 0
779 183 98 0 0
780 182 98 0 0
781 183 98 0 0
782 184 98 0 0
783 183 98 0 0
784 184 98 0 0
785 183 98 0 0
786 184 98 0 0
787 185 98 0 0
788 186 98 0 0
789 185 98 0 0
790 186 98 0 0
791 185 98 0 0
792 186 98 0 0
793 187 98 0 0
794 186 98 0 0
795 187 98 0 0
796 188 98 0 0
797 187 98 0 0
798 188 98 0 0
799 189 98 0 0
800 188 98 0 0
801 189 98 0 0
802 190 98 0 0
803 189 98 0 0
804 190 98 0 0
805 191 98 0 0
806 190 98 0 0
807 191 98 0 0
808 192 98 0 0
809 191 98 0 0
810 192 98 0 0
811 193 98 0 0
812 192 98 0 0
813 193 98 0 0
814 194 98 0 0
815 193 98 0 0
816 193 99 0 0
817 194 99 0 0
818 193 99 0 0
819 194 99 0 0
820 193 99 0 0
821 194 99 0 0
822 195 99 0 0
823 194 99 0 0
824 195 99 0 0
825 194 99 0 0
826 195 99 0 0
827 194 99 0 0
828 195 99 0 0
829 194 99 0 0
830 195 99 0 0
