0 5 92 0 0
1 6 92 0 0
2 7 92 0 0
3 6 92 0 0
4 7 92 0 0
5 8 92 0 0
6 9 92 0 0
7 8 92 0 0
8 9 92 0 0
9 10 92 0 0
10 9 92 0 0
11 10 92 0 0
12 11 92 0 0
13 10 92 0 0
14 11 92 0 0
15 12 92 0 0
16 13 92 0 0
17 12 92 0 0
18 13 92 0 0
19 14 92 0 0
20 13 92 0 0
21 14 92 0 0
22 15 92 0 0
23 14 92 0 0
24 15 92 0 0
25 16 92 0 0
26 15 92 0 0
27 16 92 0 0
28 17 92 0 0
29 16 92 0 0
30 17 92 0 0
31 18 92 0 0
32 17 92 0 0
33 17 93 0 0
34 18 93 0 0
35 19 93 0 0
36 18 93 0 0
37 19 93 0 0
38 18 93 0 0
39 19 93 0 0
40 20 93 0 0
41 19 93 0 0
42 19 94 0 0
43 20 94 0 0
44 21 94 0 0
45 20 94 0 0
46 21 94 0 0
47 22 94 0 0
48 21 94 0 0
49 22 94 0 0
50 23 94 0 0
51 22 94 0 0
52 23 94 0 0
53 24 94 0 0
54 23 94 0 0
55 24 94 0 0
56 25 94 0 0
57 24 94 0 0
58 25 94 0 0
59 26 94 0 0
60 25 94 0 0
61 26 94 0 0
62 27 94 0 0
63 26 94 0 0
64 27 94 0 0
65 26 94 0 0
66 27 94 0 0
67 28 94 0 0
68 29 94 0 0
69 28 94 0 0
70 29 94 0 0
71 28 94 0 0
72 29 94 0 0
73 30 94 0 0
74 31 94 0 0
75 30 94 0 0
76 31 94 0 0
77 31 95 0 0
78 32 95 0 0
79 31 95 0 0
80 32 95 0 0
81 33 95 0 0
82 32 95 0 0
83 33 95 0 0
84 34 95 0 0
85 35 95 0 0
86 34 95 0 0
87 35 95 0 0
88 36 95 0 0
89 35 95 0 0
90 36 95 0 0
91 37 95 0 0
92 38 95 0 0
93 37 95 0 0
94 38 95 0 0
95 39 95 0 0
96 38 95 0 0
97 39 95 0 0
98 40 95 0 0
99 41 95 0 0
100 40 95 0 0
101 41 95 0 0
102 42 95 0 0
103 43 95 0 0
104 42 95 0 0
105 43 95 0 0
106 44 95 0 0
107 43 95 0 0
108 44 95 0 0
109 43 95 0 0
110 44 95 0 0
111 45 95 0 0
112 44 95 0 0
113 45 95 0 0
114 44 95 0 0
115 45 95 0 0
116 46 95 0 0
117 45 95 0 0
118 46 95 0 0
119 45 95 0 0
120 46 95 0 0
121 47 95 0 0
122 46 95 0 0
123 46 96 0 0
124 47 96 0 0
125 46 96 0 0
126 47 96 0 0
127 48 96 0 0
128 47 96 0 0
129 48 96 0 0
130 49 96 0 0
131 48 96 0 0
132 49 96 0 0
133 48 96 0 0
134 49 96 0 0
135 50 96 0 0
136 49 96 0 0
137 50 96 0 0
138 51 96 0 0
139 50 96 0 0
140 51 96 0 0
141 52 96 0 0
142 52 97 0 0
143 53 97 0 0
144 54 97 0 0
145 53 97 0 0
146 54 97 0 0
147 55 97 0 0
148 56 97 0 0
149 56 98 0 0
150 57 98 0 0
151 56 98 0 0
152 57 98 0 0
153 58 98 0 0
154 59 98 0 0
155 60 98 0 0
156 60 99 0 0
157 61 99 0 0
158 60 99 0 0
159 61 99 0 0
160 62 99 0 0
161 63 99 0 0
162 64 99 0 0
163 63 99 0 0
164 63 100 0 0
165 64 100 0 0
166 65 100 0 0
167 66 100 0 0
168 65 100 0 0
169 66 100 0 0
170 67 100 0 0
171 66 100 0 0
172 67 100 0 0
173 68 100 0 0
174 67 100 0 0
175 68 100 0 0
176 68 101 0 0
177 69 101 0 0
178 68 101 0 0
179 69 101 0 0
180 70 101 0 0
181 69 101 0 0
182 70 101 0 0
183 71 101 0 0
184 70 101 0 0
185 71 101 0 0
186 70 101 0 0
187 71 101 0 0
188 72 101 0 0
189 73 101 0 0
190 72 101 0 0
191 73 101 0 0
192 72 101 0 0
193 72 102 0 0
194 73 102 0 0
195 74 102 0 0
196 73 102 0 0
197 74 102 0 0
198 75 102 0 0
199 74 102 0 0
200 75 102 0 0
201 76 102 0 0
202 75 102 0 0
203 76 102 0 0
204 77 102 0 0
205 76 102 0 0
206 77 102 0 0
207 77 103 0 0
208 78 103 0 0
209 77 103 0 0
210 78 103 0 0
211 79 103 0 0
212 78 103 0 0
213 79 103 0 0
214 80 103 0 0
215 79 103 0 0
216 80 103 0 0
217 81 103 0 0
218 80 103 0 0
219 81 103 0 0
220 81 104 0 0
221 82 104 0 0
222 81 104 0 0
223 82 104 0 0
224 83 104 0 0
225 82 104 0 0
226 83 104 0 0
227 84 104 0 0
228 83 104 0 0
229 84 104 0 0
230 85 104 0 0
231 86 104 0 0
232 85 104 0 0
233 85 105 0 0
234 86 105 0 0
235 85 105 0 0
236 86 105 0 0
237 86 106 0 0
238 87 106 0 0
239 86 106 0 0
240 87 106 0 0
241 86 106 0 0
242 87 106 0 0
243 87 107 0 0
244 88 107 0 0
245 87 107 0 0
246 88 107 0 0
247 89 107 0 0
248 88 107 0 0
249 88 108 0 0
250 89 108 0 0
251 90 108 0 0
252 89 108 0 0
253 89 109 0 0
254 90 109 0 0
255 91 109 0 0
256 90 109 0 0
257 91 109 0 0
258 90 109 0 0
259 90 110 0 0
260 91 110 0 0
261 92 110 0 0
262 91 110 0 0
263 92 110 0 0
264 92 111 0 0
265 93 111 0 0
266 92 111 0 0
267 93 111 0 0
268 92 111 0 0
269 92 112 0 0
270 93 112 0 0
271 94 112 0 0
272 93 112 0 0
273 94 112 0 0
274 94 113 0 0
275 95 113 0 0
276 94 113 0 0
277 95 113 0 0
278 96 113 0 0
279 95 113 0 0
280 95 114 0 0
281 96 114 0 0
282 95 114 0 0
283 96 114 0 0
284 97 114 0 0
285 96 114 0 0
286 96 115 0 0
287 97 115 0 0
288 96 115 0 0
289 97 115 0 0
290 98 115 0 0
291 98 116 0 0
292 99 116 0 0
293 98 116 0 0
294 99 116 0 0
295 98 116 0 0
296 98 117 0 0
297 99 117 0 0
298 100 117 0 0
299 99 117 0 0
300 100 117 0 0
301 100 118 0 0
302 101 118 0 0
303 100 118 0 0
304 101 118 0 0
305 100 118 0 0
306 101 118 0 0
307 101 119 0 0
308 102 119 0 0
309 103 119 0 0
310 102 119 0 0
311 103 119 0 0
312 102 119 0 0
313 102 120 0 0
314 103 120 0 0
315 102 120 0 0
316 103 120 0 0
317 102 120 0 0
318 103 120 0 0
319 102 120 0 0
320 102 121 0 0
321 103 121 0 0
322 104 121 0 0
323 103 121 0 0
324 104 121 0 0
325 103 121 0 0
326 103 122 0 0
327 104 122 0 0
328 103 122 0 0
329 104 122 0 0
330 103 122 0 0
331 104 122 0 0
332 104 123 0 0
333 105 123 0 0
334 104 123 0 0
335 105 123 0 0
336 104 123 0 0
337 105 123 0 0
338 104 123 0 0
339 104 124 0 0
340 105 124 0 0
341 106 124 0 0
342 105 124 0 0
343 106 124 0 0
344 105 124 0 0
345 105 125 0 0
346 106 125 0 0
347 105 125 0 0
348 106 125 0 0
349 105 125 0 0
350 106 125 0 0
351 107 125 0 0
352 106 125 0 0
353 106 126 0 0
354 107 126 0 0
355 106 126 0 0
356 107 126 0 0
357 106 126 0 0
358 106 127 0 0
359 107 127 0 0
360 106 127 0 0
361 107 127 0 0
362 107 128 0 0
363 108 128 0 0
364 107 128 0 0
365 108 128 0 0
366 107 128 0 0
367 107 129 0 0
368 108 129 0 0
369 109 129 0 0
370 108 129 0 0
371 109 129 0 0
372 108 129 0 0
373 108 130 0 0
374 109 130 0 0
375 108 130 0 0
376 109 130 0 0
377 108 130 0 0
378 108 131 0 0
379 109 131 0 0
380 110 131 0 0
381 109 131 0 0
382 109 132 0 0
383 110 132 0 0
384 109 132 0 0
385 110 132 0 0
386 109 132 0 0
387 109 133 0 0
388 110 133 0 0
389 111 133 0 0
390 110 133 0 0
391 110 134 0 0
392 111 134 0 0
393 110 134 0 0
394 111 134 0 0
395 110 134 0 0
396 111 134 0 0
397 110 134 0 0
398 110 135 0 0
399 111 135 0 0
400 110 135 0 0
401 110 136 0 0
402 111 136 0 0
403 112 136 0 0
404 111 136 0 0
405 111 137 0 0
406 112 137 0 0
407 111 137 0 0
408 112 137 0 0
409 111 137 0 0
410 111 138 0 0
411 112 138 0 0
412 111 138 0 0
413 111 139 0 0
414 112 139 0 0
415 111 139 0 0
416 112 139 0 0
417 112 140 0 0
418 113 140 0 0
419 112 140 0 0
420 113 140 0 0
421 112 140 0 0
422 112 141 0 0
423 113 141 0 0
424 112 141 0 0
425 112 142 0 0
426 113 142 0 0
427 112 142 0 0
428 113 142 0 0
429 112 142 0 0
430 112 143 0 0
431 113 143 0 0
432 112 143 0 0
433 113 143 0 0
434 112 143 0 0
435 112 144 0 0
436 113 144 0 0
437 112 144 0 0
438 112 145 0 0
439 113 145 0 0
440 114 145 0 0
441 113 145 0 0
442 113 146 0 0
443 114 146 0 0
444 113 146 0 0
445 114 146 0 0
446 113 146 0 0
447 113 147 0 0
448 114 147 0 0
449 113 147 0 0
450 114 147 0 0
451 113 147 0 0
452 113 148 0 0
453 114 148 0 0
454 113 148 0 0
455 114 148 0 0
456 113 148 0 0
457 113 149 0 0
458 114 149 0 0
459 113 149 0 0
460 114 149 0 0
461 113 149 0 0
462 113 150 0 0
463 114 150 0 0
464 113 150 0 0
465 114 150 0 0
466 114 151 0 0
467 115 151 0 0
468 114 151 0 0
469 115 151 0 0
470 114 151 0 0
471 115 151 0 0
472 114 151 0 0
473 114 152 0 0
474 115 152 0 0
475 114 152 0 0
476 115 152 0 0
477 114 152 0 0
478 114 153 0 0
479 115 153 0 0
480 114 153 0 0
481 115 153 0 0
482 114 153 0 0
483 114 154 0 0
484 115 154 0 0
485 114 154 0 0
486 115 154 0 0
487 115 155 0 0
488 116 155 0 0
489 115 155 0 0
490 116 155 0 0
491 115 155 0 0
492 116 155 0 0
493 115 155 0 0
494 115 156 0 0
495 116 156 0 0
496 115 156 0 0
497 116 156 0 0
498 115 156 0 0
499 115 157 0 0
500 116 157 0 0
501 115 157 0 0
502 116 157 0 0
503 115 157 0 0
504 115 158 0 0
505 116 158 0 0
506 115 158 0 0
507 116 158 0 0
508 115 158 0 0
509 115 159 0 0
510 116 159 0 0
511 115 159 0 0
512 116 159 0 0
513 115 159 0 0
514 115 160 0 0
515 116 160 0 0
516 117 160 0 0
517 116 160 0 0
518 116 161 0 0
519 117 161 0 0
520 116 161 0 0
521 117 161 0 0
522 116 161 0 0
523 116 162 0 0
524 117 162 0 0
525 116 162 0 0
526 117 162 0 0
527 116 162 0 0
528 116 163 0 0
529 117 163 0 0
530 116 163 0 0
531 117 163 0 0
532 116 163 0 0
533 116 164 0 0
534 117 164 0 0
535 116 164 0 0
536 117 164 0 0
537 116 164 0 0
538 116 165 0 0
539 117 165 0 0
540 116 165 0 0
541 116 166 0 0
542 117 166 0 0
543 116 166 0 0
544 117 166 0 0
545 116 166 0 0
546 116 167 0 0
547 117 167 0 0
548 116 167 0 0
549 117 167 0 0
550 116 167 0 0
551 116 168 0 0
552 117 168 0 0
553 116 168 0 0
554 117 168 0 0
555 117 169 0 0
556 118 169 0 0
557 117 169 0 0
558 117 170 0 0
559 118 170 0 0
560 117 170 0 0
561 118 170 0 0
562 117 170 0 0
563 117 171 0 0
564 118 171 0 0
565 117 171 0 0
566 118 171 0 0
567 117 171 0 0
568 117 172 0 0
569 118 172 0 0
570 117 172 0 0
571 118 172 0 0
572 117 172 0 0
573 117 173 0 0
574 118 173 0 0
575 117 173 0 0
576 118 173 0 0
577 117 173 0 0
578 117 174 0 0
579 118 174 0 0
580 119 174 0 0
581 118 174 0 0
582 118 175 0 0
583 119 175 0 0
584 118 175 0 0
585 119 175 0 0
586 118 175 0 0
587 118 176 0 0
588 119 176 0 0
589 118 176 0 0
590 119 176 0 0
591 119 177 0 0
592 120 177 0 0
593 119 177 0 0
594 120 177 0 0
595 119 177 0 0
596 119 178 0 0
597 120 178 0 0
598 119 178 0 0
599 120 178 0 0
600 119 178 0 0
601 119 179 0 0
602 120 179 0 0
603 119 179 0 0
604 120 179 0 0
605 119 179 0 0
606 119 180 0 0
607 120 180 0 0
608 119 180 0 0
609 120 180 0 0
610 120 181 0 0
611 121 181 0 0
612 120 181 0 0
613 121 181 0 0
614 120 181 0 0
615 120 182 0 0
616 121 182 0 0
617 120 182 0 0
618 121 182 0 0
619 120 182 0 0
620 120 183 0 0
621 121 183 0 0
622 120 183 0 0
623 121 183 0 0
624 120 183 0 0
625 120 184 0 0
626 121 184 0 0
627 120 184 0 0
628 121 184 0 0
629 121 185 0 0
630 122 185 0 0
631 121 185 0 0
632 121 186 0 0
633 122 186 0 0
634 121 186 0 0
635 122 186 0 0
636 121 186 0 0
637 121 187 0 0
638 122 187 0 0
639 121 187 0 0
640 122 187 0 0
641 121 187 0 0
642 121 188 0 0
643 122 188 0 0
644 121 188 0 0
645 122 188 0 0
646 121 188 0 0
647 121 189 0 0
648 122 189 0 0
649 121 189 0 0
650 121 190 0 0
651 122 190 0 0
652 121 190 0 0
653 122 190 0 0
654 121 190 0 0
655 122 190 0 0
656 121 190 0 0
657 121 191 0 0
658 122 191 0 0
659 121 191 0 0
660 121 192 0 0
661 122 192 0 0
662 123 192 0 0
663 122 192 0 0
664 122 193 0 0
665 123 193 0 0
666 122 193 0 0
667 123 193 0 0
668 122 193 0 0
669 122 194 0 0
670 123 194 0 0
671 122 194 0 0
672 123 194 0 0
673 122 194 0 0
674 122 195 0 0
675 123 195 0 0
676 122 195 0 0
677 123 195 0 0
678 122 195 0 0
679 122 196 0 0
680 123 196 0 0
681 122 196 0 0
682 123 196 0 0
683 122 196 0 0
684 123 196 0 0
685 123 197 0 0
686 124 197 0 0
687 123 197 0 0
688 124 197 0 0
689 123 197 0 0
690 123 198 0 0
691 124 198 0 0
692 123 198 0 0
693 124 198 0 0
694 123 198 0 0
695 123 199 0 0
696 124 199 0 0
697 123 199 0 0
698 123 200 0 0
699 124 200 0 0
700 123 200 0 0
701 124 200 0 0
702 123 200 0 0
703 124 200 0 0
704 124 201 0 0
705 125 201 0 0
706 124 201 0 0
707 124 202 0 0
708 125 202 0 0
709 124 202 0 0
710 125 202 0 0
711 124 202 0 0
712 124 203 0 0
713 125 203 0 0
714 124 203 0 0
715 125 203 0 0
716 124 203 0 0
717 124 204 0 0
718 125 204 0 0
719 124 204 0 0
720 125 204 0 0
721 124 204 0 0
722 124 205 0 0
723 125 205 0 0
724 124 205 0 0
725 125 205 0 0
726 124 205 0 0
727 124 206 0 0
728 125 206 0 0
729 124 206 0 0
730 125 206 0 0
731 124 206 0 0
732 124 207 0 0
733 125 207 0 0
734 124 207 0 0
735 125 207 0 0
736 124 207 0 0
737 124 208 0 0
738 125 208 0 0
739 124 208 0 0
740 124 209 0 0
741 125 209 0 0
742 124 209 0 0
743 125 209 0 0
744 124 209 0 0
745 124 210 0 0
746 125 210 0 0
747 124 210 0 0
748 125 210 0 0
749 124 210 0 0
750 124 211 0 0
751 125 211 0 0
752 124 211 0 0
753 125 211 0 0
754 124 211 0 0
755 124 212 0 0
756 125 212 0 0
757 124 212 0 0
758 125 212 0 0
759 125 213 0 0
760 126 213 0 0
761 125 213 0 0
762 126 213 0 0
763 125 213 0 0
764 125 214 0 0
765 126 214 0 0
766 125 214 0 0
767 126 214 0 0
768 125 214 0 0
769 125 215 0 0
770 126 215 0 0
771 125 215 0 0
772 126 215 0 0
773 125 215 0 0
774 125 216 0 0
775 126 216 0 0
776 125 216 0 0
777 126 216 0 0
778 125 216 0 0
779 125 217 0 0
780 126 217 0 0
781 125 217 0 0
782 126 217 0 0
783 125 217 0 0
784 125 218 0 0
785 126 218 0 0
786 125 218 0 0
787 126 218 0 0
788 125 218 0 0
789 125 219 0 0
790 126 219 0 0
791 125 219 0 0
792 126 219 0 0
793 125 219 0 0
794 125 220 0 0
795 126 220 0 0
796 127 220 0 0
797 126 220 0 0
798 126 221 0 0
799 127 221 0 0
800 126 221 0 0
801 127 221 0 0
802 126 221 0 0
803 126 222 0 0
804 127 222 0 0
805 126 222 0 0
806 127 222 0 0
807 126 222 0 0
808 127 222 0 0
809 126 222 0 0
810 126 223 0 0
811 127 223 0 0
812 126 223 0 0
813 126 224 0 0
814 127 224 0 0
815 126 224 0 0
816 127 224 0 0
817 126 224 0 0
818 126 225 0 0
819 127 225 0 0
820 126 225 0 0
821 127 225 0 0
822 126 225 0 0
823 126 226 0 0
824 127 226 0 0
825 126 226 0 0
826 127 226 0 0
827 126 226 0 0
828 126 227 0 0
829 127 227 0 0
830 126 227 0 0
831 127 227 0 0
832 126 227 0 0
833 126 228 0 0
834 127 228 0 0
835 126 228 0 0
836 127 228 0 0
837 126 228 0 0
838 126 229 0 0
