0 103 4 0 0
1 104 4 0 0
2 103 4 0 0
3 103 5 0 0
4 104 5 0 0
5 103 5 0 0
6 104 5 0 0
7 103 5 0 0
8 103 6 0 0
9 104 6 0 0
10 103 6 0 0
11 104 6 0 0
12 103 6 0 0
13 104 6 0 0
14 103 6 0 0
15 103 7 0 0
16 104 7 0 0
17 103 7 0 0
18 104 7 0 0
19 103 7 0 0
20 104 7 0 0
21 103 7 0 0
22 103 8 0 0
23 104 8 0 0
24 103 8 0 0
25 104 8 0 0
26 103 8 0 0
27 103 9 0 0
28 104 9 0 0
29 103 9 0 0
30 104 9 0 0
31 103 9 0 0
32 104 9 0 0
33 103 9 0 0
34 103 10 0 0
35 104 10 0 0
36 103 10 0 0
37 104 10 0 0
38 103 10 0 0
39 104 10 0 0
40 103 10 0 0
41 104 10 0 0
42 103 10 0 0
43 103 11 0 0
44 104 11 0 0
45 103 11 0 0
46 104 11 0 0
47 103 11 0 0
48 103 12 0 0
49 104 12 0 0
50 103 12 0 0
51 104 12 0 0
52 103 12 0 0
53 103 13 0 0
54 104 13 0 0
55 103 13 0 0
56 104 13 0 0
57 103 13 0 0
58 103 14 0 0
59 104 14 0 0
60 103 14 0 0
61 104 14 0 0
62 103 14 0 0
63 104 14 0 0
64 103 14 0 0
65 103 15 0 0
66 104 15 0 0
67 103 15 0 0
68 104 15 0 0
69 103 15 0 0
70 104 15 0 0
71 103 15 0 0
72 103 16 0 0
73 104 16 0 0
74 103 16 0 0
75 104 16 0 0
76 103 16 0 0
77 104 16 0 0
78 103 16 0 0
79 103 17 0 0
80 104 17 0 0
81 103 17 0 0
82 104 17 0 0
83 103 17 0 0
84 103 18 0 0
85 104 18 0 0
86 103 18 0 0
87 104 18 0 0
88 103 18 0 0
89 103 19 0 0
90 104 19 0 0
91 103 19 0 0
92 104 19 0 0
93 103 19 0 0
94 103 20 0 0
95 104 20 0 0
96 103 20 0 0
97 104 20 0 0
98 103 20 0 0
99 103 21 0 0
100 104 21 0 0
101 103 21 0 0
102 104 21 0 0
103 103 21 0 0
104 103 22 0 0
105 104 22 0 0
106 103 22 0 0
107 103 23 0 0
108 104 23 0 0
109 103 23 0 0
110 104 23 0 0
111 103 23 0 0
112 104 23 0 0
113 103 23 0 0
114 103 24 0 0
115 104 24 0 0
116 103 24 0 0
117 104 24 0 0
118 103 24 0 0
119 103 25 0 0
120 104 25 0 0
121 103 25 0 0
122 104 25 0 0
123 103 25 0 0
124 103 26 0 0
125 104 26 0 0
126 103 26 0 0
127 104 26 0 0
128 103 26 0 0
129 103 27 0 0
130 104 27 0 0
131 103 27 0 0
132 104 27 0 0
133 103 27 0 0
134 103 28 0 0
135 104 28 0 0
136 103 28 0 0
137 104 28 0 0
138 103 28 0 0
139 103 29 0 0
140 104 29 0 0
141 103 29 0 0
142 104 29 0 0
143 103 29 0 0
144 103 30 0 0
145 104 30 0 0
146 103 30 0 0
147 104 30 0 0
148 103 30 0 0
149 103 31 0 0
150 104 31 0 0
151 103 31 0 0
152 104 31 0 0
153 103 31 0 0
154 103 32 0 0
155 104 32 0 0
156 103 32 0 0
157 104 32 0 0
158 103 32 0 0
159 103 33 0 0
160 104 33 0 0
161 103 33 0 0
162 104 33 0 0
163 103 33 0 0
164 103 34 0 0
165 104 34 0 0
166 103 34 0 0
167 104 34 0 0
168 103 34 0 0
169 103 35 0 0
170 104 35 0 0
171 103 35 0 0
172 104 35 0 0
173 103 35 0 0
174 103 36 0 0
175 104 36 0 0
176 103 36 0 0
177 104 36 0 0
178 103 36 0 0
179 103 37 0 0
180 104 37 0 0
181 103 37 0 0
182 104 37 0 0
183 103 37 0 0
184 103 38 0 0
185 104 38 0 0
186 103 38 0 0
187 104 38 0 0
188 103 38 0 0
189 103 39 0 0
190 104 39 0 0
191 103 39 0 0
192 104 39 0 0
193 103 39 0 0
194 103 40 0 0
195 104 40 0 0
196 103 40 0 0
197 104 40 0 0
198 103 40 0 0
199 103 41 0 0
200 104 41 0 0
201 105 41 0 0
202 104 41 0 0
203 104 42 0 0
204 105 42 0 0
205 104 42 0 0
206 105 42 0 0
207 104 42 0 0
208 105 42 0 0
209 104 42 0 0
210 104 43 0 0
211 105 43 0 0
212 104 43 0 0
213 105 43 0 0
214 104 43 0 0
215 104 44 0 0
216 105 44 0 0
217 104 44 0 0
218 105 44 0 0
219 104 44 0 0
220 104 45 0 0
221 105 45 0 0
222 104 45 0 0
223 105 45 0 0
224 104 45 0 0
225 104 46 0 0
226 105 46 0 0
227 104 46 0 0
228 105 46 0 0
229 104 46 0 0
230 105 46 0 0
231 104 46 0 0
232 104 47 0 0
233 105 47 0 0
234 104 47 0 0
235 105 47 0 0
236 105 48 0 0
237 106 48 0 0
238 105 48 0 0
239 106 48 0 0
240 105 48 0 0
241 105 49 0 0
242 106 49 0 0
243 105 49 0 0
244 106 49 0 0
245 105 49 0 0
246 105 50 0 0
247 106 50 0 0
248 105 50 0 0
249 106 50 0 0
250 105 50 0 0
251 105 51 0 0
252 106 51 0 0
253 105 51 0 0
254 106 51 0 0
255 105 51 0 0
256 105 52 0 0
257 106 52 0 0
258 105 52 0 0
259 106 52 0 0
260 105 52 0 0
261 105 53 0 0
262 106 53 0 0
263 105 53 0 0
264 106 53 0 0
265 105 53 0 0
266 105 54 0 0
267 106 54 0 0
268 105 54 0 0
269 106 54 0 0
270 105 54 0 0
271 105 55 0 0
272 106 55 0 0
273 107 55 0 0
274 106 55 0 0
275 107 55 0 0
276 106 55 0 0
277 106 56 0 0
278 107 56 0 0
279 106 56 0 0
280 107 56 0 0
281 106 56 0 0
282 106 57 0 0
283 107 57 0 0
284 106 57 0 0
285 107 57 0 0
286 106 57 0 0
287 107 57 0 0
288 106 57 0 0
289 106 58 0 0
290 107 58 0 0
291 106 58 0 0
292 107 58 0 0
293 107 59 0 0
294 108 59 0 0
295 107 59 0 0
296 108 59 0 0
297 107 59 0 0
298 108 59 0 0
299 107 59 0 0
300 107 60 0 0
301 108 60 0 0
302 107 60 0 0
303 108 60 0 0
304 107 60 0 0
305 107 61 0 0
306 108 61 0 0
307 107 61 0 0
308 108 61 0 0
309 109 61 0 0
310 108 61 0 0
311 108 62 0 0
312 109 62 0 0
313 108 62 0 0
314 109 62 0 0
315 108 62 0 0
316 109 62 0 0
317 108 62 0 0
318 108 63 0 0
319 109 63 0 0
320 108 63 0 0
321 109 63 0 0
322 108 63 0 0
323 109 63 0 0
324 108 63 0 0
325 108 64 0 0
326 109 64 0 0
327 108 64 0 0
328 109 64 0 0
329 109 65 0 0
330 110 65 0 0
331 109 65 0 0
332 110 65 0 0
333 109 65 0 0
334 109 66 0 0
335 110 66 0 0
336 109 66 0 0
337 110 66 0 0
338 109 66 0 0
339 110 66 0 0
340 109 66 0 0
341 109 67 0 0
342 110 67 0 0
343 111 67 0 0
344 110 67 0 0
345 110 68 0 0
346 111 68 0 0
347 110 68 0 0
348 111 68 0 0
349 110 68 0 0
350 111 68 0 0
351 110 68 0 0
352 111 68 0 0
353 110 68 0 0
354 110 69 0 0
355 111 69 0 0
356 110 69 0 0
357 111 69 0 0
358 112 69 0 0
359 111 69 0 0
360 112 69 0 0
361 111 69 0 0
362 111 70 0 0
363 112 70 0 0
364 111 70 0 0
365 112 70 0 0
366 113 70 0 0
367 112 70 0 0
368 113 70 0 0
369 112 70 0 0
370 113 70 0 0
371 112 70 0 0
372 113 70 0 0
373 112 70 0 0
374 112 71 0 0
375 113 71 0 0
376 112 71 0 0
377 113 71 0 0
378 114 71 0 0
379 113 71 0 0
380 114 71 0 0
381 113 71 0 0
382 113 72 0 0
383 114 72 0 0
384 113 72 0 0
385 114 72 0 0
386 113 72 0 0
387 113 73 0 0
388 114 73 0 0
389 115 73 0 0
390 114 73 0 0
391 115 73 0 0
392 114 73 0 0
393 115 73 0 0
394 114 73 0 0
395 114 74 0 0
396 115 74 0 0
397 116 74 0 0
398 115 74 0 0
399 116 74 0 0
400 115 74 0 0
401 116 74 0 0
402 115 74 0 0
403 115 75 0 0
404 116 75 0 0
405 115 75 0 0
406 116 75 0 0
407 115 75 0 0
408 116 75 0 0
409 117 75 0 0
410 116 75 0 0
411 116 76 0 0
412 117 76 0 0
413 116 76 0 0
414 117 76 0 0
415 116 76 0 0
416 117 76 0 0
417 118 76 0 0
418 117 76 0 0
419 118 76 0 0
420 117 76 0 0
421 118 76 0 0
422 117 76 0 0
423 117 77 0 0
424 118 77 0 0
425 117 77 0 0
426 118 77 0 0
427 117 77 0 0
428 118 77 0 0
429 119 77 0 0
430 118 77 0 0
431 118 78 0 0
432 119 78 0 0
433 118 78 0 0
434 119 78 0 0
435 118 78 0 0
436 119 78 0 0
437 120 78 0 0
438 119 78 0 0
439 120 78 0 0
440 119 78 0 0
441 120 78 0 0
442 120 79 0 0
443 121 79 0 0
444 120 79 0 0
445 121 79 0 0
446 120 79 0 0
447 121 79 0 0
448 120 79 0 0
449 121 79 0 0
450 120 79 0 0
451 121 79 0 0
452 121 80 0 0
453 122 80 0 0
454 121 80 0 0
455 122 80 0 0
456 121 80 0 0
457 122 80 0 0
458 123 80 0 0
459 122 80 0 0
460 123 80 0 0
461 122 80 0 0
462 123 80 0 0
463 122 80 0 0
464 122 81 0 0
465 123 81 0 0
466 122 81 0 0
467 123 81 0 0
468 123 82 0 0
469 124 82 0 0
470 123 82 0 0
471 124 82 0 0
472 123 82 0 0
473 124 82 0 0
474 123 82 0 0
475 124 82 0 0
476 125 82 0 0
477 124 82 0 0
478 125 82 0 0
479 124 82 0 0
480 124 83 0 0
481 125 83 0 0
482 126 83 0 0
483 125 83 0 0
484 126 83 0 0
485 125 83 0 0
486 126 83 0 0
487 125 83 0 0
488 126 83 0 0
489 125 83 0 0
490 126 83 0 0
491 127 83 0 0
492 126 83 0 0
493 127 83 0 0
494 126 83 0 0
495 126 84 0 0
496 127 84 0 0
497 126 84 0 0
498 127 84 0 0
499 128 84 0 0
500 127 84 0 0
501 128 84 0 0
502 127 84 0 0
503 128 84 0 0
504 129 84 0 0
505 128 84 0 0
506 128 85 0 0
507 129 85 0 0
508 128 85 0 0
509 129 85 0 0
510 128 85 0 0
511 129 85 0 0
512 128 85 0 0
513 129 85 0 0
514 130 85 0 0
515 129 85 0 0
516 130 85 0 0
517 129 85 0 0
518 129 86 0 0
519 130 86 0 0
520 131 86 0 0
521 130 86 0 0
522 131 86 0 0
523 130 86 0 0
524 131 86 0 0
525 130 86 0 0
526 131 86 0 0
527 132 86 0 0
528 131 86 0 0
529 132 86 0 0
530 131 86 0 0
531 131 87 0 0
532 132 87 0 0
533 133 87 0 0
534 132 87 0 0
535 133 87 0 0
536 132 87 0 0
537 133 87 0 0
538 132 87 0 0
539 133 87 0 0
540 134 87 0 0
541 133 87 0 0
542 133 88 0 0
543 134 88 0 0
544 133 88 0 0
545 134 88 0 0
546 133 88 0 0
547 134 88 0 0
548 135 88 0 0
549 134 88 0 0
550 135 88 0 0
551 134 88 0 0
552 135 88 0 0
553 135 89 0 0
554 136 89 0 0
555 135 89 0 0
556 136 89 0 0
557 135 89 0 0
558 136 89 0 0
559 135 89 0 0
560 136 89 0 0
561 137 89 0 0
562 136 89 0 0
563 137 89 0 0
564 136 89 0 0
565 136 90 0 0
566 137 90 0 0
567 138 90 0 0
568 137 90 0 0
569 138 90 0 0
570 137 90 0 0
571 138 90 0 0
572 137 90 0 0
573 138 90 0 0
574 137 90 0 0
575 138 90 0 0
576 139 90 0 0
577 138 90 0 0
578 139 90 0 0
579 138 90 0 0
580 138 91 0 0
581 139 91 0 0
582 138 91 0 0
583 139 91 0 0
584 140 91 0 0
585 139 91 0 0
586 140 91 0 0
587 139 91 0 0
588 140 91 0 0
589 141 91 0 0
590 140 91 0 0
591 141 91 0 0
592 140 91 0 0
593 141 91 0 0
594 140 91 0 0
595 141 91 0 0
596 142 91 0 0
597 141 91 0 0
598 141 92 0 0
599 142 92 0 0
600 141 92 0 0
601 142 92 0 0
602 143 92 0 0
603 142 92 0 0
604 143 92 0 0
605 142 92 0 0
606 143 92 0 0
607 142 92 0 0
608 143 92 0 0
609 144 92 0 0
610 143 92 0 0
611 144 92 0 0
612 143 92 0 0
613 144 92 0 0
614 143 92 0 0
615 144 92 0 0
616 145 92 0 0
617 144 92 0 0
618 144 93 0 0
619 145 93 0 0
620 144 93 0 0
621 145 93 0 0
622 146 93 0 0
623 145 93 0 0
624 146 93 0 0
625 145 93 0 0
626 146 93 0 0
627 147 93 0 0
628 146 93 0 0
629 147 93 0 0
630 146 93 0 0
631 147 93 0 0
632 146 93 0 0
633 147 93 0 0
634 148 93 0 0
635 147 93 0 0
636 148 93 0 0
637 149 93 0 0
638 148 93 0 0
639 149 93 0 0
640 148 93 0 0
641 149 93 0 0
642 150 93 0 0
643 149 93 0 0
644 150 93 0 0
645 149 93 0 0
646 150 93 0 0
647 151 93 0 0
648 150 93 0 0
649 151 93 0 0
650 150 93 0 0
651 151 93 0 0
652 152 93 0 0
653 151 93 0 0
654 152 93 0 0
655 151 93 0 0
656 152 93 0 0
657 153 93 0 0
658 152 93 0 0
659 153 93 0 0
660 152 93 0 0
661 153 93 0 0
662 154 93 0 0
663 153 93 0 0
664 154 93 0 0
665 153 93 0 0
666 154 93 0 0
667 155 93 0 0
668 154 93 0 0
669 155 93 0 0
670 154 93 0 0
671 155 93 0 0
672 156 93 0 0
673 155 93 0 0
674 156 93 0 0
675 155 93 0 0
676 156 93 0 0
677 157 93 0 0
678 156 93 0 0
679 156 94 0 0
680 157 94 0 0
681 156 94 0 0
682 157 94 0 0
683 158 94 0 0
684 157 94 0 0
685 158 94 0 0
686 157 94 0 0
687 158 94 0 0
688 159 94 0 0
689 158 94 0 0
690 159 94 0 0
691 158 94 0 0
692 159 94 0 0
693 160 94 0 0
694 159 94 0 0
695 160 94 0 0
696 159 94 0 0
697 160 94 0 0
698 161 94 0 0
699 160 94 0 0
700 161 94 0 0
701 160 94 0 0
702 161 94 0 0
703 161 95 0 0
704 162 95 0 0
705 161 95 0 0
706 162 95 0 0
707 161 95 0 0
708 162 95 0 0
709 163 95 0 0
710 162 95 0 0
711 163 95 0 0
712 162 95 0 0
713 163 95 0 0
714 164 95 0 0
715 163 95 0 0
716 164 95 0 0
717 163 95 0 0
718 164 95 0 0
719 165 95 0 0
720 164 95 0 0
721 165 95 0 0
722 164 95 0 0
723 165 95 0 0
724 166 95 0 0
725 165 95 0 0
726 166 95 0 0
727 165 95 0 0
728 166 95 0 0
729 167 95 0 0
730 166 95 0 0
731 167 95 0 0
732 166 95 0 0
733 167 95 0 0
734 168 95 0 0
735 167 95 0 0
736 168 95 0 0
737 169 95 0 0
738 168 95 0 0
739 169 95 0 0
740 168 95 0 0
741 169 95 0 0
742 168 95 0 0
743 169 95 0 0
744 170 95 0 0
745 169 95 0 0
746 170 95 0 0
747 171 95 0 0
748 170 95 0 0
749 171 95 0 0
750 170 95 0 0
751 171 95 0 0
752 172 95 0 0
753 171 95 0 0
754 172 95 0 0
755 171 95 0 0
756 172 95 0 0
757 173 95 0 0
758 172 95 0 0
759 173 95 0 0
760 172 95 0 0
761 173 95 0 0
762 174 95 0 0
763 173 95 0 0
764 174 95 0 0
765 173 95 0 0
766 174 95 0 0
767 175 95 0 0
768 174 95 0 0
769 175 95 0 0
770 174 95 0 0
771 175 95 0 0
772 176 95 0 0
773 175 95 0 0
774 176 95 0 0
775 175 95 0 0
776 176 95 0 0
777 177 95 0 0
778 176 95 0 0
779 177 95 0 0
780 178 95 0 0
781 177 95 0 0
782 178 95 0 0
783 177 95 0 0
784 178 95 0 0
785 179 95 0 0
786 178 95 0 0
787 179 95 0 0
788 178 95 0 0
789 179 95 0 0
790 178 95 0 0
791 179 95 0 0
792 180 95 0 0
793 179 95 0 0
794 180 95 0 0
795 181 95 0 0
796 180 95 0 0
797 181 95 0 0
798 180 95 0 0
799 181 95 0 0
800 182 95 0 0
801 181 95 0 0
802 182 95 0 0
803 181 95 0 0
804 182 95 0 0
805 183 95 0 0
806 182 95 0 0
807 183 95 0 0
808 182 95 0 0
809 183 95 0 0
810 182 95 0 0
811 183 95 0 0
812 184 95 0 0
813 183 95 0 0
814 184 95 0 0
815 183 95 0 0
816 184 95 0 0
817 185 95 0 0
818 184 95 0 0
819 185 95 0 0
820 184 95 0 0
821 185 95 0 0
822 186 95 0 0
823 185 95 0 0
824 186 95 0 0
825 185 95 0 0
826 186 95 0 0
827 187 95 0 0
828 186 95 0 0
829 187 95 0 0
830 186 95 0 0
831 187 95 0 0
832 186 95 0 0
833 187 95 0 0
834 188 95 0 0
835 187 95 0 0
836 188 95 0 0
837 189 95 0 0
838 188 95 0 0
839 189 95 0 0
840 188 95 0 0
841 189 95 0 0
842 190 95 0 0
843 189 95 0 0
844 190 95 0 0
845 189 95 0 0
846 190 95 0 0
847 191 95 0 0
848 190 95 0 0
849 191 95 0 0
850 190 95 0 0
851 191 95 0 0
852 191 96 0 0
853 192 96 0 0
854 191 96 0 0
855 192 96 0 0
856 193 96 0 0
857 192 96 0 0
858 193 96 0 0
859 192 96 0 0
860 193 96 0 0
861 192 96 0 0
862 193 96 0 0
