0 103 5 0 0
1 102 5 0 0
2 102 6 0 0
3 102 7 0 0
4 102 8 0 0
5 102 9 0 0
6 102 10 0 0
7 102 11 0 0
8 102 12 0 0
9 102 13 0 0
10 102 14 0 0
11 102 15 0 0
12 102 16 0 0
13 102 17 0 0
14 102 18 0 0
15 102 19 0 0
16 102 20 0 0
17 102 21 0 0
18 102 22 0 0
19 102 23 0 0
20 102 24 0 0
21 102 25 0 0
22 102 26 0 0
23 102 27 0 0
24 102 28 0 0
25 102 29 0 0
26 102 30 0 0
27 102 31 0 0
28 102 32 0 0
29 102 33 0 0
30 102 34 0 0
31 102 35 0 0
32 102 36 0 0
33 102 37 0 0
34 103 37 0 0
35 103 38 0 0
36 103 39 0 0
37 103 40 0 0
38 103 41 0 0
39 103 42 0 0
40 103 43 0 0
41 103 44 0 0
42 104 44 0 0
43 104 45 0 0
44 104 46 0 0
45 104 47 0 0
46 105 47 0 0
47 105 48 0 0
48 105 49 0 0
49 105 50 0 0
50 105 51 0 0
51 105 52 0 0
52 106 52 0 0
53 106 53 0 0
54 106 54 0 0
55 106 55 0 0
56 107 55 0 0
57 107 56 0 0
58 107 57 0 0
59 107 58 0 0
60 107 59 0 0
61 108 59 0 0
62 108 60 0 0
63 108 61 0 0
64 108 62 0 0
65 109 62 0 0
66 109 63 0 0
67 109 64 0 0
68 109 65 0 0
69 110 65 0 0
70 110 66 0 0
71 110 67 0 0
72 111 67 0 0
73 111 68 0 0
74 112 68 0 0
75 112 69 0 0
76 112 70 0 0
77 113 70 0 0
78 113 71 0 0
79 113 72 0 0
80 114 72 0 0
81 114 73 0 0
82 114 74 0 0
83 115 74 0 0
84 115 75 0 0
85 115 76 0 0
86 116 76 0 0
87 116 77 0 0
88 117 77 0 0
89 117 78 0 0
90 117 79 0 0
91 118 79 0 0
92 118 80 0 0
93 118 81 0 0
94 119 81 0 0
95 119 82 0 0
96 119 83 0 0
97 119 84 0 0
98 120 84 0 0
99 120 85 0 0
100 120 86 0 0
101 121 86 0 0
102 121 87 0 0
103 121 88 0 0
104 121 89 0 0
105 122 89 0 0
106 122 90 0 0
107 122 91 0 0
108 122 92 0 0
109 122 93 0 0
110 122 94 0 0
111 122 95 0 0
112 122 96 0 0
113 122 97 0 0
114 122 98 0 0
115 122 99 0 0
116 122 100 0 0
117 122 101 0 0
118 122 102 0 0
119 122 103 0 0
120 122 104 0 0
121 122 105 0 0
122 122 106 0 0
123 122 107 0 0
124 122 108 0 0
125 121 108 0 0
126 121 109 0 0
127 121 110 0 0
128 121 111 0 0
129 121 112 0 0
130 120 112 0 0
131 120 113 0 0
132 120 114 0 0
133 120 115 0 0
134 120 116 0 0
135 119 116 0 0
136 119 117 0 0
137 119 118 0 0
138 118 118 0 0
139 118 119 0 0
140 117 119 0 0
141 117 120 0 0
142 117 121 0 0
143 116 121 0 0
144 116 122 0 0
145 115 122 0 0
146 115 123 0 0
147 115 124 0 0
148 114 124 0 0
149 114 125 0 0
150 114 126 0 0
151 113 126 0 0
152 113 127 0 0
153 113 128 0 0
154 112 128 0 0
155 112 129 0 0
156 112 130 0 0
157 111 130 0 0
158 111 131 0 0
159 111 132 0 0
160 111 133 0 0
161 110 133 0 0
162 110 134 0 0
163 110 135 0 0
164 109 135 0 0
165 109 136 0 0
166 109 137 0 0
167 108 137 0 0
168 108 138 0 0
169 108 139 0 0
170 107 139 0 0
171 107 140 0 0
172 107 141 0 0
173 107 142 0 0
174 106 142 0 0
175 106 143 0 0
176 106 144 0 0
177 106 145 0 0
178 106 146 0 0
179 105 146 0 0
180 105 147 0 0
181 105 148 0 0
182 105 149 0 0
183 105 150 0 0
184 105 151 0 0
185 105 152 0 0
186 105 153 0 0
187 105 154 0 0
188 105 155 0 0
189 105 156 0 0
190 105 157 0 0
191 106 157 0 0
192 106 158 0 0
193 106 159 0 0
194 107 159 0 0
195 107 160 0 0
196 107 161 0 0
197 107 162 0 0
198 107 163 0 0
199 108 163 0 0
200 108 164 0 0
201 108 165 0 0
202 109 165 0 0
203 109 166 0 0
204 109 167 0 0
205 109 168 0 0
206 110 168 0 0
207 110 169 0 0
208 111 169 0 0
209 111 170 0 0
210 111 171 0 0
211 111 172 0 0
212 112 172 0 0
213 112 173 0 0
214 112 174 0 0
215 112 175 0 0
216 113 175 0 0
217 113 176 0 0
218 113 177 0 0
219 113 178 0 0
220 113 179 0 0
221 113 180 0 0
222 114 180 0 0
223 114 181 0 0
224 114 182 0 0
225 114 183 0 0
226 114 184 0 0
227 114 185 0 0
228 114 186 0 0
229 115 186 0 0
230 115 187 0 0
231 115 188 0 0
232 115 189 0 0
233 115 190 0 0
234 115 191 0 0
235 116 191 0 0
236 116 192 0 0
237 116 193 0 0
238 116 194 0 0
239 116 195 0 0
240 117 195 0 0
241 117 196 0 0
242 117 197 0 0
243 117 198 0 0
244 117 199 0 0
245 117 200 0 0
246 117 201 0 0
247 118 201 0 0
248 118 202 0 0
249 118 203 0 0
250 118 204 0 0
251 118 205 0 0
252 118 206 0 0
253 119 206 0 0
254 119 207 0 0
255 119 208 0 0
256 119 209 0 0
257 119 210 0 0
258 119 211 0 0
259 120 211 0 0
260 120 212 0 0
261 120 213 0 0
262 120 214 0 0
263 120 215 0 0
264 120 216 0 0
265 120 217 0 0
266 120 218 0 0
267 120 219 0 0
268 120 220 0 0
269 120 221 0 0
270 120 222 0 0
271 120 223 0 0
272 120 224 0 0
273 120 225 0 0
274 120 226 0 0
275 120 227 0 0
276 120 228 0 0
277 120 229 0 0
278 120 230 0 0
279 120 231 0 0
280 120 232 0 0
281 120 233 0 0
