0 195 110 0 0
1 196 110 0 0
2 195 110 0 0
3 194 110 0 0
4 195 110 0 0
5 194 110 0 0
6 195 110 0 0
7 194 110 0 0
8 193 110 0 0
9 194 110 0 0
10 193 110 0 0
11 192 110 0 0
12 193 110 0 0
13 192 110 0 0
14 191 110 0 0
15 192 110 0 0
16 191 110 0 0
17 192 110 0 0
18 191 110 0 0
19 190 110 0 0
20 191 110 0 0
21 190 110 0 0
22 189 110 0 0
23 190 110 0 0
24 189 110 0 0
25 188 110 0 0
26 189 110 0 0
27 188 110 0 0
28 187 110 0 0
29 188 110 0 0
30 187 110 0 0
31 186 110 0 0
32 187 110 0 0
33 186 110 0 0
34 185 110 0 0
35 186 110 0 0
36 185 110 0 0
37 184 110 0 0
38 185 110 0 0
39 184 110 0 0
40 185 110 0 0
41 184 110 0 0
42 183 110 0 0
43 184 110 0 0
44 183 110 0 0
45 182 110 0 0
46 183 110 0 0
47 182 110 0 0
48 181 110 0 0
49 182 110 0 0
50 181 110 0 0
51 182 110 0 0
52 181 110 0 0
53 180 110 0 0
54 181 110 0 0
55 180 110 0 0
56 179 110 0 0
57 180 110 0 0
58 179 110 0 0
59 180 110 0 0
60 179 110 0 0
61 178 110 0 0
62 179 110 0 0
63 178 110 0 0
64 177 110 0 0
65 178 110 0 0
66 177 110 0 0
67 176 110 0 0
68 177 110 0 0
69 176 110 0 0
70 177 110 0 0
71 176 110 0 0
72 175 110 0 0
73 176 110 0 0
74 175 110 0 0
75 174 110 0 0
76 175 110 0 0
77 174 110 0 0
78 175 110 0 0
79 174 110 0 0
80 174 111 0 0
81 173 111 0 0
82 174 111 0 0
83 173 111 0 0
84 172 111 0 0
85 173 111 0 0
86 172 111 0 0
87 171 111 0 0
88 172 111 0 0
89 171 111 0 0
90 172 111 0 0
91 171 111 0 0
92 170 111 0 0
93 171 111 0 0
94 170 111 0 0
95 169 111 0 0
96 170 111 0 0
97 169 111 0 0
98 170 111 0 0
99 169 111 0 0
100 168 111 0 0
101 169 111 0 0
102 168 111 0 0
103 167 111 0 0
104 168 111 0 0
105 167 111 0 0
106 166 111 0 0
107 167 111 0 0
108 166 111 0 0
109 165 111 0 0
110 166 111 0 0
111 165 111 0 0
112 166 111 0 0
113 165 111 0 0
114 164 111 0 0
115 165 111 0 0
116 164 111 0 0
117 165 111 0 0
118 164 111 0 0
119 163 111 0 0
120 164 111 0 0
121 163 111 0 0
122 162 111 0 0
123 163 111 0 0
124 162 111 0 0
125 161 111 0 0
126 162 111 0 0
127 161 111 0 0
128 162 111 0 0
129 161 111 0 0
130 160 111 0 0
131 161 111 0 0
132 160 111 0 0
133 159 111 0 0
134 160 111 0 0
135 159 111 0 0
136 160 111 0 0
137 159 111 0 0
138 158 111 0 0
139 159 111 0 0
140 158 111 0 0
141 157 111 0 0
142 158 111 0 0
143 157 111 0 0
144 156 111 0 0
145 157 111 0 0
146 156 111 0 0
147 157 111 0 0
148 156 111 0 0
149 155 111 0 0
150 156 111 0 0
151 155 111 0 0
152 154 111 0 0
153 155 111 0 0
154 154 111 0 0
155 155 111 0 0
156 154 111 0 0
157 153 111 0 0
158 154 111 0 0
159 153 111 0 0
160 152 111 0 0
161 153 111 0 0
162 152 111 0 0
163 153 111 0 0
164 152 111 0 0
165 151 111 0 0
166 152 111 0 0
167 151 111 0 0
168 152 111 0 0
169 151 111 0 0
170 150 111 0 0
171 151 111 0 0
172 150 111 0 0
173 149 111 0 0
174 150 111 0 0
175 149 111 0 0
176 150 111 0 0
177 149 111 0 0
178 148 111 0 0
179 149 111 0 0
180 148 111 0 0
181 147 111 0 0
182 147 110 0 0
183 148 110 0 0
184 147 110 0 0
185 148 110 0 0
186 147 110 0 0
187 146 110 0 0
188 147 110 0 0
189 146 110 0 0
190 147 110 0 0
191 146 110 0 0
192 145 110 0 0
193 146 110 0 0
194 145 110 0 0
195 146 110 0 0
196 145 110 0 0
197 144 110 0 0
198 145 110 0 0
199 144 110 0 0
200 145 110 0 0
201 144 110 0 0
202 143 110 0 0
203 144 110 0 0
204 143 110 0 0
205 142 110 0 0
206 143 110 0 0
207 142 110 0 0
208 143 110 0 0
209 142 110 0 0
210 141 110 0 0
211 142 110 0 0
212 141 110 0 0
213 142 110 0 0
214 141 110 0 0
215 142 110 0 0
216 141 110 0 0
217 140 110 0 0
218 141 110 0 0
219 140 110 0 0
220 141 110 0 0
221 140 110 0 0
222 139 110 0 0
223 140 110 0 0
224 139 110 0 0
225 140 110 0 0
226 139 110 0 0
227 138 110 0 0
228 139 110 0 0
229 138 110 0 0
230 139 110 0 0
231 138 110 0 0
232 137 110 0 0
233 138 110 0 0
234 137 110 0 0
235 138 110 0 0
236 137 110 0 0
237 136 110 0 0
238 137 110 0 0
239 136 110 0 0
240 137 110 0 0
241 136 110 0 0
242 137 110 0 0
243 136 110 0 0
244 135 110 0 0
245 136 110 0 0
246 135 110 0 0
247 134 110 0 0
248 135 110 0 0
249 134 110 0 0
250 135 110 0 0
251 134 110 0 0
252 135 110 0 0
253 134 110 0 0
254 133 110 0 0
255 134 110 0 0
256 133 110 0 0
257 134 110 0 0
258 133 110 0 0
259 132 110 0 0
260 133 110 0 0
261 132 110 0 0
262 133 110 0 0
263 132 110 0 0
264 131 110 0 0
265 132 110 0 0
266 131 110 0 0
267 132 110 0 0
268 131 110 0 0
269 131 111 0 0
270 132 111 0 0
271 131 111 0 0
272 130 111 0 0
273 131 111 0 0
274 130 111 0 0
275 131 111 0 0
276 130 111 0 0
277 129 111 0 0
278 130 111 0 0
279 129 111 0 0
280 130 111 0 0
281 129 111 0 0
282 128 111 0 0
283 129 111 0 0
284 128 111 0 0
285 129 111 0 0
286 128 111 0 0
287 128 112 0 0
288 127 112 0 0
289 128 112 0 0
290 127 112 0 0
291 128 112 0 0
292 127 112 0 0
293 128 112 0 0
294 127 112 0 0
295 126 112 0 0
296 127 112 0 0
297 126 112 0 0
298 127 112 0 0
299 126 112 0 0
300 125 112 0 0
301 126 112 0 0
302 125 112 0 0
303 126 112 0 0
304 125 112 0 0
305 125 113 0 0
306 126 113 0 0
307 125 113 0 0
308 124 113 0 0
309 125 113 0 0
310 124 113 0 0
311 125 113 0 0
312 124 113 0 0
313 125 113 0 0
314 124 113 0 0
315 123 113 0 0
316 124 113 0 0
317 123 113 0 0
318 124 113 0 0
319 123 113 0 0
320 122 113 0 0
321 123 113 0 0
322 122 113 0 0
323 122 114 0 0
324 123 114 0 0
325 122 114 0 0
326 123 114 0 0
327 122 114 0 0
328 121 114 0 0
329 122 114 0 0
330 121 114 0 0
331 122 114 0 0
332 121 114 0 0
333 122 114 0 0
334 121 114 0 0
335 120 114 0 0
336 121 114 0 0
337 120 114 0 0
338 121 114 0 0
339 120 114 0 0
340 119 114 0 0
341 119 115 0 0
342 120 115 0 0
343 119 115 0 0
344 120 115 0 0
345 119 115 0 0
346 120 115 0 0
347 119 115 0 0
348 118 115 0 0
349 119 115 0 0
350 118 115 0 0
351 119 115 0 0
352 118 115 0 0
353 117 115 0 0
354 117 116 0 0
355 118 116 0 0
356 117 116 0 0
357 118 116 0 0
358 117 116 0 0
359 118 116 0 0
360 117 116 0 0
361 118 116 0 0
362 117 116 0 0
363 117 117 0 0
364 118 117 0 0
365 117 117 0 0
366 118 117 0 0
367 117 117 0 0
368 118 117 0 0
369 117 117 0 0
370 116 117 0 0
371 117 117 0 0
372 116 117 0 0
373 116 118 0 0
374 117 118 0 0
375 116 118 0 0
376 117 118 0 0
377 116 118 0 0
378 117 118 0 0
379 116 118 0 0
380 117 118 0 0
381 116 118 0 0
382 116 119 0 0
383 117 119 0 0
384 116 119 0 0
385 115 119 0 0
386 116 119 0 0
387 115 119 0 0
388 116 119 0 0
389 115 119 0 0
390 116 119 0 0
391 115 119 0 0
392 115 120 0 0
393 116 120 0 0
394 115 120 0 0
395 114 120 0 0
396 115 120 0 0
397 114 120 0 0
398 115 120 0 0
399 114 120 0 0
400 115 120 0 0
401 114 120 0 0
402 113 120 0 0
403 114 120 0 0
404 113 120 0 0
405 114 120 0 0
406 113 120 0 0
407 113 121 0 0
408 114 121 0 0
409 113 121 0 0
410 112 121 0 0
411 113 121 0 0
412 112 121 0 0
413 113 121 0 0
414 112 121 0 0
415 113 121 0 0
416 112 121 0 0
417 111 121 0 0
418 112 121 0 0
419 111 121 0 0
420 112 121 0 0
421 111 121 0 0
422 112 121 0 0
423 111 121 0 0
424 111 122 0 0
425 112 122 0 0
426 111 122 0 0
427 110 122 0 0
428 111 122 0 0
429 110 122 0 0
430 111 122 0 0
431 110 122 0 0
432 109 122 0 0
433 110 122 0 0
434 109 122 0 0
435 110 122 0 0
436 109 122 0 0
437 110 122 0 0
438 109 122 0 0
439 109 123 0 0
440 110 123 0 0
441 109 123 0 0
442 108 123 0 0
443 109 123 0 0
444 108 123 0 0
445 109 123 0 0
446 108 123 0 0
447 109 123 0 0
448 108 123 0 0
449 107 123 0 0
450 108 123 0 0
451 107 123 0 0
452 106 123 0 0
453 107 123 0 0
454 106 123 0 0
455 107 123 0 0
456 106 123 0 0
457 105 123 0 0
458 105 124 0 0
459 106 124 0 0
460 105 124 0 0
461 104 124 0 0
462 105 124 0 0
463 104 124 0 0
464 105 124 0 0
465 104 124 0 0
466 103 124 0 0
467 104 124 0 0
468 103 124 0 0
469 102 124 0 0
470 103 124 0 0
471 102 124 0 0
472 103 124 0 0
473 102 124 0 0
474 101 124 0 0
475 102 124 0 0
476 101 124 0 0
477 102 124 0 0
478 101 124 0 0
479 100 124 0 0
480 101 124 0 0
481 100 124 0 0
482 99 124 0 0
483 100 124 0 0
484 99 124 0 0
485 100 124 0 0
486 99 124 0 0
487 100 124 0 0
488 99 124 0 0
489 98 124 0 0
490 99 124 0 0
491 98 124 0 0
492 98 123 0 0
493 97 123 0 0
494 98 123 0 0
495 97 123 0 0
496 98 123 0 0
497 97 123 0 0
498 98 123 0 0
499 97 123 0 0
500 96 123 0 0
501 97 123 0 0
502 96 123 0 0
503 97 123 0 0
504 96 123 0 0
505 96 122 0 0
506 95 122 0 0
507 96 122 0 0
508 95 122 0 0
509 94 122 0 0
510 95 122 0 0
511 94 122 0 0
512 95 122 0 0
513 94 122 0 0
514 95 122 0 0
515 94 122 0 0
516 94 121 0 0
517 93 121 0 0
518 94 121 0 0
519 93 121 0 0
520 92 121 0 0
521 93 121 0 0
522 92 121 0 0
523 93 121 0 0
524 92 121 0 0
525 92 120 0 0
526 91 120 0 0
527 92 120 0 0
528 91 120 0 0
529 92 120 0 0
530 91 120 0 0
531 90 120 0 0
532 91 120 0 0
533 90 120 0 0
534 90 119 0 0
535 89 119 0 0
536 90 119 0 0
537 89 119 0 0
538 90 119 0 0
539 89 119 0 0
540 88 119 0 0
541 89 119 0 0
542 88 119 0 0
543 88 118 0 0
544 87 118 0 0
545 88 118 0 0
546 87 118 0 0
547 88 118 0 0
548 87 118 0 0
549 86 118 0 0
550 87 118 0 0
551 86 118 0 0
552 86 117 0 0
553 85 117 0 0
554 86 117 0 0
555 85 117 0 0
556 86 117 0 0
557 85 117 0 0
558 84 117 0 0
559 85 117 0 0
560 84 117 0 0
561 84 116 0 0
562 85 116 0 0
563 84 116 0 0
564 83 116 0 0
565 84 116 0 0
566 83 116 0 0
567 82 116 0 0
568 83 116 0 0
569 82 116 0 0
570 82 115 0 0
571 83 115 0 0
572 82 115 0 0
573 81 115 0 0
574 82 115 0 0
575 81 115 0 0
576 82 115 0 0
577 81 115 0 0
578 80 115 0 0
579 81 115 0 0
580 80 115 0 0
581 80 114 0 0
582 79 114 0 0
583 80 114 0 0
584 79 114 0 0
585 80 114 0 0
586 79 114 0 0
587 78 114 0 0
588 79 114 0 0
589 78 114 0 0
590 77 114 0 0
591 77 113 0 0
592 78 113 0 0
593 77 113 0 0
594 78 113 0 0
595 77 113 0 0
596 76 113 0 0
597 77 113 0 0
598 76 113 0 0
599 77 113 0 0
600 76 113 0 0
601 75 113 0 0
602 75 112 0 0
603 76 112 0 0
604 75 112 0 0
605 76 112 0 0
606 75 112 0 0
607 74 112 0 0
608 75 112 0 0
609 74 112 0 0
610 73 112 0 0
611 74 112 0 0
612 73 112 0 0
613 73 111 0 0
614 74 111 0 0
615 73 111 0 0
616 72 111 0 0
617 73 111 0 0
618 72 111 0 0
619 73 111 0 0
620 72 111 0 0
621 71 111 0 0
622 72 111 0 0
623 71 111 0 0
624 71 110 0 0
625 72 110 0 0
626 71 110 0 0
627 70 110 0 0
628 69 110 0 0
629 70 110 0 0
630 69 110 0 0
631 70 110 0 0
632 69 110 0 0
633 68 110 0 0
634 69 110 0 0
635 68 110 0 0
636 67 110 0 0
637 68 110 0 0
638 67 110 0 0
639 68 110 0 0
640 67 110 0 0
641 66 110 0 0
642 65 110 0 0
643 66 110 0 0
644 65 110 0 0
645 66 110 0 0
646 65 110 0 0
647 65 109 0 0
648 64 109 0 0
649 65 109 0 0
650 64 109 0 0
651 65 109 0 0
652 64 109 0 0
653 63 109 0 0
654 64 109 0 0
655 63 109 0 0
656 62 109 0 0
657 63 109 0 0
658 62 109 0 0
659 61 109 0 0
660 62 109 0 0
661 61 109 0 0
662 62 109 0 0
663 61 109 0 0
664 60 109 0 0
665 61 109 0 0
666 60 109 0 0
667 60 110 0 0
668 61 110 0 0
669 60 110 0 0
670 59 110 0 0
671 60 110 0 0
672 59 110 0 0
673 60 110 0 0
674 59 110 0 0
675 58 110 0 0
676 59 110 0 0
677 58 110 0 0
678 57 110 0 0
679 58 110 0 0
680 57 110 0 0
681 58 110 0 0
682 57 110 0 0
683 56 110 0 0
684 57 110 0 0
685 56 110 0 0
686 57 110 0 0
687 56 110 0 0
688 55 110 0 0
689 56 110 0 0
690 55 110 0 0
691 56 110 0 0
692 55 110 0 0
693 54 110 0 0
694 55 110 0 0
695 54 110 0 0
696 53 110 0 0
697 54 110 0 0
698 53 110 0 0
699 52 110 0 0
700 53 110 0 0
701 52 110 0 0
702 51 110 0 0
703 52 110 0 0
704 51 110 0 0
705 50 110 0 0
706 51 110 0 0
707 50 110 0 0
708 49 110 0 0
709 50 110 0 0
710 49 110 0 0
711 48 110 0 0
712 49 110 0 0
713 48 110 0 0
714 47 110 0 0
715 48 110 0 0
716 47 110 0 0
717 46 110 0 0
718 47 110 0 0
719 46 110 0 0
720 45 110 0 0
721 45 109 0 0
722 46 109 0 0
723 45 109 0 0
724 44 109 0 0
725 45 109 0 0
726 44 109 0 0
727 45 109 0 0
728 44 109 0 0
729 43 109 0 0
730 44 109 0 0
731 43 109 0 0
732 42 109 0 0
733 43 109 0 0
734 42 109 0 0
735 43 109 0 0
736 42 109 0 0
737 41 109 0 0
738 42 109 0 0
739 41 109 0 0
740 40 109 0 0
741 41 109 0 0
742 40 109 0 0
743 41 109 0 0
744 40 109 0 0
745 39 109 0 0
746 40 109 0 0
747 39 109 0 0
748 38 109 0 0
749 39 109 0 0
750 38 109 0 0
751 39 109 0 0
752 38 109 0 0
753 37 109 0 0
754 38 109 0 0
755 37 109 0 0
756 38 109 0 0
757 37 109 0 0
758 36 109 0 0
759 37 109 0 0
760 36 109 0 0
761 35 109 0 0
762 35 108 0 0
763 36 108 0 0
764 35 108 0 0
765 36 108 0 0
766 35 108 0 0
767 34 108 0 0
768 35 108 0 0
769 34 108 0 0
770 35 108 0 0
771 34 108 0 0
772 33 108 0 0
773 34 108 0 0
774 33 108 0 0
775 32 108 0 0
776 33 108 0 0
777 32 108 0 0
778 33 108 0 0
779 32 108 0 0
780 31 108 0 0
781 32 108 0 0
782 31 108 0 0
783 32 108 0 0
784 31 108 0 0
785 30 108 0 0
786 31 108 0 0
787 30 108 0 0
788 31 108 0 0
789 30 108 0 0
790 29 108 0 0
791 28 108 0 0
792 29 108 0 0
793 28 108 0 0
794 29 108 0 0
795 28 108 0 0
796 27 108 0 0
797 26 108 0 0
798 27 108 0 0
799 26 108 0 0
800 27 108 0 0
801 26 108 0 0
802 25 108 0 0
803 26 108 0 0
804 25 108 0 0
805 24 108 0 0
806 25 108 0 0
807 24 108 0 0
808 23 108 0 0
809 24 108 0 0
810 23 108 0 0
811 22 108 0 0
812 23 108 0 0
813 22 108 0 0
814 21 108 0 0
815 22 108 0 0
816 21 108 0 0
817 20 108 0 0
818 21 108 0 0
819 20 108 0 0
820 19 108 0 0
821 20 108 0 0
822 19 108 0 0
823 18 108 0 0
824 19 108 0 0
825 18 108 0 0
826 17 108 0 0
827 18 108 0 0
828 17 108 0 0
829 17 107 0 0
830 16 107 0 0
831 17 107 0 0
832 16 107 0 0
833 15 107 0 0
834 16 107 0 0
835 15 107 0 0
836 16 107 0 0
837 15 107 0 0
838 14 107 0 0
839 15 107 0 0
840 14 107 0 0
841 13 107 0 0
842 14 107 0 0
843 13 107 0 0
844 12 107 0 0
845 13 107 0 0
846 12 107 0 0
847 11 107 0 0
848 12 107 0 0
849 11 107 0 0
850 10 107 0 0
851 11 107 0 0
852 10 107 0 0
853 11 107 0 0
854 10 107 0 0
855 9 107 0 0
856 10 107 0 0
857 9 107 0 0
858 8 107 0 0
859 9 107 0 0
860 8 107 0 0
861 7 107 0 0
862 8 107 0 0
863 7 107 0 0
864 6 107 0 0
865 7 107 0 0
866 6 107 0 0
867 7 107 0 0
868 6 107 0 0
869 5 107 0 0
870 6 107 0 0
871 5 107 0 0
872 6 107 0 0
873 5 107 0 0
874 4 107 0 0
875 5 107 0 0
876 4 107 0 0
