0 101 4 0 0
1 101 5 0 0
2 100 5 0 0
3 100 6 0 0
4 100 7 0 0
5 100 8 0 0
6 100 9 0 0
7 100 10 0 0
8 100 11 0 0
9 100 12 0 0
10 100 13 0 0
11 100 14 0 0
12 100 15 0 0
13 100 16 0 0
14 100 17 0 0
15 100 18 0 0
16 100 19 0 0
17 100 20 0 0
18 100 21 0 0
19 100 22 0 0
20 100 23 0 0
21 99 23 0 0
22 99 24 0 0
23 99 25 0 0
24 99 26 0 0
25 99 27 0 0
26 99 28 0 0
27 99 29 0 0
28 99 30 0 0
29 99 31 0 0
30 99 32 0 0
31 99 33 0 0
32 99 34 0 0
33 99 35 0 0
34 99 36 0 0
35 99 37 0 0
36 99 38 0 0
37 99 39 0 0
38 99 40 0 0
39 99 41 0 0
40 99 42 0 0
41 98 42 0 0
42 98 43 0 0
43 98 44 0 0
44 98 45 0 0
45 98 46 0 0
46 98 47 0 0
47 98 48 0 0
48 99 48 0 0
49 99 49 0 0
50 99 50 0 0
51 99 51 0 0
52 100 51 0 0
53 100 52 0 0
54 100 53 0 0
55 100 54 0 0
56 100 55 0 0
57 101 55 0 0
58 101 56 0 0
59 101 57 0 0
60 101 58 0 0
61 102 58 0 0
62 102 59 0 0
63 102 60 0 0
64 102 61 0 0
65 102 62 0 0
66 103 62 0 0
67 103 63 0 0
68 103 64 0 0
69 103 65 0 0
70 103 66 0 0
71 104 66 0 0
72 104 67 0 0
73 105 67 0 0
74 105 68 0 0
75 105 69 0 0
76 106 69 0 0
77 106 70 0 0
78 107 70 0 0
79 107 71 0 0
80 107 72 0 0
81 108 72 0 0
82 108 73 0 0
83 108 74 0 0
84 109 74 0 0
85 109 75 0 0
86 110 75 0 0
87 110 76 0 0
88 110 77 0 0
89 111 77 0 0
90 111 78 0 0
91 112 78 0 0
92 112 79 0 0
93 112 80 0 0
94 113 80 0 0
95 113 81 0 0
96 113 82 0 0
97 114 82 0 0
98 114 83 0 0
99 115 83 0 0
100 115 84 0 0
101 115 85 0 0
102 116 85 0 0
103 116 86 0 0
104 116 87 0 0
105 116 88 0 0
106 116 89 0 0
107 116 90 0 0
108 117 90 0 0
109 117 91 0 0
110 117 92 0 0
111 117 93 0 0
112 117 94 0 0
113 117 95 0 0
114 118 95 0 0
115 118 96 0 0
116 118 97 0 0
117 118 98 0 0
118 118 99 0 0
119 118 100 0 0
120 118 101 0 0
121 118 102 0 0
122 118 103 0 0
123 118 104 0 0
124 118 105 0 0
125 118 106 0 0
126 118 107 0 0
127 118 108 0 0
128 118 109 0 0
129 118 110 0 0
130 118 111 0 0
131 118 112 0 0
132 118 113 0 0
133 118 114 0 0
134 117 114 0 0
135 117 115 0 0
136 117 116 0 0
137 117 117 0 0
138 117 118 0 0
139 117 119 0 0
140 117 120 0 0
141 117 121 0 0
142 117 122 0 0
143 116 122 0 0
144 116 123 0 0
145 116 124 0 0
146 116 125 0 0
147 116 126 0 0
148 116 127 0 0
149 116 128 0 0
150 116 129 0 0
151 116 130 0 0
152 116 131 0 0
153 116 132 0 0
154 115 132 0 0
155 115 133 0 0
156 115 134 0 0
157 115 135 0 0
158 115 136 0 0
159 115 137 0 0
160 115 138 0 0
161 115 139 0 0
162 115 140 0 0
163 115 141 0 0
164 115 142 0 0
165 115 143 0 0
166 115 144 0 0
167 115 145 0 0
168 115 146 0 0
169 115 147 0 0
170 115 148 0 0
171 115 149 0 0
172 115 150 0 0
173 115 151 0 0
174 115 152 0 0
175 115 153 0 0
176 115 154 0 0
177 115 155 0 0
178 115 156 0 0
179 115 157 0 0
180 115 158 0 0
181 115 159 0 0
182 115 160 0 0
183 115 161 0 0
184 115 162 0 0
185 116 162 0 0
186 116 163 0 0
187 116 164 0 0
188 116 165 0 0
189 116 166 0 0
190 116 167 0 0
191 116 168 0 0
192 117 168 0 0
193 117 169 0 0
194 117 170 0 0
195 117 171 0 0
196 117 172 0 0
197 117 173 0 0
198 117 174 0 0
199 117 175 0 0
200 118 175 0 0
201 118 176 0 0
202 118 177 0 0
203 118 178 0 0
204 118 179 0 0
205 118 180 0 0
206 118 181 0 0
207 118 182 0 0
208 119 182 0 0
209 119 183 0 0
210 119 184 0 0
211 119 185 0 0
212 120 185 0 0
213 120 186 0 0
214 120 187 0 0
215 120 188 0 0
216 120 189 0 0
217 121 189 0 0
218 121 190 0 0
219 121 191 0 0
220 122 191 0 0
221 122 192 0 0
222 122 193 0 0
223 122 194 0 0
224 122 195 0 0
225 123 195 0 0
226 123 196 0 0
227 123 197 0 0
228 123 198 0 0
229 123 199 0 0
230 123 200 0 0
231 124 200 0 0
232 124 201 0 0
233 124 202 0 0
234 124 203 0 0
235 124 204 0 0
236 125 204 0 0
237 125 205 0 0
238 125 206 0 0
239 125 207 0 0
240 125 208 0 0
241 125 209 0 0
242 125 210 0 0
243 126 210 0 0
244 126 211 0 0
245 126 212 0 0
246 126 213 0 0
247 126 214 0 0
248 126 215 0 0
249 126 216 0 0
250 126 217 0 0
251 126 218 0 0
252 126 219 0 0
253 126 220 0 0
254 126 221 0 0
255 127 221 0 0
256 127 222 0 0
257 127 223 0 0
258 127 224 0 0
259 127 225 0 0
260 127 226 0 0
261 127 227 0 0
262 127 228 0 0
263 127 229 0 0
264 127 230 0 0
265 127 231 0 0
266 127 232 0 0
267 127 233 0 0
268 127 234 0 0
269 126 234 0 0
