0 1 98 0 0
1 1 99 0 0
2 2 99 0 0
3 1 99 0 0
4 2 99 0 0
5 1 99 0 0
6 2 99 0 0
7 3 99 0 0
8 2 99 0 0
9 3 99 0 0
10 4 99 0 0
11 3 99 0 0
12 3 100 0 0
13 4 100 0 0
14 5 100 0 0
15 4 100 0 0
16 5 100 0 0
17 4 100 0 0
18 5 100 0 0
19 6 100 0 0
20 5 100 0 0
21 6 100 0 0
22 7 100 0 0
23 6 100 0 0
24 6 101 0 0
25 7 101 0 0
26 6 101 0 0
27 7 101 0 0
28 8 101 0 0
29 7 101 0 0
30 8 101 0 0
31 9 101 0 0
32 8 101 0 0
33 9 101 0 0
34 10 101 0 0
35 9 101 0 0
36 10 101 0 0
37 9 101 0 0
38 10 101 0 0
39 11 101 0 0
40 10 101 0 0
41 11 101 0 0
42 10 101 0 0
43 11 101 0 0
44 12 101 0 0
45 11 101 0 0
46 12 101 0 0
47 13 101 0 0
48 12 101 0 0
49 13 101 0 0
50 12 101 0 0
51 13 101 0 0
52 14 101 0 0
53 13 101 0 0
54 14 101 0 0
55 13 101 0 0
56 14 101 0 0
57 15 101 0 0
58 14 101 0 0
59 15 101 0 0
60 14 101 0 0
61 15 101 0 0
62 16 101 0 0
63 15 101 0 0
64 16 101 0 0
65 15 101 0 0
66 16 101 0 0
67 17 101 0 0
68 16 101 0 0
69 17 101 0 0
70 18 101 0 0
71 17 101 0 0
72 18 101 0 0
73 17 101 0 0
74 18 101 0 0
75 19 101 0 0
76 18 101 0 0
77 19 101 0 0
78 20 101 0 0
79 19 101 0 0
80 20 101 0 0
81 21 101 0 0
82 20 101 0 0
83 21 101 0 0
84 20 101 0 0
85 21 101 0 0
86 22 101 0 0
87 21 101 0 0
88 22 101 0 0
89 23 101 0 0
90 22 101 0 0
91 23 101 0 0
92 22 101 0 0
93 23 101 0 0
94 24 101 0 0
95 23 101 0 0
96 24 101 0 0
97 25 101 0 0
98 24 101 0 0
99 25 101 0 0
100 26 101 0 0
101 25 101 0 0
102 26 101 0 0
103 25 101 0 0
104 26 101 0 0
105 27 101 0 0
106 26 101 0 0
107 27 101 0 0
108 26 101 0 0
109 27 101 0 0
110 28 101 0 0
111 27 101 0 0
112 28 101 0 0
113 29 101 0 0
114 28 101 0 0
115 29 101 0 0
116 28 101 0 0
117 29 101 0 0
118 30 101 0 0
119 29 101 0 0
120 30 101 0 0
121 31 101 0 0
122 30 101 0 0
123 31 101 0 0
124 30 101 0 0
125 31 101 0 0
126 32 101 0 0
127 31 101 0 0
128 32 101 0 0
129 33 101 0 0
130 32 101 0 0
131 33 101 0 0
132 32 101 0 0
133 33 101 0 0
134 34 101 0 0
135 33 101 0 0
136 34 101 0 0
137 35 101 0 0
138 34 101 0 0
139 35 101 0 0
140 34 101 0 0
141 35 101 0 0
142 36 101 0 0
143 35 101 0 0
144 36 101 0 0
145 35 101 0 0
146 36 101 0 0
147 37 101 0 0
148 36 101 0 0
149 37 101 0 0
150 38 101 0 0
151 37 101 0 0
152 38 101 0 0
153 37 101 0 0
154 38 101 0 0
155 38 100 0 0
156 39 100 0 0
157 38 100 0 0
158 39 100 0 0
159 38 100 0 0
160 39 100 0 0
161 40 100 0 0
162 39 100 0 0
163 40 100 0 0
164 39 100 0 0
165 40 100 0 0
166 41 100 0 0
167 40 100 0 0
168 41 100 0 0
169 40 100 0 0
170 41 100 0 0
171 42 100 0 0
172 41 100 0 0
173 42 100 0 0
174 43 100 0 0
175 42 100 0 0
176 43 100 0 0
177 42 100 0 0
178 43 100 0 0
179 42 100 0 0
180 43 100 0 0
181 44 100 0 0
182 43 100 0 0
183 44 100 0 0
184 43 100 0 0
185 44 100 0 0
186 45 100 0 0
187 44 100 0 0
188 45 100 0 0
189 46 100 0 0
190 45 100 0 0
191 46 100 0 0
192 45 100 0 0
193 46 100 0 0
194 45 100 0 0
195 46 100 0 0
196 47 100 0 0
197 46 100 0 0
198 47 100 0 0
199 46 100 0 0
200 47 100 0 0
201 48 100 0 0
202 47 100 0 0
203 48 100 0 0
204 47 100 0 0
205 48 100 0 0
206 48 99 0 0
207 49 99 0 0
208 48 99 0 0
209 49 99 0 0
210 48 99 0 0
211 49 99 0 0
212 50 99 0 0
213 49 99 0 0
214 50 99 0 0
215 49 99 0 0
216 50 99 0 0
217 51 99 0 0
218 50 99 0 0
219 51 99 0 0
220 50 99 0 0
221 51 99 0 0
222 50 99 0 0
223 51 99 0 0
224 52 99 0 0
225 51 99 0 0
226 52 99 0 0
227 51 99 0 0
228 52 99 0 0
229 53 99 0 0
230 52 99 0 0
231 53 99 0 0
232 52 99 0 0
233 53 99 0 0
234 52 99 0 0
235 53 99 0 0
236 54 99 0 0
237 53 99 0 0
238 54 99 0 0
239 53 99 0 0
240 54 99 0 0
241 53 99 0 0
242 54 99 0 0
243 55 99 0 0
244 54 99 0 0
245 55 99 0 0
246 54 99 0 0
247 55 99 0 0
248 56 99 0 0
249 55 99 0 0
250 56 99 0 0
251 55 99 0 0
252 56 99 0 0
253 55 99 0 0
254 56 99 0 0
255 55 99 0 0
256 56 99 0 0
257 57 99 0 0
258 56 99 0 0
259 57 99 0 0
260 56 99 0 0
261 57 99 0 0
262 58 99 0 0
263 57 99 0 0
264 58 99 0 0
265 57 99 0 0
266 58 99 0 0
267 57 99 0 0
268 57 98 0 0
269 58 98 0 0
270 57 98 0 0
271 58 98 0 0
272 59 98 0 0
273 58 98 0 0
274 59 98 0 0
275 58 98 0 0
276 59 98 0 0
277 58 98 0 0
278 59 98 0 0
279 58 98 0 0
280 59 98 0 0
281 60 98 0 0
282 59 98 0 0
283 60 98 0 0
284 59 98 0 0
285 60 98 0 0
286 59 98 0 0
287 60 98 0 0
288 61 98 0 0
289 60 98 0 0
290 61 98 0 0
291 60 98 0 0
292 61 98 0 0
293 60 98 0 0
294 60 97 0 0
295 61 97 0 0
296 60 97 0 0
297 61 97 0 0
298 62 97 0 0
299 61 97 0 0
300 62 97 0 0
301 61 97 0 0
302 62 97 0 0
303 63 97 0 0
304 62 97 0 0
305 63 97 0 0
306 62 97 0 0
307 63 97 0 0
308 62 97 0 0
309 63 97 0 0
310 64 97 0 0
311 63 97 0 0
312 64 97 0 0
313 63 97 0 0
314 63 96 0 0
315 64 96 0 0
316 63 96 0 0
317 64 96 0 0
318 65 96 0 0
319 64 96 0 0
320 65 96 0 0
321 64 96 0 0
322 65 96 0 0
323 66 96 0 0
324 65 96 0 0
325 66 96 0 0
326 65 96 0 0
327 66 96 0 0
328 65 96 0 0
329 66 96 0 0
330 67 96 0 0
331 66 96 0 0
332 67 96 0 0
333 66 96 0 0
334 66 95 0 0
335 67 95 0 0
336 66 95 0 0
337 67 95 0 0
338 68 95 0 0
339 67 95 0 0
340 68 95 0 0
341 67 95 0 0
342 68 95 0 0
343 69 95 0 0
344 68 95 0 0
345 69 95 0 0
346 68 95 0 0
347 69 95 0 0
348 68 95 0 0
349 69 95 0 0
350 70 95 0 0
351 69 95 0 0
352 69 94 0 0
353 70 94 0 0
354 71 94 0 0
355 70 94 0 0
356 71 94 0 0
357 70 94 0 0
358 71 94 0 0
359 72 94 0 0
360 71 94 0 0
361 72 94 0 0
362 71 94 0 0
363 72 94 0 0
364 73 94 0 0
365 72 94 0 0
366 72 93 0 0
367 73 93 0 0
368 72 93 0 0
369 73 93 0 0
370 74 93 0 0
371 73 93 0 0
372 74 93 0 0
373 73 93 0 0
374 74 93 0 0
375 75 93 0 0
376 74 93 0 0
377 75 93 0 0
378 74 93 0 0
379 75 93 0 0
380 75 92 0 0
381 76 92 0 0
382 75 92 0 0
383 76 92 0 0
384 75 92 0 0
385 76 92 0 0
386 75 92 0 0
387 76 92 0 0
388 77 92 0 0
389 76 92 0 0
390 77 92 0 0
391 76 92 0 0
392 76 91 0 0
393 77 91 0 0
394 78 91 0 0
395 77 91 0 0
396 78 91 0 0
397 77 91 0 0
398 78 91 0 0
399 77 91 0 0
400 78 91 0 0
401 79 91 0 0
402 78 91 0 0
403 78 90 0 0
404 79 90 0 0
405 78 90 0 0
406 79 90 0 0
407 78 90 0 0
408 79 90 0 0
409 80 90 0 0
410 79 90 0 0
411 80 90 0 0
412 79 90 0 0
413 80 90 0 0
414 80 89 0 0
415 81 89 0 0
416 80 89 0 0
417 81 89 0 0
418 80 89 0 0
419 81 89 0 0
420 80 89 0 0
421 81 89 0 0
422 82 89 0 0
423 81 89 0 0
424 82 89 0 0
425 81 89 0 0
426 81 88 0 0
427 82 88 0 0
428 83 88 0 0
429 82 88 0 0
430 83 88 0 0
431 82 88 0 0
432 83 88 0 0
433 82 88 0 0
434 83 88 0 0
435 83 87 0 0
436 84 87 0 0
437 83 87 0 0
438 84 87 0 0
439 83 87 0 0
440 84 87 0 0
441 83 87 0 0
442 84 87 0 0
443 85 87 0 0
444 84 87 0 0
445 84 86 0 0
446 85 86 0 0
447 84 86 0 0
448 85 86 0 0
449 86 86 0 0
450 85 86 0 0
451 86 86 0 0
452 85 86 0 0
453 85 85 0 0
454 86 85 0 0
455 85 85 0 0
456 86 85 0 0
457 87 85 0 0
458 86 85 0 0
459 87 85 0 0
460 86 85 0 0
461 87 85 0 0
462 86 85 0 0
463 86 84 0 0
464 87 84 0 0
465 88 84 0 0
466 87 84 0 0
467 88 84 0 0
468 87 84 0 0
469 88 84 0 0
470 89 84 0 0
471 88 84 0 0
472 88 83 0 0
473 89 83 0 0
474 88 83 0 0
475 89 83 0 0
476 88 83 0 0
477 89 83 0 0
478 90 83 0 0
479 89 83 0 0
480 89 82 0 0
481 90 82 0 0
482 91 82 0 0
483 90 82 0 0
484 91 82 0 0
485 90 82 0 0
486 91 82 0 0
487 90 82 0 0
488 91 82 0 0
489 92 82 0 0
490 91 82 0 0
491 92 82 0 0
492 93 82 0 0
493 92 82 0 0
494 93 82 0 0
495 92 82 0 0
496 93 82 0 0
497 92 82 0 0
498 92 81 0 0
499 93 81 0 0
500 94 81 0 0
501 93 81 0 0
502 94 81 0 0
503 93 81 0 0
504 94 81 0 0
505 95 81 0 0
506 94 81 0 0
507 95 81 0 0
508 94 81 0 0
509 95 81 0 0
510 96 81 0 0
511 95 81 0 0
512 96 81 0 0
513 95 81 0 0
514 96 81 0 0
515 96 80 0 0
516 97 80 0 0
517 96 80 0 0
518 97 80 0 0
519 96 80 0 0
520 97 80 0 0
521 98 80 0 0
522 97 80 0 0
523 98 80 0 0
524 97 80 0 0
525 98 80 0 0
526 97 80 0 0
527 98 80 0 0
528 99 80 0 0
529 98 80 0 0
530 99 80 0 0
531 98 80 0 0
532 99 80 0 0
533 98 80 0 0
534 99 80 0 0
535 100 80 0 0
536 99 80 0 0
537 100 80 0 0
538 99 80 0 0
539 100 80 0 0
540 100 81 0 0
541 101 81 0 0
542 100 81 0 0
543 101 81 0 0
544 100 81 0 0
545 101 81 0 0
546 100 81 0 0
547 101 81 0 0
548 102 81 0 0
549 101 81 0 0
550 102 81 0 0
551 101 81 0 0
552 102 81 0 0
553 103 81 0 0
554 102 81 0 0
555 103 81 0 0
556 102 81 0 0
557 103 81 0 0
558 102 81 0 0
559 103 81 0 0
560 104 81 0 0
561 103 81 0 0
562 104 81 0 0
563 103 81 0 0
564 104 81 0 0
565 103 81 0 0
566 104 81 0 0
567 105 81 0 0
568 104 81 0 0
569 105 81 0 0
570 104 81 0 0
571 105 81 0 0
572 104 81 0 0
573 104 82 0 0
574 105 82 0 0
575 106 82 0 0
576 105 82 0 0
577 106 82 0 0
578 105 82 0 0
579 106 82 0 0
580 105 82 0 0
581 106 82 0 0
582 107 82 0 0
583 106 82 0 0
584 106 83 0 0
585 107 83 0 0
586 106 83 0 0
587 107 83 0 0
588 106 83 0 0
589 107 83 0 0
590 108 83 0 0
591 107 83 0 0
592 108 83 0 0
593 107 83 0 0
594 108 83 0 0
595 107 83 0 0
596 107 84 0 0
597 108 84 0 0
598 109 84 0 0
599 108 84 0 0
600 109 84 0 0
601 108 84 0 0
602 109 84 0 0
603 108 84 0 0
604 109 84 0 0
605 110 84 0 0
606 109 84 0 0
607 109 85 0 0
608 110 85 0 0
609 109 85 0 0
610 110 85 0 0
611 111 85 0 0
612 110 85 0 0
613 111 85 0 0
614 110 85 0 0
615 111 85 0 0
616 110 85 0 0
617 111 85 0 0
618 110 85 0 0
619 110 86 0 0
620 111 86 0 0
621 112 86 0 0
622 111 86 0 0
623 112 86 0 0
624 111 86 0 0
625 112 86 0 0
626 113 86 0 0
627 112 86 0 0
628 113 86 0 0
629 112 86 0 0
630 112 87 0 0
631 113 87 0 0
632 112 87 0 0
633 113 87 0 0
634 114 87 0 0
635 113 87 0 0
636 114 87 0 0
637 113 87 0 0
638 114 87 0 0
639 113 87 0 0
640 114 87 0 0
641 115 87 0 0
642 114 87 0 0
643 114 88 0 0
644 115 88 0 0
645 114 88 0 0
646 115 88 0 0
647 116 88 0 0
648 115 88 0 0
649 116 88 0 0
650 115 88 0 0
651 116 88 0 0
652 115 88 0 0
653 116 88 0 0
654 116 89 0 0
655 117 89 0 0
656 116 89 0 0
657 117 89 0 0
658 116 89 0 0
659 117 89 0 0
660 118 89 0 0
661 117 89 0 0
662 118 89 0 0
663 117 89 0 0
664 118 89 0 0
665 117 89 0 0
666 118 89 0 0
667 118 90 0 0
668 119 90 0 0
669 118 90 0 0
670 119 90 0 0
671 118 90 0 0
672 119 90 0 0
673 118 90 0 0
674 119 90 0 0
675 120 90 0 0
676 119 90 0 0
677 119 91 0 0
678 120 91 0 0
679 119 91 0 0
680 120 91 0 0
681 121 91 0 0
682 120 91 0 0
683 121 91 0 0
684 120 91 0 0
685 121 91 0 0
686 120 91 0 0
687 121 91 0 0
688 121 92 0 0
689 122 92 0 0
690 121 92 0 0
691 122 92 0 0
692 123 92 0 0
693 122 92 0 0
694 123 92 0 0
695 122 92 0 0
696 123 92 0 0
697 122 92 0 0
698 122 93 0 0
699 123 93 0 0
700 124 93 0 0
701 123 93 0 0
702 124 93 0 0
703 123 93 0 0
704 124 93 0 0
705 125 93 0 0
706 124 93 0 0
707 125 93 0 0
708 124 93 0 0
709 124 94 0 0
710 125 94 0 0
711 126 94 0 0
712 125 94 0 0
713 126 94 0 0
714 125 94 0 0
715 126 94 0 0
716 127 94 0 0
717 126 94 0 0
718 126 95 0 0
719 127 95 0 0
720 128 95 0 0
721 127 95 0 0
722 128 95 0 0
723 127 95 0 0
724 128 95 0 0
725 129 95 0 0
726 128 95 0 0
727 129 95 0 0
728 128 95 0 0
729 128 96 0 0
730 129 96 0 0
731 128 96 0 0
732 129 96 0 0
733 130 96 0 0
734 129 96 0 0
735 130 96 0 0
736 129 96 0 0
737 130 96 0 0
738 130 97 0 0
739 131 97 0 0
740 130 97 0 0
741 131 97 0 0
742 130 97 0 0
743 131 97 0 0
744 132 97 0 0
745 131 97 0 0
746 132 97 0 0
747 133 97 0 0
748 132 97 0 0
749 132 98 0 0
750 133 98 0 0
751 132 98 0 0
752 133 98 0 0
753 134 98 0 0
754 133 98 0 0
755 134 98 0 0
756 135 98 0 0
757 134 98 0 0
758 135 98 0 0
759 136 98 0 0
760 135 98 0 0
761 136 98 0 0
762 135 98 0 0
763 136 98 0 0
764 137 98 0 0
765 136 98 0 0
766 137 98 0 0
767 138 98 0 0
768 137 98 0 0
769 138 98 0 0
770 139 98 0 0
771 138 98 0 0
772 139 98 0 0
773 140 98 0 0
774 139 98 0 0
775 140 98 0 0
776 141 98 0 0
777 140 98 0 0
778 141 98 0 0
779 140 98 0 0
780 141 98 0 0
781 142 98 0 0
782 141 98 0 0
783 142 98 0 0
784 143 98 0 0
785 142 98 0 0
786 143 98 0 0
787 144 98 0 0
788 143 98 0 0
789 144 98 0 0
790 145 98 0 0
791 144 98 0 0
792 145 98 0 0
793 146 98 0 0
794 145 98 0 0
795 146 98 0 0
796 145 98 0 0
797 146 98 0 0
798 147 98 0 0
799 146 98 0 0
800 147 98 0 0
801 148 98 0 0
802 147 98 0 0
803 148 98 0 0
804 149 98 0 0
805 148 98 0 0
806 149 98 0 0
807 150 98 0 0
808 149 98 0 0
809 150 98 0 0
810 151 98 0 0
811 150 98 0 0
812 151 98 0 0
813 150 98 0 0
814 151 98 0 0
815 152 98 0 0
816 151 98 0 0
817 152 98 0 0
818 153 98 0 0
819 152 98 0 0
820 153 98 0 0
821 154 98 0 0
822 153 98 0 0
823 154 98 0 0
824 155 98 0 0
825 154 98 0 0
826 155 98 0 0
827 156 98 0 0
828 155 98 0 0
829 156 98 0 0
830 155 98 0 0
831 156 98 0 0
832 157 98 0 0
833 156 98 0 0
834 157 98 0 0
835 158 98 0 0
836 157 98 0 0
837 158 98 0 0
838 159 98 0 0
839 158 98 0 0
840 159 98 0 0
841 160 98 0 0
842 159 98 0 0
843 160 98 0 0
844 161 98 0 0
845 160 98 0 0
846 161 98 0 0
847 160 98 0 0
848 161 98 0 0
849 162 98 0 0
850 161 98 0 0
851 162 98 0 0
852 163 98 0 0
853 162 98 0 0
854 163 98 0 0
855 164 98 0 0
856 163 98 0 0
857 164 98 0 0
858 165 98 0 0
859 164 98 0 0
860 165 98 0 0
861 166 98 0 0
862 165 98 0 0
863 166 98 0 0
864 165 98 0 0
865 166 98 0 0
866 167 98 0 0
867 166 98 0 0
868 167 98 0 0
869 168 98 0 0
870 167 98 0 0
871 168 98 0 0
872 169 98 0 0
873 168 98 0 0
874 169 98 0 0
875 170 98 0 0
876 169 98 0 0
877 170 98 0 0
878 171 98 0 0
879 170 98 0 0
880 171 98 0 0
881 170 98 0 0
882 171 98 0 0
883 172 98 0 0
884 173 98 0 0
885 172 98 0 0
886 173 98 0 0
887 172 98 0 0
888 173 98 0 0
889 174 98 0 0
890 173 98 0 0
891 174 98 0 0
892 175 98 0 0
893 174 98 0 0
894 175 98 0 0
895 176 98 0 0
896 175 98 0 0
897 176 98 0 0
898 177 98 0 0
899 176 98 0 0
900 177 98 0 0
901 178 98 0 0
902 177 98 0 0
903 178 98 0 0
904 177 98 0 0
905 178 98 0 0
906 179 98 0 0
907 178 98 0 0
908 179 98 0 0
909 180 98 0 0
910 179 98 0 0
911 180 98 0 0
912 181 98 0 0
913 180 98 0 0
914 181 98 0 0
915 182 98 0 0
916 181 98 0 0
917 182 98 0 0
918 183 98 0 0
919 182 98 0 0
920 183 98 0 0
921 182 98 0 0
922 183 98 0 0
923 184 98 0 0
924 183 98 0 0
925 184 98 0 0
926 185 98 0 0
927 184 98 0 0
928 185 98 0 0
929 186 98 0 0
930 185 98 0 0
931 186 98 0 0
932 187 98 0 0
933 186 98 0 0
934 187 98 0 0
935 186 98 0 0
936 187 98 0 0
937 188 98 0 0
938 187 98 0 0
939 188 98 0 0
940 187 98 0 0
941 188 98 0 0
942 189 98 0 0
943 188 98 0 0
944 189 98 0 0
945 188 98 0 0
946 189 98 0 0
947 190 98 0 0
948 189 98 0 0
949 190 98 0 0
950 189 98 0 0
951 190 98 0 0
952 191 98 0 0
953 190 98 0 0
954 191 98 0 0
955 190 98 0 0
956 191 98 0 0
957 190 98 0 0
958 191 98 0 0
959 192 98 0 0
960 191 98 0 0
961 192 98 0 0
962 193 98 0 0
963 192 98 0 0
964 193 98 0 0
965 192 98 0 0
966 193 98 0 0
967 192 98 0 0
968 193 98 0 0
969 194 98 0 0
970 193 98 0 0
971 194 98 0 0
972 193 98 0 0
973 194 98 0 0
974 195 98 0 0
975 194 98 0 0
976 195 98 0 0
977 194 98 0 0
978 195 98 0 0
