0 2 92 0 0
1 2 93 0 0
2 3 93 0 0
3 4 93 0 0
4 3 93 0 0
5 4 93 0 0
6 5 93 0 0
7 6 93 0 0
8 5 93 0 0
9 6 93 0 0
10 6 94 0 0
11 7 94 0 0
12 6 94 0 0
13 7 94 0 0
14 8 94 0 0
15 7 94 0 0
16 8 94 0 0
17 7 94 0 0
18 8 94 0 0
19 9 94 0 0
20 8 94 0 0
21 8 93 0 0
22 9 93 0 0
23 8 93 0 0
24 9 93 0 0
25 8 93 0 0
26 9 93 0 0
27 10 93 0 0
28 9 93 0 0
29 10 93 0 0
30 9 93 0 0
31 9 92 0 0
32 10 92 0 0
33 11 92 0 0
34 10 92 0 0
35 11 92 0 0
36 10 92 0 0
37 11 92 0 0
38 12 92 0 0
39 11 92 0 0
40 12 92 0 0
41 13 92 0 0
42 14 92 0 0
43 13 92 0 0
44 14 92 0 0
45 15 92 0 0
46 16 92 0 0
47 15 92 0 0
48 16 92 0 0
49 17 92 0 0
50 17 93 0 0
51 18 93 0 0
52 17 93 0 0
53 18 93 0 0
54 19 93 0 0
55 20 93 0 0
56 19 93 0 0
57 20 93 0 0
58 21 93 0 0
59 22 93 0 0
60 21 93 0 0
61 22 93 0 0
62 23 93 0 0
63 24 93 0 0
64 23 93 0 0
65 24 93 0 0
66 25 93 0 0
67 24 93 0 0
68 25 93 0 0
69 26 93 0 0
70 25 93 0 0
71 26 93 0 0
72 27 93 0 0
73 28 93 0 0
74 27 93 0 0
75 28 93 0 0
76 29 93 0 0
77 28 93 0 0
78 29 93 0 0
79 29 94 0 0
80 30 94 0 0
81 31 94 0 0
82 30 94 0 0
83 31 94 0 0
84 32 94 0 0
85 31 94 0 0
86 32 94 0 0
87 33 94 0 0
88 32 94 0 0
89 33 94 0 0
90 34 94 0 0
91 33 94 0 0
92 34 94 0 0
93 35 94 0 0
94 36 94 0 0
95 35 94 0 0
96 36 94 0 0
97 37 94 0 0
98 36 94 0 0
99 37 94 0 0
100 36 94 0 0
101 37 94 0 0
102 38 94 0 0
103 37 94 0 0
104 38 94 0 0
105 39 94 0 0
106 38 94 0 0
107 39 94 0 0
108 40 94 0 0
109 39 94 0 0
110 40 94 0 0
111 41 94 0 0
112 40 94 0 0
113 41 94 0 0
114 42 94 0 0
115 41 94 0 0
116 42 94 0 0
117 43 94 0 0
118 42 94 0 0
119 43 94 0 0
120 44 94 0 0
121 43 94 0 0
122 44 94 0 0
123 45 94 0 0
124 44 94 0 0
125 45 94 0 0
126 46 94 0 0
127 45 94 0 0
128 46 94 0 0
129 47 94 0 0
130 46 94 0 0
131 47 94 0 0
132 48 94 0 0
133 47 94 0 0
134 48 94 0 0
135 49 94 0 0
136 48 94 0 0
137 49 94 0 0
138 50 94 0 0
139 49 94 0 0
140 50 94 0 0
141 51 94 0 0
142 50 94 0 0
143 51 94 0 0
144 52 94 0 0
145 51 94 0 0
146 52 94 0 0
147 51 94 0 0
148 52 94 0 0
149 53 94 0 0
150 54 94 0 0
151 53 94 0 0
152 54 94 0 0
153 55 94 0 0
154 54 94 0 0
155 55 94 0 0
156 56 94 0 0
157 55 94 0 0
158 56 94 0 0
159 55 94 0 0
160 56 94 0 0
161 57 94 0 0
162 56 94 0 0
163 57 94 0 0
164 58 94 0 0
165 57 94 0 0
166 58 94 0 0
167 59 94 0 0
168 58 94 0 0
169 58 93 0 0
170 59 93 0 0
171 60 93 0 0
172 59 93 0 0
173 60 93 0 0
174 61 93 0 0
175 60 93 0 0
176 61 93 0 0
177 62 93 0 0
178 61 93 0 0
179 62 93 0 0
180 63 93 0 0
181 62 93 0 0
182 63 93 0 0
183 64 93 0 0
184 63 93 0 0
185 64 93 0 0
186 63 93 0 0
187 64 93 0 0
188 65 93 0 0
189 66 93 0 0
190 65 93 0 0
191 65 92 0 0
192 66 92 0 0
193 65 92 0 0
194 66 92 0 0
195 67 92 0 0
196 66 92 0 0
197 67 92 0 0
198 68 92 0 0
199 67 92 0 0
200 68 92 0 0
201 68 91 0 0
202 69 91 0 0
203 68 91 0 0
204 69 91 0 0
205 70 91 0 0
206 69 91 0 0
207 70 91 0 0
208 71 91 0 0
209 70 91 0 0
210 71 91 0 0
211 72 91 0 0
212 71 91 0 0
213 71 90 0 0
214 72 90 0 0
215 71 90 0 0
216 72 90 0 0
217 73 90 0 0
218 74 90 0 0
219 73 90 0 0
220 74 90 0 0
221 73 90 0 0
222 74 90 0 0
223 74 89 0 0
224 75 89 0 0
225 74 89 0 0
226 75 89 0 0
227 74 89 0 0
228 75 89 0 0
229 76 89 0 0
230 75 89 0 0
231 75 88 0 0
232 76 88 0 0
233 75 88 0 0
234 76 88 0 0
235 77 88 0 0
236 76 88 0 0
237 77 88 0 0
238 76 88 0 0
239 77 88 0 0
240 77 87 0 0
241 78 87 0 0
242 77 87 0 0
243 78 87 0 0
244 79 87 0 0
245 78 87 0 0
246 79 87 0 0
247 78 87 0 0
248 78 86 0 0
249 79 86 0 0
250 80 86 0 0
251 79 86 0 0
252 80 86 0 0
253 81 86 0 0
254 80 86 0 0
255 80 85 0 0
256 81 85 0 0
257 80 85 0 0
258 81 85 0 0
259 82 85 0 0
260 81 85 0 0
261 82 85 0 0
262 83 85 0 0
263 82 85 0 0
264 82 84 0 0
265 83 84 0 0
266 82 84 0 0
267 83 84 0 0
268 84 84 0 0
269 83 84 0 0
270 84 84 0 0
271 83 84 0 0
272 84 84 0 0
273 84 83 0 0
274 85 83 0 0
275 84 83 0 0
276 85 83 0 0
277 86 83 0 0
278 85 83 0 0
279 86 83 0 0
280 85 83 0 0
281 86 83 0 0
282 86 82 0 0
283 87 82 0 0
284 86 82 0 0
285 87 82 0 0
286 86 82 0 0
287 87 82 0 0
288 88 82 0 0
289 87 82 0 0
290 88 82 0 0
291 88 81 0 0
292 89 81 0 0
293 88 81 0 0
294 89 81 0 0
295 88 81 0 0
296 89 81 0 0
297 88 81 0 0
298 89 81 0 0
299 90 81 0 0
300 89 81 0 0
301 90 81 0 0
302 91 81 0 0
303 90 81 0 0
304 91 81 0 0
305 90 81 0 0
306 91 81 0 0
307 90 81 0 0
308 91 81 0 0
309 91 80 0 0
310 92 80 0 0
311 91 80 0 0
312 92 80 0 0
313 91 80 0 0
314 92 80 0 0
315 93 80 0 0
316 92 80 0 0
317 93 80 0 0
318 94 80 0 0
319 93 80 0 0
320 94 80 0 0
321 93 80 0 0
322 94 80 0 0
323 93 80 0 0
324 94 80 0 0
325 95 80 0 0
326 94 80 0 0
327 94 79 0 0
328 95 79 0 0
329 96 79 0 0
330 95 79 0 0
331 96 79 0 0
332 95 79 0 0
333 96 79 0 0
334 97 79 0 0
335 96 79 0 0
336 97 79 0 0
337 98 79 0 0
338 97 79 0 0
339 98 79 0 0
340 99 79 0 0
341 98 79 0 0
342 99 79 0 0
343 98 79 0 0
344 99 79 0 0
345 99 80 0 0
346 100 80 0 0
347 99 80 0 0
348 100 80 0 0
349 101 80 0 0
350 100 80 0 0
351 101 80 0 0
352 100 80 0 0
353 101 80 0 0
354 102 80 0 0
355 101 80 0 0
356 102 80 0 0
357 103 80 0 0
358 102 80 0 0
359 103 80 0 0
360 104 80 0 0
361 103 80 0 0
362 103 81 0 0
363 104 81 0 0
364 103 81 0 0
365 104 81 0 0
366 105 81 0 0
367 104 81 0 0
368 105 81 0 0
369 106 81 0 0
370 105 81 0 0
371 106 81 0 0
372 105 81 0 0
373 106 81 0 0
374 107 81 0 0
375 106 81 0 0
376 107 81 0 0
377 108 81 0 0
378 107 81 0 0
379 107 82 0 0
380 108 82 0 0
381 107 82 0 0
382 108 82 0 0
383 107 82 0 0
384 108 82 0 0
385 109 82 0 0
386 108 82 0 0
387 108 83 0 0
388 109 83 0 0
389 108 83 0 0
390 109 83 0 0
391 108 83 0 0
392 109 83 0 0
393 110 83 0 0
394 109 83 0 0
395 109 84 0 0
396 110 84 0 0
397 109 84 0 0
398 110 84 0 0
399 111 84 0 0
400 110 84 0 0
401 111 84 0 0
402 110 84 0 0
403 110 85 0 0
404 111 85 0 0
405 110 85 0 0
406 111 85 0 0
407 112 85 0 0
408 111 85 0 0
409 112 85 0 0
410 111 85 0 0
411 111 86 0 0
412 112 86 0 0
413 111 86 0 0
414 112 86 0 0
415 113 86 0 0
416 112 86 0 0
417 113 86 0 0
418 112 86 0 0
419 112 87 0 0
420 113 87 0 0
421 112 87 0 0
422 113 87 0 0
423 112 87 0 0
424 113 87 0 0
425 113 88 0 0
426 114 88 0 0
427 113 88 0 0
428 114 88 0 0
429 113 88 0 0
430 114 88 0 0
431 113 88 0 0
432 113 89 0 0
433 114 89 0 0
434 113 89 0 0
435 114 89 0 0
436 113 89 0 0
437 114 89 0 0
438 114 90 0 0
439 115 90 0 0
440 114 90 0 0
441 115 90 0 0
442 114 90 0 0
443 115 90 0 0
444 114 90 0 0
445 114 91 0 0
446 115 91 0 0
447 114 91 0 0
448 115 91 0 0
449 116 91 0 0
450 115 91 0 0
451 115 92 0 0
452 116 92 0 0
453 115 92 0 0
454 116 92 0 0
455 115 92 0 0
456 116 92 0 0
457 115 92 0 0
458 115 93 0 0
459 116 93 0 0
460 115 93 0 0
461 116 93 0 0
462 115 93 0 0
463 116 93 0 0
464 115 93 0 0
465 115 94 0 0
466 116 94 0 0
467 117 94 0 0
468 116 94 0 0
469 116 95 0 0
470 117 95 0 0
471 116 95 0 0
472 117 95 0 0
473 116 95 0 0
474 116 96 0 0
475 117 96 0 0
476 116 96 0 0
477 117 96 0 0
478 116 96 0 0
479 116 97 0 0
480 117 97 0 0
481 116 97 0 0
482 117 97 0 0
483 116 97 0 0
484 116 98 0 0
485 117 98 0 0
486 116 98 0 0
487 117 98 0 0
488 117 99 0 0
489 118 99 0 0
490 117 99 0 0
491 118 99 0 0
492 117 99 0 0
493 117 100 0 0
494 118 100 0 0
495 117 100 0 0
496 118 100 0 0
497 117 100 0 0
498 117 101 0 0
499 118 101 0 0
500 117 101 0 0
501 118 101 0 0
502 118 102 0 0
503 119 102 0 0
504 118 102 0 0
505 119 102 0 0
506 118 102 0 0
507 118 103 0 0
508 119 103 0 0
509 118 103 0 0
510 119 103 0 0
511 118 103 0 0
512 118 104 0 0
513 119 104 0 0
514 118 104 0 0
515 119 104 0 0
516 118 104 0 0
517 119 104 0 0
518 118 104 0 0
519 118 105 0 0
520 119 105 0 0
521 118 105 0 0
522 119 105 0 0
523 118 105 0 0
524 118 106 0 0
525 119 106 0 0
526 118 106 0 0
527 119 106 0 0
528 118 106 0 0
529 119 106 0 0
530 119 107 0 0
531 120 107 0 0
532 119 107 0 0
533 120 107 0 0
534 119 107 0 0
535 120 107 0 0
536 119 107 0 0
537 119 108 0 0
538 120 108 0 0
539 119 108 0 0
540 120 108 0 0
541 119 108 0 0
542 119 109 0 0
543 120 109 0 0
544 119 109 0 0
545 120 109 0 0
546 119 109 0 0
547 120 109 0 0
548 119 109 0 0
549 119 110 0 0
550 120 110 0 0
551 119 110 0 0
552 120 110 0 0
553 121 110 0 0
554 120 110 0 0
555 120 111 0 0
556 119 111 0 0
557 120 111 0 0
558 119 111 0 0
559 119 112 0 0
560 120 112 0 0
561 119 112 0 0
562 120 112 0 0
563 119 112 0 0
564 119 113 0 0
565 120 113 0 0
566 119 113 0 0
567 120 113 0 0
568 119 113 0 0
569 120 113 0 0
570 119 113 0 0
571 119 114 0 0
572 120 114 0 0
573 119 114 0 0
574 120 114 0 0
575 119 114 0 0
576 119 115 0 0
577 120 115 0 0
578 119 115 0 0
579 120 115 0 0
580 119 115 0 0
581 120 115 0 0
582 119 115 0 0
583 119 116 0 0
584 120 116 0 0
585 119 116 0 0
586 120 116 0 0
587 119 116 0 0
588 119 117 0 0
589 120 117 0 0
590 119 117 0 0
591 120 117 0 0
592 119 117 0 0
593 119 118 0 0
594 120 118 0 0
595 119 118 0 0
596 120 118 0 0
597 119 118 0 0
598 120 118 0 0
599 119 118 0 0
600 119 119 0 0
601 120 119 0 0
602 119 119 0 0
603 120 119 0 0
604 119 119 0 0
605 119 120 0 0
606 120 120 0 0
607 119 120 0 0
608 120 120 0 0
609 119 120 0 0
610 120 120 0 0
611 119 120 0 0
612 119 121 0 0
613 120 121 0 0
614 119 121 0 0
615 120 121 0 0
616 119 121 0 0
617 119 122 0 0
618 120 122 0 0
619 119 122 0 0
620 120 122 0 0
621 119 122 0 0
622 119 123 0 0
623 120 123 0 0
624 119 123 0 0
625 120 123 0 0
626 119 123 0 0
627 119 124 0 0
628 118 124 0 0
629 119 124 0 0
630 118 124 0 0
631 118 125 0 0
632 119 125 0 0
633 118 125 0 0
634 119 125 0 0
635 118 125 0 0
636 118 126 0 0
637 119 126 0 0
638 118 126 0 0
639 119 126 0 0
640 118 126 0 0
641 118 127 0 0
642 119 127 0 0
643 118 127 0 0
644 119 127 0 0
645 118 127 0 0
646 118 128 0 0
647 119 128 0 0
648 118 128 0 0
649 119 128 0 0
650 118 128 0 0
651 118 129 0 0
652 119 129 0 0
653 118 129 0 0
654 119 129 0 0
655 118 129 0 0
656 119 129 0 0
657 118 129 0 0
658 118 130 0 0
659 119 130 0 0
660 118 130 0 0
661 119 130 0 0
662 118 130 0 0
663 118 131 0 0
664 119 131 0 0
665 118 131 0 0
666 119 131 0 0
667 118 131 0 0
668 118 132 0 0
669 119 132 0 0
670 118 132 0 0
671 118 133 0 0
672 119 133 0 0
673 118 133 0 0
674 119 133 0 0
675 118 133 0 0
676 118 134 0 0
677 119 134 0 0
678 118 134 0 0
679 119 134 0 0
680 118 134 0 0
681 118 135 0 0
682 119 135 0 0
683 118 135 0 0
684 119 135 0 0
685 118 135 0 0
686 118 136 0 0
687 119 136 0 0
688 118 136 0 0
689 119 136 0 0
690 118 136 0 0
691 119 136 0 0
692 118 136 0 0
693 118 137 0 0
694 119 137 0 0
695 118 137 0 0
696 119 137 0 0
697 118 137 0 0
698 118 138 0 0
699 119 138 0 0
700 118 138 0 0
701 119 138 0 0
702 118 138 0 0
703 118 139 0 0
704 119 139 0 0
705 118 139 0 0
706 119 139 0 0
707 118 139 0 0
708 118 140 0 0
709 119 140 0 0
710 118 140 0 0
711 119 140 0 0
712 118 140 0 0
713 118 141 0 0
714 117 141 0 0
715 118 141 0 0
716 117 141 0 0
717 117 142 0 0
718 118 142 0 0
719 117 142 0 0
720 118 142 0 0
721 117 142 0 0
722 117 143 0 0
723 118 143 0 0
724 117 143 0 0
725 118 143 0 0
726 117 143 0 0
727 118 143 0 0
728 117 143 0 0
729 117 144 0 0
730 118 144 0 0
731 117 144 0 0
732 118 144 0 0
733 117 144 0 0
734 117 145 0 0
735 118 145 0 0
736 117 145 0 0
737 118 145 0 0
738 117 145 0 0
739 117 146 0 0
740 118 146 0 0
741 117 146 0 0
742 118 146 0 0
743 117 146 0 0
744 117 147 0 0
745 118 147 0 0
746 117 147 0 0
747 118 147 0 0
748 117 147 0 0
749 118 147 0 0
750 117 147 0 0
751 117 148 0 0
752 118 148 0 0
753 117 148 0 0
754 118 148 0 0
755 117 148 0 0
756 117 149 0 0
757 118 149 0 0
758 117 149 0 0
759 118 149 0 0
760 117 149 0 0
761 117 150 0 0
762 118 150 0 0
763 117 150 0 0
764 118 150 0 0
765 117 150 0 0
766 117 151 0 0
767 118 151 0 0
768 117 151 0 0
769 118 151 0 0
770 119 151 0 0
771 118 151 0 0
772 118 152 0 0
773 119 152 0 0
774 118 152 0 0
775 118 153 0 0
776 119 153 0 0
777 118 153 0 0
778 119 153 0 0
779 118 153 0 0
780 118 154 0 0
781 119 154 0 0
782 118 154 0 0
783 118 155 0 0
784 119 155 0 0
785 118 155 0 0
786 119 155 0 0
787 118 155 0 0
788 118 156 0 0
789 119 156 0 0
790 118 156 0 0
791 118 157 0 0
792 119 157 0 0
793 118 157 0 0
794 119 157 0 0
795 118 157 0 0
796 118 158 0 0
797 119 158 0 0
798 118 158 0 0
799 119 158 0 0
800 118 158 0 0
801 118 159 0 0
802 119 159 0 0
803 118 159 0 0
804 119 159 0 0
805 118 159 0 0
806 118 160 0 0
807 119 160 0 0
808 118 160 0 0
809 119 160 0 0
810 118 160 0 0
811 118 161 0 0
812 119 161 0 0
813 118 161 0 0
814 119 161 0 0
815 118 161 0 0
816 119 161 0 0
817 118 161 0 0
818 118 162 0 0
819 119 162 0 0
820 118 162 0 0
821 119 162 0 0
822 118 162 0 0
823 118 163 0 0
824 119 163 0 0
825 118 163 0 0
826 119 163 0 0
827 118 163 0 0
828 118 164 0 0
829 119 164 0 0
830 118 164 0 0
831 119 164 0 0
832 118 164 0 0
833 119 164 0 0
834 118 164 0 0
835 118 165 0 0
836 119 165 0 0
837 118 165 0 0
838 119 165 0 0
839 119 166 0 0
840 120 166 0 0
841 119 166 0 0
842 120 166 0 0
843 119 166 0 0
844 119 167 0 0
845 120 167 0 0
846 119 167 0 0
847 120 167 0 0
848 119 167 0 0
849 120 167 0 0
850 119 167 0 0
851 119 168 0 0
852 120 168 0 0
853 119 168 0 0
854 120 168 0 0
855 119 168 0 0
856 119 169 0 0
857 120 169 0 0
858 119 169 0 0
859 120 169 0 0
860 119 169 0 0
861 119 170 0 0
862 120 170 0 0
863 119 170 0 0
864 120 170 0 0
865 119 170 0 0
866 120 170 0 0
867 119 170 0 0
868 119 171 0 0
869 120 171 0 0
870 119 171 0 0
871 120 171 0 0
872 119 171 0 0
873 119 172 0 0
874 120 172 0 0
875 119 172 0 0
876 120 172 0 0
877 119 172 0 0
878 119 173 0 0
879 120 173 0 0
880 119 173 0 0
881 120 173 0 0
882 119 173 0 0
883 120 173 0 0
884 119 173 0 0
885 119 174 0 0
886 120 174 0 0
887 119 174 0 0
888 120 174 0 0
889 119 174 0 0
890 119 175 0 0
891 120 175 0 0
892 121 175 0 0
893 120 175 0 0
894 120 176 0 0
895 121 176 0 0
896 120 176 0 0
897 121 176 0 0
898 120 176 0 0
899 121 176 0 0
900 120 176 0 0
901 120 177 0 0
902 121 177 0 0
903 120 177 0 0
904 121 177 0 0
905 120 177 0 0
906 120 178 0 0
907 121 178 0 0
908 120 178 0 0
909 121 178 0 0
910 120 178 0 0
911 120 179 0 0
912 121 179 0 0
913 120 179 0 0
914 121 179 0 0
915 120 179 0 0
916 121 179 0 0
917 120 179 0 0
918 120 180 0 0
919 121 180 0 0
920 120 180 0 0
921 120 181 0 0
922 121 181 0 0
923 120 181 0 0
924 121 181 0 0
925 120 181 0 0
926 120 182 0 0
927 121 182 0 0
928 120 182 0 0
929 121 182 0 0
930 120 182 0 0
931 120 183 0 0
932 121 183 0 0
933 120 183 0 0
934 121 183 0 0
935 120 183 0 0
936 120 184 0 0
937 121 184 0 0
938 120 184 0 0
939 120 185 0 0
940 121 185 0 0
941 120 185 0 0
942 121 185 0 0
943 120 185 0 0
944 120 186 0 0
945 121 186 0 0
946 120 186 0 0
947 121 186 0 0
948 120 186 0 0
949 120 187 0 0
950 121 187 0 0
951 120 187 0 0
952 121 187 0 0
953 120 187 0 0
954 120 188 0 0
955 121 188 0 0
956 120 188 0 0
957 121 188 0 0
958 120 188 0 0
959 120 189 0 0
960 121 189 0 0
961 120 189 0 0
962 120 190 0 0
963 121 190 0 0
964 120 190 0 0
965 121 190 0 0
966 120 190 0 0
967 120 191 0 0
968 121 191 0 0
969 120 191 0 0
970 121 191 0 0
971 120 191 0 0
972 120 192 0 0
973 121 192 0 0
974 120 192 0 0
975 121 192 0 0
976 120 192 0 0
977 120 193 0 0
978 121 193 0 0
979 120 193 0 0
980 121 193 0 0
981 120 193 0 0
982 120 194 0 0
983 121 194 0 0
984 120 194 0 0
985 120 195 0 0
986 121 195 0 0
987 120 195 0 0
988 121 195 0 0
989 120 195 0 0
990 120 196 0 0
991 121 196 0 0
992 120 196 0 0
993 121 196 0 0
994 120 196 0 0
995 121 196 0 0
996 120 196 0 0
997 120 197 0 0
998 121 197 0 0
999 120 197 0 0
1000 121 197 0 0
