0 5800 800 0 0
1 6000 800 0 0
2 6000 1000 0 0
3 6200 1000 0 0
4 6200 1200 0 0
5 6200 1400 0 0
6 6400 1400 0 0
7 6400 1600 0 0
8 6600 1600 0 0
9 6600 1800 0 0
10 6800 1800 0 0
11 6800 2000 0 0
12 7000 2000 0 0
13 7000 2200 0 0
14 7200 2200 0 0
15 7200 2400 0 0
16 7200 2600 0 0
17 7400 2600 0 0
18 7400 2800 0 0
19 7600 2800 0 0
20 7600 3000 0 0
21 7800 3000 0 0
22 7800 3200 0 0
23 8000 3200 0 0
24 8200 3200 0 0
25 8200 3400 0 0
26 8400 3400 0 0
27 8600 3400 0 0
28 8600 3600 0 0
29 8800 3600 0 0
30 8800 3800 0 0
31 9000 3800 0 0
32 9200 3800 0 0
33 9200 4000 0 0
34 9400 4000 0 0
35 9400 4200 0 0
36 9600 4200 0 0
37 9800 4200 0 0
38 9800 4400 0 0
39 10000 4400 0 0
40 10200 4400 0 0
41 10200 4600 0 0
42 10400 4600 0 0
43 10400 4800 0 0
44 10600 4800 0 0
45 10600 5000 0 0
46 10800 5000 0 0
47 11000 5000 0 0
48 11000 5200 0 0
49 11200 5200 0 0
50 11400 5200 0 0
51 11600 5200 0 0
52 11800 5200 0 0
53 12000 5200 0 0
54 12200 5200 0 0
55 12200 5400 0 0
56 12400 5400 0 0
57 12600 5400 0 0
58 12800 5400 0 0
59 13000 5400 0 0
60 13200 5400 0 0
61 13400 5400 0 0
62 13600 5400 0 0
63 13600 5600 0 0
64 13800 5600 0 0
65 14000 5600 0 0
66 14200 5600 0 0
67 14400 5600 0 0
68 14600 5600 0 0
69 14800 5600 0 0
70 15000 5600 0 0
71 15200 5600 0 0
72 15400 5600 0 0
73 15600 5600 0 0
74 15800 5600 0 0
75 16000 5600 0 0
76 16200 5600 0 0
77 16200 5800 0 0
78 16400 5800 0 0
79 16600 5800 0 0
80 16800 5800 0 0
81 17000 5800 0 0
82 17200 5800 0 0
83 17400 5800 0 0
84 17600 5800 0 0
85 17800 5800 0 0
86 18000 5800 0 0
87 18200 5800 0 0
88 18400 5800 0 0
89 18600 5800 0 0
90 18800 5800 0 0
91 19000 5800 0 0
92 19200 5800 0 0
93 19400 5800 0 0
94 19600 5800 0 0
95 19800 5800 0 0
96 20000 5800 0 0
97 20200 5800 0 0
98 20400 5800 0 0
99 20600 5800 0 0
100 20800 5800 0 0
101 21000 5800 0 0
102 21200 5800 0 0
103 21400 5800 0 0
104 21600 5800 0 0
105 21800 5800 0 0
106 22000 5800 0 0
107 22200 5800 0 0
108 22400 5800 0 0
109 22600 5800 0 0
110 22800 5800 0 0
111 23000 5800 0 0
112 23200 5800 0 0
113 23200 6000 0 0
114 23400 6000 0 0
115 23600 6000 0 0
116 23800 6000 0 0
117 24000 6000 0 0
118 24200 6000 0 0
119 24400 6000 0 0
120 24600 6000 0 0
121 24800 6000 0 0
122 24800 6200 0 0
123 25000 6200 0 0
124 25000 6400 0 0
125 25200 6400 0 0
126 25400 6400 0 0
127 25400 6600 0 0
128 25600 6600 0 0
129 25800 6600 0 0
130 25800 6800 0 0
131 26000 6800 0 0
132 26200 6800 0 0
133 26200 7000 0 0
134 26400 7000 0 0
135 26600 7000 0 0
136 26600 7200 0 0
137 26800 7200 0 0
138 27000 7200 0 0
139 27000 7400 0 0
140 27200 7400 0 0
141 27400 7400 0 0
142 27600 7400 0 0
143 27600 7600 0 0
144 27800 7600 0 0
145 28000 7600 0 0
146 28000 7800 0 0
147 28200 7800 0 0
148 28400 7800 0 0
149 28400 8000 0 0
150 28600 8000 0 0
151 28800 8000 0 0
152 28800 8200 0 0
153 29000 8200 0 0
154 29200 8200 0 0
155 29200 8400 0 0
156 29400 8400 0 0
157 29400 8600 0 0
158 29600 8600 0 0
159 29800 8600 0 0
160 30000 8600 0 0
161 30000 8800 0 0
162 30200 8800 0 0
163 30400 8800 0 0
164 30400 9000 0 0
165 30600 9000 0 0
166 30800 9000 0 0
167 30800 9200 0 0
168 31000 9200 0 0
169 31200 9200 0 0
170 31200 9400 0 0
171 31400 9400 0 0
172 31400 9600 0 0
173 31600 9600 0 0
174 31800 9600 0 0
175 31800 9800 0 0
176 32000 9800 0 0
177 32200 9800 0 0
178 32200 10000 0 0
179 32400 10000 0 0
180 32600 10000 0 0
181 32600 10200 0 0
182 32800 10200 0 0
183 33000 10200 0 0
184 33000 10400 0 0
185 33200 10400 0 0
186 33400 10400 0 0
187 33600 10400 0 0
188 33800 10400 0 0
189 33800 10600 0 0
190 34000 10600 0 0
191 34200 10600 0 0
192 34400 10600 0 0
193 34600 10600 0 0
194 34800 10600 0 0
195 34800 10800 0 0
196 35000 10800 0 0
197 35200 10800 0 0
198 35400 10800 0 0
199 35600 10800 0 0
200 35800 10800 0 0
201 36000 10800 0 0
202 36200 10800 0 0
203 36400 10800 0 0
204 36400 11000 0 0
205 36600 11000 0 0
206 36800 11000 0 0
207 37000 11000 0 0
208 37200 11000 0 0
209 37400 11000 0 0
210 37600 11000 0 0
211 37800 11000 0 0
212 38000 11000 0 0
213 38200 11000 0 0
214 38400 11000 0 0
