0 1400 29400 0 0
1 1400 29600 0 0
2 1200 29600 0 0
3 1200 29400 0 0
4 1200 29200 0 0
5 1200 29000 0 0
6 1200 28800 0 0
7 1200 28600 0 0
8 1200 28400 0 0
9 1200 28200 0 0
10 1200 28000 0 0
11 1200 27800 0 0
12 1200 27600 0 0
13 1200 27400 0 0
14 1200 27200 0 0
15 1200 27000 0 0
16 1200 26800 0 0
17 1200 26600 0 0
18 1200 26400 0 0
19 1200 26200 0 0
20 1200 26000 0 0
21 1200 25800 0 0
22 1200 25600 0 0
23 1200 25400 0 0
24 1200 25200 0 0
25 1200 25000 0 0
26 1200 24800 0 0
27 1200 24600 0 0
28 1200 24400 0 0
29 1200 24200 0 0
30 1200 24000 0 0
31 1200 23800 0 0
32 1200 23600 0 0
33 1200 23400 0 0
34 1200 23200 0 0
35 1200 23000 0 0
36 1200 22800 0 0
37 1200 22600 0 0
38 1200 22400 0 0
39 1200 22200 0 0
40 1200 22000 0 0
41 1200 21800 0 0
42 1200 21600 0 0
43 1200 21400 0 0
44 1400 21400 0 0
45 1400 21200 0 0
46 1400 21000 0 0
47 1400 20800 0 0
48 1400 20600 0 0
49 1400 20400 0 0
50 1400 20200 0 0
51 1600 20200 0 0
52 1600 20000 0 0
53 1600 19800 0 0
54 1600 19600 0 0
55 1600 19400 0 0
56 1600 19200 0 0
57 1600 19000 0 0
58 1800 19000 0 0
59 1800 18800 0 0
60 1800 18600 0 0
61 1800 18400 0 0
62 1800 18200 0 0
63 1800 18000 0 0
64 1800 17800 0 0
65 2000 17800 0 0
66 2000 17600 0 0
67 2000 17400 0 0
68 2000 17200 0 0
69 2000 17000 0 0
70 2000 16800 0 0
71 2000 16600 0 0
72 2000 16400 0 0
73 2000 16200 0 0
74 2200 16200 0 0
75 2200 16000 0 0
76 2200 15800 0 0
77 2200 15600 0 0
78 2200 15400 0 0
79 2200 15200 0 0
80 2200 15000 0 0
81 2200 14800 0 0
82 2200 14600 0 0
83 2200 14400 0 0
84 2200 14200 0 0
85 2200 14000 0 0
86 2200 13800 0 0
87 2200 13600 0 0
88 2200 13400 0 0
89 2200 13200 0 0
90 2400 13200 0 0
91 2400 13000 0 0
92 2400 12800 0 0
93 2400 12600 0 0
94 2400 12400 0 0
95 2400 12200 0 0
96 2400 12000 0 0
97 2400 11800 0 0
98 2400 11600 0 0
99 2400 11400 0 0
100 2400 11200 0 0
101 2400 11000 0 0
102 2400 10800 0 0
103 2400 10600 0 0
104 2400 10400 0 0
105 2400 10200 0 0
106 2400 10000 0 0
107 2400 9800 0 0
108 2400 9600 0 0
109 2400 9400 0 0
110 2400 9200 0 0
111 2400 9000 0 0
112 2400 8800 0 0
113 2400 8600 0 0
114 2400 8400 0 0
115 2400 8200 0 0
116 2200 8200 0 0
117 2200 8000 0 0
118 2200 7800 0 0
119 2200 7600 0 0
120 2200 7400 0 0
121 2200 7200 0 0
122 2200 7000 0 0
123 2200 6800 0 0
124 2200 6600 0 0
125 2200 6400 0 0
126 2200 6200 0 0
127 2200 6000 0 0
128 2200 5800 0 0
129 2200 5600 0 0
130 2200 5400 0 0
131 2200 5200 0 0
132 2200 5000 0 0
133 2200 4800 0 0
134 2200 4600 0 0
135 2200 4400 0 0
136 2000 4400 0 0
137 2000 4200 0 0
138 2000 4000 0 0
139 2000 3800 0 0
140 2000 3600 0 0
141 2000 3400 0 0
142 2000 3200 0 0
143 2000 3000 0 0
144 2000 2800 0 0
145 2000 2600 0 0
146 2000 2400 0 0
147 2000 2200 0 0
148 2000 2000 0 0
149 2000 1800 0 0
150 2000 1600 0 0
151 2000 1400 0 0
152 2000 1200 0 0
153 2000 1000 0 0
154 2000 800 0 0
155 1800 800 0 0
