0 98 5 0 0
1 98 6 0 0
2 99 6 0 0
3 98 6 0 0
4 98 7 0 0
5 99 7 0 0
6 98 7 0 0
7 99 7 0 0
8 98 7 0 0
9 98 8 0 0
10 99 8 0 0
11 98 8 0 0
12 99 8 0 0
13 98 8 0 0
14 99 8 0 0
15 98 8 0 0
16 98 9 0 0
17 99 9 0 0
18 98 9 0 0
19 99 9 0 0
20 98 9 0 0
21 98 10 0 0
22 99 10 0 0
23 98 10 0 0
24 99 10 0 0
25 98 10 0 0
26 98 11 0 0
27 99 11 0 0
28 98 11 0 0
29 99 11 0 0
30 98 11 0 0
31 98 12 0 0
32 99 12 0 0
33 98 12 0 0
34 99 12 0 0
35 98 12 0 0
36 99 12 0 0
37 98 12 0 0
38 98 13 0 0
39 99 13 0 0
40 98 13 0 0
41 99 13 0 0
42 98 13 0 0
43 98 14 0 0
44 99 14 0 0
45 98 14 0 0
46 98 15 0 0
47 99 15 0 0
48 98 15 0 0
49 99 15 0 0
50 98 15 0 0
51 99 15 0 0
52 98 15 0 0
53 98 16 0 0
54 99 16 0 0
55 98 16 0 0
56 99 16 0 0
57 98 16 0 0
58 98 17 0 0
59 99 17 0 0
60 100 17 0 0
61 99 17 0 0
62 100 17 0 0
63 99 17 0 0
64 99 18 0 0
65 100 18 0 0
66 99 18 0 0
67 99 19 0 0
68 100 19 0 0
69 99 19 0 0
70 100 19 0 0
71 99 19 0 0
72 100 19 0 0
73 99 19 0 0
74 99 20 0 0
75 100 20 0 0
76 99 20 0 0
77 100 20 0 0
78 99 20 0 0
79 99 21 0 0
80 100 21 0 0
81 99 21 0 0
82 99 22 0 0
83 100 22 0 0
84 99 22 0 0
85 100 22 0 0
86 99 22 0 0
87 100 22 0 0
88 99 22 0 0
89 99 23 0 0
90 100 23 0 0
91 99 23 0 0
92 100 23 0 0
93 99 23 0 0
94 99 24 0 0
95 100 24 0 0
96 99 24 0 0
97 100 24 0 0
98 99 24 0 0
99 100 24 0 0
100 99 24 0 0
101 99 25 0 0
102 100 25 0 0
103 99 25 0 0
104 100 25 0 0
105 99 25 0 0
106 99 26 0 0
107 100 26 0 0
108 99 26 0 0
109 100 26 0 0
110 99 26 0 0
111 99 27 0 0
112 100 27 0 0
113 99 27 0 0
114 100 27 0 0
115 99 27 0 0
116 99 28 0 0
117 100 28 0 0
118 99 28 0 0
119 100 28 0 0
120 99 28 0 0
121 100 28 0 0
122 99 28 0 0
123 99 29 0 0
124 100 29 0 0
125 99 29 0 0
126 99 30 0 0
127 100 30 0 0
128 99 30 0 0
129 100 30 0 0
130 99 30 0 0
131 99 31 0 0
132 100 31 0 0
133 99 31 0 0
134 100 31 0 0
135 99 31 0 0
136 99 32 0 0
137 100 32 0 0
138 99 32 0 0
139 100 32 0 0
140 99 32 0 0
141 99 33 0 0
142 100 33 0 0
143 99 33 0 0
144 99 34 0 0
145 100 34 0 0
146 99 34 0 0
147 100 34 0 0
148 99 34 0 0
149 99 35 0 0
150 100 35 0 0
151 99 35 0 0
152 100 35 0 0
153 99 35 0 0
154 99 36 0 0
155 100 36 0 0
156 99 36 0 0
157 99 37 0 0
158 100 37 0 0
159 99 37 0 0
160 100 37 0 0
161 99 37 0 0
162 99 38 0 0
163 100 38 0 0
164 99 38 0 0
165 100 38 0 0
166 99 38 0 0
167 99 39 0 0
168 100 39 0 0
169 99 39 0 0
170 100 39 0 0
171 99 39 0 0
172 99 40 0 0
173 100 40 0 0
174 99 40 0 0
175 100 40 0 0
176 99 40 0 0
177 99 41 0 0
178 100 41 0 0
179 99 41 0 0
180 99 42 0 0
181 100 42 0 0
182 99 42 0 0
183 100 42 0 0
184 99 42 0 0
185 99 43 0 0
186 100 43 0 0
187 99 43 0 0
188 100 43 0 0
189 99 43 0 0
190 99 44 0 0
191 100 44 0 0
192 99 44 0 0
193 99 45 0 0
194 100 45 0 0
195 99 45 0 0
196 100 45 0 0
197 99 45 0 0
198 99 46 0 0
199 100 46 0 0
200 99 46 0 0
201 100 46 0 0
202 99 46 0 0
203 99 47 0 0
204 100 47 0 0
205 99 47 0 0
206 99 48 0 0
207 100 48 0 0
208 99 48 0 0
209 100 48 0 0
210 99 48 0 0
211 99 49 0 0
212 100 49 0 0
213 99 49 0 0
214 100 49 0 0
215 99 49 0 0
216 99 50 0 0
217 100 50 0 0
218 99 50 0 0
219 100 50 0 0
220 99 50 0 0
221 99 51 0 0
222 100 51 0 0
223 99 51 0 0
224 100 51 0 0
225 99 51 0 0
226 99 52 0 0
227 100 52 0 0
228 99 52 0 0
229 99 53 0 0
230 100 53 0 0
231 99 53 0 0
232 100 53 0 0
233 99 53 0 0
234 99 54 0 0
235 100 54 0 0
236 99 54 0 0
237 100 54 0 0
238 99 54 0 0
239 100 54 0 0
240 99 54 0 0
241 99 55 0 0
242 100 55 0 0
243 99 55 0 0
244 99 56 0 0
245 100 56 0 0
246 99 56 0 0
247 100 56 0 0
248 99 56 0 0
249 99 57 0 0
250 100 57 0 0
251 99 57 0 0
252 100 57 0 0
253 99 57 0 0
254 99 58 0 0
255 100 58 0 0
256 99 58 0 0
257 100 58 0 0
258 99 58 0 0
259 99 59 0 0
260 100 59 0 0
261 99 59 0 0
262 99 60 0 0
263 100 60 0 0
264 99 60 0 0
265 100 60 0 0
266 99 60 0 0
267 99 61 0 0
268 100 61 0 0
269 99 61 0 0
270 100 61 0 0
271 99 61 0 0
272 99 62 0 0
273 100 62 0 0
274 99 62 0 0
275 99 63 0 0
276 100 63 0 0
277 99 63 0 0
278 100 63 0 0
279 99 63 0 0
280 99 64 0 0
281 100 64 0 0
282 99 64 0 0
283 100 64 0 0
284 99 64 0 0
285 99 65 0 0
286 100 65 0 0
287 99 65 0 0
288 100 65 0 0
289 99 65 0 0
290 99 66 0 0
291 100 66 0 0
292 99 66 0 0
293 100 66 0 0
294 99 66 0 0
295 99 67 0 0
296 100 67 0 0
297 99 67 0 0
298 99 68 0 0
299 100 68 0 0
300 99 68 0 0
301 100 68 0 0
302 99 68 0 0
303 99 69 0 0
304 100 69 0 0
305 99 69 0 0
306 100 69 0 0
307 99 69 0 0
308 99 70 0 0
309 100 70 0 0
310 99 70 0 0
311 99 71 0 0
312 100 71 0 0
313 99 71 0 0
314 100 71 0 0
315 99 71 0 0
316 99 72 0 0
317 100 72 0 0
318 99 72 0 0
319 100 72 0 0
320 99 72 0 0
321 99 73 0 0
322 100 73 0 0
323 99 73 0 0
324 100 73 0 0
325 99 73 0 0
326 99 74 0 0
327 100 74 0 0
328 99 74 0 0
329 99 75 0 0
330 100 75 0 0
331 99 75 0 0
332 100 75 0 0
333 99 75 0 0
334 99 76 0 0
335 100 76 0 0
336 99 76 0 0
337 100 76 0 0
338 99 76 0 0
339 99 77 0 0
340 100 77 0 0
341 99 77 0 0
342 100 77 0 0
343 99 77 0 0
344 99 78 0 0
345 100 78 0 0
346 99 78 0 0
347 99 79 0 0
348 100 79 0 0
349 99 79 0 0
350 100 79 0 0
351 99 79 0 0
352 100 79 0 0
353 99 79 0 0
354 99 80 0 0
355 100 80 0 0
356 99 80 0 0
357 100 80 0 0
358 100 81 0 0
359 101 81 0 0
360 100 81 0 0
361 101 81 0 0
362 100 81 0 0
363 100 82 0 0
364 101 82 0 0
365 100 82 0 0
366 100 83 0 0
367 101 83 0 0
368 100 83 0 0
369 101 83 0 0
370 101 84 0 0
371 102 84 0 0
372 101 84 0 0
373 102 84 0 0
374 101 84 0 0
375 101 85 0 0
376 102 85 0 0
377 101 85 0 0
378 101 86 0 0
379 102 86 0 0
380 103 86 0 0
381 102 86 0 0
382 102 87 0 0
383 103 87 0 0
384 102 87 0 0
385 103 87 0 0
386 102 87 0 0
387 102 88 0 0
388 103 88 0 0
389 102 88 0 0
390 103 88 0 0
391 103 89 0 0
392 104 89 0 0
393 103 89 0 0
394 103 90 0 0
395 104 90 0 0
396 103 90 0 0
397 104 90 0 0
398 103 90 0 0
399 104 90 0 0
400 103 90 0 0
401 103 91 0 0
402 104 91 0 0
403 105 91 0 0
404 104 91 0 0
405 104 92 0 0
406 105 92 0 0
407 104 92 0 0
408 105 92 0 0
409 104 92 0 0
410 104 93 0 0
411 105 93 0 0
412 106 93 0 0
413 105 93 0 0
414 106 93 0 0
415 105 93 0 0
416 105 94 0 0
417 106 94 0 0
418 105 94 0 0
419 105 95 0 0
420 106 95 0 0
421 105 95 0 0
422 106 95 0 0
423 107 95 0 0
424 106 95 0 0
425 106 96 0 0
426 107 96 0 0
427 106 96 0 0
428 107 96 0 0
429 106 96 0 0
430 107 96 0 0
431 106 96 0 0
432 106 97 0 0
433 107 97 0 0
434 107 98 0 0
435 108 98 0 0
436 107 98 0 0
437 108 98 0 0
438 107 98 0 0
439 108 98 0 0
440 107 98 0 0
441 107 99 0 0
442 108 99 0 0
443 107 99 0 0
444 108 99 0 0
445 108 100 0 0
446 109 100 0 0
447 108 100 0 0
448 109 100 0 0
449 108 100 0 0
450 108 101 0 0
451 109 101 0 0
452 108 101 0 0
453 109 101 0 0
454 110 101 0 0
455 109 101 0 0
456 109 102 0 0
457 110 102 0 0
458 109 102 0 0
459 110 102 0 0
460 109 102 0 0
461 109 103 0 0
462 110 103 0 0
463 109 103 0 0
464 110 103 0 0
465 111 103 0 0
466 110 103 0 0
467 110 104 0 0
468 111 104 0 0
469 110 104 0 0
470 110 105 0 0
471 111 105 0 0
472 110 105 0 0
473 111 105 0 0
474 110 105 0 0
475 111 105 0 0
476 110 105 0 0
477 110 106 0 0
478 111 106 0 0
479 110 106 0 0
480 111 106 0 0
481 111 107 0 0
482 112 107 0 0
483 111 107 0 0
484 112 107 0 0
485 111 107 0 0
486 111 108 0 0
487 112 108 0 0
488 111 108 0 0
489 111 109 0 0
490 112 109 0 0
491 111 109 0 0
492 112 109 0 0
493 111 109 0 0
494 111 110 0 0
495 112 110 0 0
496 111 110 0 0
497 112 110 0 0
498 111 110 0 0
499 112 110 0 0
500 111 110 0 0
501 111 111 0 0
502 112 111 0 0
503 111 111 0 0
504 112 111 0 0
505 111 111 0 0
506 111 112 0 0
507 112 112 0 0
508 111 112 0 0
509 111 113 0 0
510 112 113 0 0
511 113 113 0 0
512 112 113 0 0
513 112 114 0 0
514 113 114 0 0
515 112 114 0 0
516 113 114 0 0
517 112 114 0 0
518 112 115 0 0
519 113 115 0 0
520 112 115 0 0
521 113 115 0 0
522 112 115 0 0
523 113 115 0 0
524 112 115 0 0
525 112 116 0 0
526 113 116 0 0
527 112 116 0 0
528 112 117 0 0
529 113 117 0 0
530 112 117 0 0
531 113 117 0 0
532 113 118 0 0
533 114 118 0 0
534 113 118 0 0
535 114 118 0 0
536 113 118 0 0
537 113 119 0 0
538 114 119 0 0
539 113 119 0 0
540 113 120 0 0
541 114 120 0 0
542 113 120 0 0
543 114 120 0 0
544 113 120 0 0
545 114 120 0 0
546 113 120 0 0
547 113 121 0 0
548 114 121 0 0
549 113 121 0 0
550 114 121 0 0
551 113 121 0 0
552 113 122 0 0
553 114 122 0 0
554 113 122 0 0
555 114 122 0 0
556 113 122 0 0
557 113 123 0 0
558 114 123 0 0
559 113 123 0 0
560 113 124 0 0
561 114 124 0 0
562 113 124 0 0
563 114 124 0 0
564 114 125 0 0
565 115 125 0 0
566 114 125 0 0
567 115 125 0 0
568 114 125 0 0
569 115 125 0 0
570 114 125 0 0
571 114 126 0 0
572 115 126 0 0
573 114 126 0 0
574 114 127 0 0
575 115 127 0 0
576 114 127 0 0
577 115 127 0 0
578 114 127 0 0
579 114 128 0 0
580 115 128 0 0
581 114 128 0 0
582 115 128 0 0
583 114 128 0 0
584 114 129 0 0
585 115 129 0 0
586 116 129 0 0
587 115 129 0 0
588 115 130 0 0
589 116 130 0 0
590 115 130 0 0
591 115 131 0 0
592 116 131 0 0
593 115 131 0 0
594 116 131 0 0
595 115 131 0 0
596 116 131 0 0
597 115 131 0 0
598 115 132 0 0
599 114 132 0 0
600 115 132 0 0
601 114 132 0 0
602 114 133 0 0
603 115 133 0 0
604 114 133 0 0
605 115 133 0 0
606 114 133 0 0
607 114 134 0 0
608 113 134 0 0
609 114 134 0 0
610 113 134 0 0
611 113 135 0 0
612 114 135 0 0
613 113 135 0 0
614 114 135 0 0
615 113 135 0 0
616 113 136 0 0
617 114 136 0 0
618 113 136 0 0
619 114 136 0 0
620 113 136 0 0
621 113 137 0 0
622 112 137 0 0
623 113 137 0 0
624 112 137 0 0
625 113 137 0 0
626 112 137 0 0
627 112 138 0 0
628 113 138 0 0
629 112 138 0 0
630 112 139 0 0
631 111 139 0 0
632 112 139 0 0
633 111 139 0 0
634 111 140 0 0
635 112 140 0 0
636 111 140 0 0
637 112 140 0 0
638 111 140 0 0
639 111 141 0 0
640 112 141 0 0
641 111 141 0 0
642 112 141 0 0
643 111 141 0 0
644 110 141 0 0
645 110 142 0 0
646 111 142 0 0
647 110 142 0 0
648 110 143 0 0
649 111 143 0 0
650 110 143 0 0
651 111 143 0 0
652 110 143 0 0
653 110 144 0 0
654 111 144 0 0
655 110 144 0 0
656 109 144 0 0
657 110 144 0 0
658 109 144 0 0
659 109 145 0 0
660 110 145 0 0
661 109 145 0 0
662 109 146 0 0
663 110 146 0 0
664 109 146 0 0
665 108 146 0 0
666 108 147 0 0
667 109 147 0 0
668 108 147 0 0
669 109 147 0 0
670 108 147 0 0
671 108 148 0 0
672 109 148 0 0
673 108 148 0 0
674 109 148 0 0
675 108 148 0 0
676 109 148 0 0
677 108 148 0 0
678 108 149 0 0
679 107 149 0 0
680 107 150 0 0
681 108 150 0 0
682 107 150 0 0
683 108 150 0 0
684 107 150 0 0
685 107 151 0 0
686 108 151 0 0
687 107 151 0 0
688 108 151 0 0
689 107 151 0 0
690 108 151 0 0
691 107 151 0 0
692 107 152 0 0
693 106 152 0 0
694 107 152 0 0
695 106 152 0 0
696 106 153 0 0
697 107 153 0 0
698 106 153 0 0
699 106 154 0 0
700 107 154 0 0
701 106 154 0 0
702 105 154 0 0
703 105 155 0 0
704 106 155 0 0
705 105 155 0 0
706 106 155 0 0
707 105 155 0 0
708 106 155 0 0
709 105 155 0 0
710 105 156 0 0
711 106 156 0 0
712 105 156 0 0
713 104 156 0 0
714 104 157 0 0
715 105 157 0 0
716 104 157 0 0
717 104 158 0 0
718 105 158 0 0
719 104 158 0 0
720 105 158 0 0
721 104 158 0 0
722 105 158 0 0
723 104 158 0 0
724 104 159 0 0
725 103 159 0 0
726 104 159 0 0
727 103 159 0 0
728 103 160 0 0
729 104 160 0 0
730 103 160 0 0
731 103 161 0 0
732 104 161 0 0
733 103 161 0 0
734 104 161 0 0
735 103 161 0 0
736 103 162 0 0
737 102 162 0 0
738 103 162 0 0
739 102 162 0 0
740 103 162 0 0
741 102 162 0 0
742 102 163 0 0
743 103 163 0 0
744 102 163 0 0
745 103 163 0 0
746 102 163 0 0
747 102 164 0 0
748 101 164 0 0
749 101 165 0 0
750 102 165 0 0
751 101 165 0 0
752 102 165 0 0
753 101 165 0 0
754 101 166 0 0
755 100 166 0 0
756 101 166 0 0
757 100 166 0 0
758 100 167 0 0
759 101 167 0 0
760 100 167 0 0
761 101 167 0 0
762 100 167 0 0
763 100 168 0 0
764 99 168 0 0
765 99 169 0 0
766 100 169 0 0
767 99 169 0 0
768 100 169 0 0
769 99 169 0 0
770 99 170 0 0
771 98 170 0 0
772 99 170 0 0
773 98 170 0 0
774 98 171 0 0
775 99 171 0 0
776 98 171 0 0
777 98 172 0 0
778 99 172 0 0
779 98 172 0 0
780 97 172 0 0
781 97 173 0 0
782 98 173 0 0
783 97 173 0 0
784 98 173 0 0
785 97 173 0 0
786 97 174 0 0
787 98 174 0 0
788 97 174 0 0
789 96 174 0 0
790 96 175 0 0
791 97 175 0 0
792 96 175 0 0
793 97 175 0 0
794 96 175 0 0
795 96 176 0 0
796 97 176 0 0
797 96 176 0 0
798 96 177 0 0
799 95 177 0 0
800 96 177 0 0
801 95 177 0 0
802 95 178 0 0
803 96 178 0 0
804 95 178 0 0
805 96 178 0 0
806 95 178 0 0
807 95 179 0 0
808 94 179 0 0
809 94 180 0 0
810 95 180 0 0
811 94 180 0 0
812 95 180 0 0
813 94 180 0 0
814 94 181 0 0
815 93 181 0 0
816 94 181 0 0
817 93 181 0 0
818 93 182 0 0
819 94 182 0 0
820 93 182 0 0
821 94 182 0 0
822 93 182 0 0
823 93 183 0 0
824 92 183 0 0
825 92 184 0 0
826 93 184 0 0
827 92 184 0 0
828 93 184 0 0
829 92 184 0 0
830 92 185 0 0
831 93 185 0 0
832 92 185 0 0
833 93 185 0 0
834 92 185 0 0
835 92 186 0 0
836 93 186 0 0
837 92 186 0 0
838 92 187 0 0
839 93 187 0 0
840 92 187 0 0
841 93 187 0 0
842 92 187 0 0
843 92 188 0 0
844 93 188 0 0
845 92 188 0 0
846 93 188 0 0
847 92 188 0 0
848 92 189 0 0
849 93 189 0 0
850 92 189 0 0
851 93 189 0 0
852 92 189 0 0
853 92 190 0 0
854 93 190 0 0
855 92 190 0 0
856 92 191 0 0
857 93 191 0 0
858 92 191 0 0
859 93 191 0 0
860 92 191 0 0
861 92 192 0 0
862 93 192 0 0
863 92 192 0 0
864 93 192 0 0
865 92 192 0 0
866 92 193 0 0
867 93 193 0 0
868 92 193 0 0
869 93 193 0 0
870 92 193 0 0
871 92 194 0 0
872 93 194 0 0
873 92 194 0 0
874 92 195 0 0
875 93 195 0 0
876 92 195 0 0
877 93 195 0 0
878 92 195 0 0
879 93 195 0 0
880 92 195 0 0
881 92 196 0 0
882 93 196 0 0
883 92 196 0 0
884 93 196 0 0
885 92 196 0 0
886 92 197 0 0
887 93 197 0 0
888 92 197 0 0
889 93 197 0 0
890 92 197 0 0
891 92 198 0 0
892 93 198 0 0
893 92 198 0 0
894 92 199 0 0
895 93 199 0 0
896 92 199 0 0
897 93 199 0 0
898 92 199 0 0
899 92 200 0 0
900 93 200 0 0
901 92 200 0 0
902 93 200 0 0
903 92 200 0 0
904 92 201 0 0
905 93 201 0 0
906 92 201 0 0
907 93 201 0 0
908 92 201 0 0
909 92 202 0 0
910 93 202 0 0
911 92 202 0 0
912 92 203 0 0
913 93 203 0 0
914 92 203 0 0
915 93 203 0 0
916 92 203 0 0
917 92 204 0 0
918 93 204 0 0
919 92 204 0 0
920 93 204 0 0
921 92 204 0 0
922 93 204 0 0
923 92 204 0 0
924 92 205 0 0
925 93 205 0 0
926 92 205 0 0
927 92 206 0 0
928 93 206 0 0
929 92 206 0 0
930 93 206 0 0
931 92 206 0 0
932 92 207 0 0
933 93 207 0 0
934 94 207 0 0
935 93 207 0 0
936 93 208 0 0
937 94 208 0 0
938 93 208 0 0
939 94 208 0 0
940 93 208 0 0
941 93 209 0 0
942 94 209 0 0
943 93 209 0 0
944 93 210 0 0
945 94 210 0 0
946 93 210 0 0
947 94 210 0 0
948 93 210 0 0
949 93 211 0 0
950 94 211 0 0
951 93 211 0 0
952 94 211 0 0
953 93 211 0 0
954 93 212 0 0
955 94 212 0 0
956 93 212 0 0
957 94 212 0 0
958 93 212 0 0
959 93 213 0 0
960 94 213 0 0
961 93 213 0 0
962 93 214 0 0
963 94 214 0 0
964 93 214 0 0
965 94 214 0 0
966 93 214 0 0
967 94 214 0 0
968 93 214 0 0
969 93 215 0 0
970 94 215 0 0
971 93 215 0 0
972 93 216 0 0
973 94 216 0 0
974 93 216 0 0
975 94 216 0 0
976 93 216 0 0
977 93 217 0 0
978 94 217 0 0
979 93 217 0 0
980 93 218 0 0
981 94 218 0 0
982 93 218 0 0
983 94 218 0 0
984 93 218 0 0
985 93 219 0 0
986 94 219 0 0
987 93 219 0 0
988 94 219 0 0
989 93 219 0 0
990 93 220 0 0
991 94 220 0 0
992 93 220 0 0
993 93 221 0 0
994 94 221 0 0
995 93 221 0 0
996 94 221 0 0
997 94 222 0 0
998 95 222 0 0
999 94 222 0 0
1000 95 222 0 0
1001 94 222 0 0
1002 94 223 0 0
1003 95 223 0 0
1004 94 223 0 0
1005 95 223 0 0
1006 94 223 0 0
1007 94 224 0 0
1008 95 224 0 0
1009 94 224 0 0
1010 94 225 0 0
1011 95 225 0 0
1012 94 225 0 0
1013 95 225 0 0
1014 94 225 0 0
1015 94 226 0 0
1016 95 226 0 0
1017 94 226 0 0
1018 95 226 0 0
1019 94 226 0 0
1020 94 227 0 0
1021 95 227 0 0
1022 94 227 0 0
1023 95 227 0 0
1024 95 228 0 0
1025 96 228 0 0
1026 95 228 0 0
1027 95 229 0 0
1028 96 229 0 0
1029 95 229 0 0
1030 95 230 0 0
1031 96 230 0 0
1032 95 230 0 0
1033 96 230 0 0
1034 95 230 0 0
1035 95 231 0 0
1036 96 231 0 0
1037 95 231 0 0
1038 96 231 0 0
1039 95 231 0 0
1040 95 232 0 0
1041 96 232 0 0
1042 95 232 0 0
1043 95 233 0 0
1044 96 233 0 0
1045 95 233 0 0
1046 96 233 0 0
1047 95 233 0 0
1048 95 234 0 0
1049 96 234 0 0
1050 95 234 0 0
1051 96 234 0 0
1052 95 234 0 0
1053 95 235 0 0
1054 96 235 0 0
1055 95 235 0 0
1056 95 236 0 0
1057 96 236 0 0
1058 95 236 0 0
1059 96 236 0 0
1060 96 237 0 0
1061 97 237 0 0
1062 96 237 0 0
1063 97 237 0 0
1064 96 237 0 0
1065 96 238 0 0
1066 97 238 0 0
1067 96 238 0 0
1068 97 238 0 0
1069 96 238 0 0
1070 96 239 0 0
1071 97 239 0 0
1072 96 239 0 0
1073 96 240 0 0
1074 97 240 0 0
1075 96 240 0 0
1076 97 240 0 0
1077 96 240 0 0
1078 96 241 0 0
1079 97 241 0 0
1080 96 241 0 0
1081 97 241 0 0
1082 96 241 0 0
1083 96 242 0 0
1084 97 242 0 0
1085 96 242 0 0
1086 97 242 0 0
1087 96 242 0 0
1088 96 243 0 0
1089 97 243 0 0
1090 96 243 0 0
1091 96 244 0 0
1092 97 244 0 0
1093 96 244 0 0
1094 96 245 0 0
1095 97 245 0 0
1096 96 245 0 0
1097 97 245 0 0
1098 96 245 0 0
1099 96 246 0 0
1100 97 246 0 0
1101 96 246 0 0
1102 96 247 0 0
1103 97 247 0 0
1104 98 247 0 0
1105 97 247 0 0
1106 97 248 0 0
1107 98 248 0 0
1108 97 248 0 0
1109 97 249 0 0
1110 98 249 0 0
1111 97 249 0 0
1112 98 249 0 0
1113 97 249 0 0
1114 97 250 0 0
1115 98 250 0 0
1116 97 250 0 0
1117 97 251 0 0
1118 98 251 0 0
1119 97 251 0 0
1120 98 251 0 0
1121 97 251 0 0
1122 97 252 0 0
1123 98 252 0 0
1124 97 252 0 0
1125 97 253 0 0
1126 98 253 0 0
1127 97 253 0 0
1128 98 253 0 0
1129 97 253 0 0
1130 97 254 0 0
1131 98 254 0 0
1132 97 254 0 0
1133 97 255 0 0
1134 98 255 0 0
1135 97 255 0 0
1136 98 255 0 0
1137 97 255 0 0
1138 97 256 0 0
1139 98 256 0 0
1140 97 256 0 0
1141 97 257 0 0
1142 98 257 0 0
1143 97 257 0 0
1144 98 257 0 0
1145 97 257 0 0
1146 97 258 0 0
1147 98 258 0 0
