0 99 7 0 0
1 99 8 0 0
2 100 8 0 0
3 99 8 0 0
4 99 9 0 0
5 100 9 0 0
6 99 9 0 0
7 99 10 0 0
8 100 10 0 0
9 99 10 0 0
10 100 10 0 0
11 99 10 0 0
12 99 11 0 0
13 100 11 0 0
14 99 11 0 0
15 100 11 0 0
16 99 11 0 0
17 99 12 0 0
18 100 12 0 0
19 99 12 0 0
20 99 13 0 0
21 100 13 0 0
22 99 13 0 0
23 100 13 0 0
24 99 13 0 0
25 99 14 0 0
26 100 14 0 0
27 99 14 0 0
28 99 15 0 0
29 100 15 0 0
30 99 15 0 0
31 100 15 0 0
32 99 15 0 0
33 99 16 0 0
34 100 16 0 0
35 99 16 0 0
36 99 17 0 0
37 100 17 0 0
38 99 17 0 0
39 100 17 0 0
40 99 17 0 0
41 99 18 0 0
42 100 18 0 0
43 99 18 0 0
44 100 18 0 0
45 99 18 0 0
46 99 19 0 0
47 100 19 0 0
48 99 19 0 0
49 100 19 0 0
50 99 19 0 0
51 99 20 0 0
52 99 21 0 0
53 100 21 0 0
54 99 21 0 0
55 100 21 0 0
56 99 21 0 0
57 99 22 0 0
58 100 22 0 0
59 99 22 0 0
60 100 22 0 0
61 99 22 0 0
62 99 23 0 0
63 100 23 0 0
64 99 23 0 0
65 99 24 0 0
66 100 24 0 0
67 99 24 0 0
68 100 24 0 0
69 99 24 0 0
70 99 25 0 0
71 100 25 0 0
72 99 25 0 0
73 100 25 0 0
74 99 25 0 0
75 99 26 0 0
76 100 26 0 0
77 99 26 0 0
78 99 27 0 0
79 100 27 0 0
80 99 27 0 0
81 99 28 0 0
82 100 28 0 0
83 99 28 0 0
84 100 28 0 0
85 99 28 0 0
86 99 29 0 0
87 100 29 0 0
88 99 29 0 0
89 100 29 0 0
90 99 29 0 0
91 99 30 0 0
92 100 30 0 0
93 99 30 0 0
94 100 30 0 0
95 99 30 0 0
96 99 31 0 0
97 100 31 0 0
98 99 31 0 0
99 99 32 0 0
100 100 32 0 0
101 99 32 0 0
102 99 33 0 0
103 100 33 0 0
104 99 33 0 0
105 100 33 0 0
106 99 33 0 0
107 99 34 0 0
108 100 34 0 0
109 99 34 0 0
110 100 34 0 0
111 99 34 0 0
112 99 35 0 0
113 100 35 0 0
114 99 35 0 0
115 99 36 0 0
116 100 36 0 0
117 99 36 0 0
118 100 36 0 0
119 99 36 0 0
120 99 37 0 0
121 100 37 0 0
122 99 37 0 0
123 100 37 0 0
124 99 37 0 0
125 99 38 0 0
126 100 38 0 0
127 99 38 0 0
128 99 39 0 0
129 100 39 0 0
130 99 39 0 0
131 99 40 0 0
132 100 40 0 0
133 99 40 0 0
134 100 40 0 0
135 99 40 0 0
136 99 41 0 0
137 100 41 0 0
138 99 41 0 0
139 100 41 0 0
140 99 41 0 0
141 99 42 0 0
142 100 42 0 0
143 99 42 0 0
144 99 43 0 0
145 100 43 0 0
146 99 43 0 0
147 100 43 0 0
148 99 43 0 0
149 99 44 0 0
150 100 44 0 0
151 99 44 0 0
152 100 44 0 0
153 99 44 0 0
154 99 45 0 0
155 100 45 0 0
156 99 45 0 0
157 99 46 0 0
158 100 46 0 0
159 99 46 0 0
160 99 47 0 0
161 100 47 0 0
162 99 47 0 0
163 100 47 0 0
164 99 47 0 0
165 99 48 0 0
166 100 48 0 0
167 99 48 0 0
168 100 48 0 0
169 99 48 0 0
170 99 49 0 0
171 100 49 0 0
172 99 49 0 0
173 100 49 0 0
174 99 49 0 0
175 99 50 0 0
176 100 50 0 0
177 99 50 0 0
178 99 51 0 0
179 100 51 0 0
180 99 51 0 0
181 99 52 0 0
182 100 52 0 0
183 99 52 0 0
184 100 52 0 0
185 99 52 0 0
186 99 53 0 0
187 100 53 0 0
188 99 53 0 0
189 99 54 0 0
190 100 54 0 0
191 99 54 0 0
192 100 54 0 0
193 99 54 0 0
194 99 55 0 0
195 100 55 0 0
196 99 55 0 0
197 100 55 0 0
198 99 55 0 0
199 99 56 0 0
200 100 56 0 0
201 99 56 0 0
202 100 56 0 0
203 99 56 0 0
204 99 57 0 0
205 99 58 0 0
206 100 58 0 0
207 99 58 0 0
208 100 58 0 0
209 99 58 0 0
210 99 59 0 0
211 100 59 0 0
212 99 59 0 0
213 100 59 0 0
214 99 59 0 0
215 99 60 0 0
216 100 60 0 0
217 99 60 0 0
218 100 60 0 0
219 99 60 0 0
220 99 61 0 0
221 100 61 0 0
222 99 61 0 0
223 99 62 0 0
224 100 62 0 0
225 99 62 0 0
226 100 62 0 0
227 99 62 0 0
228 99 63 0 0
229 100 63 0 0
230 99 63 0 0
231 100 63 0 0
232 99 63 0 0
233 99 64 0 0
234 100 64 0 0
235 99 64 0 0
236 100 64 0 0
237 99 64 0 0
238 99 65 0 0
239 100 65 0 0
240 99 65 0 0
241 99 66 0 0
242 100 66 0 0
243 99 66 0 0
244 100 66 0 0
245 99 66 0 0
246 99 67 0 0
247 100 67 0 0
248 99 67 0 0
249 100 67 0 0
250 100 68 0 0
251 101 68 0 0
252 100 68 0 0
253 100 69 0 0
254 101 69 0 0
255 100 69 0 0
256 101 69 0 0
257 100 69 0 0
258 100 70 0 0
259 101 70 0 0
260 100 70 0 0
261 101 70 0 0
262 100 70 0 0
263 100 71 0 0
264 101 71 0 0
265 100 71 0 0
266 101 71 0 0
267 101 72 0 0
268 102 72 0 0
269 101 72 0 0
270 101 73 0 0
271 102 73 0 0
272 101 73 0 0
273 102 73 0 0
274 101 73 0 0
275 101 74 0 0
276 102 74 0 0
277 101 74 0 0
278 102 74 0 0
279 101 74 0 0
280 101 75 0 0
281 102 75 0 0
282 101 75 0 0
283 102 75 0 0
284 101 75 0 0
285 101 76 0 0
286 102 76 0 0
287 102 77 0 0
288 103 77 0 0
289 102 77 0 0
290 103 77 0 0
291 102 77 0 0
292 102 78 0 0
293 103 78 0 0
294 102 78 0 0
295 103 78 0 0
296 102 78 0 0
297 102 79 0 0
298 103 79 0 0
299 102 79 0 0
300 102 80 0 0
301 103 80 0 0
302 102 80 0 0
303 103 80 0 0
304 103 81 0 0
305 104 81 0 0
306 103 81 0 0
307 104 81 0 0
308 103 81 0 0
309 103 82 0 0
310 104 82 0 0
311 103 82 0 0
312 104 82 0 0
313 103 82 0 0
314 103 83 0 0
315 104 83 0 0
316 103 83 0 0
317 103 84 0 0
318 104 84 0 0
319 103 84 0 0
320 104 84 0 0
321 103 84 0 0
322 103 85 0 0
323 104 85 0 0
324 105 85 0 0
325 104 85 0 0
326 104 86 0 0
327 105 86 0 0
328 104 86 0 0
329 105 86 0 0
330 104 86 0 0
331 104 87 0 0
332 105 87 0 0
333 104 87 0 0
334 105 87 0 0
335 104 87 0 0
336 104 88 0 0
337 105 88 0 0
338 104 88 0 0
339 104 89 0 0
340 105 89 0 0
341 104 89 0 0
342 105 89 0 0
343 104 89 0 0
344 104 90 0 0
345 105 90 0 0
346 106 90 0 0
347 105 90 0 0
348 105 91 0 0
349 106 91 0 0
350 105 91 0 0
351 105 92 0 0
352 106 92 0 0
353 105 92 0 0
354 106 92 0 0
355 105 92 0 0
356 105 93 0 0
357 106 93 0 0
358 105 93 0 0
359 106 93 0 0
360 106 94 0 0
361 107 94 0 0
362 106 94 0 0
363 106 95 0 0
364 107 95 0 0
365 106 95 0 0
366 107 95 0 0
367 106 95 0 0
368 106 96 0 0
369 107 96 0 0
370 106 96 0 0
371 107 96 0 0
372 106 96 0 0
373 106 97 0 0
374 107 97 0 0
375 106 97 0 0
376 107 97 0 0
377 106 97 0 0
378 106 98 0 0
379 107 98 0 0
380 108 98 0 0
381 107 98 0 0
382 107 99 0 0
383 108 99 0 0
384 107 99 0 0
385 107 100 0 0
386 108 100 0 0
387 107 100 0 0
388 108 100 0 0
389 107 100 0 0
390 107 101 0 0
391 108 101 0 0
392 107 101 0 0
393 108 101 0 0
394 108 102 0 0
395 109 102 0 0
396 108 102 0 0
397 108 103 0 0
398 109 103 0 0
399 108 103 0 0
400 109 103 0 0
401 108 103 0 0
402 108 104 0 0
403 109 104 0 0
404 108 104 0 0
405 109 104 0 0
406 109 105 0 0
407 110 105 0 0
408 109 105 0 0
409 110 105 0 0
410 109 105 0 0
411 110 105 0 0
412 109 105 0 0
413 109 106 0 0
414 110 106 0 0
415 109 106 0 0
416 109 107 0 0
417 110 107 0 0
418 109 107 0 0
419 110 107 0 0
420 109 107 0 0
421 109 108 0 0
422 110 108 0 0
423 111 108 0 0
424 110 108 0 0
425 110 109 0 0
426 111 109 0 0
427 110 109 0 0
428 111 109 0 0
429 110 109 0 0
430 110 110 0 0
431 111 110 0 0
432 110 110 0 0
433 110 111 0 0
434 111 111 0 0
435 112 111 0 0
436 111 111 0 0
437 111 112 0 0
438 112 112 0 0
439 111 112 0 0
440 112 112 0 0
441 111 112 0 0
442 111 113 0 0
443 112 113 0 0
444 111 113 0 0
445 112 113 0 0
446 111 113 0 0
447 111 114 0 0
448 112 114 0 0
449 113 114 0 0
450 112 114 0 0
451 112 115 0 0
452 111 115 0 0
453 112 115 0 0
454 111 115 0 0
455 111 116 0 0
456 112 116 0 0
457 111 116 0 0
458 112 116 0 0
459 111 116 0 0
460 111 117 0 0
461 112 117 0 0
462 111 117 0 0
463 111 118 0 0
464 112 118 0 0
465 111 118 0 0
466 112 118 0 0
467 111 118 0 0
468 112 118 0 0
469 111 118 0 0
470 111 119 0 0
471 112 119 0 0
472 111 119 0 0
473 111 120 0 0
474 112 120 0 0
475 111 120 0 0
476 112 120 0 0
477 111 120 0 0
478 111 121 0 0
479 112 121 0 0
480 111 121 0 0
481 112 121 0 0
482 111 121 0 0
483 111 122 0 0
484 112 122 0 0
485 111 122 0 0
486 112 122 0 0
487 111 122 0 0
488 111 123 0 0
489 112 123 0 0
490 111 123 0 0
491 112 123 0 0
492 111 123 0 0
493 111 124 0 0
494 112 124 0 0
495 111 124 0 0
496 112 124 0 0
497 111 124 0 0
498 111 125 0 0
499 112 125 0 0
500 111 125 0 0
501 112 125 0 0
502 111 125 0 0
503 111 126 0 0
504 112 126 0 0
505 111 126 0 0
506 111 127 0 0
507 112 127 0 0
508 111 127 0 0
509 112 127 0 0
510 111 127 0 0
511 111 128 0 0
512 112 128 0 0
513 111 128 0 0
514 112 128 0 0
515 111 128 0 0
516 111 129 0 0
517 112 129 0 0
518 111 129 0 0
519 112 129 0 0
520 111 129 0 0
521 111 130 0 0
522 112 130 0 0
523 111 130 0 0
524 112 130 0 0
525 111 130 0 0
526 111 131 0 0
527 112 131 0 0
528 111 131 0 0
529 112 131 0 0
530 111 131 0 0
531 111 132 0 0
532 112 132 0 0
533 111 132 0 0
534 111 133 0 0
535 112 133 0 0
536 111 133 0 0
537 112 133 0 0
538 111 133 0 0
539 112 133 0 0
540 111 133 0 0
541 111 134 0 0
542 112 134 0 0
543 111 134 0 0
544 111 135 0 0
545 112 135 0 0
546 111 135 0 0
547 112 135 0 0
548 111 135 0 0
549 111 136 0 0
550 112 136 0 0
551 111 136 0 0
552 112 136 0 0
553 111 136 0 0
554 111 137 0 0
555 112 137 0 0
556 111 137 0 0
557 112 137 0 0
558 111 137 0 0
559 111 138 0 0
560 112 138 0 0
561 111 138 0 0
562 112 138 0 0
563 111 138 0 0
564 111 139 0 0
565 112 139 0 0
566 111 139 0 0
567 111 140 0 0
568 112 140 0 0
569 111 140 0 0
570 112 140 0 0
571 111 140 0 0
572 112 140 0 0
573 111 140 0 0
574 111 141 0 0
575 112 141 0 0
576 111 141 0 0
577 112 141 0 0
578 111 141 0 0
579 111 142 0 0
580 112 142 0 0
581 111 142 0 0
582 111 143 0 0
583 112 143 0 0
584 111 143 0 0
585 112 143 0 0
586 111 143 0 0
587 111 144 0 0
588 112 144 0 0
589 111 144 0 0
590 112 144 0 0
591 111 144 0 0
592 111 145 0 0
593 112 145 0 0
594 111 145 0 0
595 112 145 0 0
596 111 145 0 0
597 111 146 0 0
598 112 146 0 0
599 111 146 0 0
600 112 146 0 0
601 111 146 0 0
602 111 147 0 0
603 112 147 0 0
604 111 147 0 0
605 111 148 0 0
606 112 148 0 0
607 111 148 0 0
608 112 148 0 0
609 111 148 0 0
610 112 148 0 0
611 111 148 0 0
612 111 149 0 0
613 112 149 0 0
614 111 149 0 0
615 111 150 0 0
616 112 150 0 0
617 111 150 0 0
618 112 150 0 0
619 111 150 0 0
620 111 151 0 0
621 112 151 0 0
622 111 151 0 0
623 112 151 0 0
624 111 151 0 0
625 111 152 0 0
626 112 152 0 0
627 111 152 0 0
628 110 152 0 0
629 110 153 0 0
630 111 153 0 0
631 110 153 0 0
632 111 153 0 0
633 110 153 0 0
634 110 154 0 0
635 111 154 0 0
636 110 154 0 0
637 111 154 0 0
638 110 154 0 0
639 110 155 0 0
640 111 155 0 0
641 110 155 0 0
642 109 155 0 0
643 109 156 0 0
644 110 156 0 0
645 109 156 0 0
646 110 156 0 0
647 109 156 0 0
648 110 156 0 0
649 109 156 0 0
650 109 157 0 0
651 110 157 0 0
652 109 157 0 0
653 108 157 0 0
654 109 157 0 0
655 108 157 0 0
656 108 158 0 0
657 109 158 0 0
658 108 158 0 0
659 109 158 0 0
660 108 158 0 0
661 108 159 0 0
662 109 159 0 0
663 108 159 0 0
664 108 160 0 0
665 109 160 0 0
666 108 160 0 0
667 107 160 0 0
668 108 160 0 0
669 107 160 0 0
670 107 161 0 0
671 108 161 0 0
672 107 161 0 0
673 108 161 0 0
674 107 161 0 0
675 108 161 0 0
676 107 161 0 0
677 107 162 0 0
678 108 162 0 0
679 107 162 0 0
680 107 163 0 0
681 106 163 0 0
682 107 163 0 0
683 106 163 0 0
684 107 163 0 0
685 106 163 0 0
686 106 164 0 0
687 107 164 0 0
688 106 164 0 0
689 107 164 0 0
690 106 164 0 0
691 106 165 0 0
692 105 165 0 0
693 106 165 0 0
694 105 165 0 0
695 106 165 0 0
696 105 165 0 0
697 105 166 0 0
698 106 166 0 0
699 105 166 0 0
700 106 166 0 0
701 105 166 0 0
702 105 167 0 0
703 106 167 0 0
704 105 167 0 0
705 106 167 0 0
706 105 167 0 0
707 106 167 0 0
708 105 167 0 0
709 105 168 0 0
710 106 168 0 0
711 105 168 0 0
712 106 168 0 0
713 105 168 0 0
714 106 168 0 0
715 105 168 0 0
716 106 168 0 0
717 105 168 0 0
718 105 169 0 0
719 106 169 0 0
720 105 169 0 0
721 105 170 0 0
722 106 170 0 0
723 105 170 0 0
724 106 170 0 0
725 105 170 0 0
726 106 170 0 0
727 105 170 0 0
728 106 170 0 0
729 105 170 0 0
730 105 171 0 0
731 106 171 0 0
732 105 171 0 0
733 106 171 0 0
734 105 171 0 0
735 106 171 0 0
736 105 171 0 0
737 105 172 0 0
738 106 172 0 0
739 105 172 0 0
740 106 172 0 0
741 105 172 0 0
742 106 172 0 0
743 105 172 0 0
744 105 173 0 0
745 106 173 0 0
746 105 173 0 0
747 106 173 0 0
748 105 173 0 0
749 106 173 0 0
750 105 173 0 0
751 106 173 0 0
752 105 173 0 0
753 105 174 0 0
754 106 174 0 0
755 105 174 0 0
756 105 175 0 0
757 106 175 0 0
758 105 175 0 0
759 106 175 0 0
760 105 175 0 0
761 106 175 0 0
762 105 175 0 0
763 106 175 0 0
764 105 175 0 0
765 105 176 0 0
766 106 176 0 0
767 105 176 0 0
768 106 176 0 0
769 105 176 0 0
770 106 176 0 0
771 105 176 0 0
772 105 177 0 0
773 106 177 0 0
774 105 177 0 0
775 106 177 0 0
776 105 177 0 0
777 105 178 0 0
778 106 178 0 0
779 105 178 0 0
780 106 178 0 0
781 105 178 0 0
782 104 178 0 0
783 104 179 0 0
784 105 179 0 0
785 104 179 0 0
786 105 179 0 0
787 104 179 0 0
788 105 179 0 0
789 104 179 0 0
790 104 180 0 0
791 105 180 0 0
792 104 180 0 0
793 105 180 0 0
794 104 180 0 0
795 105 180 0 0
796 104 180 0 0
797 105 180 0 0
798 104 180 0 0
799 104 181 0 0
800 105 181 0 0
801 104 181 0 0
802 104 182 0 0
803 105 182 0 0
804 104 182 0 0
805 105 182 0 0
806 104 182 0 0
807 105 182 0 0
808 104 182 0 0
809 105 182 0 0
810 104 182 0 0
811 104 183 0 0
812 105 183 0 0
813 104 183 0 0
814 105 183 0 0
815 104 183 0 0
816 105 183 0 0
817 105 184 0 0
818 106 184 0 0
819 105 184 0 0
820 106 184 0 0
821 105 184 0 0
822 106 184 0 0
823 105 184 0 0
824 106 184 0 0
825 105 184 0 0
826 105 185 0 0
827 106 185 0 0
828 105 185 0 0
829 105 186 0 0
830 106 186 0 0
831 105 186 0 0
832 106 186 0 0
833 105 186 0 0
834 106 186 0 0
835 105 186 0 0
836 106 186 0 0
837 105 186 0 0
838 105 187 0 0
839 106 187 0 0
840 105 187 0 0
841 106 187 0 0
842 105 187 0 0
843 106 187 0 0
844 105 187 0 0
845 106 187 0 0
846 105 187 0 0
847 105 188 0 0
848 106 188 0 0
849 105 188 0 0
850 106 188 0 0
851 105 188 0 0
852 106 188 0 0
853 106 189 0 0
854 107 189 0 0
855 106 189 0 0
856 107 189 0 0
857 106 189 0 0
858 106 190 0 0
859 107 190 0 0
860 106 190 0 0
861 107 190 0 0
862 106 190 0 0
863 107 190 0 0
864 106 190 0 0
865 107 190 0 0
866 106 190 0 0
867 106 191 0 0
868 107 191 0 0
869 106 191 0 0
870 107 191 0 0
871 106 191 0 0
872 107 191 0 0
873 106 191 0 0
874 106 192 0 0
875 107 192 0 0
876 106 192 0 0
877 107 192 0 0
878 107 193 0 0
879 108 193 0 0
880 107 193 0 0
881 108 193 0 0
882 107 193 0 0
883 108 193 0 0
884 107 193 0 0
885 107 194 0 0
886 108 194 0 0
887 107 194 0 0
888 108 194 0 0
889 107 194 0 0
890 108 194 0 0
891 107 194 0 0
892 108 194 0 0
893 107 194 0 0
894 107 195 0 0
895 108 195 0 0
896 107 195 0 0
897 108 195 0 0
898 107 195 0 0
899 108 195 0 0
900 107 195 0 0
901 108 195 0 0
902 107 195 0 0
903 107 196 0 0
904 108 196 0 0
905 107 196 0 0
906 107 197 0 0
907 108 197 0 0
908 107 197 0 0
909 108 197 0 0
910 107 197 0 0
911 108 197 0 0
912 107 197 0 0
913 108 197 0 0
914 108 198 0 0
915 109 198 0 0
916 108 198 0 0
917 109 198 0 0
918 108 198 0 0
919 109 198 0 0
920 108 198 0 0
921 109 198 0 0
922 108 198 0 0
923 108 199 0 0
924 109 199 0 0
925 108 199 0 0
926 109 199 0 0
927 108 199 0 0
928 109 199 0 0
929 108 199 0 0
930 108 200 0 0
931 109 200 0 0
932 108 200 0 0
933 108 201 0 0
934 109 201 0 0
935 108 201 0 0
936 109 201 0 0
937 108 201 0 0
938 109 201 0 0
939 108 201 0 0
940 109 201 0 0
941 108 201 0 0
942 108 202 0 0
943 109 202 0 0
944 108 202 0 0
945 109 202 0 0
946 108 202 0 0
947 109 202 0 0
948 108 202 0 0
949 108 203 0 0
950 109 203 0 0
951 108 203 0 0
952 108 204 0 0
953 109 204 0 0
954 108 204 0 0
955 109 204 0 0
956 108 204 0 0
957 109 204 0 0
958 108 204 0 0
959 109 204 0 0
960 108 204 0 0
961 108 205 0 0
962 109 205 0 0
963 108 205 0 0
964 109 205 0 0
965 108 205 0 0
966 109 205 0 0
967 108 205 0 0
968 108 206 0 0
969 109 206 0 0
970 108 206 0 0
971 109 206 0 0
972 108 206 0 0
973 109 206 0 0
974 108 206 0 0
975 108 207 0 0
976 109 207 0 0
977 108 207 0 0
978 109 207 0 0
979 108 207 0 0
980 108 208 0 0
981 109 208 0 0
982 108 208 0 0
983 109 208 0 0
984 108 208 0 0
985 109 208 0 0
986 108 208 0 0
987 108 209 0 0
988 109 209 0 0
989 108 209 0 0
990 109 209 0 0
991 108 209 0 0
992 109 209 0 0
993 108 209 0 0
994 108 210 0 0
995 109 210 0 0
996 108 210 0 0
997 109 210 0 0
998 108 210 0 0
999 109 210 0 0
1000 108 210 0 0
1001 109 210 0 0
1002 108 210 0 0
1003 108 211 0 0
1004 109 211 0 0
1005 108 211 0 0
1006 108 212 0 0
1007 109 212 0 0
1008 108 212 0 0
1009 109 212 0 0
1010 108 212 0 0
1011 109 212 0 0
1012 108 212 0 0
1013 108 213 0 0
1014 109 213 0 0
1015 108 213 0 0
1016 109 213 0 0
1017 108 213 0 0
1018 109 213 0 0
1019 108 213 0 0
1020 109 213 0 0
1021 108 213 0 0
1022 108 214 0 0
1023 109 214 0 0
1024 108 214 0 0
1025 109 214 0 0
1026 108 214 0 0
1027 109 214 0 0
1028 108 214 0 0
1029 108 215 0 0
1030 109 215 0 0
1031 108 215 0 0
1032 109 215 0 0
1033 108 215 0 0
1034 108 216 0 0
1035 109 216 0 0
1036 108 216 0 0
1037 109 216 0 0
1038 108 216 0 0
1039 109 216 0 0
1040 108 216 0 0
1041 108 217 0 0
1042 109 217 0 0
1043 108 217 0 0
1044 109 217 0 0
1045 108 217 0 0
1046 109 217 0 0
1047 108 217 0 0
1048 108 218 0 0
1049 109 218 0 0
1050 108 218 0 0
1051 109 218 0 0
1052 108 218 0 0
1053 108 219 0 0
1054 109 219 0 0
1055 108 219 0 0
1056 109 219 0 0
1057 108 219 0 0
1058 109 219 0 0
1059 108 219 0 0
1060 108 220 0 0
1061 109 220 0 0
1062 108 220 0 0
1063 109 220 0 0
1064 108 220 0 0
1065 109 220 0 0
1066 108 220 0 0
1067 108 221 0 0
1068 109 221 0 0
1069 108 221 0 0
1070 109 221 0 0
1071 108 221 0 0
1072 109 221 0 0
1073 108 221 0 0
1074 108 222 0 0
1075 109 222 0 0
1076 108 222 0 0
1077 108 223 0 0
1078 109 223 0 0
1079 108 223 0 0
1080 109 223 0 0
1081 108 223 0 0
1082 109 223 0 0
1083 108 223 0 0
1084 108 224 0 0
1085 109 224 0 0
1086 108 224 0 0
1087 109 224 0 0
1088 108 224 0 0
1089 108 225 0 0
1090 109 225 0 0
1091 108 225 0 0
1092 109 225 0 0
1093 108 225 0 0
1094 109 225 0 0
1095 108 225 0 0
1096 108 226 0 0
1097 109 226 0 0
1098 108 226 0 0
1099 108 227 0 0
1100 109 227 0 0
1101 108 227 0 0
1102 109 227 0 0
1103 108 227 0 0
1104 109 227 0 0
1105 108 227 0 0
1106 108 228 0 0
1107 109 228 0 0
1108 108 228 0 0
1109 109 228 0 0
1110 110 228 0 0
1111 109 228 0 0
1112 109 229 0 0
1113 110 229 0 0
1114 109 229 0 0
1115 110 229 0 0
1116 109 229 0 0
1117 109 230 0 0
1118 110 230 0 0
1119 109 230 0 0
1120 110 230 0 0
1121 109 230 0 0
1122 109 231 0 0
1123 110 231 0 0
1124 109 231 0 0
1125 110 231 0 0
1126 109 231 0 0
1127 110 231 0 0
1128 109 231 0 0
1129 109 232 0 0
1130 110 232 0 0
1131 109 232 0 0
1132 110 232 0 0
1133 109 232 0 0
1134 109 233 0 0
1135 110 233 0 0
1136 109 233 0 0
1137 110 233 0 0
1138 109 233 0 0
1139 109 234 0 0
1140 110 234 0 0
1141 109 234 0 0
1142 110 234 0 0
1143 109 234 0 0
1144 109 235 0 0
1145 110 235 0 0
1146 111 235 0 0
1147 110 235 0 0
1148 111 235 0 0
1149 110 235 0 0
1150 110 236 0 0
1151 111 236 0 0
1152 110 236 0 0
1153 111 236 0 0
1154 110 236 0 0
1155 111 236 0 0
1156 110 236 0 0
1157 110 237 0 0
1158 111 237 0 0
1159 110 237 0 0
1160 110 238 0 0
1161 111 238 0 0
1162 110 238 0 0
1163 111 238 0 0
1164 110 238 0 0
1165 111 238 0 0
1166 110 238 0 0
1167 110 239 0 0
1168 111 239 0 0
1169 110 239 0 0
1170 111 239 0 0
1171 110 239 0 0
1172 110 240 0 0
1173 111 240 0 0
1174 110 240 0 0
1175 111 240 0 0
1176 110 240 0 0
1177 111 240 0 0
1178 110 240 0 0
1179 110 241 0 0
1180 111 241 0 0
1181 110 241 0 0
1182 111 241 0 0
1183 110 241 0 0
1184 110 242 0 0
1185 111 242 0 0
1186 110 242 0 0
1187 111 242 0 0
1188 110 242 0 0
1189 111 242 0 0
1190 111 243 0 0
1191 112 243 0 0
1192 111 243 0 0
1193 112 243 0 0
1194 111 243 0 0
1195 112 243 0 0
1196 111 243 0 0
1197 112 243 0 0
1198 111 243 0 0
1199 111 244 0 0
1200 112 244 0 0
1201 111 244 0 0
1202 112 244 0 0
1203 111 244 0 0
1204 112 244 0 0
1205 111 244 0 0
1206 112 244 0 0
1207 111 244 0 0
1208 111 245 0 0
1209 112 245 0 0
1210 111 245 0 0
1211 112 245 0 0
1212 111 245 0 0
1213 111 246 0 0
1214 112 246 0 0
1215 111 246 0 0
1216 112 246 0 0
1217 111 246 0 0
1218 112 246 0 0
1219 113 246 0 0
1220 112 246 0 0
1221 112 247 0 0
1222 113 247 0 0
1223 112 247 0 0
1224 113 247 0 0
1225 112 247 0 0
1226 113 247 0 0
1227 112 247 0 0
1228 113 247 0 0
1229 112 247 0 0
1230 112 248 0 0
1231 113 248 0 0
1232 112 248 0 0
1233 113 248 0 0
1234 112 248 0 0
1235 112 249 0 0
1236 113 249 0 0
1237 112 249 0 0
1238 113 249 0 0
1239 112 249 0 0
1240 113 249 0 0
1241 113 250 0 0
1242 114 250 0 0
1243 113 250 0 0
1244 114 250 0 0
1245 113 250 0 0
1246 114 250 0 0
1247 113 250 0 0
1248 114 250 0 0
1249 113 250 0 0
1250 113 251 0 0
1251 114 251 0 0
1252 113 251 0 0
1253 114 251 0 0
1254 113 251 0 0
1255 114 251 0 0
1256 113 251 0 0
1257 114 251 0 0
1258 113 251 0 0
1259 113 252 0 0
1260 114 252 0 0
1261 113 252 0 0
1262 114 252 0 0
1263 113 252 0 0
1264 114 252 0 0
1265 113 252 0 0
1266 114 252 0 0
1267 113 252 0 0
1268 113 253 0 0
1269 114 253 0 0
1270 115 253 0 0
1271 114 253 0 0
1272 114 254 0 0
1273 115 254 0 0
1274 114 254 0 0
1275 115 254 0 0
1276 114 254 0 0
1277 115 254 0 0
1278 114 254 0 0
1279 115 254 0 0
1280 114 254 0 0
1281 114 255 0 0
1282 115 255 0 0
1283 114 255 0 0
1284 115 255 0 0
1285 114 255 0 0
1286 115 255 0 0
1287 114 255 0 0
1288 115 255 0 0
1289 114 255 0 0
1290 114 256 0 0
1291 115 256 0 0
1292 114 256 0 0
1293 115 256 0 0
1294 114 256 0 0
1295 114 257 0 0
1296 115 257 0 0
1297 114 257 0 0
1298 115 257 0 0
1299 114 257 0 0
1300 115 257 0 0
1301 114 257 0 0
1302 115 257 0 0
1303 116 257 0 0
1304 115 257 0 0
1305 116 257 0 0
1306 115 257 0 0
1307 115 258 0 0
1308 116 258 0 0
1309 115 258 0 0
1310 116 258 0 0
1311 115 258 0 0
1312 116 258 0 0
1313 115 258 0 0
1314 116 258 0 0
1315 115 258 0 0
1316 116 258 0 0
1317 115 258 0 0
1318 116 258 0 0
1319 115 258 0 0
1320 116 258 0 0
1321 115 258 0 0
1322 115 259 0 0
1323 116 259 0 0
1324 115 259 0 0
1325 116 259 0 0
1326 115 259 0 0
1327 116 259 0 0
1328 115 259 0 0
1329 116 259 0 0
1330 117 259 0 0
1331 116 259 0 0
1332 117 259 0 0
1333 116 259 0 0
1334 117 259 0 0
1335 116 259 0 0
1336 116 260 0 0
1337 117 260 0 0
1338 116 260 0 0
1339 117 260 0 0
1340 116 260 0 0
1341 117 260 0 0
1342 116 260 0 0
1343 116 261 0 0
1344 117 261 0 0
1345 116 261 0 0
1346 117 261 0 0
1347 116 261 0 0
1348 117 261 0 0
1349 116 261 0 0
1350 117 261 0 0
1351 116 261 0 0
1352 117 261 0 0
1353 116 261 0 0
1354 117 261 0 0
1355 116 261 0 0
1356 117 261 0 0
1357 116 261 0 0
1358 116 262 0 0
1359 117 262 0 0
1360 116 262 0 0
1361 117 262 0 0
1362 116 262 0 0
1363 117 262 0 0
1364 116 262 0 0
1365 117 262 0 0
1366 118 262 0 0
1367 117 262 0 0
1368 118 262 0 0
1369 117 262 0 0
1370 117 263 0 0
1371 118 263 0 0
1372 117 263 0 0
1373 118 263 0 0
1374 117 263 0 0
1375 118 263 0 0
1376 117 263 0 0
1377 118 263 0 0
1378 117 263 0 0
1379 117 264 0 0
1380 118 264 0 0
1381 117 264 0 0
1382 118 264 0 0
1383 117 264 0 0
1384 118 264 0 0
1385 117 264 0 0
1386 118 264 0 0
1387 117 264 0 0
1388 118 264 0 0
1389 117 264 0 0
1390 118 264 0 0
1391 117 264 0 0
1392 117 265 0 0
1393 118 265 0 0
1394 119 265 0 0
1395 118 265 0 0
1396 119 265 0 0
1397 118 265 0 0
1398 119 265 0 0
1399 118 265 0 0
1400 119 265 0 0
1401 118 265 0 0
1402 119 265 0 0
1403 118 265 0 0
1404 119 265 0 0
1405 118 265 0 0
1406 118 266 0 0
1407 119 266 0 0
1408 118 266 0 0
1409 119 266 0 0
1410 118 266 0 0
1411 119 266 0 0
1412 118 266 0 0
1413 119 266 0 0
1414 118 266 0 0
1415 119 266 0 0
1416 118 266 0 0
1417 119 266 0 0
1418 118 266 0 0
1419 119 266 0 0
1420 118 266 0 0
1421 119 266 0 0
1422 118 266 0 0
1423 119 266 0 0
1424 118 266 0 0
1425 119 266 0 0
1426 118 266 0 0
1427 119 266 0 0
1428 118 266 0 0
1429 119 266 0 0
1430 118 266 0 0
1431 119 266 0 0
1432 118 266 0 0
1433 119 266 0 0
1434 118 266 0 0
1435 119 266 0 0
1436 118 266 0 0
1437 119 266 0 0
1438 118 266 0 0
1439 119 266 0 0
1440 118 266 0 0
1441 119 266 0 0
1442 118 266 0 0
1443 119 266 0 0
1444 118 266 0 0
1445 119 266 0 0
1446 118 266 0 0
1447 119 266 0 0
1448 118 266 0 0
1449 119 266 0 0
1450 118 266 0 0
1451 119 266 0 0
1452 118 266 0 0
1453 119 266 0 0
1454 118 266 0 0
1455 119 266 0 0
1456 118 266 0 0
1457 119 266 0 0
1458 118 266 0 0
1459 119 266 0 0
1460 118 266 0 0
1461 119 266 0 0
1462 118 266 0 0
1463 119 266 0 0
1464 118 266 0 0
1465 119 266 0 0
1466 118 266 0 0
1467 119 266 0 0
1468 118 266 0 0
1469 119 266 0 0
1470 118 266 0 0
1471 119 266 0 0
1472 118 266 0 0
1473 119 266 0 0
1474 118 266 0 0
1475 119 266 0 0
1476 118 266 0 0
1477 119 266 0 0
1478 118 266 0 0
1479 119 266 0 0
1480 118 266 0 0
1481 119 266 0 0
1482 118 266 0 0
1483 119 266 0 0
1484 118 266 0 0
1485 119 266 0 0
1486 118 266 0 0
1487 119 266 0 0
1488 118 266 0 0
1489 119 266 0 0
1490 118 266 0 0
1491 119 266 0 0
1492 118 266 0 0
1493 119 266 0 0
1494 118 266 0 0
1495 119 266 0 0
1496 118 266 0 0
1497 119 266 0 0
1498 118 266 0 0
1499 119 266 0 0
1500 118 266 0 0
1501 119 266 0 0
1502 118 266 0 0
1503 119 266 0 0
1504 118 266 0 0
1505 119 266 0 0
1506 118 266 0 0
1507 119 266 0 0
1508 118 266 0 0
1509 119 266 0 0
1510 118 266 0 0
1511 119 266 0 0
1512 118 266 0 0
1513 119 266 0 0
1514 118 266 0 0
1515 119 266 0 0
1516 118 266 0 0
1517 119 266 0 0
1518 118 266 0 0
1519 119 266 0 0
1520 118 266 0 0
1521 119 266 0 0
1522 118 266 0 0
1523 119 266 0 0
1524 118 266 0 0
1525 119 266 0 0
1526 118 266 0 0
1527 119 266 0 0
1528 118 266 0 0
1529 119 266 0 0
