0 5 118 0 0
1 6 118 0 0
2 7 118 0 0
3 7 117 0 0
4 8 117 0 0
5 9 117 0 0
6 10 117 0 0
7 11 117 0 0
8 11 116 0 0
9 12 116 0 0
10 12 115 0 0
11 13 115 0 0
12 14 115 0 0
13 15 115 0 0
14 16 115 0 0
15 16 114 0 0
16 17 114 0 0
17 18 114 0 0
18 19 114 0 0
19 19 113 0 0
20 20 113 0 0
21 21 113 0 0
22 22 113 0 0
23 23 113 0 0
24 23 112 0 0
25 24 112 0 0
26 25 112 0 0
27 25 111 0 0
28 26 111 0 0
29 27 111 0 0
30 28 111 0 0
31 28 110 0 0
32 29 110 0 0
33 30 110 0 0
34 31 110 0 0
35 32 110 0 0
36 32 109 0 0
37 33 109 0 0
38 34 109 0 0
39 34 108 0 0
40 34 107 0 0
41 35 107 0 0
42 35 106 0 0
43 36 106 0 0
44 36 105 0 0
45 37 105 0 0
46 37 104 0 0
47 38 104 0 0
48 38 103 0 0
49 39 103 0 0
50 40 103 0 0
51 40 102 0 0
52 41 102 0 0
53 41 101 0 0
54 42 101 0 0
55 42 100 0 0
56 43 100 0 0
57 43 99 0 0
58 44 99 0 0
59 44 98 0 0
60 45 98 0 0
61 45 97 0 0
62 46 97 0 0
63 46 96 0 0
64 47 96 0 0
65 47 95 0 0
66 48 95 0 0
67 48 94 0 0
68 49 94 0 0
69 49 93 0 0
70 50 93 0 0
71 50 92 0 0
72 51 92 0 0
73 51 91 0 0
74 52 91 0 0
75 52 90 0 0
76 53 90 0 0
77 53 89 0 0
78 53 88 0 0
79 54 88 0 0
80 54 87 0 0
81 54 86 0 0
82 55 86 0 0
83 55 85 0 0
84 55 84 0 0
85 55 83 0 0
86 56 83 0 0
87 56 82 0 0
88 56 81 0 0
89 56 80 0 0
90 57 80 0 0
91 57 79 0 0
92 57 78 0 0
93 58 78 0 0
94 58 77 0 0
95 58 76 0 0
96 59 76 0 0
97 59 75 0 0
98 59 74 0 0
99 59 73 0 0
100 60 73 0 0
101 60 72 0 0
102 60 71 0 0
103 61 71 0 0
104 61 70 0 0
105 61 69 0 0
106 61 68 0 0
107 61 67 0 0
108 62 67 0 0
109 62 66 0 0
110 62 65 0 0
111 62 64 0 0
112 62 63 0 0
113 62 62 0 0
114 63 62 0 0
115 63 61 0 0
116 63 60 0 0
117 63 59 0 0
118 63 58 0 0
119 64 58 0 0
120 64 57 0 0
121 64 56 0 0
122 64 55 0 0
123 64 54 0 0
124 64 53 0 0
125 65 53 0 0
126 65 52 0 0
127 65 51 0 0
128 65 50 0 0
129 65 49 0 0
130 65 48 0 0
131 66 48 0 0
132 66 47 0 0
133 66 46 0 0
134 66 45 0 0
135 66 44 0 0
136 66 43 0 0
137 66 42 0 0
138 67 42 0 0
139 67 41 0 0
140 67 40 0 0
141 67 39 0 0
142 67 38 0 0
143 67 37 0 0
144 67 36 0 0
145 67 35 0 0
146 67 34 0 0
147 67 33 0 0
148 67 32 0 0
149 67 31 0 0
150 67 30 0 0
151 67 29 0 0
152 67 28 0 0
153 67 27 0 0
154 67 26 0 0
155 67 25 0 0
156 67 24 0 0
157 67 23 0 0
158 67 22 0 0
159 67 21 0 0
160 67 20 0 0
161 67 19 0 0
162 67 18 0 0
163 67 17 0 0
164 67 16 0 0
