0 99 7 0 0
1 99 8 0 0
2 99 9 0 0
3 99 10 0 0
4 99 11 0 0
5 99 12 0 0
6 99 13 0 0
7 99 14 0 0
8 99 15 0 0
9 100 15 0 0
10 100 16 0 0
11 100 17 0 0
12 100 18 0 0
13 100 19 0 0
14 100 20 0 0
15 100 21 0 0
16 100 22 0 0
17 100 23 0 0
18 101 23 0 0
19 101 24 0 0
20 101 25 0 0
21 101 26 0 0
22 101 27 0 0
23 101 28 0 0
24 101 29 0 0
25 101 30 0 0
26 101 31 0 0
27 101 32 0 0
28 101 33 0 0
29 101 34 0 0
30 101 35 0 0
31 101 36 0 0
32 101 37 0 0
33 101 38 0 0
34 101 39 0 0
35 101 40 0 0
36 101 41 0 0
37 101 42 0 0
38 101 43 0 0
39 101 44 0 0
40 100 44 0 0
41 100 45 0 0
42 100 46 0 0
43 100 47 0 0
44 100 48 0 0
45 100 49 0 0
46 100 50 0 0
47 100 51 0 0
48 100 52 0 0
49 100 53 0 0
50 100 54 0 0
51 100 55 0 0
52 100 56 0 0
53 100 57 0 0
54 100 58 0 0
55 100 59 0 0
56 100 60 0 0
57 100 61 0 0
58 100 62 0 0
59 100 63 0 0
60 100 64 0 0
61 100 65 0 0
62 100 66 0 0
63 100 67 0 0
64 100 68 0 0
65 100 69 0 0
66 100 70 0 0
67 100 71 0 0
68 100 72 0 0
69 100 73 0 0
70 100 74 0 0
71 100 75 0 0
72 101 75 0 0
73 101 76 0 0
74 101 77 0 0
75 101 78 0 0
76 101 79 0 0
77 101 80 0 0
78 102 80 0 0
79 102 81 0 0
80 102 82 0 0
81 102 83 0 0
82 102 84 0 0
83 103 84 0 0
84 103 85 0 0
85 103 86 0 0
86 103 87 0 0
87 103 88 0 0
88 104 88 0 0
89 104 89 0 0
90 104 90 0 0
91 104 91 0 0
92 105 91 0 0
93 105 92 0 0
94 105 93 0 0
95 105 94 0 0
96 106 94 0 0
97 106 95 0 0
98 107 95 0 0
99 107 96 0 0
100 108 96 0 0
101 108 97 0 0
102 108 98 0 0
103 109 98 0 0
104 109 99 0 0
105 109 100 0 0
106 110 100 0 0
107 110 101 0 0
108 110 102 0 0
109 111 102 0 0
110 111 103 0 0
111 112 103 0 0
112 112 104 0 0
113 112 105 0 0
114 113 105 0 0
115 113 106 0 0
116 114 106 0 0
117 115 106 0 0
118 115 107 0 0
119 116 107 0 0
120 116 108 0 0
121 117 108 0 0
122 117 109 0 0
123 118 109 0 0
124 118 110 0 0
125 119 110 0 0
126 119 111 0 0
127 120 111 0 0
128 121 111 0 0
129 121 112 0 0
130 122 112 0 0
131 122 113 0 0
132 123 113 0 0
133 123 114 0 0
134 124 114 0 0
135 125 114 0 0
136 125 115 0 0
137 126 115 0 0
138 127 115 0 0
139 127 116 0 0
140 128 116 0 0
141 128 117 0 0
142 129 117 0 0
143 130 117 0 0
144 131 117 0 0
145 131 118 0 0
146 132 118 0 0
147 133 118 0 0
148 133 119 0 0
149 134 119 0 0
150 135 119 0 0
151 135 120 0 0
152 136 120 0 0
153 137 120 0 0
154 138 120 0 0
155 138 121 0 0
156 139 121 0 0
157 140 121 0 0
158 141 121 0 0
159 142 121 0 0
160 142 122 0 0
161 143 122 0 0
162 144 122 0 0
163 145 122 0 0
164 145 123 0 0
165 146 123 0 0
166 147 123 0 0
167 148 123 0 0
168 148 124 0 0
169 149 124 0 0
170 150 124 0 0
171 151 124 0 0
172 152 124 0 0
173 153 124 0 0
174 154 124 0 0
175 155 124 0 0
176 156 124 0 0
177 157 124 0 0
178 157 125 0 0
179 158 125 0 0
180 159 125 0 0
181 160 125 0 0
182 161 125 0 0
183 162 125 0 0
184 163 125 0 0
185 164 125 0 0
186 164 126 0 0
187 165 126 0 0
188 166 126 0 0
189 166 127 0 0
190 167 127 0 0
191 168 127 0 0
192 169 127 0 0
193 170 127 0 0
194 171 127 0 0
195 172 127 0 0
196 173 127 0 0
197 174 127 0 0
198 175 127 0 0
199 175 126 0 0
200 176 126 0 0
201 177 126 0 0
202 178 126 0 0
203 179 126 0 0
204 180 126 0 0
205 181 126 0 0
206 182 126 0 0
207 183 126 0 0
208 184 126 0 0
209 185 126 0 0
210 186 126 0 0
211 187 126 0 0
212 188 126 0 0
213 189 126 0 0
214 189 125 0 0
215 190 125 0 0
216 191 125 0 0
217 192 125 0 0
218 193 125 0 0
