0 18800 1800 0 0
1 18800 2000 0 0
2 18800 2200 0 0
3 18800 2400 0 0
4 18800 2600 0 0
5 18800 2800 0 0
6 18800 3000 0 0
7 18800 3200 0 0
8 18800 3400 0 0
9 18800 3600 0 0
10 18800 3800 0 0
11 18800 4000 0 0
12 18800 4200 0 0
13 18800 4400 0 0
14 18800 4600 0 0
15 18800 4800 0 0
16 18800 5000 0 0
17 18800 5200 0 0
18 18800 5400 0 0
19 18800 5600 0 0
20 18800 5800 0 0
21 18800 6000 0 0
22 18800 6200 0 0
23 18800 6400 0 0
24 18800 6600 0 0
25 18800 6800 0 0
26 18800 7000 0 0
27 18800 7200 0 0
28 18800 7400 0 0
29 18800 7600 0 0
30 18800 7800 0 0
31 18800 8000 0 0
32 18800 8200 0 0
33 18800 8400 0 0
34 18800 8600 0 0
35 18800 8800 0 0
36 18800 9000 0 0
37 18800 9200 0 0
38 18800 9400 0 0
39 18800 9600 0 0
40 18800 9800 0 0
41 18800 10000 0 0
42 18800 10200 0 0
43 19000 10200 0 0
44 19000 10400 0 0
45 19000 10600 0 0
46 19000 10800 0 0
47 19000 11000 0 0
48 19000 11200 0 0
49 19000 11400 0 0
50 19000 11600 0 0
51 19000 11800 0 0
52 19000 12000 0 0
53 19000 12200 0 0
54 19000 12400 0 0
55 19000 12600 0 0
56 19000 12800 0 0
57 19000 13000 0 0
58 19000 13200 0 0
59 19000 13400 0 0
60 19000 13600 0 0
61 19000 13800 0 0
62 19000 14000 0 0
63 19000 14200 0 0
64 19000 14400 0 0
65 19200 14400 0 0
66 19200 14600 0 0
67 19200 14800 0 0
68 19200 15000 0 0
69 19400 15000 0 0
70 19400 15200 0 0
71 19400 15400 0 0
72 19600 15400 0 0
73 19600 15600 0 0
74 19600 15800 0 0
75 19600 16000 0 0
76 19800 16000 0 0
77 19800 16200 0 0
78 19800 16400 0 0
79 19800 16600 0 0
80 20000 16600 0 0
81 20000 16800 0 0
82 20000 17000 0 0
83 20200 17000 0 0
84 20200 17200 0 0
85 20200 17400 0 0
86 20200 17600 0 0
87 20400 17600 0 0
88 20400 17800 0 0
89 20400 18000 0 0
90 20400 18200 0 0
91 20400 18400 0 0
92 20600 18400 0 0
93 20600 18600 0 0
94 20800 18600 0 0
95 20800 18800 0 0
96 20800 19000 0 0
97 21000 19000 0 0
98 21000 19200 0 0
99 21200 19200 0 0
100 21200 19400 0 0
101 21200 19600 0 0
102 21400 19600 0 0
103 21400 19800 0 0
104 21600 19800 0 0
105 21600 20000 0 0
106 21600 20200 0 0
107 21800 20200 0 0
108 21800 20400 0 0
109 22000 20400 0 0
110 22000 20600 0 0
111 22000 20800 0 0
112 22200 20800 0 0
113 22200 21000 0 0
114 22400 21000 0 0
115 22400 21200 0 0
116 22400 21400 0 0
117 22600 21400 0 0
118 22600 21600 0 0
119 22800 21600 0 0
120 22800 21800 0 0
121 22800 22000 0 0
122 23000 22000 0 0
123 23000 22200 0 0
124 23200 22200 0 0
125 23200 22400 0 0
126 23200 22600 0 0
127 23400 22600 0 0
128 23400 22800 0 0
129 23600 22800 0 0
130 23800 22800 0 0
131 23800 23000 0 0
132 24000 23000 0 0
133 24000 23200 0 0
134 24200 23200 0 0
135 24400 23200 0 0
136 24400 23400 0 0
137 24600 23400 0 0
138 24800 23400 0 0
139 24800 23600 0 0
140 25000 23600 0 0
141 25200 23600 0 0
142 25200 23800 0 0
143 25400 23800 0 0
144 25400 24000 0 0
145 25600 24000 0 0
146 25800 24000 0 0
147 25800 24200 0 0
148 26000 24200 0 0
149 26200 24200 0 0
150 26200 24400 0 0
151 26400 24400 0 0
152 26600 24400 0 0
153 26600 24600 0 0
154 26800 24600 0 0
155 26800 24800 0 0
156 27000 24800 0 0
157 27200 24800 0 0
158 27200 25000 0 0
159 27400 25000 0 0
160 27600 25000 0 0
161 27800 25000 0 0
162 28000 25000 0 0
163 28200 25000 0 0
164 28400 25000 0 0
165 28600 25000 0 0
166 28800 25000 0 0
167 29000 25000 0 0
168 29200 25000 0 0
169 29400 25000 0 0
170 29600 25000 0 0
171 29800 25000 0 0
172 30000 25000 0 0
173 30200 25000 0 0
174 30400 25000 0 0
175 30600 25000 0 0
176 30800 25000 0 0
177 31000 25000 0 0
178 31200 25000 0 0
179 31400 25000 0 0
180 31600 25000 0 0
181 31800 25000 0 0
182 32000 25000 0 0
183 32000 25200 0 0
184 32200 25200 0 0
185 32400 25200 0 0
186 32600 25200 0 0
187 32800 25200 0 0
188 33000 25200 0 0
189 33200 25200 0 0
190 33400 25200 0 0
191 33600 25200 0 0
192 33800 25200 0 0
193 34000 25200 0 0
194 34200 25200 0 0
195 34400 25200 0 0
196 34600 25200 0 0
197 34800 25200 0 0
198 35000 25200 0 0
199 35200 25200 0 0
200 35400 25200 0 0
201 35600 25200 0 0
202 35800 25200 0 0
203 36000 25200 0 0
204 36200 25200 0 0
205 36400 25200 0 0
206 36400 25400 0 0
207 36600 25400 0 0
208 36800 25400 0 0
209 37000 25400 0 0
210 37200 25400 0 0
211 37400 25400 0 0
212 37600 25400 0 0
213 37800 25400 0 0
214 38000 25400 0 0
215 38200 25400 0 0
216 38400 25400 0 0
217 38600 25400 0 0
218 38600 25600 0 0
219 38800 25600 0 0
220 38800 25800 0 0
221 39000 25800 0 0
222 39000 26000 0 0
223 39200 26000 0 0
