0 19600 2200 0 0
1 19600 2400 0 0
2 19600 2600 0 0
3 19600 2800 0 0
4 19600 3000 0 0
5 19600 3200 0 0
6 19600 3400 0 0
7 19800 3400 0 0
8 19800 3600 0 0
9 19800 3800 0 0
10 19800 4000 0 0
11 19800 4200 0 0
12 19800 4400 0 0
13 19800 4600 0 0
14 19800 4800 0 0
15 19800 5000 0 0
16 19800 5200 0 0
17 19800 5400 0 0
18 19800 5600 0 0
19 19800 5800 0 0
20 19800 6000 0 0
21 19800 6200 0 0
22 19800 6400 0 0
23 19800 6600 0 0
24 19800 6800 0 0
25 19800 7000 0 0
26 20000 7000 0 0
27 20000 7200 0 0
28 20000 7400 0 0
29 20000 7600 0 0
30 20000 7800 0 0
31 20000 8000 0 0
32 20000 8200 0 0
33 20000 8400 0 0
34 20000 8600 0 0
35 20000 8800 0 0
36 20000 9000 0 0
37 20000 9200 0 0
38 20000 9400 0 0
39 20000 9600 0 0
40 20000 9800 0 0
41 20000 10000 0 0
42 20000 10200 0 0
43 20000 10400 0 0
44 20000 10600 0 0
45 20000 10800 0 0
46 20000 11000 0 0
47 20000 11200 0 0
48 20000 11400 0 0
49 20000 11600 0 0
50 20000 11800 0 0
51 20200 11800 0 0
52 20200 12000 0 0
53 20200 12200 0 0
54 20200 12400 0 0
55 20200 12600 0 0
56 20200 12800 0 0
57 20200 13000 0 0
58 20200 13200 0 0
59 20200 13400 0 0
60 20200 13600 0 0
61 20200 13800 0 0
62 20200 14000 0 0
63 20200 14200 0 0
64 20200 14400 0 0
65 20200 14600 0 0
66 20200 14800 0 0
67 20200 15000 0 0
68 20200 15200 0 0
69 20200 15400 0 0
70 20400 15400 0 0
71 20400 15600 0 0
72 20400 15800 0 0
73 20400 16000 0 0
74 20400 16200 0 0
75 20400 16400 0 0
76 20400 16600 0 0
77 20400 16800 0 0
78 20400 17000 0 0
79 20400 17200 0 0
80 20400 17400 0 0
81 20600 17400 0 0
82 20600 17600 0 0
83 20600 17800 0 0
84 20600 18000 0 0
85 20600 18200 0 0
86 20600 18400 0 0
87 20800 18400 0 0
88 20800 18600 0 0
89 20800 18800 0 0
90 21000 18800 0 0
91 21000 19000 0 0
92 21000 19200 0 0
93 21000 19400 0 0
94 21000 19600 0 0
95 21000 19800 0 0
96 21200 19800 0 0
97 21200 20000 0 0
98 21200 20200 0 0
99 21200 20400 0 0
100 21400 20400 0 0
101 21400 20600 0 0
102 21400 20800 0 0
103 21400 21000 0 0
104 21400 21200 0 0
105 21400 21400 0 0
106 21600 21400 0 0
107 21600 21600 0 0
108 21600 21800 0 0
109 21600 22000 0 0
110 21600 22200 0 0
111 21800 22200 0 0
112 21800 22400 0 0
113 21800 22600 0 0
114 21800 22800 0 0
115 21800 23000 0 0
116 22000 23000 0 0
117 22000 23200 0 0
118 22000 23400 0 0
119 22000 23600 0 0
120 22000 23800 0 0
121 22000 24000 0 0
122 22200 24000 0 0
123 22200 24200 0 0
124 22200 24400 0 0
125 22200 24600 0 0
126 22200 24800 0 0
127 22200 25000 0 0
128 22200 25200 0 0
129 22200 25400 0 0
130 22200 25600 0 0
131 22200 25800 0 0
132 22200 26000 0 0
133 22000 26000 0 0
134 22000 26200 0 0
135 22000 26400 0 0
136 22000 26600 0 0
137 22000 26800 0 0
138 22000 27000 0 0
139 22000 27200 0 0
140 22000 27400 0 0
141 22000 27600 0 0
142 22000 27800 0 0
143 22000 28000 0 0
144 22000 28200 0 0
145 22000 28400 0 0
146 22000 28600 0 0
147 22000 28800 0 0
148 21800 28800 0 0
149 21800 29000 0 0
150 21800 29200 0 0
151 21800 29400 0 0
152 21800 29600 0 0
153 21800 29800 0 0
154 21800 30000 0 0
155 21800 30200 0 0
156 21800 30400 0 0
157 21800 30600 0 0
158 21800 30800 0 0
159 21600 30800 0 0
160 21600 31000 0 0
161 21600 31200 0 0
162 21600 31400 0 0
163 21600 31600 0 0
164 21600 31800 0 0
165 21600 32000 0 0
166 21600 32200 0 0
167 21600 32400 0 0
168 21600 32600 0 0
169 21400 32600 0 0
170 21400 32800 0 0
171 21400 33000 0 0
172 21400 33200 0 0
173 21400 33400 0 0
174 21200 33400 0 0
175 21200 33600 0 0
176 21200 33800 0 0
177 21200 34000 0 0
178 21000 34000 0 0
179 21000 34200 0 0
180 21000 34400 0 0
181 21000 34600 0 0
182 21000 34800 0 0
183 20800 34800 0 0
184 20800 35000 0 0
185 20800 35200 0 0
186 20800 35400 0 0
187 20600 35400 0 0
188 20600 35600 0 0
189 20600 35800 0 0
190 20600 36000 0 0
191 20400 36000 0 0
192 20400 36200 0 0
193 20400 36400 0 0
194 20400 36600 0 0
195 20400 36800 0 0
196 20200 36800 0 0
197 20200 37000 0 0
198 20200 37200 0 0
199 20200 37400 0 0
200 20000 37400 0 0
201 20000 37600 0 0
202 20000 37800 0 0
203 20000 38000 0 0
204 20000 38200 0 0
205 20000 38400 0 0
206 19800 38400 0 0
207 19800 38600 0 0
208 19800 38800 0 0
209 19800 39000 0 0
210 19800 39200 0 0
211 19800 39400 0 0
212 19800 39600 0 0
213 19800 39800 0 0
214 19800 40000 0 0
215 19800 40200 0 0
216 19800 40400 0 0
217 19600 40400 0 0
218 19600 40600 0 0
219 19600 40800 0 0
220 19600 41000 0 0
221 19600 41200 0 0
222 19600 41400 0 0
223 19600 41600 0 0
224 19600 41800 0 0
225 19600 42000 0 0
226 19600 42200 0 0
227 19600 42400 0 0
228 19600 42600 0 0
229 19600 42800 0 0
230 19600 43000 0 0
231 19600 43200 0 0
232 19600 43400 0 0
233 19600 43600 0 0
234 19400 43600 0 0
235 19400 43800 0 0
236 19400 44000 0 0
237 19400 44200 0 0
238 19400 44400 0 0
239 19400 44600 0 0
240 19400 44800 0 0
241 19400 45000 0 0
242 19400 45200 0 0
243 19400 45400 0 0
244 19400 45600 0 0
245 19400 45800 0 0
246 19200 45800 0 0
247 19200 46000 0 0
248 19200 46200 0 0
249 19200 46400 0 0
250 19200 46600 0 0
251 19200 46800 0 0
252 19200 47000 0 0
253 19200 47200 0 0
254 19200 47400 0 0
255 19200 47600 0 0
256 19200 47800 0 0
257 19200 48000 0 0
258 19200 48200 0 0
259 19200 48400 0 0
260 19200 48600 0 0
261 19200 48800 0 0
262 19200 49000 0 0
263 19200 49200 0 0
264 19200 49400 0 0
265 19200 49600 0 0
266 19200 49800 0 0
267 19200 50000 0 0
268 19200 50200 0 0
269 19200 50400 0 0
270 19200 50600 0 0
271 19200 50800 0 0
272 19200 51000 0 0
273 19200 51200 0 0
274 19200 51400 0 0
275 19200 51600 0 0
276 19200 51800 0 0
277 19200 52000 0 0
278 19200 52200 0 0
279 19200 52400 0 0
280 19200 52600 0 0
281 19200 52800 0 0
282 19200 53000 0 0
283 19200 53200 0 0
284 19200 53400 0 0
285 19200 53600 0 0
286 19200 53800 0 0
