0 97 13 0 0
1 98 13 0 0
2 97 13 0 0
3 97 14 0 0
4 98 14 0 0
5 97 14 0 0
6 97 15 0 0
7 98 15 0 0
8 97 15 0 0
9 98 15 0 0
10 97 15 0 0
11 97 16 0 0
12 98 16 0 0
13 97 16 0 0
14 98 16 0 0
15 97 16 0 0
16 97 17 0 0
17 98 17 0 0
18 97 17 0 0
19 98 17 0 0
20 97 17 0 0
21 97 18 0 0
22 98 18 0 0
23 97 18 0 0
24 98 18 0 0
25 97 18 0 0
26 97 19 0 0
27 98 19 0 0
28 97 19 0 0
29 98 19 0 0
30 97 19 0 0
31 97 20 0 0
32 98 20 0 0
33 97 20 0 0
34 98 20 0 0
35 97 20 0 0
36 97 21 0 0
37 98 21 0 0
38 97 21 0 0
39 98 21 0 0
40 97 21 0 0
41 97 22 0 0
42 98 22 0 0
43 97 22 0 0
44 97 23 0 0
45 98 23 0 0
46 97 23 0 0
47 98 23 0 0
48 97 23 0 0
49 97 24 0 0
50 96 24 0 0
51 97 24 0 0
52 96 24 0 0
53 96 25 0 0
54 97 25 0 0
55 96 25 0 0
56 97 25 0 0
57 96 25 0 0
58 96 26 0 0
59 97 26 0 0
60 96 26 0 0
61 97 26 0 0
62 96 26 0 0
63 96 27 0 0
64 97 27 0 0
65 96 27 0 0
66 97 27 0 0
67 97 28 0 0
68 98 28 0 0
69 97 28 0 0
70 96 28 0 0
71 96 29 0 0
72 97 29 0 0
73 96 29 0 0
74 97 29 0 0
75 96 29 0 0
76 96 30 0 0
77 97 30 0 0
78 96 30 0 0
79 97 30 0 0
80 96 30 0 0
81 96 31 0 0
82 97 31 0 0
83 96 31 0 0
84 96 32 0 0
85 97 32 0 0
86 96 32 0 0
87 97 32 0 0
88 98 32 0 0
89 97 32 0 0
90 97 33 0 0
91 96 33 0 0
92 97 33 0 0
93 96 33 0 0
94 96 34 0 0
95 97 34 0 0
96 96 34 0 0
97 97 34 0 0
98 96 34 0 0
99 96 35 0 0
100 97 35 0 0
101 96 35 0 0
102 97 35 0 0
103 96 35 0 0
104 96 36 0 0
105 97 36 0 0
106 96 36 0 0
107 96 37 0 0
108 97 37 0 0
109 98 37 0 0
110 97 37 0 0
111 97 38 0 0
112 96 38 0 0
113 97 38 0 0
114 96 38 0 0
115 96 39 0 0
116 97 39 0 0
117 96 39 0 0
118 97 39 0 0
119 96 39 0 0
120 96 40 0 0
121 97 40 0 0
122 96 40 0 0
123 97 40 0 0
124 96 40 0 0
125 97 40 0 0
126 96 40 0 0
127 96 41 0 0
128 97 41 0 0
129 98 41 0 0
130 97 41 0 0
131 97 42 0 0
132 98 42 0 0
133 97 42 0 0
134 97 43 0 0
135 98 43 0 0
136 97 43 0 0
137 98 43 0 0
138 97 43 0 0
139 97 44 0 0
140 98 44 0 0
141 97 44 0 0
142 98 44 0 0
143 97 44 0 0
144 98 44 0 0
145 97 44 0 0
146 97 45 0 0
147 98 45 0 0
148 97 45 0 0
149 98 45 0 0
150 97 45 0 0
151 97 46 0 0
152 98 46 0 0
153 97 46 0 0
154 97 47 0 0
155 98 47 0 0
156 97 47 0 0
157 98 47 0 0
158 97 47 0 0
159 98 47 0 0
160 97 47 0 0
161 97 48 0 0
162 98 48 0 0
163 97 48 0 0
164 98 48 0 0
165 97 48 0 0
166 97 49 0 0
167 98 49 0 0
168 97 49 0 0
169 98 49 0 0
170 97 49 0 0
171 97 50 0 0
172 98 50 0 0
173 97 50 0 0
174 98 50 0 0
175 97 50 0 0
176 97 51 0 0
177 98 51 0 0
178 97 51 0 0
179 98 51 0 0
180 97 51 0 0
181 97 52 0 0
182 98 52 0 0
183 97 52 0 0
184 98 52 0 0
185 97 52 0 0
186 98 52 0 0
187 97 52 0 0
188 97 53 0 0
189 98 53 0 0
190 97 53 0 0
191 97 54 0 0
192 98 54 0 0
193 97 54 0 0
194 98 54 0 0
195 97 54 0 0
196 97 55 0 0
197 98 55 0 0
198 97 55 0 0
199 98 55 0 0
200 97 55 0 0
201 98 55 0 0
202 97 55 0 0
203 97 56 0 0
204 98 56 0 0
205 97 56 0 0
206 98 56 0 0
207 97 56 0 0
208 97 57 0 0
209 98 57 0 0
210 97 57 0 0
211 97 58 0 0
212 98 58 0 0
213 97 58 0 0
214 98 58 0 0
215 97 58 0 0
216 98 58 0 0
217 97 58 0 0
218 97 59 0 0
219 98 59 0 0
220 97 59 0 0
221 98 59 0 0
222 97 59 0 0
223 97 60 0 0
224 98 60 0 0
225 97 60 0 0
226 98 60 0 0
227 97 60 0 0
228 98 60 0 0
229 97 60 0 0
230 97 61 0 0
231 98 61 0 0
232 97 61 0 0
233 97 62 0 0
234 98 62 0 0
235 97 62 0 0
236 98 62 0 0
237 97 62 0 0
238 97 63 0 0
239 98 63 0 0
240 97 63 0 0
241 98 63 0 0
242 97 63 0 0
243 97 64 0 0
244 98 64 0 0
245 97 64 0 0
246 98 64 0 0
247 97 64 0 0
248 98 64 0 0
249 97 64 0 0
250 97 65 0 0
251 98 65 0 0
252 97 65 0 0
253 97 66 0 0
254 98 66 0 0
255 99 66 0 0
256 98 66 0 0
257 98 67 0 0
258 99 67 0 0
259 98 67 0 0
260 99 67 0 0
261 98 67 0 0
262 98 68 0 0
263 99 68 0 0
264 98 68 0 0
265 99 68 0 0
266 98 68 0 0
267 98 69 0 0
268 99 69 0 0
269 98 69 0 0
270 99 69 0 0
271 98 69 0 0
272 98 70 0 0
273 99 70 0 0
274 98 70 0 0
275 99 70 0 0
276 98 70 0 0
277 98 71 0 0
278 99 71 0 0
279 98 71 0 0
280 99 71 0 0
281 100 71 0 0
282 99 71 0 0
283 99 72 0 0
284 100 72 0 0
285 99 72 0 0
286 99 73 0 0
287 100 73 0 0
288 99 73 0 0
289 100 73 0 0
290 99 73 0 0
291 99 74 0 0
292 100 74 0 0
293 99 74 0 0
294 100 74 0 0
295 99 74 0 0
296 99 75 0 0
297 100 75 0 0
298 99 75 0 0
299 100 75 0 0
300 99 75 0 0
301 100 75 0 0
302 99 75 0 0
303 99 76 0 0
304 100 76 0 0
305 99 76 0 0
306 99 77 0 0
307 100 77 0 0
308 99 77 0 0
309 100 77 0 0
310 99 77 0 0
311 99 78 0 0
312 100 78 0 0
313 99 78 0 0
314 100 78 0 0
315 101 78 0 0
316 100 78 0 0
317 100 79 0 0
318 101 79 0 0
319 100 79 0 0
320 100 80 0 0
321 101 80 0 0
322 100 80 0 0
323 101 80 0 0
324 100 80 0 0
325 100 81 0 0
326 101 81 0 0
327 100 81 0 0
328 101 81 0 0
329 100 81 0 0
330 100 82 0 0
331 101 82 0 0
332 100 82 0 0
333 101 82 0 0
334 100 82 0 0
335 101 82 0 0
336 100 82 0 0
337 100 83 0 0
338 101 83 0 0
339 100 83 0 0
340 100 84 0 0
341 101 84 0 0
342 102 84 0 0
343 101 84 0 0
344 101 85 0 0
345 102 85 0 0
346 101 85 0 0
347 102 85 0 0
348 101 85 0 0
349 102 85 0 0
350 101 85 0 0
351 101 86 0 0
352 102 86 0 0
353 101 86 0 0
354 102 86 0 0
355 101 86 0 0
356 101 87 0 0
357 102 87 0 0
358 103 87 0 0
359 102 87 0 0
360 103 87 0 0
361 102 87 0 0
362 102 88 0 0
363 103 88 0 0
364 103 89 0 0
365 104 89 0 0
366 103 89 0 0
367 104 89 0 0
368 103 89 0 0
369 103 90 0 0
370 104 90 0 0
371 103 90 0 0
372 104 90 0 0
373 103 90 0 0
374 104 90 0 0
375 104 91 0 0
376 105 91 0 0
377 104 91 0 0
378 104 92 0 0
379 105 92 0 0
380 104 92 0 0
381 105 92 0 0
382 104 92 0 0
383 105 92 0 0
384 105 93 0 0
385 106 93 0 0
386 105 93 0 0
387 106 93 0 0
388 105 93 0 0
389 105 94 0 0
390 106 94 0 0
391 105 94 0 0
392 106 94 0 0
393 106 95 0 0
394 107 95 0 0
395 106 95 0 0
396 107 95 0 0
397 106 95 0 0
398 106 96 0 0
399 107 96 0 0
400 106 96 0 0
401 107 96 0 0
402 108 96 0 0
403 107 96 0 0
404 107 97 0 0
405 108 97 0 0
406 107 97 0 0
407 108 97 0 0
408 107 97 0 0
409 107 98 0 0
410 108 98 0 0
411 107 98 0 0
412 108 98 0 0
413 109 98 0 0
414 108 98 0 0
415 108 99 0 0
416 109 99 0 0
417 108 99 0 0
418 108 100 0 0
419 109 100 0 0
420 110 100 0 0
421 109 100 0 0
422 110 100 0 0
423 109 100 0 0
424 109 101 0 0
425 110 101 0 0
426 109 101 0 0
427 110 101 0 0
428 109 101 0 0
429 109 102 0 0
430 110 102 0 0
431 111 102 0 0
432 110 102 0 0
433 110 103 0 0
434 111 103 0 0
435 110 103 0 0
436 111 103 0 0
437 111 104 0 0
438 112 104 0 0
439 111 104 0 0
440 112 104 0 0
441 111 104 0 0
442 112 104 0 0
443 111 104 0 0
444 112 104 0 0
445 112 105 0 0
446 113 105 0 0
447 112 105 0 0
448 113 105 0 0
449 112 105 0 0
450 113 105 0 0
451 114 105 0 0
452 113 105 0 0
453 113 106 0 0
454 114 106 0 0
455 115 106 0 0
456 114 106 0 0
457 114 107 0 0
458 115 107 0 0
459 114 107 0 0
460 115 107 0 0
461 116 107 0 0
462 115 107 0 0
463 116 107 0 0
464 116 108 0 0
465 117 108 0 0
466 116 108 0 0
467 117 108 0 0
468 116 108 0 0
469 117 108 0 0
470 118 108 0 0
471 117 108 0 0
472 117 109 0 0
473 118 109 0 0
474 117 109 0 0
475 118 109 0 0
476 119 109 0 0
477 118 109 0 0
478 119 109 0 0
479 120 109 0 0
480 119 109 0 0
481 119 110 0 0
482 120 110 0 0
483 119 110 0 0
484 120 110 0 0
485 120 111 0 0
486 121 111 0 0
487 120 111 0 0
488 121 111 0 0
489 122 111 0 0
490 121 111 0 0
491 122 111 0 0
492 121 111 0 0
493 121 112 0 0
494 122 112 0 0
495 123 112 0 0
496 122 112 0 0
497 123 112 0 0
498 122 112 0 0
499 123 112 0 0
500 123 113 0 0
501 124 113 0 0
502 123 113 0 0
503 124 113 0 0
504 125 113 0 0
505 124 113 0 0
506 125 113 0 0
507 124 113 0 0
508 124 114 0 0
509 125 114 0 0
510 126 114 0 0
511 125 114 0 0
512 126 114 0 0
513 126 115 0 0
514 127 115 0 0
515 126 115 0 0
516 127 115 0 0
517 128 115 0 0
518 127 115 0 0
519 128 115 0 0
520 129 115 0 0
521 128 115 0 0
522 129 115 0 0
523 129 116 0 0
524 130 116 0 0
525 129 116 0 0
526 130 116 0 0
527 131 116 0 0
528 130 116 0 0
529 131 116 0 0
530 132 116 0 0
531 131 116 0 0
532 132 116 0 0
533 132 117 0 0
534 133 117 0 0
535 132 117 0 0
536 133 117 0 0
537 134 117 0 0
538 133 117 0 0
539 133 118 0 0
540 134 118 0 0
541 135 118 0 0
542 134 118 0 0
543 135 118 0 0
544 136 118 0 0
545 135 118 0 0
546 136 118 0 0
547 137 118 0 0
548 136 118 0 0
549 137 118 0 0
550 137 119 0 0
551 138 119 0 0
552 137 119 0 0
553 138 119 0 0
554 139 119 0 0
555 138 119 0 0
556 139 119 0 0
557 140 119 0 0
558 139 119 0 0
559 140 119 0 0
560 140 120 0 0
561 141 120 0 0
562 140 120 0 0
563 141 120 0 0
564 142 120 0 0
565 141 120 0 0
566 142 120 0 0
567 143 120 0 0
568 144 120 0 0
569 143 120 0 0
570 143 121 0 0
571 144 121 0 0
572 143 121 0 0
573 144 121 0 0
574 145 121 0 0
575 144 121 0 0
576 144 122 0 0
577 145 122 0 0
578 146 122 0 0
579 147 122 0 0
580 146 122 0 0
581 147 122 0 0
582 148 122 0 0
583 147 122 0 0
584 148 122 0 0
585 149 122 0 0
586 148 122 0 0
587 149 122 0 0
588 150 122 0 0
589 149 122 0 0
590 150 122 0 0
591 151 122 0 0
592 152 122 0 0
593 151 122 0 0
594 152 122 0 0
595 153 122 0 0
596 152 122 0 0
597 153 122 0 0
598 154 122 0 0
599 153 122 0 0
600 154 122 0 0
601 155 122 0 0
602 154 122 0 0
603 155 122 0 0
604 156 122 0 0
605 157 122 0 0
606 156 122 0 0
607 157 122 0 0
608 158 122 0 0
609 157 122 0 0
610 158 122 0 0
611 159 122 0 0
612 159 123 0 0
613 160 123 0 0
614 159 123 0 0
615 160 123 0 0
616 161 123 0 0
617 160 123 0 0
618 161 123 0 0
619 162 123 0 0
620 161 123 0 0
621 162 123 0 0
622 163 123 0 0
623 162 123 0 0
624 163 123 0 0
625 164 123 0 0
626 165 123 0 0
627 164 123 0 0
628 165 123 0 0
629 166 123 0 0
630 165 123 0 0
631 166 123 0 0
632 167 123 0 0
633 166 123 0 0
634 167 123 0 0
635 168 123 0 0
636 167 123 0 0
637 168 123 0 0
638 169 123 0 0
639 170 123 0 0
640 169 123 0 0
641 170 123 0 0
642 171 123 0 0
643 172 123 0 0
644 171 123 0 0
645 172 123 0 0
646 171 123 0 0
647 172 123 0 0
648 173 123 0 0
649 172 123 0 0
650 173 123 0 0
651 174 123 0 0
652 175 123 0 0
653 174 123 0 0
654 175 123 0 0
655 176 123 0 0
656 175 123 0 0
657 176 123 0 0
658 175 123 0 0
659 176 123 0 0
660 177 123 0 0
661 178 123 0 0
662 177 123 0 0
663 178 123 0 0
664 179 123 0 0
665 178 123 0 0
666 179 123 0 0
667 180 123 0 0
668 179 123 0 0
669 180 123 0 0
670 181 123 0 0
671 180 123 0 0
672 181 123 0 0
673 182 123 0 0
674 181 123 0 0
675 182 123 0 0
676 183 123 0 0
677 184 123 0 0
678 183 123 0 0
679 184 123 0 0
680 185 123 0 0
681 184 123 0 0
682 185 123 0 0
683 184 123 0 0
684 185 123 0 0
685 186 123 0 0
686 187 123 0 0
687 186 123 0 0
688 187 123 0 0
689 188 123 0 0
690 187 123 0 0
691 188 123 0 0
692 189 123 0 0
693 188 123 0 0
694 189 123 0 0
695 190 123 0 0
696 189 123 0 0
697 190 123 0 0
698 191 123 0 0
699 190 123 0 0
700 191 123 0 0
701 192 123 0 0
702 191 123 0 0
703 192 123 0 0
