0 99 6 0 0
1 99 7 0 0
2 100 7 0 0
3 99 7 0 0
4 99 8 0 0
5 100 8 0 0
6 99 8 0 0
7 100 8 0 0
8 99 8 0 0
9 99 9 0 0
10 100 9 0 0
11 99 9 0 0
12 99 10 0 0
13 100 10 0 0
14 99 10 0 0
15 99 11 0 0
16 100 11 0 0
17 99 11 0 0
18 100 11 0 0
19 99 11 0 0
20 99 12 0 0
21 100 12 0 0
22 99 12 0 0
23 99 13 0 0
24 100 13 0 0
25 99 13 0 0
26 99 14 0 0
27 100 14 0 0
28 99 14 0 0
29 100 14 0 0
30 99 14 0 0
31 99 15 0 0
32 100 15 0 0
33 99 15 0 0
34 100 15 0 0
35 99 15 0 0
36 99 16 0 0
37 100 16 0 0
38 99 16 0 0
39 99 17 0 0
40 100 17 0 0
41 99 17 0 0
42 99 18 0 0
43 100 18 0 0
44 99 18 0 0
45 100 18 0 0
46 99 18 0 0
47 99 19 0 0
48 100 19 0 0
49 99 19 0 0
50 100 19 0 0
51 99 19 0 0
52 99 20 0 0
53 99 21 0 0
54 100 21 0 0
55 99 21 0 0
56 100 21 0 0
57 99 21 0 0
58 99 22 0 0
59 100 22 0 0
60 99 22 0 0
61 98 22 0 0
62 98 23 0 0
63 99 23 0 0
64 98 23 0 0
65 98 24 0 0
66 99 24 0 0
67 98 24 0 0
68 98 25 0 0
69 99 25 0 0
70 98 25 0 0
71 99 25 0 0
72 98 25 0 0
73 98 26 0 0
74 99 26 0 0
75 98 26 0 0
76 99 26 0 0
77 98 26 0 0
78 98 27 0 0
79 98 28 0 0
80 99 28 0 0
81 98 28 0 0
82 99 28 0 0
83 98 28 0 0
84 98 29 0 0
85 99 29 0 0
86 98 29 0 0
87 99 29 0 0
88 98 29 0 0
89 98 30 0 0
90 99 30 0 0
91 98 30 0 0
92 98 31 0 0
93 99 31 0 0
94 98 31 0 0
95 98 32 0 0
96 99 32 0 0
97 98 32 0 0
98 99 32 0 0
99 98 32 0 0
100 98 33 0 0
101 99 33 0 0
102 98 33 0 0
103 99 33 0 0
104 98 33 0 0
105 98 34 0 0
106 99 34 0 0
107 98 34 0 0
108 98 35 0 0
109 99 35 0 0
110 98 35 0 0
111 98 36 0 0
112 99 36 0 0
113 98 36 0 0
114 99 36 0 0
115 98 36 0 0
116 98 37 0 0
117 99 37 0 0
118 98 37 0 0
119 98 38 0 0
120 97 38 0 0
121 97 39 0 0
122 98 39 0 0
123 97 39 0 0
124 98 39 0 0
125 97 39 0 0
126 97 40 0 0
127 98 40 0 0
128 97 40 0 0
129 98 40 0 0
130 97 40 0 0
131 97 41 0 0
132 98 41 0 0
133 97 41 0 0
134 97 42 0 0
135 98 42 0 0
136 97 42 0 0
137 97 43 0 0
138 98 43 0 0
139 97 43 0 0
140 98 43 0 0
141 97 43 0 0
142 97 44 0 0
143 98 44 0 0
144 97 44 0 0
145 97 45 0 0
146 98 45 0 0
147 97 45 0 0
148 98 45 0 0
149 97 45 0 0
150 97 46 0 0
151 98 46 0 0
152 97 46 0 0
153 97 47 0 0
154 98 47 0 0
155 97 47 0 0
156 98 47 0 0
157 97 47 0 0
158 97 48 0 0
159 98 48 0 0
160 97 48 0 0
161 97 49 0 0
162 98 49 0 0
163 97 49 0 0
164 98 49 0 0
165 97 49 0 0
166 97 50 0 0
167 98 50 0 0
168 97 50 0 0
169 98 50 0 0
170 98 51 0 0
171 99 51 0 0
172 98 51 0 0
173 98 52 0 0
174 99 52 0 0
175 98 52 0 0
176 99 52 0 0
177 98 52 0 0
178 98 53 0 0
179 99 53 0 0
180 98 53 0 0
181 98 54 0 0
182 99 54 0 0
183 98 54 0 0
184 99 54 0 0
185 98 54 0 0
186 98 55 0 0
187 99 55 0 0
188 98 55 0 0
189 99 55 0 0
190 98 55 0 0
191 98 56 0 0
192 99 56 0 0
193 98 56 0 0
194 98 57 0 0
195 99 57 0 0
196 98 57 0 0
197 99 57 0 0
198 98 57 0 0
199 98 58 0 0
200 99 58 0 0
201 98 58 0 0
202 99 58 0 0
203 99 59 0 0
204 100 59 0 0
205 99 59 0 0
206 99 60 0 0
207 100 60 0 0
208 99 60 0 0
209 100 60 0 0
210 99 60 0 0
211 99 61 0 0
212 100 61 0 0
213 99 61 0 0
214 99 62 0 0
215 100 62 0 0
216 99 62 0 0
217 100 62 0 0
218 99 62 0 0
219 99 63 0 0
220 100 63 0 0
221 99 63 0 0
222 100 63 0 0
223 99 63 0 0
224 99 64 0 0
225 100 64 0 0
226 99 64 0 0
227 100 64 0 0
228 99 64 0 0
229 99 65 0 0
230 100 65 0 0
231 99 65 0 0
232 99 66 0 0
233 100 66 0 0
234 99 66 0 0
235 100 66 0 0
236 100 67 0 0
237 101 67 0 0
238 100 67 0 0
239 101 67 0 0
240 100 67 0 0
241 100 68 0 0
242 101 68 0 0
243 100 68 0 0
244 100 69 0 0
245 101 69 0 0
246 100 69 0 0
247 101 69 0 0
248 100 69 0 0
249 100 70 0 0
250 101 70 0 0
251 100 70 0 0
252 100 71 0 0
253 101 71 0 0
254 100 71 0 0
255 101 71 0 0
256 100 71 0 0
257 100 72 0 0
258 101 72 0 0
259 100 72 0 0
260 100 73 0 0
261 101 73 0 0
262 100 73 0 0
263 101 73 0 0
264 101 74 0 0
265 102 74 0 0
266 101 74 0 0
267 102 74 0 0
268 101 74 0 0
269 101 75 0 0
270 102 75 0 0
271 101 75 0 0
272 102 75 0 0
273 101 75 0 0
274 101 76 0 0
275 102 76 0 0
276 101 76 0 0
277 101 77 0 0
278 102 77 0 0
279 101 77 0 0
280 102 77 0 0
281 101 77 0 0
282 101 78 0 0
283 102 78 0 0
284 101 78 0 0
285 101 79 0 0
286 102 79 0 0
287 101 79 0 0
288 102 79 0 0
289 101 79 0 0
290 101 80 0 0
291 102 80 0 0
292 101 80 0 0
293 102 80 0 0
294 101 80 0 0
295 101 81 0 0
296 102 81 0 0
297 101 81 0 0
298 101 82 0 0
299 102 82 0 0
300 101 82 0 0
301 102 82 0 0
302 101 82 0 0
303 101 83 0 0
304 102 83 0 0
305 103 83 0 0
306 102 83 0 0
307 102 84 0 0
308 103 84 0 0
309 102 84 0 0
310 102 85 0 0
311 103 85 0 0
312 102 85 0 0
313 103 85 0 0
314 102 85 0 0
315 102 86 0 0
316 103 86 0 0
317 102 86 0 0
318 103 86 0 0
319 102 86 0 0
320 102 87 0 0
321 103 87 0 0
322 102 87 0 0
323 102 88 0 0
324 103 88 0 0
325 102 88 0 0
326 103 88 0 0
327 102 88 0 0
328 102 89 0 0
329 103 89 0 0
330 102 89 0 0
331 102 90 0 0
332 103 90 0 0
333 104 90 0 0
334 103 90 0 0
335 103 91 0 0
336 104 91 0 0
337 103 91 0 0
338 104 91 0 0
339 103 91 0 0
340 103 92 0 0
341 104 92 0 0
342 103 92 0 0
343 103 93 0 0
344 104 93 0 0
345 103 93 0 0
346 104 93 0 0
347 103 93 0 0
348 103 94 0 0
349 104 94 0 0
350 103 94 0 0
351 104 94 0 0
352 103 94 0 0
353 103 95 0 0
354 104 95 0 0
355 103 95 0 0
356 103 96 0 0
357 104 96 0 0
358 103 96 0 0
359 104 96 0 0
360 105 96 0 0
361 104 96 0 0
362 105 96 0 0
363 104 96 0 0
364 104 97 0 0
365 105 97 0 0
366 106 97 0 0
367 105 97 0 0
368 105 98 0 0
369 106 98 0 0
370 105 98 0 0
371 106 98 0 0
372 105 98 0 0
373 106 98 0 0
374 107 98 0 0
375 106 98 0 0
376 106 99 0 0
377 107 99 0 0
378 106 99 0 0
379 107 99 0 0
380 108 99 0 0
381 107 99 0 0
382 108 99 0 0
383 107 99 0 0
384 107 100 0 0
385 108 100 0 0
386 109 100 0 0
387 108 100 0 0
388 108 101 0 0
389 109 101 0 0
390 108 101 0 0
391 109 101 0 0
392 108 101 0 0
393 109 101 0 0
394 110 101 0 0
395 109 101 0 0
396 109 102 0 0
397 110 102 0 0
398 109 102 0 0
399 110 102 0 0
400 111 102 0 0
401 110 102 0 0
402 111 102 0 0
403 110 102 0 0
404 110 103 0 0
405 111 103 0 0
406 110 103 0 0
407 111 103 0 0
408 112 103 0 0
409 111 103 0 0
410 112 103 0 0
411 111 103 0 0
412 111 104 0 0
413 112 104 0 0
414 113 104 0 0
415 112 104 0 0
416 112 105 0 0
417 113 105 0 0
418 112 105 0 0
419 113 105 0 0
420 114 105 0 0
421 113 105 0 0
422 114 105 0 0
423 113 105 0 0
424 113 106 0 0
425 114 106 0 0
426 113 106 0 0
427 114 106 0 0
428 115 106 0 0
429 114 106 0 0
430 115 106 0 0
431 114 106 0 0
432 114 107 0 0
433 115 107 0 0
434 114 107 0 0
435 115 107 0 0
436 116 107 0 0
437 115 107 0 0
438 116 107 0 0
439 116 108 0 0
440 117 108 0 0
441 116 108 0 0
442 117 108 0 0
443 116 108 0 0
444 116 109 0 0
445 117 109 0 0
446 116 109 0 0
447 117 109 0 0
448 118 109 0 0
449 117 109 0 0
450 118 109 0 0
451 117 109 0 0
452 117 110 0 0
453 118 110 0 0
454 119 110 0 0
455 118 110 0 0
456 119 110 0 0
457 118 110 0 0
458 119 110 0 0
459 118 110 0 0
460 118 111 0 0
461 119 111 0 0
462 120 111 0 0
463 119 111 0 0
464 120 111 0 0
465 121 111 0 0
466 120 111 0 0
467 120 112 0 0
468 121 112 0 0
469 120 112 0 0
470 121 112 0 0
471 120 112 0 0
472 120 113 0 0
473 121 113 0 0
474 122 113 0 0
475 121 113 0 0
476 122 113 0 0
477 121 113 0 0
478 122 113 0 0
479 122 114 0 0
480 123 114 0 0
481 122 114 0 0
482 123 114 0 0
483 122 114 0 0
484 123 114 0 0
485 122 114 0 0
486 123 114 0 0
487 123 115 0 0
488 124 115 0 0
489 123 115 0 0
490 124 115 0 0
491 123 115 0 0
492 124 115 0 0
493 125 115 0 0
494 124 115 0 0
495 124 116 0 0
496 125 116 0 0
497 124 116 0 0
498 125 116 0 0
499 125 117 0 0
500 126 117 0 0
501 125 117 0 0
502 126 117 0 0
503 125 117 0 0
504 126 117 0 0
505 125 117 0 0
506 126 117 0 0
507 126 118 0 0
508 127 118 0 0
509 126 118 0 0
510 127 118 0 0
511 126 118 0 0
512 127 118 0 0
513 128 118 0 0
514 127 118 0 0
515 127 119 0 0
516 128 119 0 0
517 127 119 0 0
518 128 119 0 0
519 128 120 0 0
520 129 120 0 0
521 128 120 0 0
522 129 120 0 0
523 128 120 0 0
524 129 120 0 0
525 130 120 0 0
526 129 120 0 0
527 130 120 0 0
528 129 120 0 0
529 130 120 0 0
530 131 120 0 0
531 130 120 0 0
532 131 120 0 0
533 130 120 0 0
534 131 120 0 0
535 132 120 0 0
536 131 120 0 0
537 132 120 0 0
538 131 120 0 0
539 132 120 0 0
540 133 120 0 0
541 132 120 0 0
542 133 120 0 0
543 134 120 0 0
544 133 120 0 0
545 134 120 0 0
546 133 120 0 0
547 134 120 0 0
548 133 120 0 0
549 134 120 0 0
550 135 120 0 0
551 134 120 0 0
552 135 120 0 0
553 136 120 0 0
554 135 120 0 0
555 136 120 0 0
556 135 120 0 0
557 136 120 0 0
558 137 120 0 0
559 136 120 0 0
560 137 120 0 0
561 136 120 0 0
562 137 120 0 0
563 137 121 0 0
564 138 121 0 0
565 137 121 0 0
566 138 121 0 0
567 139 121 0 0
568 138 121 0 0
569 139 121 0 0
570 138 121 0 0
571 139 121 0 0
572 138 121 0 0
573 139 121 0 0
574 140 121 0 0
575 139 121 0 0
576 140 121 0 0
577 141 121 0 0
578 140 121 0 0
579 141 121 0 0
580 140 121 0 0
581 141 121 0 0
582 142 121 0 0
583 141 121 0 0
584 142 121 0 0
585 141 121 0 0
586 142 121 0 0
587 143 121 0 0
588 142 121 0 0
589 143 121 0 0
590 142 121 0 0
591 143 121 0 0
592 144 121 0 0
593 143 121 0 0
594 144 121 0 0
595 143 121 0 0
596 144 121 0 0
597 145 121 0 0
598 144 121 0 0
599 145 121 0 0
600 146 121 0 0
601 145 121 0 0
602 146 121 0 0
603 145 121 0 0
604 146 121 0 0
605 147 121 0 0
606 146 121 0 0
607 146 122 0 0
608 147 122 0 0
609 146 122 0 0
610 147 122 0 0
611 148 122 0 0
612 147 122 0 0
613 148 122 0 0
614 147 122 0 0
615 148 122 0 0
616 149 122 0 0
617 148 122 0 0
618 149 122 0 0
619 148 122 0 0
620 149 122 0 0
621 150 122 0 0
622 149 122 0 0
623 150 122 0 0
624 151 122 0 0
625 150 122 0 0
626 151 122 0 0
627 150 122 0 0
628 151 122 0 0
629 152 122 0 0
630 151 122 0 0
631 152 122 0 0
632 151 122 0 0
633 152 122 0 0
634 153 122 0 0
635 152 122 0 0
636 153 122 0 0
637 152 122 0 0
638 153 122 0 0
639 154 122 0 0
640 153 122 0 0
641 154 122 0 0
642 153 122 0 0
643 154 122 0 0
644 155 122 0 0
645 154 122 0 0
646 155 122 0 0
647 156 122 0 0
648 155 122 0 0
649 156 122 0 0
650 155 122 0 0
651 155 123 0 0
652 156 123 0 0
653 157 123 0 0
654 156 123 0 0
655 157 123 0 0
656 156 123 0 0
657 157 123 0 0
658 156 123 0 0
659 157 123 0 0
660 158 123 0 0
661 157 123 0 0
662 158 123 0 0
663 159 123 0 0
664 158 123 0 0
665 159 123 0 0
666 158 123 0 0
667 159 123 0 0
668 160 123 0 0
669 159 123 0 0
670 160 123 0 0
671 161 123 0 0
672 160 123 0 0
673 160 124 0 0
674 161 124 0 0
675 160 124 0 0
676 161 124 0 0
677 162 124 0 0
678 161 124 0 0
679 162 124 0 0
680 161 124 0 0
681 162 124 0 0
682 163 124 0 0
683 162 124 0 0
684 163 124 0 0
685 162 124 0 0
686 163 124 0 0
687 164 124 0 0
688 163 124 0 0
689 164 124 0 0
690 163 124 0 0
691 164 124 0 0
692 165 124 0 0
693 164 124 0 0
694 165 124 0 0
695 166 124 0 0
696 165 124 0 0
697 166 124 0 0
698 165 124 0 0
699 166 124 0 0
700 165 124 0 0
701 166 124 0 0
702 167 124 0 0
703 166 124 0 0
704 167 124 0 0
705 168 124 0 0
706 167 124 0 0
707 168 124 0 0
708 167 124 0 0
709 168 124 0 0
710 169 124 0 0
711 168 124 0 0
712 169 124 0 0
713 168 124 0 0
714 169 124 0 0
715 170 124 0 0
716 169 124 0 0
717 169 125 0 0
718 170 125 0 0
719 169 125 0 0
720 170 125 0 0
721 171 125 0 0
722 170 125 0 0
723 171 125 0 0
724 170 125 0 0
725 171 125 0 0
726 172 125 0 0
727 171 125 0 0
728 172 125 0 0
729 171 125 0 0
730 172 125 0 0
731 173 125 0 0
732 172 125 0 0
733 173 125 0 0
734 174 125 0 0
735 173 125 0 0
736 174 125 0 0
737 173 125 0 0
738 174 125 0 0
739 175 125 0 0
740 174 125 0 0
741 175 125 0 0
742 176 125 0 0
743 175 125 0 0
744 176 125 0 0
745 177 125 0 0
746 176 125 0 0
747 176 126 0 0
748 177 126 0 0
749 178 126 0 0
750 177 126 0 0
751 178 126 0 0
752 179 126 0 0
753 178 126 0 0
754 179 126 0 0
755 180 126 0 0
756 179 126 0 0
757 179 127 0 0
758 180 127 0 0
759 181 127 0 0
760 180 127 0 0
761 181 127 0 0
762 182 127 0 0
763 181 127 0 0
764 182 127 0 0
765 183 127 0 0
766 182 127 0 0
767 183 127 0 0
768 184 127 0 0
769 183 127 0 0
770 184 127 0 0
771 185 127 0 0
772 184 127 0 0
773 185 127 0 0
774 185 128 0 0
775 186 128 0 0
776 185 128 0 0
777 186 128 0 0
778 187 128 0 0
779 186 128 0 0
780 187 128 0 0
781 188 128 0 0
782 187 128 0 0
783 188 128 0 0
784 189 128 0 0
785 188 128 0 0
786 189 128 0 0
787 190 128 0 0
788 189 128 0 0
789 190 128 0 0
790 191 128 0 0
791 190 128 0 0
792 191 128 0 0
793 191 129 0 0
794 192 129 0 0
795 191 129 0 0
796 192 129 0 0
797 193 129 0 0
798 192 129 0 0
799 193 129 0 0
