0 10 118 0 0
1 11 118 0 0
2 10 118 0 0
3 11 118 0 0
4 12 118 0 0
5 13 118 0 0
6 13 117 0 0
7 14 117 0 0
8 13 117 0 0
9 14 117 0 0
10 15 117 0 0
11 16 117 0 0
12 15 117 0 0
13 16 117 0 0
14 17 117 0 0
15 18 117 0 0
16 19 117 0 0
17 18 117 0 0
18 19 117 0 0
19 20 117 0 0
20 20 116 0 0
21 21 116 0 0
22 22 116 0 0
23 23 116 0 0
24 22 116 0 0
25 23 116 0 0
26 24 116 0 0
27 24 115 0 0
28 25 115 0 0
29 24 115 0 0
30 25 115 0 0
31 26 115 0 0
32 25 115 0 0
33 26 115 0 0
34 25 115 0 0
35 25 114 0 0
36 26 114 0 0
37 27 114 0 0
38 26 114 0 0
39 27 114 0 0
40 27 113 0 0
41 28 113 0 0
42 27 113 0 0
43 28 113 0 0
44 27 113 0 0
45 28 113 0 0
46 28 112 0 0
47 29 112 0 0
48 28 112 0 0
49 29 112 0 0
50 29 111 0 0
51 30 111 0 0
52 29 111 0 0
53 30 111 0 0
54 31 111 0 0
55 30 111 0 0
56 30 110 0 0
57 31 110 0 0
58 30 110 0 0
59 31 110 0 0
60 32 110 0 0
61 31 110 0 0
62 32 110 0 0
63 31 110 0 0
64 31 109 0 0
65 32 109 0 0
66 33 109 0 0
67 34 109 0 0
68 33 109 0 0
69 33 108 0 0
70 34 108 0 0
71 35 108 0 0
72 34 108 0 0
73 34 107 0 0
74 35 107 0 0
75 36 107 0 0
76 37 107 0 0
77 36 107 0 0
78 36 106 0 0
79 37 106 0 0
80 38 106 0 0
81 37 106 0 0
82 38 106 0 0
83 38 105 0 0
84 39 105 0 0
85 40 105 0 0
86 39 105 0 0
87 40 105 0 0
88 41 105 0 0
89 40 105 0 0
90 40 104 0 0
91 41 104 0 0
92 41 103 0 0
93 42 103 0 0
94 43 103 0 0
95 42 103 0 0
96 43 103 0 0
97 44 103 0 0
98 43 103 0 0
99 43 102 0 0
100 44 102 0 0
101 45 102 0 0
102 46 102 0 0
103 45 102 0 0
104 45 101 0 0
105 46 101 0 0
106 45 101 0 0
107 46 101 0 0
108 47 101 0 0
109 46 101 0 0
110 47 101 0 0
111 47 100 0 0
112 48 100 0 0
113 47 100 0 0
114 48 100 0 0
115 47 100 0 0
116 47 99 0 0
117 48 99 0 0
118 49 99 0 0
119 48 99 0 0
120 49 99 0 0
121 48 99 0 0
122 48 98 0 0
123 49 98 0 0
124 50 98 0 0
125 49 98 0 0
126 50 98 0 0
127 49 98 0 0
128 50 98 0 0
129 50 97 0 0
130 51 97 0 0
131 50 97 0 0
132 51 97 0 0
133 50 97 0 0
134 50 96 0 0
135 51 96 0 0
136 52 96 0 0
137 51 96 0 0
138 52 96 0 0
139 52 95 0 0
140 53 95 0 0
141 52 95 0 0
142 53 95 0 0
143 52 95 0 0
144 53 95 0 0
145 54 95 0 0
146 53 95 0 0
147 53 94 0 0
148 54 94 0 0
149 53 94 0 0
150 54 94 0 0
151 55 94 0 0
152 54 94 0 0
153 55 94 0 0
154 55 93 0 0
155 56 93 0 0
156 55 93 0 0
157 56 93 0 0
158 55 93 0 0
159 55 92 0 0
160 56 92 0 0
161 57 92 0 0
162 56 92 0 0
163 57 92 0 0
164 56 92 0 0
165 56 91 0 0
166 57 91 0 0
167 58 91 0 0
168 57 91 0 0
169 58 91 0 0
170 59 91 0 0
171 58 91 0 0
172 58 90 0 0
173 59 90 0 0
174 58 90 0 0
175 59 90 0 0
176 60 90 0 0
177 59 90 0 0
178 59 89 0 0
179 60 89 0 0
180 59 89 0 0
181 60 89 0 0
182 60 88 0 0
183 61 88 0 0
184 60 88 0 0
185 61 88 0 0
186 60 88 0 0
187 61 88 0 0
188 60 88 0 0
189 60 87 0 0
190 61 87 0 0
191 62 87 0 0
192 61 87 0 0
193 62 87 0 0
194 61 87 0 0
195 61 86 0 0
196 62 86 0 0
197 63 86 0 0
198 62 86 0 0
199 63 86 0 0
200 62 86 0 0
201 62 85 0 0
202 63 85 0 0
203 62 85 0 0
204 62 84 0 0
205 63 84 0 0
206 64 84 0 0
207 63 84 0 0
208 64 84 0 0
209 63 84 0 0
210 63 83 0 0
211 64 83 0 0
212 63 83 0 0
213 64 83 0 0
214 65 83 0 0
215 64 83 0 0
216 64 82 0 0
217 65 82 0 0
218 64 82 0 0
219 65 82 0 0
220 65 81 0 0
221 66 81 0 0
222 65 81 0 0
223 66 81 0 0
224 65 81 0 0
225 66 81 0 0
226 65 81 0 0
227 65 80 0 0
228 66 80 0 0
229 67 80 0 0
230 66 80 0 0
231 67 80 0 0
232 66 80 0 0
233 66 79 0 0
234 67 79 0 0
235 68 79 0 0
236 67 79 0 0
237 68 79 0 0
238 67 79 0 0
239 67 78 0 0
240 68 78 0 0
241 67 78 0 0
242 67 77 0 0
243 68 77 0 0
244 69 77 0 0
245 68 77 0 0
246 69 77 0 0
247 68 77 0 0
248 69 77 0 0
249 70 77 0 0
250 69 77 0 0
251 70 77 0 0
252 71 77 0 0
253 70 77 0 0
254 71 77 0 0
255 70 77 0 0
256 71 77 0 0
257 72 77 0 0
258 71 77 0 0
259 72 77 0 0
260 71 77 0 0
261 72 77 0 0
262 72 76 0 0
263 73 76 0 0
264 72 76 0 0
265 73 76 0 0
266 72 76 0 0
267 73 76 0 0
268 74 76 0 0
269 73 76 0 0
270 74 76 0 0
271 73 76 0 0
272 74 76 0 0
273 75 76 0 0
274 74 76 0 0
275 75 76 0 0
276 76 76 0 0
277 75 76 0 0
278 76 76 0 0
279 75 76 0 0
280 76 76 0 0
281 77 76 0 0
282 76 76 0 0
283 76 75 0 0
284 77 75 0 0
285 76 75 0 0
286 77 75 0 0
287 78 75 0 0
288 77 75 0 0
289 78 75 0 0
290 79 75 0 0
291 78 75 0 0
292 79 75 0 0
293 78 75 0 0
294 79 75 0 0
295 78 75 0 0
296 79 75 0 0
297 80 75 0 0
298 79 75 0 0
299 80 75 0 0
300 79 75 0 0
301 80 75 0 0
302 81 75 0 0
303 80 75 0 0
304 81 75 0 0
305 80 75 0 0
306 80 76 0 0
307 81 76 0 0
308 80 76 0 0
309 81 76 0 0
310 82 76 0 0
311 81 76 0 0
312 82 76 0 0
313 81 76 0 0
314 82 76 0 0
315 83 76 0 0
316 82 76 0 0
317 83 76 0 0
318 82 76 0 0
319 83 76 0 0
320 82 76 0 0
321 83 76 0 0
322 84 76 0 0
323 83 76 0 0
324 84 76 0 0
325 83 76 0 0
326 84 76 0 0
327 83 76 0 0
328 83 77 0 0
329 84 77 0 0
330 85 77 0 0
331 84 77 0 0
332 85 77 0 0
333 84 77 0 0
334 85 77 0 0
335 86 77 0 0
336 85 77 0 0
337 86 77 0 0
338 85 77 0 0
339 86 77 0 0
340 85 77 0 0
341 86 77 0 0
342 87 77 0 0
343 86 77 0 0
344 87 77 0 0
345 86 77 0 0
346 87 77 0 0
347 88 77 0 0
348 87 77 0 0
349 87 78 0 0
350 88 78 0 0
351 87 78 0 0
352 88 78 0 0
353 87 78 0 0
354 88 78 0 0
355 89 78 0 0
356 88 78 0 0
357 89 78 0 0
358 88 78 0 0
359 89 78 0 0
360 88 78 0 0
361 88 79 0 0
362 89 79 0 0
363 90 79 0 0
364 89 79 0 0
365 90 79 0 0
366 89 79 0 0
367 90 79 0 0
368 91 79 0 0
369 90 79 0 0
370 91 79 0 0
371 90 79 0 0
372 91 79 0 0
373 90 79 0 0
374 91 79 0 0
375 92 79 0 0
376 91 79 0 0
377 92 79 0 0
378 91 79 0 0
379 92 79 0 0
380 91 79 0 0
381 92 79 0 0
382 92 80 0 0
383 93 80 0 0
384 92 80 0 0
385 93 80 0 0
386 92 80 0 0
387 93 80 0 0
388 94 80 0 0
389 93 80 0 0
390 94 80 0 0
391 93 80 0 0
392 94 80 0 0
393 93 80 0 0
394 94 80 0 0
395 95 80 0 0
396 94 80 0 0
397 95 80 0 0
398 94 80 0 0
399 95 80 0 0
400 96 80 0 0
401 95 80 0 0
402 96 80 0 0
403 95 80 0 0
404 95 81 0 0
405 96 81 0 0
406 95 81 0 0
407 96 81 0 0
408 95 81 0 0
409 95 82 0 0
410 96 82 0 0
411 95 82 0 0
412 96 82 0 0
413 95 82 0 0
414 95 83 0 0
415 96 83 0 0
416 97 83 0 0
417 96 83 0 0
418 97 83 0 0
419 96 83 0 0
420 96 84 0 0
421 97 84 0 0
422 96 84 0 0
423 97 84 0 0
424 96 84 0 0
425 97 84 0 0
426 96 84 0 0
427 96 85 0 0
428 97 85 0 0
429 96 85 0 0
430 96 86 0 0
431 97 86 0 0
432 96 86 0 0
433 97 86 0 0
434 98 86 0 0
435 97 86 0 0
436 97 87 0 0
437 98 87 0 0
438 97 87 0 0
439 98 87 0 0
440 97 87 0 0
441 98 87 0 0
442 97 87 0 0
443 97 88 0 0
444 98 88 0 0
445 97 88 0 0
446 98 88 0 0
447 99 88 0 0
448 98 88 0 0
449 98 89 0 0
450 99 89 0 0
451 98 89 0 0
452 99 89 0 0
453 98 89 0 0
454 98 90 0 0
455 99 90 0 0
456 98 90 0 0
457 99 90 0 0
458 98 90 0 0
459 99 90 0 0
460 98 90 0 0
461 98 91 0 0
462 99 91 0 0
463 100 91 0 0
464 99 91 0 0
465 99 92 0 0
466 100 92 0 0
467 99 92 0 0
468 100 92 0 0
469 99 92 0 0
470 100 92 0 0
471 99 92 0 0
472 99 93 0 0
473 100 93 0 0
474 99 93 0 0
475 100 93 0 0
476 100 94 0 0
477 101 94 0 0
478 100 94 0 0
479 101 94 0 0
480 100 94 0 0
481 101 94 0 0
482 100 94 0 0
483 100 95 0 0
484 101 95 0 0
485 100 95 0 0
486 101 95 0 0
487 100 95 0 0
488 101 95 0 0
489 100 95 0 0
490 100 96 0 0
491 101 96 0 0
492 100 96 0 0
493 101 96 0 0
494 102 96 0 0
495 101 96 0 0
496 101 97 0 0
497 102 97 0 0
498 101 97 0 0
499 101 98 0 0
500 102 98 0 0
501 101 98 0 0
502 102 98 0 0
503 101 98 0 0
504 102 98 0 0
505 101 98 0 0
506 101 99 0 0
507 102 99 0 0
508 103 99 0 0
509 102 99 0 0
510 103 99 0 0
511 102 99 0 0
512 102 100 0 0
513 103 100 0 0
514 102 100 0 0
515 103 100 0 0
516 102 100 0 0
517 102 101 0 0
518 103 101 0 0
519 104 101 0 0
520 103 101 0 0
521 104 101 0 0
522 103 101 0 0
523 103 102 0 0
524 104 102 0 0
525 105 102 0 0
526 104 102 0 0
527 105 102 0 0
528 104 102 0 0
529 104 103 0 0
530 105 103 0 0
531 106 103 0 0
532 105 103 0 0
533 106 103 0 0
534 105 103 0 0
535 106 103 0 0
536 106 104 0 0
537 107 104 0 0
538 106 104 0 0
539 106 105 0 0
540 107 105 0 0
541 108 105 0 0
542 107 105 0 0
543 108 105 0 0
544 107 105 0 0
545 108 105 0 0
546 108 106 0 0
547 109 106 0 0
548 108 106 0 0
549 109 106 0 0
550 108 106 0 0
551 109 106 0 0
552 109 107 0 0
553 110 107 0 0
554 109 107 0 0
555 110 107 0 0
556 109 107 0 0
557 110 107 0 0
558 110 108 0 0
559 111 108 0 0
560 110 108 0 0
561 111 108 0 0
562 110 108 0 0
563 110 109 0 0
564 111 109 0 0
565 112 109 0 0
566 111 109 0 0
567 112 109 0 0
568 111 109 0 0
569 111 110 0 0
570 112 110 0 0
571 113 110 0 0
572 112 110 0 0
573 113 110 0 0
574 114 110 0 0
575 113 110 0 0
576 113 111 0 0
577 114 111 0 0
578 113 111 0 0
579 114 111 0 0
580 115 111 0 0
581 114 111 0 0
582 115 111 0 0
583 116 111 0 0
584 115 111 0 0
585 115 112 0 0
586 116 112 0 0
587 117 112 0 0
588 116 112 0 0
589 116 113 0 0
590 117 113 0 0
591 116 113 0 0
592 117 113 0 0
593 118 113 0 0
594 117 113 0 0
595 118 113 0 0
596 119 113 0 0
597 118 113 0 0
598 118 114 0 0
599 119 114 0 0
600 120 114 0 0
601 119 114 0 0
602 120 114 0 0
603 121 114 0 0
604 120 114 0 0
605 121 114 0 0
606 120 114 0 0
607 120 115 0 0
608 121 115 0 0
609 122 115 0 0
610 123 115 0 0
611 122 115 0 0
612 123 115 0 0
613 122 115 0 0
614 123 115 0 0
615 123 116 0 0
616 124 116 0 0
617 123 116 0 0
618 124 116 0 0
619 125 116 0 0
620 124 116 0 0
621 124 117 0 0
622 125 117 0 0
623 126 117 0 0
624 125 117 0 0
625 126 117 0 0
626 125 117 0 0
627 126 117 0 0
628 127 117 0 0
629 126 117 0 0
630 126 118 0 0
631 127 118 0 0
632 128 118 0 0
633 127 118 0 0
634 128 118 0 0
635 127 118 0 0
636 128 118 0 0
637 127 118 0 0
638 128 118 0 0
639 129 118 0 0
640 128 118 0 0
641 129 118 0 0
642 128 118 0 0
643 129 118 0 0
644 128 118 0 0
645 129 118 0 0
646 129 119 0 0
647 130 119 0 0
648 131 119 0 0
649 130 119 0 0
650 131 119 0 0
651 132 119 0 0
652 131 119 0 0
653 132 119 0 0
654 132 120 0 0
655 133 120 0 0
656 132 120 0 0
657 133 120 0 0
658 134 120 0 0
659 135 120 0 0
660 134 120 0 0
661 135 120 0 0
662 136 120 0 0
663 135 120 0 0
664 136 120 0 0
665 137 120 0 0
666 136 120 0 0
667 136 121 0 0
668 137 121 0 0
669 138 121 0 0
670 139 121 0 0
671 138 121 0 0
672 139 121 0 0
673 140 121 0 0
674 139 121 0 0
675 140 121 0 0
676 141 121 0 0
677 141 122 0 0
678 142 122 0 0
679 141 122 0 0
680 142 122 0 0
681 143 122 0 0
682 142 122 0 0
683 143 122 0 0
684 144 122 0 0
685 145 122 0 0
686 144 122 0 0
687 144 123 0 0
688 145 123 0 0
689 146 123 0 0
690 145 123 0 0
691 146 123 0 0
692 147 123 0 0
693 148 123 0 0
694 147 123 0 0
695 148 123 0 0
696 149 123 0 0
697 148 123 0 0
698 148 124 0 0
699 149 124 0 0
700 150 124 0 0
701 149 124 0 0
702 150 124 0 0
703 151 124 0 0
704 152 124 0 0
705 151 124 0 0
706 152 124 0 0
707 153 124 0 0
708 152 124 0 0
709 153 124 0 0
710 154 124 0 0
711 155 124 0 0
712 154 124 0 0
713 155 124 0 0
714 156 124 0 0
715 155 124 0 0
716 156 124 0 0
717 157 124 0 0
718 156 124 0 0
719 157 124 0 0
720 158 124 0 0
721 159 124 0 0
722 158 124 0 0
723 159 124 0 0
724 160 124 0 0
725 159 124 0 0
726 160 124 0 0
727 161 124 0 0
728 162 124 0 0
729 161 124 0 0
730 162 124 0 0
731 163 124 0 0
732 162 124 0 0
733 163 124 0 0
734 164 124 0 0
735 165 124 0 0
736 164 124 0 0
737 165 124 0 0
738 166 124 0 0
739 165 124 0 0
740 166 124 0 0
741 167 124 0 0
742 166 124 0 0
743 167 124 0 0
744 168 124 0 0
745 167 124 0 0
746 168 124 0 0
747 169 124 0 0
748 170 124 0 0
749 169 124 0 0
750 170 124 0 0
751 170 125 0 0
752 171 125 0 0
753 172 125 0 0
754 171 125 0 0
755 172 125 0 0
756 173 125 0 0
757 172 125 0 0
758 173 125 0 0
759 174 125 0 0
760 173 125 0 0
761 174 125 0 0
762 175 125 0 0
763 174 125 0 0
764 175 125 0 0
765 176 125 0 0
766 177 125 0 0
767 176 125 0 0
768 177 125 0 0
769 178 125 0 0
770 177 125 0 0
771 178 125 0 0
772 179 125 0 0
773 178 125 0 0
774 179 125 0 0
775 180 125 0 0
776 179 125 0 0
777 180 125 0 0
778 181 125 0 0
779 182 125 0 0
780 181 125 0 0
781 182 125 0 0
782 182 124 0 0
783 183 124 0 0
784 184 124 0 0
785 183 124 0 0
786 184 124 0 0
787 185 124 0 0
788 186 124 0 0
789 185 124 0 0
790 186 124 0 0
791 187 124 0 0
792 186 124 0 0
793 186 123 0 0
794 187 123 0 0
795 188 123 0 0
796 189 123 0 0
797 188 123 0 0
798 189 123 0 0
799 190 123 0 0
800 189 123 0 0
801 190 123 0 0
802 191 123 0 0
803 191 124 0 0
804 192 124 0 0
805 191 124 0 0
806 192 124 0 0
