0 99 12 0 0
1 100 12 0 0
2 99 12 0 0
3 99 13 0 0
4 100 13 0 0
5 99 13 0 0
6 100 13 0 0
7 99 13 0 0
8 99 14 0 0
9 100 14 0 0
10 99 14 0 0
11 100 14 0 0
12 99 14 0 0
13 99 15 0 0
14 100 15 0 0
15 99 15 0 0
16 100 15 0 0
17 99 15 0 0
18 99 16 0 0
19 100 16 0 0
20 99 16 0 0
21 100 16 0 0
22 99 16 0 0
23 100 16 0 0
24 99 16 0 0
25 99 17 0 0
26 100 17 0 0
27 99 17 0 0
28 100 17 0 0
29 99 17 0 0
30 100 17 0 0
31 99 17 0 0
32 99 18 0 0
33 100 18 0 0
34 99 18 0 0
35 99 19 0 0
36 100 19 0 0
37 99 19 0 0
38 100 19 0 0
39 99 19 0 0
40 100 19 0 0
41 99 19 0 0
42 99 20 0 0
43 100 20 0 0
44 99 20 0 0
45 100 20 0 0
46 99 20 0 0
47 99 21 0 0
48 100 21 0 0
49 99 21 0 0
50 100 21 0 0
51 99 21 0 0
52 100 21 0 0
53 99 21 0 0
54 99 22 0 0
55 100 22 0 0
56 99 22 0 0
57 99 23 0 0
58 100 23 0 0
59 99 23 0 0
60 100 23 0 0
61 99 23 0 0
62 100 23 0 0
63 99 23 0 0
64 99 24 0 0
65 100 24 0 0
66 99 24 0 0
67 100 24 0 0
68 99 24 0 0
69 99 25 0 0
70 100 25 0 0
71 99 25 0 0
72 100 25 0 0
73 99 25 0 0
74 99 26 0 0
75 100 26 0 0
76 99 26 0 0
77 100 26 0 0
78 99 26 0 0
79 99 27 0 0
80 100 27 0 0
81 99 27 0 0
82 100 27 0 0
83 99 27 0 0
84 100 27 0 0
85 99 27 0 0
86 99 28 0 0
87 100 28 0 0
88 99 28 0 0
89 100 28 0 0
90 99 28 0 0
91 100 28 0 0
92 99 28 0 0
93 99 29 0 0
94 100 29 0 0
95 99 29 0 0
96 99 30 0 0
97 100 30 0 0
98 99 30 0 0
99 100 30 0 0
100 99 30 0 0
101 100 30 0 0
102 99 30 0 0
103 99 31 0 0
104 100 31 0 0
105 99 31 0 0
106 100 31 0 0
107 99 31 0 0
108 99 32 0 0
109 100 32 0 0
110 99 32 0 0
111 100 32 0 0
112 99 32 0 0
113 100 32 0 0
114 99 32 0 0
115 99 33 0 0
116 100 33 0 0
117 99 33 0 0
118 99 34 0 0
119 100 34 0 0
120 99 34 0 0
121 100 34 0 0
122 99 34 0 0
123 100 34 0 0
124 99 34 0 0
125 99 35 0 0
126 100 35 0 0
127 99 35 0 0
128 100 35 0 0
129 99 35 0 0
130 99 36 0 0
131 100 36 0 0
132 99 36 0 0
133 100 36 0 0
134 99 36 0 0
135 100 36 0 0
136 99 36 0 0
137 99 37 0 0
138 100 37 0 0
139 99 37 0 0
140 99 38 0 0
141 100 38 0 0
142 99 38 0 0
143 100 38 0 0
144 99 38 0 0
145 100 38 0 0
146 99 38 0 0
147 99 39 0 0
148 100 39 0 0
149 99 39 0 0
150 100 39 0 0
151 99 39 0 0
152 100 39 0 0
153 99 39 0 0
154 99 40 0 0
155 100 40 0 0
156 99 40 0 0
157 99 41 0 0
158 100 41 0 0
159 99 41 0 0
160 100 41 0 0
161 99 41 0 0
162 100 41 0 0
163 99 41 0 0
164 99 42 0 0
165 100 42 0 0
166 99 42 0 0
167 100 42 0 0
168 99 42 0 0
169 99 43 0 0
170 100 43 0 0
171 99 43 0 0
172 100 43 0 0
173 99 43 0 0
174 100 43 0 0
175 99 43 0 0
176 99 44 0 0
177 100 44 0 0
178 99 44 0 0
179 99 45 0 0
180 100 45 0 0
181 99 45 0 0
182 100 45 0 0
183 99 45 0 0
184 100 45 0 0
185 99 45 0 0
186 99 46 0 0
187 100 46 0 0
188 99 46 0 0
189 100 46 0 0
190 99 46 0 0
191 99 47 0 0
192 100 47 0 0
193 99 47 0 0
194 100 47 0 0
195 99 47 0 0
196 100 47 0 0
197 99 47 0 0
198 99 48 0 0
199 100 48 0 0
200 99 48 0 0
201 99 49 0 0
202 100 49 0 0
203 99 49 0 0
204 100 49 0 0
205 99 49 0 0
206 100 49 0 0
207 99 49 0 0
208 99 50 0 0
209 100 50 0 0
210 99 50 0 0
211 100 50 0 0
212 99 50 0 0
213 100 50 0 0
214 99 50 0 0
215 99 51 0 0
216 100 51 0 0
217 99 51 0 0
218 99 52 0 0
219 100 52 0 0
220 99 52 0 0
221 100 52 0 0
222 99 52 0 0
223 100 52 0 0
224 99 52 0 0
225 99 53 0 0
226 100 53 0 0
227 99 53 0 0
228 100 53 0 0
229 99 53 0 0
230 99 54 0 0
231 100 54 0 0
232 99 54 0 0
233 100 54 0 0
234 99 54 0 0
235 100 54 0 0
236 99 54 0 0
237 99 55 0 0
238 100 55 0 0
239 99 55 0 0
240 99 56 0 0
241 100 56 0 0
242 99 56 0 0
243 100 56 0 0
244 99 56 0 0
245 100 56 0 0
246 99 56 0 0
247 99 57 0 0
248 100 57 0 0
249 99 57 0 0
250 100 57 0 0
251 99 57 0 0
252 99 58 0 0
253 100 58 0 0
254 99 58 0 0
255 100 58 0 0
256 99 58 0 0
257 100 58 0 0
258 100 59 0 0
259 101 59 0 0
260 100 59 0 0
261 100 60 0 0
262 101 60 0 0
263 100 60 0 0
264 101 60 0 0
265 100 60 0 0
266 101 60 0 0
267 100 60 0 0
268 100 61 0 0
269 101 61 0 0
270 100 61 0 0
271 101 61 0 0
272 100 61 0 0
273 100 62 0 0
274 101 62 0 0
275 100 62 0 0
276 101 62 0 0
277 100 62 0 0
278 101 62 0 0
279 101 63 0 0
280 102 63 0 0
281 101 63 0 0
282 101 64 0 0
283 102 64 0 0
284 101 64 0 0
285 102 64 0 0
286 101 64 0 0
287 101 65 0 0
288 102 65 0 0
289 101 65 0 0
290 102 65 0 0
291 101 65 0 0
292 102 65 0 0
293 101 65 0 0
294 101 66 0 0
295 102 66 0 0
296 101 66 0 0
297 101 67 0 0
298 102 67 0 0
299 101 67 0 0
300 102 67 0 0
301 101 67 0 0
302 102 67 0 0
303 101 67 0 0
304 101 68 0 0
305 102 68 0 0
306 101 68 0 0
307 102 68 0 0
308 102 69 0 0
309 103 69 0 0
310 102 69 0 0
311 103 69 0 0
312 102 69 0 0
313 103 69 0 0
314 102 69 0 0
315 102 70 0 0
316 103 70 0 0
317 102 70 0 0
318 102 71 0 0
319 103 71 0 0
320 102 71 0 0
321 103 71 0 0
322 102 71 0 0
323 102 72 0 0
324 103 72 0 0
325 102 72 0 0
326 103 72 0 0
327 102 72 0 0
328 103 72 0 0
329 102 72 0 0
330 102 73 0 0
331 103 73 0 0
332 102 73 0 0
333 103 73 0 0
334 102 73 0 0
335 102 74 0 0
336 103 74 0 0
337 104 74 0 0
338 103 74 0 0
339 103 75 0 0
340 104 75 0 0
341 103 75 0 0
342 104 75 0 0
343 103 75 0 0
344 103 76 0 0
345 104 76 0 0
346 103 76 0 0
347 104 76 0 0
348 103 76 0 0
349 104 76 0 0
350 103 76 0 0
351 103 77 0 0
352 104 77 0 0
353 103 77 0 0
354 104 77 0 0
355 103 77 0 0
356 103 78 0 0
357 104 78 0 0
358 104 79 0 0
359 105 79 0 0
360 104 79 0 0
361 105 79 0 0
362 104 79 0 0
363 105 79 0 0
364 104 79 0 0
365 104 80 0 0
366 105 80 0 0
367 104 80 0 0
368 105 80 0 0
369 104 80 0 0
370 104 81 0 0
371 105 81 0 0
372 104 81 0 0
373 105 81 0 0
374 104 81 0 0
375 104 82 0 0
376 105 82 0 0
377 104 82 0 0
378 105 82 0 0
379 104 82 0 0
380 104 83 0 0
381 105 83 0 0
382 104 83 0 0
383 105 83 0 0
384 104 83 0 0
385 105 83 0 0
386 105 84 0 0
387 106 84 0 0
388 105 84 0 0
389 106 84 0 0
390 105 84 0 0
391 105 85 0 0
392 106 85 0 0
393 105 85 0 0
394 105 86 0 0
395 106 86 0 0
396 105 86 0 0
397 106 86 0 0
398 105 86 0 0
399 106 86 0 0
400 105 86 0 0
401 105 87 0 0
402 106 87 0 0
403 105 87 0 0
404 106 87 0 0
405 105 87 0 0
406 105 88 0 0
407 106 88 0 0
408 107 88 0 0
409 106 88 0 0
410 107 88 0 0
411 106 88 0 0
412 106 89 0 0
413 107 89 0 0
414 106 89 0 0
415 107 89 0 0
416 106 89 0 0
417 106 90 0 0
418 107 90 0 0
419 106 90 0 0
420 107 90 0 0
421 108 90 0 0
422 107 90 0 0
423 107 91 0 0
424 108 91 0 0
425 107 91 0 0
426 108 91 0 0
427 107 91 0 0
428 108 91 0 0
429 107 91 0 0
430 108 91 0 0
431 107 91 0 0
432 107 92 0 0
433 108 92 0 0
434 109 92 0 0
435 108 92 0 0
436 109 92 0 0
437 108 92 0 0
438 108 93 0 0
439 109 93 0 0
440 108 93 0 0
441 109 93 0 0
442 108 93 0 0
443 108 94 0 0
444 109 94 0 0
445 110 94 0 0
446 109 94 0 0
447 110 94 0 0
448 109 94 0 0
449 109 95 0 0
450 110 95 0 0
451 109 95 0 0
452 110 95 0 0
453 109 95 0 0
454 110 95 0 0
455 109 95 0 0
456 109 96 0 0
457 110 96 0 0
458 111 96 0 0
459 110 96 0 0
460 111 96 0 0
461 110 96 0 0
462 111 96 0 0
463 110 96 0 0
464 110 97 0 0
465 111 97 0 0
466 111 98 0 0
467 112 98 0 0
468 111 98 0 0
469 112 98 0 0
470 111 98 0 0
471 112 98 0 0
472 111 98 0 0
473 112 98 0 0
474 111 98 0 0
475 111 99 0 0
476 112 99 0 0
477 111 99 0 0
478 112 99 0 0
479 113 99 0 0
480 112 99 0 0
481 112 100 0 0
482 113 100 0 0
483 112 100 0 0
484 113 100 0 0
485 112 100 0 0
486 113 100 0 0
487 112 100 0 0
488 112 101 0 0
489 113 101 0 0
490 112 101 0 0
491 113 101 0 0
492 113 102 0 0
493 114 102 0 0
494 113 102 0 0
495 114 102 0 0
496 113 102 0 0
497 114 102 0 0
498 113 102 0 0
499 113 103 0 0
500 114 103 0 0
501 115 103 0 0
502 114 103 0 0
503 115 103 0 0
504 114 103 0 0
505 115 103 0 0
506 114 103 0 0
507 114 104 0 0
508 115 104 0 0
509 114 104 0 0
510 115 104 0 0
511 115 105 0 0
512 116 105 0 0
513 115 105 0 0
514 116 105 0 0
515 115 105 0 0
516 116 105 0 0
517 115 105 0 0
518 115 106 0 0
519 116 106 0 0
520 115 106 0 0
521 116 106 0 0
522 115 106 0 0
523 116 106 0 0
524 117 106 0 0
525 116 106 0 0
526 116 107 0 0
527 117 107 0 0
528 116 107 0 0
529 117 107 0 0
530 116 107 0 0
531 117 107 0 0
532 118 107 0 0
533 117 107 0 0
534 117 108 0 0
535 118 108 0 0
536 117 108 0 0
537 118 108 0 0
538 117 108 0 0
539 117 109 0 0
540 118 109 0 0
541 117 109 0 0
542 118 109 0 0
543 119 109 0 0
544 118 109 0 0
545 119 109 0 0
546 118 109 0 0
547 119 109 0 0
548 120 109 0 0
549 119 109 0 0
550 119 110 0 0
551 120 110 0 0
552 119 110 0 0
553 120 110 0 0
554 119 110 0 0
555 120 110 0 0
556 121 110 0 0
557 120 110 0 0
558 120 111 0 0
559 121 111 0 0
560 120 111 0 0
561 121 111 0 0
562 122 111 0 0
563 121 111 0 0
564 122 111 0 0
565 123 111 0 0
566 122 111 0 0
567 123 111 0 0
568 122 111 0 0
569 123 111 0 0
570 122 111 0 0
571 122 112 0 0
572 123 112 0 0
573 124 112 0 0
574 123 112 0 0
575 124 112 0 0
576 125 112 0 0
577 124 112 0 0
578 125 112 0 0
579 124 112 0 0
580 124 113 0 0
581 125 113 0 0
582 126 113 0 0
583 125 113 0 0
584 126 113 0 0
585 127 113 0 0
586 126 113 0 0
587 126 114 0 0
588 127 114 0 0
589 126 114 0 0
590 127 114 0 0
591 128 114 0 0
592 127 114 0 0
593 128 114 0 0
594 127 114 0 0
595 128 114 0 0
596 129 114 0 0
597 128 114 0 0
598 129 114 0 0
599 128 114 0 0
600 129 114 0 0
601 129 115 0 0
602 130 115 0 0
603 129 115 0 0
604 130 115 0 0
605 131 115 0 0
606 130 115 0 0
607 131 115 0 0
608 130 115 0 0
609 130 116 0 0
610 131 116 0 0
611 132 116 0 0
612 131 116 0 0
613 132 116 0 0
614 131 116 0 0
615 132 116 0 0
616 133 116 0 0
617 132 116 0 0
618 133 116 0 0
619 132 116 0 0
620 132 117 0 0
621 133 117 0 0
622 134 117 0 0
623 133 117 0 0
624 134 117 0 0
625 135 117 0 0
626 134 117 0 0
627 135 117 0 0
628 134 117 0 0
629 135 117 0 0
630 136 117 0 0
631 135 117 0 0
632 135 118 0 0
633 136 118 0 0
634 135 118 0 0
635 136 118 0 0
636 137 118 0 0
637 136 118 0 0
638 137 118 0 0
639 138 118 0 0
640 137 118 0 0
641 138 118 0 0
642 137 118 0 0
643 138 118 0 0
644 138 119 0 0
645 139 119 0 0
646 138 119 0 0
647 139 119 0 0
648 138 119 0 0
649 139 119 0 0
650 139 120 0 0
651 140 120 0 0
652 139 120 0 0
653 140 120 0 0
654 139 120 0 0
655 140 120 0 0
656 141 120 0 0
657 140 120 0 0
658 141 120 0 0
659 142 120 0 0
660 141 120 0 0
661 142 120 0 0
662 141 120 0 0
663 141 121 0 0
664 142 121 0 0
665 143 121 0 0
666 142 121 0 0
667 143 121 0 0
668 144 121 0 0
669 143 121 0 0
670 144 121 0 0
671 143 121 0 0
672 144 121 0 0
673 145 121 0 0
674 144 121 0 0
675 144 122 0 0
676 145 122 0 0
677 144 122 0 0
678 145 122 0 0
679 146 122 0 0
680 145 122 0 0
681 146 122 0 0
682 147 122 0 0
683 146 122 0 0
684 147 122 0 0
685 146 122 0 0
686 147 122 0 0
687 148 122 0 0
688 147 122 0 0
689 148 122 0 0
690 149 122 0 0
691 148 122 0 0
692 149 122 0 0
693 150 122 0 0
694 149 122 0 0
695 150 122 0 0
696 149 122 0 0
697 150 122 0 0
698 151 122 0 0
699 152 122 0 0
700 151 122 0 0
701 152 122 0 0
702 151 122 0 0
703 151 123 0 0
704 152 123 0 0
705 153 123 0 0
706 152 123 0 0
707 153 123 0 0
708 152 123 0 0
709 153 123 0 0
710 154 123 0 0
711 155 123 0 0
712 154 123 0 0
713 155 123 0 0
714 154 123 0 0
715 155 123 0 0
716 156 123 0 0
717 155 123 0 0
718 156 123 0 0
719 157 123 0 0
720 156 123 0 0
721 157 123 0 0
722 158 123 0 0
723 157 123 0 0
724 158 123 0 0
725 157 123 0 0
726 157 124 0 0
727 158 124 0 0
728 159 124 0 0
729 158 124 0 0
730 159 124 0 0
731 160 124 0 0
732 159 124 0 0
733 160 124 0 0
734 161 124 0 0
735 160 124 0 0
736 161 124 0 0
737 162 124 0 0
738 161 124 0 0
739 162 124 0 0
740 161 124 0 0
741 162 124 0 0
742 163 124 0 0
743 162 124 0 0
744 163 124 0 0
745 164 124 0 0
746 163 124 0 0
747 164 124 0 0
748 165 124 0 0
749 164 124 0 0
750 165 124 0 0
751 164 124 0 0
752 165 124 0 0
753 166 124 0 0
754 165 124 0 0
755 166 124 0 0
756 167 124 0 0
757 166 124 0 0
758 167 124 0 0
759 166 124 0 0
760 167 124 0 0
761 168 124 0 0
762 167 124 0 0
763 168 124 0 0
764 169 124 0 0
765 168 124 0 0
766 169 124 0 0
767 170 124 0 0
768 169 124 0 0
769 170 124 0 0
770 169 124 0 0
771 170 124 0 0
772 171 124 0 0
773 170 124 0 0
774 171 124 0 0
775 172 124 0 0
776 171 124 0 0
777 172 124 0 0
778 171 124 0 0
779 172 124 0 0
780 173 124 0 0
781 172 124 0 0
782 173 124 0 0
783 174 124 0 0
784 173 124 0 0
785 174 124 0 0
786 175 124 0 0
787 174 124 0 0
788 175 124 0 0
789 174 124 0 0
790 175 124 0 0
791 176 124 0 0
792 175 124 0 0
793 176 124 0 0
794 175 124 0 0
795 176 124 0 0
796 177 124 0 0
797 176 124 0 0
798 177 124 0 0
799 178 124 0 0
800 177 124 0 0
801 178 124 0 0
802 178 123 0 0
803 179 123 0 0
804 178 123 0 0
805 179 123 0 0
806 178 123 0 0
807 179 123 0 0
808 180 123 0 0
809 179 123 0 0
810 180 123 0 0
811 181 123 0 0
812 180 123 0 0
813 181 123 0 0
814 182 123 0 0
815 181 123 0 0
816 182 123 0 0
817 181 123 0 0
818 182 123 0 0
819 183 123 0 0
820 182 123 0 0
821 183 123 0 0
822 184 123 0 0
823 183 123 0 0
824 184 123 0 0
825 183 123 0 0
826 184 123 0 0
827 185 123 0 0
828 184 123 0 0
829 185 123 0 0
830 184 123 0 0
831 185 123 0 0
832 186 123 0 0
833 185 123 0 0
834 186 123 0 0
835 187 123 0 0
836 186 123 0 0
837 187 123 0 0
838 188 123 0 0
839 187 123 0 0
840 188 123 0 0
841 187 123 0 0
842 188 123 0 0
843 189 123 0 0
844 188 123 0 0
845 189 123 0 0
846 190 123 0 0
847 189 123 0 0
848 190 123 0 0
849 189 123 0 0
850 190 123 0 0
851 191 123 0 0
852 190 123 0 0
853 191 123 0 0
