0 79 271 0 0
1 80 271 0 0
2 79 271 0 0
3 80 271 0 0
4 79 271 0 0
5 79 270 0 0
6 80 270 0 0
7 79 270 0 0
8 80 270 0 0
9 79 270 0 0
10 79 269 0 0
11 80 269 0 0
12 79 269 0 0
13 79 268 0 0
14 80 268 0 0
15 79 268 0 0
16 80 268 0 0
17 79 268 0 0
18 79 267 0 0
19 80 267 0 0
20 79 267 0 0
21 80 267 0 0
22 79 267 0 0
23 79 266 0 0
24 80 266 0 0
25 79 266 0 0
26 79 265 0 0
27 80 265 0 0
28 79 265 0 0
29 80 265 0 0
30 79 265 0 0
31 79 264 0 0
32 80 264 0 0
33 79 264 0 0
34 80 264 0 0
35 79 264 0 0
36 79 263 0 0
37 80 263 0 0
38 79 263 0 0
39 80 263 0 0
40 79 263 0 0
41 79 262 0 0
42 80 262 0 0
43 79 262 0 0
44 80 262 0 0
45 79 262 0 0
46 79 261 0 0
47 80 261 0 0
48 79 261 0 0
49 79 260 0 0
50 80 260 0 0
51 79 260 0 0
52 80 260 0 0
53 79 260 0 0
54 79 259 0 0
55 80 259 0 0
56 79 259 0 0
57 80 259 0 0
58 79 259 0 0
59 79 258 0 0
60 80 258 0 0
61 79 258 0 0
62 79 257 0 0
63 80 257 0 0
64 79 257 0 0
65 80 257 0 0
66 79 257 0 0
67 79 256 0 0
68 80 256 0 0
69 79 256 0 0
70 80 256 0 0
71 79 256 0 0
72 79 255 0 0
73 80 255 0 0
74 79 255 0 0
75 80 255 0 0
76 79 255 0 0
77 79 254 0 0
78 80 254 0 0
79 79 254 0 0
80 79 253 0 0
81 80 253 0 0
82 79 253 0 0
83 80 253 0 0
84 79 253 0 0
85 79 252 0 0
86 80 252 0 0
87 79 252 0 0
88 80 252 0 0
89 79 252 0 0
90 79 251 0 0
91 80 251 0 0
92 79 251 0 0
93 80 251 0 0
94 79 251 0 0
95 79 250 0 0
96 80 250 0 0
97 79 250 0 0
98 79 249 0 0
99 80 249 0 0
100 79 249 0 0
101 80 249 0 0
102 79 249 0 0
103 79 248 0 0
104 78 248 0 0
105 79 248 0 0
106 78 248 0 0
107 78 247 0 0
108 79 247 0 0
109 78 247 0 0
110 79 247 0 0
111 78 247 0 0
112 78 246 0 0
113 79 246 0 0
114 78 246 0 0
115 78 245 0 0
116 79 245 0 0
117 78 245 0 0
118 79 245 0 0
119 78 245 0 0
120 78 244 0 0
121 79 244 0 0
122 78 244 0 0
123 79 244 0 0
124 78 244 0 0
125 78 243 0 0
126 79 243 0 0
127 78 243 0 0
128 78 242 0 0
129 79 242 0 0
130 78 242 0 0
131 79 242 0 0
132 78 242 0 0
133 78 241 0 0
134 79 241 0 0
135 78 241 0 0
136 79 241 0 0
137 78 241 0 0
138 78 240 0 0
139 79 240 0 0
140 78 240 0 0
141 79 240 0 0
142 78 240 0 0
143 78 239 0 0
144 79 239 0 0
145 78 239 0 0
146 78 238 0 0
147 79 238 0 0
148 78 238 0 0
149 79 238 0 0
150 78 238 0 0
151 78 237 0 0
152 79 237 0 0
153 78 237 0 0
154 79 237 0 0
155 78 237 0 0
156 78 236 0 0
157 79 236 0 0
158 78 236 0 0
159 79 236 0 0
160 78 236 0 0
161 78 235 0 0
162 79 235 0 0
163 78 235 0 0
164 78 234 0 0
165 79 234 0 0
166 78 234 0 0
167 79 234 0 0
168 78 234 0 0
169 78 233 0 0
170 79 233 0 0
171 78 233 0 0
172 79 233 0 0
173 78 233 0 0
174 78 232 0 0
175 79 232 0 0
176 78 232 0 0
177 78 231 0 0
178 79 231 0 0
179 78 231 0 0
180 79 231 0 0
181 78 231 0 0
182 78 230 0 0
183 79 230 0 0
184 78 230 0 0
185 79 230 0 0
186 78 230 0 0
187 78 229 0 0
188 79 229 0 0
189 78 229 0 0
190 79 229 0 0
191 78 229 0 0
192 78 228 0 0
193 79 228 0 0
194 78 228 0 0
195 78 227 0 0
196 79 227 0 0
197 78 227 0 0
198 79 227 0 0
199 78 227 0 0
200 78 226 0 0
201 79 226 0 0
202 78 226 0 0
203 79 226 0 0
204 78 226 0 0
205 78 225 0 0
206 79 225 0 0
207 78 225 0 0
208 79 225 0 0
209 78 225 0 0
210 78 224 0 0
211 79 224 0 0
212 78 224 0 0
213 78 223 0 0
214 79 223 0 0
215 78 223 0 0
216 79 223 0 0
217 78 223 0 0
218 78 222 0 0
219 79 222 0 0
220 78 222 0 0
221 79 222 0 0
222 78 222 0 0
223 78 221 0 0
224 79 221 0 0
225 78 221 0 0
226 79 221 0 0
227 78 221 0 0
228 78 220 0 0
229 79 220 0 0
230 78 220 0 0
231 78 219 0 0
232 79 219 0 0
233 78 219 0 0
234 79 219 0 0
235 78 219 0 0
236 78 218 0 0
237 79 218 0 0
238 78 218 0 0
239 79 218 0 0
240 78 218 0 0
241 78 217 0 0
242 79 217 0 0
243 78 217 0 0
244 78 216 0 0
245 79 216 0 0
246 78 216 0 0
247 79 216 0 0
248 78 216 0 0
249 78 215 0 0
250 79 215 0 0
251 78 215 0 0
252 79 215 0 0
253 78 215 0 0
254 78 214 0 0
255 79 214 0 0
256 78 214 0 0
257 77 214 0 0
258 77 213 0 0
259 78 213 0 0
260 77 213 0 0
261 77 212 0 0
262 78 212 0 0
263 77 212 0 0
264 78 212 0 0
265 77 212 0 0
266 77 211 0 0
267 78 211 0 0
268 77 211 0 0
269 78 211 0 0
270 77 211 0 0
271 77 210 0 0
272 78 210 0 0
273 77 210 0 0
274 78 210 0 0
275 77 210 0 0
276 77 209 0 0
277 78 209 0 0
278 77 209 0 0
279 77 208 0 0
280 78 208 0 0
281 77 208 0 0
282 78 208 0 0
283 77 208 0 0
284 77 207 0 0
285 78 207 0 0
286 77 207 0 0
287 78 207 0 0
288 77 207 0 0
289 77 206 0 0
290 78 206 0 0
291 77 206 0 0
292 78 206 0 0
293 77 206 0 0
294 77 205 0 0
295 78 205 0 0
296 77 205 0 0
297 77 204 0 0
298 78 204 0 0
299 77 204 0 0
300 78 204 0 0
301 77 204 0 0
302 77 203 0 0
303 78 203 0 0
304 77 203 0 0
305 78 203 0 0
306 77 203 0 0
307 77 202 0 0
308 78 202 0 0
309 77 202 0 0
310 77 201 0 0
311 78 201 0 0
312 77 201 0 0
313 78 201 0 0
314 77 201 0 0
315 77 200 0 0
316 78 200 0 0
317 77 200 0 0
318 78 200 0 0
319 77 200 0 0
320 77 199 0 0
321 78 199 0 0
322 77 199 0 0
323 78 199 0 0
324 77 199 0 0
325 77 198 0 0
326 78 198 0 0
327 77 198 0 0
328 77 197 0 0
329 78 197 0 0
330 77 197 0 0
331 78 197 0 0
332 77 197 0 0
333 77 196 0 0
334 78 196 0 0
335 77 196 0 0
336 78 196 0 0
337 77 196 0 0
338 77 195 0 0
339 78 195 0 0
340 77 195 0 0
341 78 195 0 0
342 77 195 0 0
343 77 194 0 0
344 78 194 0 0
345 77 194 0 0
346 77 193 0 0
347 78 193 0 0
348 77 193 0 0
349 78 193 0 0
350 77 193 0 0
351 77 192 0 0
352 78 192 0 0
353 77 192 0 0
354 78 192 0 0
355 77 192 0 0
356 77 191 0 0
357 78 191 0 0
358 77 191 0 0
359 78 191 0 0
360 77 191 0 0
361 77 190 0 0
362 78 190 0 0
363 77 190 0 0
364 77 189 0 0
365 78 189 0 0
366 77 189 0 0
367 78 189 0 0
368 77 189 0 0
369 77 188 0 0
370 78 188 0 0
371 77 188 0 0
372 78 188 0 0
373 77 188 0 0
374 77 187 0 0
375 78 187 0 0
376 77 187 0 0
377 77 186 0 0
378 78 186 0 0
379 77 186 0 0
380 78 186 0 0
381 77 186 0 0
382 77 185 0 0
383 78 185 0 0
384 77 185 0 0
385 78 185 0 0
386 77 185 0 0
387 77 184 0 0
388 78 184 0 0
389 77 184 0 0
390 78 184 0 0
391 77 184 0 0
392 77 183 0 0
393 78 183 0 0
394 77 183 0 0
395 77 182 0 0
396 78 182 0 0
397 77 182 0 0
398 78 182 0 0
399 77 182 0 0
400 77 181 0 0
401 78 181 0 0
402 77 181 0 0
403 78 181 0 0
404 77 181 0 0
405 77 180 0 0
406 78 180 0 0
407 77 180 0 0
408 78 180 0 0
409 77 180 0 0
410 78 180 0 0
411 77 180 0 0
412 77 179 0 0
413 78 179 0 0
414 77 179 0 0
415 77 178 0 0
416 76 178 0 0
417 77 178 0 0
418 76 178 0 0
419 76 177 0 0
420 77 177 0 0
421 76 177 0 0
422 77 177 0 0
423 76 177 0 0
424 76 176 0 0
425 77 176 0 0
426 76 176 0 0
427 76 175 0 0
428 77 175 0 0
429 76 175 0 0
430 77 175 0 0
431 76 175 0 0
432 76 174 0 0
433 77 174 0 0
434 76 174 0 0
435 75 174 0 0
436 75 173 0 0
437 76 173 0 0
438 75 173 0 0
439 76 173 0 0
440 75 173 0 0
441 75 172 0 0
442 76 172 0 0
443 75 172 0 0
444 75 171 0 0
445 76 171 0 0
446 75 171 0 0
447 76 171 0 0
448 75 171 0 0
449 75 170 0 0
450 76 170 0 0
451 75 170 0 0
452 74 170 0 0
453 75 170 0 0
454 74 170 0 0
455 74 169 0 0
456 75 169 0 0
457 74 169 0 0
458 75 169 0 0
459 74 169 0 0
460 74 168 0 0
461 75 168 0 0
462 74 168 0 0
463 75 168 0 0
464 74 168 0 0
465 74 167 0 0
466 75 167 0 0
467 74 167 0 0
468 74 166 0 0
469 75 166 0 0
470 74 166 0 0
471 73 166 0 0
472 73 165 0 0
473 74 165 0 0
474 73 165 0 0
475 74 165 0 0
476 73 165 0 0
477 73 164 0 0
478 74 164 0 0
479 73 164 0 0
480 73 163 0 0
481 74 163 0 0
482 73 163 0 0
483 74 163 0 0
484 73 163 0 0
485 73 162 0 0
486 72 162 0 0
487 73 162 0 0
488 72 162 0 0
489 72 161 0 0
490 73 161 0 0
491 72 161 0 0
492 73 161 0 0
493 72 161 0 0
494 72 160 0 0
495 73 160 0 0
496 72 160 0 0
497 73 160 0 0
498 72 160 0 0
499 72 159 0 0
500 73 159 0 0
501 72 159 0 0
502 73 159 0 0
503 72 159 0 0
504 72 158 0 0
505 73 158 0 0
506 72 158 0 0
507 71 158 0 0
508 71 157 0 0
509 72 157 0 0
510 71 157 0 0
511 72 157 0 0
512 71 157 0 0
513 71 156 0 0
514 72 156 0 0
515 71 156 0 0
516 71 155 0 0
517 72 155 0 0
518 71 155 0 0
519 72 155 0 0
520 71 155 0 0
521 71 154 0 0
522 72 154 0 0
523 71 154 0 0
524 72 154 0 0
525 71 154 0 0
526 71 153 0 0
527 70 153 0 0
528 70 152 0 0
529 71 152 0 0
530 70 152 0 0
531 71 152 0 0
532 70 152 0 0
533 70 151 0 0
534 71 151 0 0
535 70 151 0 0
536 71 151 0 0
537 70 151 0 0
538 70 150 0 0
539 71 150 0 0
540 70 150 0 0
541 71 150 0 0
542 70 150 0 0
543 70 149 0 0
544 71 149 0 0
545 70 149 0 0
546 70 148 0 0
547 71 148 0 0
548 70 148 0 0
549 71 148 0 0
550 70 148 0 0
551 70 147 0 0
552 71 147 0 0
553 70 147 0 0
554 71 147 0 0
555 70 147 0 0
556 70 146 0 0
557 71 146 0 0
558 70 146 0 0
559 70 145 0 0
560 71 145 0 0
561 70 145 0 0
562 71 145 0 0
563 70 145 0 0
564 70 144 0 0
565 71 144 0 0
566 70 144 0 0
567 69 144 0 0
568 69 143 0 0
569 70 143 0 0
570 69 143 0 0
571 70 143 0 0
572 69 143 0 0
573 69 142 0 0
574 70 142 0 0
575 69 142 0 0
576 70 142 0 0
577 69 142 0 0
578 69 141 0 0
579 70 141 0 0
580 69 141 0 0
581 69 140 0 0
582 70 140 0 0
583 69 140 0 0
584 70 140 0 0
585 69 140 0 0
586 69 139 0 0
587 70 139 0 0
588 69 139 0 0
589 70 139 0 0
590 69 139 0 0
591 69 138 0 0
592 70 138 0 0
593 69 138 0 0
594 69 137 0 0
595 70 137 0 0
596 69 137 0 0
597 70 137 0 0
598 69 137 0 0
599 69 136 0 0
600 70 136 0 0
601 69 136 0 0
602 70 136 0 0
603 69 136 0 0
604 69 135 0 0
605 70 135 0 0
606 69 135 0 0
607 70 135 0 0
608 69 135 0 0
609 69 134 0 0
610 70 134 0 0
611 69 134 0 0
612 69 133 0 0
613 70 133 0 0
614 69 133 0 0
615 70 133 0 0
616 69 133 0 0
617 69 132 0 0
618 70 132 0 0
619 69 132 0 0
620 70 132 0 0
621 69 132 0 0
622 69 131 0 0
623 70 131 0 0
624 69 131 0 0
625 70 131 0 0
626 69 131 0 0
627 69 130 0 0
628 70 130 0 0
629 69 130 0 0
630 69 129 0 0
631 70 129 0 0
632 69 129 0 0
633 69 128 0 0
634 70 128 0 0
635 69 128 0 0
636 70 128 0 0
637 69 128 0 0
638 70 128 0 0
639 69 128 0 0
640 69 127 0 0
641 70 127 0 0
642 69 127 0 0
643 70 127 0 0
644 69 127 0 0
645 69 126 0 0
646 70 126 0 0
647 70 125 0 0
648 71 125 0 0
649 70 125 0 0
650 71 125 0 0
651 70 125 0 0
652 71 125 0 0
653 70 125 0 0
654 70 124 0 0
655 71 124 0 0
656 70 124 0 0
657 71 124 0 0
658 71 123 0 0
659 72 123 0 0
660 71 123 0 0
661 71 122 0 0
662 72 122 0 0
663 71 122 0 0
664 72 122 0 0
665 71 122 0 0
666 71 121 0 0
667 72 121 0 0
668 71 121 0 0
669 72 121 0 0
670 71 121 0 0
671 72 121 0 0
672 72 120 0 0
673 73 120 0 0
674 72 120 0 0
675 73 120 0 0
676 72 120 0 0
677 72 119 0 0
678 73 119 0 0
679 72 119 0 0
680 72 118 0 0
681 73 118 0 0
682 72 118 0 0
683 73 118 0 0
684 72 118 0 0
685 72 117 0 0
686 73 117 0 0
687 74 117 0 0
688 73 117 0 0
689 74 117 0 0
690 73 117 0 0
691 73 116 0 0
692 74 116 0 0
693 73 116 0 0
694 74 116 0 0
695 74 115 0 0
696 75 115 0 0
697 74 115 0 0
698 74 114 0 0
699 75 114 0 0
700 74 114 0 0
701 75 114 0 0
702 74 114 0 0
703 74 113 0 0
704 75 113 0 0
705 74 113 0 0
706 75 113 0 0
707 74 113 0 0
708 75 113 0 0
709 75 112 0 0
710 76 112 0 0
711 75 112 0 0
712 75 111 0 0
713 76 111 0 0
714 75 111 0 0
715 76 111 0 0
716 75 111 0 0
717 75 110 0 0
718 76 110 0 0
719 75 110 0 0
720 76 110 0 0
721 77 110 0 0
722 76 110 0 0
723 76 109 0 0
724 77 109 0 0
725 76 109 0 0
726 77 109 0 0
727 76 109 0 0
728 76 108 0 0
729 77 108 0 0
730 76 108 0 0
731 76 107 0 0
732 77 107 0 0
733 76 107 0 0
734 77 107 0 0
735 77 106 0 0
736 78 106 0 0
737 77 106 0 0
738 78 106 0 0
739 77 106 0 0
740 78 106 0 0
741 77 106 0 0
742 77 105 0 0
743 78 105 0 0
744 77 105 0 0
745 78 105 0 0
746 77 105 0 0
747 77 104 0 0
748 78 104 0 0
749 78 103 0 0
750 79 103 0 0
751 78 103 0 0
752 79 103 0 0
753 78 103 0 0
754 78 102 0 0
755 79 102 0 0
756 78 102 0 0
757 79 102 0 0
758 80 102 0 0
759 79 102 0 0
760 79 101 0 0
761 80 101 0 0
762 79 101 0 0
763 80 101 0 0
764 79 101 0 0
765 79 100 0 0
766 80 100 0 0
767 79 100 0 0
768 79 99 0 0
769 80 99 0 0
770 79 99 0 0
771 80 99 0 0
772 80 98 0 0
773 81 98 0 0
774 80 98 0 0
775 81 98 0 0
776 80 98 0 0
777 80 97 0 0
778 81 97 0 0
779 80 97 0 0
780 80 96 0 0
781 81 96 0 0
782 80 96 0 0
783 81 96 0 0
784 80 96 0 0
785 80 95 0 0
786 81 95 0 0
787 80 95 0 0
788 81 95 0 0
789 80 95 0 0
790 80 94 0 0
791 81 94 0 0
792 82 94 0 0
793 81 94 0 0
794 81 93 0 0
795 82 93 0 0
796 81 93 0 0
797 81 92 0 0
798 82 92 0 0
799 81 92 0 0
800 81 91 0 0
801 82 91 0 0
802 81 91 0 0
803 82 91 0 0
804 81 91 0 0
805 81 90 0 0
806 82 90 0 0
807 81 90 0 0
808 82 90 0 0
809 81 90 0 0
810 81 89 0 0
811 82 89 0 0
812 81 89 0 0
813 81 88 0 0
814 82 88 0 0
815 81 88 0 0
816 82 88 0 0
817 82 87 0 0
818 83 87 0 0
819 82 87 0 0
820 83 87 0 0
821 82 87 0 0
822 82 86 0 0
823 83 86 0 0
824 82 86 0 0
825 82 85 0 0
826 83 85 0 0
827 82 85 0 0
828 82 84 0 0
829 83 84 0 0
830 82 84 0 0
831 83 84 0 0
832 82 84 0 0
833 82 83 0 0
834 83 83 0 0
835 82 83 0 0
836 83 83 0 0
837 82 83 0 0
838 82 82 0 0
839 83 82 0 0
840 83 81 0 0
841 84 81 0 0
842 83 81 0 0
843 84 81 0 0
844 83 81 0 0
845 83 80 0 0
846 84 80 0 0
847 83 80 0 0
848 83 79 0 0
849 84 79 0 0
850 83 79 0 0
851 84 79 0 0
852 83 79 0 0
853 83 78 0 0
854 84 78 0 0
855 83 78 0 0
856 83 77 0 0
857 84 77 0 0
858 83 77 0 0
859 84 77 0 0
860 84 76 0 0
861 85 76 0 0
862 84 76 0 0
863 85 76 0 0
864 84 76 0 0
865 84 75 0 0
866 85 75 0 0
867 84 75 0 0
868 85 75 0 0
869 84 75 0 0
870 84 74 0 0
871 85 74 0 0
872 84 74 0 0
873 84 73 0 0
874 85 73 0 0
875 84 73 0 0
876 84 72 0 0
877 85 72 0 0
878 84 72 0 0
879 85 72 0 0
880 84 72 0 0
881 84 71 0 0
882 85 71 0 0
883 84 71 0 0
884 85 71 0 0
