0 18800 2000 0 0
1 18800 2200 0 0
2 18800 2400 0 0
3 18800 2600 0 0
4 18800 2800 0 0
5 18800 3000 0 0
6 18800 3200 0 0
7 18800 3400 0 0
8 18800 3600 0 0
9 18800 3800 0 0
10 18800 4000 0 0
11 18800 4200 0 0
12 18800 4400 0 0
13 18800 4600 0 0
14 18800 4800 0 0
15 18800 5000 0 0
16 18800 5200 0 0
17 18800 5400 0 0
18 18800 5600 0 0
19 18800 5800 0 0
20 18800 6000 0 0
21 18800 6200 0 0
22 18800 6400 0 0
23 18800 6600 0 0
24 18800 6800 0 0
25 18800 7000 0 0
26 18800 7200 0 0
27 18800 7400 0 0
28 18800 7600 0 0
29 18800 7800 0 0
30 18800 8000 0 0
31 18800 8200 0 0
32 18800 8400 0 0
33 18800 8600 0 0
34 18800 8800 0 0
35 18800 9000 0 0
36 18800 9200 0 0
37 18800 9400 0 0
38 18800 9600 0 0
39 18800 9800 0 0
40 18800 10000 0 0
41 18800 10200 0 0
42 18800 10400 0 0
43 18800 10600 0 0
44 18800 10800 0 0
45 18800 11000 0 0
46 18800 11200 0 0
47 18800 11400 0 0
48 18800 11600 0 0
49 18800 11800 0 0
50 18800 12000 0 0
51 18800 12200 0 0
52 18800 12400 0 0
53 18800 12600 0 0
54 19000 12600 0 0
55 19000 12800 0 0
56 19000 13000 0 0
57 19000 13200 0 0
58 19000 13400 0 0
59 19000 13600 0 0
60 19000 13800 0 0
61 19000 14000 0 0
62 19000 14200 0 0
63 19000 14400 0 0
64 19000 14600 0 0
65 19000 14800 0 0
66 19000 15000 0 0
67 19000 15200 0 0
68 19000 15400 0 0
69 19000 15600 0 0
70 19000 15800 0 0
71 19000 16000 0 0
72 19200 16000 0 0
73 19200 16200 0 0
74 19200 16400 0 0
75 19200 16600 0 0
76 19200 16800 0 0
77 19200 17000 0 0
78 19400 17000 0 0
79 19400 17200 0 0
80 19400 17400 0 0
81 19400 17600 0 0
82 19600 17600 0 0
83 19600 17800 0 0
84 19600 18000 0 0
85 19600 18200 0 0
86 19600 18400 0 0
87 19600 18600 0 0
88 19600 18800 0 0
89 19800 18800 0 0
90 19800 19000 0 0
91 19800 19200 0 0
92 20000 19200 0 0
93 20000 19400 0 0
94 20000 19600 0 0
95 20200 19600 0 0
96 20200 19800 0 0
97 20200 20000 0 0
98 20400 20000 0 0
99 20400 20200 0 0
100 20400 20400 0 0
101 20400 20600 0 0
102 20600 20600 0 0
103 20600 20800 0 0
104 20600 21000 0 0
105 20600 21200 0 0
106 20800 21200 0 0
107 20800 21400 0 0
108 20800 21600 0 0
109 21000 21600 0 0
110 21000 21800 0 0
111 21000 22000 0 0
112 21000 22200 0 0
113 21000 22400 0 0
114 21000 22600 0 0
115 21200 22600 0 0
116 21200 22800 0 0
117 21200 23000 0 0
118 21200 23200 0 0
119 21200 23400 0 0
120 21400 23400 0 0
121 21400 23600 0 0
122 21400 23800 0 0
123 21400 24000 0 0
124 21400 24200 0 0
125 21400 24400 0 0
126 21600 24400 0 0
127 21600 24600 0 0
128 21600 24800 0 0
129 21600 25000 0 0
130 21600 25200 0 0
131 21600 25400 0 0
132 21600 25600 0 0
133 21800 25600 0 0
134 21800 25800 0 0
135 21800 26000 0 0
136 21800 26200 0 0
137 21800 26400 0 0
138 21800 26600 0 0
139 22000 26600 0 0
140 22000 26800 0 0
141 22000 27000 0 0
142 22000 27200 0 0
143 22000 27400 0 0
144 22000 27600 0 0
145 22000 27800 0 0
146 22000 28000 0 0
147 22000 28200 0 0
148 22200 28200 0 0
149 22200 28400 0 0
150 22000 28400 0 0
151 22000 28600 0 0
152 22000 28800 0 0
153 22000 29000 0 0
154 21800 29000 0 0
155 21800 29200 0 0
156 21800 29400 0 0
157 21600 29400 0 0
158 21600 29600 0 0
159 21600 29800 0 0
160 21600 30000 0 0
161 21400 30000 0 0
162 21400 30200 0 0
163 21400 30400 0 0
164 21400 30600 0 0
165 21200 30600 0 0
166 21200 30800 0 0
167 21200 31000 0 0
168 21000 31000 0 0
169 21000 31200 0 0
170 21000 31400 0 0
171 21000 31600 0 0
172 20800 31600 0 0
173 20800 31800 0 0
174 20800 32000 0 0
175 20600 32000 0 0
176 20600 32200 0 0
177 20600 32400 0 0
178 20600 32600 0 0
179 20400 32600 0 0
180 20400 32800 0 0
181 20400 33000 0 0
182 20200 33000 0 0
183 20200 33200 0 0
184 20200 33400 0 0
185 20200 33600 0 0
186 20000 33600 0 0
187 20000 33800 0 0
188 20000 34000 0 0
189 19800 34000 0 0
190 19800 34200 0 0
191 19600 34200 0 0
192 19600 34400 0 0
193 19600 34600 0 0
194 19400 34600 0 0
195 19200 34600 0 0
196 19200 34800 0 0
197 19000 34800 0 0
198 19000 35000 0 0
199 19000 35200 0 0
200 18800 35200 0 0
201 18600 35200 0 0
202 18600 35400 0 0
203 18400 35400 0 0
204 18400 35600 0 0
205 18200 35600 0 0
206 18200 35800 0 0
207 18200 36000 0 0
208 18000 36000 0 0
209 18000 36200 0 0
210 17800 36200 0 0
211 17600 36200 0 0
212 17600 36400 0 0
213 17400 36400 0 0
214 17400 36600 0 0
215 17400 36800 0 0
216 17200 36800 0 0
217 17000 36800 0 0
218 17000 37000 0 0
219 16800 37000 0 0
220 16600 37000 0 0
221 16400 37000 0 0
222 16200 37000 0 0
223 16000 37000 0 0
224 15800 37000 0 0
225 15600 37000 0 0
226 15400 37000 0 0
227 15200 37000 0 0
228 15000 37000 0 0
229 14800 37000 0 0
230 14600 37000 0 0
231 14400 37000 0 0
232 14200 37000 0 0
233 14000 37000 0 0
234 13800 37000 0 0
235 13600 37000 0 0
236 13400 37000 0 0
237 13200 37000 0 0
238 13000 37000 0 0
239 12800 37000 0 0
240 12800 36800 0 0
241 12600 36800 0 0
242 12400 36800 0 0
243 12200 36800 0 0
244 12000 36800 0 0
245 11800 36800 0 0
246 11600 36800 0 0
247 11400 36800 0 0
248 11200 36800 0 0
249 11000 36800 0 0
250 10800 36800 0 0
251 10600 36800 0 0
252 10600 36600 0 0
253 10400 36600 0 0
254 10400 36400 0 0
255 10200 36400 0 0
256 10200 36200 0 0
257 10200 36000 0 0
258 10000 36000 0 0
259 10000 35800 0 0
260 10000 35600 0 0
261 9800 35600 0 0
262 9800 35400 0 0
263 9600 35400 0 0
264 9600 35200 0 0
265 9400 35200 0 0
266 9400 35000 0 0
267 9400 34800 0 0
268 9200 34800 0 0
269 9200 34600 0 0
270 9000 34600 0 0
271 9000 34400 0 0
272 9000 34200 0 0
273 8800 34200 0 0
274 8800 34000 0 0
275 8600 34000 0 0
276 8600 33800 0 0
277 8400 33800 0 0
278 8400 33600 0 0
279 8400 33400 0 0
280 8200 33400 0 0
281 8200 33200 0 0
282 8000 33200 0 0
283 8000 33000 0 0
284 7800 33000 0 0
285 7800 32800 0 0
286 7800 32600 0 0
287 7600 32600 0 0
288 7600 32400 0 0
289 7400 32400 0 0
290 7400 32200 0 0
291 7200 32200 0 0
292 7200 32000 0 0
293 7200 31800 0 0
294 7000 31800 0 0
295 7000 31600 0 0
296 6800 31600 0 0
297 6800 31400 0 0
298 6600 31400 0 0
299 6600 31200 0 0
300 6600 31000 0 0
301 6400 31000 0 0
302 6200 31000 0 0
303 6200 30800 0 0
304 6200 30600 0 0
305 6000 30600 0 0
306 6000 30400 0 0
307 6000 30200 0 0
308 5800 30200 0 0
309 5600 30200 0 0
310 5600 30000 0 0
311 5600 29800 0 0
312 5400 29800 0 0
313 5400 29600 0 0
314 5400 29400 0 0
315 5200 29400 0 0
316 5000 29400 0 0
317 5000 29200 0 0
318 4800 29200 0 0
319 4800 29000 0 0
320 4600 29000 0 0
321 4400 29000 0 0
322 4400 28800 0 0
323 4200 28800 0 0
324 4000 28800 0 0
325 3800 28800 0 0
326 3800 28600 0 0
327 3600 28600 0 0
328 3400 28600 0 0
329 3200 28600 0 0
330 3000 28600 0 0
331 3000 28400 0 0
332 2800 28400 0 0
333 2800 28200 0 0
334 2600 28200 0 0
335 2400 28200 0 0
336 2200 28200 0 0
337 2000 28200 0 0
338 2000 28000 0 0
339 1800 28000 0 0
340 1600 28000 0 0
341 1400 28000 0 0
342 1400 27800 0 0
343 1200 27800 0 0
344 1000 27800 0 0
345 800 27800 0 0
346 800 27600 0 0
347 600 27600 0 0
