0 101 6 0 0
1 101 7 0 0
2 101 8 0 0
3 101 9 0 0
4 101 10 0 0
5 101 11 0 0
6 101 12 0 0
7 101 13 0 0
8 101 14 0 0
9 101 15 0 0
10 101 16 0 0
11 101 17 0 0
12 101 18 0 0
13 101 19 0 0
14 101 20 0 0
15 101 21 0 0
16 101 22 0 0
17 101 23 0 0
18 101 24 0 0
19 102 24 0 0
20 102 25 0 0
21 102 26 0 0
22 102 27 0 0
23 102 28 0 0
24 102 29 0 0
25 102 30 0 0
26 102 31 0 0
27 102 32 0 0
28 102 33 0 0
29 102 34 0 0
30 102 35 0 0
31 102 36 0 0
32 102 37 0 0
33 102 38 0 0
34 102 39 0 0
35 102 40 0 0
36 102 41 0 0
37 102 42 0 0
38 102 43 0 0
39 102 44 0 0
40 102 45 0 0
41 102 46 0 0
42 102 47 0 0
43 102 48 0 0
44 102 49 0 0
45 102 50 0 0
46 102 51 0 0
47 102 52 0 0
48 102 53 0 0
49 102 54 0 0
50 103 54 0 0
51 103 55 0 0
52 103 56 0 0
53 103 57 0 0
54 103 58 0 0
55 103 59 0 0
56 103 60 0 0
57 103 61 0 0
58 103 62 0 0
59 103 63 0 0
60 104 63 0 0
61 104 64 0 0
62 104 65 0 0
63 104 66 0 0
64 104 67 0 0
65 104 68 0 0
66 104 69 0 0
67 104 70 0 0
68 104 71 0 0
69 105 71 0 0
70 105 72 0 0
71 105 73 0 0
72 105 74 0 0
73 105 75 0 0
74 105 76 0 0
75 105 77 0 0
76 105 78 0 0
77 105 79 0 0
78 105 80 0 0
79 105 81 0 0
80 106 81 0 0
81 106 82 0 0
82 106 83 0 0
83 107 83 0 0
84 107 84 0 0
85 108 84 0 0
86 108 85 0 0
87 108 86 0 0
88 109 86 0 0
89 110 86 0 0
90 110 87 0 0
91 110 88 0 0
92 111 88 0 0
93 111 89 0 0
94 112 89 0 0
95 112 90 0 0
96 112 91 0 0
97 113 91 0 0
98 113 92 0 0
99 113 93 0 0
100 114 93 0 0
101 114 94 0 0
102 115 94 0 0
103 115 95 0 0
104 115 96 0 0
105 115 97 0 0
106 116 97 0 0
107 116 98 0 0
108 116 99 0 0
109 116 100 0 0
110 117 100 0 0
111 117 101 0 0
112 117 102 0 0
113 117 103 0 0
114 117 104 0 0
115 118 104 0 0
116 118 105 0 0
117 118 106 0 0
118 117 106 0 0
119 117 107 0 0
120 117 108 0 0
121 117 109 0 0
122 117 110 0 0
123 117 111 0 0
124 117 112 0 0
125 117 113 0 0
126 116 113 0 0
127 116 114 0 0
128 116 115 0 0
129 116 116 0 0
130 116 117 0 0
131 116 118 0 0
132 115 118 0 0
133 115 119 0 0
134 115 120 0 0
135 115 121 0 0
136 115 122 0 0
137 115 123 0 0
138 115 124 0 0
139 115 125 0 0
140 115 126 0 0
141 114 126 0 0
142 114 127 0 0
143 114 128 0 0
144 114 129 0 0
145 114 130 0 0
146 114 131 0 0
147 114 132 0 0
148 114 133 0 0
149 114 134 0 0
150 114 135 0 0
151 113 135 0 0
152 113 136 0 0
153 113 137 0 0
154 113 138 0 0
155 113 139 0 0
156 113 140 0 0
157 113 141 0 0
158 113 142 0 0
159 113 143 0 0
160 113 144 0 0
161 113 145 0 0
162 113 146 0 0
163 113 147 0 0
164 113 148 0 0
165 113 149 0 0
166 113 150 0 0
167 113 151 0 0
168 113 152 0 0
169 113 153 0 0
170 113 154 0 0
171 113 155 0 0
172 113 156 0 0
173 113 157 0 0
174 113 158 0 0
175 113 159 0 0
176 114 159 0 0
177 114 160 0 0
178 114 161 0 0
179 114 162 0 0
180 114 163 0 0
181 114 164 0 0
182 114 165 0 0
183 113 165 0 0
184 113 166 0 0
185 113 167 0 0
186 113 168 0 0
187 113 169 0 0
188 113 170 0 0
189 113 171 0 0
190 113 172 0 0
191 113 173 0 0
192 114 173 0 0
193 114 174 0 0
194 114 175 0 0
195 114 176 0 0
196 114 177 0 0
197 114 178 0 0
198 115 178 0 0
199 115 179 0 0
200 115 180 0 0
201 115 181 0 0
202 115 182 0 0
203 115 183 0 0
204 115 184 0 0
205 115 185 0 0
206 116 185 0 0
207 116 186 0 0
208 116 187 0 0
209 116 188 0 0
210 116 189 0 0
211 116 190 0 0
212 117 190 0 0
213 117 191 0 0
214 117 192 0 0
215 117 193 0 0
216 117 194 0 0
217 118 194 0 0
218 118 195 0 0
219 118 196 0 0
220 118 197 0 0
221 118 198 0 0
222 118 199 0 0
223 118 200 0 0
224 119 200 0 0
225 119 201 0 0
226 119 202 0 0
227 119 203 0 0
228 119 204 0 0
229 119 205 0 0
230 119 206 0 0
231 120 206 0 0
232 120 207 0 0
233 120 208 0 0
234 120 209 0 0
235 120 210 0 0
236 120 211 0 0
237 120 212 0 0
238 120 213 0 0
239 120 214 0 0
240 120 215 0 0
241 120 216 0 0
242 120 217 0 0
243 120 218 0 0
244 121 218 0 0
245 121 219 0 0
246 121 220 0 0
247 121 221 0 0
248 121 222 0 0
249 121 223 0 0
250 121 224 0 0
251 121 225 0 0
252 121 226 0 0
253 121 227 0 0
254 121 228 0 0
255 121 229 0 0
256 121 230 0 0
257 121 231 0 0
258 121 232 0 0
259 121 233 0 0
260 121 234 0 0
