0 200 17800 0 0
1 400 17800 0 0
2 600 17800 0 0
3 800 17800 0 0
4 1000 17800 0 0
5 1200 17800 0 0
6 1400 17800 0 0
7 1600 17800 0 0
8 1800 17800 0 0
9 2000 17800 0 0
10 2200 17800 0 0
11 2200 17600 0 0
12 2200 17800 0 0
13 2400 17800 0 0
14 2600 17800 0 0
15 2800 17800 0 0
16 3000 17800 0 0
17 3200 17800 0 0
18 3400 17800 0 0
19 3600 17800 0 0
20 3800 17800 0 0
21 4000 17800 0 0
22 4200 17800 0 0
23 4400 17800 0 0
24 4600 17800 0 0
25 4800 17800 0 0
26 5000 17800 0 0
27 5200 17800 0 0
28 5400 17800 0 0
29 5600 17800 0 0
30 5800 17800 0 0
31 6000 17800 0 0
32 6200 17800 0 0
33 6400 17800 0 0
34 6600 17800 0 0
35 6800 17800 0 0
36 7000 17800 0 0
37 7200 17800 0 0
38 7400 17800 0 0
39 7600 17800 0 0
40 7800 17800 0 0
41 8000 17800 0 0
42 8200 17800 0 0
43 8400 17800 0 0
44 8600 17800 0 0
45 8800 17800 0 0
46 9000 17800 0 0
47 9200 17800 0 0
48 9400 17800 0 0
49 9600 17800 0 0
50 9800 17800 0 0
51 10000 17800 0 0
52 10200 17800 0 0
53 10400 17800 0 0
54 10600 17800 0 0
55 10800 17800 0 0
56 11000 17800 0 0
57 11200 17800 0 0
58 11400 17800 0 0
59 11600 17800 0 0
60 11800 17800 0 0
61 12000 17800 0 0
62 12200 17800 0 0
63 12400 17800 0 0
64 12600 17800 0 0
65 12600 17600 0 0
66 12800 17600 0 0
67 13000 17600 0 0
68 13200 17600 0 0
69 13400 17600 0 0
70 13600 17600 0 0
71 13600 17400 0 0
72 13800 17400 0 0
73 14000 17400 0 0
74 14200 17400 0 0
75 14400 17400 0 0
76 14600 17400 0 0
77 14600 17200 0 0
78 14800 17200 0 0
79 15000 17200 0 0
80 15200 17200 0 0
81 15400 17200 0 0
82 15400 17000 0 0
83 15600 17000 0 0
84 15800 17000 0 0
85 16000 17000 0 0
86 16200 17000 0 0
87 16400 17000 0 0
88 16400 16800 0 0
89 16600 16800 0 0
90 16800 16800 0 0
91 17000 16800 0 0
92 17200 16800 0 0
93 17200 16600 0 0
94 17400 16600 0 0
95 17600 16600 0 0
96 17800 16600 0 0
97 18000 16600 0 0
98 18200 16600 0 0
99 18400 16600 0 0
100 18400 16400 0 0
101 18600 16400 0 0
102 18800 16400 0 0
103 19000 16400 0 0
104 19200 16400 0 0
105 19400 16400 0 0
106 19600 16400 0 0
107 19800 16400 0 0
108 20000 16400 0 0
109 20200 16400 0 0
110 20400 16400 0 0
111 20600 16400 0 0
112 20800 16400 0 0
113 20800 16200 0 0
114 21000 16200 0 0
115 21000 16400 0 0
116 21200 16400 0 0
117 21400 16400 0 0
118 21600 16400 0 0
119 21800 16400 0 0
120 22000 16400 0 0
121 22200 16400 0 0
122 22200 16600 0 0
123 22400 16600 0 0
124 22600 16600 0 0
125 22800 16600 0 0
126 23000 16600 0 0
127 23200 16600 0 0
128 23400 16600 0 0
129 23600 16600 0 0
130 23800 16600 0 0
131 24000 16600 0 0
132 24200 16600 0 0
133 24200 16800 0 0
134 24400 16800 0 0
135 24600 16800 0 0
136 24800 16800 0 0
137 25000 16800 0 0
138 25200 16800 0 0
139 25400 16800 0 0
140 25600 16800 0 0
141 25600 17000 0 0
142 25800 17000 0 0
143 26000 17000 0 0
144 26200 17000 0 0
145 26400 17000 0 0
146 26600 17000 0 0
147 26800 17000 0 0
148 26800 17200 0 0
149 27000 17200 0 0
150 27200 17200 0 0
151 27400 17200 0 0
152 27600 17200 0 0
153 27600 17400 0 0
154 27800 17400 0 0
155 28000 17400 0 0
156 28200 17400 0 0
157 28400 17400 0 0
158 28400 17600 0 0
159 28600 17600 0 0
160 28800 17600 0 0
161 29000 17600 0 0
162 29000 17800 0 0
163 29200 17800 0 0
164 29400 17800 0 0
165 29600 17800 0 0
166 29600 18000 0 0
167 29800 18000 0 0
168 30000 18000 0 0
169 30200 18000 0 0
170 30400 18000 0 0
171 30400 18200 0 0
172 30600 18200 0 0
173 30800 18200 0 0
174 31000 18200 0 0
175 31200 18200 0 0
176 31200 18400 0 0
177 31400 18400 0 0
178 31600 18400 0 0
179 31800 18400 0 0
180 32000 18400 0 0
181 32200 18400 0 0
182 32200 18600 0 0
183 32400 18600 0 0
184 32600 18600 0 0
185 32800 18600 0 0
186 33000 18600 0 0
187 33000 18800 0 0
188 33200 18800 0 0
189 33400 18800 0 0
190 33600 18800 0 0
191 33800 18800 0 0
192 34000 18800 0 0
193 34000 19000 0 0
194 34200 19000 0 0
195 34400 19000 0 0
196 34600 19000 0 0
197 34800 19000 0 0
198 35000 19000 0 0
199 35000 19200 0 0
200 35200 19200 0 0
201 35400 19200 0 0
202 35600 19200 0 0
203 35800 19200 0 0
204 35800 19400 0 0
205 36000 19400 0 0
206 36200 19400 0 0
207 36400 19400 0 0
208 36600 19400 0 0
209 36800 19400 0 0
210 36800 19600 0 0
211 37000 19600 0 0
