0 600 18000 0 0
1 800 18000 0 0
2 1000 18000 0 0
3 1200 18000 0 0
4 1400 18000 0 0
5 1600 18000 0 0
6 1800 18000 0 0
7 2000 18000 0 0
8 2200 18000 0 0
9 2400 18000 0 0
10 2600 18000 0 0
11 2800 18000 0 0
12 3000 18000 0 0
13 3200 18000 0 0
14 3400 18000 0 0
15 3600 18000 0 0
16 3800 18000 0 0
17 4000 18000 0 0
18 4200 18000 0 0
19 4400 18000 0 0
20 4600 18000 0 0
21 4800 18000 0 0
22 5000 18000 0 0
23 5200 18000 0 0
24 5400 18000 0 0
25 5600 18000 0 0
26 5800 18000 0 0
27 6000 18000 0 0
28 6200 18000 0 0
29 6400 18000 0 0
30 6600 18000 0 0
31 6800 18000 0 0
32 7000 18000 0 0
33 7200 18000 0 0
34 7400 18000 0 0
35 7600 18000 0 0
36 7800 18000 0 0
37 8000 18000 0 0
38 8200 18000 0 0
39 8400 18000 0 0
40 8600 18000 0 0
41 8800 18000 0 0
42 9000 18000 0 0
43 9200 18000 0 0
44 9400 18000 0 0
45 9600 18000 0 0
46 9800 18000 0 0
47 10000 18000 0 0
48 10000 17800 0 0
49 10200 17800 0 0
50 10400 17800 0 0
51 10600 17800 0 0
52 10800 17800 0 0
53 11000 17800 0 0
54 11200 17800 0 0
55 11400 17800 0 0
56 11600 17800 0 0
57 11800 17800 0 0
58 12000 17800 0 0
59 12200 17800 0 0
60 12400 17800 0 0
61 12400 17600 0 0
62 12600 17600 0 0
63 12800 17600 0 0
64 13000 17600 0 0
65 13200 17600 0 0
66 13400 17600 0 0
67 13400 17400 0 0
68 13600 17400 0 0
69 13800 17400 0 0
70 14000 17400 0 0
71 14200 17400 0 0
72 14200 17200 0 0
73 14400 17200 0 0
74 14600 17200 0 0
75 14800 17200 0 0
76 15000 17200 0 0
77 15000 17000 0 0
78 15200 17000 0 0
79 15400 17000 0 0
80 15600 17000 0 0
81 15800 17000 0 0
82 16000 17000 0 0
83 16000 16800 0 0
84 16200 16800 0 0
85 16400 16800 0 0
86 16600 16800 0 0
87 16800 16800 0 0
88 16800 16600 0 0
89 17000 16600 0 0
90 17200 16600 0 0
91 17400 16600 0 0
92 17600 16600 0 0
93 17800 16600 0 0
94 18000 16600 0 0
95 18200 16600 0 0
96 18400 16600 0 0
97 18400 16400 0 0
98 18600 16400 0 0
99 18800 16400 0 0
100 19000 16400 0 0
101 19200 16400 0 0
102 19400 16400 0 0
103 19600 16400 0 0
104 19800 16400 0 0
105 20000 16400 0 0
106 20200 16400 0 0
107 20400 16400 0 0
108 20400 16200 0 0
109 20600 16200 0 0
110 20800 16200 0 0
111 21000 16200 0 0
112 21200 16200 0 0
113 21400 16200 0 0
114 21600 16200 0 0
115 21800 16200 0 0
116 21800 16400 0 0
117 22000 16400 0 0
118 22200 16400 0 0
119 22400 16400 0 0
120 22600 16400 0 0
121 22800 16400 0 0
122 22800 16600 0 0
123 23000 16600 0 0
124 23200 16600 0 0
125 23400 16600 0 0
126 23600 16600 0 0
127 23600 16800 0 0
128 23800 16800 0 0
129 24000 16800 0 0
130 24200 16800 0 0
131 24400 16800 0 0
132 24400 17000 0 0
133 24600 17000 0 0
134 24800 17000 0 0
135 25000 17000 0 0
136 25200 17000 0 0
137 25200 17200 0 0
138 25400 17200 0 0
139 25600 17200 0 0
140 25800 17200 0 0
141 26000 17200 0 0
142 26000 17400 0 0
143 26200 17400 0 0
144 26400 17400 0 0
145 26600 17400 0 0
146 26800 17400 0 0
147 26800 17600 0 0
148 27000 17600 0 0
149 27200 17600 0 0
150 27400 17600 0 0
151 27400 17800 0 0
152 27600 17800 0 0
153 27800 17800 0 0
154 28000 17800 0 0
155 28200 17800 0 0
156 28200 18000 0 0
157 28400 18000 0 0
158 28600 18000 0 0
159 28800 18000 0 0
160 29000 18000 0 0
161 29000 18200 0 0
162 29200 18200 0 0
163 29400 18200 0 0
164 29600 18200 0 0
165 29800 18200 0 0
166 30000 18200 0 0
167 30200 18200 0 0
168 30400 18200 0 0
169 30400 18400 0 0
170 30600 18400 0 0
171 30800 18400 0 0
172 31000 18400 0 0
173 31200 18400 0 0
174 31400 18400 0 0
175 31600 18400 0 0
176 31800 18400 0 0
177 31800 18600 0 0
178 32000 18600 0 0
179 32200 18600 0 0
180 32400 18600 0 0
181 32600 18600 0 0
182 32800 18600 0 0
183 33000 18600 0 0
184 33000 18800 0 0
185 33200 18800 0 0
186 33400 18800 0 0
187 33600 18800 0 0
188 33800 18800 0 0
189 34000 18800 0 0
190 34200 18800 0 0
191 34400 18800 0 0
192 34400 19000 0 0
193 34600 19000 0 0
194 34800 19000 0 0
195 35000 19000 0 0
196 35200 19000 0 0
197 35400 19000 0 0
198 35600 19000 0 0
199 35800 19000 0 0
200 36000 19000 0 0
201 36200 19000 0 0
202 36400 19000 0 0
203 36600 19000 0 0
204 36800 19000 0 0
205 36800 19200 0 0
206 37000 19200 0 0
207 37000 19000 0 0
208 37200 19000 0 0
209 37400 19000 0 0
210 37400 19200 0 0
211 37600 19200 0 0
212 37800 19200 0 0
213 37800 19000 0 0
214 38000 19000 0 0
215 38000 19200 0 0
216 38200 19200 0 0
217 38400 19200 0 0
