0 195 108 0 0
1 194 108 0 0
2 193 108 0 0
3 192 108 0 0
4 191 108 0 0
5 191 107 0 0
6 190 107 0 0
7 189 107 0 0
8 188 107 0 0
9 187 107 0 0
10 186 107 0 0
11 185 107 0 0
12 184 107 0 0
13 183 107 0 0
14 182 107 0 0
15 182 106 0 0
16 181 106 0 0
17 180 106 0 0
18 179 106 0 0
19 178 106 0 0
20 177 106 0 0
21 176 106 0 0
22 176 105 0 0
23 175 105 0 0
24 174 105 0 0
25 173 105 0 0
26 172 105 0 0
27 171 105 0 0
28 170 105 0 0
29 169 105 0 0
30 169 104 0 0
31 168 104 0 0
32 167 104 0 0
33 166 104 0 0
34 165 104 0 0
35 164 104 0 0
36 163 104 0 0
37 163 103 0 0
38 162 103 0 0
39 161 103 0 0
40 160 103 0 0
41 159 103 0 0
42 158 103 0 0
43 157 103 0 0
44 156 103 0 0
45 156 102 0 0
46 155 102 0 0
47 154 102 0 0
48 153 102 0 0
49 152 102 0 0
50 151 102 0 0
51 150 102 0 0
52 149 102 0 0
53 148 102 0 0
54 147 102 0 0
55 146 102 0 0
56 145 102 0 0
57 144 102 0 0
58 143 102 0 0
59 142 102 0 0
60 141 102 0 0
61 141 103 0 0
62 140 103 0 0
63 139 103 0 0
64 138 103 0 0
65 138 104 0 0
66 137 104 0 0
67 136 104 0 0
68 135 104 0 0
69 134 104 0 0
70 134 105 0 0
71 133 105 0 0
72 132 105 0 0
73 131 105 0 0
74 131 106 0 0
75 130 106 0 0
76 129 106 0 0
77 128 106 0 0
78 127 106 0 0
79 127 107 0 0
80 126 107 0 0
81 125 107 0 0
82 125 108 0 0
83 124 108 0 0
84 123 108 0 0
85 123 109 0 0
86 122 109 0 0
87 122 110 0 0
88 121 110 0 0
89 121 111 0 0
90 120 111 0 0
91 120 112 0 0
92 119 112 0 0
93 118 112 0 0
94 118 113 0 0
95 117 113 0 0
96 117 114 0 0
97 116 114 0 0
98 115 114 0 0
99 115 115 0 0
100 114 115 0 0
101 113 115 0 0
102 113 116 0 0
103 112 116 0 0
104 111 116 0 0
105 110 116 0 0
106 110 117 0 0
107 109 117 0 0
108 108 117 0 0
109 107 117 0 0
110 106 117 0 0
111 106 118 0 0
112 105 118 0 0
113 104 118 0 0
114 103 118 0 0
115 102 118 0 0
116 101 118 0 0
117 100 118 0 0
118 99 118 0 0
119 98 118 0 0
120 97 118 0 0
121 96 118 0 0
122 96 117 0 0
123 95 117 0 0
124 94 117 0 0
125 93 117 0 0
126 92 117 0 0
127 91 117 0 0
128 90 117 0 0
129 90 116 0 0
130 89 116 0 0
131 88 116 0 0
132 87 116 0 0
133 86 116 0 0
134 85 116 0 0
135 85 115 0 0
136 84 115 0 0
137 83 115 0 0
138 82 115 0 0
139 82 114 0 0
140 81 114 0 0
141 80 114 0 0
142 79 114 0 0
143 78 114 0 0
144 78 113 0 0
145 77 113 0 0
146 76 113 0 0
147 75 113 0 0
148 75 112 0 0
149 74 112 0 0
150 73 112 0 0
151 72 112 0 0
152 72 111 0 0
153 71 111 0 0
154 70 111 0 0
155 70 110 0 0
156 69 110 0 0
157 68 110 0 0
158 67 110 0 0
159 66 110 0 0
160 65 110 0 0
161 64 110 0 0
162 63 110 0 0
163 62 110 0 0
164 61 110 0 0
165 61 109 0 0
166 60 109 0 0
167 59 109 0 0
168 58 109 0 0
169 57 109 0 0
170 56 109 0 0
171 55 109 0 0
172 54 109 0 0
173 53 109 0 0
174 53 108 0 0
175 52 108 0 0
176 51 108 0 0
177 50 108 0 0
178 49 108 0 0
179 48 108 0 0
180 47 108 0 0
181 46 108 0 0
182 45 108 0 0
183 44 108 0 0
184 43 108 0 0
185 42 108 0 0
186 42 109 0 0
187 41 109 0 0
188 40 109 0 0
189 39 109 0 0
190 38 109 0 0
191 37 109 0 0
192 36 109 0 0
193 35 109 0 0
194 34 109 0 0
195 33 109 0 0
196 32 109 0 0
197 31 109 0 0
198 30 109 0 0
199 29 109 0 0
200 28 109 0 0
201 27 109 0 0
202 26 109 0 0
203 25 109 0 0
204 24 109 0 0
205 23 109 0 0
206 22 109 0 0
207 21 109 0 0
208 20 109 0 0
209 19 109 0 0
210 18 109 0 0
211 17 109 0 0
212 16 109 0 0
213 15 109 0 0
214 14 109 0 0
215 14 110 0 0
216 13 110 0 0
217 12 110 0 0
218 11 110 0 0
219 10 110 0 0
220 9 110 0 0
221 8 110 0 0
222 7 110 0 0
223 6 110 0 0
224 5 110 0 0
225 4 110 0 0
226 3 110 0 0
227 2 110 0 0
