0 400 17800 0 0
1 600 17800 0 0
2 800 17800 0 0
3 1000 17800 0 0
4 1200 17800 0 0
5 1400 17800 0 0
6 1600 17800 0 0
7 1800 17800 0 0
8 2000 17800 0 0
9 2200 17800 0 0
10 2400 17800 0 0
11 2600 17800 0 0
12 2800 17800 0 0
13 3000 17800 0 0
14 3200 17800 0 0
15 3400 17800 0 0
16 3600 17800 0 0
17 3800 17800 0 0
18 4000 17800 0 0
19 4200 17800 0 0
20 4400 17800 0 0
21 4600 17800 0 0
22 4800 17800 0 0
23 5000 17800 0 0
24 5200 17800 0 0
25 5400 17800 0 0
26 5400 17600 0 0
27 5600 17600 0 0
28 5800 17600 0 0
29 6000 17600 0 0
30 6200 17600 0 0
31 6400 17600 0 0
32 6600 17600 0 0
33 6800 17600 0 0
34 7000 17600 0 0
35 7200 17600 0 0
36 7400 17600 0 0
37 7600 17600 0 0
38 7800 17600 0 0
39 8000 17600 0 0
40 8200 17600 0 0
41 8400 17600 0 0
42 8600 17600 0 0
43 8800 17600 0 0
44 9000 17600 0 0
45 9200 17600 0 0
46 9400 17600 0 0
47 9600 17600 0 0
48 9800 17600 0 0
49 10000 17600 0 0
50 10200 17600 0 0
51 10400 17600 0 0
52 10600 17600 0 0
53 10800 17600 0 0
54 11000 17600 0 0
55 11200 17600 0 0
56 11400 17600 0 0
57 11400 17400 0 0
58 11600 17400 0 0
59 11800 17400 0 0
60 12000 17400 0 0
61 12200 17400 0 0
62 12400 17400 0 0
63 12400 17200 0 0
64 12600 17200 0 0
65 12800 17200 0 0
66 13000 17200 0 0
67 13000 17000 0 0
68 13200 17000 0 0
69 13400 17000 0 0
70 13400 16800 0 0
71 13600 16800 0 0
72 13800 16800 0 0
73 14000 16800 0 0
74 14000 16600 0 0
75 14200 16600 0 0
76 14400 16600 0 0
77 14600 16600 0 0
78 14600 16400 0 0
79 14800 16400 0 0
80 15000 16400 0 0
81 15200 16400 0 0
82 15200 16200 0 0
83 15400 16200 0 0
84 15600 16200 0 0
85 15800 16200 0 0
86 15800 16000 0 0
87 16000 16000 0 0
88 16000 15800 0 0
89 16200 15800 0 0
90 16400 15800 0 0
91 16400 15600 0 0
92 16600 15600 0 0
93 16600 15400 0 0
94 16800 15400 0 0
95 17000 15400 0 0
96 17000 15200 0 0
97 17200 15200 0 0
98 17400 15200 0 0
99 17400 15000 0 0
100 17600 15000 0 0
101 17600 14800 0 0
102 17600 14600 0 0
103 17800 14600 0 0
104 17800 14400 0 0
105 18000 14400 0 0
106 18000 14200 0 0
107 18000 14000 0 0
108 18200 14000 0 0
109 18400 14000 0 0
110 18400 13800 0 0
111 18400 13600 0 0
112 18600 13600 0 0
113 18600 13400 0 0
114 18600 13200 0 0
115 18800 13200 0 0
116 18800 13000 0 0
117 18800 12800 0 0
118 19000 12800 0 0
119 19000 12600 0 0
120 19000 12400 0 0
121 19200 12400 0 0
122 19200 12200 0 0
123 19200 12000 0 0
124 19400 12000 0 0
125 19400 11800 0 0
126 19600 11800 0 0
127 19600 11600 0 0
128 19600 11400 0 0
129 19600 11200 0 0
130 19600 11000 0 0
131 19600 10800 0 0
132 19800 10800 0 0
133 19800 10600 0 0
134 19800 10400 0 0
135 19800 10200 0 0
136 19800 10000 0 0
137 19800 9800 0 0
138 19800 9600 0 0
139 19800 9400 0 0
140 19800 9200 0 0
141 19800 9000 0 0
142 19800 8800 0 0
143 19800 8600 0 0
144 19800 8400 0 0
145 19800 8200 0 0
146 19800 8000 0 0
147 19800 7800 0 0
148 19800 7600 0 0
149 19800 7400 0 0
150 19800 7200 0 0
151 19800 7000 0 0
152 19800 6800 0 0
153 19800 6600 0 0
154 20000 6600 0 0
155 20000 6400 0 0
156 19800 6400 0 0
157 19800 6200 0 0
158 19800 6000 0 0
159 19800 5800 0 0
160 19800 5600 0 0
161 19800 5400 0 0
162 19800 5200 0 0
163 19800 5000 0 0
164 19800 4800 0 0
165 19800 4600 0 0
166 19800 4400 0 0
167 19800 4200 0 0
168 19800 4000 0 0
169 19800 3800 0 0
170 19800 3600 0 0
171 19800 3400 0 0
172 20000 3400 0 0
173 20000 3200 0 0
174 20000 3000 0 0
175 20000 2800 0 0
176 20000 2600 0 0
177 20000 2400 0 0
178 20000 2200 0 0
179 20000 2000 0 0
180 20200 2000 0 0
181 20200 1800 0 0
182 20000 1800 0 0
183 20000 1600 0 0
184 20000 1400 0 0
