0 200 17800 0 0
1 200 18000 0 0
2 400 18000 0 0
3 600 18000 0 0
4 800 18000 0 0
5 1000 18000 0 0
6 1200 18000 0 0
7 1400 18000 0 0
8 1600 18000 0 0
9 1600 18200 0 0
10 1800 18200 0 0
11 2000 18200 0 0
12 2200 18200 0 0
13 2400 18200 0 0
14 2600 18200 0 0
15 2800 18200 0 0
16 3000 18200 0 0
17 3200 18200 0 0
18 3400 18200 0 0
19 3600 18200 0 0
20 3800 18200 0 0
21 4000 18200 0 0
22 4000 18000 0 0
23 4200 18000 0 0
24 4400 18000 0 0
25 4600 18000 0 0
26 4800 18000 0 0
27 5000 18000 0 0
28 5200 18000 0 0
29 5400 18000 0 0
30 5600 18000 0 0
31 5800 18000 0 0
32 6000 18000 0 0
33 6200 18000 0 0
34 6400 18000 0 0
35 6600 18000 0 0
36 6600 17800 0 0
37 6800 17800 0 0
38 7000 17800 0 0
39 7200 17800 0 0
40 7400 17800 0 0
41 7600 17800 0 0
42 7800 17800 0 0
43 8000 17800 0 0
44 8200 17800 0 0
45 8400 17800 0 0
46 8600 17800 0 0
47 8800 17800 0 0
48 9000 17800 0 0
49 9200 17800 0 0
50 9400 17800 0 0
51 9600 17800 0 0
52 9800 17800 0 0
53 10000 17800 0 0
54 10200 17800 0 0
55 10400 17800 0 0
56 10600 17800 0 0
57 10800 17800 0 0
58 11000 17800 0 0
59 11200 17800 0 0
60 11400 17800 0 0
61 11600 17800 0 0
62 11800 17800 0 0
63 12000 17800 0 0
64 12200 17800 0 0
65 12200 17600 0 0
66 12400 17600 0 0
67 12600 17600 0 0
68 12800 17600 0 0
69 13000 17600 0 0
70 13200 17600 0 0
71 13400 17600 0 0
72 13600 17600 0 0
73 13800 17600 0 0
74 14000 17600 0 0
75 14200 17600 0 0
76 14400 17600 0 0
77 14400 17400 0 0
78 14600 17400 0 0
79 14800 17400 0 0
80 15000 17400 0 0
81 15200 17400 0 0
82 15200 17200 0 0
83 15400 17200 0 0
84 15600 17200 0 0
85 15800 17200 0 0
86 15800 17000 0 0
87 16000 17000 0 0
88 16200 17000 0 0
89 16400 17000 0 0
90 16600 17000 0 0
91 16600 16800 0 0
92 16800 16800 0 0
93 17000 16800 0 0
94 17200 16800 0 0
95 17200 16600 0 0
96 17400 16600 0 0
97 17600 16600 0 0
98 17800 16600 0 0
99 18000 16600 0 0
100 18000 16400 0 0
101 18200 16400 0 0
102 18400 16400 0 0
103 18400 16200 0 0
104 18600 16200 0 0
105 18800 16200 0 0
106 18800 16000 0 0
107 19000 16000 0 0
108 19200 16000 0 0
109 19400 16000 0 0
110 19600 16000 0 0
111 19800 16000 0 0
112 20000 16000 0 0
113 20200 16000 0 0
114 20400 16000 0 0
115 20600 16000 0 0
116 20800 16000 0 0
117 21000 16000 0 0
118 21200 16000 0 0
119 21200 16200 0 0
120 21400 16200 0 0
121 21400 16000 0 0
122 21600 16000 0 0
123 21800 16000 0 0
124 22000 16000 0 0
125 22200 16000 0 0
126 22400 16000 0 0
127 22600 16000 0 0
128 22800 16000 0 0
129 22800 16200 0 0
130 23000 16200 0 0
131 23200 16200 0 0
132 23400 16200 0 0
133 23600 16200 0 0
134 23800 16200 0 0
135 23800 16400 0 0
136 24000 16400 0 0
137 24200 16400 0 0
138 24400 16400 0 0
139 24600 16400 0 0
140 24600 16600 0 0
141 24800 16600 0 0
142 25000 16600 0 0
143 25200 16600 0 0
144 25400 16600 0 0
145 25600 16600 0 0
146 25600 16800 0 0
147 25800 16800 0 0
148 26000 16800 0 0
149 26200 16800 0 0
150 26400 16800 0 0
151 26400 17000 0 0
152 26600 17000 0 0
153 26800 17000 0 0
154 27000 17000 0 0
155 27200 17000 0 0
156 27400 17000 0 0
157 27400 17200 0 0
158 27600 17200 0 0
159 27600 17400 0 0
160 27800 17400 0 0
161 28000 17400 0 0
162 28000 17600 0 0
163 28200 17600 0 0
164 28400 17600 0 0
165 28400 17800 0 0
166 28600 17800 0 0
167 28800 17800 0 0
168 29000 17800 0 0
169 29000 18000 0 0
170 29200 18000 0 0
171 29400 18000 0 0
172 29600 18000 0 0
173 29800 18000 0 0
174 29800 18200 0 0
175 30000 18200 0 0
176 30200 18200 0 0
177 30400 18200 0 0
178 30400 18400 0 0
179 30600 18400 0 0
180 30800 18400 0 0
181 31000 18400 0 0
182 31200 18400 0 0
183 31200 18600 0 0
184 31400 18600 0 0
185 31600 18600 0 0
186 31800 18600 0 0
187 32000 18600 0 0
188 32000 18800 0 0
189 32200 18800 0 0
190 32400 18800 0 0
191 32600 18800 0 0
192 32800 18800 0 0
193 33000 18800 0 0
194 33200 18800 0 0
195 33400 18800 0 0
196 33600 18800 0 0
197 33800 18800 0 0
198 34000 18800 0 0
199 34000 19000 0 0
200 34200 19000 0 0
201 34400 19000 0 0
202 34600 19000 0 0
203 34800 19000 0 0
204 35000 19000 0 0
205 35200 19000 0 0
206 35400 19000 0 0
207 35600 19000 0 0
208 35800 19000 0 0
209 36000 19000 0 0
210 36200 19000 0 0
211 36400 19000 0 0
212 36600 19000 0 0
213 36600 19200 0 0
214 36800 19200 0 0
215 37000 19200 0 0
216 37200 19200 0 0
217 37400 19200 0 0
218 37600 19200 0 0
219 37800 19200 0 0
220 37800 19000 0 0
221 38000 19000 0 0
222 38000 18800 0 0
223 38200 18800 0 0
224 38400 18800 0 0
225 38600 18800 0 0
226 38800 18800 0 0
227 39000 18800 0 0
