0 4 97 0 0
1 4 98 0 0
2 5 98 0 0
3 6 98 0 0
4 7 98 0 0
5 8 98 0 0
6 9 98 0 0
7 10 98 0 0
8 11 98 0 0
9 12 98 0 0
10 13 98 0 0
11 14 98 0 0
12 15 98 0 0
13 16 98 0 0
14 17 98 0 0
15 18 98 0 0
16 19 98 0 0
17 20 98 0 0
18 21 98 0 0
19 22 98 0 0
20 22 99 0 0
21 23 99 0 0
22 24 99 0 0
23 25 99 0 0
24 26 99 0 0
25 27 99 0 0
26 28 99 0 0
27 29 99 0 0
28 30 99 0 0
29 31 99 0 0
30 32 99 0 0
31 33 99 0 0
32 34 99 0 0
33 35 99 0 0
34 36 99 0 0
35 37 99 0 0
36 38 99 0 0
37 39 99 0 0
38 40 99 0 0
39 41 99 0 0
40 42 99 0 0
41 43 99 0 0
42 44 99 0 0
43 45 99 0 0
44 46 99 0 0
45 47 99 0 0
46 48 99 0 0
47 49 99 0 0
48 50 99 0 0
49 51 99 0 0
50 51 98 0 0
51 52 98 0 0
52 53 98 0 0
53 54 98 0 0
54 55 98 0 0
55 56 98 0 0
56 57 98 0 0
57 57 97 0 0
58 58 97 0 0
59 59 97 0 0
60 60 97 0 0
61 61 97 0 0
62 62 97 0 0
63 62 96 0 0
64 63 96 0 0
65 64 96 0 0
66 65 96 0 0
67 66 96 0 0
68 66 95 0 0
69 67 95 0 0
70 68 95 0 0
71 68 94 0 0
72 69 94 0 0
73 70 94 0 0
74 71 94 0 0
75 71 93 0 0
76 72 93 0 0
77 73 93 0 0
78 73 92 0 0
79 74 92 0 0
80 75 92 0 0
81 75 91 0 0
82 76 91 0 0
83 77 91 0 0
84 78 91 0 0
85 78 90 0 0
86 79 90 0 0
87 80 90 0 0
88 81 90 0 0
89 81 89 0 0
90 82 89 0 0
91 83 89 0 0
92 83 88 0 0
93 84 88 0 0
94 85 88 0 0
95 86 88 0 0
96 86 87 0 0
97 87 87 0 0
98 88 87 0 0
99 89 87 0 0
100 90 87 0 0
101 91 87 0 0
102 92 87 0 0
103 93 87 0 0
104 94 87 0 0
105 95 87 0 0
106 96 87 0 0
107 97 87 0 0
108 98 87 0 0
109 99 87 0 0
110 99 86 0 0
111 99 87 0 0
112 100 87 0 0
113 101 87 0 0
114 101 88 0 0
115 102 88 0 0
116 103 88 0 0
117 104 88 0 0
118 104 89 0 0
119 105 89 0 0
120 106 89 0 0
121 106 90 0 0
122 107 90 0 0
123 108 90 0 0
124 109 90 0 0
125 109 91 0 0
126 110 91 0 0
127 111 91 0 0
128 112 91 0 0
129 112 92 0 0
130 113 92 0 0
131 114 92 0 0
132 115 92 0 0
133 115 93 0 0
134 116 93 0 0
135 117 93 0 0
136 118 93 0 0
137 119 93 0 0
138 119 94 0 0
139 120 94 0 0
140 121 94 0 0
141 122 94 0 0
142 123 94 0 0
143 123 95 0 0
144 124 95 0 0
145 125 95 0 0
146 126 95 0 0
147 127 95 0 0
148 128 95 0 0
149 128 96 0 0
150 129 96 0 0
151 130 96 0 0
152 131 96 0 0
153 132 96 0 0
154 133 96 0 0
155 133 97 0 0
156 134 97 0 0
157 135 97 0 0
158 136 97 0 0
159 137 97 0 0
160 137 98 0 0
161 138 98 0 0
162 139 98 0 0
163 140 98 0 0
164 141 98 0 0
165 141 99 0 0
166 142 99 0 0
167 143 99 0 0
168 144 99 0 0
169 145 99 0 0
170 146 99 0 0
171 147 99 0 0
172 147 100 0 0
173 148 100 0 0
174 149 100 0 0
175 150 100 0 0
176 151 100 0 0
177 152 100 0 0
178 153 100 0 0
179 154 100 0 0
180 155 100 0 0
181 156 100 0 0
182 157 100 0 0
183 158 100 0 0
184 159 100 0 0
185 159 101 0 0
186 160 101 0 0
187 161 101 0 0
188 162 101 0 0
189 163 101 0 0
190 164 101 0 0
191 165 101 0 0
192 166 101 0 0
193 167 101 0 0
194 168 101 0 0
195 169 101 0 0
196 170 101 0 0
197 171 101 0 0
198 172 101 0 0
199 173 101 0 0
200 174 101 0 0
201 175 101 0 0
202 176 101 0 0
203 177 101 0 0
204 178 101 0 0
205 179 101 0 0
206 179 100 0 0
207 180 100 0 0
208 181 100 0 0
209 182 100 0 0
210 183 100 0 0
211 184 100 0 0
212 185 100 0 0
213 186 100 0 0
214 187 100 0 0
215 188 100 0 0
216 189 100 0 0
217 190 100 0 0
218 191 100 0 0
219 192 100 0 0
220 193 100 0 0
