0 37600 21600 0 0
1 37400 21600 0 0
2 37200 21600 0 0
3 37000 21600 0 0
4 36800 21600 0 0
5 36600 21600 0 0
6 36400 21600 0 0
7 36200 21600 0 0
8 36000 21600 0 0
9 35800 21600 0 0
10 35600 21600 0 0
11 35400 21600 0 0
12 35200 21600 0 0
13 35000 21600 0 0
14 34800 21600 0 0
15 34600 21600 0 0
16 34400 21600 0 0
17 34200 21600 0 0
18 34000 21600 0 0
19 33800 21600 0 0
20 33600 21600 0 0
21 33400 21600 0 0
22 33200 21600 0 0
23 33000 21600 0 0
24 32800 21600 0 0
25 32600 21600 0 0
26 32400 21600 0 0
27 32200 21600 0 0
28 32000 21600 0 0
29 31800 21600 0 0
30 31600 21600 0 0
31 31400 21600 0 0
32 31200 21600 0 0
33 31000 21600 0 0
34 30800 21600 0 0
35 30600 21600 0 0
36 30400 21600 0 0
37 30200 21600 0 0
38 30000 21600 0 0
39 30000 21800 0 0
40 29800 21800 0 0
41 29600 21800 0 0
42 29400 21800 0 0
43 29200 21800 0 0
44 29000 21800 0 0
45 28800 21800 0 0
46 28800 22000 0 0
47 28600 22000 0 0
48 28400 22000 0 0
49 28200 22000 0 0
50 28000 22000 0 0
51 27800 22000 0 0
52 27600 22000 0 0
53 27400 22000 0 0
54 27200 22000 0 0
55 27200 22200 0 0
56 27000 22200 0 0
57 26800 22200 0 0
58 26600 22200 0 0
59 26400 22200 0 0
60 26200 22200 0 0
61 26000 22200 0 0
62 25800 22200 0 0
63 25800 22400 0 0
64 25600 22400 0 0
65 25400 22400 0 0
66 25200 22400 0 0
67 25000 22400 0 0
68 24800 22400 0 0
69 24600 22400 0 0
70 24600 22600 0 0
71 24400 22600 0 0
72 24200 22600 0 0
73 24000 22600 0 0
74 23800 22600 0 0
75 23600 22600 0 0
76 23400 22600 0 0
77 23200 22600 0 0
78 23000 22600 0 0
79 22800 22600 0 0
80 22600 22600 0 0
81 22600 22400 0 0
82 22400 22400 0 0
83 22200 22400 0 0
84 22000 22400 0 0
85 21800 22400 0 0
86 21600 22400 0 0
87 21600 22200 0 0
88 21400 22200 0 0
89 21200 22200 0 0
90 21000 22200 0 0
91 20800 22200 0 0
92 20600 22200 0 0
93 20400 22200 0 0
94 20400 22000 0 0
95 20200 22000 0 0
96 20000 22000 0 0
97 19800 22000 0 0
98 19600 22000 0 0
99 19400 22000 0 0
100 19200 22000 0 0
101 19000 22000 0 0
102 19000 21800 0 0
103 18800 21800 0 0
104 18600 21800 0 0
105 18400 21800 0 0
106 18200 21800 0 0
107 18000 21800 0 0
108 17800 21800 0 0
109 17600 21800 0 0
110 17400 21800 0 0
111 17200 21800 0 0
112 17200 21600 0 0
113 17000 21600 0 0
114 16800 21600 0 0
115 16600 21600 0 0
116 16400 21600 0 0
117 16400 21400 0 0
118 16200 21400 0 0
119 16000 21400 0 0
120 15800 21400 0 0
121 15800 21200 0 0
122 15600 21200 0 0
123 15400 21200 0 0
124 15200 21200 0 0
125 15200 21000 0 0
126 15000 21000 0 0
127 14800 21000 0 0
128 14600 21000 0 0
129 14600 20800 0 0
130 14400 20800 0 0
131 14200 20800 0 0
132 14000 20800 0 0
133 14000 20600 0 0
134 13800 20600 0 0
135 13600 20600 0 0
136 13400 20600 0 0
137 13200 20600 0 0
138 13000 20600 0 0
139 12800 20600 0 0
140 12800 20400 0 0
141 12600 20400 0 0
142 12400 20400 0 0
143 12200 20400 0 0
144 12000 20400 0 0
145 11800 20400 0 0
146 11600 20400 0 0
147 11600 20200 0 0
148 11400 20200 0 0
149 11200 20200 0 0
150 11000 20200 0 0
151 10800 20200 0 0
152 10800 20000 0 0
153 10600 20000 0 0
154 10400 20000 0 0
155 10200 20000 0 0
156 10000 20000 0 0
157 10000 19800 0 0
158 9800 19800 0 0
159 9600 19800 0 0
160 9400 19800 0 0
161 9200 19800 0 0
162 9000 19800 0 0
163 8800 19800 0 0
164 8800 19600 0 0
165 8600 19600 0 0
166 8400 19600 0 0
167 8200 19600 0 0
168 8000 19600 0 0
169 7800 19600 0 0
170 7600 19600 0 0
171 7400 19600 0 0
172 7200 19600 0 0
173 7000 19600 0 0
174 6800 19600 0 0
175 6600 19600 0 0
176 6400 19600 0 0
177 6200 19600 0 0
178 6000 19600 0 0
179 5800 19600 0 0
180 5800 19400 0 0
181 5800 19600 0 0
182 5600 19600 0 0
183 5400 19600 0 0
184 5200 19600 0 0
185 5000 19600 0 0
186 4800 19600 0 0
187 4600 19600 0 0
188 4400 19600 0 0
189 4200 19600 0 0
190 4000 19600 0 0
191 3800 19600 0 0
192 3600 19600 0 0
193 3400 19600 0 0
194 3200 19600 0 0
195 3000 19600 0 0
196 2800 19600 0 0
197 2600 19600 0 0
198 2400 19600 0 0
199 2200 19600 0 0
200 2000 19600 0 0
201 1800 19600 0 0
202 1600 19600 0 0
203 1400 19600 0 0
204 1200 19600 0 0
205 1000 19600 0 0
206 800 19600 0 0
207 800 19400 0 0
208 600 19400 0 0
209 600 19200 0 0
