0 17600 46800 0 0
1 17600 46600 0 0
2 17600 46400 0 0
3 17600 46200 0 0
4 17600 46000 0 0
5 17800 46000 0 0
6 17800 45800 0 0
7 17800 45600 0 0
8 17800 45400 0 0
9 17800 45200 0 0
10 17800 45000 0 0
11 17800 44800 0 0
12 17800 44600 0 0
13 17800 44400 0 0
14 17800 44200 0 0
15 17800 44000 0 0
16 17800 43800 0 0
17 17800 43600 0 0
18 18000 43600 0 0
19 18000 43400 0 0
20 18000 43200 0 0
21 18000 43000 0 0
22 18000 42800 0 0
23 18000 42600 0 0
24 18000 42400 0 0
25 18000 42200 0 0
26 18000 42000 0 0
27 18200 42000 0 0
28 18200 41800 0 0
29 18200 41600 0 0
30 18200 41400 0 0
31 18200 41200 0 0
32 18200 41000 0 0
33 18200 40800 0 0
34 18200 40600 0 0
35 18200 40400 0 0
36 18200 40200 0 0
37 18200 40000 0 0
38 18200 39800 0 0
39 18400 39800 0 0
40 18400 39600 0 0
41 18400 39400 0 0
42 18400 39200 0 0
43 18400 39000 0 0
44 18400 38800 0 0
45 18400 38600 0 0
46 18400 38400 0 0
47 18400 38200 0 0
48 18400 38000 0 0
49 18400 37800 0 0
50 18400 37600 0 0
51 18400 37400 0 0
52 18400 37200 0 0
53 18400 37000 0 0
54 18400 36800 0 0
55 18400 36600 0 0
56 18400 36400 0 0
57 18400 36200 0 0
58 18400 36000 0 0
59 18400 35800 0 0
60 18400 35600 0 0
61 18400 35400 0 0
62 18400 35200 0 0
63 18400 35000 0 0
64 18400 34800 0 0
65 18400 34600 0 0
66 18400 34400 0 0
67 18400 34200 0 0
68 18400 34000 0 0
69 18400 33800 0 0
70 18400 33600 0 0
71 18200 33600 0 0
72 18200 33400 0 0
73 18200 33200 0 0
74 18200 33000 0 0
75 18200 32800 0 0
76 18200 32600 0 0
77 18200 32400 0 0
78 18200 32200 0 0
79 18200 32000 0 0
80 18200 31800 0 0
81 18200 31600 0 0
82 18200 31400 0 0
83 18200 31200 0 0
84 18200 31000 0 0
85 18200 30800 0 0
86 18200 30600 0 0
87 18200 30400 0 0
88 18200 30200 0 0
89 18200 30000 0 0
90 18200 29800 0 0
91 18200 29600 0 0
92 18200 29400 0 0
93 18200 29200 0 0
94 18200 29000 0 0
95 18200 28800 0 0
96 18200 28600 0 0
97 18200 28400 0 0
98 18200 28200 0 0
99 18200 28000 0 0
100 18200 27800 0 0
101 18200 27600 0 0
102 18200 27400 0 0
103 18200 27200 0 0
104 18200 27000 0 0
105 18200 26800 0 0
106 18200 26600 0 0
107 18200 26400 0 0
108 18200 26200 0 0
109 18200 26000 0 0
110 18200 25800 0 0
111 18200 25600 0 0
112 18200 25400 0 0
113 18200 25200 0 0
114 18200 25000 0 0
115 18200 24800 0 0
116 18200 24600 0 0
117 18000 24600 0 0
118 18000 24400 0 0
119 18000 24200 0 0
120 18000 24000 0 0
121 18000 23800 0 0
122 18000 23600 0 0
123 18000 23400 0 0
124 18000 23200 0 0
125 17800 23200 0 0
126 17800 23000 0 0
127 17800 22800 0 0
128 17800 22600 0 0
129 17800 22400 0 0
130 17800 22200 0 0
131 17800 22000 0 0
132 17800 21800 0 0
133 17800 21600 0 0
134 17800 21400 0 0
135 17800 21200 0 0
136 17800 21000 0 0
137 17800 20800 0 0
138 17800 20600 0 0
139 17800 20400 0 0
140 17800 20200 0 0
141 17800 20000 0 0
142 17800 19800 0 0
143 17800 19600 0 0
144 17800 19400 0 0
145 17800 19200 0 0
146 17800 19000 0 0
147 17800 18800 0 0
148 17800 18600 0 0
149 17800 18400 0 0
150 17800 18200 0 0
151 17800 18000 0 0
152 17800 17800 0 0
153 17800 17600 0 0
154 17800 17400 0 0
155 17800 17200 0 0
156 17800 17000 0 0
157 17800 16800 0 0
158 17800 16600 0 0
159 17800 16400 0 0
160 17800 16200 0 0
161 17800 16000 0 0
162 17800 15800 0 0
163 17800 15600 0 0
164 18000 15600 0 0
165 18000 15400 0 0
166 18000 15200 0 0
167 18000 15000 0 0
168 18000 14800 0 0
169 18200 14800 0 0
170 18200 14600 0 0
171 18200 14400 0 0
172 18200 14200 0 0
173 18200 14000 0 0
174 18200 13800 0 0
175 18400 13800 0 0
176 18400 13600 0 0
177 18400 13400 0 0
178 18400 13200 0 0
179 18400 13000 0 0
180 18400 12800 0 0
181 18600 12800 0 0
182 18600 12600 0 0
183 18600 12400 0 0
184 18600 12200 0 0
185 18600 12000 0 0
186 18600 11800 0 0
187 18600 11600 0 0
188 18600 11400 0 0
189 18600 11200 0 0
190 18600 11000 0 0
191 18600 10800 0 0
192 18600 10600 0 0
193 18600 10400 0 0
194 18600 10200 0 0
195 18800 10200 0 0
196 18800 10000 0 0
197 18800 9800 0 0
198 18800 9600 0 0
199 18800 9400 0 0
200 18800 9200 0 0
201 18800 9000 0 0
202 18800 8800 0 0
203 19000 8800 0 0
204 19000 8600 0 0
205 19000 8400 0 0
206 19000 8200 0 0
207 19000 8000 0 0
208 19200 8000 0 0
209 19200 7800 0 0
210 19200 7600 0 0
211 19200 7400 0 0
212 19200 7200 0 0
213 19200 7000 0 0
214 19400 7000 0 0
215 19400 6800 0 0
216 19400 6600 0 0
217 19400 6400 0 0
218 19400 6200 0 0
219 19600 6200 0 0
220 19600 6000 0 0
221 19600 5800 0 0
222 19400 5800 0 0
223 19400 5600 0 0
224 19400 5400 0 0
225 19400 5200 0 0
226 19400 5000 0 0
227 19400 4800 0 0
228 19400 4600 0 0
229 19400 4400 0 0
230 19400 4200 0 0
231 19400 4000 0 0
232 19400 3800 0 0
233 19400 3600 0 0
234 19400 3400 0 0
235 19400 3200 0 0
236 19400 3000 0 0
237 19400 2800 0 0
238 19600 2800 0 0
239 19600 2600 0 0
240 19600 2400 0 0
241 19600 2200 0 0
242 19600 2000 0 0
243 19800 2000 0 0
244 19800 1800 0 0
245 19800 1600 0 0
246 19800 1400 0 0
