0 200 17400 0 0
1 400 17400 0 0
2 600 17400 0 0
3 800 17400 0 0
4 1000 17400 0 0
5 1200 17400 0 0
6 1400 17400 0 0
7 1600 17400 0 0
8 1600 17600 0 0
9 1800 17600 0 0
10 2000 17600 0 0
11 2200 17600 0 0
12 2400 17600 0 0
13 2400 17800 0 0
14 2600 17800 0 0
15 2800 17800 0 0
16 3000 17800 0 0
17 3200 17800 0 0
18 3400 17800 0 0
19 3600 17800 0 0
20 3800 17800 0 0
21 4000 17800 0 0
22 4200 17800 0 0
23 4400 17800 0 0
24 4600 17800 0 0
25 4800 17800 0 0
26 4800 18000 0 0
27 5000 18000 0 0
28 5200 18000 0 0
29 5400 18000 0 0
30 5600 18000 0 0
31 5800 18000 0 0
32 6000 18000 0 0
33 6200 18000 0 0
34 6400 18000 0 0
35 6600 18000 0 0
36 6800 18000 0 0
37 7000 18000 0 0
38 7200 18000 0 0
39 7400 18000 0 0
40 7600 18000 0 0
41 7800 18000 0 0
42 8000 18000 0 0
43 8200 18000 0 0
44 8400 18000 0 0
45 8600 18000 0 0
46 8800 18000 0 0
47 9000 18000 0 0
48 9200 18000 0 0
49 9400 18000 0 0
50 9600 18000 0 0
51 9600 18200 0 0
52 9800 18200 0 0
53 10000 18200 0 0
54 10200 18200 0 0
55 10400 18200 0 0
56 10400 18400 0 0
57 10600 18400 0 0
58 10800 18400 0 0
59 11000 18400 0 0
60 11000 18200 0 0
61 11200 18200 0 0
62 11400 18200 0 0
63 11400 18000 0 0
64 11600 18000 0 0
65 11800 18000 0 0
66 12000 18000 0 0
67 12000 17800 0 0
68 12000 18000 0 0
69 12200 18000 0 0
70 12400 18000 0 0
71 12600 18000 0 0
72 12800 18000 0 0
73 12800 18200 0 0
74 13000 18200 0 0
75 13200 18200 0 0
76 13400 18200 0 0
77 13600 18200 0 0
78 13600 18000 0 0
79 13800 18000 0 0
80 14000 18000 0 0
81 14000 17800 0 0
82 14200 17800 0 0
83 14400 17800 0 0
84 14600 17800 0 0
85 14600 17600 0 0
86 14800 17600 0 0
87 15000 17600 0 0
88 15000 17400 0 0
89 15200 17400 0 0
90 15400 17400 0 0
91 15400 17200 0 0
92 15600 17200 0 0
93 15600 17000 0 0
94 15800 17000 0 0
95 16000 17000 0 0
96 16000 16800 0 0
97 16200 16800 0 0
98 16400 16800 0 0
99 16400 16600 0 0
100 16600 16600 0 0
101 16600 16400 0 0
102 16800 16400 0 0
103 17000 16400 0 0
104 17000 16200 0 0
105 17200 16200 0 0
106 17200 16000 0 0
107 17400 16000 0 0
108 17400 15800 0 0
109 17600 15800 0 0
110 17800 15800 0 0
111 17800 15600 0 0
112 18000 15600 0 0
113 18200 15600 0 0
114 18200 15400 0 0
115 18400 15400 0 0
116 18600 15400 0 0
117 18600 15200 0 0
118 18800 15200 0 0
119 18800 15000 0 0
120 19000 15000 0 0
121 19200 15000 0 0
122 19400 15000 0 0
123 19600 15000 0 0
124 19800 15000 0 0
125 20000 15000 0 0
126 20200 15000 0 0
127 20400 15000 0 0
128 20400 14800 0 0
129 20400 15000 0 0
130 20600 15000 0 0
131 20800 15000 0 0
132 21000 15000 0 0
133 21200 15000 0 0
134 21400 15000 0 0
135 21600 15000 0 0
136 21800 15000 0 0
137 22000 15000 0 0
138 22000 15200 0 0
139 22200 15200 0 0
140 22200 15400 0 0
141 22400 15400 0 0
142 22600 15400 0 0
143 22600 15600 0 0
144 22800 15600 0 0
145 23000 15600 0 0
146 23000 15800 0 0
147 23200 15800 0 0
148 23200 16000 0 0
149 23400 16000 0 0
150 23400 16200 0 0
151 23600 16200 0 0
152 23800 16200 0 0
153 23800 16400 0 0
154 24000 16400 0 0
155 24000 16600 0 0
156 24200 16600 0 0
157 24200 16800 0 0
158 24400 16800 0 0
159 24600 16800 0 0
160 24600 17000 0 0
161 24800 17000 0 0
162 25000 17000 0 0
163 25000 17200 0 0
164 25200 17200 0 0
165 25400 17200 0 0
166 25400 17400 0 0
167 25600 17400 0 0
168 25800 17400 0 0
169 25800 17600 0 0
170 26000 17600 0 0
171 26200 17600 0 0
172 26400 17600 0 0
173 26400 17800 0 0
174 26600 17800 0 0
175 26800 17800 0 0
176 27000 17800 0 0
177 27000 18000 0 0
178 27200 18000 0 0
179 27400 18000 0 0
180 27600 18000 0 0
181 27800 18000 0 0
182 27800 18200 0 0
183 28000 18200 0 0
184 28200 18200 0 0
185 28400 18200 0 0
186 28600 18200 0 0
187 28600 18400 0 0
188 28800 18400 0 0
189 29000 18400 0 0
190 29200 18400 0 0
191 29400 18400 0 0
192 29600 18400 0 0
193 29600 18600 0 0
194 29800 18600 0 0
195 30000 18600 0 0
196 30200 18600 0 0
197 30400 18600 0 0
198 30400 18800 0 0
199 30600 18800 0 0
200 30800 18800 0 0
201 31000 18800 0 0
202 31200 18800 0 0
203 31400 18800 0 0
204 31600 18800 0 0
205 31800 18800 0 0
206 32000 18800 0 0
207 32200 18800 0 0
208 32400 18800 0 0
209 32600 18800 0 0
210 32800 18800 0 0
211 32800 18600 0 0
212 32800 18800 0 0
213 33000 18800 0 0
214 33200 18800 0 0
215 33400 18800 0 0
216 33600 18800 0 0
217 33800 18800 0 0
218 34000 18800 0 0
219 34200 18800 0 0
220 34200 19000 0 0
221 34400 19000 0 0
222 34600 19000 0 0
223 34800 19000 0 0
224 35000 19000 0 0
225 35200 19000 0 0
226 35400 19000 0 0
227 35600 19000 0 0
228 35800 19000 0 0
229 36000 19000 0 0
230 36200 19000 0 0
231 36400 19000 0 0
232 36600 19000 0 0
233 36800 19000 0 0
234 37000 19000 0 0
235 37200 19000 0 0
236 37400 19000 0 0
237 37600 19000 0 0
238 37800 19000 0 0
239 38000 19000 0 0
240 38200 19000 0 0
241 38400 19000 0 0
242 38600 19000 0 0
243 38800 19000 0 0
