0 39200 21600 0 0
1 39000 21600 0 0
2 38800 21600 0 0
3 38600 21600 0 0
4 38400 21600 0 0
5 38200 21600 0 0
6 38000 21600 0 0
7 37800 21600 0 0
8 37600 21600 0 0
9 37400 21600 0 0
10 37200 21600 0 0
11 37000 21600 0 0
12 36800 21600 0 0
13 36600 21600 0 0
14 36400 21600 0 0
15 36200 21600 0 0
16 36200 21400 0 0
17 36000 21400 0 0
18 35800 21400 0 0
19 35600 21400 0 0
20 35400 21400 0 0
21 35200 21400 0 0
22 35000 21400 0 0
23 34800 21400 0 0
24 34600 21400 0 0
25 34400 21400 0 0
26 34200 21400 0 0
27 34000 21400 0 0
28 33800 21400 0 0
29 33600 21400 0 0
30 33400 21400 0 0
31 33200 21400 0 0
32 33000 21400 0 0
33 33000 21200 0 0
34 32800 21200 0 0
35 32600 21200 0 0
36 32400 21200 0 0
37 32200 21200 0 0
38 32000 21200 0 0
39 31800 21200 0 0
40 31600 21200 0 0
41 31400 21200 0 0
42 31200 21200 0 0
43 31000 21200 0 0
44 30800 21200 0 0
45 30600 21200 0 0
46 30400 21200 0 0
47 30200 21200 0 0
48 30000 21200 0 0
49 30000 21000 0 0
50 29800 21000 0 0
51 29600 21000 0 0
52 29400 21000 0 0
53 29200 21000 0 0
54 29000 21000 0 0
55 28800 21000 0 0
56 28600 21000 0 0
57 28400 21000 0 0
58 28200 21000 0 0
59 28000 21000 0 0
60 27800 21000 0 0
61 27600 21000 0 0
62 27400 21000 0 0
63 27200 21000 0 0
64 27000 21000 0 0
65 26800 21000 0 0
66 26800 20800 0 0
67 26800 21000 0 0
68 26600 21000 0 0
69 26400 21000 0 0
70 26400 21200 0 0
71 26200 21200 0 0
72 26000 21200 0 0
73 25800 21200 0 0
74 25600 21200 0 0
75 25400 21200 0 0
76 25200 21200 0 0
77 25000 21200 0 0
78 24800 21200 0 0
79 24600 21200 0 0
80 24400 21200 0 0
81 24200 21200 0 0
82 24000 21200 0 0
83 23800 21200 0 0
84 23600 21200 0 0
85 23400 21200 0 0
86 23200 21200 0 0
87 23000 21200 0 0
88 22800 21200 0 0
89 22600 21200 0 0
90 22400 21200 0 0
91 22200 21200 0 0
92 22000 21200 0 0
93 21800 21200 0 0
94 21800 21400 0 0
95 21600 21400 0 0
96 21400 21400 0 0
97 21200 21400 0 0
98 21000 21400 0 0
99 20800 21400 0 0
100 20800 21200 0 0
101 20600 21200 0 0
102 20400 21200 0 0
103 20400 21000 0 0
104 20200 21000 0 0
105 20000 21000 0 0
106 20000 20800 0 0
107 19800 20800 0 0
108 19800 20600 0 0
109 19600 20600 0 0
110 19600 20400 0 0
111 19400 20400 0 0
112 19200 20400 0 0
113 19200 20200 0 0
114 19000 20200 0 0
115 19000 20000 0 0
116 18800 20000 0 0
117 18800 19800 0 0
118 18800 19600 0 0
119 18600 19600 0 0
120 18600 19400 0 0
121 18400 19400 0 0
122 18400 19200 0 0
123 18400 19000 0 0
124 18200 19000 0 0
125 18200 18800 0 0
126 18200 18600 0 0
127 18200 18400 0 0
128 18000 18400 0 0
129 18000 18200 0 0
130 18000 18000 0 0
131 18000 17800 0 0
132 18000 17600 0 0
133 18000 17400 0 0
134 18000 17200 0 0
135 18000 17000 0 0
136 18000 16800 0 0
137 18000 16600 0 0
138 18000 16400 0 0
139 18000 16200 0 0
140 18000 16000 0 0
141 18000 15800 0 0
142 18000 15600 0 0
143 18000 15400 0 0
144 18000 15200 0 0
145 18000 15000 0 0
146 18000 14800 0 0
147 18000 14600 0 0
148 18200 14600 0 0
149 18200 14400 0 0
150 18200 14200 0 0
151 18200 14000 0 0
152 18200 13800 0 0
153 18200 13600 0 0
154 18200 13400 0 0
155 18400 13400 0 0
156 18400 13200 0 0
157 18400 13000 0 0
158 18400 12800 0 0
159 18400 12600 0 0
160 18400 12400 0 0
161 18400 12200 0 0
162 18400 12000 0 0
163 18400 11800 0 0
164 18400 11600 0 0
165 18600 11600 0 0
166 18600 11400 0 0
167 18600 11200 0 0
168 18600 11000 0 0
169 18600 10800 0 0
170 18600 10600 0 0
171 18600 10400 0 0
172 18600 10200 0 0
173 18800 10200 0 0
174 18800 10000 0 0
175 18800 9800 0 0
176 18800 9600 0 0
177 18800 9400 0 0
178 18800 9200 0 0
179 18800 9000 0 0
180 18800 8800 0 0
181 18800 8600 0 0
182 18800 8400 0 0
183 18800 8200 0 0
184 18800 8000 0 0
185 18800 7800 0 0
186 18800 7600 0 0
187 18800 7400 0 0
188 19000 7400 0 0
189 18800 7400 0 0
190 18800 7200 0 0
191 18800 7000 0 0
192 18800 6800 0 0
193 18800 6600 0 0
194 18800 6400 0 0
195 18800 6200 0 0
196 18800 6000 0 0
197 18800 5800 0 0
198 18800 5600 0 0
199 18800 5400 0 0
200 18800 5200 0 0
201 18800 5000 0 0
202 18800 4800 0 0
203 18800 4600 0 0
204 18800 4400 0 0
205 18800 4200 0 0
206 18800 4000 0 0
207 18800 3800 0 0
208 18800 3600 0 0
209 18800 3400 0 0
210 18800 3200 0 0
211 18800 3000 0 0
212 18800 2800 0 0
213 18800 2600 0 0
214 18800 2400 0 0
215 18800 2200 0 0
216 19000 2200 0 0
217 19000 2000 0 0
218 19000 1800 0 0
219 19000 1600 0 0
220 19200 1600 0 0
221 19200 1400 0 0
222 19200 1200 0 0
