0 3 95 0 0
1 4 95 0 0
2 5 95 0 0
3 6 95 0 0
4 7 95 0 0
5 8 95 0 0
6 9 95 0 0
7 10 95 0 0
8 11 95 0 0
9 12 95 0 0
10 13 95 0 0
11 14 95 0 0
12 15 95 0 0
13 16 95 0 0
14 16 96 0 0
15 17 96 0 0
16 18 96 0 0
17 19 96 0 0
18 20 96 0 0
19 21 96 0 0
20 22 96 0 0
21 23 96 0 0
22 24 96 0 0
23 25 96 0 0
24 26 96 0 0
25 27 96 0 0
26 28 96 0 0
27 28 95 0 0
28 29 95 0 0
29 30 95 0 0
30 31 95 0 0
31 32 95 0 0
32 33 95 0 0
33 34 95 0 0
34 35 95 0 0
35 36 95 0 0
36 37 95 0 0
37 38 95 0 0
38 39 95 0 0
39 40 95 0 0
40 40 94 0 0
41 41 94 0 0
42 42 94 0 0
43 43 94 0 0
44 44 94 0 0
45 45 94 0 0
46 46 94 0 0
47 47 94 0 0
48 48 94 0 0
49 49 94 0 0
50 50 94 0 0
51 51 94 0 0
52 52 94 0 0
53 53 94 0 0
54 54 94 0 0
55 55 94 0 0
56 56 94 0 0
57 57 94 0 0
58 58 94 0 0
59 59 94 0 0
60 60 94 0 0
61 61 94 0 0
62 62 94 0 0
63 63 94 0 0
64 64 94 0 0
65 65 94 0 0
66 65 93 0 0
67 66 93 0 0
68 67 93 0 0
69 68 93 0 0
70 69 93 0 0
71 70 93 0 0
72 71 93 0 0
73 72 93 0 0
74 72 92 0 0
75 73 92 0 0
76 74 92 0 0
77 75 92 0 0
78 75 91 0 0
79 76 91 0 0
80 77 91 0 0
81 78 91 0 0
82 78 90 0 0
83 79 90 0 0
84 80 90 0 0
85 81 90 0 0
86 81 89 0 0
87 82 89 0 0
88 83 89 0 0
89 83 88 0 0
90 84 88 0 0
91 85 88 0 0
92 86 88 0 0
93 86 87 0 0
94 87 87 0 0
95 87 86 0 0
96 88 86 0 0
97 88 85 0 0
98 89 85 0 0
99 90 85 0 0
100 90 84 0 0
101 91 84 0 0
102 91 83 0 0
103 92 83 0 0
104 92 82 0 0
105 93 82 0 0
106 94 82 0 0
107 94 81 0 0
108 95 81 0 0
109 95 80 0 0
110 96 80 0 0
111 96 79 0 0
112 97 79 0 0
113 98 79 0 0
114 99 79 0 0
115 100 79 0 0
116 101 79 0 0
117 102 79 0 0
118 103 79 0 0
119 104 79 0 0
120 104 80 0 0
121 105 80 0 0
122 106 80 0 0
123 106 81 0 0
124 107 81 0 0
125 108 81 0 0
126 108 82 0 0
127 109 82 0 0
128 110 82 0 0
129 110 83 0 0
130 111 83 0 0
131 112 83 0 0
132 113 83 0 0
133 114 83 0 0
134 114 84 0 0
135 115 84 0 0
136 116 84 0 0
137 117 84 0 0
138 118 84 0 0
139 118 85 0 0
140 119 85 0 0
141 119 86 0 0
142 120 86 0 0
143 120 87 0 0
144 121 87 0 0
145 121 88 0 0
146 122 88 0 0
147 122 89 0 0
148 123 89 0 0
149 123 90 0 0
150 124 90 0 0
151 124 91 0 0
152 125 91 0 0
153 125 92 0 0
154 126 92 0 0
155 126 93 0 0
156 127 93 0 0
157 128 93 0 0
158 129 93 0 0
159 129 94 0 0
160 130 94 0 0
161 131 94 0 0
162 132 94 0 0
163 132 95 0 0
164 133 95 0 0
165 134 95 0 0
166 135 95 0 0
167 136 95 0 0
168 137 95 0 0
169 138 95 0 0
170 139 95 0 0
171 140 95 0 0
172 141 95 0 0
173 141 96 0 0
174 142 96 0 0
175 143 96 0 0
176 144 96 0 0
177 144 97 0 0
178 145 97 0 0
179 146 97 0 0
180 147 97 0 0
181 148 97 0 0
182 149 97 0 0
183 150 97 0 0
184 151 97 0 0
185 152 97 0 0
186 153 97 0 0
187 154 97 0 0
188 155 97 0 0
189 156 97 0 0
190 157 97 0 0
191 158 97 0 0
192 159 97 0 0
193 160 97 0 0
194 161 97 0 0
195 162 97 0 0
196 163 97 0 0
197 164 97 0 0
198 165 97 0 0
199 166 97 0 0
200 167 97 0 0
201 168 97 0 0
202 169 97 0 0
203 170 97 0 0
204 171 97 0 0
205 172 97 0 0
206 172 96 0 0
207 173 96 0 0
208 174 96 0 0
209 175 96 0 0
210 176 96 0 0
211 177 96 0 0
212 178 96 0 0
213 179 96 0 0
214 180 96 0 0
215 181 96 0 0
216 182 96 0 0
217 183 96 0 0
218 184 96 0 0
219 185 96 0 0
220 186 96 0 0
221 187 96 0 0
222 188 96 0 0
223 189 96 0 0
224 190 96 0 0
225 191 96 0 0
226 192 96 0 0
227 193 96 0 0
228 194 96 0 0
