0 1 98 0 0
1 2 98 0 0
2 3 98 0 0
3 4 98 0 0
4 5 98 0 0
5 6 98 0 0
6 7 98 0 0
7 8 98 0 0
8 9 98 0 0
9 10 98 0 0
10 11 98 0 0
11 12 98 0 0
12 13 98 0 0
13 14 98 0 0
14 15 98 0 0
15 16 98 0 0
16 17 98 0 0
17 18 98 0 0
18 19 98 0 0
19 20 98 0 0
20 21 98 0 0
21 22 98 0 0
22 23 98 0 0
23 24 98 0 0
24 25 98 0 0
25 26 98 0 0
26 27 98 0 0
27 28 98 0 0
28 29 98 0 0
29 30 98 0 0
30 31 98 0 0
31 32 98 0 0
32 33 98 0 0
33 34 98 0 0
34 35 98 0 0
35 36 98 0 0
36 37 98 0 0
37 38 98 0 0
38 39 98 0 0
39 40 98 0 0
40 41 98 0 0
41 42 98 0 0
42 43 98 0 0
43 44 98 0 0
44 45 98 0 0
45 46 98 0 0
46 47 98 0 0
47 48 98 0 0
48 49 98 0 0
49 50 98 0 0
50 51 98 0 0
51 52 98 0 0
52 53 98 0 0
53 54 98 0 0
54 55 98 0 0
55 56 98 0 0
56 57 98 0 0
57 57 97 0 0
58 58 97 0 0
59 58 98 0 0
60 59 98 0 0
61 59 97 0 0
62 60 97 0 0
63 61 97 0 0
64 61 98 0 0
65 62 98 0 0
66 63 98 0 0
67 64 98 0 0
68 65 98 0 0
69 66 98 0 0
70 67 98 0 0
71 68 98 0 0
72 69 98 0 0
73 70 98 0 0
74 71 98 0 0
75 71 97 0 0
76 72 97 0 0
77 72 96 0 0
78 73 96 0 0
79 74 96 0 0
80 75 96 0 0
81 75 95 0 0
82 76 95 0 0
83 77 95 0 0
84 77 94 0 0
85 78 94 0 0
86 79 94 0 0
87 79 93 0 0
88 80 93 0 0
89 81 93 0 0
90 81 92 0 0
91 82 92 0 0
92 83 92 0 0
93 83 91 0 0
94 84 91 0 0
95 84 90 0 0
96 85 90 0 0
97 86 90 0 0
98 87 90 0 0
99 88 90 0 0
100 89 90 0 0
101 90 90 0 0
102 91 90 0 0
103 92 90 0 0
104 92 89 0 0
105 93 89 0 0
106 94 89 0 0
107 95 89 0 0
108 95 88 0 0
109 96 88 0 0
110 97 88 0 0
111 97 87 0 0
112 98 87 0 0
113 99 87 0 0
114 100 87 0 0
115 101 87 0 0
116 102 87 0 0
117 103 87 0 0
118 104 87 0 0
119 105 87 0 0
120 106 87 0 0
121 107 87 0 0
122 108 87 0 0
123 109 87 0 0
124 110 87 0 0
125 111 87 0 0
126 112 87 0 0
127 112 88 0 0
128 113 88 0 0
129 114 88 0 0
130 115 88 0 0
131 115 89 0 0
132 116 89 0 0
133 117 89 0 0
134 117 90 0 0
135 118 90 0 0
136 119 90 0 0
137 119 91 0 0
138 120 91 0 0
139 121 91 0 0
140 122 91 0 0
141 122 92 0 0
142 123 92 0 0
143 124 92 0 0
144 124 93 0 0
145 125 93 0 0
146 126 93 0 0
147 126 94 0 0
148 127 94 0 0
149 128 94 0 0
150 128 95 0 0
151 129 95 0 0
152 130 95 0 0
153 131 95 0 0
154 132 95 0 0
155 133 95 0 0
156 134 95 0 0
157 135 95 0 0
158 136 95 0 0
159 137 95 0 0
160 138 95 0 0
161 139 95 0 0
162 140 95 0 0
163 141 95 0 0
164 142 95 0 0
165 143 95 0 0
166 144 95 0 0
167 145 95 0 0
168 146 95 0 0
169 147 95 0 0
170 148 95 0 0
171 149 95 0 0
172 149 96 0 0
173 150 96 0 0
174 151 96 0 0
175 152 96 0 0
176 153 96 0 0
177 154 96 0 0
178 155 96 0 0
179 156 96 0 0
180 157 96 0 0
181 158 96 0 0
182 159 96 0 0
183 160 96 0 0
184 161 96 0 0
185 162 96 0 0
186 163 96 0 0
187 164 96 0 0
188 165 96 0 0
189 166 96 0 0
190 167 96 0 0
191 167 97 0 0
192 168 97 0 0
193 169 97 0 0
194 170 97 0 0
195 171 97 0 0
196 172 97 0 0
197 172 98 0 0
198 173 98 0 0
199 174 98 0 0
200 175 98 0 0
201 176 98 0 0
202 176 99 0 0
203 177 99 0 0
204 178 99 0 0
205 179 99 0 0
206 180 99 0 0
207 181 99 0 0
208 181 100 0 0
209 182 100 0 0
210 183 100 0 0
211 184 100 0 0
212 184 101 0 0
213 185 101 0 0
214 186 101 0 0
215 187 101 0 0
216 187 102 0 0
217 188 102 0 0
218 189 102 0 0
219 189 103 0 0
220 190 103 0 0
221 190 104 0 0
222 191 104 0 0
223 191 105 0 0
224 192 105 0 0
225 192 106 0 0
226 193 106 0 0
227 194 106 0 0
228 194 107 0 0
229 194 108 0 0
230 195 108 0 0
