0 99 13 0 0
1 99 14 0 0
2 98 14 0 0
3 98 15 0 0
4 98 16 0 0
5 97 16 0 0
6 97 17 0 0
7 97 18 0 0
8 96 18 0 0
9 96 19 0 0
10 96 20 0 0
11 95 20 0 0
12 95 21 0 0
13 95 22 0 0
14 94 22 0 0
15 94 23 0 0
16 94 24 0 0
17 94 25 0 0
18 94 26 0 0
19 94 27 0 0
20 94 28 0 0
21 94 29 0 0
22 94 30 0 0
23 93 30 0 0
24 93 31 0 0
25 93 32 0 0
26 93 33 0 0
27 93 34 0 0
28 93 35 0 0
29 93 36 0 0
30 93 37 0 0
31 93 38 0 0
32 93 39 0 0
33 93 40 0 0
34 93 41 0 0
35 94 41 0 0
36 94 42 0 0
37 94 43 0 0
38 94 44 0 0
39 94 45 0 0
40 94 46 0 0
41 94 47 0 0
42 95 47 0 0
43 95 48 0 0
44 95 49 0 0
45 95 50 0 0
46 95 51 0 0
47 95 52 0 0
48 95 53 0 0
49 96 53 0 0
50 96 54 0 0
51 96 55 0 0
52 96 56 0 0
53 96 57 0 0
54 96 58 0 0
55 97 58 0 0
56 97 59 0 0
57 97 60 0 0
58 97 61 0 0
59 98 61 0 0
60 98 62 0 0
61 98 63 0 0
62 98 64 0 0
63 98 65 0 0
64 99 65 0 0
65 99 66 0 0
66 99 67 0 0
67 99 68 0 0
68 100 68 0 0
69 100 69 0 0
70 100 70 0 0
71 101 70 0 0
72 101 71 0 0
73 101 72 0 0
74 102 72 0 0
75 102 73 0 0
76 103 73 0 0
77 103 74 0 0
78 103 75 0 0
79 104 75 0 0
80 104 76 0 0
81 105 76 0 0
82 105 77 0 0
83 106 77 0 0
84 106 78 0 0
85 107 78 0 0
86 107 79 0 0
87 108 79 0 0
88 108 80 0 0
89 108 81 0 0
90 109 81 0 0
91 109 82 0 0
92 110 82 0 0
93 110 83 0 0
94 111 83 0 0
95 111 84 0 0
96 112 84 0 0
97 112 85 0 0
98 113 85 0 0
99 113 86 0 0
100 114 86 0 0
101 114 87 0 0
102 115 87 0 0
103 116 87 0 0
104 116 88 0 0
105 117 88 0 0
106 117 89 0 0
107 118 89 0 0
108 118 90 0 0
109 119 90 0 0
110 119 91 0 0
111 120 91 0 0
112 120 92 0 0
113 121 92 0 0
114 121 93 0 0
115 122 93 0 0
116 122 94 0 0
117 123 94 0 0
118 123 95 0 0
119 124 95 0 0
120 124 96 0 0
121 125 96 0 0
122 126 96 0 0
123 127 96 0 0
124 127 97 0 0
125 128 97 0 0
126 129 97 0 0
127 130 97 0 0
128 131 97 0 0
129 131 98 0 0
130 132 98 0 0
131 133 98 0 0
132 134 98 0 0
133 135 98 0 0
134 136 98 0 0
135 137 98 0 0
136 137 99 0 0
137 138 99 0 0
138 139 99 0 0
139 140 99 0 0
140 140 100 0 0
141 141 100 0 0
142 142 100 0 0
143 143 100 0 0
144 144 100 0 0
145 144 101 0 0
146 145 101 0 0
147 146 101 0 0
148 147 101 0 0
149 148 101 0 0
150 149 101 0 0
151 150 101 0 0
152 151 101 0 0
153 152 101 0 0
154 153 101 0 0
155 154 101 0 0
156 155 101 0 0
157 156 101 0 0
158 157 101 0 0
159 158 101 0 0
160 159 101 0 0
161 160 101 0 0
162 161 101 0 0
163 162 101 0 0
164 163 101 0 0
165 164 101 0 0
166 165 101 0 0
167 166 101 0 0
168 167 101 0 0
169 168 101 0 0
170 169 101 0 0
171 170 101 0 0
172 171 101 0 0
173 172 101 0 0
174 173 101 0 0
175 174 101 0 0
176 175 101 0 0
177 176 101 0 0
178 177 101 0 0
179 178 101 0 0
180 179 101 0 0
181 180 101 0 0
182 181 101 0 0
183 182 101 0 0
184 183 101 0 0
185 184 101 0 0
186 185 101 0 0
187 186 101 0 0
188 187 101 0 0
189 188 101 0 0
190 189 101 0 0
191 190 101 0 0
192 191 101 0 0
193 192 101 0 0
194 193 101 0 0
195 194 101 0 0
