0 0 92 0 0
1 0 93 0 0
2 1 93 0 0
3 2 93 0 0
4 3 93 0 0
5 4 93 0 0
6 5 93 0 0
7 6 93 0 0
8 7 93 0 0
9 8 93 0 0
10 9 93 0 0
11 10 93 0 0
12 11 93 0 0
13 12 93 0 0
14 13 93 0 0
15 14 93 0 0
16 15 93 0 0
17 16 93 0 0
18 17 93 0 0
19 18 93 0 0
20 19 93 0 0
21 20 93 0 0
22 21 93 0 0
23 22 93 0 0
24 23 93 0 0
25 24 93 0 0
26 25 93 0 0
27 26 93 0 0
28 27 93 0 0
29 28 93 0 0
30 29 93 0 0
31 30 93 0 0
32 31 93 0 0
33 32 93 0 0
34 33 93 0 0
35 34 93 0 0
36 35 93 0 0
37 36 93 0 0
38 37 93 0 0
39 38 93 0 0
40 39 93 0 0
41 40 93 0 0
42 41 93 0 0
43 42 93 0 0
44 43 93 0 0
45 44 93 0 0
46 45 93 0 0
47 46 93 0 0
48 47 93 0 0
49 48 93 0 0
50 49 93 0 0
51 50 93 0 0
52 51 93 0 0
53 51 92 0 0
54 52 92 0 0
55 53 92 0 0
56 54 92 0 0
57 55 92 0 0
58 56 92 0 0
59 57 92 0 0
60 58 92 0 0
61 59 92 0 0
62 60 92 0 0
63 61 92 0 0
64 62 92 0 0
65 63 92 0 0
66 64 92 0 0
67 65 92 0 0
68 66 92 0 0
69 67 92 0 0
70 68 92 0 0
71 69 92 0 0
72 70 92 0 0
73 70 91 0 0
74 71 91 0 0
75 72 91 0 0
76 73 91 0 0
77 74 91 0 0
78 75 91 0 0
79 76 91 0 0
80 77 91 0 0
81 78 91 0 0
82 79 91 0 0
83 80 91 0 0
84 81 91 0 0
85 81 90 0 0
86 82 90 0 0
87 83 90 0 0
88 84 90 0 0
89 84 89 0 0
90 85 89 0 0
91 86 89 0 0
92 86 88 0 0
93 87 88 0 0
94 88 88 0 0
95 89 88 0 0
96 89 87 0 0
97 90 87 0 0
98 91 87 0 0
99 91 86 0 0
100 92 86 0 0
101 93 86 0 0
102 93 85 0 0
103 94 85 0 0
104 95 85 0 0
105 96 85 0 0
106 97 85 0 0
107 98 85 0 0
108 99 85 0 0
109 100 85 0 0
110 101 85 0 0
111 102 85 0 0
112 103 85 0 0
113 104 85 0 0
114 105 85 0 0
115 106 85 0 0
116 107 85 0 0
117 108 85 0 0
118 109 85 0 0
119 110 85 0 0
120 111 85 0 0
121 112 85 0 0
122 113 85 0 0
123 114 85 0 0
124 115 85 0 0
125 116 85 0 0
126 117 85 0 0
127 118 85 0 0
128 118 86 0 0
129 119 86 0 0
130 120 86 0 0
131 120 85 0 0
132 121 85 0 0
133 122 85 0 0
134 123 85 0 0
135 124 85 0 0
136 125 85 0 0
137 125 86 0 0
138 125 87 0 0
139 126 87 0 0
140 126 88 0 0
141 126 89 0 0
142 126 90 0 0
143 126 91 0 0
144 127 91 0 0
145 128 91 0 0
146 129 91 0 0
147 129 92 0 0
148 130 92 0 0
149 131 92 0 0
150 132 92 0 0
151 133 92 0 0
152 133 93 0 0
153 134 93 0 0
154 135 93 0 0
155 136 93 0 0
156 137 93 0 0
157 138 93 0 0
158 139 93 0 0
159 140 93 0 0
160 141 93 0 0
161 141 94 0 0
162 142 94 0 0
163 143 94 0 0
164 144 94 0 0
165 145 94 0 0
166 146 94 0 0
167 147 94 0 0
168 148 94 0 0
169 149 94 0 0
170 150 94 0 0
171 151 94 0 0
172 151 95 0 0
173 152 95 0 0
174 153 95 0 0
175 154 95 0 0
176 155 95 0 0
177 156 95 0 0
178 157 95 0 0
179 158 95 0 0
180 159 95 0 0
181 160 95 0 0
182 161 95 0 0
183 162 95 0 0
184 163 95 0 0
185 164 95 0 0
186 165 95 0 0
187 165 96 0 0
188 166 96 0 0
189 167 96 0 0
190 168 96 0 0
191 169 96 0 0
192 170 96 0 0
193 171 96 0 0
194 172 96 0 0
195 173 96 0 0
196 174 96 0 0
197 175 96 0 0
198 176 96 0 0
199 177 96 0 0
200 177 97 0 0
201 178 97 0 0
202 179 97 0 0
203 180 97 0 0
204 181 97 0 0
205 182 97 0 0
206 183 97 0 0
207 184 97 0 0
208 185 97 0 0
209 186 97 0 0
210 187 97 0 0
211 188 97 0 0
212 188 98 0 0
213 189 98 0 0
214 190 98 0 0
215 191 98 0 0
216 192 98 0 0
217 193 98 0 0
218 194 98 0 0
219 195 98 0 0
220 196 98 0 0
