0 91 234 0 0
1 91 233 0 0
2 91 232 0 0
3 91 231 0 0
4 91 230 0 0
5 91 229 0 0
6 91 228 0 0
7 91 227 0 0
8 91 226 0 0
9 91 225 0 0
10 91 224 0 0
11 91 223 0 0
12 91 222 0 0
13 91 221 0 0
14 91 220 0 0
15 91 219 0 0
16 91 218 0 0
17 91 217 0 0
18 91 216 0 0
19 91 215 0 0
20 91 214 0 0
21 91 213 0 0
22 91 212 0 0
23 91 211 0 0
24 91 210 0 0
25 90 210 0 0
26 90 209 0 0
27 90 208 0 0
28 90 207 0 0
29 90 206 0 0
30 90 205 0 0
31 90 204 0 0
32 90 203 0 0
33 90 202 0 0
34 90 201 0 0
35 90 200 0 0
36 90 199 0 0
37 90 198 0 0
38 90 197 0 0
39 90 196 0 0
40 90 195 0 0
41 90 194 0 0
42 90 193 0 0
43 90 192 0 0
44 90 191 0 0
45 90 190 0 0
46 90 189 0 0
47 90 188 0 0
48 90 187 0 0
49 90 186 0 0
50 90 185 0 0
51 90 184 0 0
52 90 183 0 0
53 90 182 0 0
54 90 181 0 0
55 90 180 0 0
56 90 179 0 0
57 89 179 0 0
58 90 179 0 0
59 90 178 0 0
60 89 178 0 0
61 89 177 0 0
62 89 176 0 0
63 89 175 0 0
64 89 174 0 0
65 89 173 0 0
66 89 172 0 0
67 89 171 0 0
68 89 170 0 0
69 89 169 0 0
70 89 168 0 0
71 89 167 0 0
72 89 166 0 0
73 89 165 0 0
74 89 164 0 0
75 89 163 0 0
76 89 162 0 0
77 88 162 0 0
78 88 161 0 0
79 88 160 0 0
80 88 159 0 0
81 88 158 0 0
82 88 157 0 0
83 88 156 0 0
84 88 155 0 0
85 88 154 0 0
86 88 153 0 0
87 88 152 0 0
88 88 151 0 0
89 88 150 0 0
90 88 149 0 0
91 88 148 0 0
92 88 147 0 0
93 88 146 0 0
94 88 145 0 0
95 87 145 0 0
96 87 144 0 0
97 87 143 0 0
98 87 142 0 0
99 87 141 0 0
100 87 140 0 0
101 87 139 0 0
102 87 138 0 0
103 87 137 0 0
104 87 136 0 0
105 86 136 0 0
106 86 135 0 0
107 86 134 0 0
108 86 133 0 0
109 86 132 0 0
110 86 131 0 0
111 86 130 0 0
112 86 129 0 0
113 85 129 0 0
114 85 128 0 0
115 85 127 0 0
116 85 126 0 0
117 85 125 0 0
118 85 124 0 0
119 85 123 0 0
120 85 122 0 0
121 85 121 0 0
122 85 120 0 0
123 85 119 0 0
124 85 118 0 0
125 85 117 0 0
126 84 117 0 0
127 84 116 0 0
128 84 115 0 0
129 84 114 0 0
130 84 113 0 0
131 84 112 0 0
132 84 111 0 0
133 84 110 0 0
134 84 109 0 0
135 84 108 0 0
136 84 107 0 0
137 84 106 0 0
138 84 105 0 0
139 84 104 0 0
140 84 103 0 0
141 84 102 0 0
142 84 101 0 0
143 84 100 0 0
144 84 99 0 0
145 84 98 0 0
146 84 97 0 0
147 84 96 0 0
148 85 96 0 0
149 85 95 0 0
150 85 94 0 0
151 85 93 0 0
152 85 92 0 0
153 86 92 0 0
154 86 91 0 0
155 86 90 0 0
156 87 90 0 0
157 87 89 0 0
158 87 88 0 0
159 87 87 0 0
160 87 86 0 0
161 88 86 0 0
162 88 85 0 0
163 89 85 0 0
164 89 84 0 0
165 89 83 0 0
166 90 83 0 0
167 90 82 0 0
168 91 82 0 0
169 91 81 0 0
170 92 81 0 0
171 92 80 0 0
172 92 79 0 0
173 93 79 0 0
174 93 78 0 0
175 94 78 0 0
176 94 77 0 0
177 94 76 0 0
178 95 76 0 0
179 95 75 0 0
180 95 74 0 0
181 95 73 0 0
182 96 73 0 0
183 96 72 0 0
184 96 71 0 0
185 96 70 0 0
186 96 69 0 0
187 96 68 0 0
188 96 67 0 0
189 96 66 0 0
190 97 66 0 0
191 96 66 0 0
192 96 65 0 0
193 96 64 0 0
194 96 63 0 0
195 96 62 0 0
196 96 61 0 0
197 95 61 0 0
198 95 60 0 0
199 95 59 0 0
200 95 58 0 0
201 95 57 0 0
202 95 56 0 0
203 94 56 0 0
204 94 55 0 0
205 94 54 0 0
206 94 53 0 0
207 94 52 0 0
208 94 51 0 0
209 93 51 0 0
210 93 50 0 0
211 93 49 0 0
212 93 48 0 0
213 93 47 0 0
214 93 46 0 0
215 93 45 0 0
216 93 44 0 0
217 93 43 0 0
218 93 42 0 0
219 93 41 0 0
220 93 40 0 0
221 93 39 0 0
222 93 38 0 0
223 93 37 0 0
224 93 36 0 0
225 93 35 0 0
226 93 34 0 0
227 93 33 0 0
228 93 32 0 0
229 93 31 0 0
230 93 30 0 0
231 93 29 0 0
232 93 28 0 0
233 93 27 0 0
234 93 26 0 0
235 93 25 0 0
236 93 24 0 0
237 93 23 0 0
238 93 22 0 0
239 93 21 0 0
240 93 20 0 0
241 93 19 0 0
242 93 18 0 0
243 93 17 0 0
244 93 16 0 0
245 93 15 0 0
246 93 14 0 0
247 93 13 0 0
248 93 12 0 0
249 93 11 0 0
250 93 10 0 0
251 93 9 0 0
252 93 8 0 0
253 93 7 0 0
254 93 6 0 0
255 93 5 0 0
