0 101 5 0 0
1 101 6 0 0
2 101 7 0 0
3 101 8 0 0
4 101 9 0 0
5 101 10 0 0
6 101 11 0 0
7 101 12 0 0
8 101 13 0 0
9 101 14 0 0
10 101 15 0 0
11 101 16 0 0
12 101 17 0 0
13 101 18 0 0
14 101 19 0 0
15 101 20 0 0
16 102 20 0 0
17 102 21 0 0
18 102 22 0 0
19 102 23 0 0
20 102 24 0 0
21 102 25 0 0
22 102 26 0 0
23 102 27 0 0
24 102 28 0 0
25 102 29 0 0
26 102 30 0 0
27 102 31 0 0
28 102 32 0 0
29 102 33 0 0
30 102 34 0 0
31 102 35 0 0
32 102 36 0 0
33 102 37 0 0
34 102 38 0 0
35 102 39 0 0
36 102 40 0 0
37 102 41 0 0
38 103 41 0 0
39 103 42 0 0
40 103 43 0 0
41 103 44 0 0
42 103 45 0 0
43 103 46 0 0
44 103 47 0 0
45 103 48 0 0
46 103 49 0 0
47 103 50 0 0
48 103 51 0 0
49 103 52 0 0
50 103 53 0 0
51 103 54 0 0
52 103 55 0 0
53 103 56 0 0
54 103 57 0 0
55 104 57 0 0
56 104 58 0 0
57 104 59 0 0
58 105 59 0 0
59 105 60 0 0
60 105 61 0 0
61 105 62 0 0
62 106 62 0 0
63 106 63 0 0
64 106 64 0 0
65 106 65 0 0
66 107 65 0 0
67 107 66 0 0
68 107 67 0 0
69 107 68 0 0
70 108 68 0 0
71 108 69 0 0
72 108 70 0 0
73 108 71 0 0
74 109 71 0 0
75 109 72 0 0
76 110 72 0 0
77 110 73 0 0
78 111 73 0 0
79 111 74 0 0
80 112 74 0 0
81 112 75 0 0
82 112 76 0 0
83 113 76 0 0
84 113 77 0 0
85 114 77 0 0
86 114 78 0 0
87 115 78 0 0
88 115 79 0 0
89 116 79 0 0
90 116 80 0 0
91 117 80 0 0
92 117 81 0 0
93 118 81 0 0
94 118 82 0 0
95 118 83 0 0
96 119 83 0 0
97 119 84 0 0
98 120 84 0 0
99 120 85 0 0
100 121 85 0 0
101 121 86 0 0
102 122 86 0 0
103 122 87 0 0
104 123 87 0 0
105 123 88 0 0
106 124 88 0 0
107 124 89 0 0
108 125 89 0 0
109 125 90 0 0
110 125 91 0 0
111 126 91 0 0
112 126 92 0 0
113 126 93 0 0
114 126 94 0 0
115 126 95 0 0
116 126 96 0 0
117 126 97 0 0
118 126 98 0 0
119 126 99 0 0
120 126 100 0 0
121 126 101 0 0
122 126 102 0 0
123 126 103 0 0
124 126 104 0 0
125 126 105 0 0
126 125 105 0 0
127 125 106 0 0
128 125 107 0 0
129 124 107 0 0
130 124 108 0 0
131 124 109 0 0
132 123 109 0 0
133 123 110 0 0
134 123 111 0 0
135 123 112 0 0
136 122 112 0 0
137 122 113 0 0
138 122 114 0 0
139 121 114 0 0
140 121 115 0 0
141 121 116 0 0
142 121 117 0 0
143 120 117 0 0
144 120 118 0 0
145 120 119 0 0
146 120 120 0 0
147 119 120 0 0
148 119 121 0 0
149 119 122 0 0
150 119 123 0 0
151 118 123 0 0
152 118 124 0 0
153 118 125 0 0
154 117 125 0 0
155 117 126 0 0
156 117 127 0 0
157 117 128 0 0
158 116 128 0 0
159 116 129 0 0
160 116 130 0 0
161 116 131 0 0
162 116 132 0 0
163 116 133 0 0
164 115 133 0 0
165 115 134 0 0
166 115 135 0 0
167 115 136 0 0
168 115 137 0 0
169 115 138 0 0
170 115 139 0 0
171 115 140 0 0
172 114 140 0 0
173 114 141 0 0
174 114 142 0 0
175 114 143 0 0
176 114 144 0 0
177 114 145 0 0
178 114 146 0 0
179 114 147 0 0
180 114 148 0 0
181 114 149 0 0
182 114 150 0 0
183 114 151 0 0
184 114 152 0 0
185 114 153 0 0
186 114 154 0 0
187 114 155 0 0
188 114 156 0 0
189 114 157 0 0
190 114 158 0 0
191 114 159 0 0
192 114 160 0 0
193 114 161 0 0
194 114 162 0 0
195 114 163 0 0
196 114 164 0 0
197 114 165 0 0
198 114 166 0 0
199 114 167 0 0
200 114 168 0 0
201 114 169 0 0
202 115 169 0 0
203 115 170 0 0
204 115 171 0 0
205 115 172 0 0
206 115 173 0 0
207 115 174 0 0
208 115 175 0 0
209 115 176 0 0
210 115 177 0 0
211 115 178 0 0
212 116 178 0 0
213 116 179 0 0
214 116 180 0 0
215 116 181 0 0
216 116 182 0 0
217 116 183 0 0
218 116 184 0 0
219 116 185 0 0
220 117 185 0 0
221 117 186 0 0
222 117 187 0 0
223 117 188 0 0
224 117 189 0 0
225 117 190 0 0
226 117 191 0 0
227 117 192 0 0
228 117 193 0 0
229 117 194 0 0
230 117 195 0 0
231 117 196 0 0
232 118 196 0 0
233 118 197 0 0
234 118 198 0 0
235 118 199 0 0
236 118 200 0 0
237 118 201 0 0
238 118 202 0 0
239 118 203 0 0
240 118 204 0 0
241 119 204 0 0
242 119 205 0 0
243 119 206 0 0
244 119 207 0 0
245 119 208 0 0
246 119 209 0 0
247 119 210 0 0
248 119 211 0 0
249 119 212 0 0
250 120 212 0 0
251 120 213 0 0
252 120 214 0 0
253 120 215 0 0
254 120 216 0 0
255 120 217 0 0
256 121 217 0 0
257 121 218 0 0
258 121 219 0 0
259 121 220 0 0
260 121 221 0 0
261 121 222 0 0
262 121 223 0 0
263 121 224 0 0
264 121 225 0 0
265 121 226 0 0
266 121 227 0 0
267 121 228 0 0
268 121 229 0 0
269 121 230 0 0
270 122 230 0 0
271 122 231 0 0
272 122 232 0 0
273 122 233 0 0
274 122 234 0 0
275 122 235 0 0
