0 18000 47200 0 0
1 17800 47200 0 0
2 17800 47000 0 0
3 17800 46800 0 0
4 17800 46600 0 0
5 17800 46400 0 0
6 17800 46200 0 0
7 17800 46000 0 0
8 17800 45800 0 0
9 17800 45600 0 0
10 17800 45400 0 0
11 17800 45200 0 0
12 17600 45200 0 0
13 17600 45000 0 0
14 17600 44800 0 0
15 17600 44600 0 0
16 17600 44400 0 0
17 17600 44200 0 0
18 17400 44200 0 0
19 17400 44000 0 0
20 17600 44000 0 0
21 17600 43800 0 0
22 17600 43600 0 0
23 17800 43600 0 0
24 17800 43400 0 0
25 17600 43400 0 0
26 17600 43200 0 0
27 17600 43000 0 0
28 17600 42800 0 0
29 17600 42600 0 0
30 17600 42400 0 0
31 17600 42200 0 0
32 17600 42000 0 0
33 17600 41800 0 0
34 17600 41600 0 0
35 17600 41400 0 0
36 17600 41200 0 0
37 17600 41000 0 0
38 17600 40800 0 0
39 17800 40800 0 0
40 17800 40600 0 0
41 17800 40400 0 0
42 17800 40200 0 0
43 17800 40000 0 0
44 17800 39800 0 0
45 17800 39600 0 0
46 17800 39400 0 0
47 18000 39400 0 0
48 18000 39200 0 0
49 18000 39000 0 0
50 18000 38800 0 0
51 18000 38600 0 0
52 18000 38400 0 0
53 18000 38200 0 0
54 18000 38000 0 0
55 18000 37800 0 0
56 18200 37800 0 0
57 18200 37600 0 0
58 18200 37400 0 0
59 18200 37200 0 0
60 18200 37000 0 0
61 18200 36800 0 0
62 18200 36600 0 0
63 18200 36400 0 0
64 18200 36200 0 0
65 18200 36000 0 0
66 18200 35800 0 0
67 18200 35600 0 0
68 18200 35400 0 0
69 18200 35200 0 0
70 18200 35000 0 0
71 18200 34800 0 0
72 18200 34600 0 0
73 18200 34400 0 0
74 18200 34200 0 0
75 18200 34000 0 0
76 18200 33800 0 0
77 18200 33600 0 0
78 18200 33400 0 0
79 18200 33200 0 0
80 18200 33000 0 0
81 18200 32800 0 0
82 18200 32600 0 0
83 18200 32400 0 0
84 18200 32200 0 0
85 18200 32000 0 0
86 18200 31800 0 0
87 18000 31800 0 0
88 18000 31600 0 0
89 18000 31400 0 0
90 18000 31200 0 0
91 18000 31000 0 0
92 18000 30800 0 0
93 18000 30600 0 0
94 18000 30400 0 0
95 18000 30200 0 0
96 18000 30000 0 0
97 18000 29800 0 0
98 17800 29800 0 0
99 17800 29600 0 0
100 17800 29400 0 0
101 17800 29200 0 0
102 17800 29000 0 0
103 17800 28800 0 0
104 17800 28600 0 0
105 17800 28400 0 0
106 17600 28400 0 0
107 17600 28200 0 0
108 17600 28000 0 0
109 17600 27800 0 0
110 17600 27600 0 0
111 17600 27400 0 0
112 17600 27200 0 0
113 17400 27200 0 0
114 17400 27000 0 0
115 17400 26800 0 0
116 17400 26600 0 0
117 17400 26400 0 0
118 17200 26400 0 0
119 17200 26200 0 0
120 17200 26000 0 0
121 17200 25800 0 0
122 17200 25600 0 0
123 17000 25600 0 0
124 17000 25400 0 0
125 17000 25200 0 0
126 17000 25000 0 0
127 17000 24800 0 0
128 17000 24600 0 0
129 16800 24600 0 0
130 16800 24400 0 0
131 16800 24200 0 0
132 16800 24000 0 0
133 16800 23800 0 0
134 16800 23600 0 0
135 16800 23400 0 0
136 16800 23200 0 0
137 16800 23000 0 0
138 16800 22800 0 0
139 16600 22800 0 0
140 16600 22600 0 0
141 16600 22400 0 0
142 16600 22200 0 0
143 16600 22000 0 0
144 16600 21800 0 0
145 16600 21600 0 0
146 16600 21400 0 0
147 16800 21400 0 0
148 16800 21200 0 0
149 16800 21000 0 0
150 16800 20800 0 0
151 16800 20600 0 0
152 16800 20400 0 0
153 16800 20200 0 0
154 16800 20000 0 0
155 16800 19800 0 0
156 16800 19600 0 0
157 16800 19400 0 0
158 16800 19200 0 0
159 16800 19000 0 0
160 17000 19000 0 0
161 17000 18800 0 0
162 17000 18600 0 0
163 17000 18400 0 0
164 17200 18400 0 0
165 17200 18200 0 0
166 17200 18000 0 0
167 17200 17800 0 0
168 17200 17600 0 0
169 17200 17400 0 0
170 17400 17400 0 0
171 17400 17200 0 0
172 17400 17000 0 0
173 17600 17000 0 0
174 17600 16800 0 0
175 17800 16800 0 0
176 17800 16600 0 0
177 18000 16600 0 0
178 18000 16400 0 0
179 18200 16400 0 0
180 18200 16200 0 0
181 18400 16200 0 0
182 18400 16000 0 0
183 18600 16000 0 0
184 18600 15800 0 0
185 18800 15800 0 0
186 18800 15600 0 0
187 19000 15600 0 0
188 19000 15400 0 0
189 19200 15400 0 0
190 19400 15400 0 0
191 19600 15400 0 0
192 19600 15200 0 0
193 19800 15200 0 0
194 20000 15200 0 0
195 20200 15200 0 0
196 20400 15200 0 0
197 20600 15200 0 0
198 20600 15000 0 0
199 20800 15000 0 0
200 21000 15000 0 0
201 21200 15000 0 0
202 21400 15000 0 0
203 21400 15200 0 0
204 21600 15200 0 0
205 21800 15200 0 0
206 22000 15200 0 0
207 22000 15400 0 0
208 22200 15400 0 0
209 22400 15400 0 0
210 22400 15600 0 0
211 22600 15600 0 0
212 22800 15600 0 0
213 23000 15600 0 0
214 23000 15800 0 0
215 23200 15800 0 0
216 23400 15800 0 0
217 23400 16000 0 0
218 23600 16000 0 0
219 23800 16000 0 0
220 24000 16000 0 0
221 24000 16200 0 0
222 24200 16200 0 0
223 24400 16200 0 0
224 24400 16400 0 0
225 24600 16400 0 0
226 24800 16400 0 0
227 25000 16400 0 0
228 25000 16600 0 0
229 25200 16600 0 0
230 25400 16600 0 0
231 25400 16800 0 0
232 25600 16800 0 0
233 25800 16800 0 0
234 26000 16800 0 0
235 26000 17000 0 0
236 26200 17000 0 0
237 26400 17000 0 0
238 26600 17000 0 0
239 26800 17000 0 0
240 26800 17200 0 0
241 27000 17200 0 0
242 27200 17200 0 0
243 27400 17200 0 0
244 27400 17400 0 0
245 27600 17400 0 0
246 27800 17400 0 0
247 28000 17400 0 0
248 28000 17600 0 0
249 28200 17600 0 0
250 28400 17600 0 0
251 28600 17600 0 0
252 28800 17600 0 0
253 28800 17800 0 0
254 29000 17800 0 0
255 29200 17800 0 0
256 29400 17800 0 0
257 29400 18000 0 0
258 29600 18000 0 0
259 29800 18000 0 0
260 30000 18000 0 0
261 30200 18000 0 0
262 30200 18200 0 0
263 30400 18200 0 0
264 30600 18200 0 0
265 30800 18200 0 0
266 31000 18200 0 0
267 31200 18200 0 0
268 31400 18200 0 0
269 31600 18200 0 0
270 31600 18400 0 0
271 31800 18400 0 0
272 32000 18400 0 0
273 32200 18400 0 0
274 32400 18400 0 0
275 32600 18400 0 0
276 32800 18400 0 0
277 33000 18400 0 0
278 33200 18400 0 0
279 33400 18400 0 0
280 33600 18400 0 0
281 33600 18600 0 0
282 33800 18600 0 0
283 34000 18600 0 0
284 34200 18600 0 0
285 34400 18600 0 0
286 34600 18600 0 0
287 34600 18800 0 0
288 34800 18800 0 0
289 35000 18800 0 0
290 35200 18800 0 0
291 35400 18800 0 0
292 35600 18800 0 0
293 35600 19000 0 0
294 35800 19000 0 0
295 36000 19000 0 0
296 36200 19000 0 0
297 36400 19000 0 0
298 36600 19000 0 0
299 36800 19000 0 0
300 37000 19000 0 0
301 37200 19000 0 0
302 37400 19000 0 0
303 37600 19000 0 0
304 37800 19000 0 0
305 38000 19000 0 0
306 38200 19000 0 0
307 38200 18800 0 0
308 38400 18800 0 0
309 38600 18800 0 0
310 38800 18800 0 0
