0 2 100 0 0
1 3 100 0 0
2 4 100 0 0
3 5 100 0 0
4 5 99 0 0
5 6 99 0 0
6 7 99 0 0
7 8 99 0 0
8 9 99 0 0
9 10 99 0 0
10 11 99 0 0
11 11 98 0 0
12 12 98 0 0
13 13 98 0 0
14 14 98 0 0
15 15 98 0 0
16 16 98 0 0
17 17 98 0 0
18 18 98 0 0
19 19 98 0 0
20 20 98 0 0
21 21 98 0 0
22 22 98 0 0
23 23 98 0 0
24 24 98 0 0
25 25 98 0 0
26 26 98 0 0
27 27 98 0 0
28 28 98 0 0
29 29 98 0 0
30 30 98 0 0
31 31 98 0 0
32 32 98 0 0
33 33 98 0 0
34 34 98 0 0
35 35 98 0 0
36 36 98 0 0
37 37 98 0 0
38 38 98 0 0
39 38 99 0 0
40 39 99 0 0
41 40 99 0 0
42 41 99 0 0
43 42 99 0 0
44 43 99 0 0
45 44 99 0 0
46 45 99 0 0
47 46 99 0 0
48 47 99 0 0
49 48 99 0 0
50 49 99 0 0
51 50 99 0 0
52 51 99 0 0
53 52 99 0 0
54 53 99 0 0
55 54 99 0 0
56 55 99 0 0
57 56 99 0 0
58 57 99 0 0
59 58 99 0 0
60 59 99 0 0
61 60 99 0 0
62 61 99 0 0
63 62 99 0 0
64 62 98 0 0
65 63 98 0 0
66 64 98 0 0
67 65 98 0 0
68 66 98 0 0
69 67 98 0 0
70 68 98 0 0
71 69 98 0 0
72 69 97 0 0
73 70 97 0 0
74 71 97 0 0
75 72 97 0 0
76 72 96 0 0
77 73 96 0 0
78 74 96 0 0
79 74 95 0 0
80 75 95 0 0
81 76 95 0 0
82 76 94 0 0
83 77 94 0 0
84 78 94 0 0
85 78 93 0 0
86 79 93 0 0
87 80 93 0 0
88 80 92 0 0
89 81 92 0 0
90 82 92 0 0
91 83 92 0 0
92 84 92 0 0
93 85 92 0 0
94 86 92 0 0
95 86 91 0 0
96 87 91 0 0
97 88 91 0 0
98 89 91 0 0
99 90 91 0 0
100 91 91 0 0
101 92 91 0 0
102 93 91 0 0
103 94 91 0 0
104 94 90 0 0
105 95 90 0 0
106 96 90 0 0
107 97 90 0 0
108 98 90 0 0
109 99 90 0 0
110 100 90 0 0
111 101 90 0 0
112 101 91 0 0
113 102 91 0 0
114 103 91 0 0
115 104 91 0 0
116 104 92 0 0
117 105 92 0 0
118 106 92 0 0
119 106 93 0 0
120 107 93 0 0
121 108 93 0 0
122 108 94 0 0
123 109 94 0 0
124 109 95 0 0
125 109 96 0 0
126 109 97 0 0
127 110 97 0 0
128 110 98 0 0
129 110 99 0 0
130 110 100 0 0
131 110 101 0 0
132 111 101 0 0
133 111 102 0 0
134 111 103 0 0
135 111 104 0 0
136 112 104 0 0
137 112 105 0 0
138 112 106 0 0
139 112 107 0 0
140 112 108 0 0
141 112 109 0 0
142 112 110 0 0
143 112 111 0 0
144 112 112 0 0
145 112 113 0 0
146 112 114 0 0
147 112 115 0 0
148 112 116 0 0
149 112 117 0 0
150 111 117 0 0
151 111 118 0 0
152 111 119 0 0
153 111 120 0 0
154 111 121 0 0
155 111 122 0 0
156 111 123 0 0
157 111 124 0 0
158 111 125 0 0
159 111 126 0 0
160 111 127 0 0
161 111 128 0 0
162 111 129 0 0
163 112 129 0 0
164 112 130 0 0
165 112 131 0 0
166 112 132 0 0
167 112 133 0 0
168 112 134 0 0
169 112 135 0 0
170 112 136 0 0
171 112 137 0 0
172 113 137 0 0
173 113 138 0 0
174 113 139 0 0
175 113 140 0 0
176 113 141 0 0
177 113 142 0 0
178 114 142 0 0
179 114 143 0 0
180 114 144 0 0
181 114 145 0 0
182 114 146 0 0
183 114 147 0 0
184 114 148 0 0
185 114 149 0 0
186 114 150 0 0
187 114 151 0 0
188 114 152 0 0
189 114 153 0 0
190 114 154 0 0
191 114 155 0 0
192 114 156 0 0
193 114 157 0 0
194 114 158 0 0
195 114 159 0 0
196 114 160 0 0
197 115 160 0 0
198 115 161 0 0
199 115 162 0 0
200 115 163 0 0
201 115 164 0 0
202 115 165 0 0
203 115 166 0 0
204 115 167 0 0
205 115 168 0 0
206 115 169 0 0
207 116 169 0 0
208 116 170 0 0
209 116 171 0 0
210 116 172 0 0
211 116 173 0 0
212 116 174 0 0
213 116 175 0 0
214 116 176 0 0
215 116 177 0 0
216 117 177 0 0
217 117 178 0 0
218 117 179 0 0
219 117 180 0 0
220 117 181 0 0
221 117 182 0 0
222 117 183 0 0
223 117 184 0 0
224 117 185 0 0
225 117 186 0 0
226 117 187 0 0
227 117 188 0 0
228 117 189 0 0
229 117 190 0 0
230 117 191 0 0
231 117 192 0 0
232 117 193 0 0
233 117 194 0 0
234 117 195 0 0
235 117 196 0 0
236 117 197 0 0
237 117 198 0 0
238 117 199 0 0
239 118 199 0 0
240 118 200 0 0
241 118 201 0 0
242 118 202 0 0
243 118 203 0 0
244 118 204 0 0
245 118 205 0 0
246 118 206 0 0
247 118 207 0 0
248 118 208 0 0
249 118 209 0 0
250 118 210 0 0
251 119 210 0 0
252 119 211 0 0
253 119 212 0 0
254 119 213 0 0
255 119 214 0 0
256 119 215 0 0
257 119 216 0 0
258 119 217 0 0
259 119 218 0 0
260 119 219 0 0
261 120 219 0 0
262 120 220 0 0
263 120 221 0 0
264 120 222 0 0
265 120 223 0 0
266 120 224 0 0
267 120 225 0 0
268 120 226 0 0
269 120 227 0 0
270 120 228 0 0
271 120 229 0 0
272 120 230 0 0
273 120 231 0 0
274 120 232 0 0
275 120 233 0 0
