0 17600 47200 0 0
1 17600 47000 0 0
2 17600 46800 0 0
3 17600 46600 0 0
4 17600 46400 0 0
5 17600 46200 0 0
6 17600 46000 0 0
7 17600 45800 0 0
8 17600 45600 0 0
9 17600 45400 0 0
10 17800 45400 0 0
11 17800 45200 0 0
12 17800 45000 0 0
13 17800 44800 0 0
14 17800 44600 0 0
15 17800 44400 0 0
16 17800 44200 0 0
17 17800 44000 0 0
18 17800 43800 0 0
19 17800 43600 0 0
20 17800 43400 0 0
21 17800 43200 0 0
22 17800 43000 0 0
23 17800 42800 0 0
24 17800 42600 0 0
25 17800 42400 0 0
26 17800 42200 0 0
27 17800 42000 0 0
28 17800 41800 0 0
29 17800 41600 0 0
30 17800 41400 0 0
31 17800 41200 0 0
32 17800 41000 0 0
33 17800 40800 0 0
34 17800 40600 0 0
35 17800 40400 0 0
36 17800 40200 0 0
37 17800 40000 0 0
38 17800 39800 0 0
39 17800 39600 0 0
40 17800 39400 0 0
41 17800 39200 0 0
42 17800 39000 0 0
43 17800 38800 0 0
44 17800 38600 0 0
45 17800 38400 0 0
46 17800 38200 0 0
47 17800 38000 0 0
48 18000 38000 0 0
49 18000 37800 0 0
50 18000 37600 0 0
51 18000 37400 0 0
52 18000 37200 0 0
53 18000 37000 0 0
54 18000 36800 0 0
55 18000 36600 0 0
56 18000 36400 0 0
57 18000 36200 0 0
58 17800 36200 0 0
59 17800 36000 0 0
60 17800 35800 0 0
61 17800 35600 0 0
62 17800 35400 0 0
63 17800 35200 0 0
64 17800 35000 0 0
65 17800 34800 0 0
66 17600 34800 0 0
67 17600 34600 0 0
68 17600 34400 0 0
69 17600 34200 0 0
70 17600 34000 0 0
71 17600 33800 0 0
72 17400 33800 0 0
73 17400 33600 0 0
74 17400 33400 0 0
75 17400 33200 0 0
76 17400 33000 0 0
77 17400 32800 0 0
78 17400 32600 0 0
79 17400 32400 0 0
80 17400 32200 0 0
81 17200 32200 0 0
82 17200 32000 0 0
83 17200 31800 0 0
84 17200 31600 0 0
85 17200 31400 0 0
86 17200 31200 0 0
87 17000 31200 0 0
88 17000 31000 0 0
89 17000 30800 0 0
90 17000 30600 0 0
91 17000 30400 0 0
92 17000 30200 0 0
93 17000 30000 0 0
94 16800 30000 0 0
95 16800 29800 0 0
96 16800 29600 0 0
97 16800 29400 0 0
98 16800 29200 0 0
99 16800 29000 0 0
100 16800 28800 0 0
101 16800 28600 0 0
102 16800 28400 0 0
103 16800 28200 0 0
104 16800 28000 0 0
105 16800 27800 0 0
106 16800 27600 0 0
107 16800 27400 0 0
108 16800 27200 0 0
109 16800 27000 0 0
110 16800 26800 0 0
111 16800 26600 0 0
112 16800 26400 0 0
113 16800 26200 0 0
114 16800 26000 0 0
115 16800 25800 0 0
116 16800 25600 0 0
117 16800 25400 0 0
118 16800 25200 0 0
119 16800 25000 0 0
120 16800 24800 0 0
121 16800 24600 0 0
122 16800 24400 0 0
123 16800 24200 0 0
124 16800 24000 0 0
125 16800 23800 0 0
126 16800 23600 0 0
127 16800 23400 0 0
128 16800 23200 0 0
129 16800 23000 0 0
130 16800 22800 0 0
131 16800 22600 0 0
132 16800 22400 0 0
133 16800 22200 0 0
134 16800 22000 0 0
135 16800 21800 0 0
136 16800 21600 0 0
137 16800 21400 0 0
138 16800 21200 0 0
139 16800 21000 0 0
140 16800 20800 0 0
141 16800 20600 0 0
142 16800 20400 0 0
143 16800 20200 0 0
144 16800 20000 0 0
145 17000 20000 0 0
146 17000 19800 0 0
147 17000 19600 0 0
148 17000 19400 0 0
149 17000 19200 0 0
150 17000 19000 0 0
151 17000 18800 0 0
152 17000 18600 0 0
153 17000 18400 0 0
154 17000 18200 0 0
155 17000 18000 0 0
156 17200 18000 0 0
157 17200 17800 0 0
158 17200 17600 0 0
159 17200 17400 0 0
160 17200 17200 0 0
161 17200 17000 0 0
162 17200 16800 0 0
163 17200 16600 0 0
164 17200 16400 0 0
165 17400 16400 0 0
166 17400 16200 0 0
167 17400 16000 0 0
168 17400 15800 0 0
169 17600 15800 0 0
170 17600 15600 0 0
171 17600 15400 0 0
172 17600 15200 0 0
173 17800 15200 0 0
174 17800 15000 0 0
175 17800 14800 0 0
176 17800 14600 0 0
177 17800 14400 0 0
178 18000 14400 0 0
179 18000 14200 0 0
180 18000 14000 0 0
181 18000 13800 0 0
182 18000 13600 0 0
183 18200 13600 0 0
184 18200 13400 0 0
185 18200 13200 0 0
186 18200 13000 0 0
187 18200 12800 0 0
188 18400 12800 0 0
189 18400 12600 0 0
190 18400 12400 0 0
191 18400 12200 0 0
192 18400 12000 0 0
193 18400 11800 0 0
194 18600 11800 0 0
195 18600 11600 0 0
196 18600 11400 0 0
197 18600 11200 0 0
198 18800 11200 0 0
199 18800 11000 0 0
200 18800 10800 0 0
201 18800 10600 0 0
202 18800 10400 0 0
203 19000 10400 0 0
204 19000 10200 0 0
205 19000 10000 0 0
206 19000 9800 0 0
207 19000 9600 0 0
208 19000 9400 0 0
209 19200 9400 0 0
210 19200 9200 0 0
211 19200 9000 0 0
212 19200 8800 0 0
213 19200 8600 0 0
214 19400 8600 0 0
215 19400 8400 0 0
216 19400 8200 0 0
217 19400 8000 0 0
218 19400 7800 0 0
219 19400 7600 0 0
220 19400 7400 0 0
221 19400 7200 0 0
222 19400 7000 0 0
223 19400 6800 0 0
224 19400 6600 0 0
225 19400 6400 0 0
226 19400 6200 0 0
227 19400 6000 0 0
228 19400 5800 0 0
229 19400 5600 0 0
230 19400 5400 0 0
231 19400 5200 0 0
232 19400 5000 0 0
233 19400 4800 0 0
234 19400 4600 0 0
235 19400 4400 0 0
236 19400 4200 0 0
237 19400 4000 0 0
238 19600 4000 0 0
239 19600 3800 0 0
240 19600 3600 0 0
241 19600 3400 0 0
242 19600 3200 0 0
243 19600 3000 0 0
244 19600 2800 0 0
245 19800 2800 0 0
246 19800 2600 0 0
247 19800 2400 0 0
248 19800 2200 0 0
249 19800 2000 0 0
250 19800 1800 0 0
251 19800 1600 0 0
252 19800 1400 0 0
253 19800 1200 0 0
