0 600 17400 0 0
1 600 17600 0 0
2 800 17600 0 0
3 1000 17600 0 0
4 1200 17600 0 0
5 1400 17600 0 0
6 1600 17600 0 0
7 1800 17600 0 0
8 2000 17600 0 0
9 2200 17600 0 0
10 2400 17600 0 0
11 2600 17600 0 0
12 2800 17600 0 0
13 3000 17600 0 0
14 3200 17600 0 0
15 3400 17600 0 0
16 3600 17600 0 0
17 3800 17600 0 0
18 4000 17600 0 0
19 4200 17600 0 0
20 4200 17800 0 0
21 4400 17800 0 0
22 4600 17800 0 0
23 4800 17800 0 0
24 5000 17800 0 0
25 5200 17800 0 0
26 5400 17800 0 0
27 5600 17800 0 0
28 5800 17800 0 0
29 6000 17800 0 0
30 6200 17800 0 0
31 6400 17800 0 0
32 6600 17800 0 0
33 6800 17800 0 0
34 7000 17800 0 0
35 7200 17800 0 0
36 7400 17800 0 0
37 7600 17800 0 0
38 7800 17800 0 0
39 7800 18000 0 0
40 8000 18000 0 0
41 8200 18000 0 0
42 8400 18000 0 0
43 8600 18000 0 0
44 8800 18000 0 0
45 9000 18000 0 0
46 9200 18000 0 0
47 9400 18000 0 0
48 9600 18000 0 0
49 9800 18000 0 0
50 10000 18000 0 0
51 10200 18000 0 0
52 10400 18000 0 0
53 10600 18000 0 0
54 10800 18000 0 0
55 11000 18000 0 0
56 11000 17800 0 0
57 11200 17800 0 0
58 11400 17800 0 0
59 11600 17800 0 0
60 11800 17800 0 0
61 12000 17800 0 0
62 12200 17800 0 0
63 12400 17800 0 0
64 12600 17800 0 0
65 12800 17800 0 0
66 13000 17800 0 0
67 13200 17800 0 0
68 13400 17800 0 0
69 13600 17800 0 0
70 13800 17800 0 0
71 14000 17800 0 0
72 14000 17600 0 0
73 14200 17600 0 0
74 14400 17600 0 0
75 14600 17600 0 0
76 14800 17600 0 0
77 15000 17600 0 0
78 15200 17600 0 0
79 15400 17600 0 0
80 15600 17600 0 0
81 15600 17400 0 0
82 15800 17400 0 0
83 16000 17400 0 0
84 16200 17400 0 0
85 16200 17200 0 0
86 16400 17200 0 0
87 16600 17200 0 0
88 16600 17000 0 0
89 16800 17000 0 0
90 16800 16800 0 0
91 17000 16800 0 0
92 17000 16600 0 0
93 17200 16600 0 0
94 17400 16600 0 0
95 17600 16600 0 0
96 17600 16400 0 0
97 17800 16400 0 0
98 17800 16200 0 0
99 18000 16200 0 0
100 18200 16200 0 0
101 18400 16200 0 0
102 18600 16200 0 0
103 18800 16200 0 0
104 19000 16200 0 0
105 19200 16200 0 0
106 19400 16200 0 0
107 19400 16000 0 0
108 19600 16000 0 0
109 19800 16000 0 0
110 20000 16000 0 0
111 20200 16000 0 0
112 20200 15800 0 0
113 20400 15800 0 0
114 20600 15800 0 0
115 20800 15800 0 0
116 21000 15800 0 0
117 21200 15800 0 0
118 21200 15600 0 0
119 21200 15800 0 0
120 21400 15800 0 0
121 21600 15800 0 0
122 21600 16000 0 0
123 21800 16000 0 0
124 22000 16000 0 0
125 22200 16000 0 0
126 22200 16200 0 0
127 22400 16200 0 0
128 22400 16400 0 0
129 22600 16400 0 0
130 22800 16400 0 0
131 23000 16400 0 0
132 23000 16600 0 0
133 23200 16600 0 0
134 23400 16600 0 0
135 23400 16800 0 0
136 23600 16800 0 0
137 23600 17000 0 0
138 23600 17200 0 0
139 23800 17200 0 0
140 23800 17400 0 0
141 24000 17400 0 0
142 24000 17600 0 0
143 24200 17600 0 0
144 24200 17800 0 0
145 24400 17800 0 0
146 24400 18000 0 0
147 24600 18000 0 0
148 24600 18200 0 0
149 24600 18400 0 0
150 24800 18400 0 0
151 24800 18600 0 0
152 24600 18600 0 0
153 24600 18800 0 0
154 24600 19000 0 0
155 24600 19200 0 0
156 24600 19400 0 0
157 24600 19600 0 0
158 24600 19800 0 0
159 24400 19800 0 0
160 24400 20000 0 0
161 24400 20200 0 0
162 24400 20400 0 0
163 24400 20600 0 0
164 24200 20600 0 0
165 24200 20800 0 0
166 24200 21000 0 0
167 24200 21200 0 0
168 24200 21400 0 0
169 24200 21600 0 0
170 24000 21600 0 0
171 24000 21800 0 0
172 24000 22000 0 0
173 24000 22200 0 0
174 24000 22400 0 0
175 24000 22600 0 0
176 24000 22800 0 0
177 23800 22800 0 0
178 23800 23000 0 0
179 23800 23200 0 0
180 23800 23400 0 0
181 23800 23600 0 0
182 23600 23600 0 0
183 23600 23800 0 0
184 23600 24000 0 0
185 23600 24200 0 0
186 23600 24400 0 0
187 23600 24600 0 0
188 23600 24800 0 0
189 23600 25000 0 0
190 23600 25200 0 0
191 23600 25400 0 0
192 23600 25600 0 0
193 23600 25800 0 0
194 23600 26000 0 0
195 23600 26200 0 0
196 23600 26400 0 0
197 23600 26600 0 0
198 23400 26600 0 0
199 23400 26800 0 0
200 23400 27000 0 0
201 23400 27200 0 0
202 23400 27400 0 0
203 23400 27600 0 0
204 23400 27800 0 0
205 23400 28000 0 0
206 23400 28200 0 0
207 23400 28400 0 0
208 23200 28400 0 0
209 23200 28600 0 0
210 23200 28800 0 0
211 23200 29000 0 0
212 23200 29200 0 0
213 23200 29400 0 0
214 23200 29600 0 0
215 23200 29800 0 0
216 23200 30000 0 0
217 23200 30200 0 0
218 23200 30400 0 0
219 23200 30600 0 0
220 23200 30800 0 0
221 23200 31000 0 0
222 23200 31200 0 0
223 23200 31400 0 0
224 23200 31600 0 0
225 23200 31800 0 0
226 23200 32000 0 0
227 23200 32200 0 0
228 23200 32400 0 0
229 23200 32600 0 0
230 23200 32800 0 0
231 23200 33000 0 0
232 23200 33200 0 0
233 23200 33400 0 0
234 23000 33400 0 0
235 23000 33600 0 0
236 23000 33800 0 0
237 23000 34000 0 0
238 23000 34200 0 0
239 23000 34400 0 0
240 23000 34600 0 0
241 23000 34800 0 0
242 23000 35000 0 0
243 23000 35200 0 0
244 23200 35200 0 0
245 23200 35400 0 0
246 23200 35600 0 0
247 23200 35800 0 0
248 23200 36000 0 0
249 23200 36200 0 0
250 23200 36400 0 0
251 23200 36600 0 0
252 23200 36800 0 0
253 23200 37000 0 0
254 23200 37200 0 0
255 23400 37200 0 0
256 23400 37400 0 0
257 23400 37600 0 0
258 23400 37800 0 0
259 23400 38000 0 0
260 23400 38200 0 0
261 23600 38200 0 0
262 23600 38400 0 0
263 23600 38600 0 0
264 23600 38800 0 0
265 23600 39000 0 0
266 23600 39200 0 0
267 23600 39400 0 0
268 23800 39400 0 0
269 23800 39600 0 0
270 23800 39800 0 0
271 23800 40000 0 0
272 23800 40200 0 0
273 23800 40400 0 0
274 23800 40600 0 0
275 23800 40800 0 0
276 24000 40800 0 0
277 24000 41000 0 0
278 24000 41200 0 0
279 24000 41400 0 0
280 24000 41600 0 0
281 24000 41800 0 0
282 24000 42000 0 0
283 24000 42200 0 0
284 24000 42400 0 0
285 24000 42600 0 0
286 24000 42800 0 0
287 24000 43000 0 0
288 24000 43200 0 0
289 24000 43400 0 0
290 24000 43600 0 0
291 24000 43800 0 0
292 24000 44000 0 0
293 24000 44200 0 0
294 24200 44200 0 0
295 24200 44400 0 0
296 24200 44600 0 0
297 24200 44800 0 0
298 24200 45000 0 0
299 24200 45200 0 0
300 24200 45400 0 0
301 24200 45600 0 0
302 24200 45800 0 0
303 24400 45800 0 0
304 24400 46000 0 0
305 24400 46200 0 0
306 24400 46400 0 0
307 24400 46600 0 0
