0 19800 1200 0 0
1 19800 1400 0 0
2 19800 1600 0 0
3 19800 1800 0 0
4 19800 2000 0 0
5 19800 2200 0 0
6 19800 2400 0 0
7 19800 2600 0 0
8 19800 2800 0 0
9 19800 3000 0 0
10 19800 3200 0 0
11 19800 3400 0 0
12 19800 3600 0 0
13 19800 3800 0 0
14 19800 4000 0 0
15 19800 4200 0 0
16 19800 4400 0 0
17 19800 4600 0 0
18 19800 4800 0 0
19 19800 5000 0 0
20 19800 5200 0 0
21 20000 5200 0 0
22 20000 5400 0 0
23 20000 5600 0 0
24 20000 5800 0 0
25 20000 6000 0 0
26 20000 6200 0 0
27 20000 6400 0 0
28 20000 6600 0 0
29 20000 6800 0 0
30 20000 7000 0 0
31 20000 7200 0 0
32 20000 7400 0 0
33 20200 7400 0 0
34 20200 7600 0 0
35 20200 7800 0 0
36 20200 8000 0 0
37 20200 8200 0 0
38 20200 8400 0 0
39 20200 8600 0 0
40 20200 8800 0 0
41 20200 9000 0 0
42 20000 9000 0 0
43 20000 9200 0 0
44 20000 9400 0 0
45 19800 9400 0 0
46 19800 9600 0 0
47 19800 9800 0 0
48 19800 10000 0 0
49 19600 10000 0 0
50 19600 10200 0 0
51 19600 10400 0 0
52 19600 10600 0 0
53 19600 10800 0 0
54 19600 11000 0 0
55 19600 11200 0 0
56 19600 11400 0 0
57 19400 11400 0 0
58 19400 11600 0 0
59 19400 11800 0 0
60 19400 12000 0 0
61 19400 12200 0 0
62 19400 12400 0 0
63 19400 12600 0 0
64 19400 12800 0 0
65 19200 12800 0 0
66 19200 13000 0 0
67 19200 13200 0 0
68 19200 13400 0 0
69 19200 13600 0 0
70 19400 13600 0 0
71 19400 13800 0 0
72 19400 14000 0 0
73 19400 14200 0 0
74 19400 14400 0 0
75 19400 14600 0 0
76 19400 14800 0 0
77 19400 15000 0 0
78 19600 15000 0 0
79 19600 15200 0 0
80 19600 15400 0 0
81 19600 15600 0 0
82 19600 15800 0 0
83 19600 16000 0 0
84 19600 16200 0 0
85 19800 16200 0 0
86 19800 16400 0 0
87 19800 16600 0 0
88 20000 16600 0 0
89 20200 16600 0 0
90 20200 16800 0 0
91 20400 16800 0 0
92 20400 17000 0 0
93 20600 17000 0 0
94 20600 17200 0 0
95 20800 17200 0 0
96 21000 17200 0 0
97 21000 17400 0 0
98 21200 17400 0 0
99 21200 17600 0 0
100 21400 17600 0 0
101 21400 17800 0 0
102 21400 18000 0 0
103 21600 18000 0 0
104 21600 18200 0 0
105 21600 18400 0 0
106 21600 18600 0 0
107 21800 18600 0 0
108 21800 18800 0 0
109 21800 19000 0 0
110 22000 19000 0 0
111 22000 19200 0 0
112 22000 19400 0 0
113 22200 19400 0 0
114 22200 19600 0 0
115 22200 19800 0 0
116 22200 20000 0 0
117 22400 20000 0 0
118 22400 20200 0 0
119 22400 20400 0 0
120 22600 20400 0 0
121 22600 20600 0 0
122 22600 20800 0 0
123 22600 21000 0 0
124 22800 21000 0 0
125 22800 21200 0 0
126 22800 21400 0 0
127 22800 21600 0 0
128 22800 21800 0 0
129 22800 22000 0 0
130 22800 22200 0 0
131 22800 22400 0 0
132 22800 22600 0 0
133 22800 22800 0 0
134 22800 23000 0 0
135 22600 23000 0 0
136 22600 23200 0 0
137 22600 23400 0 0
138 22600 23600 0 0
139 22600 23800 0 0
140 22600 24000 0 0
141 22600 24200 0 0
142 22600 24400 0 0
143 22600 24600 0 0
144 22600 24800 0 0
145 22600 25000 0 0
146 22600 25200 0 0
147 22600 25400 0 0
148 22600 25600 0 0
149 22600 25800 0 0
150 22600 26000 0 0
151 22600 26200 0 0
152 22600 26400 0 0
153 22600 26600 0 0
154 22600 26800 0 0
155 22600 27000 0 0
156 22600 27200 0 0
157 22600 27400 0 0
158 22600 27600 0 0
159 22600 27800 0 0
160 22600 28000 0 0
161 22600 28200 0 0
162 22600 28400 0 0
163 22800 28400 0 0
164 22800 28600 0 0
165 22800 28800 0 0
166 22800 29000 0 0
167 22800 29200 0 0
168 22800 29400 0 0
169 22800 29600 0 0
170 22800 29800 0 0
171 22800 30000 0 0
172 23000 30000 0 0
173 23000 30200 0 0
174 23000 30400 0 0
175 23000 30600 0 0
176 23000 30800 0 0
177 23000 31000 0 0
178 23000 31200 0 0
179 23000 31400 0 0
180 23000 31600 0 0
181 23000 31800 0 0
182 23000 32000 0 0
183 23200 32000 0 0
184 23200 32200 0 0
185 23200 32400 0 0
186 23200 32600 0 0
187 23200 32800 0 0
188 23400 32800 0 0
189 23400 33000 0 0
190 23400 33200 0 0
191 23400 33400 0 0
192 23400 33600 0 0
193 23400 33800 0 0
194 23600 33800 0 0
195 23600 34000 0 0
196 23600 34200 0 0
197 23600 34400 0 0
198 23600 34600 0 0
199 23600 34800 0 0
200 23600 35000 0 0
201 23800 35000 0 0
202 23800 35200 0 0
203 23800 35400 0 0
204 23800 35600 0 0
205 23800 35800 0 0
206 24000 35800 0 0
207 24000 36000 0 0
208 24000 36200 0 0
209 24000 36400 0 0
210 24000 36600 0 0
211 24000 36800 0 0
212 24000 37000 0 0
213 24000 37200 0 0
214 24200 37200 0 0
215 24200 37400 0 0
216 24200 37600 0 0
217 24200 37800 0 0
218 24200 38000 0 0
219 24200 38200 0 0
220 24200 38400 0 0
221 24400 38400 0 0
222 24400 38600 0 0
223 24400 38800 0 0
224 24400 39000 0 0
225 24400 39200 0 0
226 24400 39400 0 0
227 24400 39600 0 0
228 24400 39800 0 0
229 24600 39800 0 0
230 24600 40000 0 0
231 24600 40200 0 0
232 24600 40400 0 0
233 24600 40600 0 0
234 24600 40800 0 0
235 24600 41000 0 0
236 24600 41200 0 0
237 24800 41200 0 0
238 24800 41400 0 0
239 24800 41600 0 0
240 24800 41800 0 0
241 24800 42000 0 0
242 24800 42200 0 0
243 24800 42400 0 0
244 24800 42600 0 0
245 24800 42800 0 0
246 24800 43000 0 0
247 24800 43200 0 0
248 24800 43400 0 0
249 24800 43600 0 0
250 24800 43800 0 0
251 25000 43800 0 0
252 25000 44000 0 0
253 25000 44200 0 0
254 25000 44400 0 0
255 25000 44600 0 0
256 25000 44800 0 0
257 25000 45000 0 0
258 25000 45200 0 0
259 25000 45400 0 0
260 25000 45600 0 0
261 25000 45800 0 0
262 25000 46000 0 0
263 25000 46200 0 0
264 25000 46400 0 0
265 25000 46600 0 0
