0 17400 47200 0 0
1 17400 47000 0 0
2 17400 46800 0 0
3 17400 46600 0 0
4 17400 46400 0 0
5 17400 46200 0 0
6 17400 46000 0 0
7 17400 45800 0 0
8 17400 45600 0 0
9 17400 45400 0 0
10 17400 45200 0 0
11 17400 45000 0 0
12 17400 44800 0 0
13 17400 44600 0 0
14 17400 44400 0 0
15 17400 44200 0 0
16 17400 44000 0 0
17 17400 43800 0 0
18 17400 43600 0 0
19 17400 43400 0 0
20 17400 43200 0 0
21 17400 43000 0 0
22 17600 43000 0 0
23 17600 42800 0 0
24 17600 42600 0 0
25 17600 42400 0 0
26 17600 42200 0 0
27 17600 42000 0 0
28 17800 42000 0 0
29 17800 41800 0 0
30 17800 41600 0 0
31 17800 41400 0 0
32 18000 41400 0 0
33 18000 41200 0 0
34 17800 41200 0 0
35 17800 41000 0 0
36 17800 41200 0 0
37 18000 41200 0 0
38 17800 41200 0 0
39 17800 41000 0 0
40 17800 40800 0 0
41 17800 40600 0 0
42 17800 40400 0 0
43 17800 40200 0 0
44 17800 40000 0 0
45 17800 39800 0 0
46 17800 39600 0 0
47 17800 39400 0 0
48 17800 39200 0 0
49 17800 39000 0 0
50 18000 39000 0 0
51 18000 38800 0 0
52 18000 38600 0 0
53 18000 38400 0 0
54 18000 38200 0 0
55 18000 38000 0 0
56 18000 37800 0 0
57 18000 37600 0 0
58 18000 37400 0 0
59 18000 37200 0 0
60 18000 37000 0 0
61 18000 36800 0 0
62 18000 36600 0 0
63 18000 36400 0 0
64 18000 36200 0 0
65 18000 36000 0 0
66 18000 35800 0 0
67 18000 35600 0 0
68 18000 35400 0 0
69 18000 35200 0 0
70 18000 35000 0 0
71 18200 35000 0 0
72 18200 34800 0 0
73 18200 34600 0 0
74 18200 34400 0 0
75 18200 34200 0 0
76 18200 34000 0 0
77 18200 33800 0 0
78 18200 33600 0 0
79 18200 33400 0 0
80 18200 33200 0 0
81 18200 33000 0 0
82 18000 33000 0 0
83 18000 32800 0 0
84 18000 32600 0 0
85 18000 32400 0 0
86 18000 32200 0 0
87 18000 32000 0 0
88 18000 31800 0 0
89 18000 31600 0 0
90 18000 31400 0 0
91 18000 31200 0 0
92 18000 31000 0 0
93 17800 31000 0 0
94 17800 30800 0 0
95 17800 30600 0 0
96 17800 30400 0 0
97 17800 30200 0 0
98 18000 30200 0 0
99 18000 30000 0 0
100 18000 29800 0 0
101 18000 29600 0 0
102 18000 29400 0 0
103 18000 29200 0 0
104 18000 29000 0 0
105 18200 29000 0 0
106 18200 28800 0 0
107 18200 28600 0 0
108 18200 28400 0 0
109 18200 28200 0 0
110 18200 28000 0 0
111 18200 27800 0 0
112 18200 27600 0 0
113 18200 27400 0 0
114 18400 27400 0 0
115 18400 27200 0 0
116 18200 27200 0 0
117 18200 27000 0 0
118 18200 26800 0 0
119 18200 26600 0 0
120 18200 26400 0 0
121 18200 26200 0 0
122 18000 26200 0 0
123 18000 26000 0 0
124 18000 25800 0 0
125 18000 25600 0 0
126 18000 25400 0 0
127 17800 25400 0 0
128 17800 25200 0 0
129 17800 25000 0 0
130 17800 24800 0 0
131 17800 24600 0 0
132 17800 24400 0 0
133 17800 24200 0 0
134 17600 24200 0 0
135 17600 24000 0 0
136 17600 23800 0 0
137 17600 23600 0 0
138 17600 23400 0 0
139 17600 23200 0 0
140 17400 23200 0 0
141 17400 23000 0 0
142 17400 22800 0 0
143 17400 22600 0 0
144 17400 22400 0 0
145 17400 22200 0 0
146 17400 22000 0 0
147 17400 21800 0 0
148 17200 21800 0 0
149 17200 21600 0 0
150 17200 21400 0 0
151 17200 21200 0 0
152 17200 21000 0 0
153 17200 20800 0 0
154 17200 20600 0 0
155 17200 20400 0 0
156 17200 20200 0 0
157 17200 20000 0 0
158 17200 19800 0 0
159 17200 19600 0 0
160 17200 19400 0 0
161 17200 19200 0 0
162 17200 19000 0 0
163 17200 18800 0 0
164 17400 18800 0 0
165 17400 18600 0 0
166 17400 18400 0 0
167 17400 18200 0 0
168 17400 18000 0 0
169 17400 17800 0 0
170 17400 17600 0 0
171 17400 17400 0 0
172 17600 17400 0 0
173 17600 17200 0 0
174 17600 17000 0 0
175 17600 16800 0 0
176 17600 16600 0 0
177 17800 16600 0 0
178 17800 16400 0 0
179 17800 16200 0 0
180 17800 16000 0 0
181 17800 15800 0 0
182 18000 15800 0 0
183 18000 15600 0 0
184 18000 15400 0 0
185 18000 15200 0 0
186 18000 15000 0 0
187 18000 14800 0 0
188 18000 14600 0 0
189 18200 14600 0 0
190 18200 14400 0 0
191 18200 14200 0 0
192 18200 14000 0 0
193 18200 13800 0 0
194 18200 13600 0 0
195 18200 13400 0 0
196 18400 13400 0 0
197 18400 13200 0 0
198 18400 13000 0 0
199 18400 12800 0 0
200 18400 12600 0 0
201 18400 12400 0 0
202 18400 12200 0 0
203 18400 12000 0 0
204 18400 11800 0 0
205 18600 11800 0 0
206 18600 11600 0 0
207 18600 11400 0 0
208 18600 11200 0 0
209 18600 11000 0 0
210 18600 10800 0 0
211 18600 10600 0 0
212 18600 10400 0 0
213 18600 10200 0 0
214 18800 10200 0 0
215 18800 10000 0 0
216 18800 9800 0 0
217 18800 9600 0 0
218 18800 9400 0 0
219 18800 9200 0 0
220 19000 9200 0 0
221 19000 9000 0 0
222 19000 8800 0 0
223 19000 8600 0 0
224 19000 8400 0 0
225 19000 8200 0 0
226 19000 8000 0 0
227 19000 7800 0 0
228 19200 7800 0 0
229 19200 7600 0 0
230 19200 7400 0 0
231 19200 7200 0 0
232 19200 7000 0 0
233 19200 6800 0 0
234 19400 6800 0 0
235 19400 6600 0 0
236 19400 6400 0 0
237 19400 6200 0 0
238 19400 6000 0 0
239 19400 5800 0 0
240 19400 5600 0 0
241 19400 5400 0 0
242 19400 5200 0 0
243 19400 5000 0 0
244 19400 4800 0 0
245 19400 4600 0 0
246 19400 4400 0 0
247 19400 4200 0 0
248 19400 4000 0 0
249 19400 3800 0 0
250 19400 3600 0 0
251 19400 3400 0 0
252 19400 3200 0 0
253 19400 3000 0 0
254 19400 2800 0 0
255 19400 2600 0 0
256 19400 2400 0 0
257 19400 2200 0 0
258 19400 2000 0 0
259 19400 1800 0 0
260 19400 1600 0 0
261 19400 1400 0 0
262 19400 1200 0 0
