0 1 88 0 0
1 1 89 0 0
2 2 89 0 0
3 3 89 0 0
4 4 89 0 0
5 5 89 0 0
6 6 89 0 0
7 7 89 0 0
8 8 89 0 0
9 9 89 0 0
10 10 89 0 0
11 11 89 0 0
12 12 89 0 0
13 13 89 0 0
14 14 89 0 0
15 15 89 0 0
16 16 89 0 0
17 17 89 0 0
18 18 89 0 0
19 19 89 0 0
20 20 89 0 0
21 21 89 0 0
22 22 89 0 0
23 23 89 0 0
24 23 90 0 0
25 24 90 0 0
26 25 90 0 0
27 26 90 0 0
28 27 90 0 0
29 28 90 0 0
30 29 90 0 0
31 30 90 0 0
32 31 90 0 0
33 32 90 0 0
34 33 90 0 0
35 34 90 0 0
36 35 90 0 0
37 36 90 0 0
38 37 90 0 0
39 38 90 0 0
40 39 90 0 0
41 40 90 0 0
42 41 90 0 0
43 42 90 0 0
44 43 90 0 0
45 44 90 0 0
46 45 90 0 0
47 46 90 0 0
48 47 90 0 0
49 48 90 0 0
50 49 90 0 0
51 50 90 0 0
52 51 90 0 0
53 52 90 0 0
54 53 90 0 0
55 54 90 0 0
56 55 90 0 0
57 56 90 0 0
58 56 89 0 0
59 57 89 0 0
60 58 89 0 0
61 59 89 0 0
62 60 89 0 0
63 61 89 0 0
64 62 89 0 0
65 63 89 0 0
66 64 89 0 0
67 65 89 0 0
68 65 88 0 0
69 66 88 0 0
70 67 88 0 0
71 68 88 0 0
72 69 88 0 0
73 70 88 0 0
74 71 88 0 0
75 72 88 0 0
76 72 87 0 0
77 73 87 0 0
78 73 86 0 0
79 74 86 0 0
80 75 86 0 0
81 76 86 0 0
82 76 85 0 0
83 77 85 0 0
84 78 85 0 0
85 78 84 0 0
86 79 84 0 0
87 80 84 0 0
88 80 83 0 0
89 81 83 0 0
90 82 83 0 0
91 83 83 0 0
92 83 82 0 0
93 84 82 0 0
94 85 82 0 0
95 85 81 0 0
96 86 81 0 0
97 87 81 0 0
98 87 80 0 0
99 88 80 0 0
100 89 80 0 0
101 89 79 0 0
102 90 79 0 0
103 90 80 0 0
104 91 80 0 0
105 92 80 0 0
106 93 80 0 0
107 94 80 0 0
108 95 80 0 0
109 96 80 0 0
110 97 80 0 0
111 98 80 0 0
112 99 80 0 0
113 100 80 0 0
114 100 81 0 0
115 101 81 0 0
116 102 81 0 0
117 103 81 0 0
118 104 81 0 0
119 105 81 0 0
120 106 81 0 0
121 107 81 0 0
122 108 81 0 0
123 108 82 0 0
124 109 82 0 0
125 110 82 0 0
126 111 82 0 0
127 112 82 0 0
128 113 82 0 0
129 113 83 0 0
130 114 83 0 0
131 115 83 0 0
132 116 83 0 0
133 116 84 0 0
134 117 84 0 0
135 118 84 0 0
136 119 84 0 0
137 119 85 0 0
138 120 85 0 0
139 121 85 0 0
140 121 86 0 0
141 122 86 0 0
142 123 86 0 0
143 124 86 0 0
144 124 87 0 0
145 125 87 0 0
146 126 87 0 0
147 126 88 0 0
148 127 88 0 0
149 128 88 0 0
150 129 88 0 0
151 129 89 0 0
152 130 89 0 0
153 131 89 0 0
154 132 89 0 0
155 132 90 0 0
156 133 90 0 0
157 134 90 0 0
158 135 90 0 0
159 135 91 0 0
160 136 91 0 0
161 137 91 0 0
162 138 91 0 0
163 138 92 0 0
164 139 92 0 0
165 140 92 0 0
166 141 92 0 0
167 142 92 0 0
168 142 93 0 0
169 143 93 0 0
170 144 93 0 0
171 145 93 0 0
172 145 94 0 0
173 146 94 0 0
174 147 94 0 0
175 148 94 0 0
176 148 95 0 0
177 149 95 0 0
178 150 95 0 0
179 151 95 0 0
180 151 96 0 0
181 152 96 0 0
182 153 96 0 0
183 154 96 0 0
184 155 96 0 0
185 156 96 0 0
186 157 96 0 0
187 158 96 0 0
188 159 96 0 0
189 160 96 0 0
190 161 96 0 0
191 162 96 0 0
192 163 96 0 0
193 164 96 0 0
194 165 96 0 0
195 166 96 0 0
196 167 96 0 0
197 168 96 0 0
198 169 96 0 0
199 170 96 0 0
200 171 96 0 0
201 172 96 0 0
202 173 96 0 0
203 174 96 0 0
204 175 96 0 0
205 176 96 0 0
206 177 96 0 0
207 178 96 0 0
208 179 96 0 0
209 180 96 0 0
210 181 96 0 0
211 182 96 0 0
212 183 96 0 0
213 184 96 0 0
214 185 96 0 0
215 186 96 0 0
216 187 96 0 0
217 188 96 0 0
218 188 95 0 0
219 189 95 0 0
220 190 95 0 0
221 191 95 0 0
222 192 95 0 0
223 193 95 0 0
224 194 95 0 0
225 195 95 0 0
226 195 96 0 0
