0 39200 21200 0 0
1 39000 21200 0 0
2 38800 21200 0 0
3 38600 21200 0 0
4 38400 21200 0 0
5 38200 21200 0 0
6 38000 21200 0 0
7 37800 21200 0 0
8 37600 21200 0 0
9 37400 21200 0 0
10 37200 21200 0 0
11 37000 21200 0 0
12 37000 21000 0 0
13 36800 21000 0 0
14 36600 21000 0 0
15 36400 21000 0 0
16 36200 21000 0 0
17 36000 21000 0 0
18 35800 21000 0 0
19 35600 21000 0 0
20 35400 21000 0 0
21 35200 21000 0 0
22 35000 21000 0 0
23 34800 21000 0 0
24 34600 21000 0 0
25 34400 21000 0 0
26 34200 21000 0 0
27 34000 21000 0 0
28 33800 21000 0 0
29 33600 21000 0 0
30 33400 21000 0 0
31 33200 21000 0 0
32 33000 21000 0 0
33 32800 21000 0 0
34 32800 21200 0 0
35 32600 21200 0 0
36 32400 21200 0 0
37 32200 21200 0 0
38 32000 21200 0 0
39 31800 21200 0 0
40 31600 21200 0 0
41 31400 21200 0 0
42 31200 21200 0 0
43 31000 21200 0 0
44 30800 21200 0 0
45 30600 21200 0 0
46 30400 21200 0 0
47 30200 21200 0 0
48 30000 21200 0 0
49 29800 21200 0 0
50 29600 21200 0 0
51 29400 21200 0 0
52 29200 21200 0 0
53 29000 21200 0 0
54 28800 21200 0 0
55 28800 21400 0 0
56 28600 21400 0 0
57 28400 21400 0 0
58 28200 21400 0 0
59 28200 21600 0 0
60 28000 21600 0 0
61 27800 21600 0 0
62 27600 21600 0 0
63 27400 21600 0 0
64 27400 21800 0 0
65 27200 21800 0 0
66 27000 21800 0 0
67 26800 21800 0 0
68 26800 22000 0 0
69 26600 22000 0 0
70 26400 22000 0 0
71 26200 22000 0 0
72 26000 22000 0 0
73 26000 22200 0 0
74 25800 22200 0 0
75 25600 22200 0 0
76 25400 22200 0 0
77 25200 22200 0 0
78 25200 22400 0 0
79 25000 22400 0 0
80 24800 22400 0 0
81 24600 22400 0 0
82 24400 22400 0 0
83 24400 22600 0 0
84 24200 22600 0 0
85 24000 22600 0 0
86 23800 22600 0 0
87 23600 22600 0 0
88 23600 22800 0 0
89 23400 22800 0 0
90 23200 22800 0 0
91 23000 22800 0 0
92 22800 22800 0 0
93 22600 22800 0 0
94 22400 22800 0 0
95 22200 22800 0 0
96 22000 22800 0 0
97 21800 22800 0 0
98 21600 22800 0 0
99 21400 22800 0 0
100 21200 22800 0 0
101 21000 22800 0 0
102 21000 22600 0 0
103 20800 22600 0 0
104 20600 22600 0 0
105 20400 22600 0 0
106 20200 22600 0 0
107 20000 22600 0 0
108 19800 22600 0 0
109 19600 22600 0 0
110 19600 22400 0 0
111 19400 22400 0 0
112 19200 22400 0 0
113 19000 22400 0 0
114 18800 22400 0 0
115 18600 22400 0 0
116 18400 22400 0 0
117 18200 22400 0 0
118 18000 22400 0 0
119 17800 22400 0 0
120 17600 22400 0 0
121 17600 22200 0 0
122 17400 22200 0 0
123 17200 22200 0 0
124 17000 22200 0 0
125 16800 22200 0 0
126 16600 22200 0 0
127 16400 22200 0 0
128 16200 22200 0 0
129 16200 22000 0 0
130 16000 22000 0 0
131 15800 22000 0 0
132 15600 22000 0 0
133 15400 22000 0 0
134 15400 21800 0 0
135 15200 21800 0 0
136 15000 21800 0 0
137 14800 21800 0 0
138 14600 21800 0 0
139 14600 21600 0 0
140 14400 21600 0 0
141 14200 21600 0 0
142 14000 21600 0 0
143 14000 21400 0 0
144 13800 21400 0 0
145 13600 21400 0 0
146 13400 21400 0 0
147 13400 21200 0 0
148 13200 21200 0 0
149 13000 21200 0 0
150 12800 21200 0 0
151 12600 21200 0 0
152 12400 21200 0 0
153 12400 21000 0 0
154 12200 21000 0 0
155 12000 21000 0 0
156 11800 21000 0 0
157 11600 21000 0 0
158 11400 21000 0 0
159 11200 21000 0 0
160 11200 20800 0 0
161 11000 20800 0 0
162 10800 20800 0 0
163 10600 20800 0 0
164 10400 20800 0 0
165 10200 20800 0 0
166 10000 20800 0 0
167 9800 20800 0 0
168 9800 20600 0 0
169 9600 20600 0 0
170 9400 20600 0 0
171 9200 20600 0 0
172 9000 20600 0 0
173 8800 20600 0 0
174 8600 20600 0 0
175 8600 20400 0 0
176 8400 20400 0 0
177 8200 20400 0 0
178 8000 20400 0 0
179 7800 20400 0 0
180 7600 20400 0 0
181 7400 20400 0 0
182 7200 20400 0 0
183 7200 20200 0 0
184 7000 20200 0 0
185 6800 20200 0 0
186 6800 20000 0 0
187 6600 20000 0 0
188 6400 20000 0 0
189 6200 20000 0 0
190 6000 20000 0 0
191 5800 20000 0 0
192 5600 20000 0 0
193 5400 20000 0 0
194 5200 20000 0 0
195 5000 20000 0 0
196 4800 20000 0 0
197 4800 19800 0 0
198 4600 19800 0 0
199 4400 19800 0 0
200 4200 19800 0 0
201 4000 19800 0 0
202 3800 19800 0 0
203 3600 19800 0 0
204 3400 19800 0 0
205 3200 19800 0 0
206 3000 19800 0 0
207 2800 19800 0 0
208 2600 19800 0 0
209 2600 19600 0 0
210 2400 19600 0 0
211 2200 19600 0 0
212 2000 19600 0 0
213 1800 19600 0 0
214 1600 19600 0 0
215 1400 19600 0 0
216 1200 19600 0 0
217 1000 19600 0 0
218 800 19600 0 0
219 600 19600 0 0
220 600 19400 0 0
221 600 19600 0 0
222 400 19600 0 0
223 200 19600 0 0
