0 20400 2400 0 0
1 20200 2400 0 0
2 20200 2600 0 0
3 20200 2800 0 0
4 20200 3000 0 0
5 20200 3200 0 0
6 20200 3400 0 0
7 20200 3600 0 0
8 20200 3800 0 0
9 20200 4000 0 0
10 20200 4200 0 0
11 20200 4400 0 0
12 20200 4600 0 0
13 20200 4800 0 0
14 20200 5000 0 0
15 20200 5200 0 0
16 20200 5400 0 0
17 20200 5600 0 0
18 20200 5800 0 0
19 20200 6000 0 0
20 20200 6200 0 0
21 20200 6400 0 0
22 20400 6400 0 0
23 20400 6600 0 0
24 20400 6800 0 0
25 20400 7000 0 0
26 20400 7200 0 0
27 20400 7400 0 0
28 20400 7600 0 0
29 20400 7800 0 0
30 20600 7800 0 0
31 20600 8000 0 0
32 20600 8200 0 0
33 20600 8400 0 0
34 20600 8600 0 0
35 20600 8800 0 0
36 20600 9000 0 0
37 20800 9000 0 0
38 20800 9200 0 0
39 20800 9400 0 0
40 20800 9600 0 0
41 20800 9800 0 0
42 20800 10000 0 0
43 20800 10200 0 0
44 20800 10400 0 0
45 21000 10400 0 0
46 21000 10600 0 0
47 21000 10800 0 0
48 21000 11000 0 0
49 21000 11200 0 0
50 21000 11400 0 0
51 21000 11600 0 0
52 21000 11800 0 0
53 21200 11800 0 0
54 21200 12000 0 0
55 21200 12200 0 0
56 21200 12400 0 0
57 21200 12600 0 0
58 21200 12800 0 0
59 21400 12800 0 0
60 21400 13000 0 0
61 21600 13000 0 0
62 21600 13200 0 0
63 21800 13200 0 0
64 21800 13400 0 0
65 22000 13400 0 0
66 22000 13600 0 0
67 22200 13600 0 0
68 22200 13800 0 0
69 22200 14000 0 0
70 22400 14000 0 0
71 22400 14200 0 0
72 22600 14200 0 0
73 22600 14400 0 0
74 22800 14400 0 0
75 22800 14600 0 0
76 23000 14600 0 0
77 23000 14800 0 0
78 23200 14800 0 0
79 23200 15000 0 0
80 23200 15200 0 0
81 23400 15200 0 0
82 23400 15400 0 0
83 23600 15400 0 0
84 23600 15600 0 0
85 23800 15600 0 0
86 23800 15800 0 0
87 24000 15800 0 0
88 24000 16000 0 0
89 24200 16000 0 0
90 24200 16200 0 0
91 24400 16200 0 0
92 24400 16400 0 0
93 24400 16600 0 0
94 24600 16600 0 0
95 24600 16800 0 0
96 24800 16800 0 0
97 24800 17000 0 0
98 25000 17000 0 0
99 25000 17200 0 0
100 25200 17200 0 0
101 25200 17400 0 0
102 25400 17400 0 0
103 25400 17600 0 0
104 25600 17600 0 0
105 25800 17600 0 0
106 25800 17800 0 0
107 26000 17800 0 0
108 26200 17800 0 0
109 26200 18000 0 0
110 26400 18000 0 0
111 26600 18000 0 0
112 26800 18000 0 0
113 26800 18200 0 0
114 27000 18200 0 0
115 27200 18200 0 0
116 27200 18400 0 0
117 27400 18400 0 0
118 27600 18400 0 0
119 27800 18400 0 0
120 27800 18600 0 0
121 28000 18600 0 0
122 28200 18600 0 0
123 28400 18600 0 0
124 28400 18800 0 0
125 28600 18800 0 0
126 28800 18800 0 0
127 28800 19000 0 0
128 29000 19000 0 0
129 29200 19000 0 0
130 29400 19000 0 0
131 29400 19200 0 0
132 29600 19200 0 0
133 29800 19200 0 0
134 30000 19200 0 0
135 30000 19400 0 0
136 30200 19400 0 0
137 30400 19400 0 0
138 30400 19600 0 0
139 30600 19600 0 0
140 30800 19600 0 0
141 31000 19600 0 0
142 31200 19600 0 0
143 31400 19600 0 0
144 31600 19600 0 0
145 31800 19600 0 0
146 32000 19600 0 0
147 32200 19600 0 0
148 32400 19600 0 0
149 32600 19600 0 0
150 32800 19600 0 0
151 33000 19600 0 0
152 33200 19600 0 0
153 33400 19600 0 0
154 33600 19600 0 0
155 33800 19600 0 0
156 34000 19600 0 0
157 34200 19600 0 0
158 34200 19400 0 0
159 34200 19600 0 0
160 34400 19600 0 0
161 34600 19600 0 0
162 34800 19600 0 0
163 35000 19600 0 0
164 35200 19600 0 0
165 35400 19600 0 0
166 35600 19600 0 0
167 35800 19600 0 0
168 36000 19600 0 0
169 36200 19600 0 0
170 36400 19600 0 0
171 36600 19600 0 0
172 36800 19600 0 0
173 37000 19600 0 0
174 37200 19600 0 0
175 37400 19600 0 0
176 37600 19600 0 0
177 37800 19600 0 0
178 38000 19600 0 0
179 38200 19600 0 0
180 38400 19600 0 0
181 38600 19600 0 0
182 38600 19800 0 0
183 38800 19800 0 0
