0 0 97 0 0
1 1 97 0 0
2 2 97 0 0
3 3 97 0 0
4 4 97 0 0
5 5 97 0 0
6 6 97 0 0
7 7 97 0 0
8 8 97 0 0
9 9 97 0 0
10 10 97 0 0
11 11 97 0 0
12 12 97 0 0
13 13 97 0 0
14 14 97 0 0
15 15 97 0 0
16 16 97 0 0
17 17 97 0 0
18 18 97 0 0
19 19 97 0 0
20 20 97 0 0
21 21 97 0 0
22 22 97 0 0
23 23 97 0 0
24 24 97 0 0
25 25 97 0 0
26 26 97 0 0
27 27 97 0 0
28 28 97 0 0
29 29 97 0 0
30 30 97 0 0
31 31 97 0 0
32 32 97 0 0
33 33 97 0 0
34 34 97 0 0
35 35 97 0 0
36 36 97 0 0
37 37 97 0 0
38 38 97 0 0
39 39 97 0 0
40 40 97 0 0
41 41 97 0 0
42 42 97 0 0
43 43 97 0 0
44 44 97 0 0
45 44 96 0 0
46 45 96 0 0
47 46 96 0 0
48 47 96 0 0
49 48 96 0 0
50 49 96 0 0
51 50 96 0 0
52 51 96 0 0
53 52 96 0 0
54 53 96 0 0
55 54 96 0 0
56 55 96 0 0
57 56 96 0 0
58 57 96 0 0
59 58 96 0 0
60 59 96 0 0
61 60 96 0 0
62 61 96 0 0
63 62 96 0 0
64 63 96 0 0
65 64 96 0 0
66 65 96 0 0
67 66 96 0 0
68 67 96 0 0
69 68 96 0 0
70 69 96 0 0
71 70 96 0 0
72 70 95 0 0
73 71 95 0 0
74 72 95 0 0
75 72 94 0 0
76 73 94 0 0
77 74 94 0 0
78 74 93 0 0
79 75 93 0 0
80 75 92 0 0
81 76 92 0 0
82 76 91 0 0
83 77 91 0 0
84 78 91 0 0
85 78 90 0 0
86 79 90 0 0
87 79 89 0 0
88 80 89 0 0
89 80 88 0 0
90 81 88 0 0
91 81 87 0 0
92 82 87 0 0
93 83 87 0 0
94 83 86 0 0
95 84 86 0 0
96 84 85 0 0
97 85 85 0 0
98 85 84 0 0
99 86 84 0 0
100 86 83 0 0
101 87 83 0 0
102 88 83 0 0
103 88 82 0 0
104 89 82 0 0
105 89 81 0 0
106 90 81 0 0
107 90 80 0 0
108 91 80 0 0
109 92 80 0 0
110 92 79 0 0
111 93 79 0 0
112 93 78 0 0
113 94 78 0 0
114 94 77 0 0
115 95 77 0 0
116 96 77 0 0
117 97 77 0 0
118 97 78 0 0
119 98 78 0 0
120 99 78 0 0
121 100 78 0 0
122 101 78 0 0
123 101 79 0 0
124 102 79 0 0
125 102 80 0 0
126 103 80 0 0
127 103 81 0 0
128 103 82 0 0
129 104 82 0 0
130 104 83 0 0
131 105 83 0 0
132 105 84 0 0
133 105 85 0 0
134 106 85 0 0
135 106 86 0 0
136 107 86 0 0
137 107 87 0 0
138 107 88 0 0
139 108 88 0 0
140 108 89 0 0
141 109 89 0 0
142 109 90 0 0
143 110 90 0 0
144 110 91 0 0
145 111 91 0 0
146 111 92 0 0
147 112 92 0 0
148 112 93 0 0
149 113 93 0 0
150 113 94 0 0
151 114 94 0 0
152 114 95 0 0
153 115 95 0 0
154 115 96 0 0
155 116 96 0 0
156 116 97 0 0
157 117 97 0 0
158 117 98 0 0
159 118 98 0 0
160 118 99 0 0
161 119 99 0 0
162 119 100 0 0
163 120 100 0 0
164 120 101 0 0
165 121 101 0 0
166 122 101 0 0
167 123 101 0 0
168 124 101 0 0
169 125 101 0 0
170 125 102 0 0
171 126 102 0 0
172 127 102 0 0
173 128 102 0 0
174 129 102 0 0
175 130 102 0 0
176 131 102 0 0
177 132 102 0 0
178 133 102 0 0
179 134 102 0 0
180 135 102 0 0
181 136 102 0 0
182 137 102 0 0
183 138 102 0 0
184 139 102 0 0
185 140 102 0 0
186 141 102 0 0
187 142 102 0 0
188 143 102 0 0
189 144 102 0 0
190 145 102 0 0
191 146 102 0 0
192 147 102 0 0
193 147 101 0 0
194 148 101 0 0
195 149 101 0 0
196 150 101 0 0
197 151 101 0 0
198 152 101 0 0
199 153 101 0 0
200 154 101 0 0
201 155 101 0 0
202 156 101 0 0
203 157 101 0 0
204 158 101 0 0
205 159 101 0 0
206 159 100 0 0
207 160 100 0 0
208 161 100 0 0
209 162 100 0 0
210 163 100 0 0
211 164 100 0 0
212 165 100 0 0
213 166 100 0 0
214 167 100 0 0
215 168 100 0 0
216 169 100 0 0
217 170 100 0 0
218 171 100 0 0
219 172 100 0 0
220 173 100 0 0
221 174 100 0 0
222 175 100 0 0
223 176 100 0 0
224 177 100 0 0
225 178 100 0 0
226 179 100 0 0
227 180 100 0 0
228 181 100 0 0
229 182 100 0 0
230 183 100 0 0
231 184 100 0 0
232 185 100 0 0
233 186 100 0 0
234 187 100 0 0
235 188 100 0 0
236 189 100 0 0
237 190 100 0 0
238 191 100 0 0
239 192 100 0 0
240 193 100 0 0
