0 88 234 0 0
1 88 233 0 0
2 88 232 0 0
3 88 231 0 0
4 88 230 0 0
5 88 229 0 0
6 88 228 0 0
7 88 227 0 0
8 88 226 0 0
9 88 225 0 0
10 88 224 0 0
11 88 223 0 0
12 88 222 0 0
13 88 221 0 0
14 88 220 0 0
15 88 219 0 0
16 88 218 0 0
17 88 217 0 0
18 88 216 0 0
19 88 215 0 0
20 88 214 0 0
21 88 213 0 0
22 88 212 0 0
23 88 211 0 0
24 88 210 0 0
25 88 209 0 0
26 89 209 0 0
27 89 208 0 0
28 89 207 0 0
29 89 206 0 0
30 89 205 0 0
31 89 204 0 0
32 89 203 0 0
33 89 202 0 0
34 89 201 0 0
35 89 200 0 0
36 89 199 0 0
37 89 198 0 0
38 89 197 0 0
39 89 196 0 0
40 90 196 0 0
41 90 195 0 0
42 90 194 0 0
43 90 193 0 0
44 90 192 0 0
45 90 191 0 0
46 90 190 0 0
47 90 189 0 0
48 90 188 0 0
49 90 187 0 0
50 90 186 0 0
51 90 185 0 0
52 91 185 0 0
53 91 184 0 0
54 91 183 0 0
55 91 182 0 0
56 91 181 0 0
57 91 180 0 0
58 91 179 0 0
59 90 179 0 0
60 90 178 0 0
61 90 177 0 0
62 90 176 0 0
63 90 175 0 0
64 90 174 0 0
65 90 173 0 0
66 90 172 0 0
67 90 171 0 0
68 90 170 0 0
69 90 169 0 0
70 90 168 0 0
71 90 167 0 0
72 90 166 0 0
73 90 165 0 0
74 89 165 0 0
75 89 164 0 0
76 89 163 0 0
77 89 162 0 0
78 89 161 0 0
79 89 160 0 0
80 89 159 0 0
81 89 158 0 0
82 89 157 0 0
83 89 156 0 0
84 89 155 0 0
85 89 154 0 0
86 89 153 0 0
87 89 152 0 0
88 88 152 0 0
89 88 151 0 0
90 88 150 0 0
91 88 149 0 0
92 88 148 0 0
93 88 147 0 0
94 88 146 0 0
95 88 145 0 0
96 88 144 0 0
97 88 143 0 0
98 88 142 0 0
99 87 142 0 0
100 87 141 0 0
101 87 140 0 0
102 87 139 0 0
103 87 138 0 0
104 87 137 0 0
105 87 136 0 0
106 86 136 0 0
107 86 135 0 0
108 86 134 0 0
109 86 133 0 0
110 86 132 0 0
111 86 131 0 0
112 85 131 0 0
113 85 130 0 0
114 85 129 0 0
115 85 128 0 0
116 85 127 0 0
117 85 126 0 0
118 84 126 0 0
119 84 125 0 0
120 84 124 0 0
121 83 124 0 0
122 83 123 0 0
123 83 122 0 0
124 82 122 0 0
125 82 121 0 0
126 82 120 0 0
127 81 120 0 0
128 81 119 0 0
129 81 118 0 0
130 80 118 0 0
131 80 117 0 0
132 80 116 0 0
133 79 116 0 0
134 79 115 0 0
135 79 114 0 0
136 79 113 0 0
137 78 113 0 0
138 78 112 0 0
139 77 112 0 0
140 76 112 0 0
141 76 111 0 0
142 75 111 0 0
143 75 110 0 0
144 74 110 0 0
145 73 110 0 0
146 73 109 0 0
147 72 109 0 0
148 72 108 0 0
149 71 108 0 0
150 70 108 0 0
151 70 107 0 0
152 69 107 0 0
153 69 106 0 0
154 68 106 0 0
155 67 106 0 0
156 66 106 0 0
157 65 106 0 0
158 64 106 0 0
159 64 105 0 0
160 63 105 0 0
161 62 105 0 0
162 61 105 0 0
163 60 105 0 0
164 59 105 0 0
165 58 105 0 0
166 57 105 0 0
167 57 104 0 0
168 56 104 0 0
169 55 104 0 0
170 54 104 0 0
171 53 104 0 0
172 52 104 0 0
173 51 104 0 0
174 50 104 0 0
175 49 104 0 0
176 48 104 0 0
177 47 104 0 0
178 46 104 0 0
179 45 104 0 0
180 44 104 0 0
181 43 104 0 0
182 42 104 0 0
183 41 104 0 0
184 40 104 0 0
185 39 104 0 0
186 38 104 0 0
187 37 104 0 0
188 36 104 0 0
189 35 104 0 0
190 34 104 0 0
191 33 104 0 0
192 32 104 0 0
193 31 104 0 0
194 30 104 0 0
195 29 104 0 0
196 28 104 0 0
197 27 104 0 0
198 26 104 0 0
199 25 104 0 0
200 24 104 0 0
201 23 104 0 0
202 22 104 0 0
203 21 104 0 0
204 20 104 0 0
205 19 104 0 0
206 18 104 0 0
207 18 103 0 0
208 17 103 0 0
209 16 103 0 0
210 15 103 0 0
211 14 103 0 0
212 13 103 0 0
213 12 103 0 0
214 11 103 0 0
215 10 103 0 0
216 9 103 0 0
