0 600 19000 0 0
1 800 19000 0 0
2 1000 19000 0 0
3 1200 19000 0 0
4 1400 19000 0 0
5 1600 19000 0 0
6 1800 19000 0 0
7 2000 19000 0 0
8 2200 19000 0 0
9 2400 19000 0 0
10 2600 19000 0 0
11 2800 19000 0 0
12 3000 19000 0 0
13 3200 19000 0 0
14 3200 19200 0 0
15 3400 19200 0 0
16 3600 19200 0 0
17 3800 19200 0 0
18 4000 19200 0 0
19 4200 19200 0 0
20 4400 19200 0 0
21 4600 19200 0 0
22 4800 19200 0 0
23 5000 19200 0 0
24 5200 19200 0 0
25 5400 19200 0 0
26 5600 19200 0 0
27 5600 19000 0 0
28 5800 19000 0 0
29 6000 19000 0 0
30 6200 19000 0 0
31 6400 19000 0 0
32 6600 19000 0 0
33 6800 19000 0 0
34 7000 19000 0 0
35 7200 19000 0 0
36 7400 19000 0 0
37 7600 19000 0 0
38 7800 19000 0 0
39 8000 19000 0 0
40 8000 18800 0 0
41 8200 18800 0 0
42 8400 18800 0 0
43 8600 18800 0 0
44 8800 18800 0 0
45 9000 18800 0 0
46 9200 18800 0 0
47 9400 18800 0 0
48 9600 18800 0 0
49 9800 18800 0 0
50 10000 18800 0 0
51 10200 18800 0 0
52 10400 18800 0 0
53 10600 18800 0 0
54 10800 18800 0 0
55 11000 18800 0 0
56 11200 18800 0 0
57 11400 18800 0 0
58 11600 18800 0 0
59 11800 18800 0 0
60 12000 18800 0 0
61 12200 18800 0 0
62 12400 18800 0 0
63 12600 18800 0 0
64 12800 18800 0 0
65 13000 18800 0 0
66 13000 18600 0 0
67 13200 18600 0 0
68 13400 18600 0 0
69 13600 18600 0 0
70 13800 18600 0 0
71 14000 18600 0 0
72 14200 18600 0 0
73 14400 18600 0 0
74 14400 18400 0 0
75 14600 18400 0 0
76 14800 18400 0 0
77 15000 18400 0 0
78 15000 18200 0 0
79 15200 18200 0 0
80 15400 18200 0 0
81 15600 18200 0 0
82 15600 18000 0 0
83 15800 18000 0 0
84 16000 18000 0 0
85 16200 18000 0 0
86 16200 17800 0 0
87 16400 17800 0 0
88 16600 17800 0 0
89 16600 17600 0 0
90 16800 17600 0 0
91 17000 17600 0 0
92 17200 17600 0 0
93 17200 17400 0 0
94 17400 17400 0 0
95 17400 17200 0 0
96 17600 17200 0 0
97 17600 17000 0 0
98 17800 17000 0 0
99 18000 17000 0 0
100 18000 16800 0 0
101 18200 16800 0 0
102 18200 16600 0 0
103 18400 16600 0 0
104 18400 16400 0 0
105 18600 16400 0 0
106 18800 16400 0 0
107 18800 16200 0 0
108 19000 16200 0 0
109 19000 16000 0 0
110 19200 16000 0 0
111 19200 15800 0 0
112 19400 15800 0 0
113 19600 15800 0 0
114 19800 15800 0 0
115 20000 15800 0 0
116 20200 15800 0 0
117 20400 15800 0 0
118 20600 15800 0 0
119 20800 15800 0 0
120 20800 16000 0 0
121 21000 16000 0 0
122 21200 16000 0 0
123 21200 16200 0 0
124 21400 16200 0 0
125 21600 16200 0 0
126 21600 16400 0 0
127 21800 16400 0 0
128 22000 16400 0 0
129 22000 16600 0 0
130 22200 16600 0 0
131 22400 16600 0 0
132 22600 16600 0 0
133 22800 16600 0 0
134 22800 16800 0 0
135 23000 16800 0 0
136 23200 16800 0 0
137 23400 16800 0 0
138 23600 16800 0 0
139 23600 17000 0 0
140 23800 17000 0 0
141 23800 17200 0 0
142 24000 17200 0 0
143 24000 17400 0 0
144 24200 17400 0 0
145 24200 17600 0 0
146 24400 17600 0 0
147 24400 17800 0 0
148 24600 17800 0 0
149 24600 18000 0 0
150 24800 18000 0 0
151 24800 18200 0 0
152 25000 18200 0 0
153 25000 18400 0 0
154 25200 18400 0 0
155 25200 18600 0 0
156 25400 18600 0 0
157 25600 18600 0 0
158 25800 18600 0 0
159 25800 18800 0 0
160 26000 18800 0 0
161 26200 18800 0 0
162 26400 18800 0 0
163 26400 19000 0 0
164 26600 19000 0 0
165 26800 19000 0 0
166 27000 19000 0 0
167 27200 19000 0 0
168 27400 19000 0 0
169 27600 19000 0 0
170 27800 19000 0 0
171 28000 19000 0 0
172 28200 19000 0 0
173 28200 19200 0 0
174 28400 19200 0 0
175 28600 19200 0 0
176 28800 19200 0 0
177 28800 19400 0 0
178 29000 19400 0 0
179 29200 19400 0 0
180 29400 19400 0 0
181 29600 19400 0 0
182 29800 19400 0 0
183 30000 19400 0 0
184 30200 19400 0 0
185 30400 19400 0 0
186 30600 19400 0 0
187 30800 19400 0 0
188 31000 19400 0 0
189 31200 19400 0 0
190 31400 19400 0 0
191 31600 19400 0 0
192 31800 19400 0 0
193 32000 19400 0 0
194 32200 19400 0 0
195 32400 19400 0 0
196 32600 19400 0 0
197 32800 19400 0 0
198 33000 19400 0 0
199 33200 19400 0 0
200 33400 19400 0 0
201 33600 19400 0 0
202 33800 19400 0 0
203 34000 19400 0 0
204 34200 19400 0 0
205 34400 19400 0 0
206 34400 19200 0 0
207 34600 19200 0 0
208 34800 19200 0 0
209 35000 19200 0 0
210 35200 19200 0 0
211 35400 19200 0 0
212 35600 19200 0 0
213 35800 19200 0 0
214 36000 19200 0 0
215 36200 19200 0 0
216 36400 19200 0 0
217 36600 19200 0 0
218 36800 19200 0 0
219 37000 19200 0 0
220 37200 19200 0 0
221 37400 19200 0 0
222 37600 19200 0 0
223 37800 19200 0 0
224 38000 19200 0 0
225 38200 19200 0 0
226 38400 19200 0 0
227 38600 19200 0 0
228 38800 19200 0 0
