0 101 10 0 0
1 101 11 0 0
2 101 12 0 0
3 101 13 0 0
4 101 14 0 0
5 101 15 0 0
6 101 16 0 0
7 101 17 0 0
8 100 17 0 0
9 100 18 0 0
10 100 19 0 0
11 100 20 0 0
12 100 21 0 0
13 100 22 0 0
14 100 23 0 0
15 100 24 0 0
16 100 25 0 0
17 100 26 0 0
18 100 27 0 0
19 100 28 0 0
20 100 29 0 0
21 100 30 0 0
22 100 31 0 0
23 100 32 0 0
24 100 33 0 0
25 100 34 0 0
26 100 35 0 0
27 100 36 0 0
28 100 37 0 0
29 100 38 0 0
30 100 39 0 0
31 100 40 0 0
32 100 41 0 0
33 101 41 0 0
34 101 42 0 0
35 101 43 0 0
36 101 44 0 0
37 101 45 0 0
38 101 46 0 0
39 102 46 0 0
40 102 47 0 0
41 102 48 0 0
42 102 49 0 0
43 102 50 0 0
44 102 51 0 0
45 103 51 0 0
46 103 52 0 0
47 103 53 0 0
48 103 54 0 0
49 103 55 0 0
50 103 56 0 0
51 104 56 0 0
52 104 57 0 0
53 104 58 0 0
54 104 59 0 0
55 104 60 0 0
56 104 61 0 0
57 105 61 0 0
58 105 62 0 0
59 105 63 0 0
60 105 64 0 0
61 106 64 0 0
62 106 65 0 0
63 106 66 0 0
64 107 66 0 0
65 107 67 0 0
66 107 68 0 0
67 108 68 0 0
68 108 69 0 0
69 108 70 0 0
70 109 70 0 0
71 109 71 0 0
72 109 72 0 0
73 110 72 0 0
74 110 73 0 0
75 111 73 0 0
76 111 74 0 0
77 111 75 0 0
78 112 75 0 0
79 112 76 0 0
80 113 76 0 0
81 113 77 0 0
82 114 77 0 0
83 114 78 0 0
84 114 79 0 0
85 115 79 0 0
86 115 80 0 0
87 116 80 0 0
88 116 81 0 0
89 117 81 0 0
90 117 82 0 0
91 118 82 0 0
92 119 82 0 0
93 119 83 0 0
94 120 83 0 0
95 121 83 0 0
96 121 84 0 0
97 122 84 0 0
98 123 84 0 0
99 123 85 0 0
100 124 85 0 0
101 125 85 0 0
102 126 85 0 0
103 126 86 0 0
104 127 86 0 0
105 128 86 0 0
106 128 87 0 0
107 129 87 0 0
108 130 87 0 0
109 131 87 0 0
110 131 88 0 0
111 132 88 0 0
112 133 88 0 0
113 133 89 0 0
114 134 89 0 0
115 135 89 0 0
116 135 90 0 0
117 136 90 0 0
118 137 90 0 0
119 137 91 0 0
120 138 91 0 0
121 139 91 0 0
122 140 91 0 0
123 140 92 0 0
124 141 92 0 0
125 142 92 0 0
126 143 92 0 0
127 144 92 0 0
128 145 92 0 0
129 145 93 0 0
130 146 93 0 0
131 147 93 0 0
132 148 93 0 0
133 149 93 0 0
134 150 93 0 0
135 150 94 0 0
136 151 94 0 0
137 152 94 0 0
138 153 94 0 0
139 154 94 0 0
140 155 94 0 0
141 156 94 0 0
142 157 94 0 0
143 158 94 0 0
144 159 94 0 0
145 160 94 0 0
146 161 94 0 0
147 162 94 0 0
148 163 94 0 0
149 164 94 0 0
150 165 94 0 0
151 166 94 0 0
152 167 94 0 0
153 168 94 0 0
154 169 94 0 0
155 170 94 0 0
156 171 94 0 0
157 172 94 0 0
158 172 95 0 0
159 173 95 0 0
160 174 95 0 0
161 175 95 0 0
162 176 95 0 0
163 177 95 0 0
164 178 95 0 0
165 179 95 0 0
166 179 96 0 0
167 180 96 0 0
168 181 96 0 0
169 182 96 0 0
170 183 96 0 0
171 184 96 0 0
172 185 96 0 0
173 186 96 0 0
174 187 96 0 0
175 188 96 0 0
176 189 96 0 0
177 190 96 0 0
178 191 96 0 0
179 191 95 0 0
180 191 96 0 0
181 192 96 0 0
182 193 96 0 0
183 194 96 0 0
184 195 96 0 0
