0 20000 1400 0 0
1 20000 1600 0 0
2 20000 1800 0 0
3 20000 2000 0 0
4 20000 2200 0 0
5 20000 2400 0 0
6 20000 2600 0 0
7 20000 2800 0 0
8 20000 3000 0 0
9 20000 3200 0 0
10 20000 3400 0 0
11 20000 3600 0 0
12 20000 3800 0 0
13 20000 4000 0 0
14 20000 4200 0 0
15 20000 4400 0 0
16 20000 4600 0 0
17 20000 4800 0 0
18 20000 5000 0 0
19 20000 5200 0 0
20 20000 5400 0 0
21 20000 5600 0 0
22 20000 5800 0 0
23 20000 6000 0 0
24 20200 6000 0 0
25 20200 6200 0 0
26 20200 6400 0 0
27 20200 6600 0 0
28 20200 6800 0 0
29 20200 7000 0 0
30 20200 7200 0 0
31 20400 7200 0 0
32 20400 7400 0 0
33 20400 7600 0 0
34 20400 7800 0 0
35 20400 8000 0 0
36 20400 8200 0 0
37 20600 8200 0 0
38 20600 8400 0 0
39 20600 8600 0 0
40 20600 8800 0 0
41 20800 8800 0 0
42 20800 9000 0 0
43 20800 9200 0 0
44 20800 9400 0 0
45 20800 9600 0 0
46 21000 9600 0 0
47 21000 9800 0 0
48 21000 10000 0 0
49 21000 10200 0 0
50 21200 10200 0 0
51 21200 10400 0 0
52 21200 10600 0 0
53 21400 10600 0 0
54 21400 10800 0 0
55 21400 11000 0 0
56 21400 11200 0 0
57 21600 11200 0 0
58 21600 11400 0 0
59 21600 11600 0 0
60 21800 11600 0 0
61 21800 11800 0 0
62 21800 12000 0 0
63 21800 12200 0 0
64 22000 12200 0 0
65 22000 12400 0 0
66 22000 12600 0 0
67 22200 12600 0 0
68 22200 12800 0 0
69 22200 13000 0 0
70 22200 13200 0 0
71 22400 13200 0 0
72 22400 13400 0 0
73 22400 13600 0 0
74 22600 13600 0 0
75 22600 13800 0 0
76 22600 14000 0 0
77 22800 14000 0 0
78 22800 14200 0 0
79 23000 14200 0 0
80 23000 14400 0 0
81 23200 14400 0 0
82 23200 14600 0 0
83 23400 14600 0 0
84 23400 14800 0 0
85 23400 15000 0 0
86 23600 15000 0 0
87 23600 15200 0 0
88 23800 15200 0 0
89 23800 15400 0 0
90 23800 15600 0 0
91 24000 15600 0 0
92 24000 15800 0 0
93 24200 15800 0 0
94 24200 16000 0 0
95 24400 16000 0 0
96 24400 16200 0 0
97 24400 16400 0 0
98 24600 16400 0 0
99 24600 16600 0 0
100 24800 16600 0 0
101 24800 16800 0 0
102 25000 16800 0 0
103 25000 17000 0 0
104 25000 17200 0 0
105 25200 17200 0 0
106 25200 17400 0 0
107 25200 17600 0 0
108 25200 17800 0 0
109 25200 18000 0 0
110 25200 18200 0 0
111 25200 18400 0 0
112 25200 18600 0 0
113 25200 18800 0 0
114 25200 19000 0 0
115 25200 19200 0 0
116 25200 19400 0 0
117 25200 19600 0 0
118 25200 19800 0 0
119 25200 20000 0 0
120 25200 20200 0 0
121 25200 20400 0 0
122 25200 20600 0 0
123 25200 20800 0 0
124 25200 21000 0 0
125 25200 21200 0 0
126 25200 21400 0 0
127 25200 21600 0 0
128 25200 21800 0 0
129 25000 21800 0 0
130 25000 22000 0 0
131 25000 22200 0 0
132 25000 22400 0 0
133 25000 22600 0 0
134 24800 22600 0 0
135 24800 22800 0 0
136 24800 23000 0 0
137 24800 23200 0 0
138 24600 23200 0 0
139 24600 23400 0 0
140 24600 23600 0 0
141 24400 23600 0 0
142 24400 23800 0 0
143 24400 24000 0 0
144 24400 24200 0 0
145 24400 24400 0 0
146 24200 24400 0 0
147 24200 24600 0 0
148 24200 24800 0 0
149 24200 25000 0 0
150 24000 25000 0 0
151 24000 25200 0 0
152 24000 25400 0 0
153 23800 25400 0 0
154 23800 25600 0 0
155 23800 25800 0 0
156 23800 26000 0 0
157 23600 26000 0 0
158 23600 26200 0 0
159 23600 26400 0 0
160 23600 26600 0 0
161 23600 26800 0 0
162 23400 26800 0 0
163 23400 27000 0 0
164 23400 27200 0 0
165 23400 27400 0 0
166 23400 27600 0 0
167 23400 27800 0 0
168 23400 28000 0 0
169 23400 28200 0 0
170 23400 28400 0 0
171 23200 28400 0 0
172 23200 28600 0 0
173 23200 28800 0 0
174 23200 29000 0 0
175 23200 29200 0 0
176 23200 29400 0 0
177 23200 29600 0 0
178 23200 29800 0 0
179 23200 30000 0 0
180 23200 30200 0 0
181 23200 30400 0 0
182 23200 30600 0 0
183 23000 30600 0 0
184 23000 30800 0 0
185 23000 31000 0 0
186 23000 31200 0 0
187 23000 31400 0 0
188 23000 31600 0 0
189 23000 31800 0 0
190 23000 32000 0 0
191 23000 32200 0 0
192 23000 32400 0 0
193 22800 32400 0 0
194 22800 32600 0 0
195 22800 32800 0 0
196 22800 33000 0 0
197 22800 33200 0 0
198 22800 33400 0 0
199 22800 33600 0 0
200 22800 33800 0 0
201 22800 34000 0 0
202 22800 34200 0 0
203 22800 34400 0 0
204 22800 34600 0 0
205 22600 34600 0 0
206 22600 34800 0 0
207 22600 35000 0 0
208 22600 35200 0 0
209 22600 35400 0 0
210 22600 35600 0 0
211 22600 35800 0 0
212 22600 36000 0 0
213 22600 36200 0 0
214 22600 36400 0 0
215 22600 36600 0 0
216 22800 36600 0 0
217 22800 36800 0 0
218 22800 37000 0 0
219 22800 37200 0 0
220 22800 37400 0 0
221 22800 37600 0 0
222 22800 37800 0 0
223 22800 38000 0 0
224 22800 38200 0 0
225 22800 38400 0 0
226 23000 38400 0 0
227 23000 38600 0 0
228 23000 38800 0 0
229 23000 39000 0 0
230 23000 39200 0 0
231 23000 39400 0 0
232 23000 39600 0 0
233 23000 39800 0 0
234 23000 40000 0 0
235 23200 40000 0 0
236 23200 40200 0 0
237 23200 40400 0 0
238 23200 40600 0 0
239 23200 40800 0 0
240 23200 41000 0 0
241 23200 41200 0 0
242 23200 41400 0 0
243 23400 41400 0 0
244 23400 41600 0 0
245 23400 41800 0 0
246 23400 42000 0 0
247 23400 42200 0 0
248 23400 42400 0 0
249 23600 42400 0 0
250 23600 42600 0 0
251 23600 42800 0 0
252 23600 43000 0 0
253 23600 43200 0 0
254 23600 43400 0 0
255 23600 43600 0 0
256 23600 43800 0 0
257 23600 44000 0 0
258 23600 44200 0 0
259 23800 44200 0 0
260 23800 44400 0 0
261 23800 44600 0 0
262 23800 44800 0 0
263 23800 45000 0 0
264 23800 45200 0 0
265 23800 45400 0 0
266 23800 45600 0 0
267 23800 45800 0 0
268 23800 46000 0 0
269 23800 46200 0 0
270 23800 46400 0 0
271 23800 46600 0 0
272 23800 46800 0 0
