0 88 236 0 0
1 88 235 0 0
2 88 234 0 0
3 87 234 0 0
4 87 233 0 0
5 87 232 0 0
6 87 231 0 0
7 88 231 0 0
8 88 230 0 0
9 88 229 0 0
10 88 228 0 0
11 88 227 0 0
12 88 226 0 0
13 88 225 0 0
14 88 224 0 0
15 88 223 0 0
16 88 222 0 0
17 88 221 0 0
18 88 220 0 0
19 88 219 0 0
20 88 218 0 0
21 88 217 0 0
22 88 216 0 0
23 89 216 0 0
24 89 215 0 0
25 89 214 0 0
26 89 213 0 0
27 89 212 0 0
28 89 211 0 0
29 89 210 0 0
30 89 209 0 0
31 89 208 0 0
32 89 207 0 0
33 89 206 0 0
34 89 205 0 0
35 89 204 0 0
36 89 203 0 0
37 89 202 0 0
38 89 201 0 0
39 89 200 0 0
40 89 199 0 0
41 89 198 0 0
42 89 197 0 0
43 89 196 0 0
44 89 195 0 0
45 89 194 0 0
46 89 193 0 0
47 89 192 0 0
48 90 192 0 0
49 90 191 0 0
50 90 190 0 0
51 90 189 0 0
52 90 188 0 0
53 90 187 0 0
54 90 186 0 0
55 90 185 0 0
56 90 184 0 0
57 90 183 0 0
58 90 182 0 0
59 90 181 0 0
60 90 180 0 0
61 90 179 0 0
62 90 178 0 0
63 90 177 0 0
64 90 176 0 0
65 90 175 0 0
66 90 174 0 0
67 90 173 0 0
68 90 172 0 0
69 90 171 0 0
70 90 170 0 0
71 90 169 0 0
72 90 168 0 0
73 90 167 0 0
74 90 166 0 0
75 90 165 0 0
76 90 164 0 0
77 90 163 0 0
78 90 162 0 0
79 90 161 0 0
80 90 160 0 0
81 90 159 0 0
82 90 158 0 0
83 90 157 0 0
84 90 156 0 0
85 90 155 0 0
86 90 154 0 0
87 89 154 0 0
88 89 153 0 0
89 89 152 0 0
90 89 151 0 0
91 89 150 0 0
92 89 149 0 0
93 89 148 0 0
94 89 147 0 0
95 89 146 0 0
96 89 145 0 0
97 89 144 0 0
98 89 143 0 0
99 88 143 0 0
100 88 142 0 0
101 88 141 0 0
102 88 140 0 0
103 88 139 0 0
104 88 138 0 0
105 87 138 0 0
106 87 137 0 0
107 87 136 0 0
108 87 135 0 0
109 87 134 0 0
110 87 133 0 0
111 87 132 0 0
112 87 131 0 0
113 87 130 0 0
114 87 129 0 0
115 87 128 0 0
116 86 128 0 0
117 86 127 0 0
118 86 126 0 0
119 86 125 0 0
120 85 125 0 0
121 85 124 0 0
122 85 123 0 0
123 85 122 0 0
124 85 121 0 0
125 84 121 0 0
126 84 120 0 0
127 84 119 0 0
128 84 118 0 0
129 83 118 0 0
130 83 117 0 0
131 83 116 0 0
132 82 116 0 0
133 82 115 0 0
134 82 114 0 0
135 81 114 0 0
136 81 113 0 0
137 80 113 0 0
138 80 112 0 0
139 80 111 0 0
140 79 111 0 0
141 79 110 0 0
142 78 110 0 0
143 77 110 0 0
144 77 109 0 0
145 76 109 0 0
146 76 108 0 0
147 75 108 0 0
148 74 108 0 0
149 74 107 0 0
150 73 107 0 0
151 72 107 0 0
152 72 106 0 0
153 71 106 0 0
154 71 105 0 0
155 70 105 0 0
156 69 105 0 0
157 69 104 0 0
158 68 104 0 0
159 67 104 0 0
160 66 104 0 0
161 66 103 0 0
162 65 103 0 0
163 64 103 0 0
164 63 103 0 0
165 63 102 0 0
166 62 102 0 0
167 61 102 0 0
168 60 102 0 0
169 60 101 0 0
170 59 101 0 0
171 58 101 0 0
172 57 101 0 0
173 56 101 0 0
174 55 101 0 0
175 54 101 0 0
176 53 101 0 0
177 52 101 0 0
178 51 101 0 0
179 50 101 0 0
180 49 101 0 0
181 49 100 0 0
182 48 100 0 0
183 47 100 0 0
184 46 100 0 0
185 45 100 0 0
186 44 100 0 0
187 43 100 0 0
188 42 100 0 0
189 41 100 0 0
190 40 100 0 0
191 39 100 0 0
192 38 100 0 0
193 37 100 0 0
194 37 101 0 0
195 36 101 0 0
196 35 101 0 0
197 34 101 0 0
198 33 101 0 0
199 32 101 0 0
200 31 101 0 0
201 30 101 0 0
202 29 101 0 0
203 28 101 0 0
204 27 101 0 0
205 26 101 0 0
206 25 101 0 0
207 25 100 0 0
208 23 100 0 0
209 22 100 0 0
210 22 99 0 0
211 21 99 0 0
212 20 99 0 0
213 20 98 0 0
214 18 98 0 0
215 17 98 0 0
216 17 97 0 0
217 16 97 0 0
218 15 97 0 0
219 15 96 0 0
220 13 96 0 0
221 13 95 0 0
222 12 95 0 0
223 12 96 0 0
224 12 97 0 0
225 13 97 0 0
226 13 98 0 0
227 13 99 0 0
228 13 100 0 0
229 14 100 0 0
230 14 101 0 0
231 14 102 0 0
232 14 103 0 0
233 13 103 0 0
234 12 103 0 0
235 11 103 0 0
236 10 103 0 0
237 9 103 0 0
238 8 103 0 0
239 8 102 0 0
240 7 102 0 0
241 6 102 0 0
242 5 102 0 0
243 4 102 0 0
244 3 102 0 0
245 2 102 0 0
246 2 101 0 0
247 1 101 0 0
