0 4 100 0 0
1 5 100 0 0
2 6 100 0 0
3 7 100 0 0
4 8 100 0 0
5 9 100 0 0
6 10 100 0 0
7 11 100 0 0
8 12 100 0 0
9 13 100 0 0
10 14 100 0 0
11 15 100 0 0
12 16 100 0 0
13 17 100 0 0
14 17 101 0 0
15 18 101 0 0
16 19 101 0 0
17 20 101 0 0
18 21 101 0 0
19 22 101 0 0
20 23 101 0 0
21 24 101 0 0
22 25 101 0 0
23 26 101 0 0
24 27 101 0 0
25 28 101 0 0
26 29 101 0 0
27 30 101 0 0
28 31 101 0 0
29 32 101 0 0
30 33 101 0 0
31 34 101 0 0
32 35 101 0 0
33 35 100 0 0
34 36 100 0 0
35 37 100 0 0
36 38 100 0 0
37 39 100 0 0
38 40 100 0 0
39 41 100 0 0
40 42 100 0 0
41 43 100 0 0
42 44 100 0 0
43 45 100 0 0
44 46 100 0 0
45 47 100 0 0
46 48 100 0 0
47 49 100 0 0
48 50 100 0 0
49 51 100 0 0
50 52 100 0 0
51 53 100 0 0
52 54 100 0 0
53 55 100 0 0
54 55 99 0 0
55 56 99 0 0
56 57 99 0 0
57 58 99 0 0
58 59 99 0 0
59 59 98 0 0
60 60 98 0 0
61 61 98 0 0
62 62 98 0 0
63 63 98 0 0
64 63 97 0 0
65 64 97 0 0
66 65 97 0 0
67 66 97 0 0
68 67 97 0 0
69 67 96 0 0
70 68 96 0 0
71 69 96 0 0
72 70 96 0 0
73 71 96 0 0
74 71 95 0 0
75 72 95 0 0
76 73 95 0 0
77 73 94 0 0
78 74 94 0 0
79 75 94 0 0
80 75 93 0 0
81 76 93 0 0
82 77 93 0 0
83 77 92 0 0
84 78 92 0 0
85 79 92 0 0
86 79 91 0 0
87 80 91 0 0
88 81 91 0 0
89 82 91 0 0
90 83 91 0 0
91 83 90 0 0
92 84 90 0 0
93 85 90 0 0
94 86 90 0 0
95 86 89 0 0
96 87 89 0 0
97 88 89 0 0
98 89 89 0 0
99 90 89 0 0
100 91 89 0 0
101 92 89 0 0
102 92 88 0 0
103 93 88 0 0
104 94 88 0 0
105 95 88 0 0
106 96 88 0 0
107 97 88 0 0
108 97 89 0 0
109 98 89 0 0
110 99 89 0 0
111 99 90 0 0
112 100 90 0 0
113 101 90 0 0
114 101 91 0 0
115 102 91 0 0
116 103 91 0 0
117 103 92 0 0
118 104 92 0 0
119 105 92 0 0
120 106 92 0 0
121 106 93 0 0
122 107 93 0 0
123 108 93 0 0
124 108 94 0 0
125 109 94 0 0
126 109 95 0 0
127 110 95 0 0
128 110 96 0 0
129 110 97 0 0
130 111 97 0 0
131 111 98 0 0
132 111 99 0 0
133 112 99 0 0
134 112 100 0 0
135 112 101 0 0
136 112 102 0 0
137 113 102 0 0
138 113 103 0 0
139 113 104 0 0
140 114 104 0 0
141 114 105 0 0
142 114 106 0 0
143 114 107 0 0
144 115 107 0 0
145 115 108 0 0
146 115 109 0 0
147 115 110 0 0
148 115 111 0 0
149 115 112 0 0
150 115 113 0 0
151 115 114 0 0
152 116 114 0 0
153 116 115 0 0
154 116 116 0 0
155 116 117 0 0
156 116 118 0 0
157 116 119 0 0
158 116 120 0 0
159 116 121 0 0
160 116 122 0 0
161 116 123 0 0
162 116 124 0 0
163 117 124 0 0
164 117 125 0 0
165 117 126 0 0
166 117 127 0 0
167 117 128 0 0
168 117 129 0 0
169 117 130 0 0
170 117 131 0 0
171 117 132 0 0
172 117 133 0 0
173 117 134 0 0
174 117 135 0 0
175 117 136 0 0
176 117 137 0 0
177 116 137 0 0
178 116 138 0 0
179 116 139 0 0
180 116 140 0 0
181 116 141 0 0
182 116 142 0 0
183 116 143 0 0
184 116 144 0 0
185 116 145 0 0
186 116 146 0 0
187 116 147 0 0
188 116 148 0 0
189 116 149 0 0
190 116 150 0 0
191 116 151 0 0
192 116 152 0 0
193 116 153 0 0
194 116 154 0 0
195 116 155 0 0
196 116 156 0 0
197 116 157 0 0
198 116 158 0 0
199 117 158 0 0
200 117 159 0 0
201 117 160 0 0
202 117 161 0 0
203 117 162 0 0
204 117 163 0 0
205 117 164 0 0
206 117 165 0 0
207 117 166 0 0
208 117 167 0 0
209 117 168 0 0
210 117 169 0 0
211 117 170 0 0
212 117 171 0 0
213 118 171 0 0
214 118 172 0 0
215 118 173 0 0
216 118 174 0 0
217 118 175 0 0
218 118 176 0 0
219 118 177 0 0
220 118 178 0 0
221 118 179 0 0
222 118 180 0 0
223 118 181 0 0
224 118 182 0 0
225 119 182 0 0
226 119 183 0 0
227 119 184 0 0
228 119 185 0 0
229 119 186 0 0
230 119 187 0 0
231 119 188 0 0
232 119 189 0 0
233 119 190 0 0
234 119 191 0 0
235 119 192 0 0
236 119 193 0 0
237 119 194 0 0
238 119 195 0 0
239 119 196 0 0
240 119 197 0 0
241 120 197 0 0
242 120 198 0 0
243 120 199 0 0
244 120 200 0 0
245 120 201 0 0
246 120 202 0 0
247 120 203 0 0
248 120 204 0 0
249 120 205 0 0
250 120 206 0 0
251 120 207 0 0
252 121 207 0 0
253 121 208 0 0
254 121 209 0 0
255 121 210 0 0
256 121 211 0 0
257 121 212 0 0
258 121 213 0 0
259 121 214 0 0
260 121 215 0 0
261 121 216 0 0
262 121 217 0 0
263 121 218 0 0
264 121 219 0 0
265 121 220 0 0
266 121 221 0 0
267 121 222 0 0
268 121 223 0 0
269 121 224 0 0
270 122 224 0 0
271 122 225 0 0
272 122 226 0 0
273 122 227 0 0
274 122 228 0 0
275 122 229 0 0
276 122 230 0 0
277 122 231 0 0
278 122 232 0 0
279 122 233 0 0
280 122 234 0 0
