0 87 235 0 0
1 87 234 0 0
2 87 233 0 0
3 87 232 0 0
4 86 232 0 0
5 86 231 0 0
6 87 231 0 0
7 87 230 0 0
8 86 230 0 0
9 86 229 0 0
10 86 228 0 0
11 86 227 0 0
12 86 226 0 0
13 86 225 0 0
14 86 224 0 0
15 86 223 0 0
16 86 222 0 0
17 86 221 0 0
18 86 220 0 0
19 86 219 0 0
20 86 218 0 0
21 86 217 0 0
22 86 216 0 0
23 86 215 0 0
24 86 214 0 0
25 86 213 0 0
26 86 212 0 0
27 86 211 0 0
28 86 210 0 0
29 86 209 0 0
30 87 209 0 0
31 87 208 0 0
32 87 207 0 0
33 87 206 0 0
34 87 205 0 0
35 87 204 0 0
36 87 203 0 0
37 88 203 0 0
38 88 202 0 0
39 88 201 0 0
40 88 200 0 0
41 88 199 0 0
42 88 198 0 0
43 88 197 0 0
44 88 196 0 0
45 89 196 0 0
46 89 195 0 0
47 89 194 0 0
48 89 193 0 0
49 89 192 0 0
50 89 191 0 0
51 89 190 0 0
52 89 189 0 0
53 89 188 0 0
54 89 187 0 0
55 89 186 0 0
56 88 186 0 0
57 88 185 0 0
58 88 184 0 0
59 88 183 0 0
60 88 182 0 0
61 87 182 0 0
62 87 181 0 0
63 87 180 0 0
64 87 179 0 0
65 87 178 0 0
66 87 177 0 0
67 86 177 0 0
68 86 176 0 0
69 86 175 0 0
70 86 174 0 0
71 86 173 0 0
72 85 173 0 0
73 85 172 0 0
74 85 171 0 0
75 85 170 0 0
76 84 170 0 0
77 84 169 0 0
78 84 168 0 0
79 84 167 0 0
80 84 166 0 0
81 83 166 0 0
82 83 165 0 0
83 83 164 0 0
84 83 163 0 0
85 82 163 0 0
86 82 162 0 0
87 82 161 0 0
88 82 160 0 0
89 82 159 0 0
90 82 158 0 0
91 82 157 0 0
92 82 156 0 0
93 82 155 0 0
94 82 154 0 0
95 82 153 0 0
96 82 152 0 0
97 82 151 0 0
98 81 151 0 0
99 81 150 0 0
100 81 149 0 0
101 81 148 0 0
102 81 147 0 0
103 81 146 0 0
104 81 145 0 0
105 81 144 0 0
106 81 143 0 0
107 81 142 0 0
108 81 141 0 0
109 81 140 0 0
110 81 139 0 0
111 80 139 0 0
112 80 138 0 0
113 80 137 0 0
114 80 136 0 0
115 80 135 0 0
116 80 134 0 0
117 80 133 0 0
118 80 132 0 0
119 80 131 0 0
120 80 130 0 0
121 80 129 0 0
122 80 128 0 0
123 80 127 0 0
124 80 126 0 0
125 80 125 0 0
126 80 124 0 0
127 80 123 0 0
128 80 122 0 0
129 80 121 0 0
130 80 120 0 0
131 80 119 0 0
132 80 118 0 0
133 80 117 0 0
134 79 117 0 0
135 79 116 0 0
136 78 116 0 0
137 78 115 0 0
138 77 115 0 0
139 76 115 0 0
140 76 114 0 0
141 75 114 0 0
142 75 113 0 0
143 74 113 0 0
144 73 113 0 0
145 73 112 0 0
146 72 112 0 0
147 71 112 0 0
148 70 112 0 0
149 70 111 0 0
150 69 111 0 0
151 68 111 0 0
152 67 111 0 0
153 66 111 0 0
154 66 110 0 0
155 65 110 0 0
156 64 110 0 0
157 63 110 0 0
158 63 109 0 0
159 62 109 0 0
160 61 109 0 0
161 60 109 0 0
162 59 109 0 0
163 58 109 0 0
164 57 109 0 0
165 56 109 0 0
166 55 109 0 0
167 54 109 0 0
168 53 109 0 0
169 52 109 0 0
170 51 109 0 0
171 50 109 0 0
172 49 109 0 0
173 48 109 0 0
174 47 109 0 0
175 46 109 0 0
176 45 109 0 0
177 44 109 0 0
178 43 109 0 0
179 42 109 0 0
180 41 109 0 0
181 40 109 0 0
182 39 109 0 0
183 38 109 0 0
184 37 109 0 0
185 36 109 0 0
186 35 109 0 0
187 34 109 0 0
188 33 109 0 0
189 32 109 0 0
190 31 109 0 0
191 30 109 0 0
192 29 109 0 0
193 28 109 0 0
194 27 109 0 0
195 26 109 0 0
196 25 109 0 0
197 24 109 0 0
198 23 109 0 0
199 22 109 0 0
200 21 109 0 0
201 20 109 0 0
202 19 109 0 0
203 18 109 0 0
204 17 109 0 0
205 16 109 0 0
206 15 109 0 0
207 14 109 0 0
208 13 109 0 0
209 12 109 0 0
210 11 109 0 0
211 10 109 0 0
212 9 109 0 0
213 8 109 0 0
214 8 110 0 0
215 7 110 0 0
216 6 110 0 0
217 5 110 0 0
218 4 110 0 0
