0 23200 46800 0 0
1 23200 46600 0 0
2 23200 46400 0 0
3 23200 46200 0 0
4 23200 46000 0 0
5 23200 45800 0 0
6 23200 45600 0 0
7 23200 45400 0 0
8 23200 45200 0 0
9 23200 45000 0 0
10 23400 45000 0 0
11 23200 45000 0 0
12 23200 44800 0 0
13 23200 44600 0 0
14 23200 44400 0 0
15 23200 44200 0 0
16 23200 44000 0 0
17 23200 43800 0 0
18 23200 43600 0 0
19 23200 43400 0 0
20 23200 43200 0 0
21 23200 43000 0 0
22 23200 42800 0 0
23 23200 42600 0 0
24 23400 42600 0 0
25 23400 42400 0 0
26 23400 42200 0 0
27 23400 42000 0 0
28 23400 41800 0 0
29 23400 41600 0 0
30 23400 41400 0 0
31 23400 41200 0 0
32 23400 41000 0 0
33 23400 40800 0 0
34 23400 40600 0 0
35 23400 40400 0 0
36 23200 40400 0 0
37 23200 40200 0 0
38 23200 40000 0 0
39 23200 39800 0 0
40 23200 39600 0 0
41 23200 39400 0 0
42 23000 39400 0 0
43 23000 39200 0 0
44 23000 39000 0 0
45 23000 38800 0 0
46 23000 38600 0 0
47 23000 38400 0 0
48 22800 38400 0 0
49 22800 38200 0 0
50 22800 38000 0 0
51 22800 37800 0 0
52 22800 37600 0 0
53 22600 37600 0 0
54 22600 37400 0 0
55 22600 37200 0 0
56 22600 37000 0 0
57 22600 36800 0 0
58 22400 36800 0 0
59 22400 36600 0 0
60 22400 36400 0 0
61 22400 36200 0 0
62 22400 36000 0 0
63 22400 35800 0 0
64 22200 35800 0 0
65 22200 35600 0 0
66 22200 35400 0 0
67 22200 35200 0 0
68 22200 35000 0 0
69 22000 35000 0 0
70 22000 34800 0 0
71 22000 34600 0 0
72 22000 34400 0 0
73 21800 34400 0 0
74 21800 34200 0 0
75 21800 34000 0 0
76 21800 33800 0 0
77 21600 33800 0 0
78 21600 33600 0 0
79 21600 33400 0 0
80 21600 33200 0 0
81 21400 33200 0 0
82 21400 33000 0 0
83 21400 32800 0 0
84 21400 32600 0 0
85 21200 32600 0 0
86 21200 32400 0 0
87 21200 32200 0 0
88 21200 32000 0 0
89 21000 32000 0 0
90 21000 31800 0 0
91 21000 31600 0 0
92 21000 31400 0 0
93 20800 31400 0 0
94 20800 31200 0 0
95 20800 31000 0 0
96 20600 31000 0 0
97 20600 30800 0 0
98 20600 30600 0 0
99 20600 30400 0 0
100 20600 30200 0 0
101 20400 30200 0 0
102 20400 30000 0 0
103 20400 29800 0 0
104 20400 29600 0 0
105 20200 29600 0 0
106 20200 29400 0 0
107 20200 29200 0 0
108 20200 29000 0 0
109 20000 29000 0 0
110 20000 28800 0 0
111 20000 28600 0 0
112 20000 28400 0 0
113 19800 28400 0 0
114 19800 28200 0 0
115 19800 28000 0 0
116 19800 27800 0 0
117 19800 27600 0 0
118 19600 27600 0 0
119 19600 27400 0 0
120 19600 27200 0 0
121 19600 27000 0 0
122 19600 26800 0 0
123 19400 26800 0 0
124 19400 26600 0 0
125 19400 26400 0 0
126 19200 26400 0 0
127 19200 26200 0 0
128 19200 26000 0 0
129 19200 25800 0 0
130 19200 25600 0 0
131 19000 25600 0 0
132 19000 25400 0 0
133 19000 25200 0 0
134 19000 25000 0 0
135 19000 24800 0 0
136 18800 24800 0 0
137 18800 24600 0 0
138 18800 24400 0 0
139 18800 24200 0 0
140 18600 24200 0 0
141 18600 24000 0 0
142 18600 23800 0 0
143 18600 23600 0 0
144 18600 23400 0 0
145 18600 23200 0 0
146 18600 23000 0 0
147 18600 22800 0 0
148 18600 22600 0 0
149 18600 22400 0 0
150 18600 22200 0 0
151 18600 22000 0 0
152 18600 21800 0 0
153 18600 21600 0 0
154 18600 21400 0 0
155 18600 21200 0 0
156 18600 21000 0 0
157 18400 21000 0 0
158 18400 20800 0 0
159 18400 20600 0 0
160 18400 20400 0 0
161 18400 20200 0 0
162 18400 20000 0 0
163 18400 19800 0 0
164 18400 19600 0 0
165 18400 19400 0 0
166 18400 19200 0 0
167 18400 19000 0 0
168 18400 18800 0 0
169 18400 18600 0 0
170 18400 18400 0 0
171 18400 18200 0 0
172 18400 18000 0 0
173 18400 17800 0 0
174 18600 17800 0 0
175 18600 17600 0 0
176 18600 17400 0 0
177 18800 17400 0 0
178 18800 17200 0 0
179 19000 17200 0 0
180 19000 17000 0 0
181 19000 16800 0 0
182 19000 16600 0 0
183 19000 16400 0 0
184 19000 16200 0 0
185 19200 16200 0 0
186 19200 16000 0 0
187 19200 15800 0 0
188 19200 15600 0 0
189 19200 15400 0 0
190 19200 15200 0 0
191 19200 15000 0 0
192 19400 15000 0 0
193 19400 14800 0 0
194 19400 14600 0 0
195 19400 14400 0 0
196 19400 14200 0 0
197 19400 14000 0 0
198 19400 13800 0 0
199 19400 13600 0 0
200 19400 13400 0 0
201 19400 13200 0 0
202 19400 13000 0 0
203 19400 12800 0 0
204 19400 12600 0 0
205 19400 12400 0 0
206 19400 12200 0 0
207 19400 12000 0 0
208 19400 11800 0 0
209 19400 11600 0 0
210 19400 11400 0 0
211 19400 11200 0 0
212 19400 11000 0 0
213 19400 10800 0 0
214 19400 10600 0 0
215 19400 10400 0 0
216 19400 10200 0 0
217 19400 10000 0 0
218 19400 9800 0 0
219 19400 9600 0 0
220 19400 9400 0 0
221 19400 9200 0 0
222 19400 9000 0 0
223 19200 9000 0 0
224 19200 8800 0 0
225 19200 8600 0 0
226 19200 8400 0 0
227 19200 8200 0 0
228 19200 8000 0 0
229 19200 7800 0 0
230 19200 7600 0 0
231 19200 7400 0 0
232 19200 7200 0 0
233 19200 7000 0 0
234 19200 6800 0 0
235 19200 6600 0 0
236 19200 6400 0 0
237 19200 6200 0 0
238 19200 6000 0 0
239 19200 5800 0 0
240 19200 5600 0 0
241 19200 5400 0 0
242 19200 5200 0 0
243 19200 5000 0 0
244 19200 4800 0 0
245 19200 4600 0 0
246 19200 4400 0 0
247 19200 4200 0 0
248 19000 4200 0 0
249 19000 4000 0 0
250 19000 3800 0 0
251 19000 3600 0 0
252 19000 3400 0 0
253 19000 3200 0 0
254 19000 3000 0 0
255 19000 2800 0 0
256 18800 2800 0 0
257 18800 2600 0 0
258 18800 2400 0 0
259 18800 2200 0 0
260 18800 2000 0 0
261 18800 1800 0 0
262 18800 1600 0 0
263 18800 1400 0 0
