0 3 99 0 0
1 3 100 0 0
2 4 100 0 0
3 5 100 0 0
4 6 100 0 0
5 7 100 0 0
6 8 100 0 0
7 9 100 0 0
8 10 100 0 0
9 11 100 0 0
10 12 100 0 0
11 13 100 0 0
12 14 100 0 0
13 15 100 0 0
14 16 100 0 0
15 17 100 0 0
16 18 100 0 0
17 19 100 0 0
18 20 100 0 0
19 21 100 0 0
20 22 100 0 0
21 22 101 0 0
22 23 101 0 0
23 24 101 0 0
24 25 101 0 0
25 26 101 0 0
26 27 101 0 0
27 28 101 0 0
28 29 101 0 0
29 30 101 0 0
30 31 101 0 0
31 32 101 0 0
32 33 101 0 0
33 34 101 0 0
34 35 101 0 0
35 36 101 0 0
36 37 101 0 0
37 38 101 0 0
38 39 101 0 0
39 40 101 0 0
40 41 101 0 0
41 42 101 0 0
42 43 101 0 0
43 44 101 0 0
44 45 101 0 0
45 46 101 0 0
46 47 101 0 0
47 48 101 0 0
48 49 101 0 0
49 49 100 0 0
50 50 100 0 0
51 51 100 0 0
52 52 100 0 0
53 53 100 0 0
54 54 100 0 0
55 55 100 0 0
56 56 100 0 0
57 56 99 0 0
58 57 99 0 0
59 58 99 0 0
60 59 99 0 0
61 60 99 0 0
62 61 99 0 0
63 62 99 0 0
64 62 98 0 0
65 63 98 0 0
66 64 98 0 0
67 65 98 0 0
68 66 98 0 0
69 66 97 0 0
70 67 97 0 0
71 68 97 0 0
72 68 96 0 0
73 69 96 0 0
74 70 96 0 0
75 70 95 0 0
76 71 95 0 0
77 72 95 0 0
78 72 94 0 0
79 73 94 0 0
80 74 94 0 0
81 75 94 0 0
82 75 93 0 0
83 76 93 0 0
84 77 93 0 0
85 77 92 0 0
86 78 92 0 0
87 79 92 0 0
88 80 92 0 0
89 80 91 0 0
90 81 91 0 0
91 82 91 0 0
92 82 90 0 0
93 83 90 0 0
94 84 90 0 0
95 85 90 0 0
96 85 89 0 0
97 86 89 0 0
98 86 88 0 0
99 87 88 0 0
100 88 88 0 0
101 88 87 0 0
102 89 87 0 0
103 89 86 0 0
104 90 86 0 0
105 90 85 0 0
106 91 85 0 0
107 91 84 0 0
108 92 84 0 0
109 92 83 0 0
110 93 83 0 0
111 94 83 0 0
112 95 83 0 0
113 96 83 0 0
114 97 83 0 0
115 98 83 0 0
116 99 83 0 0
117 100 83 0 0
118 101 83 0 0
119 102 83 0 0
120 103 83 0 0
121 104 83 0 0
122 105 83 0 0
123 106 83 0 0
124 106 82 0 0
125 106 83 0 0
126 107 83 0 0
127 107 84 0 0
128 108 84 0 0
129 109 84 0 0
130 109 85 0 0
131 110 85 0 0
132 111 85 0 0
133 111 86 0 0
134 112 86 0 0
135 113 86 0 0
136 113 87 0 0
137 114 87 0 0
138 114 88 0 0
139 114 89 0 0
140 115 89 0 0
141 115 90 0 0
142 115 91 0 0
143 115 92 0 0
144 116 92 0 0
145 116 93 0 0
146 116 94 0 0
147 116 95 0 0
148 117 95 0 0
149 117 96 0 0
150 117 97 0 0
151 117 98 0 0
152 117 99 0 0
153 117 100 0 0
154 117 101 0 0
155 117 102 0 0
156 117 103 0 0
157 117 104 0 0
158 117 105 0 0
159 117 106 0 0
160 117 107 0 0
161 117 108 0 0
162 117 109 0 0
163 117 110 0 0
164 117 111 0 0
165 117 112 0 0
166 117 113 0 0
167 117 114 0 0
168 117 115 0 0
169 117 116 0 0
170 117 117 0 0
171 117 118 0 0
172 117 119 0 0
173 117 120 0 0
174 117 121 0 0
175 117 122 0 0
176 117 123 0 0
177 117 124 0 0
178 117 125 0 0
179 116 125 0 0
180 116 126 0 0
181 116 127 0 0
182 116 128 0 0
183 116 129 0 0
184 116 130 0 0
185 116 131 0 0
186 116 132 0 0
187 116 133 0 0
188 115 133 0 0
189 115 134 0 0
190 115 135 0 0
191 115 136 0 0
192 115 137 0 0
193 115 138 0 0
194 115 139 0 0
195 115 140 0 0
196 115 141 0 0
197 114 141 0 0
198 114 142 0 0
199 114 143 0 0
200 114 144 0 0
201 114 145 0 0
202 114 146 0 0
203 114 147 0 0
204 113 147 0 0
205 113 148 0 0
206 113 149 0 0
207 113 150 0 0
208 113 151 0 0
209 113 152 0 0
210 113 153 0 0
211 113 154 0 0
212 113 155 0 0
213 113 156 0 0
214 113 157 0 0
215 114 157 0 0
216 114 158 0 0
217 114 159 0 0
218 114 160 0 0
219 114 161 0 0
220 114 162 0 0
221 114 163 0 0
222 114 164 0 0
223 114 165 0 0
224 114 166 0 0
225 114 167 0 0
226 114 168 0 0
227 114 169 0 0
228 114 170 0 0
229 115 170 0 0
230 115 171 0 0
231 115 172 0 0
232 115 173 0 0
233 115 174 0 0
234 115 175 0 0
235 115 176 0 0
236 115 177 0 0
237 115 178 0 0
238 115 179 0 0
239 116 179 0 0
240 116 180 0 0
241 116 181 0 0
242 116 182 0 0
243 116 183 0 0
244 116 184 0 0
245 116 185 0 0
246 116 186 0 0
247 116 187 0 0
248 117 187 0 0
249 117 188 0 0
250 117 189 0 0
251 117 190 0 0
252 117 191 0 0
253 117 192 0 0
254 117 193 0 0
255 117 194 0 0
256 118 194 0 0
257 118 195 0 0
258 118 196 0 0
259 118 197 0 0
260 118 198 0 0
261 118 199 0 0
262 118 200 0 0
263 118 201 0 0
264 119 201 0 0
265 119 202 0 0
266 119 203 0 0
267 119 204 0 0
268 119 205 0 0
269 119 206 0 0
270 119 207 0 0
271 119 208 0 0
272 119 209 0 0
273 119 210 0 0
274 119 211 0 0
275 119 212 0 0
276 119 213 0 0
277 119 214 0 0
278 119 215 0 0
279 119 216 0 0
280 119 217 0 0
281 119 218 0 0
282 119 219 0 0
283 119 220 0 0
284 119 221 0 0
285 119 222 0 0
286 119 223 0 0
287 119 224 0 0
288 119 225 0 0
289 119 226 0 0
290 119 227 0 0
291 119 228 0 0
292 119 229 0 0
293 119 230 0 0
294 119 231 0 0
295 119 232 0 0
296 119 233 0 0
297 119 234 0 0
