0 0 18200 0 0
1 200 18200 0 0
2 400 18200 0 0
3 600 18200 0 0
4 800 18200 0 0
5 800 18400 0 0
6 1000 18400 0 0
7 1200 18400 0 0
8 1400 18400 0 0
9 1600 18400 0 0
10 1800 18400 0 0
11 2000 18400 0 0
12 2200 18400 0 0
13 2400 18400 0 0
14 2600 18400 0 0
15 2800 18400 0 0
16 3000 18400 0 0
17 3200 18400 0 0
18 3400 18400 0 0
19 3600 18400 0 0
20 3800 18400 0 0
21 4000 18400 0 0
22 4200 18400 0 0
23 4400 18400 0 0
24 4600 18400 0 0
25 4800 18400 0 0
26 5000 18400 0 0
27 5000 18600 0 0
28 5200 18600 0 0
29 5400 18600 0 0
30 5600 18600 0 0
31 5800 18600 0 0
32 6000 18600 0 0
33 6200 18600 0 0
34 6400 18600 0 0
35 6400 18800 0 0
36 6600 18800 0 0
37 6800 18800 0 0
38 7000 18800 0 0
39 7200 18800 0 0
40 7400 18800 0 0
41 7600 18800 0 0
42 7800 18800 0 0
43 8000 18800 0 0
44 8200 18800 0 0
45 8400 18800 0 0
46 8600 18800 0 0
47 8800 18800 0 0
48 9000 18800 0 0
49 9200 18800 0 0
50 9400 18800 0 0
51 9600 18800 0 0
52 9800 18800 0 0
53 10000 18800 0 0
54 10200 18800 0 0
55 10400 18800 0 0
56 10400 18600 0 0
57 10600 18600 0 0
58 10800 18600 0 0
59 11000 18600 0 0
60 11200 18600 0 0
61 11400 18600 0 0
62 11600 18600 0 0
63 11800 18600 0 0
64 12000 18600 0 0
65 12200 18600 0 0
66 12400 18600 0 0
67 12600 18600 0 0
68 12800 18600 0 0
69 13000 18600 0 0
70 13200 18600 0 0
71 13400 18600 0 0
72 13600 18600 0 0
73 13800 18600 0 0
74 14000 18600 0 0
75 14200 18600 0 0
76 14400 18600 0 0
77 14600 18600 0 0
78 14800 18600 0 0
79 15000 18600 0 0
80 15200 18600 0 0
81 15400 18600 0 0
82 15600 18600 0 0
83 15800 18600 0 0
84 16000 18600 0 0
85 16200 18600 0 0
86 16400 18600 0 0
87 16400 18400 0 0
88 16600 18400 0 0
89 16800 18400 0 0
90 17000 18400 0 0
91 17200 18400 0 0
92 17400 18400 0 0
93 17600 18400 0 0
94 17800 18400 0 0
95 18000 18400 0 0
96 18200 18400 0 0
97 18400 18400 0 0
98 18600 18400 0 0
99 18800 18400 0 0
100 19000 18400 0 0
101 19200 18400 0 0
102 19400 18400 0 0
103 19600 18400 0 0
104 19800 18400 0 0
105 20000 18400 0 0
106 20000 18200 0 0
107 20200 18200 0 0
108 20400 18200 0 0
109 20600 18200 0 0
110 20800 18200 0 0
111 21000 18200 0 0
112 21200 18200 0 0
113 21400 18200 0 0
114 21600 18200 0 0
115 21800 18200 0 0
116 22000 18200 0 0
117 22200 18200 0 0
118 22400 18200 0 0
119 22600 18200 0 0
120 22800 18200 0 0
121 23000 18200 0 0
122 23200 18200 0 0
123 23400 18200 0 0
124 23600 18200 0 0
125 23800 18200 0 0
126 24000 18200 0 0
127 24200 18200 0 0
128 24400 18200 0 0
129 24600 18200 0 0
130 24800 18200 0 0
131 25000 18200 0 0
132 25200 18200 0 0
133 25400 18200 0 0
134 25600 18200 0 0
135 25800 18200 0 0
136 26000 18200 0 0
137 26200 18200 0 0
138 26200 18000 0 0
139 26400 18000 0 0
140 26600 18000 0 0
141 26800 18000 0 0
142 27000 18000 0 0
143 27200 18000 0 0
144 27400 18000 0 0
145 27600 18000 0 0
146 27800 18000 0 0
147 28000 18000 0 0
148 28200 18000 0 0
149 28400 18000 0 0
150 28600 18000 0 0
151 28800 18000 0 0
152 29000 18000 0 0
153 29200 18000 0 0
154 29400 18000 0 0
155 29600 18000 0 0
156 29800 18000 0 0
157 30000 18000 0 0
158 30200 18000 0 0
159 30400 18000 0 0
160 30600 18000 0 0
161 30800 18000 0 0
162 31000 18000 0 0
163 31200 18000 0 0
164 31400 18000 0 0
165 31600 18000 0 0
166 31800 18000 0 0
167 32000 18000 0 0
168 32200 18000 0 0
169 32400 18000 0 0
170 32600 18000 0 0
171 32800 18000 0 0
172 32800 17800 0 0
173 33000 17800 0 0
174 33200 17800 0 0
175 33400 17800 0 0
176 33600 17800 0 0
177 33800 17800 0 0
178 34000 17800 0 0
179 34200 17800 0 0
180 34400 17800 0 0
181 34600 17800 0 0
182 34800 17800 0 0
183 35000 17800 0 0
184 35200 17800 0 0
185 35400 17800 0 0
186 35600 17800 0 0
187 35800 17800 0 0
188 36000 17800 0 0
189 36200 17800 0 0
190 36200 17600 0 0
191 36400 17600 0 0
192 36600 17600 0 0
193 36800 17600 0 0
194 37000 17600 0 0
195 37200 17600 0 0
196 37400 17600 0 0
197 37600 17600 0 0
198 37800 17600 0 0
199 38000 17600 0 0
200 38200 17600 0 0
201 38400 17600 0 0
202 38600 17600 0 0
203 38800 17600 0 0
204 39000 17600 0 0
205 39200 17600 0 0
