0 39400 15800 0 0
1 39200 15800 0 0
2 39000 15800 0 0
3 38800 15800 0 0
4 38800 15600 0 0
5 38600 15600 0 0
6 38400 15600 0 0
7 38400 15400 0 0
8 38200 15400 0 0
9 38000 15400 0 0
10 37800 15400 0 0
11 37600 15400 0 0
12 37400 15400 0 0
13 37400 15200 0 0
14 37200 15200 0 0
15 37000 15200 0 0
16 36800 15200 0 0
17 36600 15200 0 0
18 36600 15000 0 0
19 36400 15000 0 0
20 36200 15000 0 0
21 36000 15000 0 0
22 36000 14800 0 0
23 35800 14800 0 0
24 35800 14600 0 0
25 35600 14600 0 0
26 35400 14600 0 0
27 35400 14400 0 0
28 35200 14400 0 0
29 35000 14400 0 0
30 35000 14200 0 0
31 34800 14200 0 0
32 34600 14200 0 0
33 34600 14000 0 0
34 34400 14000 0 0
35 34400 13800 0 0
36 34200 13800 0 0
37 34000 13800 0 0
38 34000 13600 0 0
39 33800 13600 0 0
40 33800 13400 0 0
41 33600 13400 0 0
42 33600 13200 0 0
43 33400 13200 0 0
44 33200 13200 0 0
45 33200 13000 0 0
46 33000 13000 0 0
47 33000 12800 0 0
48 32800 12800 0 0
49 32800 12600 0 0
50 32600 12600 0 0
51 32600 12400 0 0
52 32400 12400 0 0
53 32400 12200 0 0
54 32400 12000 0 0
55 32200 12000 0 0
56 32200 11800 0 0
57 32200 11600 0 0
58 32200 11400 0 0
59 32000 11400 0 0
60 32000 11200 0 0
61 32000 11000 0 0
62 31800 11000 0 0
63 31800 10800 0 0
64 31800 10600 0 0
65 31800 10400 0 0
66 31800 10200 0 0
67 31600 10200 0 0
68 31600 10000 0 0
69 31600 9800 0 0
70 31400 9800 0 0
71 31400 9600 0 0
72 31400 9400 0 0
73 31400 9200 0 0
74 31400 9000 0 0
75 31200 9000 0 0
76 31200 8800 0 0
77 31200 8600 0 0
78 31200 8400 0 0
79 31000 8400 0 0
80 31000 8200 0 0
81 31000 8000 0 0
82 31000 7800 0 0
83 30800 7800 0 0
84 30800 7600 0 0
85 30800 7400 0 0
86 30800 7200 0 0
87 30800 7000 0 0
88 30800 6800 0 0
89 30600 6800 0 0
90 30600 6600 0 0
91 30600 6400 0 0
92 30600 6200 0 0
93 30400 6200 0 0
94 30400 6000 0 0
95 30200 6000 0 0
96 30200 5800 0 0
97 30200 5600 0 0
98 30000 5600 0 0
99 30000 5400 0 0
100 30000 5200 0 0
101 29800 5200 0 0
102 29800 5000 0 0
103 29800 4800 0 0
104 29800 4600 0 0
105 29600 4600 0 0
106 29600 4400 0 0
107 29400 4400 0 0
108 29400 4200 0 0
109 29200 4200 0 0
110 29200 4000 0 0
111 29000 4000 0 0
112 29000 3800 0 0
113 28800 3800 0 0
114 28800 3600 0 0
115 28800 3400 0 0
116 28600 3400 0 0
117 28600 3200 0 0
118 28600 3000 0 0
119 28400 3000 0 0
120 28400 2800 0 0
121 28400 2600 0 0
122 28400 2400 0 0
123 28200 2400 0 0
124 28200 2200 0 0
125 28000 2200 0 0
126 28000 2000 0 0
127 28000 1800 0 0
128 27800 1800 0 0
129 27800 1600 0 0
130 27800 1400 0 0
131 27600 1400 0 0
132 27600 1200 0 0
133 27600 1000 0 0
134 27400 1000 0 0
135 27400 800 0 0
136 27400 600 0 0
137 27400 400 0 0
