0 39200 15000 0 0
1 39000 15000 0 0
2 39000 14800 0 0
3 38800 14800 0 0
4 38600 14800 0 0
5 38400 14800 0 0
6 38200 14800 0 0
7 38000 14800 0 0
8 37800 14800 0 0
9 37600 14800 0 0
10 37400 14800 0 0
11 37200 14800 0 0
12 37200 14600 0 0
13 37000 14600 0 0
14 36800 14600 0 0
15 36600 14600 0 0
16 36400 14600 0 0
17 36200 14600 0 0
18 36000 14600 0 0
19 36000 14400 0 0
20 35800 14400 0 0
21 35600 14400 0 0
22 35400 14400 0 0
23 35200 14400 0 0
24 35200 14600 0 0
25 35000 14600 0 0
26 34800 14600 0 0
27 34600 14600 0 0
28 34400 14600 0 0
29 34200 14600 0 0
30 34200 14800 0 0
31 34000 14800 0 0
32 33800 14800 0 0
33 33600 14800 0 0
34 33400 14800 0 0
35 33200 14800 0 0
36 33000 14800 0 0
37 32800 14800 0 0
38 32800 15000 0 0
39 32600 15000 0 0
40 32400 15000 0 0
41 32200 15000 0 0
42 32000 15000 0 0
43 32000 15200 0 0
44 31800 15200 0 0
45 31600 15200 0 0
46 31400 15200 0 0
47 31200 15200 0 0
48 31200 15400 0 0
49 31000 15400 0 0
50 30800 15400 0 0
51 30600 15400 0 0
52 30400 15400 0 0
53 30400 15600 0 0
54 30200 15600 0 0
55 30000 15600 0 0
56 29800 15600 0 0
57 29600 15600 0 0
58 29600 15800 0 0
59 29400 15800 0 0
60 29200 15800 0 0
61 29000 15800 0 0
62 29000 16000 0 0
63 28800 16000 0 0
64 28600 16000 0 0
65 28400 16000 0 0
66 28400 16200 0 0
67 28200 16200 0 0
68 28000 16200 0 0
69 27800 16200 0 0
70 27600 16200 0 0
71 27600 16400 0 0
72 27400 16400 0 0
73 27200 16400 0 0
74 27000 16400 0 0
75 27000 16600 0 0
76 26800 16600 0 0
77 26600 16600 0 0
78 26400 16600 0 0
79 26200 16600 0 0
80 26200 16800 0 0
81 26000 16800 0 0
82 25800 16800 0 0
83 25600 16800 0 0
84 25400 16800 0 0
85 25200 16800 0 0
86 25000 16800 0 0
87 24800 16800 0 0
88 24600 16800 0 0
89 24400 16800 0 0
90 24400 16600 0 0
91 24200 16600 0 0
92 24200 16800 0 0
93 24000 16800 0 0
94 23800 16800 0 0
95 23600 16800 0 0
96 23400 16800 0 0
97 23200 16800 0 0
98 23000 16800 0 0
99 23000 17000 0 0
100 22800 17000 0 0
101 22600 17000 0 0
102 22400 17000 0 0
103 22200 17000 0 0
104 22000 17000 0 0
105 21800 17000 0 0
106 21800 17200 0 0
107 21600 17200 0 0
108 21400 17200 0 0
109 21200 17200 0 0
110 21000 17200 0 0
111 20800 17200 0 0
112 20600 17200 0 0
113 20400 17200 0 0
114 20200 17200 0 0
115 20200 17400 0 0
116 20000 17400 0 0
117 19800 17400 0 0
118 19600 17400 0 0
119 19400 17400 0 0
120 19200 17400 0 0
121 19000 17400 0 0
122 18800 17400 0 0
123 18600 17400 0 0
124 18400 17400 0 0
125 18400 17600 0 0
126 18200 17600 0 0
127 18000 17600 0 0
128 17800 17600 0 0
129 17600 17600 0 0
130 17400 17600 0 0
131 17200 17600 0 0
132 17000 17600 0 0
133 16800 17600 0 0
134 16600 17600 0 0
135 16400 17600 0 0
136 16200 17600 0 0
137 16200 17800 0 0
138 16000 17800 0 0
139 15800 17800 0 0
140 15600 17800 0 0
141 15400 17800 0 0
142 15200 17800 0 0
143 15000 17800 0 0
144 14800 17800 0 0
145 14600 17800 0 0
146 14400 17800 0 0
147 14200 17800 0 0
148 14000 17800 0 0
149 14000 18000 0 0
150 13800 18000 0 0
151 13600 18000 0 0
152 13400 18000 0 0
153 13200 18000 0 0
154 13000 18000 0 0
155 12800 18000 0 0
156 12600 18000 0 0
157 12400 18000 0 0
158 12200 18000 0 0
159 12200 18200 0 0
160 12000 18200 0 0
161 11800 18200 0 0
162 11600 18200 0 0
163 11400 18200 0 0
164 11200 18200 0 0
165 11000 18200 0 0
166 10800 18200 0 0
167 10600 18200 0 0
168 10400 18200 0 0
169 10200 18200 0 0
170 10200 18400 0 0
171 10000 18400 0 0
172 9800 18400 0 0
173 9600 18400 0 0
174 9400 18400 0 0
175 9200 18400 0 0
176 9000 18400 0 0
177 8800 18400 0 0
178 8600 18400 0 0
179 8400 18400 0 0
180 8200 18400 0 0
181 8200 18600 0 0
182 8000 18600 0 0
183 7800 18600 0 0
184 7600 18600 0 0
185 7400 18600 0 0
186 7200 18600 0 0
187 7000 18600 0 0
188 6800 18600 0 0
189 6600 18600 0 0
190 6400 18600 0 0
191 6200 18600 0 0
192 6200 18800 0 0
193 6000 18800 0 0
194 5800 18800 0 0
195 5600 18800 0 0
196 5400 18800 0 0
197 5200 18800 0 0
198 5000 18800 0 0
199 4800 18800 0 0
200 4600 18800 0 0
201 4400 18800 0 0
202 4200 18800 0 0
203 4000 18800 0 0
204 3800 18800 0 0
205 3600 18800 0 0
206 3400 18800 0 0
207 3200 18800 0 0
208 3000 18800 0 0
209 2800 18800 0 0
210 2600 18800 0 0
211 2400 18800 0 0
212 2200 18800 0 0
213 2000 18800 0 0
214 1800 18800 0 0
215 1600 18800 0 0
216 1400 18800 0 0
217 1200 18800 0 0
218 1000 18800 0 0
219 800 18800 0 0
220 600 18800 0 0
221 600 18600 0 0
222 400 18600 0 0
223 200 18600 0 0
