0 194 65 0 0
1 193 65 0 0
2 192 65 0 0
3 191 65 0 0
4 190 65 0 0
5 189 65 0 0
6 188 65 0 0
7 187 65 0 0
8 186 65 0 0
9 185 65 0 0
10 184 65 0 0
11 183 65 0 0
12 182 65 0 0
13 181 65 0 0
14 182 65 0 0
15 181 65 0 0
16 180 65 0 0
17 179 65 0 0
18 178 65 0 0
19 177 65 0 0
20 176 65 0 0
21 175 65 0 0
22 174 65 0 0
23 173 65 0 0
24 172 65 0 0
25 171 65 0 0
26 170 65 0 0
27 169 65 0 0
28 168 65 0 0
29 167 65 0 0
30 166 65 0 0
31 165 65 0 0
32 164 65 0 0
33 165 65 0 0
34 164 65 0 0
35 163 65 0 0
36 162 65 0 0
37 163 65 0 0
38 162 65 0 0
39 161 65 0 0
40 160 65 0 0
41 159 65 0 0
42 158 65 0 0
43 157 65 0 0
44 157 64 0 0
45 156 64 0 0
46 155 64 0 0
47 154 64 0 0
48 153 64 0 0
49 152 64 0 0
50 151 64 0 0
51 152 64 0 0
52 151 64 0 0
53 150 64 0 0
54 149 64 0 0
55 150 64 0 0
56 149 64 0 0
57 148 64 0 0
58 147 64 0 0
59 147 63 0 0
60 146 63 0 0
61 145 63 0 0
62 144 63 0 0
63 143 63 0 0
64 142 63 0 0
65 141 63 0 0
66 140 63 0 0
67 139 63 0 0
68 138 63 0 0
69 139 63 0 0
70 138 63 0 0
71 137 63 0 0
72 137 62 0 0
73 136 62 0 0
74 135 62 0 0
75 134 62 0 0
76 133 62 0 0
77 132 62 0 0
78 131 62 0 0
79 130 62 0 0
80 129 62 0 0
81 128 62 0 0
82 127 62 0 0
83 128 62 0 0
84 127 62 0 0
85 126 62 0 0
86 126 61 0 0
87 125 61 0 0
88 124 61 0 0
89 123 61 0 0
90 122 61 0 0
91 121 61 0 0
92 120 61 0 0
93 119 61 0 0
94 118 61 0 0
95 117 61 0 0
96 116 61 0 0
97 116 60 0 0
98 115 60 0 0
99 116 60 0 0
100 115 60 0 0
101 114 60 0 0
102 113 60 0 0
103 112 60 0 0
104 111 60 0 0
105 110 60 0 0
106 109 60 0 0
107 108 60 0 0
108 108 59 0 0
109 107 59 0 0
110 108 59 0 0
111 107 59 0 0
112 106 59 0 0
113 105 59 0 0
114 106 59 0 0
115 105 59 0 0
116 104 59 0 0
117 103 59 0 0
118 102 59 0 0
119 102 58 0 0
120 101 58 0 0
121 100 58 0 0
122 99 58 0 0
123 98 58 0 0
124 97 58 0 0
125 96 58 0 0
126 97 58 0 0
127 96 58 0 0
128 95 58 0 0
129 94 58 0 0
130 93 58 0 0
131 93 57 0 0
132 92 57 0 0
133 91 57 0 0
134 90 57 0 0
135 89 57 0 0
136 88 57 0 0
137 87 57 0 0
138 86 57 0 0
139 87 57 0 0
140 86 57 0 0
141 86 56 0 0
142 85 56 0 0
143 84 56 0 0
144 83 56 0 0
145 82 56 0 0
146 81 56 0 0
147 80 56 0 0
148 79 56 0 0
149 79 55 0 0
150 78 55 0 0
151 79 55 0 0
152 78 55 0 0
153 77 55 0 0
154 76 55 0 0
155 75 55 0 0
156 74 55 0 0
157 74 54 0 0
158 73 54 0 0
159 72 54 0 0
160 73 54 0 0
161 72 54 0 0
162 72 53 0 0
163 71 53 0 0
164 70 53 0 0
165 70 52 0 0
166 71 52 0 0
167 70 52 0 0
168 69 52 0 0
169 69 51 0 0
170 68 51 0 0
171 67 51 0 0
172 67 50 0 0
173 66 50 0 0
174 67 50 0 0
175 66 50 0 0
176 65 50 0 0
177 64 50 0 0
178 64 49 0 0
179 63 49 0 0
180 64 49 0 0
181 63 49 0 0
182 63 48 0 0
183 62 48 0 0
184 61 48 0 0
185 61 47 0 0
186 62 47 0 0
187 61 47 0 0
188 60 47 0 0
189 60 46 0 0
190 59 46 0 0
191 58 46 0 0
192 59 46 0 0
193 58 46 0 0
194 58 45 0 0
195 57 45 0 0
196 56 45 0 0
197 56 44 0 0
198 55 44 0 0
199 56 44 0 0
200 55 44 0 0
201 55 43 0 0
202 54 43 0 0
203 53 43 0 0
204 52 43 0 0
205 52 42 0 0
206 53 42 0 0
207 52 42 0 0
208 51 42 0 0
209 51 41 0 0
210 52 41 0 0
211 51 41 0 0
212 51 40 0 0
213 50 40 0 0
214 51 40 0 0
215 50 40 0 0
216 50 39 0 0
217 49 39 0 0
218 49 38 0 0
219 48 38 0 0
220 49 38 0 0
221 48 38 0 0
222 48 37 0 0
223 47 37 0 0
224 47 36 0 0
225 48 36 0 0
226 47 36 0 0
227 46 36 0 0
228 46 35 0 0
229 47 35 0 0
230 46 35 0 0
231 46 34 0 0
232 45 34 0 0
233 46 34 0 0
234 45 34 0 0
235 45 33 0 0
236 44 33 0 0
237 44 32 0 0
238 43 32 0 0
239 43 31 0 0
240 44 31 0 0
241 43 31 0 0
242 42 31 0 0
243 42 30 0 0
244 43 30 0 0
245 42 30 0 0
246 42 29 0 0
247 41 29 0 0
248 42 29 0 0
249 41 29 0 0
250 41 28 0 0
251 40 28 0 0
252 41 28 0 0
253 40 28 0 0
254 40 27 0 0
255 39 27 0 0
256 39 26 0 0
257 38 26 0 0
258 38 25 0 0
259 39 25 0 0
260 38 25 0 0
261 37 25 0 0
262 37 24 0 0
263 38 24 0 0
264 37 24 0 0
265 37 23 0 0
266 36 23 0 0
267 37 23 0 0
268 36 23 0 0
269 36 22 0 0
270 35 22 0 0
271 35 21 0 0
272 36 21 0 0
273 35 21 0 0
274 35 20 0 0
275 36 20 0 0
276 35 20 0 0
277 35 19 0 0
278 34 19 0 0
279 35 19 0 0
280 34 19 0 0
281 34 18 0 0
282 33 18 0 0
283 33 17 0 0
284 34 17 0 0
285 33 17 0 0
286 33 16 0 0
287 32 16 0 0
288 32 15 0 0
289 33 15 0 0
290 32 15 0 0
291 33 15 0 0
292 32 15 0 0
293 32 14 0 0
294 31 14 0 0
295 31 13 0 0
296 32 13 0 0
297 31 13 0 0
298 31 12 0 0
299 32 12 0 0
300 31 12 0 0
301 31 11 0 0
302 30 11 0 0
303 30 10 0 0
304 31 10 0 0
305 30 10 0 0
306 29 10 0 0
307 29 9 0 0
308 30 9 0 0
309 29 9 0 0
310 29 8 0 0
