0 196 65 0 0
1 195 65 0 0
2 194 65 0 0
3 193 65 0 0
4 194 65 0 0
5 193 65 0 0
6 192 65 0 0
7 191 65 0 0
8 190 65 0 0
9 189 65 0 0
10 190 65 0 0
11 189 65 0 0
12 189 64 0 0
13 188 64 0 0
14 187 64 0 0
15 186 64 0 0
16 185 64 0 0
17 186 64 0 0
18 185 64 0 0
19 184 64 0 0
20 183 64 0 0
21 182 64 0 0
22 183 64 0 0
23 182 64 0 0
24 181 64 0 0
25 180 64 0 0
26 179 64 0 0
27 178 64 0 0
28 177 64 0 0
29 176 64 0 0
30 177 64 0 0
31 176 64 0 0
32 175 64 0 0
33 175 65 0 0
34 174 65 0 0
35 173 65 0 0
36 172 65 0 0
37 171 65 0 0
38 172 65 0 0
39 171 65 0 0
40 170 65 0 0
41 169 65 0 0
42 168 65 0 0
43 167 65 0 0
44 166 65 0 0
45 167 65 0 0
46 166 65 0 0
47 165 65 0 0
48 164 65 0 0
49 163 65 0 0
50 162 65 0 0
51 161 65 0 0
52 162 65 0 0
53 161 65 0 0
54 160 65 0 0
55 160 64 0 0
56 159 64 0 0
57 158 64 0 0
58 159 64 0 0
59 158 64 0 0
60 157 64 0 0
61 156 64 0 0
62 155 64 0 0
63 154 64 0 0
64 153 64 0 0
65 153 63 0 0
66 154 63 0 0
67 153 63 0 0
68 152 63 0 0
69 151 63 0 0
70 150 63 0 0
71 151 63 0 0
72 150 63 0 0
73 149 63 0 0
74 148 63 0 0
75 148 62 0 0
76 147 62 0 0
77 146 62 0 0
78 147 62 0 0
79 146 62 0 0
80 145 62 0 0
81 144 62 0 0
82 143 62 0 0
83 142 62 0 0
84 141 62 0 0
85 142 62 0 0
86 141 62 0 0
87 140 62 0 0
88 139 62 0 0
89 138 62 0 0
90 137 62 0 0
91 136 62 0 0
92 137 62 0 0
93 136 62 0 0
94 136 61 0 0
95 135 61 0 0
96 134 61 0 0
97 133 61 0 0
98 132 61 0 0
99 133 61 0 0
100 132 61 0 0
101 131 61 0 0
102 130 61 0 0
103 129 61 0 0
104 128 61 0 0
105 127 61 0 0
106 126 61 0 0
107 127 61 0 0
108 126 61 0 0
109 125 61 0 0
110 124 61 0 0
111 123 61 0 0
112 124 61 0 0
113 123 61 0 0
114 122 61 0 0
115 122 60 0 0
116 121 60 0 0
117 120 60 0 0
118 121 60 0 0
119 120 60 0 0
120 119 60 0 0
121 118 60 0 0
122 117 60 0 0
123 116 60 0 0
124 117 60 0 0
125 116 60 0 0
126 115 60 0 0
127 114 60 0 0
128 113 60 0 0
129 112 60 0 0
130 113 60 0 0
131 112 60 0 0
132 111 60 0 0
133 110 60 0 0
134 109 60 0 0
135 108 60 0 0
136 109 60 0 0
137 108 60 0 0
138 108 59 0 0
139 107 59 0 0
140 106 59 0 0
141 105 59 0 0
142 106 59 0 0
143 105 59 0 0
144 104 59 0 0
145 103 59 0 0
146 104 59 0 0
147 103 59 0 0
148 102 59 0 0
149 101 59 0 0
150 100 59 0 0
151 100 58 0 0
152 101 58 0 0
153 100 58 0 0
154 99 58 0 0
155 98 58 0 0
156 97 58 0 0
157 98 58 0 0
158 97 58 0 0
159 96 58 0 0
160 95 58 0 0
161 96 58 0 0
162 95 58 0 0
163 94 58 0 0
164 93 58 0 0
165 92 58 0 0
166 92 57 0 0
167 93 57 0 0
168 92 57 0 0
169 91 57 0 0
170 90 57 0 0
171 89 57 0 0
172 90 57 0 0
173 89 57 0 0
174 88 57 0 0
175 87 57 0 0
176 88 57 0 0
177 87 57 0 0
178 86 57 0 0
179 85 57 0 0
180 85 56 0 0
181 84 56 0 0
182 85 56 0 0
183 84 56 0 0
184 83 56 0 0
185 82 56 0 0
186 83 56 0 0
187 82 56 0 0
188 81 56 0 0
189 80 56 0 0
190 79 56 0 0
191 80 56 0 0
192 79 56 0 0
193 78 56 0 0
194 77 56 0 0
195 77 55 0 0
196 76 55 0 0
197 77 55 0 0
198 76 55 0 0
199 75 55 0 0
200 74 55 0 0
201 75 55 0 0
202 74 55 0 0
203 73 55 0 0
204 72 55 0 0
205 71 55 0 0
206 72 55 0 0
207 71 55 0 0
208 71 54 0 0
209 70 54 0 0
210 69 54 0 0
211 68 54 0 0
212 69 54 0 0
213 68 54 0 0
214 67 54 0 0
215 66 54 0 0
216 65 54 0 0
217 66 54 0 0
218 65 54 0 0
219 64 54 0 0
220 63 54 0 0
221 64 54 0 0
222 63 54 0 0
223 63 53 0 0
224 62 53 0 0
225 61 53 0 0
226 62 53 0 0
227 61 53 0 0
228 60 53 0 0
229 59 53 0 0
230 58 53 0 0
231 59 53 0 0
232 58 53 0 0
233 57 53 0 0
234 56 53 0 0
235 55 53 0 0
236 55 52 0 0
237 56 52 0 0
238 55 52 0 0
239 54 52 0 0
240 53 52 0 0
241 52 52 0 0
242 53 52 0 0
243 52 52 0 0
244 51 52 0 0
245 50 52 0 0
246 51 52 0 0
247 50 52 0 0
248 49 52 0 0
249 49 51 0 0
250 48 51 0 0
251 47 51 0 0
252 48 51 0 0
253 47 51 0 0
254 46 51 0 0
255 45 51 0 0
256 46 51 0 0
257 45 51 0 0
258 44 51 0 0
259 43 51 0 0
260 42 51 0 0
261 41 51 0 0
262 42 51 0 0
263 41 51 0 0
264 40 51 0 0
265 40 50 0 0
266 41 50 0 0
267 40 50 0 0
268 39 50 0 0
269 38 50 0 0
270 37 50 0 0
271 37 49 0 0
272 38 49 0 0
273 37 49 0 0
274 36 49 0 0
275 35 49 0 0
276 36 49 0 0
277 35 49 0 0
278 35 48 0 0
279 34 48 0 0
280 33 48 0 0
281 34 48 0 0
282 33 48 0 0
283 33 47 0 0
284 32 47 0 0
285 33 47 0 0
286 32 47 0 0
287 31 47 0 0
288 30 47 0 0
289 30 46 0 0
290 31 46 0 0
291 30 46 0 0
292 29 46 0 0
293 28 46 0 0
294 28 45 0 0
295 29 45 0 0
296 28 45 0 0
297 27 45 0 0
298 26 45 0 0
299 27 45 0 0
300 26 45 0 0
301 25 45 0 0
302 25 44 0 0
303 24 44 0 0
304 25 44 0 0
305 24 44 0 0
306 23 44 0 0
307 23 43 0 0
308 22 43 0 0
309 23 43 0 0
310 22 43 0 0
311 21 43 0 0
312 20 43 0 0
313 20 42 0 0
314 21 42 0 0
315 20 42 0 0
316 19 42 0 0
317 18 42 0 0
318 18 41 0 0
319 19 41 0 0
320 18 41 0 0
321 17 41 0 0
322 16 41 0 0
323 17 41 0 0
324 16 41 0 0
325 16 40 0 0
326 15 40 0 0
327 16 40 0 0
328 15 40 0 0
329 14 40 0 0
330 14 39 0 0
331 13 39 0 0
332 14 39 0 0
333 13 39 0 0
334 12 39 0 0
335 12 38 0 0
336 13 38 0 0
337 12 38 0 0
338 11 38 0 0
339 11 37 0 0
340 12 37 0 0
341 11 37 0 0
342 10 37 0 0
343 11 37 0 0
344 10 37 0 0
345 10 36 0 0
346 9 36 0 0
347 8 36 0 0
348 8 35 0 0
349 9 35 0 0
350 8 35 0 0
351 7 35 0 0
352 8 35 0 0
353 7 35 0 0
354 7 34 0 0
355 6 34 0 0
356 5 34 0 0
357 6 34 0 0
358 5 34 0 0
359 5 33 0 0
360 4 33 0 0
