0 193 67 0 0
1 192 67 0 0
2 191 67 0 0
3 190 67 0 0
4 189 67 0 0
5 188 67 0 0
6 187 67 0 0
7 186 67 0 0
8 185 67 0 0
9 184 67 0 0
10 184 66 0 0
11 183 66 0 0
12 182 66 0 0
13 181 66 0 0
14 180 66 0 0
15 180 65 0 0
16 179 65 0 0
17 178 65 0 0
18 177 65 0 0
19 176 65 0 0
20 175 65 0 0
21 175 64 0 0
22 174 64 0 0
23 173 64 0 0
24 172 64 0 0
25 171 64 0 0
26 171 63 0 0
27 170 63 0 0
28 169 63 0 0
29 168 63 0 0
30 167 63 0 0
31 167 62 0 0
32 166 62 0 0
33 165 62 0 0
34 164 62 0 0
35 163 62 0 0
36 163 61 0 0
37 162 61 0 0
38 161 61 0 0
39 160 61 0 0
40 159 61 0 0
41 159 60 0 0
42 158 60 0 0
43 157 60 0 0
44 156 60 0 0
45 155 60 0 0
46 155 59 0 0
47 154 59 0 0
48 153 59 0 0
49 152 59 0 0
50 152 58 0 0
51 151 58 0 0
52 150 58 0 0
53 149 58 0 0
54 149 57 0 0
55 148 57 0 0
56 147 57 0 0
57 146 57 0 0
58 146 56 0 0
59 145 56 0 0
60 144 56 0 0
61 144 55 0 0
62 143 55 0 0
63 142 55 0 0
64 142 54 0 0
65 141 54 0 0
66 140 54 0 0
67 140 53 0 0
68 139 53 0 0
69 138 53 0 0
70 138 52 0 0
71 137 52 0 0
72 136 52 0 0
73 136 51 0 0
74 135 51 0 0
75 134 51 0 0
76 134 50 0 0
77 133 50 0 0
78 132 50 0 0
79 131 50 0 0
80 131 49 0 0
81 130 49 0 0
82 129 49 0 0
83 129 48 0 0
84 128 48 0 0
85 127 48 0 0
86 127 47 0 0
87 126 47 0 0
88 125 47 0 0
89 125 46 0 0
90 124 46 0 0
91 123 46 0 0
92 123 45 0 0
93 122 45 0 0
94 121 45 0 0
95 121 44 0 0
96 120 44 0 0
97 119 44 0 0
98 118 44 0 0
99 118 43 0 0
100 117 43 0 0
101 116 43 0 0
102 116 42 0 0
103 115 42 0 0
104 114 42 0 0
105 114 41 0 0
106 113 41 0 0
107 112 41 0 0
108 111 41 0 0
109 111 40 0 0
110 110 40 0 0
111 110 39 0 0
112 109 39 0 0
113 108 39 0 0
114 108 38 0 0
115 107 38 0 0
116 106 38 0 0
117 105 38 0 0
118 104 38 0 0
119 103 38 0 0
120 102 38 0 0
121 101 38 0 0
122 101 37 0 0
123 100 37 0 0
124 99 37 0 0
125 98 37 0 0
126 97 37 0 0
127 96 37 0 0
128 95 37 0 0
129 94 37 0 0
130 93 37 0 0
131 92 37 0 0
132 91 37 0 0
133 90 37 0 0
134 89 37 0 0
135 89 36 0 0
136 88 36 0 0
137 87 36 0 0
138 86 36 0 0
139 85 36 0 0
140 84 36 0 0
141 83 36 0 0
142 82 36 0 0
143 81 36 0 0
144 80 36 0 0
145 80 35 0 0
146 79 35 0 0
147 78 35 0 0
148 77 35 0 0
149 76 35 0 0
150 75 35 0 0
151 74 35 0 0
152 73 35 0 0
153 73 34 0 0
154 72 34 0 0
155 71 34 0 0
156 70 34 0 0
157 69 34 0 0
158 68 34 0 0
159 67 34 0 0
160 66 34 0 0
161 65 34 0 0
162 64 34 0 0
163 63 34 0 0
164 62 34 0 0
165 62 33 0 0
166 61 33 0 0
167 60 33 0 0
168 59 33 0 0
169 58 33 0 0
170 57 33 0 0
171 56 33 0 0
172 55 33 0 0
173 54 33 0 0
174 53 33 0 0
175 52 33 0 0
176 51 33 0 0
177 50 33 0 0
178 49 33 0 0
179 48 33 0 0
180 47 33 0 0
181 46 33 0 0
182 45 33 0 0
183 45 32 0 0
184 44 32 0 0
185 43 32 0 0
186 42 32 0 0
187 41 32 0 0
188 40 32 0 0
189 39 32 0 0
190 39 31 0 0
191 38 31 0 0
192 37 31 0 0
193 36 31 0 0
194 35 31 0 0
195 34 31 0 0
196 33 31 0 0
197 33 30 0 0
198 32 30 0 0
199 31 30 0 0
200 30 30 0 0
201 29 30 0 0
202 28 30 0 0
203 28 29 0 0
204 27 29 0 0
205 26 29 0 0
206 25 29 0 0
207 24 29 0 0
208 23 29 0 0
209 22 29 0 0
210 21 29 0 0
211 20 29 0 0
212 19 29 0 0
213 18 29 0 0
214 17 29 0 0
215 17 28 0 0
216 16 28 0 0
217 15 28 0 0
218 14 28 0 0
219 13 28 0 0
220 13 27 0 0
221 12 27 0 0
222 11 27 0 0
223 10 27 0 0
224 9 27 0 0
225 9 26 0 0
226 8 26 0 0
227 7 26 0 0
228 6 26 0 0
229 5 26 0 0
230 5 25 0 0
