0 38400 12800 0 0
1 38200 12800 0 0
2 38000 12800 0 0
3 37800 12800 0 0
4 37600 12800 0 0
5 37400 12800 0 0
6 37400 12600 0 0
7 37200 12600 0 0
8 37000 12600 0 0
9 36800 12600 0 0
10 36600 12600 0 0
11 36400 12600 0 0
12 36400 12400 0 0
13 36200 12400 0 0
14 36000 12400 0 0
15 35800 12400 0 0
16 35600 12400 0 0
17 35400 12400 0 0
18 35200 12400 0 0
19 35000 12400 0 0
20 35000 12200 0 0
21 34800 12200 0 0
22 34600 12200 0 0
23 34400 12200 0 0
24 34200 12200 0 0
25 34000 12200 0 0
26 34000 12000 0 0
27 33800 12000 0 0
28 33600 12000 0 0
29 33400 12000 0 0
30 33200 12000 0 0
31 33000 12000 0 0
32 33000 11800 0 0
33 32800 11800 0 0
34 32600 11800 0 0
35 32400 11800 0 0
36 32200 11800 0 0
37 32200 11600 0 0
38 32000 11600 0 0
39 31800 11600 0 0
40 31600 11600 0 0
41 31600 11400 0 0
42 31400 11400 0 0
43 31200 11400 0 0
44 31200 11200 0 0
45 31000 11200 0 0
46 30800 11200 0 0
47 30600 11200 0 0
48 30600 11000 0 0
49 30400 11000 0 0
50 30200 11000 0 0
51 30200 10800 0 0
52 30000 10800 0 0
53 29800 10800 0 0
54 29600 10800 0 0
55 29400 10800 0 0
56 29400 10600 0 0
57 29200 10600 0 0
58 29000 10600 0 0
59 28800 10600 0 0
60 28800 10400 0 0
61 28600 10400 0 0
62 28400 10400 0 0
63 28400 10200 0 0
64 28200 10200 0 0
65 28000 10200 0 0
66 28000 10000 0 0
67 27800 10000 0 0
68 27800 9800 0 0
69 27600 9800 0 0
70 27400 9800 0 0
71 27400 9600 0 0
72 27200 9600 0 0
73 27200 9400 0 0
74 27000 9400 0 0
75 26800 9400 0 0
76 26800 9200 0 0
77 26600 9200 0 0
78 26400 9200 0 0
79 26400 9000 0 0
80 26200 9000 0 0
81 26200 8800 0 0
82 26000 8800 0 0
83 25800 8800 0 0
84 25800 8600 0 0
85 25600 8600 0 0
86 25600 8400 0 0
87 25400 8400 0 0
88 25200 8400 0 0
89 25000 8400 0 0
90 24800 8400 0 0
91 24800 8200 0 0
92 24600 8200 0 0
93 24400 8200 0 0
94 24200 8200 0 0
95 24000 8200 0 0
96 23800 8200 0 0
97 23800 8000 0 0
98 23600 8000 0 0
99 23400 8000 0 0
100 23200 8000 0 0
101 23000 8000 0 0
102 22800 8000 0 0
103 22800 7800 0 0
104 22600 7800 0 0
105 22400 7800 0 0
106 22200 7800 0 0
107 22000 7800 0 0
108 22000 7600 0 0
109 21800 7600 0 0
110 21600 7600 0 0
111 21400 7600 0 0
112 21200 7600 0 0
113 21200 7400 0 0
114 21000 7400 0 0
115 20800 7400 0 0
116 20600 7400 0 0
117 20400 7400 0 0
118 20200 7400 0 0
119 20000 7400 0 0
120 19800 7400 0 0
121 19800 7200 0 0
122 19600 7200 0 0
123 19400 7200 0 0
124 19200 7200 0 0
125 19000 7200 0 0
126 18800 7200 0 0
127 18600 7200 0 0
128 18400 7200 0 0
129 18200 7200 0 0
130 18000 7200 0 0
131 17800 7200 0 0
132 17600 7200 0 0
133 17400 7200 0 0
134 17400 7000 0 0
135 17200 7000 0 0
136 17000 7000 0 0
137 16800 7000 0 0
138 16600 7000 0 0
139 16400 7000 0 0
140 16200 7000 0 0
141 16000 7000 0 0
142 15800 7000 0 0
143 15600 7000 0 0
144 15400 7000 0 0
145 15200 7000 0 0
146 15000 7000 0 0
147 14800 7000 0 0
148 14600 7000 0 0
149 14400 7000 0 0
150 14200 7000 0 0
151 14000 7000 0 0
152 13800 7000 0 0
153 13600 7000 0 0
154 13400 7000 0 0
155 13200 7000 0 0
156 13000 7000 0 0
157 12800 7000 0 0
158 12600 7000 0 0
159 12400 7000 0 0
160 12200 7000 0 0
161 12000 7000 0 0
162 12000 6800 0 0
163 11800 6800 0 0
164 11600 6800 0 0
165 11400 6800 0 0
166 11200 6800 0 0
167 11000 6800 0 0
168 10800 6800 0 0
169 10600 6800 0 0
170 10400 6800 0 0
171 10200 6800 0 0
172 10000 6800 0 0
173 9800 6800 0 0
174 9600 6800 0 0
175 9400 6800 0 0
176 9200 6800 0 0
177 9000 6800 0 0
178 8800 6800 0 0
179 8600 6800 0 0
180 8400 6800 0 0
181 8200 6800 0 0
182 8000 6800 0 0
183 7800 6800 0 0
184 7600 6800 0 0
185 7600 6600 0 0
186 7400 6600 0 0
187 7200 6600 0 0
188 7000 6600 0 0
189 6800 6600 0 0
190 6600 6600 0 0
191 6400 6600 0 0
192 6200 6600 0 0
193 6000 6600 0 0
194 6000 6400 0 0
195 5800 6400 0 0
196 5600 6400 0 0
197 5400 6400 0 0
198 5200 6400 0 0
199 5200 6200 0 0
200 5000 6200 0 0
201 4800 6200 0 0
202 4600 6200 0 0
203 4400 6200 0 0
204 4400 6000 0 0
205 4200 6000 0 0
206 4000 6000 0 0
207 3800 6000 0 0
208 3600 6000 0 0
209 3600 5800 0 0
210 3400 5800 0 0
211 3200 5800 0 0
212 3000 5800 0 0
213 2800 5800 0 0
214 2800 5600 0 0
215 2600 5600 0 0
216 2400 5600 0 0
217 2200 5600 0 0
218 2000 5600 0 0
219 2000 5400 0 0
220 1800 5400 0 0
221 1600 5400 0 0
222 1400 5400 0 0
223 1400 5200 0 0
224 1200 5200 0 0
225 1000 5200 0 0
226 800 5200 0 0
