0 2400 28800 0 0
1 2400 28600 0 0
2 2400 28400 0 0
3 2400 28200 0 0
4 2400 28000 0 0
5 2400 27800 0 0
6 2400 27600 0 0
7 2400 27400 0 0
8 2400 27200 0 0
9 2400 27000 0 0
10 2400 26800 0 0
11 2400 26600 0 0
12 2400 26400 0 0
13 2600 26400 0 0
14 2600 26200 0 0
15 2600 26000 0 0
16 2600 25800 0 0
17 2600 25600 0 0
18 2600 25400 0 0
19 2600 25200 0 0
20 2600 25000 0 0
21 2600 24800 0 0
22 2600 24600 0 0
23 2600 24400 0 0
24 2600 24200 0 0
25 2600 24000 0 0
26 2600 23800 0 0
27 2800 23800 0 0
28 2800 23600 0 0
29 2800 23400 0 0
30 2800 23200 0 0
31 2800 23000 0 0
32 2800 22800 0 0
33 2800 22600 0 0
34 2800 22400 0 0
35 2800 22200 0 0
36 2800 22000 0 0
37 2800 21800 0 0
38 2800 21600 0 0
39 2800 21400 0 0
40 2800 21200 0 0
41 2800 21000 0 0
42 2800 20800 0 0
43 2800 20600 0 0
44 2800 20400 0 0
45 2800 20200 0 0
46 3000 20200 0 0
47 3000 20000 0 0
48 3000 19800 0 0
49 3000 19600 0 0
50 3000 19400 0 0
51 3000 19200 0 0
52 3000 19000 0 0
53 3000 18800 0 0
54 3000 18600 0 0
55 3000 18400 0 0
56 3000 18200 0 0
57 3000 18000 0 0
58 3000 17800 0 0
59 3000 17600 0 0
60 3000 17400 0 0
61 3200 17400 0 0
62 3200 17200 0 0
63 3200 17000 0 0
64 3200 16800 0 0
65 3200 16600 0 0
66 3200 16400 0 0
67 3200 16200 0 0
68 3200 16000 0 0
69 3200 15800 0 0
70 3200 15600 0 0
71 3200 15400 0 0
72 3200 15200 0 0
73 3200 15000 0 0
74 3400 15000 0 0
75 3400 14800 0 0
76 3400 14600 0 0
77 3400 14400 0 0
78 3400 14200 0 0
79 3400 14000 0 0
80 3400 13800 0 0
81 3400 13600 0 0
82 3400 13400 0 0
83 3400 13200 0 0
84 3400 13000 0 0
85 3400 12800 0 0
86 3400 12600 0 0
87 3400 12400 0 0
88 3400 12200 0 0
89 3400 12000 0 0
90 3400 11800 0 0
91 3600 11800 0 0
92 3600 11600 0 0
93 3600 11400 0 0
94 3600 11200 0 0
95 3600 11000 0 0
96 3600 10800 0 0
97 3600 10600 0 0
98 3600 10400 0 0
99 3600 10200 0 0
100 3600 10000 0 0
101 3600 9800 0 0
102 3800 9800 0 0
103 3800 9600 0 0
104 3800 9400 0 0
105 3800 9200 0 0
106 3800 9000 0 0
107 3800 8800 0 0
108 3800 8600 0 0
109 3800 8400 0 0
110 4000 8400 0 0
111 4000 8200 0 0
112 4000 8000 0 0
113 4000 7800 0 0
114 4000 7600 0 0
115 4000 7400 0 0
116 4000 7200 0 0
117 4200 7200 0 0
118 4200 7000 0 0
119 4200 6800 0 0
120 4200 6600 0 0
121 4200 6400 0 0
122 4200 6200 0 0
123 4200 6000 0 0
124 4400 6000 0 0
125 4400 5800 0 0
126 4400 5600 0 0
127 4400 5400 0 0
128 4400 5200 0 0
129 4400 5000 0 0
130 4400 4800 0 0
131 4400 4600 0 0
132 4600 4600 0 0
133 4600 4400 0 0
134 4600 4200 0 0
135 4600 4000 0 0
136 4600 3800 0 0
137 4600 3600 0 0
138 4800 3600 0 0
139 4800 3400 0 0
140 4600 3400 0 0
141 4600 3200 0 0
142 4600 3000 0 0
143 4600 2800 0 0
144 4600 2600 0 0
145 4600 2400 0 0
146 4600 2200 0 0
147 4600 2000 0 0
148 4600 1800 0 0
149 4600 1600 0 0
150 4600 1400 0 0
151 4600 1200 0 0
152 4600 1000 0 0
153 4400 1000 0 0
