0 26 4 0 0
1 27 4 0 0
2 28 4 0 0
3 28 5 0 0
4 29 5 0 0
5 29 6 0 0
6 30 6 0 0
7 30 7 0 0
8 31 7 0 0
9 31 8 0 0
10 32 8 0 0
11 32 9 0 0
12 33 9 0 0
13 34 9 0 0
14 34 10 0 0
15 35 10 0 0
16 35 11 0 0
17 36 11 0 0
18 36 12 0 0
19 37 12 0 0
20 37 13 0 0
21 38 13 0 0
22 39 13 0 0
23 39 14 0 0
24 40 14 0 0
25 41 14 0 0
26 41 15 0 0
27 42 15 0 0
28 43 15 0 0
29 43 16 0 0
30 44 16 0 0
31 45 16 0 0
32 45 17 0 0
33 46 17 0 0
34 47 17 0 0
35 48 17 0 0
36 48 18 0 0
37 49 18 0 0
38 50 18 0 0
39 50 19 0 0
40 51 19 0 0
41 52 19 0 0
42 53 19 0 0
43 54 19 0 0
44 54 20 0 0
45 55 20 0 0
46 56 20 0 0
47 56 21 0 0
48 57 21 0 0
49 58 21 0 0
50 59 21 0 0
51 59 22 0 0
52 60 22 0 0
53 61 22 0 0
54 62 22 0 0
55 62 23 0 0
56 63 23 0 0
57 64 23 0 0
58 64 24 0 0
59 65 24 0 0
60 66 24 0 0
61 67 24 0 0
62 67 25 0 0
63 68 25 0 0
64 69 25 0 0
65 69 26 0 0
66 70 26 0 0
67 71 26 0 0
68 72 26 0 0
69 72 27 0 0
70 73 27 0 0
71 74 27 0 0
72 74 28 0 0
73 75 28 0 0
74 76 28 0 0
75 77 28 0 0
76 78 28 0 0
77 79 28 0 0
78 80 28 0 0
79 80 27 0 0
80 81 27 0 0
81 82 27 0 0
82 82 26 0 0
83 83 26 0 0
84 84 26 0 0
85 85 26 0 0
86 86 26 0 0
87 87 26 0 0
88 88 26 0 0
89 89 26 0 0
90 90 26 0 0
91 91 26 0 0
92 92 26 0 0
93 92 27 0 0
94 93 27 0 0
95 94 27 0 0
96 94 28 0 0
97 95 28 0 0
98 95 27 0 0
99 95 26 0 0
100 96 26 0 0
101 96 25 0 0
102 97 25 0 0
103 97 26 0 0
104 98 26 0 0
105 99 26 0 0
106 100 26 0 0
107 101 26 0 0
108 102 26 0 0
109 103 26 0 0
110 103 27 0 0
111 104 27 0 0
112 105 27 0 0
113 106 27 0 0
114 107 27 0 0
115 108 27 0 0
116 109 27 0 0
117 109 28 0 0
118 110 28 0 0
119 111 28 0 0
120 112 28 0 0
121 112 29 0 0
122 113 29 0 0
123 114 29 0 0
124 115 29 0 0
125 116 29 0 0
126 116 30 0 0
127 117 30 0 0
128 118 30 0 0
129 119 30 0 0
130 120 30 0 0
131 120 31 0 0
132 121 31 0 0
133 122 31 0 0
134 123 31 0 0
135 123 32 0 0
136 124 32 0 0
137 124 33 0 0
138 125 33 0 0
139 126 33 0 0
140 126 34 0 0
141 127 34 0 0
142 128 34 0 0
143 129 34 0 0
144 129 35 0 0
145 130 35 0 0
146 131 35 0 0
147 131 36 0 0
148 132 36 0 0
149 133 36 0 0
150 134 36 0 0
151 134 37 0 0
152 135 37 0 0
153 136 37 0 0
154 137 37 0 0
155 137 38 0 0
156 138 38 0 0
157 139 38 0 0
158 139 39 0 0
159 140 39 0 0
160 141 39 0 0
161 142 39 0 0
162 142 40 0 0
163 143 40 0 0
164 144 40 0 0
165 144 41 0 0
166 145 41 0 0
167 145 42 0 0
168 146 42 0 0
169 147 42 0 0
170 147 43 0 0
171 148 43 0 0
172 149 43 0 0
173 149 44 0 0
174 150 44 0 0
175 151 44 0 0
176 151 45 0 0
177 152 45 0 0
178 153 45 0 0
179 153 46 0 0
180 154 46 0 0
181 154 47 0 0
182 155 47 0 0
183 156 47 0 0
184 156 48 0 0
185 157 48 0 0
186 158 48 0 0
187 158 49 0 0
188 159 49 0 0
189 160 49 0 0
190 160 50 0 0
191 161 50 0 0
192 162 50 0 0
193 163 50 0 0
194 163 51 0 0
195 164 51 0 0
196 165 51 0 0
197 165 52 0 0
198 166 52 0 0
199 167 52 0 0
200 168 52 0 0
201 169 52 0 0
202 170 52 0 0
203 171 52 0 0
204 172 52 0 0
205 173 52 0 0
206 174 52 0 0
207 175 52 0 0
208 175 51 0 0
209 176 51 0 0
210 177 51 0 0
211 178 51 0 0
212 179 51 0 0
213 179 50 0 0
214 179 51 0 0
215 180 51 0 0
216 181 51 0 0
217 182 51 0 0
218 182 52 0 0
219 183 52 0 0
220 184 52 0 0
221 185 52 0 0
222 186 52 0 0
223 187 52 0 0
224 187 51 0 0
225 188 51 0 0
226 189 51 0 0
227 190 51 0 0
228 190 52 0 0
229 191 52 0 0
