0 193 62 0 0
1 192 62 0 0
2 193 62 0 0
3 192 62 0 0
4 191 62 0 0
5 192 62 0 0
6 191 62 0 0
7 190 62 0 0
8 189 62 0 0
9 190 62 0 0
10 189 62 0 0
11 188 62 0 0
12 189 62 0 0
13 188 62 0 0
14 187 62 0 0
15 186 62 0 0
16 187 62 0 0
17 186 62 0 0
18 185 62 0 0
19 186 62 0 0
20 185 62 0 0
21 184 62 0 0
22 185 62 0 0
23 184 62 0 0
24 183 62 0 0
25 182 62 0 0
26 183 62 0 0
27 182 62 0 0
28 181 62 0 0
29 182 62 0 0
30 181 62 0 0
31 180 62 0 0
32 179 62 0 0
33 180 62 0 0
34 179 62 0 0
35 178 62 0 0
36 177 62 0 0
37 178 62 0 0
38 177 62 0 0
39 176 62 0 0
40 177 62 0 0
41 176 62 0 0
42 175 62 0 0
43 176 62 0 0
44 175 62 0 0
45 174 62 0 0
46 173 62 0 0
47 174 62 0 0
48 173 62 0 0
49 172 62 0 0
50 171 62 0 0
51 172 62 0 0
52 171 62 0 0
53 170 62 0 0
54 171 62 0 0
55 170 62 0 0
56 169 62 0 0
57 168 62 0 0
58 169 62 0 0
59 168 62 0 0
60 167 62 0 0
61 166 62 0 0
62 167 62 0 0
63 166 62 0 0
64 165 62 0 0
65 166 62 0 0
66 165 62 0 0
67 164 62 0 0
68 163 62 0 0
69 164 62 0 0
70 163 62 0 0
71 162 62 0 0
72 161 62 0 0
73 160 62 0 0
74 161 62 0 0
75 160 62 0 0
76 159 62 0 0
77 158 62 0 0
78 159 62 0 0
79 158 62 0 0
80 157 62 0 0
81 158 62 0 0
82 157 62 0 0
83 156 62 0 0
84 155 62 0 0
85 156 62 0 0
86 155 62 0 0
87 154 62 0 0
88 153 62 0 0
89 154 62 0 0
90 153 62 0 0
91 152 62 0 0
92 151 62 0 0
93 150 62 0 0
94 151 62 0 0
95 150 62 0 0
96 149 62 0 0
97 148 62 0 0
98 149 62 0 0
99 148 62 0 0
100 147 62 0 0
101 147 61 0 0
102 148 61 0 0
103 147 61 0 0
104 146 61 0 0
105 147 61 0 0
106 146 61 0 0
107 145 61 0 0
108 146 61 0 0
109 145 61 0 0
110 144 61 0 0
111 143 61 0 0
112 144 61 0 0
113 143 61 0 0
114 142 61 0 0
115 143 61 0 0
116 142 61 0 0
117 142 60 0 0
118 141 60 0 0
119 142 60 0 0
120 141 60 0 0
121 140 60 0 0
122 141 60 0 0
123 140 60 0 0
124 139 60 0 0
125 138 60 0 0
126 139 60 0 0
127 138 60 0 0
128 137 60 0 0
129 136 60 0 0
130 137 60 0 0
131 136 60 0 0
132 135 60 0 0
133 136 60 0 0
134 135 60 0 0
135 135 59 0 0
136 134 59 0 0
137 135 59 0 0
138 134 59 0 0
139 133 59 0 0
140 134 59 0 0
141 133 59 0 0
142 132 59 0 0
143 131 59 0 0
144 132 59 0 0
145 131 59 0 0
146 130 59 0 0
147 131 59 0 0
148 130 59 0 0
149 129 59 0 0
150 128 59 0 0
151 129 59 0 0
152 128 59 0 0
153 127 59 0 0
154 128 59 0 0
155 127 59 0 0
156 126 59 0 0
157 125 59 0 0
158 126 59 0 0
159 125 59 0 0
160 125 58 0 0
161 124 58 0 0
162 125 58 0 0
163 124 58 0 0
164 123 58 0 0
165 124 58 0 0
166 123 58 0 0
167 122 58 0 0
168 121 58 0 0
169 122 58 0 0
170 121 58 0 0
171 120 58 0 0
172 121 58 0 0
173 120 58 0 0
174 119 58 0 0
175 118 58 0 0
176 119 58 0 0
177 118 58 0 0
178 117 58 0 0
179 118 58 0 0
180 117 58 0 0
181 116 58 0 0
182 117 58 0 0
183 116 58 0 0
184 115 58 0 0
185 116 58 0 0
186 115 58 0 0
187 114 58 0 0
188 113 58 0 0
189 114 58 0 0
190 113 58 0 0
191 112 58 0 0
192 111 58 0 0
193 112 58 0 0
194 111 58 0 0
195 110 58 0 0
196 111 58 0 0
197 110 58 0 0
198 109 58 0 0
199 109 57 0 0
200 110 57 0 0
201 109 57 0 0
202 108 57 0 0
203 109 57 0 0
204 108 57 0 0
205 107 57 0 0
206 108 57 0 0
207 107 57 0 0
208 106 57 0 0
209 105 57 0 0
210 106 57 0 0
211 105 57 0 0
212 104 57 0 0
213 103 57 0 0
214 104 57 0 0
215 103 57 0 0
216 102 57 0 0
217 103 57 0 0
218 102 57 0 0
219 101 57 0 0
220 102 57 0 0
221 101 57 0 0
222 100 57 0 0
223 101 57 0 0
224 100 57 0 0
225 99 57 0 0
226 98 57 0 0
227 99 57 0 0
228 98 57 0 0
229 97 57 0 0
230 98 57 0 0
231 97 57 0 0
232 96 57 0 0
233 97 57 0 0
234 96 57 0 0
235 95 57 0 0
236 96 57 0 0
237 95 57 0 0
238 94 57 0 0
239 94 56 0 0
240 93 56 0 0
241 94 56 0 0
242 93 56 0 0
243 92 56 0 0
244 93 56 0 0
245 92 56 0 0
246 91 56 0 0
247 92 56 0 0
248 91 56 0 0
249 90 56 0 0
250 91 56 0 0
251 90 56 0 0
252 89 56 0 0
253 90 56 0 0
254 89 56 0 0
255 88 56 0 0
256 89 56 0 0
257 88 56 0 0
258 87 56 0 0
259 88 56 0 0
260 87 56 0 0
261 86 56 0 0
262 87 56 0 0
263 86 56 0 0
264 85 56 0 0
265 86 56 0 0
266 85 56 0 0
267 84 56 0 0
268 83 56 0 0
269 83 55 0 0
270 84 55 0 0
271 83 55 0 0
272 82 55 0 0
273 83 55 0 0
274 82 55 0 0
275 83 55 0 0
276 82 55 0 0
277 81 55 0 0
278 80 55 0 0
279 81 55 0 0
280 80 55 0 0
281 79 55 0 0
282 80 55 0 0
283 79 55 0 0
284 78 55 0 0
285 79 55 0 0
286 78 55 0 0
287 77 55 0 0
288 78 55 0 0
289 77 55 0 0
290 76 55 0 0
291 75 55 0 0
292 76 55 0 0
293 75 55 0 0
294 74 55 0 0
295 73 55 0 0
296 74 55 0 0
297 73 55 0 0
298 72 55 0 0
299 71 55 0 0
300 72 55 0 0
301 71 55 0 0
302 70 55 0 0
303 71 55 0 0
304 70 55 0 0
305 69 55 0 0
306 68 55 0 0
307 69 55 0 0
308 68 55 0 0
309 67 55 0 0
310 68 55 0 0
311 67 55 0 0
312 66 55 0 0
313 67 55 0 0
314 66 55 0 0
315 65 55 0 0
316 66 55 0 0
317 65 55 0 0
318 64 55 0 0
319 63 55 0 0
320 64 55 0 0
321 63 55 0 0
322 64 55 0 0
323 63 55 0 0
324 62 55 0 0
325 61 55 0 0
326 62 55 0 0
327 61 55 0 0
328 60 55 0 0
329 61 55 0 0
330 60 55 0 0
331 59 55 0 0
332 60 55 0 0
333 59 55 0 0
334 58 55 0 0
335 59 55 0 0
336 58 55 0 0
337 57 55 0 0
338 58 55 0 0
339 57 55 0 0
340 57 54 0 0
341 56 54 0 0
342 57 54 0 0
343 56 54 0 0
344 55 54 0 0
345 56 54 0 0
346 55 54 0 0
347 54 54 0 0
348 53 54 0 0
349 54 54 0 0
350 53 54 0 0
351 52 54 0 0
352 53 54 0 0
353 52 54 0 0
354 51 54 0 0
355 52 54 0 0
356 51 54 0 0
357 50 54 0 0
358 51 54 0 0
359 50 54 0 0
360 49 54 0 0
361 50 54 0 0
362 49 54 0 0
363 48 54 0 0
364 49 54 0 0
365 48 54 0 0
366 47 54 0 0
367 46 54 0 0
368 47 54 0 0
369 46 54 0 0
370 45 54 0 0
371 46 54 0 0
372 45 54 0 0
373 44 54 0 0
374 45 54 0 0
375 44 54 0 0
376 43 54 0 0
377 44 54 0 0
378 43 54 0 0
379 42 54 0 0
380 43 54 0 0
381 42 54 0 0
382 41 54 0 0
383 42 54 0 0
384 41 54 0 0
385 41 53 0 0
386 42 53 0 0
387 41 53 0 0
388 40 53 0 0
389 41 53 0 0
390 40 53 0 0
391 39 53 0 0
392 40 53 0 0
393 39 53 0 0
394 38 53 0 0
395 39 53 0 0
396 38 53 0 0
397 38 52 0 0
398 39 52 0 0
399 38 52 0 0
400 37 52 0 0
401 38 52 0 0
402 37 52 0 0
403 36 52 0 0
404 37 52 0 0
405 36 52 0 0
406 35 52 0 0
407 36 52 0 0
408 35 52 0 0
409 35 51 0 0
410 36 51 0 0
411 35 51 0 0
412 34 51 0 0
413 35 51 0 0
414 34 51 0 0
415 33 51 0 0
416 34 51 0 0
417 33 51 0 0
418 32 51 0 0
419 33 51 0 0
420 32 51 0 0
421 32 50 0 0
422 33 50 0 0
423 32 50 0 0
424 31 50 0 0
425 32 50 0 0
426 31 50 0 0
427 30 50 0 0
428 31 50 0 0
429 30 50 0 0
430 29 50 0 0
431 30 50 0 0
432 29 50 0 0
433 28 50 0 0
434 29 50 0 0
435 28 50 0 0
436 29 50 0 0
437 28 50 0 0
438 28 49 0 0
439 27 49 0 0
440 28 49 0 0
441 27 49 0 0
442 28 49 0 0
443 27 49 0 0
444 26 49 0 0
445 27 49 0 0
446 26 49 0 0
447 25 49 0 0
448 25 48 0 0
449 26 48 0 0
450 25 48 0 0
451 26 48 0 0
452 25 48 0 0
453 24 48 0 0
454 24 47 0 0
455 25 47 0 0
456 24 47 0 0
457 23 47 0 0
458 24 47 0 0
459 23 47 0 0
460 23 46 0 0
461 24 46 0 0
462 23 46 0 0
463 22 46 0 0
464 23 46 0 0
465 22 46 0 0
466 22 45 0 0
467 21 45 0 0
468 22 45 0 0
469 21 45 0 0
470 22 45 0 0
471 21 45 0 0
472 21 44 0 0
473 20 44 0 0
474 21 44 0 0
475 20 44 0 0
476 21 44 0 0
477 20 44 0 0
478 19 44 0 0
479 19 43 0 0
480 20 43 0 0
481 19 43 0 0
482 20 43 0 0
483 19 43 0 0
484 18 43 0 0
485 18 42 0 0
486 19 42 0 0
487 18 42 0 0
488 17 42 0 0
489 18 42 0 0
490 17 42 0 0
491 17 41 0 0
492 18 41 0 0
493 17 41 0 0
494 16 41 0 0
495 17 41 0 0
496 16 41 0 0
497 16 40 0 0
498 17 40 0 0
499 16 40 0 0
500 15 40 0 0
501 16 40 0 0
502 15 40 0 0
503 16 40 0 0
504 15 40 0 0
505 15 39 0 0
506 14 39 0 0
507 15 39 0 0
508 14 39 0 0
509 13 39 0 0
510 13 38 0 0
511 14 38 0 0
512 13 38 0 0
513 14 38 0 0
514 13 38 0 0
515 12 38 0 0
516 12 37 0 0
517 13 37 0 0
518 12 37 0 0
