0 38400 13000 0 0
1 38200 13000 0 0
2 38000 13000 0 0
3 37800 13000 0 0
4 37600 13000 0 0
5 37400 13000 0 0
6 37200 13000 0 0
7 37000 13000 0 0
8 36800 13000 0 0
9 36600 13000 0 0
10 36400 13000 0 0
11 36200 13000 0 0
12 36000 13000 0 0
13 35800 13000 0 0
14 35600 13000 0 0
15 35400 13000 0 0
16 35400 13200 0 0
17 35200 13200 0 0
18 35000 13200 0 0
19 34800 13200 0 0
20 34600 13200 0 0
21 34600 13400 0 0
22 34400 13400 0 0
23 34200 13400 0 0
24 34000 13400 0 0
25 33800 13400 0 0
26 33800 13600 0 0
27 33600 13600 0 0
28 33400 13600 0 0
29 33200 13600 0 0
30 33000 13600 0 0
31 32800 13600 0 0
32 32600 13600 0 0
33 32600 13800 0 0
34 32400 13800 0 0
35 32200 13800 0 0
36 32000 13800 0 0
37 31800 13800 0 0
38 31800 14000 0 0
39 31600 14000 0 0
40 31400 14000 0 0
41 31200 14000 0 0
42 31000 14000 0 0
43 31000 14200 0 0
44 30800 14200 0 0
45 30600 14200 0 0
46 30400 14200 0 0
47 30200 14200 0 0
48 30200 14400 0 0
49 30000 14400 0 0
50 30000 14600 0 0
51 29800 14600 0 0
52 29600 14600 0 0
53 29600 14800 0 0
54 29400 14800 0 0
55 29400 15000 0 0
56 29200 15000 0 0
57 29000 15000 0 0
58 29000 15200 0 0
59 28800 15200 0 0
60 28600 15200 0 0
61 28600 15400 0 0
62 28400 15400 0 0
63 28200 15400 0 0
64 28000 15400 0 0
65 28000 15600 0 0
66 27800 15600 0 0
67 27600 15600 0 0
68 27600 15800 0 0
69 27400 15800 0 0
70 27200 15800 0 0
71 27000 15800 0 0
72 27000 16000 0 0
73 26800 16000 0 0
74 26600 16000 0 0
75 26400 16000 0 0
76 26200 16000 0 0
77 26000 16000 0 0
78 25800 16000 0 0
79 25600 16000 0 0
80 25400 16000 0 0
81 25200 16000 0 0
82 25000 16000 0 0
83 24800 16000 0 0
84 24600 16000 0 0
85 24400 16000 0 0
86 24200 16000 0 0
87 24000 16000 0 0
88 23800 16000 0 0
89 23600 16000 0 0
90 23400 16000 0 0
91 23200 16000 0 0
92 23000 16000 0 0
93 22800 16000 0 0
94 22600 16000 0 0
95 22400 16000 0 0
96 22200 16000 0 0
97 22000 16000 0 0
98 21800 16000 0 0
99 21600 16000 0 0
100 21400 16000 0 0
101 21200 16000 0 0
102 21000 16000 0 0
103 20800 16000 0 0
104 20600 16000 0 0
105 20400 16000 0 0
106 20200 16000 0 0
107 20000 16000 0 0
108 19800 16000 0 0
109 19600 16000 0 0
110 19400 16000 0 0
111 19200 16000 0 0
112 19000 16000 0 0
113 18800 16000 0 0
114 18800 15800 0 0
115 18800 16000 0 0
116 18600 16000 0 0
117 18400 16000 0 0
118 18200 16000 0 0
119 18000 16000 0 0
120 17800 16000 0 0
121 17600 16000 0 0
122 17400 16000 0 0
123 17200 16000 0 0
124 17000 16000 0 0
125 16800 16000 0 0
126 16600 16000 0 0
127 16400 16000 0 0
128 16200 16000 0 0
129 16000 16000 0 0
130 15800 16000 0 0
131 15600 16000 0 0
132 15400 16000 0 0
133 15200 16000 0 0
134 15000 16000 0 0
135 14800 16000 0 0
136 14600 16000 0 0
137 14400 16000 0 0
138 14200 16000 0 0
139 14000 16000 0 0
140 13800 16000 0 0
141 13600 16000 0 0
142 13400 16000 0 0
143 13200 16000 0 0
144 13200 15800 0 0
145 13000 15800 0 0
146 12800 15800 0 0
147 12600 15800 0 0
148 12400 15800 0 0
149 12200 15800 0 0
150 12000 15800 0 0
151 11800 15800 0 0
152 11600 15800 0 0
153 11600 15600 0 0
154 11400 15600 0 0
155 11200 15600 0 0
156 11000 15600 0 0
157 10800 15600 0 0
158 10600 15600 0 0
159 10400 15600 0 0
160 10200 15600 0 0
161 10000 15600 0 0
162 9800 15600 0 0
163 9800 15400 0 0
164 9600 15400 0 0
165 9400 15400 0 0
166 9200 15400 0 0
167 9000 15400 0 0
168 8800 15400 0 0
169 8600 15400 0 0
170 8400 15400 0 0
171 8200 15400 0 0
172 8000 15400 0 0
173 7800 15400 0 0
174 7600 15400 0 0
175 7400 15400 0 0
176 7200 15400 0 0
177 7000 15400 0 0
178 6800 15400 0 0
179 6600 15400 0 0
180 6400 15400 0 0
181 6400 15600 0 0
182 6200 15600 0 0
183 6000 15600 0 0
184 5800 15600 0 0
185 5600 15600 0 0
186 5400 15600 0 0
187 5200 15600 0 0
188 5000 15600 0 0
189 4800 15600 0 0
190 4600 15600 0 0
191 4400 15600 0 0
192 4400 15800 0 0
193 4200 15800 0 0
194 4000 15800 0 0
195 3800 15800 0 0
196 3600 15800 0 0
197 3400 15800 0 0
198 3200 15800 0 0
199 3000 15800 0 0
200 2800 15800 0 0
201 2600 15800 0 0
202 2600 16000 0 0
203 2400 16000 0 0
204 2200 16000 0 0
205 2000 16000 0 0
206 1800 16000 0 0
207 1600 16000 0 0
208 1400 16000 0 0
209 1400 16200 0 0
210 1200 16200 0 0
211 1000 16200 0 0
212 800 16200 0 0
