0 194 64 0 0
1 193 64 0 0
2 194 64 0 0
3 193 64 0 0
4 192 64 0 0
5 193 64 0 0
6 192 64 0 0
7 191 64 0 0
8 190 64 0 0
9 191 64 0 0
10 190 64 0 0
11 189 64 0 0
12 189 63 0 0
13 190 63 0 0
14 189 63 0 0
15 190 63 0 0
16 189 63 0 0
17 188 63 0 0
18 189 63 0 0
19 188 63 0 0
20 189 63 0 0
21 188 63 0 0
22 189 63 0 0
23 188 63 0 0
24 187 63 0 0
25 188 63 0 0
26 187 63 0 0
27 188 63 0 0
28 187 63 0 0
29 186 63 0 0
30 186 62 0 0
31 187 62 0 0
32 186 62 0 0
33 187 62 0 0
34 186 62 0 0
35 185 62 0 0
36 186 62 0 0
37 185 62 0 0
38 184 62 0 0
39 183 62 0 0
40 184 62 0 0
41 183 62 0 0
42 182 62 0 0
43 183 62 0 0
44 182 62 0 0
45 181 62 0 0
46 182 62 0 0
47 181 62 0 0
48 180 62 0 0
49 181 62 0 0
50 180 62 0 0
51 179 62 0 0
52 178 62 0 0
53 179 62 0 0
54 178 62 0 0
55 177 62 0 0
56 178 62 0 0
57 177 62 0 0
58 177 61 0 0
59 176 61 0 0
60 177 61 0 0
61 176 61 0 0
62 175 61 0 0
63 176 61 0 0
64 175 61 0 0
65 174 61 0 0
66 173 61 0 0
67 174 61 0 0
68 173 61 0 0
69 172 61 0 0
70 173 61 0 0
71 172 61 0 0
72 171 61 0 0
73 172 61 0 0
74 171 61 0 0
75 170 61 0 0
76 170 60 0 0
77 169 60 0 0
78 170 60 0 0
79 169 60 0 0
80 168 60 0 0
81 169 60 0 0
82 168 60 0 0
83 167 60 0 0
84 168 60 0 0
85 167 60 0 0
86 166 60 0 0
87 166 59 0 0
88 167 59 0 0
89 166 59 0 0
90 165 59 0 0
91 166 59 0 0
92 165 59 0 0
93 164 59 0 0
94 165 59 0 0
95 164 59 0 0
96 163 59 0 0
97 164 59 0 0
98 163 59 0 0
99 163 58 0 0
100 162 58 0 0
101 163 58 0 0
102 162 58 0 0
103 161 58 0 0
104 162 58 0 0
105 161 58 0 0
106 160 58 0 0
107 161 58 0 0
108 160 58 0 0
109 159 58 0 0
110 158 58 0 0
111 159 58 0 0
112 158 58 0 0
113 159 58 0 0
114 158 58 0 0
115 158 57 0 0
116 157 57 0 0
117 158 57 0 0
118 157 57 0 0
119 156 57 0 0
120 155 57 0 0
121 156 57 0 0
122 155 57 0 0
123 154 57 0 0
124 154 56 0 0
125 155 56 0 0
126 154 56 0 0
127 153 56 0 0
128 154 56 0 0
129 153 56 0 0
130 153 55 0 0
131 152 55 0 0
132 153 55 0 0
133 152 55 0 0
134 151 55 0 0
135 151 54 0 0
136 150 54 0 0
137 151 54 0 0
138 150 54 0 0
139 149 54 0 0
140 149 53 0 0
141 150 53 0 0
142 149 53 0 0
143 148 53 0 0
144 149 53 0 0
145 148 53 0 0
146 148 52 0 0
147 147 52 0 0
148 146 52 0 0
149 147 52 0 0
150 146 52 0 0
151 146 51 0 0
152 145 51 0 0
153 146 51 0 0
154 145 51 0 0
155 144 51 0 0
156 145 51 0 0
157 144 51 0 0
158 144 50 0 0
159 143 50 0 0
160 144 50 0 0
161 143 50 0 0
162 142 50 0 0
163 142 49 0 0
164 143 49 0 0
165 142 49 0 0
166 141 49 0 0
167 142 49 0 0
168 141 49 0 0
169 141 48 0 0
170 140 48 0 0
171 141 48 0 0
172 140 48 0 0
173 141 48 0 0
174 140 48 0 0
175 140 47 0 0
176 139 47 0 0
177 140 47 0 0
178 139 47 0 0
179 138 47 0 0
180 138 46 0 0
181 139 46 0 0
182 138 46 0 0
183 139 46 0 0
184 138 46 0 0
185 137 46 0 0
186 137 45 0 0
187 138 45 0 0
188 137 45 0 0
189 136 45 0 0
190 137 45 0 0
191 136 45 0 0
192 135 45 0 0
193 135 44 0 0
194 136 44 0 0
195 135 44 0 0
196 136 44 0 0
197 135 44 0 0
198 134 44 0 0
199 135 44 0 0
200 134 44 0 0
201 133 44 0 0
202 133 43 0 0
203 134 43 0 0
204 133 43 0 0
205 132 43 0 0
206 133 43 0 0
207 132 43 0 0
208 131 43 0 0
209 132 43 0 0
210 131 43 0 0
211 130 43 0 0
212 131 43 0 0
213 130 43 0 0
214 130 42 0 0
215 129 42 0 0
216 128 42 0 0
217 129 42 0 0
218 128 42 0 0
219 127 42 0 0
220 128 42 0 0
221 127 42 0 0
222 128 42 0 0
223 127 42 0 0
224 126 42 0 0
225 125 42 0 0
226 125 41 0 0
227 126 41 0 0
228 125 41 0 0
229 124 41 0 0
230 125 41 0 0
231 124 41 0 0
232 123 41 0 0
233 124 41 0 0
234 123 41 0 0
235 122 41 0 0
236 122 40 0 0
237 121 40 0 0
238 122 40 0 0
239 121 40 0 0
240 120 40 0 0
241 121 40 0 0
242 120 40 0 0
243 119 40 0 0
244 120 40 0 0
245 119 40 0 0
246 119 39 0 0
247 118 39 0 0
248 117 39 0 0
249 118 39 0 0
250 117 39 0 0
251 116 39 0 0
252 117 39 0 0
253 116 39 0 0
254 115 39 0 0
255 115 38 0 0
256 116 38 0 0
257 115 38 0 0
258 114 38 0 0
259 113 38 0 0
260 114 38 0 0
261 113 38 0 0
262 112 38 0 0
263 113 38 0 0
264 112 38 0 0
265 111 38 0 0
266 112 38 0 0
267 111 38 0 0
268 111 37 0 0
269 110 37 0 0
270 111 37 0 0
271 110 37 0 0
272 109 37 0 0
273 108 37 0 0
274 109 37 0 0
275 108 37 0 0
276 107 37 0 0
277 108 37 0 0
278 107 37 0 0
279 106 37 0 0
280 107 37 0 0
281 106 37 0 0
282 105 37 0 0
283 106 37 0 0
284 105 37 0 0
285 104 37 0 0
286 103 37 0 0
287 104 37 0 0
288 103 37 0 0
289 102 37 0 0
290 103 37 0 0
291 102 37 0 0
292 102 36 0 0
293 101 36 0 0
294 102 36 0 0
295 101 36 0 0
296 100 36 0 0
297 101 36 0 0
298 100 36 0 0
299 101 36 0 0
300 100 36 0 0
301 99 36 0 0
302 100 36 0 0
303 99 36 0 0
304 98 36 0 0
305 99 36 0 0
306 98 36 0 0
307 99 36 0 0
308 98 36 0 0
309 97 36 0 0
310 98 36 0 0
311 97 36 0 0
312 96 36 0 0
313 97 36 0 0
314 96 36 0 0
315 97 36 0 0
316 96 36 0 0
317 95 36 0 0
318 96 36 0 0
319 95 36 0 0
320 96 36 0 0
321 95 36 0 0
322 94 36 0 0
323 95 36 0 0
324 94 36 0 0
325 95 36 0 0
326 94 36 0 0
327 93 36 0 0
328 92 36 0 0
329 93 36 0 0
330 92 36 0 0
331 91 36 0 0
332 92 36 0 0
333 91 36 0 0
334 90 36 0 0
335 91 36 0 0
336 90 36 0 0
337 89 36 0 0
338 88 36 0 0
339 88 35 0 0
340 89 35 0 0
341 88 35 0 0
342 87 35 0 0
343 88 35 0 0
344 87 35 0 0
345 86 35 0 0
346 87 35 0 0
347 86 35 0 0
348 85 35 0 0
349 86 35 0 0
350 85 35 0 0
351 84 35 0 0
352 83 35 0 0
353 84 35 0 0
354 83 35 0 0
355 82 35 0 0
356 83 35 0 0
357 82 35 0 0
358 81 35 0 0
359 82 35 0 0
360 81 35 0 0
361 80 35 0 0
362 81 35 0 0
363 80 35 0 0
364 79 35 0 0
365 78 35 0 0
366 79 35 0 0
367 78 35 0 0
368 77 35 0 0
369 78 35 0 0
370 77 35 0 0
371 76 35 0 0
372 77 35 0 0
373 76 35 0 0
374 75 35 0 0
375 76 35 0 0
376 75 35 0 0
377 74 35 0 0
378 73 35 0 0
379 74 35 0 0
380 73 35 0 0
381 72 35 0 0
382 73 35 0 0
383 72 35 0 0
384 71 35 0 0
385 72 35 0 0
386 71 35 0 0
387 70 35 0 0
388 69 35 0 0
389 70 35 0 0
390 69 35 0 0
391 70 35 0 0
392 69 35 0 0
393 68 35 0 0
394 69 35 0 0
395 68 35 0 0
396 67 35 0 0
397 66 35 0 0
398 67 35 0 0
399 66 35 0 0
400 67 35 0 0
401 66 35 0 0
402 65 35 0 0
403 66 35 0 0
404 65 35 0 0
405 64 35 0 0
406 65 35 0 0
407 64 35 0 0
408 63 35 0 0
409 64 35 0 0
410 63 35 0 0
411 62 35 0 0
412 61 35 0 0
413 61 34 0 0
414 62 34 0 0
415 61 34 0 0
416 62 34 0 0
417 61 34 0 0
418 60 34 0 0
419 61 34 0 0
420 60 34 0 0
421 61 34 0 0
422 60 34 0 0
423 59 34 0 0
424 60 34 0 0
425 59 34 0 0
426 58 34 0 0
427 59 34 0 0
428 58 34 0 0
429 59 34 0 0
430 58 34 0 0
431 59 34 0 0
432 58 34 0 0
433 57 34 0 0
434 58 34 0 0
435 57 34 0 0
436 58 34 0 0
437 57 34 0 0
438 56 34 0 0
439 57 34 0 0
440 56 34 0 0
441 55 34 0 0
442 56 34 0 0
443 55 34 0 0
444 56 34 0 0
445 55 34 0 0
446 54 34 0 0
447 55 34 0 0
448 54 34 0 0
449 53 34 0 0
450 54 34 0 0
451 53 34 0 0
452 54 34 0 0
453 53 34 0 0
454 52 34 0 0
455 53 34 0 0
456 52 34 0 0
457 53 34 0 0
458 52 34 0 0
459 51 34 0 0
460 51 33 0 0
461 52 33 0 0
462 51 33 0 0
463 50 33 0 0
464 51 33 0 0
465 50 33 0 0
466 51 33 0 0
467 50 33 0 0
468 49 33 0 0
469 50 33 0 0
470 49 33 0 0
471 48 33 0 0
472 48 32 0 0
473 49 32 0 0
474 48 32 0 0
475 49 32 0 0
476 48 32 0 0
477 47 32 0 0
478 48 32 0 0
479 47 32 0 0
480 46 32 0 0
481 47 32 0 0
482 46 32 0 0
483 47 32 0 0
484 46 32 0 0
485 45 32 0 0
486 45 31 0 0
487 44 31 0 0
488 45 31 0 0
489 44 31 0 0
490 43 31 0 0
491 44 31 0 0
492 43 31 0 0
493 42 31 0 0
494 43 31 0 0
495 42 31 0 0
496 41 31 0 0
497 42 31 0 0
498 41 31 0 0
499 41 30 0 0
500 40 30 0 0
501 41 30 0 0
502 40 30 0 0
503 39 30 0 0
504 38 30 0 0
505 39 30 0 0
506 38 30 0 0
507 38 29 0 0
508 37 29 0 0
509 38 29 0 0
510 37 29 0 0
511 36 29 0 0
512 35 29 0 0
513 36 29 0 0
514 35 29 0 0
515 34 29 0 0
516 35 29 0 0
517 34 29 0 0
518 35 29 0 0
519 34 29 0 0
520 33 29 0 0
521 33 28 0 0
522 34 28 0 0
523 33 28 0 0
524 34 28 0 0
525 33 28 0 0
526 32 28 0 0
527 33 28 0 0
528 32 28 0 0
529 32 27 0 0
530 33 27 0 0
531 32 27 0 0
532 33 27 0 0
533 32 27 0 0
534 33 27 0 0
535 33 28 0 0
536 34 28 0 0
537 35 28 0 0
538 34 28 0 0
539 35 28 0 0
540 35 29 0 0
541 36 29 0 0
542 37 29 0 0
543 38 29 0 0
544 37 29 0 0
545 37 28 0 0
546 36 28 0 0
547 35 28 0 0
548 35 27 0 0
549 34 27 0 0
550 33 27 0 0
551 33 26 0 0
552 32 26 0 0
553 32 25 0 0
554 31 25 0 0
555 30 25 0 0
556 30 24 0 0
557 29 24 0 0
558 29 23 0 0
559 28 23 0 0
560 27 23 0 0
561 26 23 0 0
562 27 23 0 0
563 26 23 0 0
564 27 23 0 0
565 26 23 0 0
566 27 23 0 0
567 26 23 0 0
568 27 23 0 0
569 26 23 0 0
570 27 23 0 0
571 26 23 0 0
572 26 22 0 0
573 27 22 0 0
574 26 22 0 0
575 25 22 0 0
576 25 21 0 0
577 24 21 0 0
578 24 20 0 0
579 23 20 0 0
580 24 20 0 0
581 23 20 0 0
582 23 19 0 0
583 24 19 0 0
584 23 19 0 0
585 22 19 0 0
586 23 19 0 0
587 22 19 0 0
588 22 18 0 0
589 21 18 0 0
590 22 18 0 0
591 21 18 0 0
592 21 17 0 0
593 22 17 0 0
594 21 17 0 0
595 22 17 0 0
596 21 17 0 0
597 21 16 0 0
598 20 16 0 0
599 21 16 0 0
600 20 16 0 0
601 19 16 0 0
602 19 15 0 0
603 20 15 0 0
604 19 15 0 0
605 20 15 0 0
606 19 15 0 0
607 18 15 0 0
608 18 14 0 0
609 19 14 0 0
610 18 14 0 0
611 19 14 0 0
612 18 14 0 0
613 18 13 0 0
614 19 13 0 0
615 18 13 0 0
616 17 13 0 0
617 18 13 0 0
618 17 13 0 0
619 17 12 0 0
620 18 12 0 0
621 17 12 0 0
622 18 12 0 0
623 17 12 0 0
624 17 11 0 0
625 18 11 0 0
626 17 11 0 0
627 18 11 0 0
628 17 11 0 0
629 16 11 0 0
630 16 10 0 0
631 17 10 0 0
632 16 10 0 0
633 17 10 0 0
634 16 10 0 0
635 16 9 0 0
636 17 9 0 0
637 16 9 0 0
638 17 9 0 0
639 16 9 0 0
640 16 8 0 0
641 17 8 0 0
642 16 8 0 0
643 17 8 0 0
644 16 8 0 0
645 17 8 0 0
646 16 8 0 0
647 15 8 0 0
648 15 7 0 0
649 16 7 0 0
650 15 7 0 0
651 16 7 0 0
652 15 7 0 0
653 15 6 0 0
654 16 6 0 0
655 15 6 0 0
656 16 6 0 0
657 15 6 0 0
658 15 5 0 0
659 16 5 0 0
660 15 5 0 0
661 16 5 0 0
662 15 5 0 0
663 16 5 0 0
664 15 5 0 0
665 15 4 0 0
666 14 4 0 0
667 14 3 0 0
668 15 3 0 0
669 14 3 0 0
670 15 3 0 0
671 14 3 0 0
672 15 3 0 0
673 14 3 0 0
674 15 3 0 0
675 14 3 0 0
676 15 3 0 0
677 14 3 0 0
678 15 3 0 0
679 14 3 0 0
680 15 3 0 0
681 14 3 0 0
682 15 3 0 0
683 14 3 0 0
684 15 3 0 0
685 16 3 0 0
686 17 3 0 0
687 18 3 0 0
688 19 3 0 0
689 20 3 0 0
690 19 3 0 0
