0 28 2 0 0
1 28 3 0 0
2 29 3 0 0
3 30 3 0 0
4 29 3 0 0
5 30 3 0 0
6 29 3 0 0
7 29 4 0 0
8 30 4 0 0
9 29 4 0 0
10 30 4 0 0
11 31 4 0 0
12 30 4 0 0
13 30 5 0 0
14 31 5 0 0
15 30 5 0 0
16 31 5 0 0
17 30 5 0 0
18 30 6 0 0
19 31 6 0 0
20 30 6 0 0
21 31 6 0 0
22 30 6 0 0
23 31 6 0 0
24 31 7 0 0
25 32 7 0 0
26 31 7 0 0
27 32 7 0 0
28 31 7 0 0
29 31 8 0 0
30 32 8 0 0
31 31 8 0 0
32 32 8 0 0
33 33 8 0 0
34 32 8 0 0
35 33 8 0 0
36 32 8 0 0
37 32 9 0 0
38 33 9 0 0
39 32 9 0 0
40 33 9 0 0
41 34 9 0 0
42 33 9 0 0
43 33 10 0 0
44 34 10 0 0
45 33 10 0 0
46 34 10 0 0
47 33 10 0 0
48 34 10 0 0
49 34 11 0 0
50 35 11 0 0
51 34 11 0 0
52 35 11 0 0
53 34 11 0 0
54 35 11 0 0
55 35 12 0 0
56 36 12 0 0
57 35 12 0 0
58 36 12 0 0
59 35 12 0 0
60 36 12 0 0
61 35 12 0 0
62 35 13 0 0
63 36 13 0 0
64 37 13 0 0
65 36 13 0 0
66 37 13 0 0
67 36 13 0 0
68 36 14 0 0
69 37 14 0 0
70 36 14 0 0
71 37 14 0 0
72 38 14 0 0
73 37 14 0 0
74 38 14 0 0
75 38 15 0 0
76 39 15 0 0
77 40 15 0 0
78 40 16 0 0
79 41 16 0 0
80 42 16 0 0
81 41 16 0 0
82 42 16 0 0
83 41 16 0 0
84 42 16 0 0
85 41 16 0 0
86 42 16 0 0
87 41 16 0 0
88 42 16 0 0
89 41 16 0 0
90 41 17 0 0
91 42 17 0 0
92 41 17 0 0
93 42 17 0 0
94 41 17 0 0
95 42 17 0 0
96 41 17 0 0
97 42 17 0 0
98 43 17 0 0
99 42 17 0 0
100 43 17 0 0
101 43 18 0 0
102 44 18 0 0
103 43 18 0 0
104 44 18 0 0
105 43 18 0 0
106 44 18 0 0
107 45 18 0 0
108 44 18 0 0
109 45 18 0 0
110 46 18 0 0
111 45 18 0 0
112 45 19 0 0
113 46 19 0 0
114 45 19 0 0
115 46 19 0 0
116 47 19 0 0
117 46 19 0 0
118 47 19 0 0
119 48 19 0 0
120 47 19 0 0
121 48 19 0 0
122 47 19 0 0
123 47 20 0 0
124 48 20 0 0
125 49 20 0 0
126 48 20 0 0
127 49 20 0 0
128 50 20 0 0
129 49 20 0 0
130 50 20 0 0
131 49 20 0 0
132 50 20 0 0
133 50 21 0 0
134 51 21 0 0
135 50 21 0 0
136 51 21 0 0
137 52 21 0 0
138 51 21 0 0
139 52 21 0 0
140 51 21 0 0
141 52 21 0 0
142 53 21 0 0
143 52 21 0 0
144 52 22 0 0
145 53 22 0 0
146 54 22 0 0
147 53 22 0 0
148 54 22 0 0
149 53 22 0 0
150 54 22 0 0
151 55 22 0 0
152 54 22 0 0
153 55 22 0 0
154 56 22 0 0
155 55 22 0 0
156 55 23 0 0
157 56 23 0 0
158 55 23 0 0
159 56 23 0 0
160 57 23 0 0
161 56 23 0 0
162 57 23 0 0
163 58 23 0 0
164 57 23 0 0
165 56 23 0 0
166 57 23 0 0
167 56 23 0 0
168 57 23 0 0
169 56 23 0 0
170 57 23 0 0
171 58 23 0 0
172 59 23 0 0
173 60 23 0 0
174 60 24 0 0
175 61 24 0 0
176 62 24 0 0
177 63 24 0 0
178 62 24 0 0
179 62 25 0 0
180 63 25 0 0
181 64 25 0 0
182 63 25 0 0
183 64 25 0 0
184 63 25 0 0
185 64 25 0 0
186 65 25 0 0
187 64 25 0 0
188 65 25 0 0
189 66 25 0 0
190 65 25 0 0
191 66 25 0 0
192 67 25 0 0
193 66 25 0 0
194 67 25 0 0
195 66 25 0 0
196 67 25 0 0
197 68 25 0 0
198 67 25 0 0
199 68 25 0 0
200 69 25 0 0
201 68 25 0 0
202 69 25 0 0
203 70 25 0 0
204 69 25 0 0
205 70 25 0 0
206 71 25 0 0
207 70 25 0 0
208 71 25 0 0
209 72 25 0 0
210 71 25 0 0
211 72 25 0 0
212 71 25 0 0
213 72 25 0 0
214 73 25 0 0
215 72 25 0 0
216 73 25 0 0
217 74 25 0 0
218 73 25 0 0
219 74 25 0 0
220 75 25 0 0
221 74 25 0 0
222 75 25 0 0
223 76 25 0 0
224 75 25 0 0
225 76 25 0 0
226 76 26 0 0
227 77 26 0 0
228 78 26 0 0
229 79 26 0 0
230 79 27 0 0
231 80 27 0 0
232 79 27 0 0
233 80 27 0 0
234 79 27 0 0
235 80 27 0 0
236 79 27 0 0
237 80 27 0 0
238 79 27 0 0
239 80 27 0 0
240 79 27 0 0
241 80 27 0 0
242 80 26 0 0
243 81 26 0 0
244 80 26 0 0
245 80 27 0 0
246 81 27 0 0
247 80 27 0 0
248 81 27 0 0
249 82 27 0 0
250 81 27 0 0
251 82 27 0 0
252 83 27 0 0
253 82 27 0 0
254 83 27 0 0
255 84 27 0 0
256 83 27 0 0
257 84 27 0 0
258 85 27 0 0
259 84 27 0 0
260 85 27 0 0
261 86 27 0 0
262 85 27 0 0
263 86 27 0 0
264 87 27 0 0
265 86 27 0 0
266 87 27 0 0
267 86 27 0 0
268 87 27 0 0
269 88 27 0 0
270 89 27 0 0
271 88 27 0 0
272 89 27 0 0
273 88 27 0 0
274 89 27 0 0
275 90 27 0 0
276 89 27 0 0
277 90 27 0 0
278 91 27 0 0
279 90 27 0 0
280 91 27 0 0
281 92 27 0 0
282 91 27 0 0
283 92 27 0 0
284 93 27 0 0
285 92 27 0 0
286 93 27 0 0
287 94 27 0 0
288 93 27 0 0
289 94 27 0 0
290 95 27 0 0
291 94 27 0 0
292 95 27 0 0
293 96 27 0 0
294 95 27 0 0
295 96 27 0 0
296 97 27 0 0
297 96 27 0 0
298 97 27 0 0
299 98 27 0 0
300 97 27 0 0
301 98 27 0 0
302 97 27 0 0
303 98 27 0 0
304 98 28 0 0
305 99 28 0 0
306 98 28 0 0
307 99 28 0 0
308 100 28 0 0
309 99 28 0 0
310 100 28 0 0
311 101 28 0 0
312 100 28 0 0
313 101 28 0 0
314 100 28 0 0
315 101 28 0 0
316 102 28 0 0
317 101 28 0 0
318 102 28 0 0
319 103 28 0 0
320 102 28 0 0
321 103 28 0 0
322 104 28 0 0
323 103 28 0 0
324 103 29 0 0
325 104 29 0 0
326 103 29 0 0
327 104 29 0 0
328 105 29 0 0
329 104 29 0 0
330 105 29 0 0
331 106 29 0 0
332 105 29 0 0
333 106 29 0 0
334 107 29 0 0
335 106 29 0 0
336 107 29 0 0
337 108 29 0 0
338 107 29 0 0
339 108 29 0 0
340 107 29 0 0
341 108 29 0 0
342 109 29 0 0
343 108 29 0 0
344 109 29 0 0
345 110 29 0 0
346 109 29 0 0
347 110 29 0 0
348 111 29 0 0
349 110 29 0 0
350 110 30 0 0
351 111 30 0 0
352 112 30 0 0
353 111 30 0 0
354 112 30 0 0
355 111 30 0 0
356 112 30 0 0
357 113 30 0 0
358 112 30 0 0
359 113 30 0 0
360 114 30 0 0
361 113 30 0 0
362 114 30 0 0
363 115 30 0 0
364 114 30 0 0
365 115 30 0 0
366 116 30 0 0
367 115 30 0 0
368 116 30 0 0
369 115 30 0 0
370 115 31 0 0
371 116 31 0 0
372 117 31 0 0
373 116 31 0 0
374 117 31 0 0
375 118 31 0 0
376 117 31 0 0
377 118 31 0 0
378 119 31 0 0
379 118 31 0 0
380 119 31 0 0
381 118 31 0 0
382 119 31 0 0
383 120 31 0 0
384 119 31 0 0
385 120 31 0 0
386 121 31 0 0
387 120 31 0 0
388 121 31 0 0
389 121 32 0 0
390 122 32 0 0
391 121 32 0 0
392 122 32 0 0
393 121 32 0 0
394 122 32 0 0
395 122 33 0 0
396 123 33 0 0
397 122 33 0 0
398 123 33 0 0
399 122 33 0 0
400 123 33 0 0
401 124 33 0 0
402 123 33 0 0
403 124 33 0 0
404 123 33 0 0
405 123 34 0 0
406 124 34 0 0
407 125 34 0 0
408 124 34 0 0
409 125 34 0 0
410 126 34 0 0
411 125 34 0 0
412 126 34 0 0
413 125 34 0 0
414 126 34 0 0
415 126 35 0 0
416 127 35 0 0
417 126 35 0 0
418 127 35 0 0
419 126 35 0 0
420 127 35 0 0
421 128 35 0 0
422 127 35 0 0
423 128 35 0 0
424 129 35 0 0
425 128 35 0 0
426 128 36 0 0
427 129 36 0 0
428 130 36 0 0
429 129 36 0 0
430 130 36 0 0
431 130 37 0 0
432 131 37 0 0
433 130 37 0 0
434 131 37 0 0
435 130 37 0 0
436 131 37 0 0
437 132 37 0 0
438 131 37 0 0
439 132 37 0 0
440 132 38 0 0
441 133 38 0 0
442 132 38 0 0
443 133 38 0 0
444 132 38 0 0
445 133 38 0 0
446 134 38 0 0
447 133 38 0 0
448 133 39 0 0
449 134 39 0 0
450 135 39 0 0
451 134 39 0 0
452 135 39 0 0
453 136 39 0 0
454 135 39 0 0
455 135 40 0 0
456 136 40 0 0
457 135 40 0 0
458 136 40 0 0
459 137 40 0 0
460 136 40 0 0
461 137 40 0 0
462 136 40 0 0
463 136 41 0 0
464 137 41 0 0
465 138 41 0 0
466 137 41 0 0
467 138 41 0 0
468 139 41 0 0
469 138 41 0 0
470 138 42 0 0
471 139 42 0 0
472 138 42 0 0
473 139 42 0 0
474 140 42 0 0
475 139 42 0 0
476 140 42 0 0
477 140 43 0 0
478 141 43 0 0
479 140 43 0 0
480 141 43 0 0
481 140 43 0 0
482 141 43 0 0
483 142 43 0 0
484 141 43 0 0
485 142 43 0 0
486 143 43 0 0
487 142 43 0 0
488 142 44 0 0
489 143 44 0 0
490 142 44 0 0
491 143 44 0 0
492 144 44 0 0
493 143 44 0 0
494 144 44 0 0
495 144 45 0 0
496 145 45 0 0
497 144 45 0 0
498 145 45 0 0
499 144 45 0 0
500 145 45 0 0
501 146 45 0 0
502 145 45 0 0
503 146 45 0 0
504 146 46 0 0
505 147 46 0 0
506 146 46 0 0
507 147 46 0 0
508 146 46 0 0
509 147 46 0 0
510 148 46 0 0
511 147 46 0 0
512 147 47 0 0
513 148 47 0 0
514 149 47 0 0
515 148 47 0 0
516 149 47 0 0
517 148 47 0 0
518 149 47 0 0
519 150 47 0 0
520 149 47 0 0
521 149 48 0 0
522 150 48 0 0
523 151 48 0 0
524 150 48 0 0
525 151 48 0 0
526 150 48 0 0
527 151 48 0 0
528 151 49 0 0
529 152 49 0 0
530 151 49 0 0
531 152 49 0 0
532 151 49 0 0
533 152 49 0 0
534 153 49 0 0
535 152 49 0 0
536 153 49 0 0
537 153 50 0 0
538 154 50 0 0
539 153 50 0 0
540 154 50 0 0
541 153 50 0 0
542 154 50 0 0
543 155 50 0 0
544 154 50 0 0
545 155 50 0 0
546 156 50 0 0
547 155 50 0 0
548 156 50 0 0
549 155 50 0 0
550 156 50 0 0
551 157 50 0 0
552 158 50 0 0
553 157 50 0 0
554 158 50 0 0
555 157 50 0 0
556 157 51 0 0
557 158 51 0 0
558 159 51 0 0
559 158 51 0 0
560 159 51 0 0
561 158 51 0 0
562 159 51 0 0
563 160 51 0 0
564 161 51 0 0
565 160 51 0 0
566 161 51 0 0
567 160 51 0 0
568 161 51 0 0
569 162 51 0 0
570 161 51 0 0
571 162 51 0 0
572 161 51 0 0
573 162 51 0 0
574 163 51 0 0
575 163 52 0 0
576 164 52 0 0
577 163 52 0 0
578 164 52 0 0
579 163 52 0 0
580 164 52 0 0
581 165 52 0 0
582 164 52 0 0
583 165 52 0 0
584 166 52 0 0
585 165 52 0 0
586 166 52 0 0
587 167 52 0 0
588 166 52 0 0
589 167 52 0 0
590 166 52 0 0
591 167 52 0 0
592 168 52 0 0
593 167 52 0 0
594 168 52 0 0
595 168 53 0 0
596 169 53 0 0
597 168 53 0 0
598 169 53 0 0
599 170 53 0 0
600 169 53 0 0
601 170 53 0 0
602 171 53 0 0
603 170 53 0 0
604 171 53 0 0
605 170 53 0 0
606 171 53 0 0
607 172 53 0 0
608 171 53 0 0
609 172 53 0 0
610 173 53 0 0
611 172 53 0 0
612 173 53 0 0
613 174 53 0 0
614 173 53 0 0
615 174 53 0 0
616 173 53 0 0
617 174 53 0 0
618 175 53 0 0
619 174 53 0 0
620 175 53 0 0
621 176 53 0 0
622 175 53 0 0
623 176 53 0 0
624 177 53 0 0
625 176 53 0 0
626 177 53 0 0
627 176 53 0 0
628 177 53 0 0
629 178 53 0 0
630 177 53 0 0
631 178 53 0 0
632 179 53 0 0
633 178 53 0 0
634 179 53 0 0
635 180 53 0 0
636 179 53 0 0
637 180 53 0 0
638 181 53 0 0
639 180 53 0 0
640 181 53 0 0
641 180 53 0 0
642 181 53 0 0
643 182 53 0 0
644 181 53 0 0
645 182 53 0 0
646 183 53 0 0
647 182 53 0 0
648 183 53 0 0
649 184 53 0 0
650 183 53 0 0
651 184 53 0 0
652 183 53 0 0
653 184 53 0 0
654 185 53 0 0
655 184 53 0 0
656 185 53 0 0
657 186 53 0 0
658 185 53 0 0
659 186 53 0 0
660 187 53 0 0
661 186 53 0 0
662 187 53 0 0
663 188 53 0 0
664 187 53 0 0
665 188 53 0 0
666 189 53 0 0
667 188 53 0 0
668 189 53 0 0
669 190 53 0 0
670 189 53 0 0
671 190 53 0 0
672 191 53 0 0
673 190 53 0 0
674 191 53 0 0
675 192 53 0 0
676 191 53 0 0
677 192 53 0 0
678 193 53 0 0
679 192 53 0 0
680 193 53 0 0
681 192 53 0 0
682 193 53 0 0
683 194 53 0 0
684 193 53 0 0
685 194 53 0 0
686 193 53 0 0
687 193 54 0 0
688 194 54 0 0
689 195 54 0 0
690 194 54 0 0
691 195 54 0 0
