0 194 62 0 0
1 195 62 0 0
2 194 62 0 0
3 193 62 0 0
4 194 62 0 0
5 193 62 0 0
6 192 62 0 0
7 192 61 0 0
8 193 61 0 0
9 192 61 0 0
10 193 61 0 0
11 192 61 0 0
12 191 61 0 0
13 192 61 0 0
14 191 61 0 0
15 192 61 0 0
16 191 61 0 0
17 190 61 0 0
18 191 61 0 0
19 190 61 0 0
20 189 61 0 0
21 190 61 0 0
22 189 61 0 0
23 188 61 0 0
24 189 61 0 0
25 188 61 0 0
26 189 61 0 0
27 188 61 0 0
28 187 61 0 0
29 188 61 0 0
30 187 61 0 0
31 187 60 0 0
32 186 60 0 0
33 187 60 0 0
34 186 60 0 0
35 185 60 0 0
36 186 60 0 0
37 185 60 0 0
38 186 60 0 0
39 185 60 0 0
40 184 60 0 0
41 185 60 0 0
42 184 60 0 0
43 183 60 0 0
44 184 60 0 0
45 183 60 0 0
46 182 60 0 0
47 183 60 0 0
48 182 60 0 0
49 183 60 0 0
50 182 60 0 0
51 182 59 0 0
52 181 59 0 0
53 182 59 0 0
54 181 59 0 0
55 180 59 0 0
56 181 59 0 0
57 180 59 0 0
58 179 59 0 0
59 180 59 0 0
60 179 59 0 0
61 178 59 0 0
62 179 59 0 0
63 178 59 0 0
64 179 59 0 0
65 178 59 0 0
66 177 59 0 0
67 178 59 0 0
68 177 59 0 0
69 176 59 0 0
70 177 59 0 0
71 176 59 0 0
72 176 58 0 0
73 175 58 0 0
74 176 58 0 0
75 175 58 0 0
76 176 58 0 0
77 175 58 0 0
78 174 58 0 0
79 173 58 0 0
80 174 58 0 0
81 173 58 0 0
82 174 58 0 0
83 173 58 0 0
84 172 58 0 0
85 173 58 0 0
86 172 58 0 0
87 171 58 0 0
88 172 58 0 0
89 171 58 0 0
90 170 58 0 0
91 171 58 0 0
92 170 58 0 0
93 169 58 0 0
94 170 58 0 0
95 169 58 0 0
96 170 58 0 0
97 169 58 0 0
98 169 57 0 0
99 168 57 0 0
100 169 57 0 0
101 168 57 0 0
102 169 57 0 0
103 168 57 0 0
104 167 57 0 0
105 168 57 0 0
106 167 57 0 0
107 166 57 0 0
108 167 57 0 0
109 166 57 0 0
110 165 57 0 0
111 166 57 0 0
112 165 57 0 0
113 166 57 0 0
114 165 57 0 0
115 164 57 0 0
116 165 57 0 0
117 164 57 0 0
118 163 57 0 0
119 164 57 0 0
120 163 57 0 0
121 164 57 0 0
122 163 57 0 0
123 162 57 0 0
124 163 57 0 0
125 162 57 0 0
126 161 57 0 0
127 161 56 0 0
128 162 56 0 0
129 161 56 0 0
130 162 56 0 0
131 161 56 0 0
132 160 56 0 0
133 161 56 0 0
134 160 56 0 0
135 161 56 0 0
136 160 56 0 0
137 159 56 0 0
138 160 56 0 0
139 159 56 0 0
140 158 56 0 0
141 159 56 0 0
142 158 56 0 0
143 157 56 0 0
144 158 56 0 0
145 157 56 0 0
146 158 56 0 0
147 157 56 0 0
148 156 56 0 0
149 157 56 0 0
150 156 56 0 0
151 155 56 0 0
152 156 56 0 0
153 155 56 0 0
154 156 56 0 0
155 155 56 0 0
156 154 56 0 0
157 154 55 0 0
158 155 55 0 0
159 154 55 0 0
160 153 55 0 0
161 154 55 0 0
162 153 55 0 0
163 154 55 0 0
164 153 55 0 0
165 152 55 0 0
166 153 55 0 0
167 152 55 0 0
168 153 55 0 0
169 152 55 0 0
170 151 55 0 0
171 152 55 0 0
172 151 55 0 0
173 150 55 0 0
174 151 55 0 0
175 150 55 0 0
176 149 55 0 0
177 150 55 0 0
178 149 55 0 0
179 148 55 0 0
180 149 55 0 0
181 148 55 0 0
182 149 55 0 0
183 148 55 0 0
184 147 55 0 0
185 148 55 0 0
186 147 55 0 0
187 147 54 0 0
188 146 54 0 0
189 147 54 0 0
190 146 54 0 0
191 147 54 0 0
192 146 54 0 0
193 145 54 0 0
194 146 54 0 0
195 145 54 0 0
196 144 54 0 0
197 145 54 0 0
198 144 54 0 0
199 145 54 0 0
200 144 54 0 0
201 143 54 0 0
202 144 54 0 0
203 143 54 0 0
204 143 53 0 0
205 144 53 0 0
206 143 53 0 0
207 142 53 0 0
208 143 53 0 0
209 142 53 0 0
210 141 53 0 0
211 142 53 0 0
212 141 53 0 0
213 140 53 0 0
214 140 52 0 0
215 141 52 0 0
216 140 52 0 0
217 141 52 0 0
218 140 52 0 0
219 139 52 0 0
220 140 52 0 0
221 139 52 0 0
222 138 52 0 0
223 139 52 0 0
224 138 52 0 0
225 138 51 0 0
226 139 51 0 0
227 138 51 0 0
228 137 51 0 0
229 138 51 0 0
230 137 51 0 0
231 136 51 0 0
232 137 51 0 0
233 136 51 0 0
234 135 51 0 0
235 135 50 0 0
236 136 50 0 0
237 135 50 0 0
238 136 50 0 0
239 135 50 0 0
240 134 50 0 0
241 135 50 0 0
242 134 50 0 0
243 133 50 0 0
244 134 50 0 0
245 133 50 0 0
246 134 50 0 0
247 133 50 0 0
248 132 50 0 0
249 132 49 0 0
250 133 49 0 0
251 132 49 0 0
252 131 49 0 0
253 132 49 0 0
254 131 49 0 0
255 130 49 0 0
256 131 49 0 0
257 130 49 0 0
258 131 49 0 0
259 130 49 0 0
260 130 48 0 0
261 129 48 0 0
262 130 48 0 0
263 129 48 0 0
264 128 48 0 0
265 129 48 0 0
266 128 48 0 0
267 129 48 0 0
268 128 48 0 0
269 127 48 0 0
270 127 47 0 0
271 128 47 0 0
272 127 47 0 0
273 126 47 0 0
274 127 47 0 0
275 126 47 0 0
276 125 47 0 0
277 126 47 0 0
278 125 47 0 0
279 126 47 0 0
280 125 47 0 0
281 125 46 0 0
282 124 46 0 0
283 125 46 0 0
284 124 46 0 0
285 123 46 0 0
286 124 46 0 0
287 123 46 0 0
288 122 46 0 0
289 123 46 0 0
290 122 46 0 0
291 122 45 0 0
292 121 45 0 0
293 122 45 0 0
294 121 45 0 0
295 122 45 0 0
296 121 45 0 0
297 120 45 0 0
298 121 45 0 0
299 120 45 0 0
300 119 45 0 0
301 119 44 0 0
302 120 44 0 0
303 119 44 0 0
304 120 44 0 0
305 119 44 0 0
306 118 44 0 0
307 119 44 0 0
308 118 44 0 0
309 117 44 0 0
310 118 44 0 0
311 117 44 0 0
312 117 43 0 0
313 116 43 0 0
314 117 43 0 0
315 116 43 0 0
316 117 43 0 0
317 116 43 0 0
318 115 43 0 0
319 116 43 0 0
320 115 43 0 0
321 116 43 0 0
322 115 43 0 0
323 114 43 0 0
324 115 43 0 0
325 114 43 0 0
326 114 42 0 0
327 113 42 0 0
328 114 42 0 0
329 113 42 0 0
330 112 42 0 0
331 113 42 0 0
332 112 42 0 0
333 111 42 0 0
334 111 41 0 0
335 112 41 0 0
336 111 41 0 0
337 112 41 0 0
338 111 41 0 0
339 110 41 0 0
340 111 41 0 0
341 110 41 0 0
342 109 41 0 0
343 110 41 0 0
344 109 41 0 0
345 109 40 0 0
346 108 40 0 0
347 109 40 0 0
348 108 40 0 0
349 109 40 0 0
350 108 40 0 0
351 107 40 0 0
352 108 40 0 0
353 107 40 0 0
354 108 40 0 0
355 107 40 0 0
356 107 39 0 0
357 106 39 0 0
358 107 39 0 0
359 106 39 0 0
360 105 39 0 0
361 106 39 0 0
362 105 39 0 0
363 104 39 0 0
364 105 39 0 0
365 104 39 0 0
366 104 38 0 0
367 103 38 0 0
368 104 38 0 0
369 103 38 0 0
370 104 38 0 0
371 103 38 0 0
372 102 38 0 0
373 103 38 0 0
374 102 38 0 0
375 103 38 0 0
376 102 38 0 0
377 101 38 0 0
378 102 38 0 0
379 101 38 0 0
380 101 37 0 0
381 100 37 0 0
382 101 37 0 0
383 100 37 0 0
384 99 37 0 0
385 100 37 0 0
386 99 37 0 0
387 100 37 0 0
388 99 37 0 0
389 98 37 0 0
390 99 37 0 0
391 98 37 0 0
392 97 37 0 0
393 98 37 0 0
394 97 37 0 0
395 96 37 0 0
396 97 37 0 0
397 96 37 0 0
398 97 37 0 0
399 96 37 0 0
400 95 37 0 0
401 96 37 0 0
402 95 37 0 0
403 94 37 0 0
404 94 36 0 0
405 95 36 0 0
406 94 36 0 0
407 95 36 0 0
408 94 36 0 0
409 93 36 0 0
410 94 36 0 0
411 93 36 0 0
412 94 36 0 0
413 93 36 0 0
414 92 36 0 0
415 93 36 0 0
416 92 36 0 0
417 91 36 0 0
418 92 36 0 0
419 91 36 0 0
420 92 36 0 0
421 91 36 0 0
422 90 36 0 0
423 91 36 0 0
424 90 36 0 0
425 91 36 0 0
426 90 36 0 0
427 89 36 0 0
428 90 36 0 0
429 89 36 0 0
430 88 36 0 0
431 89 36 0 0
432 88 36 0 0
433 87 36 0 0
434 88 36 0 0
435 87 36 0 0
436 88 36 0 0
437 87 36 0 0
438 87 35 0 0
439 86 35 0 0
440 87 35 0 0
441 86 35 0 0
442 85 35 0 0
443 86 35 0 0
444 85 35 0 0
445 86 35 0 0
446 85 35 0 0
447 84 35 0 0
448 85 35 0 0
449 84 35 0 0
450 83 35 0 0
451 84 35 0 0
452 83 35 0 0
453 84 35 0 0
454 83 35 0 0
455 82 35 0 0
456 83 35 0 0
457 82 35 0 0
458 83 35 0 0
459 82 35 0 0
460 81 35 0 0
461 82 35 0 0
462 81 35 0 0
463 81 34 0 0
464 80 34 0 0
465 81 34 0 0
466 80 34 0 0
467 81 34 0 0
468 80 34 0 0
469 79 34 0 0
470 80 34 0 0
471 79 34 0 0
472 78 34 0 0
473 79 34 0 0
474 78 34 0 0
475 77 34 0 0
476 78 34 0 0
477 77 34 0 0
478 78 34 0 0
479 77 34 0 0
480 76 34 0 0
481 77 34 0 0
482 76 34 0 0
483 75 34 0 0
484 76 34 0 0
485 75 34 0 0
486 76 34 0 0
487 75 34 0 0
488 74 34 0 0
489 75 34 0 0
490 74 34 0 0
491 73 34 0 0
492 74 34 0 0
493 73 34 0 0
494 72 34 0 0
495 73 34 0 0
496 72 34 0 0
497 71 34 0 0
498 72 34 0 0
499 71 34 0 0
500 72 34 0 0
501 71 34 0 0
502 70 34 0 0
503 71 34 0 0
504 70 34 0 0
505 69 34 0 0
506 70 34 0 0
507 69 34 0 0
508 70 34 0 0
509 69 34 0 0
510 68 34 0 0
511 69 34 0 0
512 68 34 0 0
513 67 34 0 0
514 68 34 0 0
515 67 34 0 0
516 66 34 0 0
517 67 34 0 0
518 66 34 0 0
519 67 34 0 0
520 66 34 0 0
521 65 34 0 0
522 66 34 0 0
523 65 34 0 0
524 64 34 0 0
525 65 34 0 0
526 64 34 0 0
527 63 34 0 0
528 64 34 0 0
529 63 34 0 0
530 64 34 0 0
531 63 34 0 0
532 62 34 0 0
533 63 34 0 0
534 62 34 0 0
535 61 34 0 0
536 62 34 0 0
537 61 34 0 0
538 62 34 0 0
539 61 34 0 0
540 60 34 0 0
541 61 34 0 0
542 60 34 0 0
543 59 34 0 0
544 60 34 0 0
545 59 34 0 0
546 58 34 0 0
547 59 34 0 0
548 58 34 0 0
549 59 34 0 0
550 58 34 0 0
551 57 34 0 0
552 58 34 0 0
553 57 34 0 0
554 58 34 0 0
555 57 34 0 0
556 56 34 0 0
557 57 34 0 0
558 56 34 0 0
559 55 34 0 0
560 56 34 0 0
561 55 34 0 0
562 54 34 0 0
563 55 34 0 0
564 54 34 0 0
565 53 34 0 0
566 53 33 0 0
567 54 33 0 0
568 53 33 0 0
569 54 33 0 0
570 53 33 0 0
571 52 33 0 0
572 53 33 0 0
573 52 33 0 0
574 53 33 0 0
575 52 33 0 0
576 51 33 0 0
577 52 33 0 0
578 51 33 0 0
579 50 33 0 0
580 51 33 0 0
581 50 33 0 0
582 49 33 0 0
583 50 33 0 0
584 49 33 0 0
585 50 33 0 0
586 49 33 0 0
587 48 33 0 0
588 49 33 0 0
589 48 33 0 0
590 47 33 0 0
591 48 33 0 0
592 47 33 0 0
593 48 33 0 0
594 47 33 0 0
595 46 33 0 0
596 47 33 0 0
597 46 33 0 0
598 45 33 0 0
599 45 32 0 0
600 46 32 0 0
601 45 32 0 0
602 46 32 0 0
603 45 32 0 0
604 44 32 0 0
605 45 32 0 0
606 44 32 0 0
607 43 32 0 0
608 44 32 0 0
609 43 32 0 0
610 44 32 0 0
611 43 32 0 0
612 42 32 0 0
613 43 32 0 0
614 42 32 0 0
615 41 32 0 0
616 42 32 0 0
617 41 32 0 0
618 42 32 0 0
619 41 32 0 0
620 40 32 0 0
621 41 32 0 0
622 40 32 0 0
623 39 32 0 0
624 39 31 0 0
625 40 31 0 0
626 39 31 0 0
627 40 31 0 0
628 39 31 0 0
629 38 31 0 0
630 39 31 0 0
631 38 31 0 0
632 37 31 0 0
633 38 31 0 0
634 37 31 0 0
635 38 31 0 0
636 37 31 0 0
637 36 31 0 0
638 36 30 0 0
639 37 30 0 0
640 36 30 0 0
641 37 30 0 0
642 36 30 0 0
643 35 30 0 0
644 36 30 0 0
645 35 30 0 0
646 35 29 0 0
647 36 29 0 0
648 35 29 0 0
649 34 29 0 0
650 35 29 0 0
651 34 29 0 0
652 35 29 0 0
653 34 29 0 0
654 33 29 0 0
655 33 28 0 0
656 34 28 0 0
657 33 28 0 0
658 32 28 0 0
659 33 28 0 0
660 32 28 0 0
661 33 28 0 0
662 32 28 0 0
663 32 27 0 0
664 33 27 0 0
665 32 27 0 0
666 31 27 0 0
667 32 27 0 0
668 31 27 0 0
669 32 27 0 0
670 31 27 0 0
671 31 26 0 0
672 30 26 0 0
673 31 26 0 0
674 30 26 0 0
675 29 26 0 0
676 30 26 0 0
677 29 26 0 0
678 29 25 0 0
679 30 25 0 0
680 29 25 0 0
681 28 25 0 0
682 29 25 0 0
683 28 25 0 0
684 29 25 0 0
685 28 25 0 0
686 28 24 0 0
687 29 24 0 0
688 28 24 0 0
689 27 24 0 0
690 28 24 0 0
691 27 24 0 0
692 26 24 0 0
693 26 23 0 0
694 27 23 0 0
695 26 23 0 0
696 27 23 0 0
697 26 23 0 0
698 25 23 0 0
699 26 23 0 0
700 25 23 0 0
701 25 22 0 0
702 26 22 0 0
703 25 22 0 0
704 24 22 0 0
705 25 22 0 0
706 24 22 0 0
707 25 22 0 0
708 24 22 0 0
709 23 22 0 0
710 23 21 0 0
711 24 21 0 0
712 23 21 0 0
713 24 21 0 0
714 23 21 0 0
715 22 21 0 0
716 22 20 0 0
717 23 20 0 0
718 22 20 0 0
719 23 20 0 0
720 22 20 0 0
721 23 20 0 0
722 22 20 0 0
723 22 19 0 0
724 23 19 0 0
725 22 19 0 0
726 21 19 0 0
727 22 19 0 0
728 21 19 0 0
729 21 18 0 0
730 22 18 0 0
731 21 18 0 0
732 22 18 0 0
733 21 18 0 0
734 20 18 0 0
735 20 17 0 0
736 21 17 0 0
737 20 17 0 0
738 21 17 0 0
739 20 17 0 0
740 21 17 0 0
741 20 17 0 0
742 20 16 0 0
743 21 16 0 0
744 20 16 0 0
745 19 16 0 0
746 20 16 0 0
747 19 16 0 0
748 19 15 0 0
749 20 15 0 0
750 19 15 0 0
751 20 15 0 0
752 19 15 0 0
753 20 15 0 0
754 19 15 0 0
755 18 15 0 0
756 18 14 0 0
757 19 14 0 0
758 18 14 0 0
759 19 14 0 0
760 18 14 0 0
761 18 13 0 0
762 19 13 0 0
763 18 13 0 0
764 19 13 0 0
765 18 13 0 0
766 18 12 0 0
767 17 12 0 0
768 18 12 0 0
769 17 12 0 0
770 17 11 0 0
771 18 11 0 0
772 17 11 0 0
773 18 11 0 0
774 17 11 0 0
775 17 10 0 0
776 18 10 0 0
777 17 10 0 0
778 18 10 0 0
779 17 10 0 0
780 17 9 0 0
781 16 9 0 0
782 17 9 0 0
783 16 9 0 0
784 16 8 0 0
785 17 8 0 0
786 16 8 0 0
787 17 8 0 0
788 16 8 0 0
789 15 8 0 0
790 15 7 0 0
791 16 7 0 0
792 15 7 0 0
793 16 7 0 0
794 15 7 0 0
795 15 6 0 0
796 16 6 0 0
797 15 6 0 0
798 16 6 0 0
799 15 6 0 0
800 16 6 0 0
801 15 6 0 0
802 15 5 0 0
803 16 5 0 0
804 15 5 0 0
805 16 5 0 0
806 15 5 0 0
