0 2 136 0 0
1 3 136 0 0
2 4 136 0 0
3 3 136 0 0
4 3 135 0 0
5 4 135 0 0
6 3 135 0 0
7 4 135 0 0
8 3 135 0 0
9 4 135 0 0
10 3 135 0 0
11 4 135 0 0
12 3 135 0 0
13 4 135 0 0
14 5 135 0 0
15 4 135 0 0
16 5 135 0 0
17 4 135 0 0
18 4 134 0 0
19 5 134 0 0
20 4 134 0 0
21 5 134 0 0
22 4 134 0 0
23 5 134 0 0
24 4 134 0 0
25 5 134 0 0
26 6 134 0 0
27 5 134 0 0
28 5 133 0 0
29 6 133 0 0
30 5 133 0 0
31 6 133 0 0
32 5 133 0 0
33 6 133 0 0
34 5 133 0 0
35 6 133 0 0
36 5 133 0 0
37 6 133 0 0
38 6 132 0 0
39 7 132 0 0
40 6 132 0 0
41 7 132 0 0
42 6 132 0 0
43 7 132 0 0
44 6 132 0 0
45 7 132 0 0
46 6 132 0 0
47 6 131 0 0
48 7 131 0 0
49 6 131 0 0
50 7 131 0 0
51 6 131 0 0
52 7 131 0 0
53 8 131 0 0
54 7 131 0 0
55 7 130 0 0
56 8 130 0 0
57 7 130 0 0
58 8 130 0 0
59 7 130 0 0
60 8 130 0 0
61 7 130 0 0
62 8 130 0 0
63 7 130 0 0
64 8 130 0 0
65 7 130 0 0
66 7 129 0 0
67 8 129 0 0
68 9 129 0 0
69 8 129 0 0
70 9 129 0 0
71 8 129 0 0
72 9 129 0 0
73 8 129 0 0
74 9 129 0 0
75 8 129 0 0
76 8 128 0 0
77 9 128 0 0
78 8 128 0 0
79 9 128 0 0
80 8 128 0 0
81 9 128 0 0
82 10 128 0 0
83 9 128 0 0
84 9 127 0 0
85 10 127 0 0
86 9 127 0 0
87 10 127 0 0
88 9 127 0 0
89 10 127 0 0
90 9 127 0 0
91 10 127 0 0
92 9 127 0 0
93 9 126 0 0
94 10 126 0 0
95 11 126 0 0
96 10 126 0 0
97 11 126 0 0
98 10 126 0 0
99 11 126 0 0
100 10 126 0 0
101 10 125 0 0
102 11 125 0 0
103 10 125 0 0
104 11 125 0 0
105 10 125 0 0
106 11 125 0 0
107 12 125 0 0
108 11 125 0 0
109 12 125 0 0
110 11 125 0 0
111 11 124 0 0
112 12 124 0 0
113 11 124 0 0
114 12 124 0 0
115 11 124 0 0
116 12 124 0 0
117 13 124 0 0
118 12 124 0 0
119 12 123 0 0
120 13 123 0 0
121 12 123 0 0
122 13 123 0 0
123 12 123 0 0
124 13 123 0 0
125 14 123 0 0
126 13 123 0 0
127 13 122 0 0
128 14 122 0 0
129 13 122 0 0
130 14 122 0 0
131 13 122 0 0
132 14 122 0 0
133 13 122 0 0
134 14 122 0 0
135 15 122 0 0
136 14 122 0 0
137 14 121 0 0
138 15 121 0 0
139 14 121 0 0
140 15 121 0 0
141 16 121 0 0
142 15 121 0 0
143 16 121 0 0
144 15 121 0 0
145 15 120 0 0
146 16 120 0 0
147 15 120 0 0
148 16 120 0 0
149 15 120 0 0
150 16 120 0 0
151 17 120 0 0
152 16 120 0 0
153 16 119 0 0
154 17 119 0 0
155 16 119 0 0
156 17 119 0 0
157 16 119 0 0
158 17 119 0 0
159 16 119 0 0
160 17 119 0 0
161 17 118 0 0
162 18 118 0 0
163 17 118 0 0
164 18 118 0 0
165 17 118 0 0
166 18 118 0 0
167 19 118 0 0
168 18 118 0 0
169 19 118 0 0
170 18 118 0 0
171 19 118 0 0
172 18 118 0 0
173 19 118 0 0
174 20 118 0 0
175 19 118 0 0
176 20 118 0 0
177 20 117 0 0
178 21 117 0 0
179 20 117 0 0
180 21 117 0 0
181 20 117 0 0
182 21 117 0 0
183 20 117 0 0
184 21 117 0 0
185 22 117 0 0
186 21 117 0 0
187 22 117 0 0
188 21 117 0 0
189 22 117 0 0
190 23 117 0 0
191 22 117 0 0
192 23 117 0 0
193 22 117 0 0
194 22 116 0 0
195 23 116 0 0
196 24 116 0 0
197 23 116 0 0
198 24 116 0 0
199 23 116 0 0
200 24 116 0 0
201 25 116 0 0
202 24 116 0 0
203 25 116 0 0
204 26 116 0 0
205 25 116 0 0
206 26 116 0 0
207 25 116 0 0
208 26 116 0 0
209 25 116 0 0
210 26 116 0 0
211 27 116 0 0
212 26 116 0 0
213 27 116 0 0
214 28 116 0 0
215 27 116 0 0
216 28 116 0 0
217 27 116 0 0
218 28 116 0 0
219 29 116 0 0
220 28 116 0 0
221 29 116 0 0
222 28 116 0 0
223 29 116 0 0
224 30 116 0 0
225 29 116 0 0
226 30 116 0 0
227 29 116 0 0
228 30 116 0 0
229 31 116 0 0
230 30 116 0 0
231 31 116 0 0
232 30 116 0 0
233 31 116 0 0
234 32 116 0 0
235 31 116 0 0
236 32 116 0 0
237 33 116 0 0
238 32 116 0 0
239 33 116 0 0
240 32 116 0 0
241 33 116 0 0
242 34 116 0 0
243 33 116 0 0
244 34 116 0 0
245 33 116 0 0
246 34 116 0 0
247 35 116 0 0
248 34 116 0 0
249 35 116 0 0
250 34 116 0 0
251 35 116 0 0
252 36 116 0 0
253 35 116 0 0
254 36 116 0 0
255 35 116 0 0
256 36 116 0 0
257 37 116 0 0
258 36 116 0 0
259 37 116 0 0
260 36 116 0 0
261 37 116 0 0
262 38 116 0 0
263 37 116 0 0
264 38 116 0 0
265 38 117 0 0
266 39 117 0 0
267 38 117 0 0
268 39 117 0 0
269 38 117 0 0
270 39 117 0 0
271 40 117 0 0
272 39 117 0 0
273 40 117 0 0
274 41 117 0 0
275 40 117 0 0
276 41 117 0 0
277 40 117 0 0
278 41 117 0 0
279 42 117 0 0
280 41 117 0 0
281 42 117 0 0
282 41 117 0 0
283 42 117 0 0
284 43 117 0 0
285 42 117 0 0
286 43 117 0 0
287 44 117 0 0
288 43 117 0 0
289 44 117 0 0
290 43 117 0 0
291 44 117 0 0
292 45 117 0 0
293 44 117 0 0
294 45 117 0 0
295 46 117 0 0
296 45 117 0 0
297 46 117 0 0
298 45 117 0 0
299 46 117 0 0
300 47 117 0 0
301 46 117 0 0
302 47 117 0 0
303 46 117 0 0
304 47 117 0 0
305 48 117 0 0
306 47 117 0 0
307 48 117 0 0
308 47 117 0 0
309 48 117 0 0
310 49 117 0 0
311 48 117 0 0
312 49 117 0 0
313 50 117 0 0
314 49 117 0 0
315 50 117 0 0
316 49 117 0 0
317 50 117 0 0
318 51 117 0 0
319 50 117 0 0
320 51 117 0 0
321 50 117 0 0
322 51 117 0 0
323 52 117 0 0
324 51 117 0 0
325 52 117 0 0
326 53 117 0 0
327 52 117 0 0
328 53 117 0 0
329 52 117 0 0
330 53 117 0 0
331 54 117 0 0
332 53 117 0 0
333 54 117 0 0
334 53 117 0 0
335 54 117 0 0
336 55 117 0 0
337 54 117 0 0
338 55 117 0 0
339 56 117 0 0
340 55 117 0 0
341 56 117 0 0
342 55 117 0 0
343 56 117 0 0
344 57 117 0 0
345 56 117 0 0
346 57 117 0 0
347 58 117 0 0
348 57 117 0 0
349 58 117 0 0
350 57 117 0 0
351 58 117 0 0
352 59 117 0 0
353 58 117 0 0
354 59 117 0 0
355 58 117 0 0
356 59 117 0 0
357 60 117 0 0
358 59 117 0 0
359 59 118 0 0
360 60 118 0 0
361 61 118 0 0
362 60 118 0 0
363 61 118 0 0
364 60 118 0 0
365 61 118 0 0
366 62 118 0 0
367 61 118 0 0
368 62 118 0 0
369 61 118 0 0
370 62 118 0 0
371 63 118 0 0
372 62 118 0 0
373 63 118 0 0
374 64 118 0 0
375 63 118 0 0
376 64 118 0 0
377 63 118 0 0
378 64 118 0 0
379 65 118 0 0
380 64 118 0 0
381 65 118 0 0
382 66 118 0 0
383 65 118 0 0
384 66 118 0 0
385 65 118 0 0
386 66 118 0 0
387 67 118 0 0
388 66 118 0 0
389 67 118 0 0
390 66 118 0 0
391 67 118 0 0
392 68 118 0 0
393 67 118 0 0
394 68 118 0 0
395 69 118 0 0
396 68 118 0 0
397 69 118 0 0
398 68 118 0 0
399 69 118 0 0
400 70 118 0 0
401 69 118 0 0
402 70 118 0 0
403 71 118 0 0
404 70 118 0 0
405 71 118 0 0
406 70 118 0 0
407 71 118 0 0
408 72 118 0 0
409 71 118 0 0
410 72 118 0 0
411 71 118 0 0
412 72 118 0 0
413 73 118 0 0
414 72 118 0 0
415 73 118 0 0
416 74 118 0 0
417 73 118 0 0
418 74 118 0 0
419 73 118 0 0
420 74 118 0 0
421 75 118 0 0
422 74 118 0 0
423 75 118 0 0
424 76 118 0 0
425 75 118 0 0
426 76 118 0 0
427 75 118 0 0
428 76 118 0 0
429 77 118 0 0
430 76 118 0 0
431 77 118 0 0
432 78 118 0 0
433 77 118 0 0
434 78 118 0 0
435 77 118 0 0
436 78 118 0 0
437 79 118 0 0
438 78 118 0 0
439 79 118 0 0
440 78 118 0 0
441 79 118 0 0
442 80 118 0 0
443 79 118 0 0
444 80 118 0 0
445 81 118 0 0
446 80 118 0 0
447 81 118 0 0
448 80 118 0 0
449 81 118 0 0
450 82 118 0 0
451 81 118 0 0
452 82 118 0 0
453 81 118 0 0
454 81 119 0 0
455 82 119 0 0
456 83 119 0 0
457 82 119 0 0
458 83 119 0 0
459 84 119 0 0
460 83 119 0 0
461 84 119 0 0
462 83 119 0 0
463 84 119 0 0
464 85 119 0 0
465 84 119 0 0
466 85 119 0 0
467 84 119 0 0
468 85 119 0 0
469 86 119 0 0
470 85 119 0 0
471 86 119 0 0
472 85 119 0 0
473 86 119 0 0
474 87 119 0 0
475 86 119 0 0
476 87 119 0 0
477 88 119 0 0
478 87 119 0 0
479 88 119 0 0
480 87 119 0 0
481 88 119 0 0
482 89 119 0 0
483 88 119 0 0
484 89 119 0 0
485 88 119 0 0
486 89 119 0 0
487 90 119 0 0
488 89 119 0 0
489 90 119 0 0
490 91 119 0 0
491 90 119 0 0
492 91 119 0 0
493 90 119 0 0
494 91 119 0 0
495 92 119 0 0
496 91 119 0 0
497 92 119 0 0
498 91 119 0 0
499 92 119 0 0
500 93 119 0 0
501 92 119 0 0
502 93 119 0 0
503 94 119 0 0
504 93 119 0 0
505 94 119 0 0
506 93 119 0 0
507 94 119 0 0
508 95 119 0 0
509 94 119 0 0
510 95 119 0 0
511 96 119 0 0
512 95 119 0 0
513 96 119 0 0
514 95 119 0 0
515 96 119 0 0
516 97 119 0 0
517 96 119 0 0
518 97 119 0 0
519 96 119 0 0
520 97 119 0 0
521 98 119 0 0
522 97 119 0 0
523 98 119 0 0
524 99 119 0 0
525 98 119 0 0
526 99 119 0 0
527 98 119 0 0
528 99 119 0 0
529 100 119 0 0
530 99 119 0 0
531 100 119 0 0
532 101 119 0 0
533 100 119 0 0
534 101 119 0 0
535 100 119 0 0
536 101 119 0 0
537 102 119 0 0
538 101 119 0 0
539 102 119 0 0
540 103 119 0 0
541 102 119 0 0
542 103 119 0 0
543 102 119 0 0
544 103 119 0 0
545 104 119 0 0
546 103 119 0 0
547 103 120 0 0
548 104 120 0 0
549 103 120 0 0
550 104 120 0 0
551 105 120 0 0
552 104 120 0 0
553 105 120 0 0
554 106 120 0 0
555 105 120 0 0
556 106 120 0 0
557 105 120 0 0
558 106 120 0 0
559 107 120 0 0
560 106 120 0 0
561 107 120 0 0
562 108 120 0 0
563 107 120 0 0
564 108 120 0 0
565 107 120 0 0
566 108 120 0 0
567 109 120 0 0
568 108 120 0 0
569 109 120 0 0
570 108 120 0 0
571 109 120 0 0
572 110 120 0 0
573 109 120 0 0
574 110 120 0 0
575 111 120 0 0
576 110 120 0 0
577 111 120 0 0
578 110 120 0 0
579 111 120 0 0
580 112 120 0 0
581 111 120 0 0
582 112 120 0 0
583 111 120 0 0
584 112 120 0 0
585 111 120 0 0
586 112 120 0 0
587 113 120 0 0
588 112 120 0 0
589 113 120 0 0
590 113 121 0 0
591 114 121 0 0
592 113 121 0 0
593 114 121 0 0
594 113 121 0 0
595 114 121 0 0
596 113 121 0 0
597 114 121 0 0
598 115 121 0 0
599 114 121 0 0
600 115 121 0 0
601 115 122 0 0
602 116 122 0 0
603 115 122 0 0
604 116 122 0 0
605 115 122 0 0
606 116 122 0 0
607 117 122 0 0
608 116 122 0 0
609 117 122 0 0
610 116 122 0 0
611 117 122 0 0
612 116 122 0 0
613 116 123 0 0
614 117 123 0 0
615 118 123 0 0
616 117 123 0 0
617 118 123 0 0
618 119 123 0 0
619 118 123 0 0
620 119 123 0 0
621 118 123 0 0
622 119 123 0 0
623 118 123 0 0
624 118 124 0 0
625 119 124 0 0
626 120 124 0 0
627 119 124 0 0
628 120 124 0 0
629 121 124 0 0
630 120 124 0 0
631 121 124 0 0
632 120 124 0 0
633 121 124 0 0
634 121 125 0 0
635 122 125 0 0
636 121 125 0 0
637 122 125 0 0
638 121 125 0 0
639 122 125 0 0
640 121 125 0 0
641 122 125 0 0
642 123 125 0 0
643 122 125 0 0
644 123 125 0 0
645 123 126 0 0
646 124 126 0 0
647 123 126 0 0
648 124 126 0 0
649 123 126 0 0
650 124 126 0 0
651 123 126 0 0
652 124 126 0 0
653 125 126 0 0
654 124 126 0 0
655 125 126 0 0
656 125 127 0 0
657 126 127 0 0
658 125 127 0 0
659 126 127 0 0
660 125 127 0 0
661 126 127 0 0
662 125 127 0 0
663 126 127 0 0
664 127 127 0 0
665 126 127 0 0
666 127 127 0 0
667 128 127 0 0
668 127 127 0 0
669 127 128 0 0
670 128 128 0 0
671 127 128 0 0
672 128 128 0 0
673 129 128 0 0
674 128 128 0 0
675 129 128 0 0
676 128 128 0 0
677 129 128 0 0
678 128 128 0 0
679 129 128 0 0
680 129 129 0 0
681 130 129 0 0
682 129 129 0 0
683 130 129 0 0
684 131 129 0 0
685 130 129 0 0
686 131 129 0 0
687 130 129 0 0
688 131 129 0 0
689 130 129 0 0
690 131 129 0 0
691 132 129 0 0
692 131 129 0 0
693 132 129 0 0
694 132 130 0 0
695 133 130 0 0
696 132 130 0 0
697 133 130 0 0
698 132 130 0 0
699 133 130 0 0
700 134 130 0 0
701 133 130 0 0
702 134 130 0 0
703 133 130 0 0
704 134 130 0 0
705 133 130 0 0
706 133 131 0 0
707 134 131 0 0
708 135 131 0 0
709 134 131 0 0
710 135 131 0 0
711 136 131 0 0
712 135 131 0 0
713 136 131 0 0
714 135 131 0 0
715 136 131 0 0
716 135 131 0 0
717 135 132 0 0
718 136 132 0 0
719 137 132 0 0
720 136 132 0 0
721 137 132 0 0
722 136 132 0 0
723 137 132 0 0
724 138 132 0 0
725 137 132 0 0
726 138 132 0 0
727 138 133 0 0
728 139 133 0 0
729 138 133 0 0
730 139 133 0 0
731 138 133 0 0
732 139 133 0 0
733 138 133 0 0
734 139 133 0 0
735 140 133 0 0
736 139 133 0 0
737 140 133 0 0
738 140 134 0 0
739 141 134 0 0
740 140 134 0 0
741 141 134 0 0
742 140 134 0 0
743 141 134 0 0
744 140 134 0 0
745 141 134 0 0
746 142 134 0 0
747 141 134 0 0
748 142 134 0 0
749 141 134 0 0
750 142 134 0 0
751 142 135 0 0
752 143 135 0 0
753 142 135 0 0
754 143 135 0 0
755 142 135 0 0
756 143 135 0 0
757 144 135 0 0
758 143 135 0 0
759 144 135 0 0
760 143 135 0 0
761 144 135 0 0
762 144 136 0 0
763 145 136 0 0
764 144 136 0 0
765 145 136 0 0
766 146 136 0 0
767 145 136 0 0
768 146 136 0 0
769 145 136 0 0
770 146 136 0 0
771 145 136 0 0
772 146 136 0 0
773 147 136 0 0
774 146 136 0 0
775 147 136 0 0
776 146 136 0 0
777 146 137 0 0
778 147 137 0 0
779 148 137 0 0
780 147 137 0 0
781 148 137 0 0
782 147 137 0 0
783 148 137 0 0
784 149 137 0 0
785 148 137 0 0
786 149 137 0 0
787 148 137 0 0
788 148 138 0 0
789 149 138 0 0
790 150 138 0 0
791 149 138 0 0
792 150 138 0 0
793 151 138 0 0
794 150 138 0 0
795 151 138 0 0
796 150 138 0 0
797 151 138 0 0
798 150 138 0 0
799 150 139 0 0
800 151 139 0 0
801 152 139 0 0
802 151 139 0 0
803 152 139 0 0
804 153 139 0 0
805 152 139 0 0
806 153 139 0 0
807 152 139 0 0
808 153 139 0 0
809 152 139 0 0
810 152 140 0 0
811 153 140 0 0
812 154 140 0 0
813 153 140 0 0
814 154 140 0 0
815 153 140 0 0
816 154 140 0 0
817 155 140 0 0
818 154 140 0 0
819 155 140 0 0
820 156 140 0 0
821 155 140 0 0
822 155 141 0 0
823 156 141 0 0
824 155 141 0 0
825 156 141 0 0
826 157 141 0 0
827 156 141 0 0
828 157 141 0 0
829 156 141 0 0
830 157 141 0 0
831 158 141 0 0
832 157 141 0 0
833 158 141 0 0
834 157 141 0 0
835 158 141 0 0
836 159 141 0 0
837 158 141 0 0
838 159 141 0 0
839 158 141 0 0
840 159 141 0 0
841 160 141 0 0
842 159 141 0 0
843 160 141 0 0
844 161 141 0 0
845 160 141 0 0
846 161 141 0 0
847 160 141 0 0
848 160 142 0 0
849 161 142 0 0
850 162 142 0 0
851 161 142 0 0
852 162 142 0 0
853 161 142 0 0
854 162 142 0 0
855 163 142 0 0
856 162 142 0 0
857 163 142 0 0
858 164 142 0 0
859 163 142 0 0
860 164 142 0 0
861 163 142 0 0
862 163 143 0 0
863 164 143 0 0
864 165 143 0 0
865 164 143 0 0
866 165 143 0 0
867 164 143 0 0
868 165 143 0 0
869 166 143 0 0
870 165 143 0 0
871 166 143 0 0
872 165 143 0 0
873 166 143 0 0
874 167 143 0 0
875 166 143 0 0
876 167 143 0 0
877 166 143 0 0
878 167 143 0 0
879 168 143 0 0
880 167 143 0 0
881 167 144 0 0
882 168 144 0 0
883 169 144 0 0
884 168 144 0 0
885 169 144 0 0
886 168 144 0 0
887 169 144 0 0
888 170 144 0 0
889 169 144 0 0
890 170 144 0 0
891 169 144 0 0
892 170 144 0 0
893 171 144 0 0
894 170 144 0 0
895 170 145 0 0
896 171 145 0 0
897 170 145 0 0
898 171 145 0 0
899 172 145 0 0
900 171 145 0 0
901 172 145 0 0
902 171 145 0 0
903 172 145 0 0
904 172 146 0 0
905 173 146 0 0
906 172 146 0 0
907 173 146 0 0
908 174 146 0 0
909 173 146 0 0
910 174 146 0 0
911 173 146 0 0
912 174 146 0 0
913 173 146 0 0
914 173 147 0 0
915 174 147 0 0
916 175 147 0 0
917 174 147 0 0
918 175 147 0 0
919 174 147 0 0
920 175 147 0 0
921 176 147 0 0
922 175 147 0 0
923 176 147 0 0
924 175 147 0 0
925 175 148 0 0
926 176 148 0 0
927 175 148 0 0
928 176 148 0 0
929 175 148 0 0
930 176 148 0 0
931 175 148 0 0
932 176 148 0 0
933 175 148 0 0
934 176 148 0 0
935 177 148 0 0
936 176 148 0 0
937 177 148 0 0
938 176 148 0 0
939 177 148 0 0
940 178 148 0 0
941 177 148 0 0
942 178 148 0 0
943 178 149 0 0
944 179 149 0 0
945 178 149 0 0
946 179 149 0 0
947 178 149 0 0
948 179 149 0 0
949 180 149 0 0
950 179 149 0 0
951 180 149 0 0
952 181 149 0 0
953 180 149 0 0
954 181 149 0 0
