0 26 3 0 0
1 27 3 0 0
2 26 3 0 0
3 26 4 0 0
4 27 4 0 0
5 26 4 0 0
6 27 4 0 0
7 28 4 0 0
8 27 4 0 0
9 28 4 0 0
10 27 4 0 0
11 28 4 0 0
12 27 4 0 0
13 28 4 0 0
14 27 4 0 0
15 28 4 0 0
16 27 4 0 0
17 27 5 0 0
18 28 5 0 0
19 27 5 0 0
20 28 5 0 0
21 27 5 0 0
22 28 5 0 0
23 29 5 0 0
24 28 5 0 0
25 29 5 0 0
26 28 5 0 0
27 29 5 0 0
28 28 5 0 0
29 29 5 0 0
30 28 5 0 0
31 28 6 0 0
32 29 6 0 0
33 28 6 0 0
34 29 6 0 0
35 28 6 0 0
36 29 6 0 0
37 28 6 0 0
38 29 6 0 0
39 30 6 0 0
40 29 6 0 0
41 30 6 0 0
42 29 6 0 0
43 29 7 0 0
44 30 7 0 0
45 29 7 0 0
46 30 7 0 0
47 29 7 0 0
48 30 7 0 0
49 30 8 0 0
50 31 8 0 0
51 30 8 0 0
52 31 8 0 0
53 30 8 0 0
54 31 8 0 0
55 30 8 0 0
56 31 8 0 0
57 32 8 0 0
58 31 8 0 0
59 31 9 0 0
60 32 9 0 0
61 31 9 0 0
62 32 9 0 0
63 31 9 0 0
64 32 9 0 0
65 32 10 0 0
66 33 10 0 0
67 32 10 0 0
68 33 10 0 0
69 32 10 0 0
70 33 10 0 0
71 32 10 0 0
72 33 10 0 0
73 33 11 0 0
74 34 11 0 0
75 33 11 0 0
76 34 11 0 0
77 33 11 0 0
78 34 11 0 0
79 33 11 0 0
80 34 11 0 0
81 34 12 0 0
82 35 12 0 0
83 34 12 0 0
84 35 12 0 0
85 34 12 0 0
86 35 12 0 0
87 34 12 0 0
88 35 12 0 0
89 35 13 0 0
90 36 13 0 0
91 35 13 0 0
92 36 13 0 0
93 35 13 0 0
94 36 13 0 0
95 35 13 0 0
96 36 13 0 0
97 36 14 0 0
98 37 14 0 0
99 36 14 0 0
100 37 14 0 0
101 36 14 0 0
102 37 14 0 0
103 36 14 0 0
104 37 14 0 0
105 36 14 0 0
106 36 15 0 0
107 37 15 0 0
108 38 15 0 0
109 37 15 0 0
110 38 15 0 0
111 37 15 0 0
112 37 16 0 0
113 38 16 0 0
114 37 16 0 0
115 38 16 0 0
116 39 16 0 0
117 38 16 0 0
118 39 16 0 0
119 38 16 0 0
120 39 16 0 0
121 38 16 0 0
122 38 17 0 0
123 39 17 0 0
124 40 17 0 0
125 39 17 0 0
126 40 17 0 0
127 39 17 0 0
128 40 17 0 0
129 39 17 0 0
130 39 18 0 0
131 40 18 0 0
132 41 18 0 0
133 40 18 0 0
134 41 18 0 0
135 40 18 0 0
136 41 18 0 0
137 40 18 0 0
138 40 19 0 0
139 41 19 0 0
140 42 19 0 0
141 41 19 0 0
142 42 19 0 0
143 41 19 0 0
144 42 19 0 0
145 41 19 0 0
146 42 19 0 0
147 41 19 0 0
148 42 19 0 0
149 42 20 0 0
150 43 20 0 0
151 42 20 0 0
152 43 20 0 0
153 42 20 0 0
154 43 20 0 0
155 42 20 0 0
156 43 20 0 0
157 44 20 0 0
158 43 20 0 0
159 44 20 0 0
160 43 20 0 0
161 44 20 0 0
162 45 20 0 0
163 44 20 0 0
164 45 20 0 0
165 44 20 0 0
166 45 20 0 0
167 44 20 0 0
168 45 20 0 0
169 46 20 0 0
170 45 20 0 0
171 45 21 0 0
172 46 21 0 0
173 45 21 0 0
174 46 21 0 0
175 45 21 0 0
176 46 21 0 0
177 47 21 0 0
178 46 21 0 0
179 47 21 0 0
180 46 21 0 0
181 47 21 0 0
182 48 21 0 0
183 47 21 0 0
184 48 21 0 0
185 47 21 0 0
186 48 21 0 0
187 47 21 0 0
188 48 21 0 0
189 49 21 0 0
190 48 21 0 0
191 49 21 0 0
192 48 21 0 0
193 48 22 0 0
194 49 22 0 0
195 50 22 0 0
196 49 22 0 0
197 50 22 0 0
198 49 22 0 0
199 50 22 0 0
200 49 22 0 0
201 50 22 0 0
202 51 22 0 0
203 50 22 0 0
204 51 22 0 0
205 50 22 0 0
206 51 22 0 0
207 52 22 0 0
208 51 22 0 0
209 52 22 0 0
210 51 22 0 0
211 52 22 0 0
212 51 22 0 0
213 52 22 0 0
214 52 23 0 0
215 53 23 0 0
216 52 23 0 0
217 53 23 0 0
218 52 23 0 0
219 53 23 0 0
220 54 23 0 0
221 53 23 0 0
222 54 23 0 0
223 53 23 0 0
224 54 23 0 0
225 53 23 0 0
226 54 23 0 0
227 55 23 0 0
228 54 23 0 0
229 55 23 0 0
230 54 23 0 0
231 55 23 0 0
232 54 23 0 0
233 55 23 0 0
234 56 23 0 0
235 55 23 0 0
236 56 23 0 0
237 55 23 0 0
238 56 23 0 0
239 55 23 0 0
240 56 23 0 0
241 57 23 0 0
242 56 23 0 0
243 56 24 0 0
244 57 24 0 0
245 56 24 0 0
246 57 24 0 0
247 58 24 0 0
248 57 24 0 0
249 58 24 0 0
250 57 24 0 0
251 58 24 0 0
252 57 24 0 0
253 58 24 0 0
254 59 24 0 0
255 58 24 0 0
256 59 24 0 0
257 58 24 0 0
258 59 24 0 0
259 60 24 0 0
260 59 24 0 0
261 60 24 0 0
262 59 24 0 0
263 60 24 0 0
264 61 24 0 0
265 60 24 0 0
266 61 24 0 0
267 60 24 0 0
268 61 24 0 0
269 62 24 0 0
270 61 24 0 0
271 62 24 0 0
272 61 24 0 0
273 62 24 0 0
274 63 24 0 0
275 62 24 0 0
276 63 24 0 0
277 62 24 0 0
278 63 24 0 0
279 62 24 0 0
280 63 24 0 0
281 64 24 0 0
282 63 24 0 0
283 64 24 0 0
284 65 24 0 0
285 64 24 0 0
286 65 24 0 0
287 64 24 0 0
288 65 24 0 0
289 64 24 0 0
290 65 24 0 0
291 66 24 0 0
292 65 24 0 0
293 66 24 0 0
294 67 24 0 0
295 66 24 0 0
296 67 24 0 0
297 66 24 0 0
298 67 24 0 0
299 66 24 0 0
300 67 24 0 0
301 68 24 0 0
302 67 24 0 0
303 68 24 0 0
304 67 24 0 0
305 68 24 0 0
306 69 24 0 0
307 68 24 0 0
308 69 24 0 0
309 68 24 0 0
310 69 24 0 0
311 70 24 0 0
312 69 24 0 0
313 70 24 0 0
314 69 24 0 0
315 70 24 0 0
316 71 24 0 0
317 70 24 0 0
318 70 25 0 0
319 71 25 0 0
320 70 25 0 0
321 71 25 0 0
322 70 25 0 0
323 71 25 0 0
324 72 25 0 0
325 71 25 0 0
326 72 25 0 0
327 71 25 0 0
328 72 25 0 0
329 73 25 0 0
330 72 25 0 0
331 73 25 0 0
332 72 25 0 0
333 73 25 0 0
334 72 25 0 0
335 73 25 0 0
336 74 25 0 0
337 73 25 0 0
338 74 25 0 0
339 73 25 0 0
340 74 25 0 0
341 75 25 0 0
342 74 25 0 0
343 75 25 0 0
344 74 25 0 0
345 75 25 0 0
346 74 25 0 0
347 75 25 0 0
348 76 25 0 0
349 75 25 0 0
350 76 25 0 0
351 77 25 0 0
352 76 25 0 0
353 77 25 0 0
354 76 25 0 0
355 77 25 0 0
356 76 25 0 0
357 77 25 0 0
358 78 25 0 0
359 77 25 0 0
360 78 25 0 0
361 77 25 0 0
362 78 25 0 0
363 79 25 0 0
364 78 25 0 0
365 79 25 0 0
366 78 25 0 0
367 79 25 0 0
368 78 25 0 0
369 79 25 0 0
370 80 25 0 0
371 79 25 0 0
372 80 25 0 0
373 79 25 0 0
374 80 25 0 0
375 79 25 0 0
376 80 25 0 0
377 81 25 0 0
378 80 25 0 0
379 81 25 0 0
380 80 25 0 0
381 81 25 0 0
382 80 25 0 0
383 81 25 0 0
384 82 25 0 0
385 81 25 0 0
386 82 25 0 0
387 83 25 0 0
388 82 25 0 0
389 83 25 0 0
390 82 25 0 0
391 83 25 0 0
392 82 25 0 0
393 82 26 0 0
394 83 26 0 0
395 84 26 0 0
396 83 26 0 0
397 84 26 0 0
398 85 26 0 0
399 84 26 0 0
400 85 26 0 0
401 84 26 0 0
402 85 26 0 0
403 84 26 0 0
404 85 26 0 0
405 86 26 0 0
406 85 26 0 0
407 86 26 0 0
408 87 26 0 0
409 86 26 0 0
410 87 26 0 0
411 86 26 0 0
412 87 26 0 0
413 86 26 0 0
414 86 27 0 0
415 87 27 0 0
416 88 27 0 0
417 87 27 0 0
418 88 27 0 0
419 87 27 0 0
420 88 27 0 0
421 89 27 0 0
422 88 27 0 0
423 89 27 0 0
424 88 27 0 0
425 89 27 0 0
426 90 27 0 0
427 89 27 0 0
428 90 27 0 0
429 89 27 0 0
430 90 27 0 0
431 91 27 0 0
432 90 27 0 0
433 90 28 0 0
434 91 28 0 0
435 90 28 0 0
436 91 28 0 0
437 92 28 0 0
438 91 28 0 0
439 92 28 0 0
440 91 28 0 0
441 92 28 0 0
442 93 28 0 0
443 92 28 0 0
444 93 28 0 0
445 92 28 0 0
446 93 28 0 0
447 92 28 0 0
448 93 28 0 0
449 94 28 0 0
450 93 28 0 0
451 94 28 0 0
452 95 28 0 0
453 94 28 0 0
454 94 29 0 0
455 95 29 0 0
456 94 29 0 0
457 95 29 0 0
458 94 29 0 0
459 95 29 0 0
460 96 29 0 0
461 95 29 0 0
462 96 29 0 0
463 95 29 0 0
464 96 29 0 0
465 97 29 0 0
466 96 29 0 0
467 97 29 0 0
468 96 29 0 0
469 97 29 0 0
470 98 29 0 0
471 97 29 0 0
472 98 29 0 0
473 97 29 0 0
474 98 29 0 0
475 99 29 0 0
476 98 29 0 0
477 99 29 0 0
478 98 29 0 0
479 99 29 0 0
480 99 30 0 0
481 100 30 0 0
482 99 30 0 0
483 100 30 0 0
484 99 30 0 0
485 100 30 0 0
486 101 30 0 0
487 100 30 0 0
488 101 30 0 0
489 100 30 0 0
490 101 30 0 0
491 102 30 0 0
492 101 30 0 0
493 102 30 0 0
494 101 30 0 0
495 102 30 0 0
496 103 30 0 0
497 102 30 0 0
498 103 30 0 0
499 102 30 0 0
500 102 31 0 0
501 103 31 0 0
502 104 31 0 0
503 103 31 0 0
504 104 31 0 0
505 103 31 0 0
506 104 31 0 0
507 105 31 0 0
508 104 31 0 0
509 105 31 0 0
510 104 31 0 0
511 105 31 0 0
512 104 31 0 0
513 105 31 0 0
514 106 31 0 0
515 105 31 0 0
516 106 31 0 0
517 105 31 0 0
518 106 31 0 0
519 107 31 0 0
520 106 31 0 0
521 106 32 0 0
522 107 32 0 0
523 106 32 0 0
524 107 32 0 0
525 108 32 0 0
526 107 32 0 0
527 108 32 0 0
528 107 32 0 0
529 108 32 0 0
530 109 32 0 0
531 108 32 0 0
532 109 32 0 0
533 108 32 0 0
534 109 32 0 0
535 110 32 0 0
536 109 32 0 0
537 110 32 0 0
538 109 32 0 0
539 110 32 0 0
540 111 32 0 0
541 110 32 0 0
542 111 32 0 0
543 110 32 0 0
544 111 32 0 0
545 111 33 0 0
546 112 33 0 0
547 111 33 0 0
548 112 33 0 0
549 111 33 0 0
550 112 33 0 0
551 113 33 0 0
552 112 33 0 0
553 113 33 0 0
554 112 33 0 0
555 113 33 0 0
556 112 33 0 0
557 113 33 0 0
558 114 33 0 0
559 113 33 0 0
560 114 33 0 0
561 115 33 0 0
562 114 33 0 0
563 115 33 0 0
564 114 33 0 0
565 115 33 0 0
566 114 33 0 0
567 115 33 0 0
568 116 33 0 0
569 115 33 0 0
570 116 33 0 0
571 115 33 0 0
572 115 34 0 0
573 116 34 0 0
574 117 34 0 0
575 116 34 0 0
576 117 34 0 0
577 116 34 0 0
578 117 34 0 0
579 118 34 0 0
580 117 34 0 0
581 118 34 0 0
582 117 34 0 0
583 118 34 0 0
584 117 34 0 0
585 118 34 0 0
586 119 34 0 0
587 118 34 0 0
588 119 34 0 0
589 120 34 0 0
590 119 34 0 0
591 120 34 0 0
592 119 34 0 0
593 120 34 0 0
594 119 34 0 0
595 120 34 0 0
596 121 34 0 0
597 120 34 0 0
598 120 35 0 0
599 121 35 0 0
600 120 35 0 0
601 121 35 0 0
602 122 35 0 0
603 121 35 0 0
604 122 35 0 0
605 123 35 0 0
606 122 35 0 0
607 123 35 0 0
608 122 35 0 0
609 123 35 0 0
610 122 35 0 0
611 122 36 0 0
612 123 36 0 0
613 124 36 0 0
614 123 36 0 0
615 124 36 0 0
616 125 36 0 0
617 124 36 0 0
618 125 36 0 0
619 124 36 0 0
620 125 36 0 0
621 126 36 0 0
622 125 36 0 0
623 126 36 0 0
624 125 36 0 0
625 126 36 0 0
626 126 37 0 0
627 127 37 0 0
628 126 37 0 0
629 127 37 0 0
630 126 37 0 0
631 127 37 0 0
632 128 37 0 0
633 127 37 0 0
634 128 37 0 0
635 129 37 0 0
636 128 37 0 0
637 129 37 0 0
638 128 37 0 0
639 128 38 0 0
640 129 38 0 0
641 128 38 0 0
642 129 38 0 0
643 130 38 0 0
644 129 38 0 0
645 130 38 0 0
646 129 38 0 0
647 130 38 0 0
648 131 38 0 0
649 130 38 0 0
650 131 38 0 0
651 130 38 0 0
652 130 39 0 0
653 131 39 0 0
654 132 39 0 0
655 131 39 0 0
656 132 39 0 0
657 131 39 0 0
658 132 39 0 0
659 133 39 0 0
660 132 39 0 0
661 133 39 0 0
662 132 39 0 0
663 133 39 0 0
664 133 40 0 0
665 134 40 0 0
666 133 40 0 0
667 134 40 0 0
668 135 40 0 0
669 134 40 0 0
670 135 40 0 0
671 134 40 0 0
672 135 40 0 0
673 134 40 0 0
674 135 40 0 0
675 136 40 0 0
676 135 40 0 0
677 135 41 0 0
678 136 41 0 0
679 137 41 0 0
680 136 41 0 0
681 137 41 0 0
682 136 41 0 0
683 137 41 0 0
684 138 41 0 0
685 137 41 0 0
686 138 41 0 0
687 137 41 0 0
688 138 41 0 0
689 137 41 0 0
690 137 42 0 0
691 138 42 0 0
692 139 42 0 0
693 138 42 0 0
694 139 42 0 0
695 140 42 0 0
696 139 42 0 0
697 140 42 0 0
698 139 42 0 0
699 140 42 0 0
700 141 42 0 0
701 140 42 0 0
702 140 43 0 0
703 141 43 0 0
704 140 43 0 0
705 141 43 0 0
706 142 43 0 0
707 141 43 0 0
708 142 43 0 0
709 141 43 0 0
710 142 43 0 0
711 143 43 0 0
712 142 43 0 0
713 143 43 0 0
714 142 43 0 0
715 143 43 0 0
716 144 43 0 0
717 143 43 0 0
718 143 44 0 0
719 144 44 0 0
720 143 44 0 0
721 144 44 0 0
722 145 44 0 0
723 144 44 0 0
724 145 44 0 0
725 144 44 0 0
726 145 44 0 0
727 146 44 0 0
728 145 44 0 0
729 145 45 0 0
730 146 45 0 0
731 147 45 0 0
732 146 45 0 0
733 147 45 0 0
734 148 45 0 0
735 147 45 0 0
736 148 45 0 0
737 147 45 0 0
738 147 46 0 0
739 148 46 0 0
740 149 46 0 0
741 148 46 0 0
742 149 46 0 0
743 150 46 0 0
744 149 46 0 0
745 150 46 0 0
746 151 46 0 0
747 150 46 0 0
748 150 47 0 0
749 151 47 0 0
750 150 47 0 0
751 151 47 0 0
752 152 47 0 0
753 151 47 0 0
754 152 47 0 0
755 153 47 0 0
756 152 47 0 0
757 152 48 0 0
758 153 48 0 0
759 154 48 0 0
760 153 48 0 0
761 154 48 0 0
762 153 48 0 0
763 154 48 0 0
764 155 48 0 0
765 154 48 0 0
766 155 48 0 0
767 155 49 0 0
768 156 49 0 0
769 155 49 0 0
770 156 49 0 0
771 155 49 0 0
772 156 49 0 0
773 157 49 0 0
774 156 49 0 0
775 157 49 0 0
776 156 49 0 0
777 156 50 0 0
778 157 50 0 0
779 158 50 0 0
780 157 50 0 0
781 158 50 0 0
782 159 50 0 0
783 158 50 0 0
784 159 50 0 0
785 160 50 0 0
786 159 50 0 0
787 160 50 0 0
788 160 51 0 0
789 161 51 0 0
790 160 51 0 0
791 161 51 0 0
792 160 51 0 0
793 161 51 0 0
794 162 51 0 0
795 161 51 0 0
796 162 51 0 0
797 161 51 0 0
798 161 52 0 0
799 162 52 0 0
800 163 52 0 0
801 162 52 0 0
802 163 52 0 0
803 164 52 0 0
804 163 52 0 0
805 164 52 0 0
806 165 52 0 0
807 164 52 0 0
808 164 53 0 0
809 165 53 0 0
810 166 53 0 0
811 165 53 0 0
812 166 53 0 0
813 165 53 0 0
814 166 53 0 0
815 167 53 0 0
816 166 53 0 0
817 167 53 0 0
818 166 53 0 0
819 167 53 0 0
820 168 53 0 0
821 167 53 0 0
822 167 54 0 0
823 168 54 0 0
824 167 54 0 0
825 168 54 0 0
826 169 54 0 0
827 168 54 0 0
828 169 54 0 0
829 168 54 0 0
830 169 54 0 0
831 170 54 0 0
832 169 54 0 0
833 170 54 0 0
834 169 54 0 0
835 170 54 0 0
836 171 54 0 0
837 170 54 0 0
838 170 55 0 0
839 171 55 0 0
840 172 55 0 0
841 171 55 0 0
842 172 55 0 0
843 171 55 0 0
844 172 55 0 0
845 173 55 0 0
846 172 55 0 0
847 173 55 0 0
848 174 55 0 0
849 173 55 0 0
850 174 55 0 0
851 173 55 0 0
852 174 55 0 0
853 174 56 0 0
854 175 56 0 0
855 174 56 0 0
856 175 56 0 0
857 176 56 0 0
858 175 56 0 0
859 176 56 0 0
860 175 56 0 0
861 176 56 0 0
862 177 56 0 0
863 176 56 0 0
864 177 56 0 0
865 176 56 0 0
866 177 56 0 0
867 178 56 0 0
868 177 56 0 0
869 177 57 0 0
870 178 57 0 0
871 177 57 0 0
872 178 57 0 0
873 179 57 0 0
874 178 57 0 0
875 179 57 0 0
876 178 57 0 0
877 179 57 0 0
878 180 57 0 0
879 179 57 0 0
880 180 57 0 0
881 181 57 0 0
882 180 57 0 0
883 181 57 0 0
884 180 57 0 0
885 180 58 0 0
886 181 58 0 0
887 182 58 0 0
888 181 58 0 0
889 182 58 0 0
890 181 58 0 0
891 182 58 0 0
892 183 58 0 0
893 182 58 0 0
894 183 58 0 0
895 184 58 0 0
896 183 58 0 0
897 184 58 0 0
898 183 58 0 0
899 184 58 0 0
900 183 58 0 0
901 184 58 0 0
902 183 58 0 0
903 184 58 0 0
904 185 58 0 0
905 184 58 0 0
906 185 58 0 0
907 184 58 0 0
908 184 57 0 0
909 185 57 0 0
910 184 57 0 0
911 185 57 0 0
912 184 57 0 0
913 185 57 0 0
914 184 57 0 0
915 185 57 0 0
916 184 57 0 0
917 184 56 0 0
918 185 56 0 0
919 184 56 0 0
920 184 57 0 0
921 185 57 0 0
922 186 57 0 0
923 185 57 0 0
924 186 57 0 0
925 187 57 0 0
926 186 57 0 0
927 187 57 0 0
928 188 57 0 0
929 189 57 0 0
930 188 57 0 0
931 188 58 0 0
932 189 58 0 0
933 190 58 0 0
934 189 58 0 0
935 190 58 0 0
936 189 58 0 0
937 190 58 0 0
938 191 58 0 0
939 190 58 0 0
940 191 58 0 0
941 191 57 0 0
942 192 57 0 0
943 191 57 0 0
944 192 57 0 0
945 191 57 0 0
946 192 57 0 0
947 191 57 0 0
948 192 57 0 0
949 193 57 0 0
950 192 57 0 0
951 193 57 0 0
952 194 57 0 0
953 193 57 0 0
954 194 57 0 0
955 193 57 0 0
956 194 57 0 0
957 193 57 0 0
958 194 57 0 0
959 193 57 0 0
960 194 57 0 0
961 195 57 0 0
962 194 57 0 0
963 195 57 0 0
964 194 57 0 0
965 194 58 0 0
966 195 58 0 0
967 194 58 0 0
968 195 58 0 0
