0 97 12 0 0
1 97 13 0 0
2 98 13 0 0
3 97 13 0 0
4 97 14 0 0
5 98 14 0 0
6 97 14 0 0
7 97 15 0 0
8 98 15 0 0
9 97 15 0 0
10 98 15 0 0
11 97 15 0 0
12 97 16 0 0
13 98 16 0 0
14 97 16 0 0
15 97 17 0 0
16 98 17 0 0
17 97 17 0 0
18 98 17 0 0
19 97 17 0 0
20 97 18 0 0
21 98 18 0 0
22 97 18 0 0
23 97 19 0 0
24 98 19 0 0
25 97 19 0 0
26 98 19 0 0
27 97 19 0 0
28 97 20 0 0
29 98 20 0 0
30 97 20 0 0
31 97 21 0 0
32 98 21 0 0
33 97 21 0 0
34 98 21 0 0
35 97 21 0 0
36 97 22 0 0
37 98 22 0 0
38 97 22 0 0
39 97 23 0 0
40 98 23 0 0
41 99 23 0 0
42 98 23 0 0
43 98 24 0 0
44 99 24 0 0
45 98 24 0 0
46 98 25 0 0
47 99 25 0 0
48 98 25 0 0
49 98 26 0 0
50 99 26 0 0
51 98 26 0 0
52 99 26 0 0
53 98 26 0 0
54 98 27 0 0
55 99 27 0 0
56 98 27 0 0
57 98 28 0 0
58 99 28 0 0
59 98 28 0 0
60 98 29 0 0
61 99 29 0 0
62 98 29 0 0
63 98 30 0 0
64 99 30 0 0
65 98 30 0 0
66 99 30 0 0
67 98 30 0 0
68 98 31 0 0
69 99 31 0 0
70 98 31 0 0
71 98 32 0 0
72 99 32 0 0
73 98 32 0 0
74 99 32 0 0
75 98 32 0 0
76 98 33 0 0
77 98 34 0 0
78 99 34 0 0
79 100 34 0 0
80 99 34 0 0
81 99 35 0 0
82 100 35 0 0
83 99 35 0 0
84 99 36 0 0
85 100 36 0 0
86 99 36 0 0
87 100 36 0 0
88 99 36 0 0
89 99 37 0 0
90 100 37 0 0
91 99 37 0 0
92 99 38 0 0
93 100 38 0 0
94 99 38 0 0
95 99 39 0 0
96 100 39 0 0
97 99 39 0 0
98 100 39 0 0
99 99 39 0 0
100 99 40 0 0
101 99 41 0 0
102 100 41 0 0
103 99 41 0 0
104 100 41 0 0
105 99 41 0 0
106 99 42 0 0
107 100 42 0 0
108 99 42 0 0
109 99 43 0 0
110 100 43 0 0
111 99 43 0 0
112 100 43 0 0
113 99 43 0 0
114 99 44 0 0
115 100 44 0 0
116 99 44 0 0
117 99 45 0 0
118 100 45 0 0
119 99 45 0 0
120 100 45 0 0
121 99 45 0 0
122 99 46 0 0
123 100 46 0 0
124 99 46 0 0
125 99 47 0 0
126 100 47 0 0
127 99 47 0 0
128 100 47 0 0
129 99 47 0 0
130 99 48 0 0
131 100 48 0 0
132 99 48 0 0
133 100 48 0 0
134 99 48 0 0
135 99 49 0 0
136 100 49 0 0
137 99 49 0 0
138 99 50 0 0
139 100 50 0 0
140 99 50 0 0
141 99 51 0 0
142 100 51 0 0
143 99 51 0 0
144 100 51 0 0
145 99 51 0 0
146 99 52 0 0
147 100 52 0 0
148 99 52 0 0
149 99 53 0 0
150 100 53 0 0
151 99 53 0 0
152 100 53 0 0
153 99 53 0 0
154 99 54 0 0
155 100 54 0 0
156 99 54 0 0
157 100 54 0 0
158 99 54 0 0
159 99 55 0 0
160 100 55 0 0
161 99 55 0 0
162 99 56 0 0
163 100 56 0 0
164 99 56 0 0
165 99 57 0 0
166 100 57 0 0
167 99 57 0 0
168 99 58 0 0
169 100 58 0 0
170 99 58 0 0
171 100 58 0 0
172 99 58 0 0
173 99 59 0 0
174 100 59 0 0
175 99 59 0 0
176 99 60 0 0
177 100 60 0 0
178 99 60 0 0
179 100 60 0 0
180 99 60 0 0
181 99 61 0 0
182 100 61 0 0
183 99 61 0 0
184 99 62 0 0
185 100 62 0 0
186 99 62 0 0
187 100 62 0 0
188 99 62 0 0
189 99 63 0 0
190 99 64 0 0
191 100 64 0 0
192 99 64 0 0
193 100 64 0 0
194 99 64 0 0
195 99 65 0 0
196 100 65 0 0
197 99 65 0 0
198 99 66 0 0
199 100 66 0 0
200 99 66 0 0
201 99 67 0 0
202 100 67 0 0
203 99 67 0 0
204 100 67 0 0
205 99 67 0 0
206 99 68 0 0
207 100 68 0 0
208 99 68 0 0
209 100 68 0 0
210 99 68 0 0
211 99 69 0 0
212 100 69 0 0
213 99 69 0 0
214 99 70 0 0
215 100 70 0 0
216 99 70 0 0
217 99 71 0 0
218 100 71 0 0
219 99 71 0 0
220 100 71 0 0
221 99 71 0 0
222 99 72 0 0
223 100 72 0 0
224 99 72 0 0
225 100 72 0 0
226 99 72 0 0
227 99 73 0 0
228 100 73 0 0
229 99 73 0 0
230 100 73 0 0
231 100 74 0 0
232 101 74 0 0
233 100 74 0 0
234 100 75 0 0
235 101 75 0 0
236 100 75 0 0
237 101 75 0 0
238 100 75 0 0
239 101 75 0 0
240 100 75 0 0
241 100 76 0 0
242 101 76 0 0
243 100 76 0 0
244 101 76 0 0
245 100 76 0 0
246 100 77 0 0
247 101 77 0 0
248 100 77 0 0
249 101 77 0 0
250 100 77 0 0
251 100 78 0 0
252 101 78 0 0
253 100 78 0 0
254 100 79 0 0
255 101 79 0 0
256 100 79 0 0
257 101 79 0 0
258 100 79 0 0
259 100 80 0 0
260 101 80 0 0
261 100 80 0 0
262 101 80 0 0
263 100 80 0 0
264 101 80 0 0
265 100 80 0 0
266 100 81 0 0
267 101 81 0 0
268 100 81 0 0
269 100 82 0 0
270 101 82 0 0
271 102 82 0 0
272 101 82 0 0
273 101 83 0 0
274 102 83 0 0
275 101 83 0 0
276 102 83 0 0
277 101 83 0 0
278 101 84 0 0
279 102 84 0 0
280 101 84 0 0
281 102 84 0 0
282 101 84 0 0
283 101 85 0 0
284 102 85 0 0
285 101 85 0 0
286 101 86 0 0
287 102 86 0 0
288 101 86 0 0
289 102 86 0 0
290 101 86 0 0
291 101 87 0 0
292 102 87 0 0
293 101 87 0 0
294 102 87 0 0
295 101 87 0 0
296 101 88 0 0
297 102 88 0 0
298 103 88 0 0
299 102 88 0 0
300 102 89 0 0
301 103 89 0 0
302 102 89 0 0
303 102 90 0 0
304 103 90 0 0
305 102 90 0 0
306 103 90 0 0
307 102 90 0 0
308 102 91 0 0
309 103 91 0 0
310 102 91 0 0
311 103 91 0 0
312 102 91 0 0
313 102 92 0 0
314 103 92 0 0
315 102 92 0 0
316 103 92 0 0
317 102 92 0 0
318 102 93 0 0
319 103 93 0 0
320 102 93 0 0
321 102 94 0 0
322 103 94 0 0
323 102 94 0 0
324 103 94 0 0
325 103 95 0 0
326 104 95 0 0
327 103 95 0 0
328 104 95 0 0
329 103 95 0 0
330 103 96 0 0
331 104 96 0 0
332 103 96 0 0
333 104 96 0 0
334 103 96 0 0
335 103 97 0 0
336 104 97 0 0
337 103 97 0 0
338 104 97 0 0
339 103 97 0 0
340 103 98 0 0
341 104 98 0 0
342 104 99 0 0
343 105 99 0 0
344 104 99 0 0
345 105 99 0 0
346 104 99 0 0
347 104 100 0 0
348 105 100 0 0
349 104 100 0 0
350 105 100 0 0
351 104 100 0 0
352 104 101 0 0
353 105 101 0 0
354 104 101 0 0
355 105 101 0 0
356 105 102 0 0
357 106 102 0 0
358 105 102 0 0
359 105 103 0 0
360 106 103 0 0
361 105 103 0 0
362 106 103 0 0
363 105 103 0 0
364 105 104 0 0
365 106 104 0 0
366 107 104 0 0
367 106 104 0 0
368 106 105 0 0
369 107 105 0 0
370 106 105 0 0
371 107 105 0 0
372 106 105 0 0
373 106 106 0 0
374 107 106 0 0
375 106 106 0 0
376 106 107 0 0
377 107 107 0 0
378 106 107 0 0
379 107 107 0 0
380 107 108 0 0
381 108 108 0 0
382 107 108 0 0
383 108 108 0 0
384 107 108 0 0
385 107 109 0 0
386 108 109 0 0
387 107 109 0 0
388 108 109 0 0
389 107 109 0 0
390 107 110 0 0
391 108 110 0 0
392 107 110 0 0
393 107 111 0 0
394 108 111 0 0
395 109 111 0 0
396 108 111 0 0
397 108 112 0 0
398 109 112 0 0
399 108 112 0 0
400 109 112 0 0
401 108 112 0 0
402 108 113 0 0
403 109 113 0 0
404 108 113 0 0
405 108 114 0 0
406 109 114 0 0
407 110 114 0 0
408 109 114 0 0
409 110 114 0 0
410 109 114 0 0
411 109 115 0 0
412 110 115 0 0
413 109 115 0 0
414 109 116 0 0
415 110 116 0 0
416 109 116 0 0
417 109 117 0 0
418 110 117 0 0
419 109 117 0 0
420 110 117 0 0
421 109 117 0 0
422 109 118 0 0
423 110 118 0 0
424 109 118 0 0
425 110 118 0 0
426 109 118 0 0
427 109 119 0 0
428 110 119 0 0
429 109 119 0 0
430 109 120 0 0
431 110 120 0 0
432 111 120 0 0
433 110 120 0 0
434 110 121 0 0
435 111 121 0 0
436 110 121 0 0
437 111 121 0 0
438 110 121 0 0
439 110 122 0 0
440 111 122 0 0
441 110 122 0 0
442 111 122 0 0
443 110 122 0 0
444 110 123 0 0
445 111 123 0 0
446 110 123 0 0
447 110 124 0 0
448 111 124 0 0
449 110 124 0 0
450 110 125 0 0
451 111 125 0 0
452 110 125 0 0
453 111 125 0 0
454 111 126 0 0
455 112 126 0 0
456 111 126 0 0
457 112 126 0 0
458 111 126 0 0
459 111 127 0 0
460 112 127 0 0
461 111 127 0 0
462 111 128 0 0
463 112 128 0 0
464 111 128 0 0
465 112 128 0 0
466 111 128 0 0
467 111 129 0 0
468 112 129 0 0
469 111 129 0 0
470 112 129 0 0
471 111 129 0 0
472 111 130 0 0
473 112 130 0 0
474 111 130 0 0
475 111 131 0 0
476 112 131 0 0
477 111 131 0 0
478 112 131 0 0
479 111 131 0 0
480 111 132 0 0
481 112 132 0 0
482 111 132 0 0
483 112 132 0 0
484 112 133 0 0
485 113 133 0 0
486 112 133 0 0
487 111 133 0 0
488 111 134 0 0
489 112 134 0 0
490 111 134 0 0
491 111 135 0 0
492 112 135 0 0
493 111 135 0 0
494 112 135 0 0
495 111 135 0 0
496 111 136 0 0
497 112 136 0 0
498 111 136 0 0
499 112 136 0 0
500 111 136 0 0
501 111 137 0 0
502 112 137 0 0
503 111 137 0 0
504 112 137 0 0
505 111 137 0 0
506 111 138 0 0
507 112 138 0 0
508 111 138 0 0
509 111 139 0 0
510 112 139 0 0
511 111 139 0 0
512 112 139 0 0
513 111 139 0 0
514 111 140 0 0
515 112 140 0 0
516 111 140 0 0
517 112 140 0 0
518 111 140 0 0
519 111 141 0 0
520 112 141 0 0
521 111 141 0 0
522 112 141 0 0
523 111 141 0 0
524 111 142 0 0
525 110 142 0 0
526 110 143 0 0
527 111 143 0 0
528 110 143 0 0
529 111 143 0 0
530 110 143 0 0
531 110 144 0 0
532 111 144 0 0
533 110 144 0 0
534 111 144 0 0
535 110 144 0 0
536 110 145 0 0
537 111 145 0 0
538 110 145 0 0
539 110 146 0 0
540 111 146 0 0
541 110 146 0 0
542 111 146 0 0
543 110 146 0 0
544 110 147 0 0
545 111 147 0 0
546 110 147 0 0
547 111 147 0 0
548 110 147 0 0
549 110 148 0 0
550 111 148 0 0
551 110 148 0 0
552 109 148 0 0
553 109 149 0 0
554 110 149 0 0
555 109 149 0 0
556 109 150 0 0
557 110 150 0 0
558 109 150 0 0
559 110 150 0 0
560 109 150 0 0
561 109 151 0 0
562 110 151 0 0
563 109 151 0 0
564 110 151 0 0
565 109 151 0 0
566 109 152 0 0
567 110 152 0 0
568 109 152 0 0
569 110 152 0 0
570 109 152 0 0
571 109 153 0 0
572 108 153 0 0
573 108 154 0 0
574 109 154 0 0
575 108 154 0 0
576 109 154 0 0
577 108 154 0 0
578 108 155 0 0
579 109 155 0 0
580 108 155 0 0
581 109 155 0 0
582 108 155 0 0
583 108 156 0 0
584 107 156 0 0
585 108 156 0 0
586 107 156 0 0
587 107 157 0 0
588 108 157 0 0
589 107 157 0 0
590 107 158 0 0
591 108 158 0 0
592 107 158 0 0
593 108 158 0 0
594 107 158 0 0
595 107 159 0 0
596 108 159 0 0
597 107 159 0 0
598 107 160 0 0
599 106 160 0 0
600 106 161 0 0
601 107 161 0 0
602 106 161 0 0
603 107 161 0 0
604 106 161 0 0
605 106 162 0 0
606 107 162 0 0
607 106 162 0 0
608 107 162 0 0
609 106 162 0 0
610 106 163 0 0
611 107 163 0 0
612 106 163 0 0
613 105 163 0 0
614 105 164 0 0
615 106 164 0 0
616 105 164 0 0
617 105 165 0 0
618 106 165 0 0
619 105 165 0 0
620 106 165 0 0
621 105 165 0 0
622 105 166 0 0
623 104 166 0 0
624 105 166 0 0
625 104 166 0 0
626 104 167 0 0
627 105 167 0 0
628 104 167 0 0
629 105 167 0 0
630 104 167 0 0
631 104 168 0 0
632 105 168 0 0
633 104 168 0 0
634 104 169 0 0
635 105 169 0 0
636 104 169 0 0
637 104 170 0 0
638 103 170 0 0
639 104 170 0 0
640 103 170 0 0
641 103 171 0 0
642 104 171 0 0
643 103 171 0 0
644 103 172 0 0
645 104 172 0 0
646 103 172 0 0
647 104 172 0 0
648 103 172 0 0
649 103 173 0 0
650 102 173 0 0
651 103 173 0 0
652 102 173 0 0
653 102 174 0 0
654 103 174 0 0
655 102 174 0 0
656 103 174 0 0
657 102 174 0 0
658 102 175 0 0
659 103 175 0 0
660 102 175 0 0
661 102 176 0 0
662 103 176 0 0
663 102 176 0 0
664 103 176 0 0
665 102 176 0 0
666 102 177 0 0
667 101 177 0 0
668 102 177 0 0
669 101 177 0 0
670 101 178 0 0
671 102 178 0 0
672 101 178 0 0
673 102 178 0 0
674 101 178 0 0
675 101 179 0 0
676 102 179 0 0
677 101 179 0 0
678 101 180 0 0
679 102 180 0 0
680 101 180 0 0
681 102 180 0 0
682 101 180 0 0
683 101 181 0 0
684 100 181 0 0
685 101 181 0 0
686 100 181 0 0
687 100 182 0 0
688 101 182 0 0
689 100 182 0 0
690 101 182 0 0
691 100 182 0 0
692 100 183 0 0
693 101 183 0 0
694 100 183 0 0
695 100 184 0 0
696 99 184 0 0
697 100 184 0 0
698 99 184 0 0
699 99 185 0 0
700 100 185 0 0
701 99 185 0 0
702 100 185 0 0
703 99 185 0 0
704 99 186 0 0
705 100 186 0 0
706 99 186 0 0
707 99 187 0 0
708 100 187 0 0
709 99 187 0 0
710 99 188 0 0
711 100 188 0 0
712 99 188 0 0
713 100 188 0 0
714 99 188 0 0
715 99 189 0 0
716 100 189 0 0
717 99 189 0 0
718 98 189 0 0
719 98 190 0 0
720 99 190 0 0
721 98 190 0 0
722 98 191 0 0
723 99 191 0 0
724 98 191 0 0
725 99 191 0 0
726 98 191 0 0
727 98 192 0 0
728 99 192 0 0
729 98 192 0 0
730 99 192 0 0
731 98 192 0 0
732 98 193 0 0
733 99 193 0 0
734 98 193 0 0
735 99 193 0 0
736 98 193 0 0
737 98 194 0 0
738 99 194 0 0
739 98 194 0 0
740 98 195 0 0
741 99 195 0 0
742 98 195 0 0
743 99 195 0 0
744 98 195 0 0
745 98 196 0 0
746 99 196 0 0
747 98 196 0 0
748 99 196 0 0
749 98 196 0 0
750 98 197 0 0
751 99 197 0 0
752 98 197 0 0
753 99 197 0 0
754 98 197 0 0
755 98 198 0 0
756 99 198 0 0
757 98 198 0 0
758 98 199 0 0
759 97 199 0 0
760 98 199 0 0
761 97 199 0 0
762 97 200 0 0
763 98 200 0 0
764 97 200 0 0
765 98 200 0 0
766 97 200 0 0
767 97 201 0 0
768 98 201 0 0
769 97 201 0 0
770 98 201 0 0
771 97 201 0 0
772 97 202 0 0
773 98 202 0 0
774 97 202 0 0
775 97 203 0 0
776 98 203 0 0
777 97 203 0 0
778 98 203 0 0
779 97 203 0 0
780 97 204 0 0
781 98 204 0 0
782 97 204 0 0
783 97 205 0 0
784 98 205 0 0
785 97 205 0 0
786 97 206 0 0
787 98 206 0 0
788 97 206 0 0
789 98 206 0 0
790 97 206 0 0
791 97 207 0 0
792 98 207 0 0
793 97 207 0 0
794 98 207 0 0
795 97 207 0 0
796 97 208 0 0
797 98 208 0 0
798 97 208 0 0
799 97 209 0 0
800 96 209 0 0
801 96 210 0 0
802 97 210 0 0
803 96 210 0 0
804 97 210 0 0
805 96 210 0 0
806 96 211 0 0
807 97 211 0 0
808 96 211 0 0
809 96 212 0 0
810 97 212 0 0
811 96 212 0 0
812 97 212 0 0
813 96 212 0 0
814 96 213 0 0
815 97 213 0 0
816 96 213 0 0
817 96 214 0 0
818 97 214 0 0
819 96 214 0 0
820 97 214 0 0
821 96 214 0 0
822 96 215 0 0
823 97 215 0 0
824 96 215 0 0
825 96 216 0 0
826 97 216 0 0
827 96 216 0 0
828 97 216 0 0
829 96 216 0 0
830 96 217 0 0
831 97 217 0 0
832 96 217 0 0
833 96 218 0 0
834 97 218 0 0
835 96 218 0 0
836 96 219 0 0
837 97 219 0 0
838 96 219 0 0
839 97 219 0 0
840 96 219 0 0
841 96 220 0 0
842 97 220 0 0
843 96 220 0 0
844 97 220 0 0
845 96 220 0 0
846 96 221 0 0
847 97 221 0 0
848 96 221 0 0
849 96 222 0 0
850 97 222 0 0
851 96 222 0 0
852 96 223 0 0
853 97 223 0 0
854 96 223 0 0
855 97 223 0 0
856 96 223 0 0
857 96 224 0 0
858 97 224 0 0
859 96 224 0 0
860 96 225 0 0
861 97 225 0 0
862 96 225 0 0
863 96 226 0 0
864 95 226 0 0
865 96 226 0 0
866 95 226 0 0
867 95 227 0 0
868 96 227 0 0
869 95 227 0 0
870 96 227 0 0
871 95 227 0 0
872 95 228 0 0
873 96 228 0 0
874 95 228 0 0
875 95 229 0 0
876 96 229 0 0
877 95 229 0 0
878 96 229 0 0
879 95 229 0 0
880 95 230 0 0
881 96 230 0 0
882 95 230 0 0
883 96 230 0 0
884 95 230 0 0
885 95 231 0 0
886 96 231 0 0
887 95 231 0 0
888 95 232 0 0
889 96 232 0 0
890 95 232 0 0
891 95 233 0 0
892 96 233 0 0
893 95 233 0 0
894 96 233 0 0
895 95 233 0 0
896 95 234 0 0
897 96 234 0 0
898 95 234 0 0
899 96 234 0 0
900 95 234 0 0
901 95 235 0 0
902 96 235 0 0
903 95 235 0 0
904 95 236 0 0
905 96 236 0 0
906 95 236 0 0
907 94 236 0 0
908 94 237 0 0
909 95 237 0 0
910 94 237 0 0
911 95 237 0 0
912 94 237 0 0
913 94 238 0 0
914 95 238 0 0
915 94 238 0 0
916 94 239 0 0
917 95 239 0 0
918 94 239 0 0
919 94 240 0 0
920 95 240 0 0
921 94 240 0 0
922 95 240 0 0
923 94 240 0 0
924 94 241 0 0
925 95 241 0 0
926 94 241 0 0
927 95 241 0 0
928 94 241 0 0
929 94 242 0 0
930 95 242 0 0
931 94 242 0 0
932 95 242 0 0
933 94 242 0 0
934 94 243 0 0
935 95 243 0 0
936 94 243 0 0
937 94 244 0 0
938 95 244 0 0
939 94 244 0 0
940 93 244 0 0
941 93 245 0 0
942 94 245 0 0
943 93 245 0 0
944 94 245 0 0
945 93 245 0 0
946 93 246 0 0
947 94 246 0 0
948 93 246 0 0
949 94 246 0 0
950 93 246 0 0
951 94 246 0 0
952 93 246 0 0
953 93 247 0 0
954 94 247 0 0
955 93 247 0 0
956 93 248 0 0
957 94 248 0 0
958 93 248 0 0
959 94 248 0 0
960 93 248 0 0
961 94 248 0 0
962 93 248 0 0
963 93 249 0 0
964 94 249 0 0
965 93 249 0 0
966 94 249 0 0
967 93 249 0 0
968 93 250 0 0
969 94 250 0 0
970 93 250 0 0
971 93 251 0 0
972 94 251 0 0
973 93 251 0 0
974 94 251 0 0
975 93 251 0 0
976 93 252 0 0
977 94 252 0 0
978 93 252 0 0
979 94 252 0 0
980 93 252 0 0
981 93 253 0 0
982 94 253 0 0
983 93 253 0 0
984 94 253 0 0
985 93 253 0 0
986 93 254 0 0
987 94 254 0 0
988 93 254 0 0
989 93 255 0 0
990 94 255 0 0
991 93 255 0 0
992 93 256 0 0
993 94 256 0 0
994 93 256 0 0
995 94 256 0 0
996 93 256 0 0
997 93 257 0 0
998 94 257 0 0
999 93 257 0 0
1000 93 258 0 0
1001 94 258 0 0
1002 93 258 0 0
1003 93 259 0 0
1004 94 259 0 0
1005 93 259 0 0
1006 93 260 0 0
1007 94 260 0 0
1008 93 260 0 0
1009 94 260 0 0
1010 93 260 0 0
1011 93 261 0 0
1012 94 261 0 0
