0 99 11 0 0
1 99 12 0 0
2 99 13 0 0
3 99 14 0 0
4 99 15 0 0
5 99 16 0 0
6 99 17 0 0
7 99 18 0 0
8 99 19 0 0
9 99 20 0 0
10 99 21 0 0
11 99 22 0 0
12 100 22 0 0
13 100 23 0 0
14 100 24 0 0
15 100 25 0 0
16 100 26 0 0
17 100 27 0 0
18 100 28 0 0
19 100 29 0 0
20 100 30 0 0
21 100 31 0 0
22 100 32 0 0
23 100 33 0 0
24 100 34 0 0
25 100 35 0 0
26 100 36 0 0
27 101 36 0 0
28 101 37 0 0
29 101 38 0 0
30 101 39 0 0
31 101 40 0 0
32 101 41 0 0
33 101 42 0 0
34 101 43 0 0
35 101 44 0 0
36 101 45 0 0
37 101 46 0 0
38 101 47 0 0
39 102 47 0 0
40 102 48 0 0
41 102 49 0 0
42 102 50 0 0
43 102 51 0 0
44 102 52 0 0
45 102 53 0 0
46 102 54 0 0
47 102 55 0 0
48 102 56 0 0
49 102 57 0 0
50 102 58 0 0
51 102 59 0 0
52 102 60 0 0
53 102 61 0 0
54 103 61 0 0
55 103 62 0 0
56 103 63 0 0
57 103 64 0 0
58 103 65 0 0
59 103 66 0 0
60 103 67 0 0
61 103 68 0 0
62 103 69 0 0
63 103 70 0 0
64 103 71 0 0
65 104 71 0 0
66 104 72 0 0
67 104 73 0 0
68 104 74 0 0
69 104 75 0 0
70 104 76 0 0
71 104 77 0 0
72 104 78 0 0
73 104 79 0 0
74 104 80 0 0
75 104 81 0 0
76 104 82 0 0
77 104 83 0 0
78 104 84 0 0
79 104 85 0 0
80 104 86 0 0
81 105 86 0 0
82 105 87 0 0
83 105 88 0 0
84 105 89 0 0
85 105 90 0 0
86 106 90 0 0
87 106 91 0 0
88 106 92 0 0
89 107 92 0 0
90 107 93 0 0
91 108 93 0 0
92 108 94 0 0
93 109 94 0 0
94 109 95 0 0
95 109 96 0 0
96 110 96 0 0
97 110 97 0 0
98 111 97 0 0
99 111 98 0 0
100 111 99 0 0
101 112 99 0 0
102 112 100 0 0
103 112 101 0 0
104 113 101 0 0
105 114 101 0 0
106 114 102 0 0
107 114 103 0 0
108 115 103 0 0
109 115 104 0 0
110 115 105 0 0
111 116 105 0 0
112 116 106 0 0
113 117 106 0 0
114 117 107 0 0
115 117 108 0 0
116 118 108 0 0
117 118 109 0 0
118 119 109 0 0
119 119 110 0 0
120 120 110 0 0
121 120 111 0 0
122 120 112 0 0
123 121 112 0 0
124 122 112 0 0
125 122 113 0 0
126 123 113 0 0
127 123 114 0 0
128 124 114 0 0
129 125 114 0 0
130 126 114 0 0
131 126 115 0 0
132 127 115 0 0
133 128 115 0 0
134 129 115 0 0
135 129 116 0 0
136 130 116 0 0
137 131 116 0 0
138 132 116 0 0
139 132 117 0 0
140 133 117 0 0
141 134 117 0 0
142 134 118 0 0
143 135 118 0 0
144 136 118 0 0
145 137 118 0 0
146 137 119 0 0
147 138 119 0 0
148 139 119 0 0
149 140 119 0 0
150 140 120 0 0
151 141 120 0 0
152 142 120 0 0
153 143 120 0 0
154 143 121 0 0
155 144 121 0 0
156 144 122 0 0
157 145 122 0 0
158 146 122 0 0
159 147 122 0 0
160 147 123 0 0
161 148 123 0 0
162 149 123 0 0
163 150 123 0 0
164 151 123 0 0
165 151 124 0 0
166 152 124 0 0
167 153 124 0 0
168 154 124 0 0
169 154 125 0 0
170 155 125 0 0
171 156 125 0 0
172 157 125 0 0
173 158 125 0 0
174 159 125 0 0
175 159 126 0 0
176 160 126 0 0
177 161 126 0 0
178 162 126 0 0
179 163 126 0 0
180 164 126 0 0
181 165 126 0 0
182 166 126 0 0
183 167 126 0 0
184 168 126 0 0
185 169 126 0 0
186 170 126 0 0
187 170 127 0 0
188 171 127 0 0
189 172 127 0 0
190 173 127 0 0
191 174 127 0 0
192 175 127 0 0
193 176 127 0 0
194 177 127 0 0
195 178 127 0 0
196 179 127 0 0
197 180 127 0 0
198 180 128 0 0
199 181 128 0 0
200 182 128 0 0
201 183 128 0 0
202 184 128 0 0
203 185 128 0 0
204 186 128 0 0
205 187 128 0 0
206 188 128 0 0
207 189 128 0 0
208 190 128 0 0
209 191 128 0 0
210 192 128 0 0
211 193 128 0 0
212 194 128 0 0
213 194 129 0 0
