0 97 13 0 0
1 97 14 0 0
2 97 15 0 0
3 97 16 0 0
4 97 17 0 0
5 97 18 0 0
6 97 19 0 0
7 97 20 0 0
8 97 21 0 0
9 97 22 0 0
10 97 23 0 0
11 97 24 0 0
12 96 24 0 0
13 96 25 0 0
14 96 26 0 0
15 96 27 0 0
16 97 27 0 0
17 97 28 0 0
18 96 28 0 0
19 96 29 0 0
20 96 30 0 0
21 96 31 0 0
22 96 32 0 0
23 97 32 0 0
24 97 33 0 0
25 96 33 0 0
26 96 34 0 0
27 96 35 0 0
28 96 36 0 0
29 96 37 0 0
30 97 37 0 0
31 97 38 0 0
32 96 38 0 0
33 96 39 0 0
34 96 40 0 0
35 96 41 0 0
36 97 41 0 0
37 97 42 0 0
38 97 43 0 0
39 97 44 0 0
40 97 45 0 0
41 97 46 0 0
42 97 47 0 0
43 97 48 0 0
44 97 49 0 0
45 97 50 0 0
46 97 51 0 0
47 97 52 0 0
48 97 53 0 0
49 97 54 0 0
50 97 55 0 0
51 97 56 0 0
52 97 57 0 0
53 97 58 0 0
54 97 59 0 0
55 97 60 0 0
56 97 61 0 0
57 97 62 0 0
58 97 63 0 0
59 97 64 0 0
60 97 65 0 0
61 97 66 0 0
62 98 66 0 0
63 98 67 0 0
64 98 68 0 0
65 98 69 0 0
66 98 70 0 0
67 98 71 0 0
68 99 71 0 0
69 99 72 0 0
70 99 73 0 0
71 99 74 0 0
72 99 75 0 0
73 99 76 0 0
74 99 77 0 0
75 99 78 0 0
76 100 78 0 0
77 100 79 0 0
78 100 80 0 0
79 100 81 0 0
80 100 82 0 0
81 100 83 0 0
82 100 84 0 0
83 101 84 0 0
84 101 85 0 0
85 101 86 0 0
86 101 87 0 0
87 102 87 0 0
88 102 88 0 0
89 103 88 0 0
90 103 89 0 0
91 103 90 0 0
92 104 90 0 0
93 104 91 0 0
94 104 92 0 0
95 105 92 0 0
96 105 93 0 0
97 105 94 0 0
98 106 94 0 0
99 106 95 0 0
100 106 96 0 0
101 107 96 0 0
102 107 97 0 0
103 107 98 0 0
104 108 98 0 0
105 108 99 0 0
106 108 100 0 0
107 109 100 0 0
108 109 101 0 0
109 109 102 0 0
110 110 102 0 0
111 110 103 0 0
112 111 103 0 0
113 111 104 0 0
114 112 104 0 0
115 112 105 0 0
116 113 105 0 0
117 113 106 0 0
118 114 106 0 0
119 114 107 0 0
120 115 107 0 0
121 116 107 0 0
122 116 108 0 0
123 117 108 0 0
124 117 109 0 0
125 118 109 0 0
126 119 109 0 0
127 119 110 0 0
128 120 110 0 0
129 120 111 0 0
130 121 111 0 0
131 121 112 0 0
132 122 112 0 0
133 123 112 0 0
134 123 113 0 0
135 124 113 0 0
136 124 114 0 0
137 125 114 0 0
138 126 114 0 0
139 126 115 0 0
140 127 115 0 0
141 128 115 0 0
142 129 115 0 0
143 129 116 0 0
144 130 116 0 0
145 131 116 0 0
146 132 116 0 0
147 132 117 0 0
148 133 117 0 0
149 133 118 0 0
150 134 118 0 0
151 135 118 0 0
152 136 118 0 0
153 137 118 0 0
154 137 119 0 0
155 138 119 0 0
156 139 119 0 0
157 140 119 0 0
158 140 120 0 0
159 141 120 0 0
160 142 120 0 0
161 143 120 0 0
162 143 121 0 0
163 144 121 0 0
164 144 122 0 0
165 145 122 0 0
166 146 122 0 0
167 147 122 0 0
168 148 122 0 0
169 149 122 0 0
170 150 122 0 0
171 151 122 0 0
172 152 122 0 0
173 153 122 0 0
174 154 122 0 0
175 155 122 0 0
176 156 122 0 0
177 157 122 0 0
178 158 122 0 0
179 159 122 0 0
180 159 123 0 0
181 160 123 0 0
182 161 123 0 0
183 162 123 0 0
184 163 123 0 0
185 164 123 0 0
186 165 123 0 0
187 166 123 0 0
188 167 123 0 0
189 168 123 0 0
190 169 123 0 0
191 170 123 0 0
192 171 123 0 0
193 172 123 0 0
194 173 123 0 0
195 174 123 0 0
196 175 123 0 0
197 176 123 0 0
198 177 123 0 0
199 178 123 0 0
200 179 123 0 0
201 180 123 0 0
202 181 123 0 0
203 182 123 0 0
204 183 123 0 0
205 184 123 0 0
206 185 123 0 0
207 186 123 0 0
208 187 123 0 0
209 188 123 0 0
210 189 123 0 0
211 190 123 0 0
212 191 123 0 0
