0 20000 2600 0 0
1 20000 2800 0 0
2 20000 3000 0 0
3 20000 3200 0 0
4 20000 3400 0 0
5 20000 3600 0 0
6 20000 3800 0 0
7 20000 4000 0 0
8 20000 4200 0 0
9 20000 4400 0 0
10 20000 4600 0 0
11 20000 4800 0 0
12 20000 5000 0 0
13 20000 5200 0 0
14 20000 5400 0 0
15 20000 5600 0 0
16 20000 5800 0 0
17 20000 6000 0 0
18 20000 6200 0 0
19 20000 6400 0 0
20 20000 6600 0 0
21 20000 6800 0 0
22 20000 7000 0 0
23 20000 7200 0 0
24 20000 7400 0 0
25 20000 7600 0 0
26 20000 7800 0 0
27 20000 8000 0 0
28 20000 8200 0 0
29 20000 8400 0 0
30 20000 8600 0 0
31 20000 8800 0 0
32 20000 9000 0 0
33 20000 9200 0 0
34 20000 9400 0 0
35 20000 9600 0 0
36 20000 9800 0 0
37 20000 10000 0 0
38 20000 10200 0 0
39 20000 10400 0 0
40 20000 10600 0 0
41 20000 10800 0 0
42 20000 11000 0 0
43 20000 11200 0 0
44 20000 11400 0 0
45 20000 11600 0 0
46 20000 11800 0 0
47 20000 12000 0 0
48 20000 12200 0 0
49 20200 12200 0 0
50 20200 12400 0 0
51 20200 12600 0 0
52 20200 12800 0 0
53 20200 13000 0 0
54 20200 13200 0 0
55 20200 13400 0 0
56 20200 13600 0 0
57 20200 13800 0 0
58 20200 14000 0 0
59 20200 14200 0 0
60 20200 14400 0 0
61 20200 14600 0 0
62 20200 14800 0 0
63 20400 14800 0 0
64 20400 15000 0 0
65 20400 15200 0 0
66 20400 15400 0 0
67 20400 15600 0 0
68 20400 15800 0 0
69 20400 16000 0 0
70 20400 16200 0 0
71 20400 16400 0 0
72 20400 16600 0 0
73 20600 16600 0 0
74 20600 16800 0 0
75 20600 17000 0 0
76 20600 17200 0 0
77 20800 17200 0 0
78 20800 17400 0 0
79 20800 17600 0 0
80 21000 17600 0 0
81 21000 17800 0 0
82 21000 18000 0 0
83 21200 18000 0 0
84 21200 18200 0 0
85 21200 18400 0 0
86 21400 18400 0 0
87 21400 18600 0 0
88 21400 18800 0 0
89 21600 18800 0 0
90 21600 19000 0 0
91 21600 19200 0 0
92 21600 19400 0 0
93 21800 19400 0 0
94 21800 19600 0 0
95 21800 19800 0 0
96 22000 19800 0 0
97 22000 20000 0 0
98 22200 20000 0 0
99 22200 20200 0 0
100 22400 20200 0 0
101 22600 20200 0 0
102 22600 20400 0 0
103 22600 20600 0 0
104 22800 20600 0 0
105 22800 20800 0 0
106 23000 20800 0 0
107 23000 21000 0 0
108 23200 21000 0 0
109 23200 21200 0 0
110 23400 21200 0 0
111 23400 21400 0 0
112 23600 21400 0 0
113 23600 21600 0 0
114 23800 21600 0 0
115 24000 21600 0 0
116 24000 21800 0 0
117 24200 21800 0 0
118 24200 22000 0 0
119 24200 22200 0 0
120 24400 22200 0 0
121 24600 22200 0 0
122 24600 22400 0 0
123 24800 22400 0 0
124 25000 22400 0 0
125 25000 22600 0 0
126 25200 22600 0 0
127 25400 22600 0 0
128 25600 22600 0 0
129 25600 22800 0 0
130 25800 22800 0 0
131 25800 23000 0 0
132 26000 23000 0 0
133 26200 23000 0 0
134 26200 23200 0 0
135 26400 23200 0 0
136 26600 23200 0 0
137 26600 23400 0 0
138 26800 23400 0 0
139 27000 23400 0 0
140 27000 23600 0 0
141 27200 23600 0 0
142 27400 23600 0 0
143 27400 23800 0 0
144 27600 23800 0 0
145 27800 23800 0 0
146 27800 24000 0 0
147 28000 24000 0 0
148 28200 24000 0 0
149 28400 24000 0 0
150 28400 24200 0 0
151 28600 24200 0 0
152 28600 24400 0 0
153 28800 24400 0 0
154 29000 24400 0 0
155 29000 24600 0 0
156 29200 24600 0 0
157 29400 24600 0 0
158 29600 24600 0 0
159 29800 24600 0 0
160 30000 24600 0 0
161 30200 24600 0 0
162 30400 24600 0 0
163 30600 24600 0 0
164 30800 24600 0 0
165 31000 24600 0 0
166 31200 24600 0 0
167 31400 24600 0 0
168 31600 24600 0 0
169 31800 24600 0 0
170 32000 24600 0 0
171 32200 24600 0 0
172 32400 24600 0 0
173 32600 24600 0 0
174 32600 24400 0 0
175 32800 24400 0 0
176 33000 24400 0 0
177 33200 24400 0 0
178 33400 24400 0 0
179 33600 24400 0 0
180 33800 24400 0 0
181 34000 24400 0 0
182 34200 24400 0 0
183 34400 24400 0 0
184 34600 24400 0 0
185 34800 24400 0 0
186 35000 24400 0 0
187 35200 24400 0 0
188 35400 24400 0 0
189 35600 24400 0 0
190 35800 24400 0 0
191 36000 24400 0 0
192 36200 24400 0 0
193 36400 24400 0 0
194 36600 24400 0 0
195 36800 24400 0 0
196 37000 24400 0 0
197 37200 24400 0 0
198 37400 24400 0 0
199 37600 24400 0 0
200 37800 24400 0 0
201 38000 24400 0 0
202 38200 24400 0 0
203 38400 24400 0 0
204 38600 24400 0 0
205 38800 24400 0 0
