0 99 9 0 0
1 99 10 0 0
2 99 11 0 0
3 99 12 0 0
4 99 13 0 0
5 99 14 0 0
6 99 15 0 0
7 99 16 0 0
8 99 17 0 0
9 99 18 0 0
10 99 19 0 0
11 99 20 0 0
12 99 21 0 0
13 99 22 0 0
14 99 23 0 0
15 99 24 0 0
16 99 25 0 0
17 99 26 0 0
18 99 27 0 0
19 99 28 0 0
20 99 29 0 0
21 99 30 0 0
22 99 31 0 0
23 99 32 0 0
24 99 33 0 0
25 99 34 0 0
26 99 35 0 0
27 99 36 0 0
28 99 37 0 0
29 99 38 0 0
30 99 39 0 0
31 99 40 0 0
32 99 41 0 0
33 99 42 0 0
34 99 43 0 0
35 99 44 0 0
36 99 45 0 0
37 99 46 0 0
38 99 47 0 0
39 99 48 0 0
40 99 49 0 0
41 99 50 0 0
42 99 51 0 0
43 99 52 0 0
44 99 53 0 0
45 99 54 0 0
46 99 55 0 0
47 99 56 0 0
48 99 57 0 0
49 99 58 0 0
50 99 59 0 0
51 99 60 0 0
52 99 61 0 0
53 99 62 0 0
54 99 63 0 0
55 99 64 0 0
56 99 65 0 0
57 99 66 0 0
58 99 67 0 0
59 99 68 0 0
60 99 69 0 0
61 100 69 0 0
62 100 70 0 0
63 100 71 0 0
64 100 72 0 0
65 100 73 0 0
66 100 74 0 0
67 100 75 0 0
68 100 76 0 0
69 100 77 0 0
70 101 77 0 0
71 101 78 0 0
72 101 79 0 0
73 101 80 0 0
74 101 81 0 0
75 101 82 0 0
76 101 83 0 0
77 102 83 0 0
78 102 84 0 0
79 102 85 0 0
80 103 85 0 0
81 103 86 0 0
82 103 87 0 0
83 103 88 0 0
84 104 88 0 0
85 104 89 0 0
86 104 90 0 0
87 104 91 0 0
88 105 91 0 0
89 105 92 0 0
90 105 93 0 0
91 106 93 0 0
92 106 94 0 0
93 106 95 0 0
94 107 95 0 0
95 107 96 0 0
96 107 97 0 0
97 107 98 0 0
98 108 98 0 0
99 108 99 0 0
100 109 99 0 0
101 109 100 0 0
102 109 101 0 0
103 110 101 0 0
104 110 102 0 0
105 111 102 0 0
106 111 103 0 0
107 112 103 0 0
108 112 104 0 0
109 113 104 0 0
110 113 105 0 0
111 114 105 0 0
112 114 106 0 0
113 115 106 0 0
114 115 107 0 0
115 116 107 0 0
116 117 107 0 0
117 117 108 0 0
118 117 109 0 0
119 118 109 0 0
120 119 109 0 0
121 119 110 0 0
122 120 110 0 0
123 120 111 0 0
124 121 111 0 0
125 121 112 0 0
126 122 112 0 0
127 122 113 0 0
128 123 113 0 0
129 124 113 0 0
130 124 114 0 0
131 125 114 0 0
132 126 114 0 0
133 126 115 0 0
134 127 115 0 0
135 128 115 0 0
136 128 116 0 0
137 129 116 0 0
138 129 117 0 0
139 130 117 0 0
140 131 117 0 0
141 132 117 0 0
142 132 118 0 0
143 133 118 0 0
144 134 118 0 0
145 135 118 0 0
146 135 119 0 0
147 136 119 0 0
148 136 120 0 0
149 137 120 0 0
150 138 120 0 0
151 138 121 0 0
152 139 121 0 0
153 140 121 0 0
154 141 121 0 0
155 142 121 0 0
156 142 122 0 0
157 143 122 0 0
158 144 122 0 0
159 145 122 0 0
160 146 122 0 0
161 146 123 0 0
162 147 123 0 0
163 148 123 0 0
164 148 124 0 0
165 149 124 0 0
166 150 124 0 0
167 151 124 0 0
168 152 124 0 0
169 152 125 0 0
170 153 125 0 0
171 154 125 0 0
172 155 125 0 0
173 156 125 0 0
174 157 125 0 0
175 158 125 0 0
176 159 125 0 0
177 160 125 0 0
178 161 125 0 0
179 161 126 0 0
180 162 126 0 0
181 163 126 0 0
182 164 126 0 0
183 165 126 0 0
184 166 126 0 0
185 167 126 0 0
186 168 126 0 0
187 168 127 0 0
188 169 127 0 0
189 170 127 0 0
190 171 127 0 0
191 172 127 0 0
192 173 127 0 0
193 174 127 0 0
194 175 127 0 0
195 176 127 0 0
196 177 127 0 0
197 178 127 0 0
198 179 127 0 0
199 180 127 0 0
200 181 127 0 0
201 182 127 0 0
202 183 127 0 0
203 184 127 0 0
204 185 127 0 0
205 185 126 0 0
206 186 126 0 0
207 187 126 0 0
208 187 125 0 0
209 188 125 0 0
210 189 125 0 0
211 190 125 0 0
212 190 124 0 0
213 191 124 0 0
214 192 124 0 0
