0 200 30800 0 0
1 200 31000 0 0
2 400 31000 0 0
3 600 31000 0 0
4 800 31000 0 0
5 1000 31000 0 0
6 1200 31000 0 0
7 1400 31000 0 0
8 1600 31000 0 0
9 1800 31000 0 0
10 2000 31000 0 0
11 2200 31000 0 0
12 2400 31000 0 0
13 2600 31000 0 0
14 2800 31000 0 0
15 3000 31000 0 0
16 3200 31000 0 0
17 3400 31000 0 0
18 3600 31000 0 0
19 3800 31000 0 0
20 4000 31000 0 0
21 4200 31000 0 0
22 4400 31000 0 0
23 4600 31000 0 0
24 4800 31000 0 0
25 5000 31000 0 0
26 5200 31000 0 0
27 5400 31000 0 0
28 5600 31000 0 0
29 5600 31200 0 0
30 5800 31200 0 0
31 6000 31200 0 0
32 6200 31200 0 0
33 6400 31200 0 0
34 6600 31200 0 0
35 6800 31200 0 0
36 7000 31200 0 0
37 7200 31200 0 0
38 7400 31200 0 0
39 7600 31200 0 0
40 7800 31200 0 0
41 8000 31200 0 0
42 8200 31200 0 0
43 8200 31400 0 0
44 8400 31400 0 0
45 8600 31400 0 0
46 8600 31600 0 0
47 8600 31800 0 0
48 8800 31800 0 0
49 8800 32000 0 0
50 9000 32000 0 0
51 9000 32200 0 0
52 9200 32200 0 0
53 9400 32200 0 0
54 9400 32400 0 0
55 9400 32600 0 0
56 9600 32600 0 0
57 9600 32800 0 0
58 9600 33000 0 0
59 9800 33000 0 0
60 9800 33200 0 0
61 10000 33200 0 0
62 10000 33400 0 0
63 10000 33600 0 0
64 10200 33600 0 0
65 10200 33800 0 0
66 10400 33800 0 0
67 10400 34000 0 0
68 10400 34200 0 0
69 10600 34200 0 0
70 10600 34400 0 0
71 10600 34600 0 0
72 10800 34600 0 0
73 11000 34600 0 0
74 11000 34800 0 0
75 11000 35000 0 0
76 11000 35200 0 0
77 11200 35200 0 0
78 11200 35400 0 0
79 11400 35400 0 0
80 11400 35600 0 0
81 11600 35600 0 0
82 11800 35600 0 0
83 11800 35800 0 0
84 12000 35800 0 0
85 12200 35800 0 0
86 12200 36000 0 0
87 12400 36000 0 0
88 12600 36000 0 0
89 12600 36200 0 0
90 12800 36200 0 0
91 12800 36400 0 0
92 13000 36400 0 0
93 13200 36400 0 0
94 13200 36600 0 0
95 13400 36600 0 0
96 13600 36600 0 0
97 13600 36800 0 0
98 13800 36800 0 0
99 14000 36800 0 0
100 14000 37000 0 0
101 14200 37000 0 0
102 14200 37200 0 0
103 14400 37200 0 0
104 14600 37200 0 0
105 14600 37400 0 0
106 14800 37400 0 0
107 15000 37400 0 0
108 15000 37600 0 0
109 15200 37600 0 0
110 15400 37600 0 0
111 15400 37800 0 0
112 15600 37800 0 0
113 15800 37800 0 0
114 16000 37800 0 0
115 16200 37800 0 0
116 16400 37800 0 0
117 16400 38000 0 0
118 16600 38000 0 0
119 16800 38000 0 0
120 17000 38000 0 0
121 17200 38000 0 0
122 17400 38000 0 0
123 17600 38000 0 0
124 17800 38000 0 0
125 18000 38000 0 0
126 18200 38000 0 0
127 18200 38200 0 0
128 18400 38200 0 0
129 18600 38200 0 0
130 18800 38200 0 0
131 19000 38200 0 0
132 19200 38200 0 0
133 19400 38200 0 0
134 19600 38200 0 0
135 19800 38200 0 0
136 19800 38400 0 0
137 20000 38400 0 0
138 20200 38400 0 0
139 20400 38400 0 0
140 20600 38400 0 0
141 20600 38600 0 0
142 20800 38600 0 0
143 20800 38800 0 0
144 21000 38800 0 0
145 21000 39000 0 0
146 21000 39200 0 0
147 21200 39200 0 0
148 21200 39400 0 0
149 21400 39400 0 0
150 21400 39600 0 0
151 21400 39800 0 0
152 21600 39800 0 0
153 21600 40000 0 0
154 21600 40200 0 0
155 21800 40200 0 0
156 21800 40400 0 0
157 22000 40400 0 0
158 22000 40600 0 0
159 22000 40800 0 0
160 22000 41000 0 0
161 22200 41000 0 0
162 22200 41200 0 0
163 22200 41400 0 0
164 22200 41600 0 0
165 22400 41600 0 0
166 22400 41800 0 0
167 22400 42000 0 0
168 22400 42200 0 0
169 22400 42400 0 0
170 22400 42600 0 0
171 22400 42800 0 0
172 22400 43000 0 0
173 22600 43000 0 0
174 22600 43200 0 0
175 22400 43200 0 0
176 22400 43400 0 0
177 22400 43600 0 0
178 22400 43800 0 0
179 22400 44000 0 0
180 22400 44200 0 0
181 22400 44400 0 0
182 22400 44600 0 0
183 22400 44800 0 0
184 22400 45000 0 0
185 22400 45200 0 0
186 22400 45400 0 0
187 22400 45600 0 0
188 22400 45800 0 0
189 22400 46000 0 0
190 22400 46200 0 0
191 22400 46400 0 0
192 22400 46600 0 0
193 22400 46800 0 0
194 22400 47000 0 0
195 22400 47200 0 0
196 22400 47400 0 0
197 22400 47600 0 0
198 22400 47800 0 0
199 22400 48000 0 0
200 22400 48200 0 0
201 22400 48400 0 0
202 22400 48600 0 0
203 22400 48800 0 0
204 22400 49000 0 0
205 22400 49200 0 0
206 22600 49200 0 0
207 22600 49400 0 0
208 22800 49400 0 0
209 22800 49600 0 0
210 23000 49600 0 0
211 23000 49800 0 0
212 23200 49800 0 0
213 23200 50000 0 0
214 23400 50000 0 0
215 23400 50200 0 0
216 23600 50200 0 0
217 23600 50400 0 0
218 23800 50400 0 0
219 23800 50600 0 0
220 24000 50600 0 0
221 24000 50800 0 0
222 24000 51000 0 0
223 24200 51000 0 0
224 24200 51200 0 0
225 24400 51200 0 0
226 24400 51400 0 0
227 24600 51400 0 0
228 24600 51600 0 0
229 24800 51600 0 0
230 24800 51800 0 0
231 25000 51800 0 0
232 25000 52000 0 0
233 25200 52000 0 0
234 25200 52200 0 0
235 25400 52200 0 0
236 25400 52400 0 0
237 25400 52600 0 0
238 25600 52600 0 0
239 25600 52800 0 0
240 25800 52800 0 0
241 25800 53000 0 0
242 25800 53200 0 0
243 26000 53200 0 0
244 26000 53400 0 0
245 26200 53400 0 0
246 26200 53600 0 0
247 26400 53600 0 0
248 26400 53800 0 0
