0 195 139 0 0
1 194 139 0 0
2 193 139 0 0
3 192 139 0 0
4 191 139 0 0
5 190 139 0 0
6 189 139 0 0
7 188 139 0 0
8 187 139 0 0
9 187 138 0 0
10 186 138 0 0
11 185 138 0 0
12 184 138 0 0
13 183 138 0 0
14 182 138 0 0
15 182 137 0 0
16 181 137 0 0
17 180 137 0 0
18 179 137 0 0
19 178 137 0 0
20 177 137 0 0
21 176 137 0 0
22 175 137 0 0
23 174 137 0 0
24 173 137 0 0
25 173 138 0 0
26 172 138 0 0
27 171 138 0 0
28 170 138 0 0
29 169 138 0 0
30 169 139 0 0
31 168 139 0 0
32 167 139 0 0
33 166 139 0 0
34 165 139 0 0
35 164 139 0 0
36 163 139 0 0
37 162 139 0 0
38 161 139 0 0
39 161 140 0 0
40 160 140 0 0
41 159 140 0 0
42 158 140 0 0
43 157 140 0 0
44 156 140 0 0
45 155 140 0 0
46 154 140 0 0
47 153 140 0 0
48 152 140 0 0
49 152 141 0 0
50 151 141 0 0
51 150 141 0 0
52 149 141 0 0
53 148 141 0 0
54 148 142 0 0
55 147 142 0 0
56 146 142 0 0
57 145 142 0 0
58 144 142 0 0
59 143 142 0 0
60 142 142 0 0
61 141 142 0 0
62 140 142 0 0
63 140 143 0 0
64 139 143 0 0
65 138 143 0 0
66 137 143 0 0
67 136 143 0 0
68 135 143 0 0
69 135 144 0 0
70 134 144 0 0
71 133 144 0 0
72 133 145 0 0
73 132 145 0 0
74 132 146 0 0
75 131 146 0 0
76 130 146 0 0
77 130 147 0 0
78 129 147 0 0
79 129 148 0 0
80 128 148 0 0
81 127 148 0 0
82 127 149 0 0
83 126 149 0 0
84 125 149 0 0
85 125 150 0 0
86 124 150 0 0
87 124 151 0 0
88 123 151 0 0
89 123 152 0 0
90 122 152 0 0
91 121 152 0 0
92 121 153 0 0
93 120 153 0 0
94 120 154 0 0
95 119 154 0 0
96 119 155 0 0
97 118 155 0 0
98 117 155 0 0
99 117 156 0 0
100 116 156 0 0
101 116 157 0 0
102 115 157 0 0
103 115 158 0 0
104 114 158 0 0
105 113 158 0 0
106 113 159 0 0
107 112 159 0 0
108 112 160 0 0
109 111 160 0 0
110 111 161 0 0
111 110 161 0 0
112 110 162 0 0
113 109 162 0 0
114 109 163 0 0
115 108 163 0 0
116 108 164 0 0
117 108 165 0 0
118 107 165 0 0
119 107 166 0 0
120 106 166 0 0
121 105 166 0 0
122 105 167 0 0
123 104 167 0 0
124 104 168 0 0
125 103 168 0 0
126 103 169 0 0
127 102 169 0 0
128 102 170 0 0
129 101 170 0 0
130 101 171 0 0
131 100 171 0 0
132 100 172 0 0
133 100 173 0 0
134 99 173 0 0
135 98 173 0 0
136 97 173 0 0
137 96 173 0 0
138 95 173 0 0
139 94 173 0 0
140 93 173 0 0
141 92 173 0 0
142 91 173 0 0
143 90 173 0 0
144 89 173 0 0
145 88 173 0 0
146 87 173 0 0
147 86 173 0 0
148 85 173 0 0
149 84 173 0 0
150 83 173 0 0
151 82 173 0 0
152 81 173 0 0
153 81 172 0 0
154 81 171 0 0
155 80 171 0 0
156 80 170 0 0
157 79 170 0 0
158 79 169 0 0
159 78 169 0 0
160 78 168 0 0
161 78 167 0 0
162 77 167 0 0
163 77 166 0 0
164 76 166 0 0
165 76 165 0 0
166 76 164 0 0
167 75 164 0 0
168 75 163 0 0
169 75 162 0 0
170 74 162 0 0
171 74 161 0 0
172 73 161 0 0
173 73 160 0 0
174 73 159 0 0
175 72 159 0 0
176 72 158 0 0
177 71 158 0 0
178 71 157 0 0
179 71 156 0 0
180 70 156 0 0
181 70 155 0 0
182 69 155 0 0
183 69 154 0 0
184 69 153 0 0
185 69 152 0 0
186 68 152 0 0
187 68 151 0 0
188 68 150 0 0
189 68 149 0 0
190 68 148 0 0
191 68 147 0 0
192 67 147 0 0
193 67 146 0 0
194 67 145 0 0
195 67 144 0 0
196 67 143 0 0
197 67 142 0 0
198 66 142 0 0
199 66 141 0 0
200 66 140 0 0
201 66 139 0 0
202 66 138 0 0
203 65 138 0 0
204 65 137 0 0
205 65 136 0 0
206 65 135 0 0
207 65 134 0 0
208 65 133 0 0
209 65 132 0 0
210 65 131 0 0
211 65 130 0 0
212 66 130 0 0
213 66 129 0 0
214 66 128 0 0
215 66 127 0 0
216 66 126 0 0
217 66 125 0 0
218 66 124 0 0
219 66 123 0 0
220 66 122 0 0
221 66 121 0 0
222 66 120 0 0
223 67 120 0 0
224 67 119 0 0
225 67 118 0 0
226 67 117 0 0
227 67 116 0 0
228 67 115 0 0
229 67 114 0 0
230 67 113 0 0
231 67 112 0 0
232 67 111 0 0
233 67 110 0 0
234 68 110 0 0
235 68 109 0 0
236 68 108 0 0
237 68 107 0 0
238 68 106 0 0
239 69 106 0 0
240 69 105 0 0
241 69 104 0 0
242 69 103 0 0
243 70 103 0 0
244 70 102 0 0
245 70 101 0 0
246 70 100 0 0
247 71 100 0 0
248 71 99 0 0
249 71 98 0 0
250 71 97 0 0
251 72 97 0 0
252 72 96 0 0
253 72 95 0 0
254 72 94 0 0
255 73 94 0 0
256 73 93 0 0
257 73 92 0 0
258 73 91 0 0
259 74 91 0 0
260 74 90 0 0
261 74 89 0 0
262 74 88 0 0
263 74 87 0 0
264 74 86 0 0
265 74 85 0 0
266 74 84 0 0
267 75 84 0 0
268 75 83 0 0
269 75 82 0 0
270 75 81 0 0
271 75 80 0 0
272 75 79 0 0
273 75 78 0 0
274 75 77 0 0
275 75 76 0 0
276 75 75 0 0
277 75 74 0 0
278 75 73 0 0
279 76 73 0 0
280 76 72 0 0
281 76 71 0 0
282 76 70 0 0
283 76 69 0 0
284 76 68 0 0
285 76 67 0 0
286 76 66 0 0
287 76 65 0 0
288 76 64 0 0
289 77 64 0 0
290 77 63 0 0
291 77 62 0 0
292 77 61 0 0
293 77 60 0 0
294 77 59 0 0
295 77 58 0 0
296 77 57 0 0
297 77 56 0 0
298 78 56 0 0
299 78 55 0 0
300 78 54 0 0
301 78 53 0 0
302 78 52 0 0
303 78 51 0 0
304 78 50 0 0
305 78 49 0 0
306 78 48 0 0
307 78 47 0 0
308 78 46 0 0
309 78 45 0 0
310 78 44 0 0
311 78 43 0 0
312 78 42 0 0
313 78 41 0 0
314 78 40 0 0
315 78 39 0 0
316 78 38 0 0
317 79 38 0 0
318 79 37 0 0
319 79 36 0 0
320 79 35 0 0
321 79 34 0 0
322 79 33 0 0
323 79 32 0 0
324 79 31 0 0
325 79 30 0 0
326 79 29 0 0
327 79 28 0 0
328 79 27 0 0
329 79 26 0 0
330 79 25 0 0
331 79 24 0 0
332 79 23 0 0
333 79 22 0 0
334 79 21 0 0
335 79 20 0 0
336 79 19 0 0
337 79 18 0 0
338 79 17 0 0
339 79 16 0 0
340 79 15 0 0
341 79 14 0 0
342 79 13 0 0
343 79 12 0 0
344 79 11 0 0
345 79 10 0 0
346 79 9 0 0
347 79 8 0 0
348 79 7 0 0
349 79 6 0 0
350 80 6 0 0
351 80 5 0 0
352 81 5 0 0
353 81 4 0 0
354 82 4 0 0
