0 193 153 0 0
1 192 153 0 0
2 191 153 0 0
3 190 153 0 0
4 190 154 0 0
5 189 154 0 0
6 188 154 0 0
7 187 154 0 0
8 186 154 0 0
9 185 154 0 0
10 184 154 0 0
11 183 154 0 0
12 183 155 0 0
13 182 155 0 0
14 181 155 0 0
15 180 155 0 0
16 179 155 0 0
17 179 156 0 0
18 178 156 0 0
19 177 156 0 0
20 176 156 0 0
21 175 156 0 0
22 174 156 0 0
23 173 156 0 0
24 173 157 0 0
25 172 157 0 0
26 171 157 0 0
27 170 157 0 0
28 169 157 0 0
29 169 158 0 0
30 168 158 0 0
31 167 158 0 0
32 167 159 0 0
33 166 159 0 0
34 165 159 0 0
35 165 160 0 0
36 164 160 0 0
37 163 160 0 0
38 163 161 0 0
39 162 161 0 0
40 161 161 0 0
41 160 161 0 0
42 160 162 0 0
43 159 162 0 0
44 159 163 0 0
45 158 163 0 0
46 157 163 0 0
47 157 164 0 0
48 156 164 0 0
49 155 164 0 0
50 155 165 0 0
51 154 165 0 0
52 153 165 0 0
53 153 166 0 0
54 152 166 0 0
55 151 166 0 0
56 151 167 0 0
57 150 167 0 0
58 149 167 0 0
59 149 168 0 0
60 148 168 0 0
61 147 168 0 0
62 147 169 0 0
63 146 169 0 0
64 145 169 0 0
65 145 170 0 0
66 144 170 0 0
67 144 171 0 0
68 143 171 0 0
69 142 171 0 0
70 142 172 0 0
71 141 172 0 0
72 140 172 0 0
73 139 172 0 0
74 139 173 0 0
75 138 173 0 0
76 138 174 0 0
77 137 174 0 0
78 136 174 0 0
79 136 175 0 0
80 135 175 0 0
81 134 175 0 0
82 134 176 0 0
83 133 176 0 0
84 132 176 0 0
85 132 177 0 0
86 131 177 0 0
87 131 178 0 0
88 130 178 0 0
89 129 178 0 0
90 129 179 0 0
91 128 179 0 0
92 127 179 0 0
93 127 180 0 0
94 126 180 0 0
95 125 180 0 0
96 125 181 0 0
97 124 181 0 0
98 124 182 0 0
99 123 182 0 0
100 122 182 0 0
101 122 183 0 0
102 121 183 0 0
103 120 183 0 0
104 120 184 0 0
105 119 184 0 0
106 118 184 0 0
107 118 185 0 0
108 117 185 0 0
109 116 185 0 0
110 115 185 0 0
111 114 185 0 0
112 113 185 0 0
113 112 185 0 0
114 111 185 0 0
115 110 185 0 0
116 109 185 0 0
117 108 185 0 0
118 107 185 0 0
119 107 184 0 0
120 106 184 0 0
121 105 184 0 0
122 104 184 0 0
123 103 184 0 0
124 102 184 0 0
125 101 184 0 0
126 100 184 0 0
127 99 184 0 0
128 98 184 0 0
129 97 184 0 0
130 96 184 0 0
131 95 184 0 0
132 95 183 0 0
133 94 183 0 0
134 94 182 0 0
135 93 182 0 0
136 93 181 0 0
137 92 181 0 0
138 92 180 0 0
139 91 180 0 0
140 91 179 0 0
141 90 179 0 0
142 90 178 0 0
143 89 178 0 0
144 89 177 0 0
145 88 177 0 0
146 88 176 0 0
147 87 176 0 0
148 87 175 0 0
149 87 174 0 0
150 86 174 0 0
151 86 173 0 0
152 85 173 0 0
153 85 172 0 0
154 84 172 0 0
155 84 171 0 0
156 83 171 0 0
157 83 170 0 0
158 83 169 0 0
159 82 169 0 0
160 82 168 0 0
161 81 168 0 0
162 81 167 0 0
163 81 166 0 0
164 80 166 0 0
165 80 165 0 0
166 79 165 0 0
167 79 164 0 0
168 78 164 0 0
169 78 163 0 0
170 77 163 0 0
171 77 162 0 0
172 77 161 0 0
173 76 161 0 0
174 76 160 0 0
175 75 160 0 0
176 75 159 0 0
177 75 158 0 0
178 75 157 0 0
179 74 157 0 0
180 74 156 0 0
181 74 155 0 0
182 73 155 0 0
183 73 154 0 0
184 73 153 0 0
185 73 152 0 0
186 72 152 0 0
187 72 151 0 0
188 72 150 0 0
189 71 150 0 0
190 71 149 0 0
191 71 148 0 0
192 70 148 0 0
193 70 147 0 0
194 70 146 0 0
195 70 145 0 0
196 69 145 0 0
197 69 144 0 0
198 69 143 0 0
199 68 143 0 0
200 68 142 0 0
201 68 141 0 0
202 68 140 0 0
203 67 140 0 0
204 67 139 0 0
205 67 138 0 0
206 66 138 0 0
207 66 137 0 0
208 66 136 0 0
209 66 135 0 0
210 65 135 0 0
211 65 134 0 0
212 65 133 0 0
213 65 132 0 0
214 65 131 0 0
215 65 130 0 0
216 65 129 0 0
217 65 128 0 0
218 65 127 0 0
219 65 126 0 0
220 65 125 0 0
221 65 124 0 0
222 65 123 0 0
223 66 123 0 0
224 66 122 0 0
225 66 121 0 0
226 66 120 0 0
227 66 119 0 0
228 67 119 0 0
229 67 118 0 0
230 67 117 0 0
231 67 116 0 0
232 67 115 0 0
233 68 115 0 0
234 68 114 0 0
235 68 113 0 0
236 68 112 0 0
237 69 112 0 0
238 69 111 0 0
239 69 110 0 0
240 69 109 0 0
241 70 109 0 0
242 70 108 0 0
243 71 108 0 0
244 71 107 0 0
245 71 106 0 0
246 71 105 0 0
247 72 105 0 0
248 72 104 0 0
249 72 103 0 0
250 73 103 0 0
251 73 102 0 0
252 74 102 0 0
253 74 101 0 0
254 74 100 0 0
255 75 100 0 0
256 75 99 0 0
257 75 98 0 0
258 76 98 0 0
259 76 97 0 0
260 76 96 0 0
261 76 95 0 0
262 77 95 0 0
263 77 94 0 0
264 77 93 0 0
265 77 92 0 0
266 77 91 0 0
267 77 90 0 0
268 77 89 0 0
269 78 89 0 0
270 78 88 0 0
271 78 87 0 0
272 78 86 0 0
273 78 85 0 0
274 78 84 0 0
275 79 84 0 0
276 79 83 0 0
277 79 82 0 0
278 79 81 0 0
279 79 80 0 0
280 79 79 0 0
281 79 78 0 0
282 80 78 0 0
283 80 77 0 0
284 80 76 0 0
285 80 75 0 0
286 80 74 0 0
287 81 74 0 0
288 81 73 0 0
289 80 73 0 0
290 80 72 0 0
291 80 71 0 0
292 80 70 0 0
293 80 69 0 0
294 80 68 0 0
295 80 67 0 0
296 80 66 0 0
297 80 65 0 0
298 80 64 0 0
299 79 64 0 0
300 79 63 0 0
301 79 62 0 0
302 79 61 0 0
303 79 60 0 0
304 79 59 0 0
305 79 58 0 0
306 79 57 0 0
307 79 56 0 0
308 79 55 0 0
309 79 54 0 0
310 79 53 0 0
311 78 53 0 0
312 78 52 0 0
313 78 51 0 0
314 78 50 0 0
315 78 49 0 0
316 78 48 0 0
317 78 47 0 0
318 78 46 0 0
319 78 45 0 0
320 78 44 0 0
321 78 43 0 0
322 78 42 0 0
323 78 41 0 0
324 78 40 0 0
325 78 39 0 0
326 78 38 0 0
327 78 37 0 0
328 78 36 0 0
329 77 36 0 0
330 77 35 0 0
331 77 34 0 0
332 77 33 0 0
333 77 32 0 0
334 77 31 0 0
335 77 30 0 0
336 77 29 0 0
337 77 28 0 0
338 77 27 0 0
339 77 26 0 0
340 77 25 0 0
341 77 24 0 0
342 77 23 0 0
343 77 22 0 0
344 77 21 0 0
345 77 20 0 0
346 77 19 0 0
347 77 18 0 0
348 77 17 0 0
349 77 16 0 0
350 77 15 0 0
351 77 14 0 0
352 77 13 0 0
353 76 13 0 0
354 76 12 0 0
355 76 11 0 0
356 76 10 0 0
357 76 9 0 0
358 76 8 0 0
