0 19800 1400 0 0
1 19800 1600 0 0
2 19800 1800 0 0
3 19800 2000 0 0
4 19800 2200 0 0
5 19800 2400 0 0
6 19800 2600 0 0
7 19800 2800 0 0
8 19800 3000 0 0
9 20000 3000 0 0
10 20000 3200 0 0
11 20000 3400 0 0
12 20000 3600 0 0
13 20000 3800 0 0
14 20000 4000 0 0
15 20000 4200 0 0
16 20000 4400 0 0
17 20000 4600 0 0
18 20000 4800 0 0
19 20000 5000 0 0
20 20000 5200 0 0
21 20000 5400 0 0
22 20000 5600 0 0
23 20000 5800 0 0
24 20000 6000 0 0
25 20000 6200 0 0
26 20000 6400 0 0
27 20000 6600 0 0
28 20000 6800 0 0
29 20000 7000 0 0
30 20000 7200 0 0
31 20000 7400 0 0
32 20000 7600 0 0
33 20000 7800 0 0
34 20000 8000 0 0
35 20000 8200 0 0
36 20000 8400 0 0
37 20000 8600 0 0
38 20000 8800 0 0
39 20200 8800 0 0
40 20200 9000 0 0
41 20200 9200 0 0
42 20200 9400 0 0
43 20200 9600 0 0
44 20200 9800 0 0
45 20200 10000 0 0
46 20200 10200 0 0
47 20200 10400 0 0
48 20200 10600 0 0
49 20200 10800 0 0
50 20200 11000 0 0
51 20200 11200 0 0
52 20200 11400 0 0
53 20200 11600 0 0
54 20200 11800 0 0
55 20400 11800 0 0
56 20400 12000 0 0
57 20400 12200 0 0
58 20400 12400 0 0
59 20400 12600 0 0
60 20400 12800 0 0
61 20400 13000 0 0
62 20400 13200 0 0
63 20400 13400 0 0
64 20400 13600 0 0
65 20400 13800 0 0
66 20400 14000 0 0
67 20400 14200 0 0
68 20400 14400 0 0
69 20400 14600 0 0
70 20400 14800 0 0
71 20400 15000 0 0
72 20600 15000 0 0
73 20600 15200 0 0
74 20600 15400 0 0
75 20600 15600 0 0
76 20600 15800 0 0
77 20600 16000 0 0
78 20600 16200 0 0
79 20600 16400 0 0
80 20600 16600 0 0
81 20600 16800 0 0
82 20600 17000 0 0
83 20800 17000 0 0
84 20800 17200 0 0
85 20800 17400 0 0
86 20800 17600 0 0
87 20800 17800 0 0
88 20800 18000 0 0
89 20800 18200 0 0
90 20800 18400 0 0
91 21000 18400 0 0
92 21000 18600 0 0
93 21000 18800 0 0
94 21000 19000 0 0
95 21000 19200 0 0
96 21000 19400 0 0
97 21200 19400 0 0
98 21200 19600 0 0
99 21200 19800 0 0
100 21200 20000 0 0
101 21200 20200 0 0
102 21200 20400 0 0
103 21200 20600 0 0
104 21200 20800 0 0
105 21400 20800 0 0
106 21400 21000 0 0
107 21400 21200 0 0
108 21400 21400 0 0
109 21400 21600 0 0
110 21400 21800 0 0
111 21400 22000 0 0
112 21400 22200 0 0
113 21600 22200 0 0
114 21600 22400 0 0
115 21600 22600 0 0
116 21600 22800 0 0
117 21600 23000 0 0
118 21600 23200 0 0
119 21800 23200 0 0
120 21800 23400 0 0
121 21800 23600 0 0
122 21800 23800 0 0
123 21800 24000 0 0
124 21800 24200 0 0
125 21800 24400 0 0
126 21800 24600 0 0
127 22000 24600 0 0
128 22000 24800 0 0
129 22000 25000 0 0
130 22000 25200 0 0
131 22000 25400 0 0
132 22000 25600 0 0
133 22200 25600 0 0
134 22200 25800 0 0
135 22200 26000 0 0
136 22200 26200 0 0
137 22200 26400 0 0
138 22200 26600 0 0
139 22200 26800 0 0
140 22200 27000 0 0
141 22200 27200 0 0
142 22200 27400 0 0
143 22000 27400 0 0
144 22000 27600 0 0
145 22000 27800 0 0
146 22000 28000 0 0
147 22000 28200 0 0
148 21800 28200 0 0
149 21800 28400 0 0
150 21800 28600 0 0
151 21800 28800 0 0
152 21600 28800 0 0
153 21600 29000 0 0
154 21600 29200 0 0
155 21600 29400 0 0
156 21600 29600 0 0
157 21400 29600 0 0
158 21400 29800 0 0
159 21400 30000 0 0
160 21400 30200 0 0
161 21400 30400 0 0
162 21200 30400 0 0
163 21200 30600 0 0
164 21200 30800 0 0
165 21200 31000 0 0
166 21200 31200 0 0
167 21000 31200 0 0
168 21000 31400 0 0
169 21000 31600 0 0
170 21000 31800 0 0
171 20800 31800 0 0
172 20800 32000 0 0
173 20800 32200 0 0
174 20800 32400 0 0
175 20800 32600 0 0
176 20800 32800 0 0
177 20800 33000 0 0
178 20800 33200 0 0
179 20800 33400 0 0
180 20800 33600 0 0
181 20800 33800 0 0
182 20800 34000 0 0
183 20800 34200 0 0
184 20800 34400 0 0
185 20800 34600 0 0
186 20800 34800 0 0
187 20800 35000 0 0
188 20800 35200 0 0
189 20800 35400 0 0
190 20800 35600 0 0
191 20800 35800 0 0
192 20800 36000 0 0
193 20800 36200 0 0
194 20800 36400 0 0
195 20800 36600 0 0
196 21000 36600 0 0
197 21000 36800 0 0
198 21000 37000 0 0
199 21000 37200 0 0
200 21200 37200 0 0
201 21200 37400 0 0
202 21200 37600 0 0
203 21200 37800 0 0
204 21400 37800 0 0
205 21400 38000 0 0
206 21400 38200 0 0
207 21400 38400 0 0
208 21600 38400 0 0
209 21600 38600 0 0
210 21600 38800 0 0
211 21600 39000 0 0
212 21600 39200 0 0
213 21600 39400 0 0
214 21600 39600 0 0
215 21600 39800 0 0
216 21600 40000 0 0
217 21800 40000 0 0
218 21800 40200 0 0
219 21800 40400 0 0
220 21800 40600 0 0
221 21800 40800 0 0
222 21800 41000 0 0
223 21800 41200 0 0
224 21800 41400 0 0
225 21800 41600 0 0
226 21800 41800 0 0
227 21800 42000 0 0
228 21800 42200 0 0
229 22000 42200 0 0
230 22000 42400 0 0
231 22000 42600 0 0
232 22000 42800 0 0
233 22000 43000 0 0
234 22000 43200 0 0
235 22000 43400 0 0
236 22000 43600 0 0
237 22000 43800 0 0
238 22200 43800 0 0
239 22200 44000 0 0
240 22200 44200 0 0
241 22200 44400 0 0
242 22200 44600 0 0
243 22200 44800 0 0
244 22200 45000 0 0
245 22200 45200 0 0
246 22200 45400 0 0
247 22200 45600 0 0
248 22200 45800 0 0
249 22200 46000 0 0
250 22200 46200 0 0
251 22200 46400 0 0
252 22200 46600 0 0
253 22200 46800 0 0
254 22200 47000 0 0
255 22200 47200 0 0
256 22200 47400 0 0
257 22200 47600 0 0
258 22200 47800 0 0
259 22200 48000 0 0
260 22200 48200 0 0
261 22200 48400 0 0
262 22200 48600 0 0
263 22200 48800 0 0
264 22200 49000 0 0
265 22200 49200 0 0
266 22400 49200 0 0
267 22400 49400 0 0
268 22400 49600 0 0
269 22400 49800 0 0
270 22400 50000 0 0
271 22400 50200 0 0
272 22400 50400 0 0
273 22400 50600 0 0
274 22400 50800 0 0
275 22400 51000 0 0
276 22400 51200 0 0
277 22400 51400 0 0
278 22400 51600 0 0
279 22400 51800 0 0
280 22400 52000 0 0
281 22400 52200 0 0
282 22400 52400 0 0
283 22400 52600 0 0
284 22400 52800 0 0
285 22400 53000 0 0
286 22400 53200 0 0
287 22400 53400 0 0
288 22400 53600 0 0
289 22400 53800 0 0
290 22400 54000 0 0
291 22400 54200 0 0
292 22400 54400 0 0
