0 1 97 0 0
1 2 97 0 0
2 3 97 0 0
3 4 97 0 0
4 5 97 0 0
5 6 97 0 0
6 7 97 0 0
7 8 97 0 0
8 9 97 0 0
9 10 97 0 0
10 11 97 0 0
11 12 97 0 0
12 13 97 0 0
13 14 97 0 0
14 14 96 0 0
15 15 96 0 0
16 15 95 0 0
17 15 96 0 0
18 16 96 0 0
19 16 97 0 0
20 17 97 0 0
21 17 98 0 0
22 18 98 0 0
23 19 98 0 0
24 19 97 0 0
25 20 97 0 0
26 21 97 0 0
27 21 98 0 0
28 22 98 0 0
29 23 98 0 0
30 24 98 0 0
31 25 98 0 0
32 26 98 0 0
33 27 98 0 0
34 28 98 0 0
35 29 98 0 0
36 30 98 0 0
37 31 98 0 0
38 32 98 0 0
39 33 98 0 0
40 34 98 0 0
41 35 98 0 0
42 36 98 0 0
43 37 98 0 0
44 38 98 0 0
45 39 98 0 0
46 40 98 0 0
47 41 98 0 0
48 42 98 0 0
49 43 98 0 0
50 44 98 0 0
51 45 98 0 0
52 46 98 0 0
53 47 98 0 0
54 48 98 0 0
55 49 98 0 0
56 50 98 0 0
57 51 98 0 0
58 52 98 0 0
59 53 98 0 0
60 54 98 0 0
61 55 98 0 0
62 56 98 0 0
63 57 98 0 0
64 58 98 0 0
65 59 98 0 0
66 60 98 0 0
67 61 98 0 0
68 61 97 0 0
69 62 97 0 0
70 63 97 0 0
71 64 97 0 0
72 64 96 0 0
73 65 96 0 0
74 66 96 0 0
75 67 96 0 0
76 68 96 0 0
77 68 95 0 0
78 69 95 0 0
79 70 95 0 0
80 71 95 0 0
81 72 95 0 0
82 72 94 0 0
83 73 94 0 0
84 74 94 0 0
85 74 93 0 0
86 75 93 0 0
87 76 93 0 0
88 76 92 0 0
89 77 92 0 0
90 78 92 0 0
91 78 91 0 0
92 79 91 0 0
93 79 90 0 0
94 80 90 0 0
95 81 90 0 0
96 82 90 0 0
97 82 89 0 0
98 83 89 0 0
99 84 89 0 0
100 85 89 0 0
101 86 89 0 0
102 87 89 0 0
103 88 89 0 0
104 89 89 0 0
105 89 88 0 0
106 90 88 0 0
107 91 88 0 0
108 91 87 0 0
109 92 87 0 0
110 93 87 0 0
111 93 86 0 0
112 94 86 0 0
113 95 86 0 0
114 95 85 0 0
115 96 85 0 0
116 97 85 0 0
117 97 84 0 0
118 98 84 0 0
119 99 84 0 0
120 100 84 0 0
121 101 84 0 0
122 101 85 0 0
123 102 85 0 0
124 103 85 0 0
125 104 85 0 0
126 105 85 0 0
127 105 86 0 0
128 106 86 0 0
129 107 86 0 0
130 108 86 0 0
131 108 87 0 0
132 109 87 0 0
133 110 87 0 0
134 110 88 0 0
135 111 88 0 0
136 112 88 0 0
137 112 89 0 0
138 113 89 0 0
139 113 90 0 0
140 114 90 0 0
141 114 91 0 0
142 115 91 0 0
143 116 91 0 0
144 116 92 0 0
145 116 93 0 0
146 117 93 0 0
147 117 94 0 0
148 117 95 0 0
149 117 96 0 0
150 117 97 0 0
151 118 97 0 0
152 118 98 0 0
153 118 99 0 0
154 118 100 0 0
155 119 100 0 0
156 119 101 0 0
157 119 102 0 0
158 119 103 0 0
159 119 104 0 0
160 119 105 0 0
161 119 106 0 0
162 119 107 0 0
163 119 108 0 0
164 119 109 0 0
165 118 109 0 0
166 118 110 0 0
167 118 111 0 0
168 118 112 0 0
169 118 113 0 0
170 118 114 0 0
171 118 115 0 0
172 118 116 0 0
173 118 117 0 0
174 118 118 0 0
175 118 119 0 0
176 118 120 0 0
177 118 121 0 0
178 118 122 0 0
179 118 123 0 0
180 118 124 0 0
181 118 125 0 0
182 118 126 0 0
183 118 127 0 0
184 118 128 0 0
185 118 129 0 0
186 118 130 0 0
187 118 131 0 0
188 118 132 0 0
189 118 133 0 0
190 118 134 0 0
191 118 135 0 0
192 118 136 0 0
193 118 137 0 0
194 118 138 0 0
195 118 139 0 0
196 118 140 0 0
197 117 140 0 0
198 117 141 0 0
199 117 142 0 0
200 117 143 0 0
201 117 144 0 0
202 117 145 0 0
203 117 146 0 0
204 117 147 0 0
205 117 148 0 0
206 117 149 0 0
207 117 150 0 0
208 117 151 0 0
209 117 152 0 0
210 117 153 0 0
211 117 154 0 0
212 117 155 0 0
213 117 156 0 0
214 117 157 0 0
215 117 158 0 0
216 117 159 0 0
217 117 160 0 0
218 117 161 0 0
219 117 162 0 0
220 117 163 0 0
221 118 163 0 0
222 118 164 0 0
223 118 165 0 0
224 118 166 0 0
225 118 167 0 0
226 118 168 0 0
227 118 169 0 0
228 118 170 0 0
229 118 171 0 0
230 119 171 0 0
231 119 172 0 0
232 119 173 0 0
233 119 174 0 0
234 119 175 0 0
235 119 176 0 0
236 119 177 0 0
237 119 178 0 0
238 120 178 0 0
239 120 179 0 0
240 120 180 0 0
241 120 181 0 0
242 120 182 0 0
243 121 182 0 0
244 121 183 0 0
245 121 184 0 0
246 121 185 0 0
247 121 186 0 0
248 121 187 0 0
249 121 188 0 0
250 122 188 0 0
251 122 189 0 0
252 122 190 0 0
253 122 191 0 0
254 122 192 0 0
255 122 193 0 0
256 122 194 0 0
257 122 195 0 0
258 122 196 0 0
259 123 196 0 0
260 123 197 0 0
261 123 198 0 0
262 123 199 0 0
263 123 200 0 0
264 123 201 0 0
265 123 202 0 0
266 123 203 0 0
267 124 203 0 0
268 124 204 0 0
269 124 205 0 0
270 124 206 0 0
271 124 207 0 0
272 124 208 0 0
273 124 209 0 0
274 124 210 0 0
275 124 211 0 0
276 125 211 0 0
277 125 212 0 0
278 125 213 0 0
279 125 214 0 0
280 125 215 0 0
281 125 216 0 0
282 125 217 0 0
283 125 218 0 0
284 125 219 0 0
285 125 220 0 0
286 125 221 0 0
287 125 222 0 0
288 125 223 0 0
289 125 224 0 0
290 125 225 0 0
291 125 226 0 0
292 125 227 0 0
293 125 228 0 0
294 125 229 0 0
295 125 230 0 0
296 125 231 0 0
297 125 232 0 0
298 125 233 0 0
299 124 233 0 0
