0 2 89 0 0
1 3 89 0 0
2 4 89 0 0
3 5 89 0 0
4 6 89 0 0
5 7 89 0 0
6 8 89 0 0
7 9 89 0 0
8 10 89 0 0
9 11 89 0 0
10 12 89 0 0
11 13 89 0 0
12 14 89 0 0
13 15 89 0 0
14 16 89 0 0
15 17 89 0 0
16 18 89 0 0
17 19 89 0 0
18 20 89 0 0
19 21 89 0 0
20 22 89 0 0
21 23 89 0 0
22 24 89 0 0
23 25 89 0 0
24 26 89 0 0
25 27 89 0 0
26 28 89 0 0
27 29 89 0 0
28 30 89 0 0
29 31 89 0 0
30 32 89 0 0
31 33 89 0 0
32 34 89 0 0
33 35 89 0 0
34 36 89 0 0
35 37 89 0 0
36 38 89 0 0
37 39 89 0 0
38 40 89 0 0
39 41 89 0 0
40 42 89 0 0
41 43 89 0 0
42 44 89 0 0
43 45 89 0 0
44 46 89 0 0
45 47 89 0 0
46 48 89 0 0
47 49 89 0 0
48 50 89 0 0
49 51 89 0 0
50 52 89 0 0
51 53 89 0 0
52 54 89 0 0
53 55 89 0 0
54 56 89 0 0
55 57 89 0 0
56 58 89 0 0
57 59 89 0 0
58 60 89 0 0
59 61 89 0 0
60 62 89 0 0
61 63 89 0 0
62 64 89 0 0
63 65 89 0 0
64 66 89 0 0
65 67 89 0 0
66 68 89 0 0
67 69 89 0 0
68 70 89 0 0
69 71 89 0 0
70 72 89 0 0
71 73 89 0 0
72 74 89 0 0
73 75 89 0 0
74 76 89 0 0
75 77 89 0 0
76 78 89 0 0
77 79 89 0 0
78 80 89 0 0
79 81 89 0 0
80 81 88 0 0
81 82 88 0 0
82 83 88 0 0
83 84 88 0 0
84 85 88 0 0
85 86 88 0 0
86 86 87 0 0
87 87 87 0 0
88 88 87 0 0
89 89 87 0 0
90 90 87 0 0
91 91 87 0 0
92 92 87 0 0
93 92 86 0 0
94 93 86 0 0
95 94 86 0 0
96 95 86 0 0
97 96 86 0 0
98 97 86 0 0
99 97 85 0 0
100 98 85 0 0
101 99 85 0 0
102 100 85 0 0
103 101 85 0 0
104 102 85 0 0
105 102 86 0 0
106 103 86 0 0
107 104 86 0 0
108 105 86 0 0
109 106 86 0 0
110 106 87 0 0
111 107 87 0 0
112 108 87 0 0
113 109 87 0 0
114 110 87 0 0
115 111 87 0 0
116 111 88 0 0
117 112 88 0 0
118 113 88 0 0
119 114 88 0 0
120 115 88 0 0
121 115 89 0 0
122 116 89 0 0
123 117 89 0 0
124 118 89 0 0
125 119 89 0 0
126 119 90 0 0
127 120 90 0 0
128 121 90 0 0
129 122 90 0 0
130 123 90 0 0
131 124 90 0 0
132 124 91 0 0
133 125 91 0 0
134 126 91 0 0
135 127 91 0 0
136 128 91 0 0
137 128 92 0 0
138 129 92 0 0
139 130 92 0 0
140 131 92 0 0
141 132 92 0 0
142 133 92 0 0
143 133 93 0 0
144 134 93 0 0
145 135 93 0 0
146 136 93 0 0
147 137 93 0 0
148 137 94 0 0
149 138 94 0 0
150 139 94 0 0
151 140 94 0 0
152 141 94 0 0
153 142 94 0 0
154 143 94 0 0
155 144 94 0 0
156 145 94 0 0
157 146 94 0 0
158 147 94 0 0
159 148 94 0 0
160 149 94 0 0
161 150 94 0 0
162 151 94 0 0
163 152 94 0 0
164 153 94 0 0
165 154 94 0 0
166 155 94 0 0
167 156 94 0 0
168 157 94 0 0
169 157 95 0 0
170 158 95 0 0
171 159 95 0 0
172 160 95 0 0
173 161 95 0 0
174 162 95 0 0
175 163 95 0 0
176 164 95 0 0
177 165 95 0 0
178 166 95 0 0
179 167 95 0 0
180 168 95 0 0
181 169 95 0 0
182 170 95 0 0
183 171 95 0 0
184 172 95 0 0
185 173 95 0 0
186 174 95 0 0
187 175 95 0 0
188 176 95 0 0
189 177 95 0 0
190 178 95 0 0
191 179 95 0 0
192 180 95 0 0
193 181 95 0 0
194 182 95 0 0
195 183 95 0 0
196 184 95 0 0
197 185 95 0 0
198 186 95 0 0
199 187 95 0 0
200 188 95 0 0
201 189 95 0 0
202 190 95 0 0
203 191 95 0 0
204 192 95 0 0
205 192 96 0 0
206 193 96 0 0
207 194 96 0 0
208 195 96 0 0
