0 5 98 0 0
1 6 98 0 0
2 7 98 0 0
3 8 98 0 0
4 9 98 0 0
5 9 99 0 0
6 10 99 0 0
7 11 99 0 0
8 12 99 0 0
9 13 99 0 0
10 14 99 0 0
11 15 99 0 0
12 16 99 0 0
13 16 100 0 0
14 17 100 0 0
15 18 100 0 0
16 19 100 0 0
17 20 100 0 0
18 21 100 0 0
19 22 100 0 0
20 23 100 0 0
21 23 101 0 0
22 24 101 0 0
23 25 101 0 0
24 26 101 0 0
25 27 101 0 0
26 28 101 0 0
27 29 101 0 0
28 30 101 0 0
29 31 101 0 0
30 32 101 0 0
31 33 101 0 0
32 34 101 0 0
33 35 101 0 0
34 36 101 0 0
35 37 101 0 0
36 38 101 0 0
37 39 101 0 0
38 40 101 0 0
39 41 101 0 0
40 42 101 0 0
41 43 101 0 0
42 44 101 0 0
43 45 101 0 0
44 45 100 0 0
45 46 100 0 0
46 47 100 0 0
47 48 100 0 0
48 49 100 0 0
49 50 100 0 0
50 51 100 0 0
51 52 100 0 0
52 53 100 0 0
53 54 100 0 0
54 55 100 0 0
55 56 100 0 0
56 57 100 0 0
57 58 100 0 0
58 59 100 0 0
59 60 100 0 0
60 60 99 0 0
61 61 99 0 0
62 62 99 0 0
63 63 99 0 0
64 64 99 0 0
65 65 99 0 0
66 66 99 0 0
67 66 98 0 0
68 67 98 0 0
69 68 98 0 0
70 69 98 0 0
71 70 98 0 0
72 71 98 0 0
73 71 97 0 0
74 72 97 0 0
75 73 97 0 0
76 74 97 0 0
77 75 97 0 0
78 75 96 0 0
79 76 96 0 0
80 77 96 0 0
81 78 96 0 0
82 78 95 0 0
83 79 95 0 0
84 80 95 0 0
85 81 95 0 0
86 82 95 0 0
87 82 94 0 0
88 83 94 0 0
89 84 94 0 0
90 85 94 0 0
91 86 94 0 0
92 86 93 0 0
93 87 93 0 0
94 88 93 0 0
95 89 93 0 0
96 90 93 0 0
97 90 92 0 0
98 91 92 0 0
99 92 92 0 0
100 93 92 0 0
101 94 92 0 0
102 95 92 0 0
103 96 92 0 0
104 97 92 0 0
105 98 92 0 0
106 99 92 0 0
107 99 91 0 0
108 100 91 0 0
109 101 91 0 0
110 102 91 0 0
111 103 91 0 0
112 104 91 0 0
113 105 91 0 0
114 106 91 0 0
115 107 91 0 0
116 108 91 0 0
117 109 91 0 0
118 109 90 0 0
119 110 90 0 0
120 111 90 0 0
121 112 90 0 0
122 113 90 0 0
123 114 90 0 0
124 115 90 0 0
125 116 90 0 0
126 116 91 0 0
127 117 91 0 0
128 118 91 0 0
129 119 91 0 0
130 119 92 0 0
131 120 92 0 0
132 121 92 0 0
133 122 92 0 0
134 122 93 0 0
135 123 93 0 0
136 124 93 0 0
137 125 93 0 0
138 125 94 0 0
139 126 94 0 0
140 127 94 0 0
141 127 95 0 0
142 128 95 0 0
143 129 95 0 0
144 130 95 0 0
145 130 96 0 0
146 131 96 0 0
147 132 96 0 0
148 132 97 0 0
149 133 97 0 0
150 134 97 0 0
151 135 97 0 0
152 136 97 0 0
153 137 97 0 0
154 138 97 0 0
155 139 97 0 0
156 140 97 0 0
157 141 97 0 0
158 142 97 0 0
159 143 97 0 0
160 144 97 0 0
161 145 97 0 0
162 146 97 0 0
163 147 97 0 0
164 148 97 0 0
165 149 97 0 0
166 150 97 0 0
167 151 97 0 0
168 152 97 0 0
169 153 97 0 0
170 154 97 0 0
171 154 96 0 0
172 155 96 0 0
173 156 96 0 0
174 157 96 0 0
175 158 96 0 0
176 159 96 0 0
177 160 96 0 0
178 161 96 0 0
179 162 96 0 0
180 163 96 0 0
181 164 96 0 0
182 164 97 0 0
183 165 97 0 0
184 166 97 0 0
185 166 98 0 0
186 167 98 0 0
187 168 98 0 0
188 169 98 0 0
189 170 98 0 0
190 171 98 0 0
191 172 98 0 0
192 173 98 0 0
193 174 98 0 0
194 175 98 0 0
195 176 98 0 0
196 177 98 0 0
197 178 98 0 0
198 179 98 0 0
199 180 98 0 0
200 181 98 0 0
201 182 98 0 0
202 183 98 0 0
203 184 98 0 0
204 185 98 0 0
205 186 98 0 0
206 187 98 0 0
207 188 98 0 0
208 189 98 0 0
209 189 97 0 0
210 190 97 0 0
211 191 97 0 0
212 192 97 0 0
