0 3 98 0 0
1 4 98 0 0
2 5 98 0 0
3 6 98 0 0
4 7 98 0 0
5 8 98 0 0
6 9 98 0 0
7 10 98 0 0
8 11 98 0 0
9 12 98 0 0
10 13 98 0 0
11 14 98 0 0
12 15 98 0 0
13 16 98 0 0
14 17 98 0 0
15 18 98 0 0
16 19 98 0 0
17 20 98 0 0
18 21 98 0 0
19 22 98 0 0
20 23 98 0 0
21 24 98 0 0
22 25 98 0 0
23 26 98 0 0
24 27 98 0 0
25 28 98 0 0
26 29 98 0 0
27 30 98 0 0
28 31 98 0 0
29 32 98 0 0
30 33 98 0 0
31 34 98 0 0
32 35 98 0 0
33 36 98 0 0
34 37 98 0 0
35 38 98 0 0
36 39 98 0 0
37 40 98 0 0
38 41 98 0 0
39 42 98 0 0
40 42 99 0 0
41 43 99 0 0
42 44 99 0 0
43 45 99 0 0
44 46 99 0 0
45 47 99 0 0
46 48 99 0 0
47 49 99 0 0
48 50 99 0 0
49 51 99 0 0
50 52 99 0 0
51 53 99 0 0
52 54 99 0 0
53 55 99 0 0
54 56 99 0 0
55 57 99 0 0
56 58 99 0 0
57 58 98 0 0
58 59 98 0 0
59 60 98 0 0
60 61 98 0 0
61 62 98 0 0
62 63 98 0 0
63 64 98 0 0
64 65 98 0 0
65 66 98 0 0
66 67 98 0 0
67 67 97 0 0
68 68 97 0 0
69 69 97 0 0
70 70 97 0 0
71 71 97 0 0
72 71 96 0 0
73 72 96 0 0
74 73 96 0 0
75 74 96 0 0
76 74 95 0 0
77 75 95 0 0
78 75 94 0 0
79 76 94 0 0
80 77 94 0 0
81 77 93 0 0
82 78 93 0 0
83 79 93 0 0
84 79 92 0 0
85 80 92 0 0
86 81 92 0 0
87 81 91 0 0
88 82 91 0 0
89 82 90 0 0
90 83 90 0 0
91 84 90 0 0
92 84 89 0 0
93 85 89 0 0
94 86 89 0 0
95 87 89 0 0
96 87 88 0 0
97 88 88 0 0
98 89 88 0 0
99 90 88 0 0
100 90 87 0 0
101 91 87 0 0
102 92 87 0 0
103 93 87 0 0
104 93 86 0 0
105 94 86 0 0
106 95 86 0 0
107 96 86 0 0
108 97 86 0 0
109 98 86 0 0
110 98 85 0 0
111 99 85 0 0
112 100 85 0 0
113 101 85 0 0
114 102 85 0 0
115 103 85 0 0
116 104 85 0 0
117 105 85 0 0
118 106 85 0 0
119 107 85 0 0
120 108 85 0 0
121 109 85 0 0
122 110 85 0 0
123 110 84 0 0
124 110 85 0 0
125 111 85 0 0
126 112 85 0 0
127 112 86 0 0
128 113 86 0 0
129 114 86 0 0
130 114 87 0 0
131 115 87 0 0
132 116 87 0 0
133 117 87 0 0
134 117 88 0 0
135 118 88 0 0
136 119 88 0 0
137 119 89 0 0
138 120 89 0 0
139 121 89 0 0
140 122 89 0 0
141 122 90 0 0
142 123 90 0 0
143 124 90 0 0
144 125 90 0 0
145 125 91 0 0
146 126 91 0 0
147 127 91 0 0
148 128 91 0 0
149 128 92 0 0
150 129 92 0 0
151 130 92 0 0
152 130 93 0 0
153 131 93 0 0
154 132 93 0 0
155 133 93 0 0
156 133 94 0 0
157 134 94 0 0
158 135 94 0 0
159 136 94 0 0
160 136 95 0 0
161 137 95 0 0
162 138 95 0 0
163 139 95 0 0
164 139 96 0 0
165 140 96 0 0
166 141 96 0 0
167 142 96 0 0
168 143 96 0 0
169 144 96 0 0
170 144 97 0 0
171 145 97 0 0
172 146 97 0 0
173 147 97 0 0
174 148 97 0 0
175 149 97 0 0
176 150 97 0 0
177 151 97 0 0
178 152 97 0 0
179 152 98 0 0
180 153 98 0 0
181 154 98 0 0
182 155 98 0 0
183 156 98 0 0
184 157 98 0 0
185 158 98 0 0
186 159 98 0 0
187 160 98 0 0
188 161 98 0 0
189 162 98 0 0
190 163 98 0 0
191 164 98 0 0
192 165 98 0 0
193 166 98 0 0
194 167 98 0 0
195 168 98 0 0
196 169 98 0 0
197 170 98 0 0
198 171 98 0 0
199 172 98 0 0
200 173 98 0 0
201 174 98 0 0
202 175 98 0 0
203 176 98 0 0
204 177 98 0 0
205 178 98 0 0
206 179 98 0 0
207 180 98 0 0
208 181 98 0 0
209 181 97 0 0
210 181 98 0 0
211 182 98 0 0
212 183 98 0 0
213 184 98 0 0
214 185 98 0 0
215 186 98 0 0
216 187 98 0 0
217 187 99 0 0
218 188 99 0 0
219 189 99 0 0
220 190 99 0 0
221 191 99 0 0
222 192 99 0 0
223 193 99 0 0
224 193 100 0 0
225 194 100 0 0
226 195 100 0 0
