0 200 20000 0 0
1 400 20000 0 0
2 600 20000 0 0
3 800 20000 0 0
4 1000 20000 0 0
5 1200 20000 0 0
6 1400 20000 0 0
7 1600 20000 0 0
8 1800 20000 0 0
9 2000 20000 0 0
10 2200 20000 0 0
11 2400 20000 0 0
12 2600 20000 0 0
13 2800 20000 0 0
14 3000 20000 0 0
15 3200 20000 0 0
16 3400 20000 0 0
17 3600 20000 0 0
18 3800 20000 0 0
19 4000 20000 0 0
20 4200 20000 0 0
21 4400 20000 0 0
22 4600 20000 0 0
23 4600 19800 0 0
24 4800 19800 0 0
25 5000 19800 0 0
26 5200 19800 0 0
27 5400 19800 0 0
28 5600 19800 0 0
29 5800 19800 0 0
30 6000 19800 0 0
31 6200 19800 0 0
32 6400 19800 0 0
33 6600 19800 0 0
34 6800 19800 0 0
35 7000 19800 0 0
36 7200 19800 0 0
37 7400 19800 0 0
38 7600 19800 0 0
39 7800 19800 0 0
40 8000 19800 0 0
41 8200 19800 0 0
42 8400 19800 0 0
43 8600 19800 0 0
44 8800 19800 0 0
45 9000 19800 0 0
46 9200 19800 0 0
47 9400 19800 0 0
48 9600 19800 0 0
49 9800 19800 0 0
50 10000 19800 0 0
51 10200 19800 0 0
52 10400 19800 0 0
53 10600 19800 0 0
54 10800 19800 0 0
55 10800 19600 0 0
56 11000 19600 0 0
57 11200 19600 0 0
58 11400 19600 0 0
59 11600 19600 0 0
60 11800 19600 0 0
61 11800 19400 0 0
62 12000 19400 0 0
63 12200 19400 0 0
64 12400 19400 0 0
65 12400 19200 0 0
66 12600 19200 0 0
67 12800 19200 0 0
68 12800 19000 0 0
69 13000 19000 0 0
70 13200 19000 0 0
71 13200 18800 0 0
72 13400 18800 0 0
73 13600 18800 0 0
74 13600 18600 0 0
75 13800 18600 0 0
76 14000 18600 0 0
77 14000 18400 0 0
78 14200 18400 0 0
79 14200 18200 0 0
80 14400 18200 0 0
81 14400 18000 0 0
82 14600 18000 0 0
83 14600 17800 0 0
84 14800 17800 0 0
85 14800 17600 0 0
86 15000 17600 0 0
87 15000 17400 0 0
88 15200 17400 0 0
89 15200 17200 0 0
90 15400 17200 0 0
91 15600 17200 0 0
92 15600 17000 0 0
93 15800 17000 0 0
94 15800 16800 0 0
95 16000 16800 0 0
96 16000 16600 0 0
97 16200 16600 0 0
98 16200 16400 0 0
99 16400 16400 0 0
100 16400 16200 0 0
101 16600 16200 0 0
102 16600 16000 0 0
103 16800 16000 0 0
104 16800 15800 0 0
105 17000 15800 0 0
106 17000 15600 0 0
107 17000 15400 0 0
108 17000 15200 0 0
109 17000 15000 0 0
110 17000 14800 0 0
111 17000 14600 0 0
112 17000 14400 0 0
113 17000 14200 0 0
114 17200 14200 0 0
115 17200 14000 0 0
116 17200 13800 0 0
117 17400 13800 0 0
118 17400 13600 0 0
119 17400 13400 0 0
120 17600 13400 0 0
121 17600 13200 0 0
122 17600 13000 0 0
123 17800 13000 0 0
124 17800 12800 0 0
125 17800 12600 0 0
126 17800 12400 0 0
127 17800 12200 0 0
128 17800 12000 0 0
129 18000 12000 0 0
130 18000 11800 0 0
131 18000 11600 0 0
132 18000 11400 0 0
133 18000 11200 0 0
134 18000 11000 0 0
135 18000 10800 0 0
136 18000 10600 0 0
137 18000 10400 0 0
138 18000 10200 0 0
139 18200 10200 0 0
140 18200 10000 0 0
141 18200 9800 0 0
142 18200 9600 0 0
143 18200 9400 0 0
144 18200 9200 0 0
145 18200 9000 0 0
146 18200 8800 0 0
147 18200 8600 0 0
148 18400 8600 0 0
149 18400 8400 0 0
150 18400 8200 0 0
151 18400 8000 0 0
152 18400 7800 0 0
153 18400 7600 0 0
154 18400 7400 0 0
155 18400 7200 0 0
156 18400 7000 0 0
157 18400 6800 0 0
158 18400 6600 0 0
159 18400 6400 0 0
160 18400 6200 0 0
161 18400 6000 0 0
162 18400 5800 0 0
163 18400 5600 0 0
164 18400 5400 0 0
165 18400 5200 0 0
166 18400 5000 0 0
167 18400 4800 0 0
168 18400 4600 0 0
169 18400 4400 0 0
170 18400 4200 0 0
171 18400 4000 0 0
172 18400 3800 0 0
173 18400 3600 0 0
174 18400 3400 0 0
175 18400 3200 0 0
176 18400 3000 0 0
177 18400 2800 0 0
178 18400 2600 0 0
179 18400 2400 0 0
180 18400 2200 0 0
181 18400 2000 0 0
182 18200 2000 0 0
183 18200 1800 0 0
184 18200 1600 0 0
185 18200 1400 0 0
186 18200 1200 0 0
