0 91 236 0 0
1 91 235 0 0
2 91 234 0 0
3 91 233 0 0
4 91 232 0 0
5 91 231 0 0
6 91 230 0 0
7 91 229 0 0
8 91 228 0 0
9 91 227 0 0
10 91 226 0 0
11 91 225 0 0
12 91 224 0 0
13 90 224 0 0
14 90 223 0 0
15 90 222 0 0
16 90 221 0 0
17 90 220 0 0
18 90 219 0 0
19 90 218 0 0
20 90 217 0 0
21 90 216 0 0
22 90 215 0 0
23 90 214 0 0
24 89 214 0 0
25 89 213 0 0
26 89 212 0 0
27 89 211 0 0
28 89 210 0 0
29 89 209 0 0
30 89 208 0 0
31 89 207 0 0
32 89 206 0 0
33 89 205 0 0
34 89 204 0 0
35 89 203 0 0
36 89 202 0 0
37 89 201 0 0
38 89 200 0 0
39 89 199 0 0
40 89 198 0 0
41 89 197 0 0
42 89 196 0 0
43 89 195 0 0
44 89 194 0 0
45 89 193 0 0
46 89 192 0 0
47 89 191 0 0
48 89 190 0 0
49 89 189 0 0
50 89 188 0 0
51 89 187 0 0
52 89 186 0 0
53 90 186 0 0
54 90 185 0 0
55 90 184 0 0
56 90 183 0 0
57 90 182 0 0
58 90 181 0 0
59 90 180 0 0
60 90 179 0 0
61 91 179 0 0
62 91 178 0 0
63 91 177 0 0
64 91 176 0 0
65 91 175 0 0
66 91 174 0 0
67 91 173 0 0
68 91 172 0 0
69 91 171 0 0
70 91 170 0 0
71 91 169 0 0
72 91 168 0 0
73 91 167 0 0
74 92 167 0 0
75 92 166 0 0
76 92 165 0 0
77 92 164 0 0
78 92 163 0 0
79 92 162 0 0
80 92 161 0 0
81 92 160 0 0
82 92 159 0 0
83 92 158 0 0
84 93 158 0 0
85 93 157 0 0
86 93 156 0 0
87 93 155 0 0
88 93 154 0 0
89 93 153 0 0
90 93 152 0 0
91 93 151 0 0
92 93 150 0 0
93 94 150 0 0
94 94 149 0 0
95 94 148 0 0
96 94 147 0 0
97 94 146 0 0
98 94 145 0 0
99 94 144 0 0
100 94 143 0 0
101 95 143 0 0
102 95 142 0 0
103 95 141 0 0
104 95 140 0 0
105 95 139 0 0
106 96 139 0 0
107 96 138 0 0
108 96 137 0 0
109 96 136 0 0
110 96 135 0 0
111 97 135 0 0
112 97 134 0 0
113 97 133 0 0
114 97 132 0 0
115 98 132 0 0
116 98 131 0 0
117 98 130 0 0
118 99 130 0 0
119 99 129 0 0
120 99 128 0 0
121 100 128 0 0
122 100 127 0 0
123 100 126 0 0
124 101 126 0 0
125 101 125 0 0
126 102 125 0 0
127 102 124 0 0
128 102 123 0 0
129 103 123 0 0
130 103 122 0 0
131 104 122 0 0
132 104 121 0 0
133 105 121 0 0
134 105 120 0 0
135 105 119 0 0
136 106 119 0 0
137 106 118 0 0
138 107 118 0 0
139 107 117 0 0
140 107 116 0 0
141 108 116 0 0
142 108 115 0 0
143 109 115 0 0
144 109 114 0 0
145 110 114 0 0
146 110 113 0 0
147 111 113 0 0
148 112 113 0 0
149 112 112 0 0
150 113 112 0 0
151 114 112 0 0
152 114 111 0 0
153 115 111 0 0
154 116 111 0 0
155 117 111 0 0
156 117 110 0 0
157 118 110 0 0
158 119 110 0 0
159 119 109 0 0
160 120 109 0 0
161 121 109 0 0
162 122 109 0 0
163 122 108 0 0
164 123 108 0 0
165 124 108 0 0
166 124 107 0 0
167 125 107 0 0
168 126 107 0 0
169 127 107 0 0
170 127 106 0 0
171 128 106 0 0
172 129 106 0 0
173 129 105 0 0
174 130 105 0 0
175 131 105 0 0
176 132 105 0 0
177 132 104 0 0
178 133 104 0 0
179 134 104 0 0
180 135 104 0 0
181 135 103 0 0
182 136 103 0 0
183 137 103 0 0
184 138 103 0 0
185 139 103 0 0
186 140 103 0 0
187 141 103 0 0
188 142 103 0 0
189 143 103 0 0
190 144 103 0 0
191 145 103 0 0
192 146 103 0 0
193 147 103 0 0
194 148 103 0 0
195 149 103 0 0
196 149 102 0 0
197 150 102 0 0
198 151 102 0 0
199 152 102 0 0
200 153 102 0 0
201 154 102 0 0
202 155 102 0 0
203 156 102 0 0
204 157 102 0 0
205 158 102 0 0
206 159 102 0 0
207 160 102 0 0
208 161 102 0 0
209 162 102 0 0
210 163 102 0 0
211 163 101 0 0
212 164 101 0 0
213 165 101 0 0
214 166 101 0 0
215 167 101 0 0
216 168 101 0 0
217 169 101 0 0
218 170 101 0 0
219 171 101 0 0
220 172 101 0 0
221 173 101 0 0
222 174 101 0 0
223 175 101 0 0
224 176 101 0 0
225 177 101 0 0
226 178 101 0 0
227 179 101 0 0
228 180 101 0 0
229 181 101 0 0
230 182 101 0 0
231 183 101 0 0
232 184 101 0 0
233 185 101 0 0
234 186 101 0 0
235 187 101 0 0
236 188 101 0 0
237 189 101 0 0
238 190 101 0 0
