0 400 20200 0 0
1 600 20200 0 0
2 800 20200 0 0
3 1000 20200 0 0
4 1200 20200 0 0
5 1400 20200 0 0
6 1600 20200 0 0
7 1800 20200 0 0
8 2000 20200 0 0
9 2200 20200 0 0
10 2400 20200 0 0
11 2600 20200 0 0
12 2800 20200 0 0
13 3000 20200 0 0
14 3200 20200 0 0
15 3400 20200 0 0
16 3600 20200 0 0
17 3800 20200 0 0
18 4000 20200 0 0
19 4200 20200 0 0
20 4400 20200 0 0
21 4600 20200 0 0
22 4800 20200 0 0
23 5000 20200 0 0
24 5200 20200 0 0
25 5400 20200 0 0
26 5600 20200 0 0
27 5800 20200 0 0
28 6000 20200 0 0
29 6200 20200 0 0
30 6400 20200 0 0
31 6600 20200 0 0
32 6800 20200 0 0
33 7000 20200 0 0
34 7200 20200 0 0
35 7400 20200 0 0
36 7600 20200 0 0
37 7800 20200 0 0
38 8000 20200 0 0
39 8200 20200 0 0
40 8400 20200 0 0
41 8600 20200 0 0
42 8800 20200 0 0
43 9000 20200 0 0
44 9200 20200 0 0
45 9400 20200 0 0
46 9600 20200 0 0
47 9800 20200 0 0
48 10000 20200 0 0
49 10000 20000 0 0
50 10200 20000 0 0
51 10400 20000 0 0
52 10600 20000 0 0
53 10600 19800 0 0
54 10800 19800 0 0
55 11000 19800 0 0
56 11200 19800 0 0
57 11200 19600 0 0
58 11400 19600 0 0
59 11600 19600 0 0
60 11800 19600 0 0
61 11800 19400 0 0
62 12000 19400 0 0
63 12200 19400 0 0
64 12400 19400 0 0
65 12400 19200 0 0
66 12600 19200 0 0
67 12800 19200 0 0
68 13000 19200 0 0
69 13000 19000 0 0
70 13200 19000 0 0
71 13400 19000 0 0
72 13600 19000 0 0
73 13600 18800 0 0
74 13800 18800 0 0
75 14000 18800 0 0
76 14200 18800 0 0
77 14200 18600 0 0
78 14400 18600 0 0
79 14600 18600 0 0
80 14800 18600 0 0
81 14800 18400 0 0
82 15000 18400 0 0
83 15200 18400 0 0
84 15400 18400 0 0
85 15400 18200 0 0
86 15600 18200 0 0
87 15800 18200 0 0
88 15800 18000 0 0
89 16000 18000 0 0
90 16200 18000 0 0
91 16200 17800 0 0
92 16400 17800 0 0
93 16400 17600 0 0
94 16600 17600 0 0
95 16800 17600 0 0
96 16800 17400 0 0
97 17000 17400 0 0
98 17200 17400 0 0
99 17200 17200 0 0
100 17400 17200 0 0
101 17600 17200 0 0
102 17600 17000 0 0
103 17800 17000 0 0
104 18000 17000 0 0
105 18000 16800 0 0
106 18200 16800 0 0
107 18200 16600 0 0
108 18400 16600 0 0
109 18600 16600 0 0
110 18600 16400 0 0
111 18800 16400 0 0
112 19000 16400 0 0
113 19000 16200 0 0
114 19000 16400 0 0
115 19200 16400 0 0
116 19400 16400 0 0
117 19600 16400 0 0
118 19800 16400 0 0
119 20000 16400 0 0
120 20200 16400 0 0
121 20400 16400 0 0
122 20600 16400 0 0
123 20600 16600 0 0
124 20800 16600 0 0
125 21000 16600 0 0
126 21200 16600 0 0
127 21400 16600 0 0
128 21600 16600 0 0
129 21800 16600 0 0
130 21800 16800 0 0
131 22000 16800 0 0
132 22200 16800 0 0
133 22400 16800 0 0
134 22600 16800 0 0
135 22800 16800 0 0
136 22800 17000 0 0
137 23000 17000 0 0
138 23000 17200 0 0
139 23200 17200 0 0
140 23200 17400 0 0
141 23400 17400 0 0
142 23600 17400 0 0
143 23600 17600 0 0
144 23800 17600 0 0
145 23800 17800 0 0
146 24000 17800 0 0
147 24000 18000 0 0
148 24200 18000 0 0
149 24200 18200 0 0
150 24400 18200 0 0
151 24400 18400 0 0
152 24600 18400 0 0
153 24600 18600 0 0
154 24800 18600 0 0
155 25000 18600 0 0
156 25200 18600 0 0
157 25400 18600 0 0
158 25600 18600 0 0
159 25800 18600 0 0
160 26000 18600 0 0
161 26200 18600 0 0
162 26400 18600 0 0
163 26400 18800 0 0
164 26600 18800 0 0
165 26800 18800 0 0
166 26800 19000 0 0
167 27000 19000 0 0
168 27200 19000 0 0
169 27200 19200 0 0
170 27400 19200 0 0
171 27600 19200 0 0
172 27800 19200 0 0
173 28000 19200 0 0
174 28200 19200 0 0
175 28400 19200 0 0
176 28600 19200 0 0
177 28800 19200 0 0
178 29000 19200 0 0
179 29200 19200 0 0
180 29400 19200 0 0
181 29600 19200 0 0
182 29800 19200 0 0
183 30000 19200 0 0
184 30200 19200 0 0
185 30400 19200 0 0
186 30600 19200 0 0
187 30800 19200 0 0
188 31000 19200 0 0
189 31200 19200 0 0
190 31200 19400 0 0
191 31400 19400 0 0
192 31600 19400 0 0
193 31800 19400 0 0
194 32000 19400 0 0
195 32200 19400 0 0
196 32400 19400 0 0
197 32600 19400 0 0
198 32800 19400 0 0
199 33000 19400 0 0
200 33200 19400 0 0
201 33400 19400 0 0
202 33600 19400 0 0
203 33800 19400 0 0
204 34000 19400 0 0
205 34200 19400 0 0
206 34400 19400 0 0
207 34600 19400 0 0
208 34800 19400 0 0
209 35000 19400 0 0
210 35200 19400 0 0
211 35400 19400 0 0
212 35600 19400 0 0
213 35800 19400 0 0
214 36000 19400 0 0
215 36200 19400 0 0
216 36400 19400 0 0
217 36600 19400 0 0
218 36800 19400 0 0
219 36800 19600 0 0
220 37000 19600 0 0
221 37200 19600 0 0
222 37400 19600 0 0
223 37600 19600 0 0
224 37800 19600 0 0
225 38000 19600 0 0
226 38200 19600 0 0
227 38400 19600 0 0
228 38600 19600 0 0
229 38800 19600 0 0
