0 5 100 0 0
1 6 100 0 0
2 7 100 0 0
3 8 100 0 0
4 9 100 0 0
5 10 100 0 0
6 11 100 0 0
7 12 100 0 0
8 13 100 0 0
9 14 100 0 0
10 15 100 0 0
11 16 100 0 0
12 17 100 0 0
13 18 100 0 0
14 19 100 0 0
15 20 100 0 0
16 21 100 0 0
17 22 100 0 0
18 23 100 0 0
19 24 100 0 0
20 25 100 0 0
21 26 100 0 0
22 27 100 0 0
23 28 100 0 0
24 29 100 0 0
25 29 101 0 0
26 30 101 0 0
27 31 101 0 0
28 32 101 0 0
29 33 101 0 0
30 34 101 0 0
31 35 101 0 0
32 36 101 0 0
33 37 101 0 0
34 38 101 0 0
35 39 101 0 0
36 40 101 0 0
37 41 101 0 0
38 42 101 0 0
39 43 101 0 0
40 43 102 0 0
41 44 102 0 0
42 45 102 0 0
43 46 102 0 0
44 47 102 0 0
45 48 102 0 0
46 49 102 0 0
47 50 102 0 0
48 51 102 0 0
49 52 102 0 0
50 53 102 0 0
51 54 102 0 0
52 54 101 0 0
53 55 101 0 0
54 56 101 0 0
55 57 101 0 0
56 58 101 0 0
57 59 101 0 0
58 59 100 0 0
59 60 100 0 0
60 60 101 0 0
61 61 101 0 0
62 62 101 0 0
63 63 101 0 0
64 64 101 0 0
65 65 101 0 0
66 66 101 0 0
67 66 102 0 0
68 67 102 0 0
69 68 102 0 0
70 69 102 0 0
71 70 102 0 0
72 71 102 0 0
73 72 102 0 0
74 72 103 0 0
75 73 103 0 0
76 74 103 0 0
77 75 103 0 0
78 76 103 0 0
79 76 104 0 0
80 77 104 0 0
81 77 105 0 0
82 78 105 0 0
83 79 105 0 0
84 79 106 0 0
85 80 106 0 0
86 80 107 0 0
87 81 107 0 0
88 81 108 0 0
89 82 108 0 0
90 82 109 0 0
91 83 109 0 0
92 84 109 0 0
93 84 110 0 0
94 85 110 0 0
95 85 111 0 0
96 86 111 0 0
97 87 111 0 0
98 87 112 0 0
99 88 112 0 0
100 88 113 0 0
101 89 113 0 0
102 89 114 0 0
103 89 115 0 0
104 90 115 0 0
105 90 116 0 0
106 90 117 0 0
107 91 117 0 0
108 91 118 0 0
109 92 118 0 0
110 92 119 0 0
111 92 120 0 0
112 93 120 0 0
113 93 121 0 0
114 93 122 0 0
115 94 122 0 0
116 94 123 0 0
117 94 124 0 0
118 95 124 0 0
119 95 125 0 0
120 96 125 0 0
121 96 126 0 0
122 96 127 0 0
123 97 127 0 0
124 97 128 0 0
125 97 129 0 0
126 98 129 0 0
127 98 130 0 0
128 98 131 0 0
129 98 132 0 0
130 98 133 0 0
131 98 134 0 0
132 99 134 0 0
133 99 135 0 0
134 99 136 0 0
135 99 137 0 0
136 99 138 0 0
137 100 138 0 0
138 100 139 0 0
139 100 140 0 0
140 100 141 0 0
141 101 141 0 0
142 101 142 0 0
143 101 143 0 0
144 101 144 0 0
145 101 145 0 0
146 102 145 0 0
147 102 146 0 0
148 102 147 0 0
149 102 148 0 0
150 102 149 0 0
151 103 149 0 0
152 103 150 0 0
153 103 151 0 0
154 103 152 0 0
155 104 152 0 0
156 104 153 0 0
157 104 154 0 0
158 104 155 0 0
159 104 156 0 0
160 104 157 0 0
161 105 157 0 0
162 105 158 0 0
163 105 159 0 0
164 105 160 0 0
165 105 161 0 0
166 106 161 0 0
167 106 162 0 0
168 106 163 0 0
169 107 163 0 0
170 107 164 0 0
171 107 165 0 0
172 107 166 0 0
173 107 167 0 0
174 108 167 0 0
175 108 168 0 0
176 108 169 0 0
177 108 170 0 0
178 109 170 0 0
179 109 171 0 0
180 109 172 0 0
181 109 173 0 0
182 109 174 0 0
183 110 174 0 0
184 110 175 0 0
185 110 176 0 0
186 110 177 0 0
187 110 178 0 0
188 110 179 0 0
189 111 179 0 0
190 111 180 0 0
191 111 181 0 0
192 111 182 0 0
193 111 183 0 0
194 111 184 0 0
195 111 185 0 0
196 112 185 0 0
197 112 186 0 0
198 112 187 0 0
199 112 188 0 0
200 112 189 0 0
201 112 190 0 0
202 113 190 0 0
203 113 191 0 0
204 113 192 0 0
205 113 193 0 0
206 114 193 0 0
207 114 194 0 0
208 114 195 0 0
209 114 196 0 0
210 114 197 0 0
211 115 197 0 0
212 115 198 0 0
213 115 199 0 0
214 115 200 0 0
215 115 201 0 0
216 116 201 0 0
217 116 202 0 0
218 116 203 0 0
219 116 204 0 0
220 117 204 0 0
221 117 205 0 0
222 117 206 0 0
223 117 207 0 0
224 117 208 0 0
225 118 208 0 0
226 118 209 0 0
227 118 210 0 0
228 119 210 0 0
229 119 211 0 0
230 119 212 0 0
231 119 213 0 0
232 120 213 0 0
233 120 214 0 0
234 120 215 0 0
235 120 216 0 0
236 121 216 0 0
237 121 217 0 0
238 121 218 0 0
239 121 219 0 0
240 121 220 0 0
241 121 221 0 0
242 121 222 0 0
243 121 223 0 0
244 121 224 0 0
245 121 225 0 0
246 121 226 0 0
247 122 226 0 0
248 122 227 0 0
249 122 228 0 0
250 122 229 0 0
251 122 230 0 0
252 122 231 0 0
253 122 232 0 0
254 122 233 0 0
255 122 234 0 0
256 123 234 0 0
257 123 235 0 0
