0 103 5 0 0
1 103 6 0 0
2 103 7 0 0
3 103 8 0 0
4 103 9 0 0
5 103 10 0 0
6 103 11 0 0
7 102 11 0 0
8 102 12 0 0
9 102 13 0 0
10 102 14 0 0
11 102 15 0 0
12 102 16 0 0
13 102 17 0 0
14 102 18 0 0
15 102 19 0 0
16 102 20 0 0
17 102 21 0 0
18 102 22 0 0
19 102 23 0 0
20 102 24 0 0
21 102 25 0 0
22 102 26 0 0
23 102 27 0 0
24 102 28 0 0
25 102 29 0 0
26 102 30 0 0
27 102 31 0 0
28 102 32 0 0
29 102 33 0 0
30 102 34 0 0
31 102 35 0 0
32 102 36 0 0
33 102 37 0 0
34 102 38 0 0
35 103 38 0 0
36 103 39 0 0
37 103 40 0 0
38 103 41 0 0
39 103 42 0 0
40 103 43 0 0
41 103 44 0 0
42 103 45 0 0
43 103 46 0 0
44 103 47 0 0
45 103 48 0 0
46 103 49 0 0
47 103 50 0 0
48 103 51 0 0
49 103 52 0 0
50 103 53 0 0
51 104 53 0 0
52 104 54 0 0
53 104 55 0 0
54 104 56 0 0
55 104 57 0 0
56 105 57 0 0
57 105 58 0 0
58 105 59 0 0
59 105 60 0 0
60 105 61 0 0
61 106 61 0 0
62 106 62 0 0
63 106 63 0 0
64 106 64 0 0
65 106 65 0 0
66 107 65 0 0
67 107 66 0 0
68 107 67 0 0
69 107 68 0 0
70 108 68 0 0
71 108 69 0 0
72 109 69 0 0
73 109 70 0 0
74 109 71 0 0
75 110 71 0 0
76 110 72 0 0
77 110 73 0 0
78 111 73 0 0
79 111 74 0 0
80 112 74 0 0
81 112 75 0 0
82 112 76 0 0
83 113 76 0 0
84 114 76 0 0
85 114 77 0 0
86 114 78 0 0
87 115 78 0 0
88 115 79 0 0
89 115 80 0 0
90 116 80 0 0
91 116 81 0 0
92 116 82 0 0
93 117 82 0 0
94 117 83 0 0
95 117 84 0 0
96 118 84 0 0
97 118 85 0 0
98 118 86 0 0
99 119 86 0 0
100 119 87 0 0
101 119 88 0 0
102 120 88 0 0
103 120 89 0 0
104 119 89 0 0
105 119 90 0 0
106 119 91 0 0
107 119 92 0 0
108 119 93 0 0
109 119 94 0 0
110 118 94 0 0
111 118 95 0 0
112 118 96 0 0
113 118 97 0 0
114 118 98 0 0
115 117 98 0 0
116 117 99 0 0
117 117 100 0 0
118 117 101 0 0
119 117 102 0 0
120 116 102 0 0
121 115 102 0 0
122 115 103 0 0
123 114 103 0 0
124 113 103 0 0
125 112 103 0 0
126 112 104 0 0
127 111 104 0 0
128 110 104 0 0
129 110 105 0 0
130 109 105 0 0
131 108 105 0 0
132 108 106 0 0
133 107 106 0 0
134 106 106 0 0
135 106 107 0 0
136 105 107 0 0
137 104 107 0 0
138 103 107 0 0
139 102 107 0 0
140 102 108 0 0
141 101 108 0 0
142 100 108 0 0
143 99 108 0 0
144 99 109 0 0
145 98 109 0 0
146 97 109 0 0
147 96 109 0 0
148 95 109 0 0
149 94 109 0 0
150 93 109 0 0
151 92 109 0 0
152 91 109 0 0
153 90 109 0 0
154 89 109 0 0
155 88 109 0 0
156 87 109 0 0
157 86 109 0 0
158 85 109 0 0
159 84 109 0 0
160 83 109 0 0
161 82 109 0 0
162 81 109 0 0
163 80 109 0 0
164 79 109 0 0
165 78 109 0 0
166 78 108 0 0
167 77 108 0 0
168 76 108 0 0
169 75 108 0 0
170 74 108 0 0
171 73 108 0 0
172 72 108 0 0
173 72 107 0 0
174 71 107 0 0
175 70 107 0 0
176 69 107 0 0
177 68 107 0 0
178 67 107 0 0
179 66 107 0 0
180 66 106 0 0
181 65 106 0 0
182 64 106 0 0
183 63 106 0 0
184 62 106 0 0
185 62 105 0 0
186 61 105 0 0
187 60 105 0 0
188 59 105 0 0
189 58 105 0 0
190 57 105 0 0
191 56 105 0 0
192 55 105 0 0
193 54 105 0 0
194 53 105 0 0
195 52 105 0 0
196 51 105 0 0
197 51 106 0 0
198 50 106 0 0
199 50 105 0 0
200 49 105 0 0
201 48 105 0 0
202 47 105 0 0
203 46 105 0 0
204 46 104 0 0
205 45 104 0 0
206 44 104 0 0
207 43 104 0 0
208 42 104 0 0
209 41 104 0 0
210 40 104 0 0
211 39 104 0 0
212 38 104 0 0
213 37 104 0 0
214 36 104 0 0
215 35 104 0 0
216 34 104 0 0
217 33 104 0 0
218 32 104 0 0
219 31 104 0 0
220 31 103 0 0
221 30 103 0 0
222 29 103 0 0
223 28 103 0 0
224 27 103 0 0
225 26 103 0 0
226 25 103 0 0
227 24 103 0 0
228 23 103 0 0
229 23 102 0 0
230 23 103 0 0
231 22 103 0 0
232 21 103 0 0
233 20 103 0 0
234 19 103 0 0
235 18 103 0 0
236 18 104 0 0
237 17 104 0 0
238 16 104 0 0
239 15 104 0 0
240 14 104 0 0
241 13 104 0 0
242 12 104 0 0
243 11 104 0 0
244 10 104 0 0
245 9 104 0 0
246 8 104 0 0
247 8 103 0 0
248 7 103 0 0
