0 19400 800 0 0
1 19400 1000 0 0
2 19400 1200 0 0
3 19400 1400 0 0
4 19400 1600 0 0
5 19200 1600 0 0
6 19200 1800 0 0
7 19200 2000 0 0
8 19200 2200 0 0
9 19200 2400 0 0
10 19200 2600 0 0
11 19200 2800 0 0
12 19200 3000 0 0
13 19200 3200 0 0
14 19000 3200 0 0
15 19000 3400 0 0
16 19000 3600 0 0
17 19000 3800 0 0
18 19000 4000 0 0
19 19000 4200 0 0
20 19000 4400 0 0
21 19000 4600 0 0
22 19000 4800 0 0
23 19000 5000 0 0
24 19200 5000 0 0
25 19200 5200 0 0
26 19200 5400 0 0
27 19200 5600 0 0
28 19200 5800 0 0
29 19200 6000 0 0
30 19200 6200 0 0
31 19200 6400 0 0
32 19200 6600 0 0
33 19200 6800 0 0
34 19200 7000 0 0
35 19200 7200 0 0
36 19200 7400 0 0
37 19200 7600 0 0
38 19400 7600 0 0
39 19400 7800 0 0
40 19400 8000 0 0
41 19400 8200 0 0
42 19400 8400 0 0
43 19400 8600 0 0
44 19400 8800 0 0
45 19400 9000 0 0
46 19400 9200 0 0
47 19600 9200 0 0
48 19600 9400 0 0
49 19600 9600 0 0
50 19600 9800 0 0
51 19600 10000 0 0
52 19600 10200 0 0
53 19800 10200 0 0
54 19800 10400 0 0
55 19800 10600 0 0
56 19800 10800 0 0
57 19800 11000 0 0
58 19800 11200 0 0
59 20000 11200 0 0
60 20000 11400 0 0
61 20000 11600 0 0
62 20000 11800 0 0
63 20200 11800 0 0
64 20200 12000 0 0
65 20200 12200 0 0
66 20200 12400 0 0
67 20200 12600 0 0
68 20400 12600 0 0
69 20400 12800 0 0
70 20400 13000 0 0
71 20400 13200 0 0
72 20400 13400 0 0
73 20400 13600 0 0
74 20400 13800 0 0
75 20400 14000 0 0
76 20600 14000 0 0
77 20600 14200 0 0
78 20600 14400 0 0
79 20600 14600 0 0
80 20600 14800 0 0
81 20600 15000 0 0
82 20800 15000 0 0
83 20800 15200 0 0
84 20800 15400 0 0
85 21000 15400 0 0
86 21000 15600 0 0
87 21200 15600 0 0
88 21200 15800 0 0
89 21400 15800 0 0
90 21400 16000 0 0
91 21400 16200 0 0
92 21600 16200 0 0
93 21600 16400 0 0
94 21800 16400 0 0
95 21800 16600 0 0
96 22000 16600 0 0
97 22000 16800 0 0
98 22200 16800 0 0
99 22200 17000 0 0
100 22400 17000 0 0
101 22400 17200 0 0
102 22400 17400 0 0
103 22400 17600 0 0
104 22400 17800 0 0
105 22600 17800 0 0
106 22600 18000 0 0
107 22600 18200 0 0
108 22800 18200 0 0
109 22800 18400 0 0
110 22800 18600 0 0
111 22800 18800 0 0
112 23000 18800 0 0
113 23000 19000 0 0
114 23000 19200 0 0
115 23000 19400 0 0
116 23000 19600 0 0
117 23200 19600 0 0
118 23200 19800 0 0
119 23200 20000 0 0
120 23400 20000 0 0
121 23400 20200 0 0
122 23400 20400 0 0
123 23200 20400 0 0
124 23200 20600 0 0
125 23000 20600 0 0
126 23000 20800 0 0
127 23000 21000 0 0
128 23000 21200 0 0
129 22800 21200 0 0
130 22800 21400 0 0
131 22800 21600 0 0
132 22600 21600 0 0
133 22600 21800 0 0
134 22600 22000 0 0
135 22400 22000 0 0
136 22400 22200 0 0
137 22400 22400 0 0
138 22400 22600 0 0
139 22200 22600 0 0
140 22200 22800 0 0
141 22200 23000 0 0
142 22000 23000 0 0
143 22000 23200 0 0
144 21800 23200 0 0
145 21600 23200 0 0
146 21400 23200 0 0
147 21200 23200 0 0
148 21000 23200 0 0
149 20800 23200 0 0
150 20600 23200 0 0
151 20400 23200 0 0
152 20200 23200 0 0
153 20000 23200 0 0
154 19800 23200 0 0
155 19600 23200 0 0
156 19400 23200 0 0
157 19200 23200 0 0
158 19000 23200 0 0
159 18800 23200 0 0
160 18600 23200 0 0
161 18600 23000 0 0
162 18400 23000 0 0
163 18200 23000 0 0
164 18000 23000 0 0
165 18000 22800 0 0
166 17800 22800 0 0
167 17600 22800 0 0
168 17400 22800 0 0
169 17400 22600 0 0
170 17200 22600 0 0
171 17000 22600 0 0
172 16800 22600 0 0
173 16800 22400 0 0
174 16600 22400 0 0
175 16400 22400 0 0
176 16200 22400 0 0
177 16200 22200 0 0
178 16000 22200 0 0
179 15800 22200 0 0
180 15600 22200 0 0
181 15600 22000 0 0
182 15400 22000 0 0
183 15200 22000 0 0
184 15000 22000 0 0
185 15000 21800 0 0
186 14800 21800 0 0
187 14600 21800 0 0
188 14400 21800 0 0
189 14200 21800 0 0
190 14000 21800 0 0
191 13800 21800 0 0
192 13800 21600 0 0
193 13600 21600 0 0
194 13400 21600 0 0
195 13200 21600 0 0
196 13000 21600 0 0
197 12800 21600 0 0
198 12600 21600 0 0
199 12400 21600 0 0
200 12400 21400 0 0
201 12200 21400 0 0
202 12000 21400 0 0
203 11800 21400 0 0
204 11600 21400 0 0
205 11400 21400 0 0
206 11200 21400 0 0
207 11000 21400 0 0
208 11000 21200 0 0
209 10800 21200 0 0
210 10600 21200 0 0
211 10400 21200 0 0
212 10200 21200 0 0
213 10000 21200 0 0
214 9800 21200 0 0
215 9600 21200 0 0
216 9400 21200 0 0
217 9200 21200 0 0
218 9000 21200 0 0
219 8800 21200 0 0
220 8800 21000 0 0
221 8800 21200 0 0
222 8600 21200 0 0
223 8400 21200 0 0
224 8200 21200 0 0
225 8000 21200 0 0
226 7800 21200 0 0
227 7600 21200 0 0
228 7400 21200 0 0
229 7200 21200 0 0
230 7000 21200 0 0
231 6800 21200 0 0
232 6600 21200 0 0
233 6400 21200 0 0
234 6200 21200 0 0
235 6000 21200 0 0
236 5800 21200 0 0
237 5600 21200 0 0
238 5400 21200 0 0
239 5200 21200 0 0
240 5000 21200 0 0
241 4800 21200 0 0
242 4600 21200 0 0
243 4400 21200 0 0
244 4200 21200 0 0
245 4000 21200 0 0
246 3800 21200 0 0
247 3600 21200 0 0
248 3400 21200 0 0
249 3200 21200 0 0
250 3000 21200 0 0
251 2800 21200 0 0
252 2600 21200 0 0
253 2400 21200 0 0
254 2200 21200 0 0
255 2000 21200 0 0
256 1800 21200 0 0
257 1600 21200 0 0
