0 19600 1000 0 0
1 19600 1200 0 0
2 19400 1200 0 0
3 19400 1400 0 0
4 19400 1600 0 0
5 19400 1800 0 0
6 19400 2000 0 0
7 19400 2200 0 0
8 19400 2400 0 0
9 19400 2600 0 0
10 19200 2600 0 0
11 19200 2800 0 0
12 19200 3000 0 0
13 19200 3200 0 0
14 19200 3400 0 0
15 19200 3600 0 0
16 19200 3800 0 0
17 19200 4000 0 0
18 19200 4200 0 0
19 19200 4400 0 0
20 19200 4600 0 0
21 19200 4800 0 0
22 19200 5000 0 0
23 19200 5200 0 0
24 19200 5400 0 0
25 19200 5600 0 0
26 19400 5600 0 0
27 19400 5800 0 0
28 19400 6000 0 0
29 19400 6200 0 0
30 19400 6400 0 0
31 19400 6600 0 0
32 19400 6800 0 0
33 19400 7000 0 0
34 19400 7200 0 0
35 19400 7400 0 0
36 19400 7600 0 0
37 19400 7800 0 0
38 19400 8000 0 0
39 19400 8200 0 0
40 19400 8400 0 0
41 19400 8600 0 0
42 19400 8800 0 0
43 19400 9000 0 0
44 19400 9200 0 0
45 19400 9400 0 0
46 19400 9600 0 0
47 19400 9800 0 0
48 19400 10000 0 0
49 19400 10200 0 0
50 19400 10400 0 0
51 19600 10400 0 0
52 19600 10600 0 0
53 19600 10800 0 0
54 19600 11000 0 0
55 19800 11000 0 0
56 19800 11200 0 0
57 19800 11400 0 0
58 20000 11400 0 0
59 20000 11600 0 0
60 20000 11800 0 0
61 20000 12000 0 0
62 20200 12000 0 0
63 20200 12200 0 0
64 20200 12400 0 0
65 20400 12400 0 0
66 20400 12600 0 0
67 20400 12800 0 0
68 20400 13000 0 0
69 20600 13000 0 0
70 20600 13200 0 0
71 20800 13200 0 0
72 20800 13400 0 0
73 20800 13600 0 0
74 20800 13800 0 0
75 20800 14000 0 0
76 21000 14000 0 0
77 21000 14200 0 0
78 21000 14400 0 0
79 21000 14600 0 0
80 21000 14800 0 0
81 21200 14800 0 0
82 21200 15000 0 0
83 21200 15200 0 0
84 21200 15400 0 0
85 21400 15400 0 0
86 21400 15600 0 0
87 21400 15800 0 0
88 21400 16000 0 0
89 21400 16200 0 0
90 21400 16400 0 0
91 21600 16400 0 0
92 21600 16600 0 0
93 21600 16800 0 0
94 21600 17000 0 0
95 21600 17200 0 0
96 21600 17400 0 0
97 21600 17600 0 0
98 21600 17800 0 0
99 21600 18000 0 0
100 21800 18000 0 0
101 21800 18200 0 0
102 21800 18400 0 0
103 21800 18600 0 0
104 21800 18800 0 0
105 22000 18800 0 0
106 22000 19000 0 0
107 22000 19200 0 0
108 22000 19400 0 0
109 22000 19600 0 0
110 22000 19800 0 0
111 22200 19800 0 0
112 22200 20000 0 0
113 22200 20200 0 0
114 22200 20400 0 0
115 22200 20600 0 0
116 22400 20600 0 0
117 22400 20800 0 0
118 22400 21000 0 0
119 22400 21200 0 0
120 22400 21400 0 0
121 22400 21600 0 0
122 22600 21600 0 0
123 22600 21800 0 0
124 22600 22000 0 0
125 22600 22200 0 0
126 22600 22400 0 0
127 22600 22600 0 0
128 22800 22600 0 0
129 22800 22800 0 0
130 22800 23000 0 0
131 22800 23200 0 0
132 23000 23200 0 0
133 23000 23400 0 0
134 23000 23600 0 0
135 23000 23800 0 0
136 23000 24000 0 0
137 23200 24000 0 0
138 23200 24200 0 0
139 23200 24400 0 0
140 23200 24600 0 0
141 23200 24800 0 0
142 23200 25000 0 0
143 23000 25000 0 0
144 23000 25200 0 0
145 23000 25400 0 0
146 23000 25600 0 0
147 23000 25800 0 0
148 23000 26000 0 0
149 23000 26200 0 0
150 23000 26400 0 0
151 23000 26600 0 0
152 23000 26800 0 0
153 23000 27000 0 0
154 23000 27200 0 0
155 23000 27400 0 0
156 23000 27600 0 0
157 23000 27800 0 0
158 23000 28000 0 0
159 23000 28200 0 0
160 23000 28400 0 0
161 23000 28600 0 0
162 23000 28800 0 0
163 23000 29000 0 0
164 23000 29200 0 0
165 23000 29400 0 0
166 23000 29600 0 0
167 23000 29800 0 0
168 23000 30000 0 0
169 23000 30200 0 0
170 23000 30400 0 0
171 23000 30600 0 0
172 23200 30600 0 0
173 23200 30800 0 0
174 23200 31000 0 0
175 23200 31200 0 0
176 23200 31400 0 0
177 23200 31600 0 0
178 23200 31800 0 0
179 23200 32000 0 0
180 23200 32200 0 0
181 23200 32400 0 0
182 23400 32400 0 0
183 23400 32600 0 0
184 23400 32800 0 0
185 23400 33000 0 0
186 23400 33200 0 0
187 23400 33400 0 0
188 23600 33400 0 0
189 23600 33600 0 0
190 23600 33800 0 0
191 23600 34000 0 0
192 23600 34200 0 0
193 23600 34400 0 0
194 23600 34600 0 0
195 23800 34600 0 0
196 23800 34800 0 0
197 23800 35000 0 0
198 23800 35200 0 0
199 23800 35400 0 0
200 24000 35400 0 0
201 24000 35600 0 0
202 24000 35800 0 0
203 24000 36000 0 0
204 24200 36000 0 0
205 24200 36200 0 0
206 24200 36400 0 0
207 24200 36600 0 0
208 24200 36800 0 0
209 24400 36800 0 0
210 24400 37000 0 0
211 24400 37200 0 0
212 24400 37400 0 0
213 24400 37600 0 0
214 24400 37800 0 0
215 24600 37800 0 0
216 24600 38000 0 0
217 24600 38200 0 0
218 24600 38400 0 0
219 24600 38600 0 0
220 24800 38600 0 0
221 24800 38800 0 0
222 24800 39000 0 0
223 24800 39200 0 0
224 24800 39400 0 0
225 24800 39600 0 0
226 24800 39800 0 0
227 24800 40000 0 0
228 24800 40200 0 0
229 24800 40400 0 0
230 24800 40600 0 0
231 24800 40800 0 0
232 24800 41000 0 0
233 24800 41200 0 0
234 24800 41400 0 0
235 24800 41600 0 0
236 24800 41800 0 0
237 24800 42000 0 0
238 24800 42200 0 0
239 24800 42400 0 0
240 24800 42600 0 0
241 24800 42800 0 0
242 24800 43000 0 0
243 24800 43200 0 0
244 24800 43400 0 0
245 24800 43600 0 0
246 24800 43800 0 0
247 24800 44000 0 0
248 24800 44200 0 0
249 24800 44400 0 0
250 24800 44600 0 0
251 24800 44800 0 0
252 24800 45000 0 0
253 24800 45200 0 0
254 24800 45400 0 0
255 24800 45600 0 0
256 24800 45800 0 0
257 24600 45800 0 0
258 24600 46000 0 0
259 24600 46200 0 0
260 24600 46400 0 0
261 24600 46600 0 0
262 24600 46800 0 0
263 24600 47000 0 0
