0 20200 1400 0 0
1 20200 1600 0 0
2 20000 1600 0 0
3 20000 1800 0 0
4 20000 2000 0 0
5 20000 2200 0 0
6 20000 2400 0 0
7 20000 2600 0 0
8 20000 2800 0 0
9 20000 3000 0 0
10 20000 3200 0 0
11 20000 3400 0 0
12 20000 3600 0 0
13 20000 3800 0 0
14 19800 3800 0 0
15 19800 4000 0 0
16 19800 4200 0 0
17 19800 4400 0 0
18 19800 4600 0 0
19 19800 4800 0 0
20 19800 5000 0 0
21 19800 5200 0 0
22 19800 5400 0 0
23 19600 5400 0 0
24 19600 5600 0 0
25 19600 5800 0 0
26 19600 6000 0 0
27 19600 6200 0 0
28 19600 6400 0 0
29 19600 6600 0 0
30 19600 6800 0 0
31 19600 7000 0 0
32 19600 7200 0 0
33 19600 7400 0 0
34 19600 7600 0 0
35 19600 7800 0 0
36 19600 8000 0 0
37 19600 8200 0 0
38 19600 8400 0 0
39 19600 8600 0 0
40 19600 8800 0 0
41 19600 9000 0 0
42 19600 9200 0 0
43 19600 9400 0 0
44 19600 9600 0 0
45 19600 9800 0 0
46 19600 10000 0 0
47 19600 10200 0 0
48 19600 10400 0 0
49 19600 10600 0 0
50 19600 10800 0 0
51 19600 11000 0 0
52 19600 11200 0 0
53 19600 11400 0 0
54 19800 11400 0 0
55 19800 11600 0 0
56 19800 11800 0 0
57 19800 12000 0 0
58 20000 12000 0 0
59 20000 12200 0 0
60 20000 12400 0 0
61 20000 12600 0 0
62 20000 12800 0 0
63 20000 13000 0 0
64 20200 13000 0 0
65 20200 13200 0 0
66 20200 13400 0 0
67 20200 13600 0 0
68 20400 13600 0 0
69 20400 13800 0 0
70 20400 14000 0 0
71 20600 14000 0 0
72 20600 14200 0 0
73 20600 14400 0 0
74 20800 14400 0 0
75 20800 14600 0 0
76 20800 14800 0 0
77 21000 14800 0 0
78 21000 15000 0 0
79 21000 15200 0 0
80 21200 15200 0 0
81 21200 15400 0 0
82 21200 15600 0 0
83 21400 15600 0 0
84 21400 15800 0 0
85 21400 16000 0 0
86 21600 16000 0 0
87 21600 16200 0 0
88 21600 16400 0 0
89 21800 16400 0 0
90 21800 16600 0 0
91 21800 16800 0 0
92 21800 17000 0 0
93 22000 17000 0 0
94 22000 17200 0 0
95 22000 17400 0 0
96 22000 17600 0 0
97 22200 17600 0 0
98 22200 17800 0 0
99 22200 18000 0 0
100 22200 18200 0 0
101 22400 18200 0 0
102 22400 18400 0 0
103 22400 18600 0 0
104 22400 18800 0 0
105 22600 18800 0 0
106 22600 19000 0 0
107 22600 19200 0 0
108 22600 19400 0 0
109 22600 19600 0 0
110 22600 19800 0 0
111 22800 19800 0 0
112 22800 20000 0 0
113 22800 20200 0 0
114 23000 20200 0 0
115 23000 20400 0 0
116 22800 20400 0 0
117 22800 20600 0 0
118 22800 20800 0 0
119 22800 21000 0 0
120 22800 21200 0 0
121 22800 21400 0 0
122 22800 21600 0 0
123 22800 21800 0 0
124 22800 22000 0 0
125 22800 22200 0 0
126 22800 22400 0 0
127 22800 22600 0 0
128 22800 22800 0 0
129 22800 23000 0 0
130 22800 23200 0 0
131 22800 23400 0 0
132 22800 23600 0 0
133 22800 23800 0 0
134 22800 24000 0 0
135 22800 24200 0 0
136 22800 24400 0 0
137 22800 24600 0 0
138 22800 24800 0 0
139 22800 25000 0 0
140 22800 25200 0 0
141 22800 25400 0 0
142 22600 25400 0 0
143 22600 25600 0 0
144 22600 25800 0 0
145 22600 26000 0 0
146 22600 26200 0 0
147 22600 26400 0 0
148 22600 26600 0 0
149 22600 26800 0 0
150 22600 27000 0 0
151 22600 27200 0 0
152 22600 27400 0 0
153 22600 27600 0 0
154 22600 27800 0 0
155 22600 28000 0 0
156 22600 28200 0 0
157 22600 28400 0 0
158 22600 28600 0 0
159 22600 28800 0 0
160 22600 29000 0 0
161 22600 29200 0 0
162 22600 29400 0 0
163 22600 29600 0 0
164 22600 29800 0 0
165 22600 30000 0 0
166 22600 30200 0 0
167 22600 30400 0 0
168 22600 30600 0 0
169 22600 30800 0 0
170 22800 30800 0 0
171 22800 31000 0 0
172 22800 31200 0 0
173 22800 31400 0 0
174 22800 31600 0 0
175 22800 31800 0 0
176 22800 32000 0 0
177 22800 32200 0 0
178 22800 32400 0 0
179 22800 32600 0 0
180 22800 32800 0 0
181 22800 33000 0 0
182 23000 33000 0 0
183 23000 33200 0 0
184 23000 33400 0 0
185 23000 33600 0 0
186 23000 33800 0 0
187 23000 34000 0 0
188 23000 34200 0 0
189 23200 34200 0 0
190 23200 34400 0 0
191 23200 34600 0 0
192 23200 34800 0 0
193 23200 35000 0 0
194 23200 35200 0 0
195 23200 35400 0 0
196 23400 35400 0 0
197 23400 35600 0 0
198 23400 35800 0 0
199 23400 36000 0 0
200 23400 36200 0 0
201 23400 36400 0 0
202 23400 36600 0 0
203 23400 36800 0 0
204 23400 37000 0 0
205 23400 37200 0 0
206 23400 37400 0 0
207 23400 37600 0 0
208 23400 37800 0 0
209 23400 38000 0 0
210 23600 38000 0 0
211 23600 38200 0 0
212 23600 38400 0 0
213 23600 38600 0 0
214 23600 38800 0 0
215 23600 39000 0 0
216 23600 39200 0 0
217 23600 39400 0 0
218 23600 39600 0 0
219 23600 39800 0 0
220 23600 40000 0 0
221 23600 40200 0 0
222 23600 40400 0 0
223 23600 40600 0 0
224 23600 40800 0 0
225 23600 41000 0 0
226 23600 41200 0 0
227 23600 41400 0 0
228 23600 41600 0 0
229 23600 41800 0 0
230 23600 42000 0 0
231 23600 42200 0 0
232 23600 42400 0 0
233 23600 42600 0 0
234 23600 42800 0 0
235 23800 42800 0 0
236 23800 43000 0 0
237 23800 43200 0 0
238 23800 43400 0 0
239 23800 43600 0 0
240 23800 43800 0 0
241 23800 44000 0 0
242 23800 44200 0 0
243 23800 44400 0 0
244 23800 44600 0 0
245 23800 44800 0 0
246 23800 45000 0 0
247 23800 45200 0 0
248 23800 45400 0 0
249 23800 45600 0 0
250 23800 45800 0 0
251 23800 46000 0 0
252 24000 46000 0 0
253 24000 46200 0 0
254 23800 46200 0 0
255 23800 46400 0 0
256 23800 46600 0 0
257 23800 46800 0 0
