0 200 19600 0 0
1 400 19600 0 0
2 400 19400 0 0
3 600 19400 0 0
4 800 19400 0 0
5 1000 19400 0 0
6 1200 19400 0 0
7 1400 19400 0 0
8 1600 19400 0 0
9 1800 19400 0 0
10 2000 19400 0 0
11 2200 19400 0 0
12 2200 19200 0 0
13 2200 19400 0 0
14 2400 19400 0 0
15 2600 19400 0 0
16 2800 19400 0 0
17 3000 19400 0 0
18 3200 19400 0 0
19 3200 19600 0 0
20 3400 19600 0 0
21 3600 19600 0 0
22 3800 19600 0 0
23 4000 19600 0 0
24 4200 19600 0 0
25 4400 19600 0 0
26 4600 19600 0 0
27 4800 19600 0 0
28 5000 19600 0 0
29 5200 19600 0 0
30 5400 19600 0 0
31 5600 19600 0 0
32 5800 19600 0 0
33 6000 19600 0 0
34 6200 19600 0 0
35 6400 19600 0 0
36 6600 19600 0 0
37 6800 19600 0 0
38 7000 19600 0 0
39 7200 19600 0 0
40 7400 19600 0 0
41 7600 19600 0 0
42 7800 19600 0 0
43 8000 19600 0 0
44 8200 19600 0 0
45 8200 19800 0 0
46 8400 19800 0 0
47 8600 19800 0 0
48 8800 19800 0 0
49 9000 19800 0 0
50 9200 19800 0 0
51 9400 19800 0 0
52 9600 19800 0 0
53 9800 19800 0 0
54 10000 19800 0 0
55 10200 19800 0 0
56 10400 19800 0 0
57 10600 19800 0 0
58 10800 19800 0 0
59 11000 19800 0 0
60 11000 19600 0 0
61 11200 19600 0 0
62 11400 19600 0 0
63 11600 19600 0 0
64 11800 19600 0 0
65 12000 19600 0 0
66 12000 19400 0 0
67 12200 19400 0 0
68 12400 19400 0 0
69 12600 19400 0 0
70 12600 19200 0 0
71 12800 19200 0 0
72 13000 19200 0 0
73 13200 19200 0 0
74 13400 19200 0 0
75 13400 19000 0 0
76 13600 19000 0 0
77 13800 19000 0 0
78 14000 19000 0 0
79 14000 18800 0 0
80 14200 18800 0 0
81 14200 18600 0 0
82 14400 18600 0 0
83 14600 18600 0 0
84 14600 18400 0 0
85 14800 18400 0 0
86 14800 18200 0 0
87 15000 18200 0 0
88 15200 18200 0 0
89 15200 18000 0 0
90 15400 18000 0 0
91 15600 18000 0 0
92 15600 17800 0 0
93 15800 17800 0 0
94 15800 17600 0 0
95 16000 17600 0 0
96 16200 17600 0 0
97 16200 17400 0 0
98 16400 17400 0 0
99 16400 17200 0 0
100 16600 17200 0 0
101 16800 17200 0 0
102 16800 17000 0 0
103 17000 17000 0 0
104 17000 16800 0 0
105 17200 16800 0 0
106 17400 16800 0 0
107 17400 16600 0 0
108 17600 16600 0 0
109 17600 16400 0 0
110 17800 16400 0 0
111 18000 16400 0 0
112 18200 16400 0 0
113 18400 16400 0 0
114 18600 16400 0 0
115 18800 16400 0 0
116 19000 16400 0 0
117 19200 16400 0 0
118 19400 16400 0 0
119 19400 16200 0 0
120 19600 16200 0 0
121 19800 16200 0 0
122 20000 16200 0 0
123 20200 16200 0 0
124 20400 16200 0 0
125 20600 16200 0 0
126 20800 16200 0 0
127 21000 16200 0 0
128 21000 16000 0 0
129 21000 16200 0 0
130 21000 16400 0 0
131 21200 16400 0 0
132 21400 16400 0 0
133 21400 16600 0 0
134 21600 16600 0 0
135 21800 16600 0 0
136 22000 16600 0 0
137 22000 16800 0 0
138 22200 16800 0 0
139 22400 16800 0 0
140 22400 17000 0 0
141 22600 17000 0 0
142 22800 17000 0 0
143 22800 17200 0 0
144 23000 17200 0 0
145 23200 17200 0 0
146 23200 17400 0 0
147 23400 17400 0 0
148 23600 17400 0 0
149 23600 17600 0 0
150 23600 17800 0 0
151 23600 18000 0 0
152 23600 18200 0 0
153 23600 18400 0 0
154 23800 18400 0 0
155 23800 18600 0 0
156 23800 18800 0 0
157 23800 19000 0 0
158 23800 19200 0 0
159 24000 19200 0 0
160 24000 19400 0 0
161 24000 19600 0 0
162 24000 19800 0 0
163 24000 20000 0 0
164 24000 20200 0 0
165 24000 20400 0 0
166 24000 20600 0 0
167 24000 20800 0 0
168 24000 21000 0 0
169 24000 21200 0 0
170 24000 21400 0 0
171 24000 21600 0 0
172 23800 21600 0 0
173 23800 21800 0 0
174 23800 22000 0 0
175 23800 22200 0 0
176 23800 22400 0 0
177 23800 22600 0 0
178 23800 22800 0 0
179 23800 23000 0 0
180 23800 23200 0 0
181 23800 23400 0 0
182 23800 23600 0 0
183 23600 23600 0 0
184 23600 23800 0 0
185 23600 24000 0 0
186 23600 24200 0 0
187 23600 24400 0 0
188 23600 24600 0 0
189 23600 24800 0 0
190 23600 25000 0 0
191 23400 25000 0 0
192 23400 25200 0 0
193 23400 25400 0 0
194 23400 25600 0 0
195 23400 25800 0 0
196 23200 25800 0 0
197 23200 26000 0 0
198 23200 26200 0 0
199 23200 26400 0 0
200 23200 26600 0 0
201 23200 26800 0 0
202 23000 26800 0 0
203 23000 27000 0 0
204 23000 27200 0 0
205 23000 27400 0 0
206 22800 27400 0 0
207 22800 27600 0 0
208 22800 27800 0 0
209 22800 28000 0 0
210 22800 28200 0 0
211 22800 28400 0 0
212 22800 28600 0 0
213 22800 28800 0 0
214 22800 29000 0 0
215 22800 29200 0 0
216 22800 29400 0 0
217 22800 29600 0 0
218 22800 29800 0 0
219 22800 30000 0 0
220 22800 30200 0 0
221 22800 30400 0 0
222 22800 30600 0 0
223 22800 30800 0 0
224 22800 31000 0 0
225 22800 31200 0 0
226 22800 31400 0 0
227 22800 31600 0 0
228 22800 31800 0 0
229 22800 32000 0 0
230 22800 32200 0 0
231 22800 32400 0 0
232 22800 32600 0 0
233 22800 32800 0 0
234 22800 33000 0 0
235 22800 33200 0 0
236 22800 33400 0 0
237 22800 33600 0 0
238 23000 33600 0 0
239 23000 33800 0 0
240 23000 34000 0 0
241 23000 34200 0 0
242 23000 34400 0 0
243 23000 34600 0 0
244 23000 34800 0 0
245 23000 35000 0 0
246 23000 35200 0 0
247 23000 35400 0 0
248 23000 35600 0 0
249 23000 35800 0 0
250 23000 36000 0 0
251 23000 36200 0 0
252 23000 36400 0 0
253 23200 36400 0 0
254 23200 36600 0 0
255 23200 36800 0 0
256 23200 37000 0 0
257 23200 37200 0 0
258 23200 37400 0 0
259 23200 37600 0 0
260 23200 37800 0 0
261 23200 38000 0 0
262 23200 38200 0 0
263 23200 38400 0 0
264 23200 38600 0 0
265 23200 38800 0 0
266 23200 39000 0 0
267 23400 39000 0 0
268 23400 39200 0 0
269 23400 39400 0 0
270 23400 39600 0 0
271 23400 39800 0 0
272 23600 39800 0 0
273 23600 40000 0 0
274 23600 40200 0 0
275 23600 40400 0 0
276 23600 40600 0 0
277 23600 40800 0 0
278 23600 41000 0 0
279 23800 41000 0 0
280 23800 41200 0 0
281 23800 41400 0 0
282 23800 41600 0 0
283 23800 41800 0 0
284 23800 42000 0 0
285 24000 42000 0 0
286 24000 42200 0 0
287 24000 42400 0 0
288 24000 42600 0 0
289 24000 42800 0 0
290 24000 43000 0 0
291 24000 43200 0 0
292 24000 43400 0 0
293 24000 43600 0 0
294 24000 43800 0 0
295 24000 44000 0 0
296 24000 44200 0 0
297 24000 44400 0 0
298 24000 44600 0 0
299 24000 44800 0 0
300 24000 45000 0 0
301 24000 45200 0 0
302 24000 45400 0 0
303 24200 45400 0 0
304 24200 45600 0 0
305 24200 45800 0 0
306 24200 46000 0 0
307 24200 46200 0 0
308 24200 46400 0 0
309 24200 46600 0 0
310 24400 46600 0 0
311 24400 46800 0 0
