0 194 137 0 0
1 193 137 0 0
2 194 137 0 0
3 193 137 0 0
4 192 137 0 0
5 193 137 0 0
6 192 137 0 0
7 191 137 0 0
8 192 137 0 0
9 191 137 0 0
10 192 137 0 0
11 191 137 0 0
12 190 137 0 0
13 191 137 0 0
14 190 137 0 0
15 191 137 0 0
16 190 137 0 0
17 189 137 0 0
18 190 137 0 0
19 189 137 0 0
20 188 137 0 0
21 189 137 0 0
22 188 137 0 0
23 189 137 0 0
24 188 137 0 0
25 187 137 0 0
26 188 137 0 0
27 187 137 0 0
28 188 137 0 0
29 187 137 0 0
30 186 137 0 0
31 187 137 0 0
32 186 137 0 0
33 185 137 0 0
34 186 137 0 0
35 185 137 0 0
36 186 137 0 0
37 185 137 0 0
38 184 137 0 0
39 185 137 0 0
40 184 137 0 0
41 183 137 0 0
42 184 137 0 0
43 183 137 0 0
44 184 137 0 0
45 183 137 0 0
46 182 137 0 0
47 183 137 0 0
48 182 137 0 0
49 181 137 0 0
50 182 137 0 0
51 181 137 0 0
52 180 137 0 0
53 181 137 0 0
54 180 137 0 0
55 181 137 0 0
56 180 137 0 0
57 179 137 0 0
58 180 137 0 0
59 179 137 0 0
60 178 137 0 0
61 179 137 0 0
62 178 137 0 0
63 179 137 0 0
64 178 137 0 0
65 178 138 0 0
66 177 138 0 0
67 178 138 0 0
68 177 138 0 0
69 176 138 0 0
70 177 138 0 0
71 176 138 0 0
72 177 138 0 0
73 176 138 0 0
74 175 138 0 0
75 176 138 0 0
76 175 138 0 0
77 176 138 0 0
78 175 138 0 0
79 174 138 0 0
80 175 138 0 0
81 174 138 0 0
82 173 138 0 0
83 174 138 0 0
84 173 138 0 0
85 174 138 0 0
86 173 138 0 0
87 172 138 0 0
88 173 138 0 0
89 172 138 0 0
90 171 138 0 0
91 172 138 0 0
92 171 138 0 0
93 172 138 0 0
94 171 138 0 0
95 170 138 0 0
96 171 138 0 0
97 170 138 0 0
98 171 138 0 0
99 170 138 0 0
100 169 138 0 0
101 170 138 0 0
102 169 138 0 0
103 168 138 0 0
104 169 138 0 0
105 168 138 0 0
106 167 138 0 0
107 168 138 0 0
108 167 138 0 0
109 168 138 0 0
110 167 138 0 0
111 166 138 0 0
112 167 138 0 0
113 166 138 0 0
114 165 138 0 0
115 166 138 0 0
116 165 138 0 0
117 166 138 0 0
118 165 138 0 0
119 164 138 0 0
120 165 138 0 0
121 164 138 0 0
122 163 138 0 0
123 164 138 0 0
124 163 138 0 0
125 164 138 0 0
126 163 138 0 0
127 162 138 0 0
128 163 138 0 0
129 162 138 0 0
130 162 139 0 0
131 163 139 0 0
132 162 139 0 0
133 161 139 0 0
134 162 139 0 0
135 161 139 0 0
136 160 139 0 0
137 161 139 0 0
138 160 139 0 0
139 161 139 0 0
140 160 139 0 0
141 159 139 0 0
142 160 139 0 0
143 159 139 0 0
144 158 139 0 0
145 159 139 0 0
146 158 139 0 0
147 159 139 0 0
148 158 139 0 0
149 157 139 0 0
150 158 139 0 0
151 157 139 0 0
152 156 139 0 0
153 157 139 0 0
154 156 139 0 0
155 157 139 0 0
156 156 139 0 0
157 155 139 0 0
158 156 139 0 0
159 155 139 0 0
160 154 139 0 0
161 155 139 0 0
162 154 139 0 0
163 155 139 0 0
164 154 139 0 0
165 153 139 0 0
166 154 139 0 0
167 153 139 0 0
168 152 139 0 0
169 153 139 0 0
170 152 139 0 0
171 151 139 0 0
172 152 139 0 0
173 151 139 0 0
174 152 139 0 0
175 151 139 0 0
176 150 139 0 0
177 151 139 0 0
178 150 139 0 0
179 151 139 0 0
180 150 139 0 0
181 149 139 0 0
182 150 139 0 0
183 149 139 0 0
184 148 139 0 0
185 149 139 0 0
186 148 139 0 0
187 149 139 0 0
188 148 139 0 0
189 147 139 0 0
190 148 139 0 0
191 147 139 0 0
192 148 139 0 0
193 147 139 0 0
194 146 139 0 0
195 147 139 0 0
196 146 139 0 0
197 145 139 0 0
198 145 140 0 0
199 146 140 0 0
200 145 140 0 0
201 146 140 0 0
202 145 140 0 0
203 144 140 0 0
204 145 140 0 0
205 144 140 0 0
206 143 140 0 0
207 144 140 0 0
208 143 140 0 0
209 143 141 0 0
210 142 141 0 0
211 143 141 0 0
212 142 141 0 0
213 141 141 0 0
214 142 141 0 0
215 141 141 0 0
216 142 141 0 0
217 141 141 0 0
218 141 142 0 0
219 140 142 0 0
220 141 142 0 0
221 140 142 0 0
222 141 142 0 0
223 140 142 0 0
224 140 143 0 0
225 139 143 0 0
226 140 143 0 0
227 139 143 0 0
228 138 143 0 0
229 139 143 0 0
230 138 143 0 0
231 137 143 0 0
232 138 143 0 0
233 137 143 0 0
234 137 144 0 0
235 138 144 0 0
236 137 144 0 0
237 136 144 0 0
238 137 144 0 0
239 136 144 0 0
240 135 144 0 0
241 136 144 0 0
242 135 144 0 0
243 135 145 0 0
244 136 145 0 0
245 135 145 0 0
246 134 145 0 0
247 135 145 0 0
248 134 145 0 0
249 134 146 0 0
250 133 146 0 0
251 134 146 0 0
252 133 146 0 0
253 134 146 0 0
254 133 146 0 0
255 132 146 0 0
256 133 146 0 0
257 132 146 0 0
258 131 146 0 0
259 131 147 0 0
260 132 147 0 0
261 131 147 0 0
262 130 147 0 0
263 131 147 0 0
264 130 147 0 0
265 131 147 0 0
266 130 147 0 0
267 129 147 0 0
268 129 148 0 0
269 130 148 0 0
270 129 148 0 0
271 128 148 0 0
272 129 148 0 0
273 128 148 0 0
274 129 148 0 0
275 128 148 0 0
276 127 148 0 0
277 128 148 0 0
278 127 148 0 0
279 127 149 0 0
280 128 149 0 0
281 127 149 0 0
282 126 149 0 0
283 127 149 0 0
284 126 149 0 0
285 126 150 0 0
286 125 150 0 0
287 126 150 0 0
288 125 150 0 0
289 124 150 0 0
290 125 150 0 0
291 124 150 0 0
292 123 150 0 0
293 123 151 0 0
294 124 151 0 0
295 123 151 0 0
296 124 151 0 0
297 123 151 0 0
298 122 151 0 0
299 123 151 0 0
300 122 151 0 0
301 123 151 0 0
302 122 151 0 0
303 121 151 0 0
304 121 152 0 0
305 122 152 0 0
306 121 152 0 0
307 120 152 0 0
308 121 152 0 0
309 120 152 0 0
310 119 152 0 0
311 120 152 0 0
312 119 152 0 0
313 120 152 0 0
314 119 152 0 0
315 119 153 0 0
316 118 153 0 0
317 119 153 0 0
318 118 153 0 0
319 118 154 0 0
320 117 154 0 0
321 118 154 0 0
322 117 154 0 0
323 116 154 0 0
324 117 154 0 0
325 116 154 0 0
326 117 154 0 0
327 116 154 0 0
328 115 154 0 0
329 115 155 0 0
330 116 155 0 0
331 115 155 0 0
332 114 155 0 0
333 115 155 0 0
334 114 155 0 0
335 115 155 0 0
336 114 155 0 0
337 113 155 0 0
338 114 155 0 0
339 113 155 0 0
340 113 156 0 0
341 112 156 0 0
342 113 156 0 0
343 112 156 0 0
344 111 156 0 0
345 112 156 0 0
346 111 156 0 0
347 112 156 0 0
348 111 156 0 0
349 111 157 0 0
350 110 157 0 0
351 111 157 0 0
352 110 157 0 0
353 111 157 0 0
354 110 157 0 0
355 110 158 0 0
356 109 158 0 0
357 110 158 0 0
358 109 158 0 0
359 108 158 0 0
360 109 158 0 0
361 108 158 0 0
362 109 158 0 0
363 108 158 0 0
364 107 158 0 0
365 107 159 0 0
366 108 159 0 0
367 107 159 0 0
368 106 159 0 0
369 107 159 0 0
370 106 159 0 0
371 105 159 0 0
372 106 159 0 0
373 105 159 0 0
374 105 160 0 0
375 106 160 0 0
376 105 160 0 0
377 104 160 0 0
378 105 160 0 0
379 104 160 0 0
380 104 161 0 0
381 103 161 0 0
382 104 161 0 0
383 103 161 0 0
384 104 161 0 0
385 103 161 0 0
386 102 161 0 0
387 103 161 0 0
388 102 161 0 0
389 101 161 0 0
390 102 161 0 0
391 101 161 0 0
392 100 161 0 0
393 101 161 0 0
394 100 161 0 0
395 101 161 0 0
396 100 161 0 0
397 99 161 0 0
398 100 161 0 0
399 99 161 0 0
400 99 162 0 0
401 98 162 0 0
402 98 161 0 0
403 99 161 0 0
404 98 161 0 0
405 98 162 0 0
406 97 162 0 0
407 97 161 0 0
408 98 161 0 0
409 97 161 0 0
410 96 161 0 0
411 97 161 0 0
412 96 161 0 0
413 97 161 0 0
414 96 161 0 0
415 95 161 0 0
416 96 161 0 0
417 95 161 0 0
418 96 161 0 0
419 95 161 0 0
420 94 161 0 0
421 95 161 0 0
422 94 161 0 0
423 95 161 0 0
424 94 161 0 0
425 93 161 0 0
426 94 161 0 0
427 93 161 0 0
428 94 161 0 0
429 93 161 0 0
430 92 161 0 0
431 93 161 0 0
432 92 161 0 0
433 91 161 0 0
434 92 161 0 0
435 91 161 0 0
436 92 161 0 0
437 91 161 0 0
438 90 161 0 0
439 91 161 0 0
440 90 161 0 0
441 90 160 0 0
442 91 160 0 0
443 90 160 0 0
444 89 160 0 0
445 90 160 0 0
446 89 160 0 0
447 88 160 0 0
448 89 160 0 0
449 88 160 0 0
450 89 160 0 0
451 88 160 0 0
452 87 160 0 0
453 88 160 0 0
454 87 160 0 0
455 88 160 0 0
456 87 160 0 0
457 86 160 0 0
458 87 160 0 0
459 86 160 0 0
460 85 160 0 0
461 85 159 0 0
462 86 159 0 0
463 85 159 0 0
464 86 159 0 0
465 85 159 0 0
466 84 159 0 0
467 85 159 0 0
468 84 159 0 0
469 84 158 0 0
470 85 158 0 0
471 84 158 0 0
472 83 158 0 0
473 83 157 0 0
474 84 157 0 0
475 83 157 0 0
476 84 157 0 0
477 83 157 0 0
478 82 157 0 0
479 83 157 0 0
480 82 157 0 0
481 82 156 0 0
482 83 156 0 0
483 82 156 0 0
484 81 156 0 0
485 82 156 0 0
486 81 156 0 0
487 80 156 0 0
488 80 155 0 0
489 81 155 0 0
490 80 155 0 0
491 81 155 0 0
492 80 155 0 0
493 80 154 0 0
494 79 154 0 0
495 80 154 0 0
496 79 154 0 0
497 78 154 0 0
498 79 154 0 0
499 78 154 0 0
500 78 153 0 0
501 79 153 0 0
502 78 153 0 0
503 77 153 0 0
504 78 153 0 0
505 77 153 0 0
506 76 153 0 0
507 76 152 0 0
508 77 152 0 0
509 76 152 0 0
510 77 152 0 0
511 76 152 0 0
512 75 152 0 0
513 76 152 0 0
514 75 152 0 0
515 75 151 0 0
516 76 151 0 0
517 75 151 0 0
518 76 151 0 0
519 75 151 0 0
520 75 150 0 0
521 74 150 0 0
522 75 150 0 0
523 74 150 0 0
524 75 150 0 0
525 74 150 0 0
526 74 149 0 0
527 75 149 0 0
528 74 149 0 0
529 75 149 0 0
530 74 149 0 0
531 73 149 0 0
532 73 148 0 0
533 74 148 0 0
534 73 148 0 0
535 74 148 0 0
536 73 148 0 0
537 74 148 0 0
538 73 148 0 0
539 73 147 0 0
540 74 147 0 0
541 73 147 0 0
542 74 147 0 0
543 73 147 0 0
544 73 146 0 0
545 74 146 0 0
546 73 146 0 0
547 72 146 0 0
548 73 146 0 0
549 72 146 0 0
550 72 145 0 0
551 73 145 0 0
552 72 145 0 0
553 73 145 0 0
554 72 145 0 0
555 73 145 0 0
556 72 145 0 0
557 72 144 0 0
558 73 144 0 0
559 72 144 0 0
560 71 144 0 0
561 72 144 0 0
562 71 144 0 0
563 71 143 0 0
564 72 143 0 0
565 71 143 0 0
566 72 143 0 0
567 71 143 0 0
568 71 142 0 0
569 72 142 0 0
570 71 142 0 0
571 72 142 0 0
572 71 142 0 0
573 72 142 0 0
574 71 142 0 0
575 71 141 0 0
576 70 141 0 0
577 71 141 0 0
578 70 141 0 0
579 71 141 0 0
580 70 141 0 0
581 70 140 0 0
582 71 140 0 0
583 70 140 0 0
584 70 139 0 0
585 71 139 0 0
586 70 139 0 0
587 71 139 0 0
588 70 139 0 0
589 71 139 0 0
590 70 139 0 0
591 70 138 0 0
592 69 138 0 0
593 70 138 0 0
594 69 138 0 0
595 70 138 0 0
596 69 138 0 0
597 69 137 0 0
598 70 137 0 0
599 69 137 0 0
600 70 137 0 0
601 69 137 0 0
602 68 137 0 0
603 68 136 0 0
604 69 136 0 0
605 68 136 0 0
606 69 136 0 0
607 68 136 0 0
608 68 135 0 0
609 69 135 0 0
610 68 135 0 0
611 69 135 0 0
612 68 135 0 0
613 68 134 0 0
614 69 134 0 0
615 68 134 0 0
616 69 134 0 0
617 68 134 0 0
618 68 133 0 0
619 69 133 0 0
620 68 133 0 0
621 69 133 0 0
622 68 133 0 0
623 69 133 0 0
624 68 133 0 0
625 68 132 0 0
626 69 132 0 0
627 68 132 0 0
628 68 131 0 0
629 69 131 0 0
630 68 131 0 0
631 69 131 0 0
632 68 131 0 0
633 68 130 0 0
634 69 130 0 0
635 68 130 0 0
636 69 130 0 0
637 68 130 0 0
638 69 130 0 0
639 68 130 0 0
640 68 129 0 0
641 69 129 0 0
642 68 129 0 0
643 68 128 0 0
644 69 128 0 0
645 68 128 0 0
646 69 128 0 0
647 68 128 0 0
648 68 127 0 0
649 69 127 0 0
650 68 127 0 0
651 69 127 0 0
652 68 127 0 0
653 69 127 0 0
654 68 127 0 0
655 68 126 0 0
656 69 126 0 0
657 68 126 0 0
658 69 126 0 0
659 68 126 0 0
660 68 125 0 0
661 69 125 0 0
662 68 125 0 0
663 68 124 0 0
664 69 124 0 0
665 68 124 0 0
666 69 124 0 0
667 68 124 0 0
668 69 124 0 0
669 68 124 0 0
670 68 123 0 0
671 69 123 0 0
672 68 123 0 0
673 69 123 0 0
674 68 123 0 0
675 68 122 0 0
676 69 122 0 0
677 68 122 0 0
678 69 122 0 0
679 68 122 0 0
680 68 121 0 0
681 69 121 0 0
682 68 121 0 0
683 69 121 0 0
684 68 121 0 0
685 68 120 0 0
686 69 120 0 0
687 68 120 0 0
688 69 120 0 0
689 68 120 0 0
690 68 119 0 0
691 69 119 0 0
692 68 119 0 0
693 69 119 0 0
694 68 119 0 0
695 68 118 0 0
696 69 118 0 0
697 68 118 0 0
698 69 118 0 0
699 68 118 0 0
700 69 118 0 0
701 68 118 0 0
702 68 117 0 0
703 69 117 0 0
704 68 117 0 0
705 68 116 0 0
706 69 116 0 0
707 68 116 0 0
708 69 116 0 0
709 68 116 0 0
710 68 115 0 0
711 69 115 0 0
712 68 115 0 0
713 69 115 0 0
714 68 115 0 0
715 69 115 0 0
716 68 115 0 0
717 68 114 0 0
718 69 114 0 0
719 68 114 0 0
720 68 113 0 0
721 69 113 0 0
722 68 113 0 0
723 69 113 0 0
724 68 113 0 0
725 68 112 0 0
726 69 112 0 0
727 68 112 0 0
728 69 112 0 0
729 68 112 0 0
730 69 112 0 0
731 68 112 0 0
732 68 111 0 0
733 69 111 0 0
734 68 111 0 0
735 69 111 0 0
736 68 111 0 0
737 69 111 0 0
738 68 111 0 0
739 68 110 0 0
740 69 110 0 0
741 68 110 0 0
742 69 110 0 0
743 69 109 0 0
744 70 109 0 0
745 69 109 0 0
746 70 109 0 0
747 69 109 0 0
748 70 109 0 0
749 69 109 0 0
750 69 108 0 0
751 70 108 0 0
752 69 108 0 0
753 70 108 0 0
754 69 108 0 0
755 70 108 0 0
756 69 108 0 0
757 70 108 0 0
758 70 107 0 0
759 71 107 0 0
760 70 107 0 0
761 71 107 0 0
762 70 107 0 0
763 71 107 0 0
764 70 107 0 0
765 70 106 0 0
766 71 106 0 0
767 70 106 0 0
768 71 106 0 0
769 70 106 0 0
770 70 105 0 0
771 71 105 0 0
772 70 105 0 0
773 71 105 0 0
774 70 105 0 0
775 71 105 0 0
776 70 105 0 0
777 70 104 0 0
778 71 104 0 0
779 72 104 0 0
780 71 104 0 0
781 71 103 0 0
782 72 103 0 0
783 71 103 0 0
784 72 103 0 0
785 71 103 0 0
786 71 102 0 0
787 72 102 0 0
788 71 102 0 0
789 71 101 0 0
790 72 101 0 0
791 71 101 0 0
792 72 101 0 0
793 71 101 0 0
794 72 101 0 0
795 71 101 0 0
796 71 100 0 0
797 72 100 0 0
798 71 100 0 0
799 72 100 0 0
800 71 100 0 0
801 71 99 0 0
802 72 99 0 0
803 71 99 0 0
804 71 98 0 0
805 72 98 0 0
806 73 98 0 0
807 72 98 0 0
808 72 97 0 0
809 73 97 0 0
810 72 97 0 0
811 73 97 0 0
812 72 97 0 0
813 73 97 0 0
814 72 97 0 0
815 72 96 0 0
816 73 96 0 0
817 72 96 0 0
818 73 96 0 0
819 72 96 0 0
820 72 95 0 0
821 73 95 0 0
822 74 95 0 0
823 73 95 0 0
824 73 94 0 0
825 74 94 0 0
826 73 94 0 0
827 74 94 0 0
828 73 94 0 0
829 73 93 0 0
830 74 93 0 0
831 73 93 0 0
832 74 93 0 0
833 73 93 0 0
834 73 92 0 0
835 74 92 0 0
836 73 92 0 0
837 74 92 0 0
838 73 92 0 0
839 73 91 0 0
840 74 91 0 0
841 73 91 0 0
842 73 90 0 0
843 74 90 0 0
844 73 90 0 0
845 74 90 0 0
846 73 90 0 0
847 74 90 0 0
848 74 89 0 0
849 75 89 0 0
850 74 89 0 0
851 75 89 0 0
852 74 89 0 0
853 74 88 0 0
854 75 88 0 0
855 74 88 0 0
856 74 87 0 0
857 75 87 0 0
858 74 87 0 0
859 75 87 0 0
860 74 87 0 0
861 74 86 0 0
862 75 86 0 0
863 74 86 0 0
864 75 86 0 0
865 74 86 0 0
866 75 86 0 0
867 75 85 0 0
868 76 85 0 0
869 75 85 0 0
870 76 85 0 0
871 75 85 0 0
872 75 84 0 0
873 76 84 0 0
874 75 84 0 0
875 76 84 0 0
876 75 84 0 0
877 75 83 0 0
878 76 83 0 0
879 75 83 0 0
880 75 82 0 0
881 76 82 0 0
882 75 82 0 0
883 76 82 0 0
884 75 82 0 0
885 76 82 0 0
886 75 82 0 0
887 75 81 0 0
888 76 81 0 0
889 75 81 0 0
890 76 81 0 0
891 76 80 0 0
892 77 80 0 0
893 76 80 0 0
894 77 80 0 0
895 76 80 0 0
896 76 79 0 0
897 77 79 0 0
898 76 79 0 0
899 77 79 0 0
900 76 79 0 0
901 76 78 0 0
902 77 78 0 0
903 76 78 0 0
904 77 78 0 0
905 76 78 0 0
906 76 77 0 0
907 77 77 0 0
908 76 77 0 0
909 77 77 0 0
910 76 77 0 0
911 76 76 0 0
912 77 76 0 0
913 76 76 0 0
914 76 75 0 0
915 77 75 0 0
916 78 75 0 0
917 77 75 0 0
918 78 75 0 0
919 77 75 0 0
920 77 74 0 0
921 78 74 0 0
922 77 74 0 0
923 78 74 0 0
924 77 74 0 0
925 77 73 0 0
926 78 73 0 0
927 77 73 0 0
928 78 73 0 0
929 77 73 0 0
930 77 72 0 0
931 78 72 0 0
932 77 72 0 0
933 77 71 0 0
934 78 71 0 0
935 77 71 0 0
936 78 71 0 0
937 77 71 0 0
938 78 71 0 0
939 77 71 0 0
940 77 70 0 0
941 78 70 0 0
942 77 70 0 0
943 78 70 0 0
944 77 70 0 0
945 77 69 0 0
946 78 69 0 0
947 77 69 0 0
948 78 69 0 0
949 77 69 0 0
950 77 68 0 0
951 78 68 0 0
952 77 68 0 0
953 77 67 0 0
954 78 67 0 0
955 77 67 0 0
956 78 67 0 0
957 77 67 0 0
958 78 67 0 0
959 77 67 0 0
960 77 66 0 0
961 78 66 0 0
962 77 66 0 0
963 78 66 0 0
964 77 66 0 0
965 77 65 0 0
966 78 65 0 0
967 77 65 0 0
968 77 64 0 0
969 78 64 0 0
970 77 64 0 0
971 78 64 0 0
972 77 64 0 0
973 77 63 0 0
974 78 63 0 0
975 77 63 0 0
976 78 63 0 0
977 78 62 0 0
978 79 62 0 0
979 78 62 0 0
980 79 62 0 0
981 78 62 0 0
982 79 62 0 0
983 78 62 0 0
984 78 61 0 0
985 79 61 0 0
986 78 61 0 0
987 78 60 0 0
988 79 60 0 0
989 78 60 0 0
990 79 60 0 0
991 78 60 0 0
992 78 59 0 0
993 79 59 0 0
994 78 59 0 0
995 79 59 0 0
996 78 59 0 0
997 78 58 0 0
998 79 58 0 0
999 78 58 0 0
1000 79 58 0 0
1001 78 58 0 0
1002 79 58 0 0
1003 78 58 0 0
1004 78 57 0 0
1005 79 57 0 0
1006 78 57 0 0
1007 78 56 0 0
1008 79 56 0 0
1009 78 56 0 0
1010 79 56 0 0
1011 78 56 0 0
1012 78 55 0 0
1013 79 55 0 0
1014 78 55 0 0
1015 79 55 0 0
1016 78 55 0 0
1017 78 54 0 0
1018 79 54 0 0
1019 78 54 0 0
1020 79 54 0 0
1021 78 54 0 0
1022 79 54 0 0
1023 78 54 0 0
1024 78 53 0 0
1025 79 53 0 0
1026 78 53 0 0
1027 78 52 0 0
1028 79 52 0 0
1029 78 52 0 0
1030 79 52 0 0
1031 78 52 0 0
1032 78 51 0 0
1033 79 51 0 0
1034 78 51 0 0
1035 79 51 0 0
1036 78 51 0 0
1037 78 50 0 0
1038 79 50 0 0
1039 78 50 0 0
1040 78 49 0 0
1041 79 49 0 0
1042 78 49 0 0
1043 79 49 0 0
1044 78 49 0 0
1045 79 49 0 0
1046 78 49 0 0
1047 78 48 0 0
1048 79 48 0 0
1049 78 48 0 0
1050 79 48 0 0
1051 78 48 0 0
1052 79 48 0 0
1053 78 48 0 0
1054 78 47 0 0
1055 79 47 0 0
1056 78 47 0 0
1057 79 47 0 0
1058 78 47 0 0
1059 78 46 0 0
1060 79 46 0 0
1061 78 46 0 0
1062 79 46 0 0
1063 78 46 0 0
1064 78 45 0 0
1065 79 45 0 0
1066 78 45 0 0
1067 79 45 0 0
1068 78 45 0 0
1069 78 44 0 0
1070 79 44 0 0
1071 78 44 0 0
1072 79 44 0 0
1073 78 44 0 0
1074 79 44 0 0
1075 78 44 0 0
1076 78 43 0 0
1077 79 43 0 0
1078 78 43 0 0
1079 79 43 0 0
1080 78 43 0 0
1081 78 42 0 0
1082 79 42 0 0
1083 78 42 0 0
1084 79 42 0 0
1085 78 42 0 0
1086 78 41 0 0
1087 79 41 0 0
1088 78 41 0 0
1089 79 41 0 0
1090 78 41 0 0
1091 78 40 0 0
1092 79 40 0 0
1093 78 40 0 0
1094 79 40 0 0
1095 78 40 0 0
1096 79 40 0 0
1097 78 40 0 0
1098 78 39 0 0
1099 79 39 0 0
1100 78 39 0 0
1101 79 39 0 0
1102 78 39 0 0
1103 78 38 0 0
1104 79 38 0 0
1105 78 38 0 0
1106 79 38 0 0
1107 78 38 0 0
1108 78 37 0 0
1109 79 37 0 0
1110 78 37 0 0
1111 79 37 0 0
1112 78 37 0 0
1113 78 36 0 0
1114 79 36 0 0
1115 78 36 0 0
1116 79 36 0 0
1117 78 36 0 0
1118 79 36 0 0
1119 78 36 0 0
1120 78 35 0 0
1121 79 35 0 0
