0 195 139 0 0
1 196 139 0 0
2 195 139 0 0
3 194 139 0 0
4 195 139 0 0
5 194 139 0 0
6 193 139 0 0
7 194 139 0 0
8 193 139 0 0
9 194 139 0 0
10 193 139 0 0
11 192 139 0 0
12 191 139 0 0
13 192 139 0 0
14 191 139 0 0
15 192 139 0 0
16 191 139 0 0
17 190 139 0 0
18 191 139 0 0
19 190 139 0 0
20 189 139 0 0
21 190 139 0 0
22 189 139 0 0
23 188 139 0 0
24 189 139 0 0
25 188 139 0 0
26 187 139 0 0
27 188 139 0 0
28 187 139 0 0
29 188 139 0 0
30 187 139 0 0
31 187 138 0 0
32 186 138 0 0
33 187 138 0 0
34 186 138 0 0
35 185 138 0 0
36 186 138 0 0
37 185 138 0 0
38 184 138 0 0
39 185 138 0 0
40 184 138 0 0
41 183 138 0 0
42 184 138 0 0
43 183 138 0 0
44 182 138 0 0
45 183 138 0 0
46 182 138 0 0
47 182 137 0 0
48 183 137 0 0
49 182 137 0 0
50 181 137 0 0
51 182 137 0 0
52 181 137 0 0
53 180 137 0 0
54 181 137 0 0
55 180 137 0 0
56 179 137 0 0
57 180 137 0 0
58 179 137 0 0
59 178 137 0 0
60 179 137 0 0
61 178 137 0 0
62 177 137 0 0
63 178 137 0 0
64 177 137 0 0
65 176 137 0 0
66 177 137 0 0
67 176 137 0 0
68 177 137 0 0
69 176 137 0 0
70 175 137 0 0
71 176 137 0 0
72 175 137 0 0
73 174 137 0 0
74 175 137 0 0
75 174 137 0 0
76 173 137 0 0
77 173 138 0 0
78 174 138 0 0
79 173 138 0 0
80 172 138 0 0
81 173 138 0 0
82 172 138 0 0
83 171 138 0 0
84 172 138 0 0
85 171 138 0 0
86 170 138 0 0
87 171 138 0 0
88 170 138 0 0
89 171 138 0 0
90 170 138 0 0
91 169 138 0 0
92 169 139 0 0
93 170 139 0 0
94 169 139 0 0
95 168 139 0 0
96 169 139 0 0
97 168 139 0 0
98 167 139 0 0
99 168 139 0 0
100 167 139 0 0
101 166 139 0 0
102 167 139 0 0
103 166 139 0 0
104 165 139 0 0
105 166 139 0 0
106 165 139 0 0
107 166 139 0 0
108 165 139 0 0
109 164 139 0 0
110 163 139 0 0
111 164 139 0 0
112 163 139 0 0
113 164 139 0 0
114 163 139 0 0
115 162 139 0 0
116 163 139 0 0
117 162 139 0 0
118 161 139 0 0
119 162 139 0 0
120 161 139 0 0
121 161 140 0 0
122 160 140 0 0
123 161 140 0 0
124 160 140 0 0
125 159 140 0 0
126 160 140 0 0
127 159 140 0 0
128 158 140 0 0
129 159 140 0 0
130 158 140 0 0
131 159 140 0 0
132 158 140 0 0
133 157 140 0 0
134 156 140 0 0
135 157 140 0 0
136 156 140 0 0
137 157 140 0 0
138 156 140 0 0
139 155 140 0 0
140 156 140 0 0
141 155 140 0 0
142 154 140 0 0
143 155 140 0 0
144 154 140 0 0
145 153 140 0 0
146 154 140 0 0
147 153 140 0 0
148 152 140 0 0
149 152 141 0 0
150 153 141 0 0
151 152 141 0 0
152 151 141 0 0
153 152 141 0 0
154 151 141 0 0
155 152 141 0 0
156 151 141 0 0
157 150 141 0 0
158 151 141 0 0
159 150 141 0 0
160 149 141 0 0
161 150 141 0 0
162 149 141 0 0
163 148 141 0 0
164 148 142 0 0
165 149 142 0 0
166 148 142 0 0
167 147 142 0 0
168 148 142 0 0
169 147 142 0 0
170 148 142 0 0
171 147 142 0 0
172 146 142 0 0
173 145 142 0 0
174 146 142 0 0
175 145 142 0 0
176 146 142 0 0
177 145 142 0 0
178 144 142 0 0
179 145 142 0 0
180 144 142 0 0
181 143 142 0 0
182 144 142 0 0
183 143 142 0 0
184 142 142 0 0
185 143 142 0 0
186 142 142 0 0
187 141 142 0 0
188 142 142 0 0
189 141 142 0 0
190 140 142 0 0
191 141 142 0 0
192 140 142 0 0
193 140 143 0 0
194 141 143 0 0
195 140 143 0 0
196 139 143 0 0
197 138 143 0 0
198 139 143 0 0
199 138 143 0 0
200 139 143 0 0
201 138 143 0 0
202 137 143 0 0
203 138 143 0 0
204 137 143 0 0
205 136 143 0 0
206 137 143 0 0
207 136 143 0 0
208 135 143 0 0
209 136 143 0 0
210 135 143 0 0
211 135 144 0 0
212 136 144 0 0
213 135 144 0 0
214 134 144 0 0
215 135 144 0 0
216 134 144 0 0
217 135 144 0 0
218 134 144 0 0
219 133 144 0 0
220 134 144 0 0
221 133 144 0 0
222 133 145 0 0
223 134 145 0 0
224 133 145 0 0
225 132 145 0 0
226 133 145 0 0
227 132 145 0 0
228 133 145 0 0
229 132 145 0 0
230 132 146 0 0
231 131 146 0 0
232 132 146 0 0
233 131 146 0 0
234 130 146 0 0
235 131 146 0 0
236 130 146 0 0
237 130 147 0 0
238 131 147 0 0
239 130 147 0 0
240 129 147 0 0
241 130 147 0 0
242 129 147 0 0
243 130 147 0 0
244 129 147 0 0
245 129 148 0 0
246 128 148 0 0
247 129 148 0 0
248 128 148 0 0
249 129 148 0 0
250 128 148 0 0
251 127 148 0 0
252 128 148 0 0
253 127 148 0 0
254 128 148 0 0
255 127 148 0 0
256 127 149 0 0
257 126 149 0 0
258 127 149 0 0
259 126 149 0 0
260 125 149 0 0
261 126 149 0 0
262 125 149 0 0
263 125 150 0 0
264 126 150 0 0
265 125 150 0 0
266 126 150 0 0
267 125 150 0 0
268 124 150 0 0
269 124 151 0 0
270 125 151 0 0
271 124 151 0 0
272 123 151 0 0
273 124 151 0 0
274 123 151 0 0
275 124 151 0 0
276 123 151 0 0
277 123 152 0 0
278 122 152 0 0
279 123 152 0 0
280 122 152 0 0
281 121 152 0 0
282 122 152 0 0
283 121 152 0 0
284 121 153 0 0
285 122 153 0 0
286 121 153 0 0
287 120 153 0 0
288 120 154 0 0
289 121 154 0 0
290 120 154 0 0
291 119 154 0 0
292 120 154 0 0
293 119 154 0 0
294 120 154 0 0
295 119 154 0 0
296 119 155 0 0
297 118 155 0 0
298 119 155 0 0
299 118 155 0 0
300 117 155 0 0
301 117 156 0 0
302 118 156 0 0
303 117 156 0 0
304 118 156 0 0
305 117 156 0 0
306 116 156 0 0
307 117 156 0 0
308 116 156 0 0
309 116 157 0 0
310 115 157 0 0
311 116 157 0 0
312 115 157 0 0
313 115 158 0 0
314 116 158 0 0
315 115 158 0 0
316 114 158 0 0
317 115 158 0 0
318 114 158 0 0
319 113 158 0 0
320 113 159 0 0
321 114 159 0 0
322 113 159 0 0
323 114 159 0 0
324 113 159 0 0
325 112 159 0 0
326 113 159 0 0
327 112 159 0 0
328 112 160 0 0
329 113 160 0 0
330 112 160 0 0
331 111 160 0 0
332 111 161 0 0
333 112 161 0 0
334 111 161 0 0
335 112 161 0 0
336 111 161 0 0
337 112 161 0 0
338 111 161 0 0
339 110 161 0 0
340 110 162 0 0
341 111 162 0 0
342 110 162 0 0
343 111 162 0 0
344 110 162 0 0
345 111 162 0 0
346 110 162 0 0
347 109 162 0 0
348 109 163 0 0
349 110 163 0 0
350 109 163 0 0
351 110 163 0 0
352 109 163 0 0
353 108 163 0 0
354 109 163 0 0
355 108 163 0 0
356 108 164 0 0
357 109 164 0 0
358 108 164 0 0
359 109 164 0 0
360 108 164 0 0
361 108 165 0 0
362 107 165 0 0
363 108 165 0 0
364 107 165 0 0
365 108 165 0 0
366 107 165 0 0
367 108 165 0 0
368 107 165 0 0
369 107 166 0 0
370 106 166 0 0
371 107 166 0 0
372 106 166 0 0
373 107 166 0 0
374 106 166 0 0
375 105 166 0 0
376 105 167 0 0
377 106 167 0 0
378 105 167 0 0
379 106 167 0 0
380 105 167 0 0
381 104 167 0 0
382 105 167 0 0
383 104 167 0 0
384 104 168 0 0
385 105 168 0 0
386 104 168 0 0
387 103 168 0 0
388 103 169 0 0
389 104 169 0 0
390 103 169 0 0
391 104 169 0 0
392 103 169 0 0
393 104 169 0 0
394 103 169 0 0
395 102 169 0 0
396 102 170 0 0
397 103 170 0 0
398 102 170 0 0
399 103 170 0 0
400 102 170 0 0
401 103 170 0 0
402 102 170 0 0
403 101 170 0 0
404 101 171 0 0
405 102 171 0 0
406 101 171 0 0
407 102 171 0 0
408 101 171 0 0
409 100 171 0 0
410 101 171 0 0
411 100 171 0 0
412 100 172 0 0
413 101 172 0 0
414 100 172 0 0
415 101 172 0 0
416 100 172 0 0
417 100 173 0 0
418 99 173 0 0
419 100 173 0 0
420 99 173 0 0
421 100 173 0 0
422 99 173 0 0
423 98 173 0 0
424 99 173 0 0
425 98 173 0 0
426 97 173 0 0
427 98 173 0 0
428 97 173 0 0
429 96 173 0 0
430 97 173 0 0
431 96 173 0 0
432 97 173 0 0
433 96 173 0 0
434 95 173 0 0
435 96 173 0 0
436 95 173 0 0
437 96 173 0 0
438 95 173 0 0
439 94 173 0 0
440 95 173 0 0
441 94 173 0 0
442 93 173 0 0
443 94 173 0 0
444 93 173 0 0
445 92 173 0 0
446 93 173 0 0
447 92 173 0 0
448 91 173 0 0
449 92 173 0 0
450 91 173 0 0
451 92 173 0 0
452 91 173 0 0
453 90 173 0 0
454 91 173 0 0
455 90 173 0 0
456 89 173 0 0
457 90 173 0 0
458 89 173 0 0
459 88 173 0 0
460 89 173 0 0
461 88 173 0 0
462 89 173 0 0
463 88 173 0 0
464 87 173 0 0
465 88 173 0 0
466 87 173 0 0
467 88 173 0 0
468 87 173 0 0
469 86 173 0 0
470 87 173 0 0
471 86 173 0 0
472 85 173 0 0
473 86 173 0 0
474 85 173 0 0
475 84 173 0 0
476 85 173 0 0
477 84 173 0 0
478 83 173 0 0
479 84 173 0 0
480 83 173 0 0
481 84 173 0 0
482 83 173 0 0
483 82 173 0 0
484 83 173 0 0
485 82 173 0 0
486 81 173 0 0
487 82 173 0 0
488 81 173 0 0
489 81 172 0 0
490 82 172 0 0
491 81 172 0 0
492 82 172 0 0
493 81 172 0 0
494 81 171 0 0
495 80 171 0 0
496 81 171 0 0
497 80 171 0 0
498 81 171 0 0
499 80 171 0 0
500 80 170 0 0
501 81 170 0 0
502 80 170 0 0
503 79 170 0 0
504 80 170 0 0
505 79 170 0 0
506 79 169 0 0
507 80 169 0 0
508 79 169 0 0
509 80 169 0 0
510 79 169 0 0
511 78 169 0 0
512 78 168 0 0
513 79 168 0 0
514 78 168 0 0
515 78 167 0 0
516 79 167 0 0
517 78 167 0 0
518 79 167 0 0
519 78 167 0 0
520 77 167 0 0
521 77 166 0 0
522 78 166 0 0
523 77 166 0 0
524 78 166 0 0
525 77 166 0 0
526 76 166 0 0
527 76 165 0 0
528 77 165 0 0
529 76 165 0 0
530 77 165 0 0
531 76 165 0 0
532 77 165 0 0
533 76 165 0 0
534 76 164 0 0
535 77 164 0 0
536 76 164 0 0
537 75 164 0 0
538 75 163 0 0
539 76 163 0 0
540 75 163 0 0
541 76 163 0 0
542 75 163 0 0
543 76 163 0 0
544 75 163 0 0
545 75 162 0 0
546 74 162 0 0
547 75 162 0 0
548 74 162 0 0
549 75 162 0 0
550 74 162 0 0
551 74 161 0 0
552 75 161 0 0
553 74 161 0 0
554 73 161 0 0
555 74 161 0 0
556 73 161 0 0
557 73 160 0 0
558 74 160 0 0
559 73 160 0 0
560 73 159 0 0
561 74 159 0 0
562 73 159 0 0
563 72 159 0 0
564 73 159 0 0
565 72 159 0 0
566 72 158 0 0
567 73 158 0 0
568 72 158 0 0
569 71 158 0 0
570 72 158 0 0
571 71 158 0 0
572 71 157 0 0
573 72 157 0 0
574 71 157 0 0
575 72 157 0 0
576 71 157 0 0
577 71 156 0 0
578 72 156 0 0
579 71 156 0 0
580 70 156 0 0
581 71 156 0 0
582 70 156 0 0
583 70 155 0 0
584 71 155 0 0
585 70 155 0 0
586 71 155 0 0
587 70 155 0 0
588 69 155 0 0
589 69 154 0 0
590 70 154 0 0
591 69 154 0 0
592 70 154 0 0
593 69 154 0 0
594 70 154 0 0
595 69 154 0 0
596 69 153 0 0
597 70 153 0 0
598 69 153 0 0
599 69 152 0 0
600 68 152 0 0
601 69 152 0 0
602 68 152 0 0
603 69 152 0 0
604 68 152 0 0
605 68 151 0 0
606 69 151 0 0
607 68 151 0 0
608 69 151 0 0
609 68 151 0 0
610 68 150 0 0
611 69 150 0 0
612 68 150 0 0
613 69 150 0 0
614 68 150 0 0
615 69 150 0 0
616 68 150 0 0
617 68 149 0 0
618 69 149 0 0
619 68 149 0 0
620 68 148 0 0
621 69 148 0 0
622 68 148 0 0
623 69 148 0 0
624 68 148 0 0
625 69 148 0 0
626 68 148 0 0
627 68 147 0 0
628 67 147 0 0
629 68 147 0 0
630 67 147 0 0
631 67 146 0 0
632 68 146 0 0
633 67 146 0 0
634 68 146 0 0
635 67 146 0 0
636 68 146 0 0
637 67 146 0 0
638 67 145 0 0
639 68 145 0 0
640 67 145 0 0
641 67 144 0 0
642 68 144 0 0
643 67 144 0 0
644 68 144 0 0
645 67 144 0 0
646 68 144 0 0
647 67 144 0 0
648 67 143 0 0
649 68 143 0 0
650 67 143 0 0
651 68 143 0 0
652 67 143 0 0
653 67 142 0 0
654 66 142 0 0
655 67 142 0 0
656 66 142 0 0
657 66 141 0 0
658 67 141 0 0
659 66 141 0 0
660 67 141 0 0
661 66 141 0 0
662 66 140 0 0
663 67 140 0 0
664 66 140 0 0
665 67 140 0 0
666 66 140 0 0
667 67 140 0 0
668 66 140 0 0
669 66 139 0 0
670 67 139 0 0
671 66 139 0 0
672 67 139 0 0
673 66 139 0 0
674 66 138 0 0
675 65 138 0 0
676 66 138 0 0
677 65 138 0 0
678 65 137 0 0
679 66 137 0 0
680 65 137 0 0
681 66 137 0 0
682 65 137 0 0
683 65 136 0 0
684 66 136 0 0
685 65 136 0 0
686 66 136 0 0
687 65 136 0 0
688 66 136 0 0
689 65 136 0 0
690 65 135 0 0
691 66 135 0 0
692 65 135 0 0
693 66 135 0 0
694 65 135 0 0
695 65 134 0 0
696 66 134 0 0
697 65 134 0 0
698 65 133 0 0
699 66 133 0 0
700 65 133 0 0
701 66 133 0 0
702 65 133 0 0
703 65 132 0 0
704 66 132 0 0
705 65 132 0 0
706 66 132 0 0
707 65 132 0 0
708 65 131 0 0
709 66 131 0 0
710 65 131 0 0
711 66 131 0 0
712 65 131 0 0
713 66 131 0 0
714 65 131 0 0
715 65 130 0 0
716 66 130 0 0
717 66 129 0 0
718 67 129 0 0
719 66 129 0 0
720 67 129 0 0
721 66 129 0 0
722 66 128 0 0
723 67 128 0 0
724 66 128 0 0
725 67 128 0 0
726 66 128 0 0
727 66 127 0 0
728 67 127 0 0
729 66 127 0 0
730 66 126 0 0
731 67 126 0 0
732 66 126 0 0
733 67 126 0 0
734 66 126 0 0
735 66 125 0 0
736 67 125 0 0
737 66 125 0 0
738 67 125 0 0
739 66 125 0 0
740 67 125 0 0
741 66 125 0 0
742 66 124 0 0
743 67 124 0 0
744 66 124 0 0
745 67 124 0 0
746 66 124 0 0
747 66 123 0 0
748 67 123 0 0
749 66 123 0 0
750 66 122 0 0
751 67 122 0 0
752 66 122 0 0
753 67 122 0 0
754 66 122 0 0
755 66 121 0 0
756 67 121 0 0
757 66 121 0 0
758 67 121 0 0
759 66 121 0 0
760 66 120 0 0
761 67 120 0 0
762 66 120 0 0
763 67 120 0 0
764 68 120 0 0
765 67 120 0 0
766 67 119 0 0
767 68 119 0 0
768 67 119 0 0
769 67 118 0 0
770 68 118 0 0
771 67 118 0 0
772 68 118 0 0
773 67 118 0 0
774 67 117 0 0
775 68 117 0 0
776 67 117 0 0
777 68 117 0 0
778 67 117 0 0
779 67 116 0 0
780 68 116 0 0
781 67 116 0 0
782 67 115 0 0
783 68 115 0 0
784 67 115 0 0
785 68 115 0 0
786 67 115 0 0
787 68 115 0 0
788 67 115 0 0
789 67 114 0 0
790 68 114 0 0
791 67 114 0 0
792 68 114 0 0
793 67 114 0 0
794 67 113 0 0
795 68 113 0 0
796 67 113 0 0
797 68 113 0 0
798 67 113 0 0
799 67 112 0 0
800 68 112 0 0
801 67 112 0 0
802 68 112 0 0
803 67 112 0 0
804 67 111 0 0
805 68 111 0 0
806 67 111 0 0
807 67 110 0 0
808 68 110 0 0
809 67 110 0 0
810 68 110 0 0
811 67 110 0 0
812 68 110 0 0
813 68 109 0 0
814 69 109 0 0
815 68 109 0 0
816 69 109 0 0
817 68 109 0 0
818 68 108 0 0
819 69 108 0 0
820 68 108 0 0
821 68 107 0 0
822 69 107 0 0
823 68 107 0 0
824 69 107 0 0
825 68 107 0 0
826 68 106 0 0
827 69 106 0 0
828 68 106 0 0
829 69 106 0 0
830 70 106 0 0
831 69 106 0 0
832 69 105 0 0
833 70 105 0 0
834 69 105 0 0
835 70 105 0 0
836 69 105 0 0
837 69 104 0 0
838 70 104 0 0
839 69 104 0 0
840 69 103 0 0
841 70 103 0 0
842 71 103 0 0
843 70 103 0 0
844 70 102 0 0
845 71 102 0 0
846 70 102 0 0
847 71 102 0 0
848 70 102 0 0
849 71 102 0 0
850 70 102 0 0
851 70 101 0 0
852 71 101 0 0
853 70 101 0 0
854 70 100 0 0
855 71 100 0 0
856 72 100 0 0
857 71 100 0 0
858 71 99 0 0
859 72 99 0 0
860 71 99 0 0
861 72 99 0 0
862 71 99 0 0
863 71 98 0 0
864 72 98 0 0
865 71 98 0 0
866 72 98 0 0
867 71 98 0 0
868 72 98 0 0
869 71 98 0 0
870 71 97 0 0
871 72 97 0 0
872 72 96 0 0
873 73 96 0 0
874 72 96 0 0
875 73 96 0 0
876 72 96 0 0
877 72 95 0 0
878 73 95 0 0
879 72 95 0 0
880 73 95 0 0
881 72 95 0 0
882 72 94 0 0
883 73 94 0 0
884 74 94 0 0
885 73 94 0 0
886 74 94 0 0
887 73 94 0 0
888 73 93 0 0
889 74 93 0 0
890 73 93 0 0
891 73 92 0 0
892 74 92 0 0
893 73 92 0 0
894 74 92 0 0
895 73 92 0 0
896 73 91 0 0
897 74 91 0 0
898 73 91 0 0
899 74 91 0 0
900 74 90 0 0
901 75 90 0 0
902 74 90 0 0
903 75 90 0 0
904 74 90 0 0
905 74 89 0 0
906 75 89 0 0
907 74 89 0 0
908 74 88 0 0
909 75 88 0 0
910 74 88 0 0
911 75 88 0 0
912 74 88 0 0
913 74 87 0 0
914 75 87 0 0
915 74 87 0 0
916 75 87 0 0
917 74 87 0 0
918 74 86 0 0
919 75 86 0 0
920 74 86 0 0
921 75 86 0 0
922 74 86 0 0
923 74 85 0 0
924 75 85 0 0
925 74 85 0 0
926 74 84 0 0
927 75 84 0 0
928 76 84 0 0
929 75 84 0 0
930 75 83 0 0
931 76 83 0 0
932 75 83 0 0
933 76 83 0 0
934 75 83 0 0
935 75 82 0 0
936 76 82 0 0
937 75 82 0 0
938 76 82 0 0
939 75 82 0 0
940 75 81 0 0
941 76 81 0 0
942 75 81 0 0
943 75 80 0 0
944 76 80 0 0
945 75 80 0 0
946 76 80 0 0
947 75 80 0 0
948 75 79 0 0
949 76 79 0 0
950 75 79 0 0
951 76 79 0 0
952 75 79 0 0
953 75 78 0 0
954 76 78 0 0
955 75 78 0 0
956 75 77 0 0
957 76 77 0 0
958 75 77 0 0
959 76 77 0 0
960 75 77 0 0
961 75 76 0 0
962 76 76 0 0
963 75 76 0 0
964 76 76 0 0
965 75 76 0 0
966 75 75 0 0
967 76 75 0 0
968 75 75 0 0
969 76 75 0 0
970 75 75 0 0
971 75 74 0 0
972 76 74 0 0
973 75 74 0 0
974 75 73 0 0
975 76 73 0 0
976 75 73 0 0
977 76 73 0 0
978 76 72 0 0
979 77 72 0 0
980 76 72 0 0
981 76 71 0 0
982 77 71 0 0
983 76 71 0 0
984 77 71 0 0
985 76 71 0 0
986 76 70 0 0
987 77 70 0 0
988 76 70 0 0
989 76 69 0 0
990 77 69 0 0
991 76 69 0 0
992 77 69 0 0
993 76 69 0 0
994 76 68 0 0
995 77 68 0 0
996 76 68 0 0
997 77 68 0 0
998 76 68 0 0
999 76 67 0 0
1000 77 67 0 0
1001 76 67 0 0
1002 77 67 0 0
1003 76 67 0 0
1004 76 66 0 0
1005 77 66 0 0
1006 76 66 0 0
1007 76 65 0 0
1008 77 65 0 0
1009 76 65 0 0
1010 77 65 0 0
1011 76 65 0 0
1012 76 64 0 0
1013 77 64 0 0
1014 76 64 0 0
1015 77 64 0 0
1016 77 63 0 0
1017 77 62 0 0
1018 78 62 0 0
1019 77 62 0 0
1020 78 62 0 0
1021 77 62 0 0
1022 77 61 0 0
1023 78 61 0 0
1024 77 61 0 0
1025 78 61 0 0
1026 77 61 0 0
1027 77 60 0 0
1028 78 60 0 0
1029 77 60 0 0
1030 78 60 0 0
1031 77 60 0 0
1032 77 59 0 0
1033 78 59 0 0
1034 77 59 0 0
1035 77 58 0 0
1036 78 58 0 0
1037 77 58 0 0
1038 78 58 0 0
1039 77 58 0 0
1040 77 57 0 0
1041 78 57 0 0
1042 77 57 0 0
1043 78 57 0 0
1044 77 57 0 0
1045 77 56 0 0
1046 78 56 0 0
1047 79 56 0 0
1048 78 56 0 0
1049 78 55 0 0
1050 79 55 0 0
1051 78 55 0 0
1052 78 54 0 0
1053 79 54 0 0
1054 78 54 0 0
1055 78 53 0 0
1056 79 53 0 0
1057 78 53 0 0
1058 79 53 0 0
1059 78 53 0 0
1060 79 53 0 0
1061 78 53 0 0
1062 78 52 0 0
1063 79 52 0 0
1064 78 52 0 0
1065 79 52 0 0
1066 78 52 0 0
1067 78 51 0 0
1068 79 51 0 0
1069 78 51 0 0
1070 78 50 0 0
1071 79 50 0 0
1072 78 50 0 0
1073 79 50 0 0
1074 78 50 0 0
1075 78 49 0 0
1076 79 49 0 0
1077 78 49 0 0
1078 79 49 0 0
1079 78 49 0 0
1080 78 48 0 0
1081 79 48 0 0
1082 78 48 0 0
1083 78 47 0 0
1084 79 47 0 0
1085 78 47 0 0
1086 79 47 0 0
1087 78 47 0 0
1088 78 46 0 0
1089 79 46 0 0
1090 78 46 0 0
1091 79 46 0 0
1092 78 46 0 0
1093 79 46 0 0
1094 78 46 0 0
1095 78 45 0 0
1096 79 45 0 0
1097 78 45 0 0
1098 79 45 0 0
1099 78 45 0 0
1100 78 44 0 0
1101 79 44 0 0
1102 78 44 0 0
1103 78 43 0 0
1104 79 43 0 0
1105 78 43 0 0
1106 79 43 0 0
1107 78 43 0 0
1108 78 42 0 0
1109 79 42 0 0
1110 78 42 0 0
1111 79 42 0 0
1112 78 42 0 0
1113 78 41 0 0
1114 79 41 0 0
1115 78 41 0 0
1116 79 41 0 0
1117 78 41 0 0
1118 78 40 0 0
1119 79 40 0 0
1120 78 40 0 0
1121 78 39 0 0
1122 79 39 0 0
1123 78 39 0 0
1124 79 39 0 0
1125 78 39 0 0
1126 79 39 0 0
1127 78 39 0 0
1128 78 38 0 0
1129 79 38 0 0
1130 80 38 0 0
1131 79 38 0 0
1132 79 37 0 0
1133 80 37 0 0
1134 79 37 0 0
1135 79 36 0 0
1136 80 36 0 0
1137 79 36 0 0
1138 80 36 0 0
1139 79 36 0 0
1140 79 35 0 0
1141 80 35 0 0
1142 79 35 0 0
1143 80 35 0 0
1144 79 35 0 0
1145 79 34 0 0
1146 80 34 0 0
1147 79 34 0 0
1148 80 34 0 0
1149 79 34 0 0
1150 79 33 0 0
1151 80 33 0 0
1152 79 33 0 0
1153 79 32 0 0
1154 80 32 0 0
1155 79 32 0 0
1156 80 32 0 0
1157 79 32 0 0
1158 79 31 0 0
1159 80 31 0 0
1160 79 31 0 0
1161 80 31 0 0
1162 79 31 0 0
1163 79 30 0 0
1164 80 30 0 0
1165 79 30 0 0
1166 80 30 0 0
1167 79 30 0 0
1168 79 29 0 0
1169 80 29 0 0
1170 79 29 0 0
1171 79 28 0 0
1172 80 28 0 0
1173 79 28 0 0
1174 79 27 0 0
1175 80 27 0 0
1176 79 27 0 0
1177 80 27 0 0
1178 79 27 0 0
1179 79 26 0 0
1180 80 26 0 0
1181 79 26 0 0
1182 80 26 0 0
1183 79 26 0 0
1184 79 25 0 0
1185 80 25 0 0
1186 79 25 0 0
1187 79 24 0 0
1188 80 24 0 0
1189 79 24 0 0
1190 80 24 0 0
1191 79 24 0 0
1192 79 23 0 0
1193 80 23 0 0
1194 79 23 0 0
1195 79 22 0 0
1196 80 22 0 0
1197 79 22 0 0
1198 79 21 0 0
1199 80 21 0 0
1200 79 21 0 0
1201 80 21 0 0
1202 79 21 0 0
1203 79 20 0 0
1204 80 20 0 0
1205 79 20 0 0
1206 80 20 0 0
1207 79 20 0 0
1208 79 19 0 0
1209 80 19 0 0
1210 79 19 0 0
1211 79 18 0 0
1212 80 18 0 0
1213 79 18 0 0
1214 79 17 0 0
1215 80 17 0 0
1216 79 17 0 0
1217 80 17 0 0
1218 79 17 0 0
1219 79 16 0 0
1220 80 16 0 0
1221 79 16 0 0
1222 80 16 0 0
1223 79 16 0 0
1224 79 15 0 0
1225 80 15 0 0
1226 79 15 0 0
1227 79 14 0 0
1228 80 14 0 0
1229 79 14 0 0
1230 79 13 0 0
1231 80 13 0 0
1232 79 13 0 0
1233 80 13 0 0
1234 79 13 0 0
1235 79 12 0 0
1236 80 12 0 0
1237 79 12 0 0
1238 80 12 0 0
1239 79 12 0 0
1240 79 11 0 0
1241 80 11 0 0
1242 79 11 0 0
1243 80 11 0 0
1244 79 11 0 0
1245 79 10 0 0
1246 79 9 0 0
1247 80 9 0 0
1248 79 9 0 0
1249 80 9 0 0
1250 79 9 0 0
1251 79 8 0 0
1252 80 8 0 0
1253 79 8 0 0
1254 80 8 0 0
1255 79 8 0 0
1256 79 7 0 0
1257 80 7 0 0
1258 79 7 0 0
1259 79 6 0 0
1260 80 6 0 0
1261 80 5 0 0
1262 81 5 0 0
1263 80 5 0 0
1264 81 5 0 0
1265 80 5 0 0
1266 81 5 0 0
1267 80 5 0 0
1268 81 5 0 0
1269 80 5 0 0
1270 81 5 0 0
1271 80 5 0 0
1272 81 5 0 0
1273 82 5 0 0
1274 81 5 0 0
1275 82 5 0 0
1276 81 5 0 0
1277 82 5 0 0
1278 81 5 0 0
1279 82 5 0 0
1280 81 5 0 0
1281 81 4 0 0
1282 82 4 0 0
1283 81 4 0 0
1284 82 4 0 0
1285 83 4 0 0
1286 82 4 0 0
1287 83 4 0 0
1288 82 4 0 0
1289 83 4 0 0
1290 82 4 0 0
1291 83 4 0 0
