0 100 7 0 0
1 100 8 0 0
2 101 8 0 0
3 100 8 0 0
4 101 8 0 0
5 100 8 0 0
6 100 9 0 0
7 101 9 0 0
8 100 9 0 0
9 100 10 0 0
10 101 10 0 0
11 100 10 0 0
12 101 10 0 0
13 100 10 0 0
14 100 11 0 0
15 101 11 0 0
16 100 11 0 0
17 101 11 0 0
18 100 11 0 0
19 101 11 0 0
20 100 11 0 0
21 100 12 0 0
22 101 12 0 0
23 100 12 0 0
24 100 13 0 0
25 101 13 0 0
26 100 13 0 0
27 101 13 0 0
28 100 13 0 0
29 100 14 0 0
30 101 14 0 0
31 100 14 0 0
32 101 14 0 0
33 100 14 0 0
34 101 14 0 0
35 100 14 0 0
36 100 15 0 0
37 101 15 0 0
38 100 15 0 0
39 101 15 0 0
40 100 15 0 0
41 100 16 0 0
42 101 16 0 0
43 100 16 0 0
44 100 17 0 0
45 101 17 0 0
46 100 17 0 0
47 101 17 0 0
48 100 17 0 0
49 101 17 0 0
50 100 17 0 0
51 100 18 0 0
52 101 18 0 0
53 100 18 0 0
54 101 18 0 0
55 100 18 0 0
56 100 19 0 0
57 101 19 0 0
58 100 19 0 0
59 101 19 0 0
60 100 19 0 0
61 101 19 0 0
62 100 19 0 0
63 100 20 0 0
64 101 20 0 0
65 100 20 0 0
66 100 21 0 0
67 101 21 0 0
68 100 21 0 0
69 101 21 0 0
70 100 21 0 0
71 100 22 0 0
72 101 22 0 0
73 100 22 0 0
74 101 22 0 0
75 100 22 0 0
76 101 22 0 0
77 100 22 0 0
78 100 23 0 0
79 101 23 0 0
80 100 23 0 0
81 100 24 0 0
82 101 24 0 0
83 100 24 0 0
84 101 24 0 0
85 100 24 0 0
86 100 25 0 0
87 101 25 0 0
88 100 25 0 0
89 101 25 0 0
90 100 25 0 0
91 101 25 0 0
92 100 25 0 0
93 100 26 0 0
94 101 26 0 0
95 100 26 0 0
96 101 26 0 0
97 100 26 0 0
98 100 27 0 0
99 101 27 0 0
100 100 27 0 0
101 100 28 0 0
102 101 28 0 0
103 100 28 0 0
104 101 28 0 0
105 100 28 0 0
106 101 28 0 0
107 100 28 0 0
108 100 29 0 0
109 101 29 0 0
110 100 29 0 0
111 101 29 0 0
112 100 29 0 0
113 100 30 0 0
114 101 30 0 0
115 100 30 0 0
116 101 30 0 0
117 100 30 0 0
118 100 31 0 0
119 101 31 0 0
120 102 31 0 0
121 101 31 0 0
122 101 32 0 0
123 102 32 0 0
124 101 32 0 0
125 102 32 0 0
126 101 32 0 0
127 101 33 0 0
128 102 33 0 0
129 101 33 0 0
130 102 33 0 0
131 101 33 0 0
132 102 33 0 0
133 101 33 0 0
134 101 34 0 0
135 102 34 0 0
136 101 34 0 0
137 102 34 0 0
138 101 34 0 0
139 101 35 0 0
140 102 35 0 0
141 101 35 0 0
142 102 35 0 0
143 101 35 0 0
144 102 35 0 0
145 101 35 0 0
146 101 36 0 0
147 102 36 0 0
148 101 36 0 0
149 101 37 0 0
150 102 37 0 0
151 101 37 0 0
152 102 37 0 0
153 101 37 0 0
154 102 37 0 0
155 101 37 0 0
156 101 38 0 0
157 102 38 0 0
158 101 38 0 0
159 102 38 0 0
160 101 38 0 0
161 102 38 0 0
162 101 38 0 0
163 101 39 0 0
164 102 39 0 0
165 101 39 0 0
166 102 39 0 0
167 101 39 0 0
168 101 40 0 0
169 102 40 0 0
170 101 40 0 0
171 102 40 0 0
172 101 40 0 0
173 102 40 0 0
174 101 40 0 0
175 101 41 0 0
176 102 41 0 0
177 101 41 0 0
178 102 41 0 0
179 101 41 0 0
180 101 42 0 0
181 102 42 0 0
182 101 42 0 0
183 102 42 0 0
184 101 42 0 0
185 101 43 0 0
186 102 43 0 0
187 101 43 0 0
188 102 43 0 0
189 101 43 0 0
190 102 43 0 0
191 101 43 0 0
192 101 44 0 0
193 102 44 0 0
194 101 44 0 0
195 102 44 0 0
196 101 44 0 0
197 101 45 0 0
198 102 45 0 0
199 101 45 0 0
200 102 45 0 0
201 101 45 0 0
202 102 45 0 0
203 101 45 0 0
204 101 46 0 0
205 102 46 0 0
206 101 46 0 0
207 101 47 0 0
208 102 47 0 0
209 101 47 0 0
210 102 47 0 0
211 101 47 0 0
212 102 47 0 0
213 101 47 0 0
214 101 48 0 0
215 102 48 0 0
216 101 48 0 0
217 102 48 0 0
218 101 48 0 0
219 101 49 0 0
220 102 49 0 0
221 101 49 0 0
222 102 49 0 0
223 101 49 0 0
224 102 49 0 0
225 101 49 0 0
226 101 50 0 0
227 102 50 0 0
228 101 50 0 0
229 102 50 0 0
230 101 50 0 0
231 101 51 0 0
232 102 51 0 0
233 101 51 0 0
234 102 51 0 0
235 101 51 0 0
236 102 51 0 0
237 101 51 0 0
238 101 52 0 0
239 102 52 0 0
240 101 52 0 0
241 102 52 0 0
242 101 52 0 0
243 101 53 0 0
244 102 53 0 0
245 101 53 0 0
246 102 53 0 0
247 101 53 0 0
248 101 54 0 0
249 102 54 0 0
250 101 54 0 0
251 102 54 0 0
252 101 54 0 0
253 102 54 0 0
254 101 54 0 0
255 101 55 0 0
256 102 55 0 0
257 101 55 0 0
258 102 55 0 0
259 101 55 0 0
260 102 55 0 0
261 101 55 0 0
262 101 56 0 0
263 102 56 0 0
264 101 56 0 0
265 102 56 0 0
266 101 56 0 0
267 101 57 0 0
268 102 57 0 0
269 101 57 0 0
270 101 58 0 0
271 102 58 0 0
272 101 58 0 0
273 102 58 0 0
274 101 58 0 0
275 102 58 0 0
276 101 58 0 0
277 101 59 0 0
278 102 59 0 0
279 101 59 0 0
280 102 59 0 0
281 101 59 0 0
282 102 59 0 0
283 101 59 0 0
284 101 60 0 0
285 102 60 0 0
286 101 60 0 0
287 102 60 0 0
288 101 60 0 0
289 101 61 0 0
290 102 61 0 0
291 101 61 0 0
292 102 61 0 0
293 101 61 0 0
294 101 62 0 0
295 102 62 0 0
296 101 62 0 0
297 102 62 0 0
298 101 62 0 0
299 102 62 0 0
300 101 62 0 0
301 101 63 0 0
302 102 63 0 0
303 101 63 0 0
304 102 63 0 0
305 101 63 0 0
306 101 64 0 0
307 102 64 0 0
308 101 64 0 0
309 102 64 0 0
310 101 64 0 0
311 102 64 0 0
312 101 64 0 0
313 101 65 0 0
314 102 65 0 0
315 101 65 0 0
316 102 65 0 0
317 101 65 0 0
318 101 66 0 0
319 102 66 0 0
320 101 66 0 0
321 102 66 0 0
322 101 66 0 0
323 101 67 0 0
324 102 67 0 0
325 101 67 0 0
326 102 67 0 0
327 101 67 0 0
328 101 68 0 0
329 102 68 0 0
330 101 68 0 0
331 102 68 0 0
332 101 68 0 0
333 102 68 0 0
334 101 68 0 0
335 101 69 0 0
336 102 69 0 0
337 101 69 0 0
338 102 69 0 0
339 101 69 0 0
340 101 70 0 0
341 102 70 0 0
342 101 70 0 0
343 102 70 0 0
344 101 70 0 0
345 101 71 0 0
346 102 71 0 0
347 101 71 0 0
348 102 71 0 0
349 101 71 0 0
350 102 71 0 0
351 101 71 0 0
352 101 72 0 0
353 102 72 0 0
354 101 72 0 0
355 102 72 0 0
356 101 72 0 0
357 101 73 0 0
358 102 73 0 0
359 101 73 0 0
360 102 73 0 0
361 101 73 0 0
362 102 73 0 0
363 101 73 0 0
364 101 74 0 0
365 102 74 0 0
366 101 74 0 0
367 102 74 0 0
368 101 74 0 0
369 101 75 0 0
370 102 75 0 0
371 101 75 0 0
372 102 75 0 0
373 101 75 0 0
374 102 75 0 0
375 101 75 0 0
376 101 76 0 0
377 102 76 0 0
378 101 76 0 0
379 102 76 0 0
380 101 76 0 0
381 101 77 0 0
382 102 77 0 0
383 101 77 0 0
384 102 77 0 0
385 101 77 0 0
386 102 77 0 0
387 101 77 0 0
388 101 78 0 0
389 102 78 0 0
390 101 78 0 0
391 102 78 0 0
392 101 78 0 0
393 101 79 0 0
394 102 79 0 0
395 101 79 0 0
396 102 79 0 0
397 101 79 0 0
398 101 80 0 0
399 102 80 0 0
400 101 80 0 0
401 102 80 0 0
402 101 80 0 0
403 102 80 0 0
404 101 80 0 0
405 101 81 0 0
406 102 81 0 0
407 101 81 0 0
408 101 82 0 0
409 102 82 0 0
410 103 82 0 0
411 102 82 0 0
412 103 82 0 0
413 102 82 0 0
414 102 83 0 0
415 103 83 0 0
416 102 83 0 0
417 103 83 0 0
418 102 83 0 0
419 103 83 0 0
420 102 83 0 0
421 102 84 0 0
422 103 84 0 0
423 102 84 0 0
424 103 84 0 0
425 102 84 0 0
426 103 84 0 0
427 103 85 0 0
428 104 85 0 0
429 103 85 0 0
430 104 85 0 0
431 103 85 0 0
432 103 86 0 0
433 104 86 0 0
434 103 86 0 0
435 104 86 0 0
436 103 86 0 0
437 104 86 0 0
438 103 86 0 0
439 103 87 0 0
440 104 87 0 0
441 103 87 0 0
442 104 87 0 0
443 103 87 0 0
444 104 87 0 0
445 103 87 0 0
446 103 88 0 0
447 104 88 0 0
448 105 88 0 0
449 104 88 0 0
450 105 88 0 0
451 104 88 0 0
452 104 89 0 0
453 105 89 0 0
454 104 89 0 0
455 105 89 0 0
456 104 89 0 0
457 104 90 0 0
458 105 90 0 0
459 104 90 0 0
460 105 90 0 0
461 104 90 0 0
462 105 90 0 0
463 104 90 0 0
464 104 91 0 0
465 105 91 0 0
466 104 91 0 0
467 105 91 0 0
468 104 91 0 0
469 105 91 0 0
470 105 92 0 0
471 106 92 0 0
472 105 92 0 0
473 106 92 0 0
474 105 92 0 0
475 106 92 0 0
476 105 92 0 0
477 105 93 0 0
478 106 93 0 0
479 105 93 0 0
480 106 93 0 0
481 105 93 0 0
482 105 94 0 0
483 106 94 0 0
484 105 94 0 0
485 106 94 0 0
486 107 94 0 0
487 106 94 0 0
488 106 95 0 0
489 107 95 0 0
490 106 95 0 0
491 107 95 0 0
492 106 95 0 0
493 107 95 0 0
494 106 95 0 0
495 106 96 0 0
496 107 96 0 0
497 106 96 0 0
498 107 96 0 0
499 106 96 0 0
500 107 96 0 0
501 106 96 0 0
502 106 97 0 0
503 107 97 0 0
504 106 97 0 0
505 107 97 0 0
506 106 97 0 0
507 106 98 0 0
508 107 98 0 0
509 108 98 0 0
510 107 98 0 0
511 108 98 0 0
512 107 98 0 0
513 107 99 0 0
514 108 99 0 0
515 107 99 0 0
516 108 99 0 0
517 107 99 0 0
518 108 99 0 0
519 107 99 0 0
520 107 100 0 0
521 108 100 0 0
522 107 100 0 0
523 108 100 0 0
524 107 100 0 0
525 108 100 0 0
526 107 100 0 0
527 107 101 0 0
528 108 101 0 0
529 107 101 0 0
530 107 102 0 0
531 108 102 0 0
532 109 102 0 0
533 108 102 0 0
534 109 102 0 0
535 108 102 0 0
536 109 102 0 0
537 108 102 0 0
538 108 103 0 0
539 109 103 0 0
540 108 103 0 0
541 109 103 0 0
542 108 103 0 0
543 109 103 0 0
544 108 103 0 0
545 108 104 0 0
546 109 104 0 0
547 109 105 0 0
548 110 105 0 0
549 109 105 0 0
550 110 105 0 0
551 109 105 0 0
552 110 105 0 0
553 109 105 0 0
554 109 106 0 0
555 110 106 0 0
556 109 106 0 0
557 110 106 0 0
558 109 106 0 0
559 110 106 0 0
560 109 106 0 0
561 109 107 0 0
562 110 107 0 0
563 109 107 0 0
564 110 107 0 0
565 109 107 0 0
566 110 107 0 0
567 111 107 0 0
568 110 107 0 0
569 110 108 0 0
570 111 108 0 0
571 110 108 0 0
572 110 109 0 0
573 111 109 0 0
574 110 109 0 0
575 111 109 0 0
576 110 109 0 0
577 111 109 0 0
578 110 109 0 0
579 110 110 0 0
580 111 110 0 0
581 110 110 0 0
582 111 110 0 0
583 112 110 0 0
584 111 110 0 0
585 111 111 0 0
586 112 111 0 0
587 111 111 0 0
588 112 111 0 0
589 111 111 0 0
590 111 112 0 0
591 112 112 0 0
592 111 112 0 0
593 112 112 0 0
594 111 112 0 0
595 112 112 0 0
596 111 112 0 0
597 111 113 0 0
598 112 113 0 0
599 111 113 0 0
600 112 113 0 0
601 111 113 0 0
602 112 113 0 0
603 111 113 0 0
604 111 114 0 0
605 112 114 0 0
606 113 114 0 0
607 112 114 0 0
608 113 114 0 0
609 112 114 0 0
610 112 115 0 0
611 113 115 0 0
612 112 115 0 0
613 113 115 0 0
614 112 115 0 0
615 113 115 0 0
616 112 115 0 0
617 112 116 0 0
618 113 116 0 0
619 112 116 0 0
620 112 117 0 0
621 113 117 0 0
622 112 117 0 0
623 113 117 0 0
624 112 117 0 0
625 113 117 0 0
626 113 118 0 0
627 114 118 0 0
628 113 118 0 0
629 114 118 0 0
630 113 118 0 0
631 114 118 0 0
632 113 118 0 0
633 113 119 0 0
634 114 119 0 0
635 113 119 0 0
636 114 119 0 0
637 113 119 0 0
638 113 120 0 0
639 114 120 0 0
640 113 120 0 0
641 114 120 0 0
642 115 120 0 0
643 114 120 0 0
644 114 121 0 0
645 115 121 0 0
646 114 121 0 0
647 115 121 0 0
648 114 121 0 0
649 115 121 0 0
650 114 121 0 0
651 114 122 0 0
652 115 122 0 0
653 114 122 0 0
654 115 122 0 0
655 114 122 0 0
656 115 122 0 0
657 114 122 0 0
658 114 123 0 0
659 115 123 0 0
660 114 123 0 0
661 114 124 0 0
662 115 124 0 0
663 116 124 0 0
664 115 124 0 0
665 116 124 0 0
666 115 124 0 0
667 115 125 0 0
668 116 125 0 0
669 115 125 0 0
670 116 125 0 0
671 115 125 0 0
672 116 125 0 0
673 115 125 0 0
674 115 126 0 0
675 116 126 0 0
676 115 126 0 0
677 116 126 0 0
678 117 126 0 0
679 116 126 0 0
680 116 127 0 0
681 117 127 0 0
682 116 127 0 0
683 117 127 0 0
684 116 127 0 0
685 116 128 0 0
686 117 128 0 0
687 116 128 0 0
688 117 128 0 0
689 116 128 0 0
690 117 128 0 0
691 116 128 0 0
692 116 129 0 0
693 117 129 0 0
694 116 129 0 0
695 117 129 0 0
696 116 129 0 0
697 117 129 0 0
698 117 130 0 0
699 118 130 0 0
700 117 130 0 0
701 117 131 0 0
702 118 131 0 0
703 117 131 0 0
704 118 131 0 0
705 117 131 0 0
706 118 131 0 0
707 117 131 0 0
708 117 132 0 0
709 118 132 0 0
710 117 132 0 0
711 116 132 0 0
712 116 133 0 0
713 117 133 0 0
714 116 133 0 0
715 117 133 0 0
716 116 133 0 0
717 117 133 0 0
718 116 133 0 0
719 116 134 0 0
720 117 134 0 0
721 116 134 0 0
722 116 135 0 0
723 117 135 0 0
724 116 135 0 0
725 117 135 0 0
726 116 135 0 0
727 117 135 0 0
728 116 135 0 0
729 116 136 0 0
730 117 136 0 0
731 116 136 0 0
732 115 136 0 0
733 115 137 0 0
734 116 137 0 0
735 115 137 0 0
736 116 137 0 0
737 115 137 0 0
738 116 137 0 0
739 115 137 0 0
740 115 138 0 0
741 116 138 0 0
742 115 138 0 0
743 115 139 0 0
744 116 139 0 0
745 115 139 0 0
746 114 139 0 0
747 115 139 0 0
748 114 139 0 0
749 114 140 0 0
750 115 140 0 0
751 114 140 0 0
752 115 140 0 0
753 114 140 0 0
754 114 141 0 0
755 115 141 0 0
756 114 141 0 0
757 115 141 0 0
758 114 141 0 0
759 115 141 0 0
760 114 141 0 0
761 114 142 0 0
762 115 142 0 0
763 114 142 0 0
764 114 143 0 0
765 115 143 0 0
766 114 143 0 0
767 113 143 0 0
768 114 143 0 0
769 113 143 0 0
770 113 144 0 0
771 114 144 0 0
772 113 144 0 0
773 114 144 0 0
774 113 144 0 0
775 113 145 0 0
776 114 145 0 0
777 113 145 0 0
778 113 146 0 0
779 114 146 0 0
780 113 146 0 0
781 114 146 0 0
782 113 146 0 0
783 112 146 0 0
784 112 147 0 0
785 113 147 0 0
786 112 147 0 0
787 113 147 0 0
788 112 147 0 0
789 113 147 0 0
790 112 147 0 0
791 112 148 0 0
792 113 148 0 0
793 112 148 0 0
794 113 148 0 0
795 112 148 0 0
796 112 149 0 0
797 113 149 0 0
798 112 149 0 0
799 112 150 0 0
800 113 150 0 0
801 112 150 0 0
802 113 150 0 0
803 112 150 0 0
804 111 150 0 0
805 111 151 0 0
806 112 151 0 0
807 111 151 0 0
808 112 151 0 0
809 111 151 0 0
810 111 152 0 0
811 112 152 0 0
812 111 152 0 0
813 112 152 0 0
814 111 152 0 0
815 112 152 0 0
816 111 152 0 0
817 111 153 0 0
818 112 153 0 0
819 111 153 0 0
820 111 154 0 0
821 112 154 0 0
822 111 154 0 0
823 112 154 0 0
824 111 154 0 0
825 110 154 0 0
826 110 155 0 0
827 111 155 0 0
828 110 155 0 0
829 111 155 0 0
830 110 155 0 0
831 110 156 0 0
832 111 156 0 0
833 110 156 0 0
834 111 156 0 0
835 110 156 0 0
836 111 156 0 0
837 110 156 0 0
838 110 157 0 0
839 109 157 0 0
840 109 158 0 0
841 110 158 0 0
842 109 158 0 0
843 110 158 0 0
844 109 158 0 0
845 110 158 0 0
846 109 158 0 0
847 109 159 0 0
848 110 159 0 0
849 109 159 0 0
850 110 159 0 0
851 109 159 0 0
852 110 159 0 0
853 109 159 0 0
854 109 160 0 0
855 110 160 0 0
856 109 160 0 0
857 109 161 0 0
858 110 161 0 0
859 109 161 0 0
860 108 161 0 0
861 109 161 0 0
862 108 161 0 0
863 108 162 0 0
864 109 162 0 0
865 108 162 0 0
866 109 162 0 0
867 108 162 0 0
868 109 162 0 0
869 108 162 0 0
870 108 163 0 0
871 109 163 0 0
872 108 163 0 0
873 109 163 0 0
874 108 163 0 0
875 108 164 0 0
876 107 164 0 0
877 108 164 0 0
878 107 164 0 0
879 107 165 0 0
880 108 165 0 0
881 107 165 0 0
882 108 165 0 0
883 107 165 0 0
884 108 165 0 0
885 107 165 0 0
886 107 166 0 0
887 108 166 0 0
888 107 166 0 0
889 108 166 0 0
890 107 166 0 0
891 107 167 0 0
892 108 167 0 0
893 107 167 0 0
894 108 167 0 0
895 107 167 0 0
896 108 167 0 0
897 107 167 0 0
898 107 168 0 0
899 106 168 0 0
900 107 168 0 0
901 106 168 0 0
902 106 169 0 0
903 107 169 0 0
904 106 169 0 0
905 107 169 0 0
906 106 169 0 0
907 106 170 0 0
908 107 170 0 0
909 106 170 0 0
910 107 170 0 0
911 106 170 0 0
912 107 170 0 0
913 106 170 0 0
914 106 171 0 0
915 107 171 0 0
916 106 171 0 0
917 107 171 0 0
918 106 171 0 0
919 105 171 0 0
920 105 172 0 0
921 106 172 0 0
922 105 172 0 0
923 105 173 0 0
924 106 173 0 0
925 105 173 0 0
926 106 173 0 0
927 105 173 0 0
928 106 173 0 0
929 105 173 0 0
930 105 174 0 0
931 106 174 0 0
932 105 174 0 0
933 106 174 0 0
934 105 174 0 0
935 104 174 0 0
936 104 175 0 0
937 105 175 0 0
938 104 175 0 0
939 104 176 0 0
940 105 176 0 0
941 104 176 0 0
942 105 176 0 0
943 104 176 0 0
944 105 176 0 0
945 104 176 0 0
946 104 177 0 0
947 105 177 0 0
948 104 177 0 0
949 105 177 0 0
950 104 177 0 0
951 105 177 0 0
952 104 177 0 0
953 104 178 0 0
954 105 178 0 0
955 104 178 0 0
956 103 178 0 0
957 104 178 0 0
958 103 178 0 0
959 103 179 0 0
960 104 179 0 0
961 103 179 0 0
962 103 180 0 0
963 104 180 0 0
964 103 180 0 0
965 104 180 0 0
966 103 180 0 0
967 104 180 0 0
968 103 180 0 0
969 103 181 0 0
970 104 181 0 0
971 103 181 0 0
972 104 181 0 0
973 103 181 0 0
974 104 181 0 0
975 103 181 0 0
976 103 182 0 0
977 102 182 0 0
978 103 182 0 0
979 102 182 0 0
980 103 182 0 0
981 102 182 0 0
982 102 183 0 0
983 103 183 0 0
984 102 183 0 0
985 102 184 0 0
986 103 184 0 0
987 102 184 0 0
988 103 184 0 0
989 102 184 0 0
990 103 184 0 0
991 102 184 0 0
992 102 185 0 0
993 103 185 0 0
994 102 185 0 0
995 103 185 0 0
996 102 185 0 0
997 102 186 0 0
998 103 186 0 0
999 102 186 0 0
1000 103 186 0 0
1001 102 186 0 0
1002 102 187 0 0
1003 103 187 0 0
1004 102 187 0 0
1005 103 187 0 0
1006 102 187 0 0
1007 102 188 0 0
1008 103 188 0 0
1009 102 188 0 0
1010 103 188 0 0
1011 102 188 0 0
1012 103 188 0 0
1013 102 188 0 0
1014 102 189 0 0
1015 103 189 0 0
1016 102 189 0 0
1017 103 189 0 0
1018 102 189 0 0
1019 103 189 0 0
1020 102 189 0 0
1021 102 190 0 0
1022 103 190 0 0
1023 102 190 0 0
1024 102 191 0 0
1025 103 191 0 0
1026 102 191 0 0
1027 103 191 0 0
1028 102 191 0 0
1029 103 191 0 0
1030 102 191 0 0
1031 102 192 0 0
1032 103 192 0 0
1033 102 192 0 0
1034 103 192 0 0
1035 102 192 0 0
1036 102 193 0 0
1037 103 193 0 0
1038 102 193 0 0
1039 103 193 0 0
1040 102 193 0 0
1041 103 193 0 0
1042 102 193 0 0
1043 102 194 0 0
1044 103 194 0 0
1045 102 194 0 0
1046 102 195 0 0
1047 103 195 0 0
1048 102 195 0 0
1049 103 195 0 0
1050 102 195 0 0
1051 103 195 0 0
1052 102 195 0 0
1053 102 196 0 0
1054 103 196 0 0
1055 102 196 0 0
1056 103 196 0 0
1057 102 196 0 0
1058 103 196 0 0
1059 102 196 0 0
1060 102 197 0 0
1061 101 197 0 0
1062 102 197 0 0
1063 101 197 0 0
1064 101 198 0 0
1065 102 198 0 0
1066 101 198 0 0
1067 102 198 0 0
1068 101 198 0 0
1069 101 199 0 0
1070 102 199 0 0
1071 101 199 0 0
1072 102 199 0 0
1073 101 199 0 0
1074 101 200 0 0
1075 102 200 0 0
1076 101 200 0 0
1077 102 200 0 0
1078 101 200 0 0
1079 102 200 0 0
1080 101 200 0 0
1081 101 201 0 0
1082 102 201 0 0
1083 101 201 0 0
1084 102 201 0 0
1085 101 201 0 0
1086 102 201 0 0
1087 101 201 0 0
1088 101 202 0 0
1089 102 202 0 0
1090 101 202 0 0
1091 101 203 0 0
1092 102 203 0 0
1093 101 203 0 0
1094 102 203 0 0
1095 101 203 0 0
1096 102 203 0 0
1097 101 203 0 0
1098 101 204 0 0
1099 102 204 0 0
1100 101 204 0 0
1101 102 204 0 0
1102 101 204 0 0
1103 101 205 0 0
1104 102 205 0 0
1105 101 205 0 0
1106 102 205 0 0
1107 101 205 0 0
1108 101 206 0 0
1109 102 206 0 0
1110 101 206 0 0
1111 102 206 0 0
1112 101 206 0 0
1113 101 207 0 0
1114 102 207 0 0
1115 101 207 0 0
1116 102 207 0 0
1117 101 207 0 0
1118 102 207 0 0
1119 101 207 0 0
1120 101 208 0 0
1121 102 208 0 0
1122 101 208 0 0
1123 102 208 0 0
1124 101 208 0 0
1125 102 208 0 0
1126 101 208 0 0
1127 101 209 0 0
1128 102 209 0 0
1129 101 209 0 0
1130 101 210 0 0
1131 102 210 0 0
1132 101 210 0 0
1133 102 210 0 0
1134 101 210 0 0
1135 102 210 0 0
1136 101 210 0 0
1137 101 211 0 0
1138 102 211 0 0
1139 101 211 0 0
1140 102 211 0 0
1141 101 211 0 0
1142 101 212 0 0
1143 102 212 0 0
1144 101 212 0 0
1145 102 212 0 0
1146 101 212 0 0
1147 102 212 0 0
1148 101 212 0 0
1149 101 213 0 0
1150 102 213 0 0
1151 101 213 0 0
1152 101 214 0 0
1153 102 214 0 0
1154 101 214 0 0
1155 102 214 0 0
1156 101 214 0 0
1157 102 214 0 0
1158 101 214 0 0
1159 101 215 0 0
1160 102 215 0 0
1161 101 215 0 0
1162 102 215 0 0
1163 101 215 0 0
1164 102 215 0 0
1165 101 215 0 0
1166 101 216 0 0
1167 102 216 0 0
1168 101 216 0 0
1169 102 216 0 0
1170 101 216 0 0
1171 101 217 0 0
1172 102 217 0 0
1173 101 217 0 0
1174 102 217 0 0
1175 101 217 0 0
1176 101 218 0 0
1177 102 218 0 0
1178 101 218 0 0
1179 102 218 0 0
1180 101 218 0 0
1181 101 219 0 0
1182 102 219 0 0
1183 101 219 0 0
1184 102 219 0 0
1185 101 219 0 0
1186 102 219 0 0
1187 101 219 0 0
1188 101 220 0 0
1189 102 220 0 0
1190 101 220 0 0
1191 102 220 0 0
1192 101 220 0 0
1193 101 221 0 0
1194 102 221 0 0
1195 101 221 0 0
1196 101 222 0 0
1197 102 222 0 0
1198 101 222 0 0
1199 102 222 0 0
1200 101 222 0 0
1201 102 222 0 0
1202 101 222 0 0
1203 101 223 0 0
1204 102 223 0 0
1205 101 223 0 0
1206 102 223 0 0
1207 101 223 0 0
1208 101 224 0 0
1209 102 224 0 0
1210 101 224 0 0
1211 102 224 0 0
1212 101 224 0 0
1213 101 225 0 0
1214 102 225 0 0
1215 101 225 0 0
1216 102 225 0 0
1217 101 225 0 0
1218 101 226 0 0
1219 102 226 0 0
1220 101 226 0 0
1221 102 226 0 0
1222 101 226 0 0
1223 102 226 0 0
1224 101 226 0 0
1225 101 227 0 0
1226 102 227 0 0
1227 101 227 0 0
1228 102 227 0 0
1229 101 227 0 0
1230 101 228 0 0
1231 102 228 0 0
1232 101 228 0 0
1233 101 229 0 0
1234 102 229 0 0
1235 101 229 0 0
1236 102 229 0 0
1237 101 229 0 0
1238 102 229 0 0
1239 101 229 0 0
1240 101 230 0 0
1241 102 230 0 0
1242 101 230 0 0
1243 102 230 0 0
1244 101 230 0 0
1245 101 231 0 0
1246 102 231 0 0
1247 101 231 0 0
1248 102 231 0 0
1249 101 231 0 0
1250 102 231 0 0
1251 101 231 0 0
1252 101 232 0 0
1253 102 232 0 0
1254 101 232 0 0
1255 101 233 0 0
1256 102 233 0 0
1257 101 233 0 0
1258 102 233 0 0
1259 101 233 0 0
1260 102 233 0 0
1261 101 233 0 0
1262 101 234 0 0
1263 102 234 0 0
1264 101 234 0 0
1265 102 234 0 0
1266 101 234 0 0
1267 101 235 0 0
1268 102 235 0 0
1269 101 235 0 0
1270 101 236 0 0
1271 102 236 0 0
1272 101 236 0 0
1273 102 236 0 0
1274 101 236 0 0
1275 102 236 0 0
1276 101 236 0 0
1277 101 237 0 0
1278 102 237 0 0
1279 101 237 0 0
1280 102 237 0 0
1281 101 237 0 0
1282 101 238 0 0
1283 102 238 0 0
1284 101 238 0 0
1285 102 238 0 0
1286 101 238 0 0
1287 102 238 0 0
1288 101 238 0 0
1289 101 239 0 0
1290 102 239 0 0
1291 101 239 0 0
1292 101 240 0 0
1293 102 240 0 0
1294 101 240 0 0
1295 102 240 0 0
1296 101 240 0 0
1297 102 240 0 0
1298 101 240 0 0
1299 101 241 0 0
1300 100 241 0 0
1301 101 241 0 0
1302 100 241 0 0
1303 100 242 0 0
1304 101 242 0 0
1305 100 242 0 0
1306 101 242 0 0
1307 100 242 0 0
1308 100 243 0 0
1309 101 243 0 0
1310 100 243 0 0
1311 101 243 0 0
1312 100 243 0 0
1313 100 244 0 0
1314 101 244 0 0
1315 100 244 0 0
1316 101 244 0 0
1317 100 244 0 0
1318 100 245 0 0
1319 101 245 0 0
1320 100 245 0 0
1321 101 245 0 0
1322 100 245 0 0
1323 100 246 0 0
1324 101 246 0 0
1325 100 246 0 0
1326 101 246 0 0
1327 100 246 0 0
1328 101 246 0 0
1329 100 246 0 0
1330 100 247 0 0
1331 101 247 0 0
1332 100 247 0 0
1333 101 247 0 0
1334 100 247 0 0
1335 100 248 0 0
1336 101 248 0 0
1337 100 248 0 0
1338 101 248 0 0
1339 100 248 0 0
1340 100 249 0 0
1341 101 249 0 0
1342 100 249 0 0
1343 101 249 0 0
1344 100 249 0 0
1345 100 250 0 0
1346 101 250 0 0
1347 100 250 0 0
1348 101 250 0 0
1349 100 250 0 0
1350 100 251 0 0
1351 101 251 0 0
1352 100 251 0 0
1353 101 251 0 0
1354 100 251 0 0
1355 100 252 0 0
1356 101 252 0 0
1357 100 252 0 0
1358 101 252 0 0
1359 100 252 0 0
1360 100 253 0 0
1361 101 253 0 0
1362 100 253 0 0
1363 101 253 0 0
1364 100 253 0 0
1365 100 254 0 0
1366 101 254 0 0
1367 100 254 0 0
1368 101 254 0 0
1369 100 254 0 0
1370 101 254 0 0
1371 100 254 0 0
1372 100 255 0 0
1373 101 255 0 0
1374 100 255 0 0
1375 101 255 0 0
1376 100 255 0 0
1377 100 256 0 0
1378 101 256 0 0
1379 100 256 0 0
1380 100 257 0 0
1381 101 257 0 0
1382 100 257 0 0
1383 101 257 0 0
1384 100 257 0 0
1385 101 257 0 0
1386 100 257 0 0
1387 100 258 0 0
1388 101 258 0 0
1389 100 258 0 0
1390 101 258 0 0
1391 100 258 0 0
1392 100 259 0 0
1393 101 259 0 0
1394 100 259 0 0
1395 101 259 0 0
1396 100 259 0 0
1397 101 259 0 0
1398 100 259 0 0
1399 100 260 0 0
1400 101 260 0 0
1401 100 260 0 0
1402 100 261 0 0
1403 101 261 0 0
1404 100 261 0 0
1405 101 261 0 0
1406 100 261 0 0
1407 101 261 0 0
