0 91 6 0 0
1 91 7 0 0
2 91 8 0 0
3 91 9 0 0
4 91 10 0 0
5 91 11 0 0
6 91 12 0 0
7 91 13 0 0
8 91 14 0 0
9 91 15 0 0
10 91 16 0 0
11 91 17 0 0
12 91 18 0 0
13 91 19 0 0
14 91 20 0 0
15 91 21 0 0
16 91 22 0 0
17 91 23 0 0
18 92 23 0 0
19 92 24 0 0
20 92 25 0 0
21 92 26 0 0
22 92 27 0 0
23 92 28 0 0
24 92 29 0 0
25 92 30 0 0
26 92 31 0 0
27 92 32 0 0
28 92 33 0 0
29 92 34 0 0
30 92 35 0 0
31 92 36 0 0
32 92 37 0 0
33 92 38 0 0
34 92 39 0 0
35 92 40 0 0
36 92 41 0 0
37 92 42 0 0
38 92 43 0 0
39 92 44 0 0
40 92 45 0 0
41 92 46 0 0
42 92 47 0 0
43 92 48 0 0
44 92 49 0 0
45 92 50 0 0
46 92 51 0 0
47 92 52 0 0
48 92 53 0 0
49 92 54 0 0
50 92 55 0 0
51 92 56 0 0
52 92 57 0 0
53 92 58 0 0
54 92 59 0 0
55 92 60 0 0
56 92 61 0 0
57 92 62 0 0
58 92 63 0 0
59 92 64 0 0
60 92 65 0 0
61 92 66 0 0
62 92 67 0 0
63 92 68 0 0
64 92 69 0 0
65 92 70 0 0
66 92 71 0 0
67 92 72 0 0
68 92 73 0 0
69 93 73 0 0
70 93 74 0 0
71 93 75 0 0
72 93 76 0 0
73 93 77 0 0
74 94 77 0 0
75 94 78 0 0
76 95 78 0 0
77 95 79 0 0
78 95 80 0 0
79 95 81 0 0
80 96 81 0 0
81 96 82 0 0
82 96 83 0 0
83 96 84 0 0
84 96 85 0 0
85 97 85 0 0
86 97 86 0 0
87 98 86 0 0
88 98 87 0 0
89 98 88 0 0
90 98 89 0 0
91 99 89 0 0
92 99 90 0 0
93 99 91 0 0
94 99 92 0 0
95 100 92 0 0
96 100 93 0 0
97 100 94 0 0
98 100 95 0 0
99 101 95 0 0
100 101 96 0 0
101 102 96 0 0
102 102 97 0 0
103 102 98 0 0
104 103 98 0 0
105 103 99 0 0
106 103 100 0 0
107 104 100 0 0
108 105 100 0 0
109 105 101 0 0
110 106 101 0 0
111 106 102 0 0
112 106 103 0 0
113 107 103 0 0
114 107 104 0 0
115 108 104 0 0
116 109 104 0 0
117 109 105 0 0
118 110 105 0 0
119 110 106 0 0
120 111 106 0 0
121 111 107 0 0
122 112 107 0 0
123 112 108 0 0
124 113 108 0 0
125 113 109 0 0
126 114 109 0 0
127 115 109 0 0
128 115 110 0 0
129 116 110 0 0
130 117 110 0 0
131 117 111 0 0
132 118 111 0 0
133 119 111 0 0
134 120 111 0 0
135 121 111 0 0
136 121 112 0 0
137 122 112 0 0
138 123 112 0 0
139 124 112 0 0
140 124 113 0 0
141 125 113 0 0
142 126 113 0 0
143 127 113 0 0
144 127 114 0 0
145 128 114 0 0
146 129 114 0 0
147 129 115 0 0
148 130 115 0 0
149 131 115 0 0
150 132 115 0 0
151 133 115 0 0
152 133 116 0 0
153 134 116 0 0
154 135 116 0 0
155 136 116 0 0
156 136 117 0 0
157 137 117 0 0
158 138 117 0 0
159 138 118 0 0
160 139 118 0 0
161 140 118 0 0
162 141 118 0 0
163 141 119 0 0
164 142 119 0 0
165 143 119 0 0
166 144 119 0 0
167 144 120 0 0
168 145 120 0 0
169 146 120 0 0
170 147 120 0 0
171 148 120 0 0
172 148 121 0 0
173 149 121 0 0
174 150 121 0 0
175 150 122 0 0
176 151 122 0 0
177 152 122 0 0
178 153 122 0 0
179 154 122 0 0
180 155 122 0 0
181 156 122 0 0
182 157 122 0 0
183 158 122 0 0
184 159 122 0 0
185 160 122 0 0
186 161 122 0 0
187 162 122 0 0
188 162 123 0 0
189 163 123 0 0
190 164 123 0 0
191 165 123 0 0
192 166 123 0 0
193 167 123 0 0
194 168 123 0 0
195 169 123 0 0
196 170 123 0 0
197 171 123 0 0
198 172 123 0 0
199 173 123 0 0
200 174 123 0 0
201 174 124 0 0
202 175 124 0 0
203 176 124 0 0
204 177 124 0 0
205 178 124 0 0
206 179 124 0 0
207 180 124 0 0
208 181 124 0 0
209 182 124 0 0
210 183 124 0 0
211 184 124 0 0
212 185 124 0 0
213 186 124 0 0
214 187 124 0 0
215 188 124 0 0
216 189 124 0 0
217 190 124 0 0
218 191 124 0 0
219 192 124 0 0
220 193 124 0 0
221 194 124 0 0
