0 101 13 0 0
1 101 14 0 0
2 101 15 0 0
3 101 16 0 0
4 101 17 0 0
5 101 18 0 0
6 101 19 0 0
7 101 20 0 0
8 101 21 0 0
9 101 22 0 0
10 101 23 0 0
11 101 24 0 0
12 101 25 0 0
13 101 26 0 0
14 101 27 0 0
15 101 28 0 0
16 101 29 0 0
17 101 30 0 0
18 101 31 0 0
19 101 32 0 0
20 101 33 0 0
21 101 34 0 0
22 101 35 0 0
23 101 36 0 0
24 101 37 0 0
25 101 38 0 0
26 101 39 0 0
27 101 40 0 0
28 101 41 0 0
29 101 42 0 0
30 101 43 0 0
31 101 44 0 0
32 101 45 0 0
33 101 46 0 0
34 101 47 0 0
35 101 48 0 0
36 101 49 0 0
37 101 50 0 0
38 101 51 0 0
39 101 52 0 0
40 101 53 0 0
41 101 54 0 0
42 101 55 0 0
43 101 56 0 0
44 101 57 0 0
45 101 58 0 0
46 101 59 0 0
47 101 60 0 0
48 101 61 0 0
49 101 62 0 0
50 101 63 0 0
51 101 64 0 0
52 101 65 0 0
53 101 66 0 0
54 101 67 0 0
55 101 68 0 0
56 101 69 0 0
57 101 70 0 0
58 101 71 0 0
59 101 72 0 0
60 101 73 0 0
61 102 73 0 0
62 102 74 0 0
63 102 75 0 0
64 102 76 0 0
65 102 77 0 0
66 102 78 0 0
67 102 79 0 0
68 103 79 0 0
69 103 80 0 0
70 103 81 0 0
71 103 82 0 0
72 103 83 0 0
73 104 83 0 0
74 104 84 0 0
75 104 85 0 0
76 104 86 0 0
77 104 87 0 0
78 105 87 0 0
79 105 88 0 0
80 105 89 0 0
81 106 89 0 0
82 106 90 0 0
83 106 91 0 0
84 106 92 0 0
85 107 92 0 0
86 107 93 0 0
87 107 94 0 0
88 107 95 0 0
89 108 95 0 0
90 108 96 0 0
91 109 96 0 0
92 109 97 0 0
93 109 98 0 0
94 110 98 0 0
95 110 99 0 0
96 111 99 0 0
97 111 100 0 0
98 112 100 0 0
99 112 101 0 0
100 113 101 0 0
101 113 102 0 0
102 114 102 0 0
103 114 103 0 0
104 115 103 0 0
105 116 103 0 0
106 116 104 0 0
107 117 104 0 0
108 117 105 0 0
109 118 105 0 0
110 118 106 0 0
111 119 106 0 0
112 120 106 0 0
113 121 106 0 0
114 121 107 0 0
115 122 107 0 0
116 123 107 0 0
117 123 108 0 0
118 123 109 0 0
119 124 109 0 0
120 125 109 0 0
121 125 110 0 0
122 126 110 0 0
123 127 110 0 0
124 127 111 0 0
125 128 111 0 0
126 128 112 0 0
127 129 112 0 0
128 129 113 0 0
129 130 113 0 0
130 130 114 0 0
131 131 114 0 0
132 132 114 0 0
133 132 115 0 0
134 133 115 0 0
135 133 116 0 0
136 134 116 0 0
137 134 117 0 0
138 135 117 0 0
139 135 118 0 0
140 136 118 0 0
141 137 118 0 0
142 137 119 0 0
143 138 119 0 0
144 138 120 0 0
145 139 120 0 0
146 139 121 0 0
147 140 121 0 0
148 141 121 0 0
149 141 122 0 0
150 142 122 0 0
151 143 122 0 0
152 144 122 0 0
153 145 122 0 0
154 146 122 0 0
155 147 122 0 0
156 147 123 0 0
157 148 123 0 0
158 149 123 0 0
159 150 123 0 0
160 151 123 0 0
161 152 123 0 0
162 153 123 0 0
163 153 124 0 0
164 154 124 0 0
165 155 124 0 0
166 156 124 0 0
167 157 124 0 0
168 158 124 0 0
169 159 124 0 0
170 160 124 0 0
171 161 124 0 0
172 162 124 0 0
173 163 124 0 0
174 164 124 0 0
175 165 124 0 0
176 166 124 0 0
177 167 124 0 0
178 168 124 0 0
179 169 124 0 0
180 170 124 0 0
181 171 124 0 0
182 172 124 0 0
183 173 124 0 0
184 174 124 0 0
185 175 124 0 0
186 175 123 0 0
187 176 123 0 0
188 177 123 0 0
189 178 123 0 0
190 179 123 0 0
191 180 123 0 0
192 181 123 0 0
193 182 123 0 0
194 182 122 0 0
195 183 122 0 0
196 184 122 0 0
197 185 122 0 0
198 186 122 0 0
199 187 122 0 0
200 188 122 0 0
201 189 122 0 0
202 190 122 0 0
203 191 122 0 0
204 192 122 0 0
205 192 121 0 0
206 193 121 0 0
207 193 122 0 0
208 194 122 0 0
