0 96 9 0 0
1 96 10 0 0
2 95 10 0 0
3 95 11 0 0
4 95 12 0 0
5 95 13 0 0
6 95 14 0 0
7 95 15 0 0
8 95 16 0 0
9 95 17 0 0
10 95 18 0 0
11 95 19 0 0
12 95 20 0 0
13 95 21 0 0
14 95 22 0 0
15 95 23 0 0
16 95 24 0 0
17 95 25 0 0
18 95 26 0 0
19 95 27 0 0
20 95 28 0 0
21 95 29 0 0
22 95 30 0 0
23 95 31 0 0
24 95 32 0 0
25 95 33 0 0
26 95 34 0 0
27 95 35 0 0
28 95 36 0 0
29 95 37 0 0
30 95 38 0 0
31 95 39 0 0
32 95 40 0 0
33 95 41 0 0
34 95 42 0 0
35 95 43 0 0
36 95 44 0 0
37 95 45 0 0
38 95 46 0 0
39 95 47 0 0
40 95 48 0 0
41 95 49 0 0
42 95 50 0 0
43 95 51 0 0
44 95 52 0 0
45 95 53 0 0
46 95 54 0 0
47 95 55 0 0
48 95 56 0 0
49 95 57 0 0
50 95 58 0 0
51 95 59 0 0
52 95 60 0 0
53 96 60 0 0
54 96 61 0 0
55 96 62 0 0
56 96 63 0 0
57 96 64 0 0
58 97 64 0 0
59 97 65 0 0
60 97 66 0 0
61 97 67 0 0
62 98 67 0 0
63 98 68 0 0
64 98 69 0 0
65 98 70 0 0
66 99 70 0 0
67 99 71 0 0
68 99 72 0 0
69 99 73 0 0
70 100 73 0 0
71 100 74 0 0
72 100 75 0 0
73 100 76 0 0
74 100 77 0 0
75 101 77 0 0
76 101 78 0 0
77 101 79 0 0
78 101 80 0 0
79 101 81 0 0
80 102 81 0 0
81 102 82 0 0
82 102 83 0 0
83 102 84 0 0
84 103 84 0 0
85 103 85 0 0
86 103 86 0 0
87 103 87 0 0
88 104 87 0 0
89 104 88 0 0
90 104 89 0 0
91 104 90 0 0
92 105 90 0 0
93 105 91 0 0
94 105 92 0 0
95 106 92 0 0
96 106 93 0 0
97 107 93 0 0
98 107 94 0 0
99 107 95 0 0
100 108 95 0 0
101 108 96 0 0
102 109 96 0 0
103 109 97 0 0
104 109 98 0 0
105 110 98 0 0
106 110 99 0 0
107 110 100 0 0
108 111 100 0 0
109 111 101 0 0
110 112 101 0 0
111 112 102 0 0
112 113 102 0 0
113 113 103 0 0
114 113 104 0 0
115 114 104 0 0
116 114 105 0 0
117 114 106 0 0
118 115 106 0 0
119 115 107 0 0
120 115 108 0 0
121 116 108 0 0
122 116 109 0 0
123 117 109 0 0
124 117 110 0 0
125 118 110 0 0
126 118 111 0 0
127 118 112 0 0
128 119 112 0 0
129 119 113 0 0
130 120 113 0 0
131 120 114 0 0
132 121 114 0 0
133 121 115 0 0
134 122 115 0 0
135 122 116 0 0
136 123 116 0 0
137 123 117 0 0
138 124 117 0 0
139 124 118 0 0
140 125 118 0 0
141 125 119 0 0
142 125 120 0 0
143 126 120 0 0
144 127 120 0 0
145 127 121 0 0
146 128 121 0 0
147 128 122 0 0
148 129 122 0 0
149 129 123 0 0
150 130 123 0 0
151 130 124 0 0
152 131 124 0 0
153 131 125 0 0
154 132 125 0 0
155 132 126 0 0
156 133 126 0 0
157 133 127 0 0
158 133 128 0 0
159 134 128 0 0
160 135 128 0 0
161 135 129 0 0
162 135 130 0 0
163 136 130 0 0
164 136 131 0 0
165 137 131 0 0
166 138 131 0 0
167 138 132 0 0
168 138 133 0 0
169 139 133 0 0
170 140 133 0 0
171 140 134 0 0
172 140 135 0 0
173 141 135 0 0
174 141 136 0 0
175 142 136 0 0
176 142 137 0 0
177 143 137 0 0
178 144 137 0 0
179 144 138 0 0
180 145 138 0 0
181 145 139 0 0
182 146 139 0 0
183 146 140 0 0
184 147 140 0 0
185 147 141 0 0
186 148 141 0 0
187 149 141 0 0
188 149 142 0 0
189 150 142 0 0
190 150 143 0 0
191 151 143 0 0
192 151 144 0 0
193 152 144 0 0
194 152 145 0 0
195 153 145 0 0
196 153 146 0 0
197 154 146 0 0
198 155 146 0 0
199 155 147 0 0
200 156 147 0 0
201 156 148 0 0
202 157 148 0 0
203 158 148 0 0
204 158 149 0 0
205 158 150 0 0
206 159 150 0 0
207 160 150 0 0
208 160 151 0 0
209 161 151 0 0
210 162 151 0 0
211 162 152 0 0
212 163 152 0 0
213 164 152 0 0
214 165 152 0 0
215 165 153 0 0
216 166 153 0 0
217 167 153 0 0
218 167 154 0 0
219 168 154 0 0
220 169 154 0 0
221 170 154 0 0
222 170 155 0 0
223 171 155 0 0
224 172 155 0 0
225 173 155 0 0
226 173 156 0 0
227 174 156 0 0
228 175 156 0 0
229 176 156 0 0
230 176 157 0 0
231 177 157 0 0
232 178 157 0 0
233 179 157 0 0
234 180 157 0 0
235 181 157 0 0
236 181 158 0 0
237 182 158 0 0
238 183 158 0 0
239 184 158 0 0
240 185 158 0 0
241 186 158 0 0
242 187 158 0 0
243 188 158 0 0
244 188 159 0 0
245 189 159 0 0
246 190 159 0 0
247 191 159 0 0
248 192 159 0 0
249 193 159 0 0
250 194 159 0 0
