0 10 118 0 0
1 11 118 0 0
2 12 118 0 0
3 13 118 0 0
4 13 117 0 0
5 14 117 0 0
6 15 117 0 0
7 16 117 0 0
8 17 117 0 0
9 18 117 0 0
10 19 117 0 0
11 20 117 0 0
12 20 116 0 0
13 21 116 0 0
14 22 116 0 0
15 23 116 0 0
16 24 116 0 0
17 24 115 0 0
18 25 115 0 0
19 25 114 0 0
20 26 114 0 0
21 27 114 0 0
22 27 113 0 0
23 28 113 0 0
24 28 112 0 0
25 29 112 0 0
26 29 111 0 0
27 30 111 0 0
28 30 110 0 0
29 31 110 0 0
30 31 109 0 0
31 32 109 0 0
32 33 109 0 0
33 33 108 0 0
34 34 108 0 0
35 34 107 0 0
36 35 107 0 0
37 36 107 0 0
38 36 106 0 0
39 37 106 0 0
40 38 106 0 0
41 38 105 0 0
42 39 105 0 0
43 40 105 0 0
44 40 104 0 0
45 41 104 0 0
46 41 103 0 0
47 42 103 0 0
48 43 103 0 0
49 43 102 0 0
50 44 102 0 0
51 45 102 0 0
52 45 101 0 0
53 46 101 0 0
54 47 101 0 0
55 47 100 0 0
56 47 99 0 0
57 48 99 0 0
58 48 98 0 0
59 49 98 0 0
60 50 98 0 0
61 50 97 0 0
62 50 96 0 0
63 51 96 0 0
64 52 96 0 0
65 52 95 0 0
66 53 95 0 0
67 53 94 0 0
68 54 94 0 0
69 55 94 0 0
70 55 93 0 0
71 55 92 0 0
72 56 92 0 0
73 56 91 0 0
74 57 91 0 0
75 58 91 0 0
76 58 90 0 0
77 59 90 0 0
78 59 89 0 0
79 60 89 0 0
80 60 88 0 0
81 60 87 0 0
82 61 87 0 0
83 61 86 0 0
84 62 86 0 0
85 62 85 0 0
86 62 84 0 0
87 63 84 0 0
88 63 83 0 0
89 64 83 0 0
90 64 82 0 0
91 65 82 0 0
92 65 81 0 0
93 65 80 0 0
94 66 80 0 0
95 66 79 0 0
96 67 79 0 0
97 67 78 0 0
98 67 77 0 0
99 68 77 0 0
100 69 77 0 0
101 70 77 0 0
102 71 77 0 0
103 72 77 0 0
104 72 76 0 0
105 73 76 0 0
106 74 76 0 0
107 75 76 0 0
108 76 76 0 0
109 76 75 0 0
110 77 75 0 0
111 78 75 0 0
112 79 75 0 0
113 80 75 0 0
114 80 76 0 0
115 81 76 0 0
116 82 76 0 0
117 83 76 0 0
118 83 77 0 0
119 84 77 0 0
120 85 77 0 0
121 86 77 0 0
122 87 77 0 0
123 87 78 0 0
124 88 78 0 0
125 88 79 0 0
126 89 79 0 0
127 90 79 0 0
128 91 79 0 0
129 92 79 0 0
130 92 80 0 0
131 93 80 0 0
132 94 80 0 0
133 95 80 0 0
134 95 81 0 0
135 95 82 0 0
136 95 83 0 0
137 96 83 0 0
138 96 84 0 0
139 96 85 0 0
140 96 86 0 0
141 97 86 0 0
142 97 87 0 0
143 97 88 0 0
144 98 88 0 0
145 98 89 0 0
146 98 90 0 0
147 98 91 0 0
148 99 91 0 0
149 99 92 0 0
150 99 93 0 0
151 100 93 0 0
152 100 94 0 0
153 100 95 0 0
154 100 96 0 0
155 101 96 0 0
156 101 97 0 0
157 101 98 0 0
158 101 99 0 0
159 102 99 0 0
160 102 100 0 0
161 102 101 0 0
162 103 101 0 0
163 103 102 0 0
164 104 102 0 0
165 104 103 0 0
166 105 103 0 0
167 106 103 0 0
168 106 104 0 0
169 106 105 0 0
170 107 105 0 0
171 108 105 0 0
172 108 106 0 0
173 109 106 0 0
174 109 107 0 0
175 110 107 0 0
176 110 108 0 0
177 110 109 0 0
178 111 109 0 0
179 111 110 0 0
180 112 110 0 0
181 113 110 0 0
182 113 111 0 0
183 114 111 0 0
184 115 111 0 0
185 115 112 0 0
186 116 112 0 0
187 116 113 0 0
188 117 113 0 0
189 118 113 0 0
190 118 114 0 0
191 119 114 0 0
192 120 114 0 0
193 120 115 0 0
194 121 115 0 0
195 122 115 0 0
196 123 115 0 0
197 123 116 0 0
198 124 116 0 0
199 124 117 0 0
200 125 117 0 0
201 126 117 0 0
202 126 118 0 0
203 127 118 0 0
204 128 118 0 0
205 129 118 0 0
206 129 119 0 0
207 130 119 0 0
208 131 119 0 0
209 132 119 0 0
210 132 120 0 0
211 133 120 0 0
212 134 120 0 0
213 135 120 0 0
214 136 120 0 0
215 136 121 0 0
216 137 121 0 0
217 138 121 0 0
218 139 121 0 0
219 140 121 0 0
220 141 121 0 0
221 141 122 0 0
222 142 122 0 0
223 143 122 0 0
224 144 122 0 0
225 144 123 0 0
226 145 123 0 0
227 146 123 0 0
228 147 123 0 0
229 148 123 0 0
230 148 124 0 0
231 149 124 0 0
232 150 124 0 0
233 151 124 0 0
234 152 124 0 0
235 153 124 0 0
236 154 124 0 0
237 155 124 0 0
238 156 124 0 0
239 157 124 0 0
240 158 124 0 0
241 159 124 0 0
242 160 124 0 0
243 161 124 0 0
244 162 124 0 0
245 163 124 0 0
246 164 124 0 0
247 165 124 0 0
248 166 124 0 0
249 167 124 0 0
250 168 124 0 0
251 169 124 0 0
252 170 124 0 0
253 170 125 0 0
254 171 125 0 0
255 172 125 0 0
256 173 125 0 0
257 174 125 0 0
258 175 125 0 0
259 176 125 0 0
260 177 125 0 0
261 178 125 0 0
262 179 125 0 0
263 180 125 0 0
264 181 125 0 0
265 182 125 0 0
266 182 124 0 0
267 183 124 0 0
268 184 124 0 0
269 185 124 0 0
270 186 124 0 0
271 186 123 0 0
272 187 123 0 0
273 188 123 0 0
274 189 123 0 0
275 190 123 0 0
276 191 123 0 0
277 191 124 0 0
