0 99 7 0 0
1 99 8 0 0
2 100 8 0 0
3 99 8 0 0
4 99 9 0 0
5 100 9 0 0
6 99 9 0 0
7 100 9 0 0
8 99 9 0 0
9 99 10 0 0
10 100 10 0 0
11 99 10 0 0
12 99 11 0 0
13 100 11 0 0
14 99 11 0 0
15 99 12 0 0
16 100 12 0 0
17 99 12 0 0
18 100 12 0 0
19 99 12 0 0
20 99 13 0 0
21 100 13 0 0
22 99 13 0 0
23 100 13 0 0
24 99 13 0 0
25 99 14 0 0
26 99 15 0 0
27 100 15 0 0
28 99 15 0 0
29 100 15 0 0
30 100 16 0 0
31 101 16 0 0
32 100 16 0 0
33 100 17 0 0
34 101 17 0 0
35 100 17 0 0
36 100 18 0 0
37 101 18 0 0
38 100 18 0 0
39 100 19 0 0
40 101 19 0 0
41 100 19 0 0
42 100 20 0 0
43 101 20 0 0
44 100 20 0 0
45 100 21 0 0
46 101 21 0 0
47 100 21 0 0
48 101 21 0 0
49 100 21 0 0
50 100 22 0 0
51 101 22 0 0
52 100 22 0 0
53 100 23 0 0
54 101 23 0 0
55 101 24 0 0
56 102 24 0 0
57 101 24 0 0
58 101 25 0 0
59 102 25 0 0
60 101 25 0 0
61 101 26 0 0
62 102 26 0 0
63 101 26 0 0
64 101 27 0 0
65 102 27 0 0
66 101 27 0 0
67 101 28 0 0
68 102 28 0 0
69 101 28 0 0
70 101 29 0 0
71 102 29 0 0
72 101 29 0 0
73 102 29 0 0
74 101 29 0 0
75 101 30 0 0
76 102 30 0 0
77 101 30 0 0
78 101 31 0 0
79 102 31 0 0
80 101 31 0 0
81 101 32 0 0
82 102 32 0 0
83 101 32 0 0
84 101 33 0 0
85 102 33 0 0
86 101 33 0 0
87 102 33 0 0
88 101 33 0 0
89 101 34 0 0
90 102 34 0 0
91 101 34 0 0
92 102 34 0 0
93 101 34 0 0
94 101 35 0 0
95 102 35 0 0
96 101 35 0 0
97 101 36 0 0
98 102 36 0 0
99 101 36 0 0
100 102 36 0 0
101 101 36 0 0
102 101 37 0 0
103 102 37 0 0
104 101 37 0 0
105 102 37 0 0
106 101 37 0 0
107 101 38 0 0
108 102 38 0 0
109 101 38 0 0
110 101 39 0 0
111 102 39 0 0
112 101 39 0 0
113 102 39 0 0
114 101 39 0 0
115 101 40 0 0
116 102 40 0 0
117 101 40 0 0
118 102 40 0 0
119 101 40 0 0
120 101 41 0 0
121 102 41 0 0
122 101 41 0 0
123 102 41 0 0
124 101 41 0 0
125 101 42 0 0
126 102 42 0 0
127 101 42 0 0
128 101 43 0 0
129 102 43 0 0
130 101 43 0 0
131 102 43 0 0
132 101 43 0 0
133 101 44 0 0
134 100 44 0 0
135 100 45 0 0
136 101 45 0 0
137 100 45 0 0
138 101 45 0 0
139 100 45 0 0
140 100 46 0 0
141 101 46 0 0
142 100 46 0 0
143 100 47 0 0
144 101 47 0 0
145 100 47 0 0
146 100 48 0 0
147 101 48 0 0
148 100 48 0 0
149 101 48 0 0
150 100 48 0 0
151 100 49 0 0
152 101 49 0 0
153 100 49 0 0
154 100 50 0 0
155 101 50 0 0
156 100 50 0 0
157 100 51 0 0
158 101 51 0 0
159 100 51 0 0
160 101 51 0 0
161 100 51 0 0
162 100 52 0 0
163 101 52 0 0
164 100 52 0 0
165 100 53 0 0
166 101 53 0 0
167 100 53 0 0
168 100 54 0 0
169 101 54 0 0
170 100 54 0 0
171 101 54 0 0
172 100 54 0 0
173 100 55 0 0
174 101 55 0 0
175 100 55 0 0
176 100 56 0 0
177 101 56 0 0
178 100 56 0 0
179 101 56 0 0
180 100 56 0 0
181 100 57 0 0
182 101 57 0 0
183 100 57 0 0
184 100 58 0 0
185 101 58 0 0
186 100 58 0 0
187 101 58 0 0
188 100 58 0 0
189 100 59 0 0
190 101 59 0 0
191 100 59 0 0
192 100 60 0 0
193 101 60 0 0
194 100 60 0 0
195 100 61 0 0
196 101 61 0 0
197 100 61 0 0
198 101 61 0 0
199 100 61 0 0
200 100 62 0 0
201 101 62 0 0
202 100 62 0 0
203 100 63 0 0
204 101 63 0 0
205 100 63 0 0
206 100 64 0 0
207 101 64 0 0
208 100 64 0 0
209 101 64 0 0
210 100 64 0 0
211 100 65 0 0
212 101 65 0 0
213 100 65 0 0
214 100 66 0 0
215 101 66 0 0
216 100 66 0 0
217 100 67 0 0
218 101 67 0 0
219 100 67 0 0
220 101 67 0 0
221 100 67 0 0
222 100 68 0 0
223 101 68 0 0
224 100 68 0 0
225 101 68 0 0
226 100 68 0 0
227 100 69 0 0
228 101 69 0 0
229 100 69 0 0
230 100 70 0 0
231 101 70 0 0
232 100 70 0 0
233 100 71 0 0
234 101 71 0 0
235 100 71 0 0
236 101 71 0 0
237 100 71 0 0
238 100 72 0 0
239 101 72 0 0
240 100 72 0 0
241 100 73 0 0
242 101 73 0 0
243 100 73 0 0
244 101 73 0 0
245 100 73 0 0
246 100 74 0 0
247 101 74 0 0
248 100 74 0 0
249 100 75 0 0
250 101 75 0 0
251 102 75 0 0
252 101 75 0 0
253 101 76 0 0
254 102 76 0 0
255 101 76 0 0
256 101 77 0 0
257 102 77 0 0
258 101 77 0 0
259 102 77 0 0
260 101 77 0 0
261 101 78 0 0
262 102 78 0 0
263 101 78 0 0
264 101 79 0 0
265 102 79 0 0
266 101 79 0 0
267 101 80 0 0
268 102 80 0 0
269 101 80 0 0
270 102 80 0 0
271 102 81 0 0
272 103 81 0 0
273 102 81 0 0
274 102 82 0 0
275 103 82 0 0
276 102 82 0 0
277 103 82 0 0
278 102 82 0 0
279 102 83 0 0
280 103 83 0 0
281 102 83 0 0
282 102 84 0 0
283 103 84 0 0
284 102 84 0 0
285 103 84 0 0
286 103 85 0 0
287 104 85 0 0
288 103 85 0 0
289 103 86 0 0
290 104 86 0 0
291 103 86 0 0
292 103 87 0 0
293 104 87 0 0
294 103 87 0 0
295 104 87 0 0
296 103 87 0 0
297 103 88 0 0
298 104 88 0 0
299 103 88 0 0
300 104 88 0 0
301 104 89 0 0
302 105 89 0 0
303 104 89 0 0
304 104 90 0 0
305 105 90 0 0
306 104 90 0 0
307 104 91 0 0
308 105 91 0 0
309 104 91 0 0
310 105 91 0 0
311 105 92 0 0
312 106 92 0 0
313 105 92 0 0
314 106 92 0 0
315 105 92 0 0
316 105 93 0 0
317 106 93 0 0
318 105 93 0 0
319 105 94 0 0
320 106 94 0 0
321 107 94 0 0
322 106 94 0 0
323 106 95 0 0
324 107 95 0 0
325 108 95 0 0
326 107 95 0 0
327 107 96 0 0
328 108 96 0 0
329 107 96 0 0
330 108 96 0 0
331 108 97 0 0
332 109 97 0 0
333 108 97 0 0
334 108 98 0 0
335 109 98 0 0
336 108 98 0 0
337 109 98 0 0
338 109 99 0 0
339 110 99 0 0
340 109 99 0 0
341 110 99 0 0
342 109 99 0 0
343 109 100 0 0
344 110 100 0 0
345 111 100 0 0
346 110 100 0 0
347 110 101 0 0
348 111 101 0 0
349 110 101 0 0
350 110 102 0 0
351 111 102 0 0
352 112 102 0 0
353 111 102 0 0
354 111 103 0 0
355 112 103 0 0
356 111 103 0 0
357 112 103 0 0
358 112 104 0 0
359 113 104 0 0
360 112 104 0 0
361 112 105 0 0
362 113 105 0 0
363 114 105 0 0
364 113 105 0 0
365 113 106 0 0
366 114 106 0 0
367 115 106 0 0
368 114 106 0 0
369 115 106 0 0
370 115 107 0 0
371 116 107 0 0
372 115 107 0 0
373 116 107 0 0
374 117 107 0 0
375 116 107 0 0
376 116 108 0 0
377 117 108 0 0
378 116 108 0 0
379 117 108 0 0
380 117 109 0 0
381 118 109 0 0
382 117 109 0 0
383 118 109 0 0
384 118 110 0 0
385 119 110 0 0
386 118 110 0 0
387 119 110 0 0
388 120 110 0 0
389 119 110 0 0
390 119 111 0 0
391 120 111 0 0
392 121 111 0 0
393 120 111 0 0
394 121 111 0 0
395 121 112 0 0
396 122 112 0 0
397 121 112 0 0
398 122 112 0 0
399 122 113 0 0
400 123 113 0 0
401 122 113 0 0
402 123 113 0 0
403 123 114 0 0
404 124 114 0 0
405 123 114 0 0
406 124 114 0 0
407 125 114 0 0
408 125 115 0 0
409 126 115 0 0
410 125 115 0 0
411 126 115 0 0
412 127 115 0 0
413 127 116 0 0
414 128 116 0 0
415 127 116 0 0
416 128 116 0 0
417 128 117 0 0
418 129 117 0 0
419 128 117 0 0
420 129 117 0 0
421 130 117 0 0
422 131 117 0 0
423 131 118 0 0
424 132 118 0 0
425 131 118 0 0
426 132 118 0 0
427 133 118 0 0
428 134 118 0 0
429 133 118 0 0
430 133 119 0 0
431 134 119 0 0
432 135 119 0 0
433 135 120 0 0
434 136 120 0 0
435 135 120 0 0
436 136 120 0 0
437 137 120 0 0
438 136 120 0 0
439 137 120 0 0
440 138 120 0 0
441 138 121 0 0
442 139 121 0 0
443 138 121 0 0
444 139 121 0 0
445 140 121 0 0
446 141 121 0 0
447 140 121 0 0
448 141 121 0 0
449 142 121 0 0
450 142 122 0 0
451 143 122 0 0
452 142 122 0 0
453 143 122 0 0
454 144 122 0 0
455 143 122 0 0
456 144 122 0 0
457 145 122 0 0
458 146 122 0 0
459 145 122 0 0
460 145 123 0 0
461 146 123 0 0
462 147 123 0 0
463 148 123 0 0
464 147 123 0 0
465 148 123 0 0
466 149 123 0 0
467 148 123 0 0
468 148 124 0 0
469 149 124 0 0
470 150 124 0 0
471 151 124 0 0
472 152 124 0 0
473 151 124 0 0
474 152 124 0 0
475 153 124 0 0
476 154 124 0 0
477 155 124 0 0
478 156 124 0 0
479 155 124 0 0
480 156 124 0 0
481 157 124 0 0
482 158 124 0 0
483 157 124 0 0
484 157 125 0 0
485 158 125 0 0
486 159 125 0 0
487 160 125 0 0
488 161 125 0 0
489 160 125 0 0
490 161 125 0 0
491 162 125 0 0
492 163 125 0 0
493 164 125 0 0
494 163 125 0 0
495 164 125 0 0
496 164 126 0 0
497 165 126 0 0
498 166 126 0 0
499 165 126 0 0
500 166 126 0 0
501 166 127 0 0
502 167 127 0 0
503 168 127 0 0
504 167 127 0 0
505 168 127 0 0
506 169 127 0 0
507 170 127 0 0
508 169 127 0 0
509 170 127 0 0
510 171 127 0 0
511 172 127 0 0
512 173 127 0 0
513 172 127 0 0
514 173 127 0 0
515 174 127 0 0
516 175 127 0 0
517 174 127 0 0
518 175 127 0 0
519 175 126 0 0
520 176 126 0 0
521 175 126 0 0
522 176 126 0 0
523 177 126 0 0
524 178 126 0 0
525 179 126 0 0
526 180 126 0 0
527 179 126 0 0
528 180 126 0 0
529 181 126 0 0
530 182 126 0 0
531 181 126 0 0
532 182 126 0 0
533 183 126 0 0
534 184 126 0 0
535 185 126 0 0
536 184 126 0 0
537 185 126 0 0
538 186 126 0 0
539 187 126 0 0
540 186 126 0 0
541 187 126 0 0
542 188 126 0 0
543 189 126 0 0
544 190 126 0 0
545 189 126 0 0
546 189 125 0 0
547 190 125 0 0
548 191 125 0 0
549 190 125 0 0
550 191 125 0 0
551 192 125 0 0
552 193 125 0 0
553 192 125 0 0
554 193 125 0 0
555 194 125 0 0
556 193 125 0 0
557 194 125 0 0
558 195 125 0 0
