0 19800 2600 0 0
1 19800 2800 0 0
2 19800 3000 0 0
3 19800 3200 0 0
4 19800 3400 0 0
5 19800 3600 0 0
6 19800 3800 0 0
7 19800 4000 0 0
8 19800 4200 0 0
9 19800 4400 0 0
10 19800 4600 0 0
11 19800 4800 0 0
12 19800 5000 0 0
13 19800 5200 0 0
14 19800 5400 0 0
15 19800 5600 0 0
16 19800 5800 0 0
17 19800 6000 0 0
18 19800 6200 0 0
19 19800 6400 0 0
20 19800 6600 0 0
21 19800 6800 0 0
22 19800 7000 0 0
23 19800 7200 0 0
24 19800 7400 0 0
25 19800 7600 0 0
26 19800 7800 0 0
27 19800 8000 0 0
28 19800 8200 0 0
29 19800 8400 0 0
30 19800 8600 0 0
31 19800 8800 0 0
32 19800 9000 0 0
33 19800 9200 0 0
34 19800 9400 0 0
35 19800 9600 0 0
36 19800 9800 0 0
37 19800 10000 0 0
38 19800 10200 0 0
39 19800 10400 0 0
40 19800 10600 0 0
41 19800 10800 0 0
42 19800 11000 0 0
43 19800 11200 0 0
44 19800 11400 0 0
45 19800 11600 0 0
46 19800 11800 0 0
47 20000 11800 0 0
48 20000 12000 0 0
49 20000 12200 0 0
50 20000 12400 0 0
51 20000 12600 0 0
52 20000 12800 0 0
53 20200 12800 0 0
54 20200 13000 0 0
55 20200 13200 0 0
56 20200 13400 0 0
57 20200 13600 0 0
58 20200 13800 0 0
59 20200 14000 0 0
60 20200 14200 0 0
61 20200 14400 0 0
62 20400 14400 0 0
63 20400 14600 0 0
64 20400 14800 0 0
65 20400 15000 0 0
66 20400 15200 0 0
67 20400 15400 0 0
68 20400 15600 0 0
69 20600 15600 0 0
70 20600 15800 0 0
71 20600 16000 0 0
72 20600 16200 0 0
73 20600 16400 0 0
74 20600 16600 0 0
75 20600 16800 0 0
76 20600 17000 0 0
77 20600 17200 0 0
78 20800 17200 0 0
79 20800 17400 0 0
80 20800 17600 0 0
81 20800 17800 0 0
82 20800 18000 0 0
83 20800 18200 0 0
84 20800 18400 0 0
85 20800 18600 0 0
86 21000 18600 0 0
87 21000 18800 0 0
88 21000 19000 0 0
89 21000 19200 0 0
90 21200 19200 0 0
91 21200 19400 0 0
92 21400 19400 0 0
93 21400 19600 0 0
94 21600 19600 0 0
95 21600 19800 0 0
96 21800 19800 0 0
97 21800 20000 0 0
98 22000 20000 0 0
99 22000 20200 0 0
100 22200 20200 0 0
101 22200 20400 0 0
102 22400 20400 0 0
103 22400 20600 0 0
104 22600 20600 0 0
105 22600 20800 0 0
106 22800 20800 0 0
107 22800 21000 0 0
108 23000 21000 0 0
109 23000 21200 0 0
110 23200 21200 0 0
111 23200 21400 0 0
112 23400 21400 0 0
113 23400 21600 0 0
114 23600 21600 0 0
115 23600 21800 0 0
116 23800 21800 0 0
117 24000 21800 0 0
118 24000 22000 0 0
119 24000 22200 0 0
120 24200 22200 0 0
121 24200 22400 0 0
122 24400 22400 0 0
123 24400 22600 0 0
124 24600 22600 0 0
125 24800 22600 0 0
126 24800 22800 0 0
127 24800 23000 0 0
128 25000 23000 0 0
129 25200 23000 0 0
130 25200 23200 0 0
131 25200 23400 0 0
132 25400 23400 0 0
133 25400 23600 0 0
134 25600 23600 0 0
135 25600 23800 0 0
136 25800 23800 0 0
137 25800 24000 0 0
138 26000 24000 0 0
139 26200 24000 0 0
140 26200 24200 0 0
141 26200 24400 0 0
142 26400 24400 0 0
143 26400 24600 0 0
144 26600 24600 0 0
145 26800 24600 0 0
146 26800 24800 0 0
147 27000 24800 0 0
148 27000 25000 0 0
149 27000 25200 0 0
150 27200 25200 0 0
151 27400 25200 0 0
152 27600 25200 0 0
153 27800 25200 0 0
154 28000 25200 0 0
155 28200 25200 0 0
156 28400 25200 0 0
157 28600 25200 0 0
158 28800 25200 0 0
159 29000 25200 0 0
160 29200 25200 0 0
161 29400 25200 0 0
162 29600 25200 0 0
163 29800 25200 0 0
164 30000 25200 0 0
165 30200 25200 0 0
166 30400 25200 0 0
167 30600 25200 0 0
168 30800 25200 0 0
169 31000 25200 0 0
170 31200 25200 0 0
171 31400 25200 0 0
172 31600 25200 0 0
173 31800 25200 0 0
174 31800 25400 0 0
175 32000 25400 0 0
176 32200 25400 0 0
177 32400 25400 0 0
178 32600 25400 0 0
179 32800 25400 0 0
180 33000 25400 0 0
181 33200 25400 0 0
182 33400 25400 0 0
183 33600 25400 0 0
184 33800 25400 0 0
185 34000 25400 0 0
186 34000 25200 0 0
187 34200 25200 0 0
188 34400 25200 0 0
189 34600 25200 0 0
190 34800 25200 0 0
191 35000 25200 0 0
192 35200 25200 0 0
193 35400 25200 0 0
194 35600 25200 0 0
195 35800 25200 0 0
196 36000 25200 0 0
197 36200 25200 0 0
198 36400 25200 0 0
199 36600 25200 0 0
200 36800 25200 0 0
201 37000 25200 0 0
202 37200 25200 0 0
203 37400 25200 0 0
204 37600 25200 0 0
205 37800 25200 0 0
206 38000 25200 0 0
207 38200 25200 0 0
208 38400 25200 0 0
209 38600 25200 0 0
