0 99 11 0 0
1 99 12 0 0
2 99 13 0 0
3 100 13 0 0
4 99 13 0 0
5 100 13 0 0
6 99 13 0 0
7 99 14 0 0
8 100 14 0 0
9 99 14 0 0
10 100 14 0 0
11 99 14 0 0
12 99 15 0 0
13 100 15 0 0
14 99 15 0 0
15 100 15 0 0
16 99 15 0 0
17 99 16 0 0
18 100 16 0 0
19 99 16 0 0
20 99 17 0 0
21 100 17 0 0
22 99 17 0 0
23 100 17 0 0
24 99 17 0 0
25 99 18 0 0
26 100 18 0 0
27 99 18 0 0
28 100 18 0 0
29 99 18 0 0
30 99 19 0 0
31 100 19 0 0
32 99 19 0 0
33 100 19 0 0
34 99 19 0 0
35 99 20 0 0
36 100 20 0 0
37 99 20 0 0
38 99 21 0 0
39 100 21 0 0
40 99 21 0 0
41 100 21 0 0
42 99 21 0 0
43 99 22 0 0
44 100 22 0 0
45 101 22 0 0
46 100 22 0 0
47 100 23 0 0
48 101 23 0 0
49 100 23 0 0
50 101 23 0 0
51 100 23 0 0
52 100 24 0 0
53 101 24 0 0
54 100 24 0 0
55 100 25 0 0
56 101 25 0 0
57 100 25 0 0
58 101 25 0 0
59 100 25 0 0
60 100 26 0 0
61 101 26 0 0
62 100 26 0 0
63 101 26 0 0
64 100 26 0 0
65 100 27 0 0
66 101 27 0 0
67 100 27 0 0
68 100 28 0 0
69 101 28 0 0
70 100 28 0 0
71 100 29 0 0
72 101 29 0 0
73 100 29 0 0
74 101 29 0 0
75 100 29 0 0
76 100 30 0 0
77 101 30 0 0
78 100 30 0 0
79 101 30 0 0
80 100 30 0 0
81 100 31 0 0
82 101 31 0 0
83 100 31 0 0
84 100 32 0 0
85 101 32 0 0
86 100 32 0 0
87 101 32 0 0
88 100 32 0 0
89 100 33 0 0
90 101 33 0 0
91 100 33 0 0
92 101 33 0 0
93 100 33 0 0
94 100 34 0 0
95 101 34 0 0
96 100 34 0 0
97 101 34 0 0
98 100 34 0 0
99 100 35 0 0
100 101 35 0 0
101 100 35 0 0
102 100 36 0 0
103 101 36 0 0
104 100 36 0 0
105 101 36 0 0
106 101 37 0 0
107 102 37 0 0
108 101 37 0 0
109 102 37 0 0
110 101 37 0 0
111 101 38 0 0
112 102 38 0 0
113 101 38 0 0
114 101 39 0 0
115 102 39 0 0
116 101 39 0 0
117 102 39 0 0
118 101 39 0 0
119 101 40 0 0
120 102 40 0 0
121 101 40 0 0
122 102 40 0 0
123 101 40 0 0
124 101 41 0 0
125 102 41 0 0
126 101 41 0 0
127 102 41 0 0
128 101 41 0 0
129 101 42 0 0
130 102 42 0 0
131 101 42 0 0
132 101 43 0 0
133 102 43 0 0
134 101 43 0 0
135 101 44 0 0
136 102 44 0 0
137 101 44 0 0
138 102 44 0 0
139 101 44 0 0
140 101 45 0 0
141 102 45 0 0
142 101 45 0 0
143 102 45 0 0
144 101 45 0 0
145 101 46 0 0
146 102 46 0 0
147 101 46 0 0
148 101 47 0 0
149 102 47 0 0
150 101 47 0 0
151 102 47 0 0
152 102 48 0 0
153 103 48 0 0
154 102 48 0 0
155 103 48 0 0
156 102 48 0 0
157 102 49 0 0
158 103 49 0 0
159 102 49 0 0
160 103 49 0 0
161 102 49 0 0
162 102 50 0 0
163 103 50 0 0
164 102 50 0 0
165 102 51 0 0
166 103 51 0 0
167 102 51 0 0
168 103 51 0 0
169 102 51 0 0
170 102 52 0 0
171 103 52 0 0
172 102 52 0 0
173 103 52 0 0
174 102 52 0 0
175 102 53 0 0
176 103 53 0 0
177 102 53 0 0
178 102 54 0 0
179 103 54 0 0
180 102 54 0 0
181 103 54 0 0
182 102 54 0 0
183 102 55 0 0
184 103 55 0 0
185 102 55 0 0
186 103 55 0 0
187 102 55 0 0
188 102 56 0 0
189 103 56 0 0
190 102 56 0 0
191 103 56 0 0
192 102 56 0 0
193 102 57 0 0
194 103 57 0 0
195 102 57 0 0
196 102 58 0 0
197 103 58 0 0
198 102 58 0 0
199 103 58 0 0
200 102 58 0 0
201 102 59 0 0
202 103 59 0 0
203 102 59 0 0
204 102 60 0 0
205 103 60 0 0
206 102 60 0 0
207 103 60 0 0
208 102 60 0 0
209 102 61 0 0
210 103 61 0 0
211 103 62 0 0
212 104 62 0 0
213 103 62 0 0
214 104 62 0 0
215 103 62 0 0
216 103 63 0 0
217 104 63 0 0
218 103 63 0 0
219 104 63 0 0
220 103 63 0 0
221 103 64 0 0
222 104 64 0 0
223 103 64 0 0
224 104 64 0 0
225 103 64 0 0
226 103 65 0 0
227 104 65 0 0
228 103 65 0 0
229 103 66 0 0
230 104 66 0 0
231 103 66 0 0
232 104 66 0 0
233 103 66 0 0
234 103 67 0 0
235 104 67 0 0
236 103 67 0 0
237 104 67 0 0
238 103 67 0 0
239 103 68 0 0
240 104 68 0 0
241 103 68 0 0
242 104 68 0 0
243 103 68 0 0
244 103 69 0 0
245 104 69 0 0
246 103 69 0 0
247 103 70 0 0
248 104 70 0 0
249 103 70 0 0
250 104 70 0 0
251 103 70 0 0
252 103 71 0 0
253 104 71 0 0
254 103 71 0 0
255 104 71 0 0
256 104 72 0 0
257 105 72 0 0
258 104 72 0 0
259 104 73 0 0
260 105 73 0 0
261 104 73 0 0
262 105 73 0 0
263 104 73 0 0
264 104 74 0 0
265 105 74 0 0
266 104 74 0 0
267 104 75 0 0
268 105 75 0 0
269 104 75 0 0
270 105 75 0 0
271 104 75 0 0
272 104 76 0 0
273 105 76 0 0
274 104 76 0 0
275 104 77 0 0
276 105 77 0 0
277 104 77 0 0
278 105 77 0 0
279 104 77 0 0
280 104 78 0 0
281 105 78 0 0
282 104 78 0 0
283 105 78 0 0
284 104 78 0 0
285 104 79 0 0
286 105 79 0 0
287 104 79 0 0
288 104 80 0 0
289 105 80 0 0
290 104 80 0 0
291 105 80 0 0
292 104 80 0 0
293 104 81 0 0
294 105 81 0 0
295 104 81 0 0
296 105 81 0 0
297 104 81 0 0
298 104 82 0 0
299 105 82 0 0
300 104 82 0 0
301 105 82 0 0
302 104 82 0 0
303 104 83 0 0
304 105 83 0 0
305 104 83 0 0
306 104 84 0 0
307 105 84 0 0
308 104 84 0 0
309 105 84 0 0
310 104 84 0 0
311 104 85 0 0
312 105 85 0 0
313 104 85 0 0
314 105 85 0 0
315 104 85 0 0
316 104 86 0 0
317 105 86 0 0
318 106 86 0 0
319 105 86 0 0
320 105 87 0 0
321 106 87 0 0
322 105 87 0 0
323 105 88 0 0
324 106 88 0 0
325 105 88 0 0
326 106 88 0 0
327 105 88 0 0
328 105 89 0 0
329 106 89 0 0
330 105 89 0 0
331 106 89 0 0
332 105 89 0 0
333 105 90 0 0
334 106 90 0 0
335 107 90 0 0
336 106 90 0 0
337 106 91 0 0
338 107 91 0 0
339 106 91 0 0
340 106 92 0 0
341 107 92 0 0
342 106 92 0 0
343 107 92 0 0
344 108 92 0 0
345 107 92 0 0
346 107 93 0 0
347 108 93 0 0
348 107 93 0 0
349 108 93 0 0
350 108 94 0 0
351 109 94 0 0
352 108 94 0 0
353 109 94 0 0
354 108 94 0 0
355 109 94 0 0
356 109 95 0 0
357 110 95 0 0
358 109 95 0 0
359 109 96 0 0
360 110 96 0 0
361 109 96 0 0
362 110 96 0 0
363 111 96 0 0
364 110 96 0 0
365 110 97 0 0
366 111 97 0 0
367 110 97 0 0
368 111 97 0 0
369 111 98 0 0
370 112 98 0 0
371 111 98 0 0
372 111 99 0 0
373 112 99 0 0
374 111 99 0 0
375 112 99 0 0
376 113 99 0 0
377 112 99 0 0
378 112 100 0 0
379 113 100 0 0
380 112 100 0 0
381 113 100 0 0
382 112 100 0 0
383 112 101 0 0
384 113 101 0 0
385 114 101 0 0
386 113 101 0 0
387 114 101 0 0
388 114 102 0 0
389 115 102 0 0
390 114 102 0 0
391 114 103 0 0
392 115 103 0 0
393 114 103 0 0
394 115 103 0 0
395 114 103 0 0
396 115 103 0 0
397 115 104 0 0
398 116 104 0 0
399 115 104 0 0
400 116 104 0 0
401 115 104 0 0
402 115 105 0 0
403 116 105 0 0
404 117 105 0 0
405 116 105 0 0
406 117 105 0 0
407 116 105 0 0
408 116 106 0 0
409 117 106 0 0
410 117 107 0 0
411 118 107 0 0
412 117 107 0 0
413 118 107 0 0
414 117 107 0 0
415 117 108 0 0
416 118 108 0 0
417 119 108 0 0
418 118 108 0 0
419 119 108 0 0
420 118 108 0 0
421 118 109 0 0
422 119 109 0 0
423 120 109 0 0
424 119 109 0 0
425 119 110 0 0
426 120 110 0 0
427 119 110 0 0
428 120 110 0 0
429 120 111 0 0
430 121 111 0 0
431 120 111 0 0
432 121 111 0 0
433 120 111 0 0
434 120 112 0 0
435 121 112 0 0
436 122 112 0 0
437 121 112 0 0
438 122 112 0 0
439 122 113 0 0
440 123 113 0 0
441 122 113 0 0
442 123 113 0 0
443 123 114 0 0
444 124 114 0 0
445 125 114 0 0
446 124 114 0 0
447 125 114 0 0
448 126 114 0 0
449 127 114 0 0
450 126 114 0 0
451 126 115 0 0
452 127 115 0 0
453 128 115 0 0
454 127 115 0 0
455 128 115 0 0
456 129 115 0 0
457 129 116 0 0
458 130 116 0 0
459 129 116 0 0
460 130 116 0 0
461 131 116 0 0
462 132 116 0 0
463 131 116 0 0
464 132 116 0 0
465 132 117 0 0
466 133 117 0 0
467 134 117 0 0
468 133 117 0 0
469 134 117 0 0
470 134 118 0 0
471 135 118 0 0
472 136 118 0 0
473 135 118 0 0
474 136 118 0 0
475 137 118 0 0
476 137 119 0 0
477 138 119 0 0
478 137 119 0 0
479 138 119 0 0
480 139 119 0 0
481 140 119 0 0
482 139 119 0 0
483 140 119 0 0
484 140 120 0 0
485 141 120 0 0
486 140 120 0 0
487 141 120 0 0
488 142 120 0 0
489 143 120 0 0
490 142 120 0 0
491 143 120 0 0
492 143 121 0 0
493 144 121 0 0
494 145 121 0 0
495 144 121 0 0
496 144 122 0 0
497 145 122 0 0
498 146 122 0 0
499 147 122 0 0
500 146 122 0 0
501 147 122 0 0
502 148 122 0 0
503 147 122 0 0
504 147 123 0 0
505 148 123 0 0
506 149 123 0 0
507 150 123 0 0
508 149 123 0 0
509 150 123 0 0
510 151 123 0 0
511 151 124 0 0
512 152 124 0 0
513 151 124 0 0
514 152 124 0 0
515 153 124 0 0
516 154 124 0 0
517 155 124 0 0
518 154 124 0 0
519 154 125 0 0
520 155 125 0 0
521 156 125 0 0
522 157 125 0 0
523 156 125 0 0
524 157 125 0 0
525 158 125 0 0
526 159 125 0 0
527 160 125 0 0
528 159 125 0 0
529 159 126 0 0
530 160 126 0 0
531 161 126 0 0
532 162 126 0 0
533 163 126 0 0
534 164 126 0 0
535 163 126 0 0
536 164 126 0 0
537 165 126 0 0
538 166 126 0 0
539 167 126 0 0
540 166 126 0 0
541 167 126 0 0
542 168 126 0 0
543 169 126 0 0
544 170 126 0 0
545 169 126 0 0
546 170 126 0 0
547 170 127 0 0
548 171 127 0 0
549 172 127 0 0
550 173 127 0 0
551 172 127 0 0
552 173 127 0 0
553 174 127 0 0
554 175 127 0 0
555 176 127 0 0
556 175 127 0 0
557 176 127 0 0
558 177 127 0 0
559 178 127 0 0
560 179 127 0 0
561 178 127 0 0
562 179 127 0 0
563 180 127 0 0
564 181 127 0 0
565 180 127 0 0
566 180 128 0 0
567 181 128 0 0
568 182 128 0 0
569 183 128 0 0
570 184 128 0 0
571 185 128 0 0
572 184 128 0 0
573 185 128 0 0
574 186 128 0 0
575 187 128 0 0
576 188 128 0 0
577 187 128 0 0
578 188 128 0 0
579 189 128 0 0
580 190 128 0 0
581 191 128 0 0
582 192 128 0 0
583 191 128 0 0
584 192 128 0 0
585 193 128 0 0
586 192 128 0 0
587 193 128 0 0
588 194 128 0 0
589 193 128 0 0
590 194 128 0 0
591 194 129 0 0
592 195 129 0 0
593 194 129 0 0
594 195 129 0 0
