0 87 266 0 0
1 87 265 0 0
2 87 264 0 0
3 87 263 0 0
4 87 262 0 0
5 87 261 0 0
6 87 260 0 0
7 86 260 0 0
8 86 259 0 0
9 86 258 0 0
10 86 257 0 0
11 86 256 0 0
12 86 255 0 0
13 86 254 0 0
14 86 253 0 0
15 86 252 0 0
16 85 252 0 0
17 85 251 0 0
18 85 250 0 0
19 85 249 0 0
20 85 248 0 0
21 85 247 0 0
22 85 246 0 0
23 84 246 0 0
24 84 245 0 0
25 84 244 0 0
26 84 243 0 0
27 84 242 0 0
28 84 241 0 0
29 84 240 0 0
30 84 239 0 0
31 83 239 0 0
32 83 238 0 0
33 83 237 0 0
34 83 236 0 0
35 83 235 0 0
36 83 234 0 0
37 83 233 0 0
38 83 232 0 0
39 83 231 0 0
40 82 231 0 0
41 82 230 0 0
42 82 229 0 0
43 82 228 0 0
44 82 227 0 0
45 82 226 0 0
46 82 225 0 0
47 81 225 0 0
48 81 224 0 0
49 81 223 0 0
50 81 222 0 0
51 81 221 0 0
52 81 220 0 0
53 81 219 0 0
54 81 218 0 0
55 80 218 0 0
56 80 217 0 0
57 80 216 0 0
58 80 215 0 0
59 80 214 0 0
60 80 213 0 0
61 80 212 0 0
62 79 212 0 0
63 79 211 0 0
64 79 210 0 0
65 79 209 0 0
66 79 208 0 0
67 79 207 0 0
68 79 206 0 0
69 79 205 0 0
70 79 204 0 0
71 78 204 0 0
72 78 203 0 0
73 78 202 0 0
74 78 201 0 0
75 78 200 0 0
76 78 199 0 0
77 78 198 0 0
78 77 198 0 0
79 77 197 0 0
80 77 196 0 0
81 77 195 0 0
82 77 194 0 0
83 77 193 0 0
84 77 192 0 0
85 77 191 0 0
86 76 191 0 0
87 76 190 0 0
88 76 189 0 0
89 76 188 0 0
90 76 187 0 0
91 76 186 0 0
92 76 185 0 0
93 75 185 0 0
94 75 184 0 0
95 75 183 0 0
96 75 182 0 0
97 75 181 0 0
98 75 180 0 0
99 75 179 0 0
100 75 178 0 0
101 75 177 0 0
102 74 177 0 0
103 74 176 0 0
104 74 175 0 0
105 74 174 0 0
106 74 173 0 0
107 74 172 0 0
108 74 171 0 0
109 74 170 0 0
110 73 170 0 0
111 73 169 0 0
112 73 168 0 0
113 73 167 0 0
114 73 166 0 0
115 72 166 0 0
116 72 165 0 0
117 72 164 0 0
118 72 163 0 0
119 72 162 0 0
120 72 161 0 0
121 71 161 0 0
122 71 160 0 0
123 71 159 0 0
124 71 158 0 0
125 71 157 0 0
126 70 157 0 0
127 70 156 0 0
128 70 155 0 0
129 70 154 0 0
130 69 154 0 0
131 69 153 0 0
132 69 152 0 0
133 69 151 0 0
134 69 150 0 0
135 69 149 0 0
136 68 149 0 0
137 68 148 0 0
138 68 147 0 0
139 68 146 0 0
140 67 146 0 0
141 67 145 0 0
142 67 144 0 0
143 67 143 0 0
144 67 142 0 0
145 67 141 0 0
146 66 141 0 0
147 66 140 0 0
148 66 139 0 0
149 66 138 0 0
150 66 137 0 0
151 65 137 0 0
152 65 136 0 0
153 65 135 0 0
154 65 134 0 0
155 64 134 0 0
156 64 133 0 0
157 64 132 0 0
158 64 131 0 0
159 64 130 0 0
160 64 129 0 0
161 63 129 0 0
162 63 128 0 0
163 64 128 0 0
164 64 127 0 0
165 64 126 0 0
166 64 125 0 0
167 64 124 0 0
168 65 124 0 0
169 65 123 0 0
170 65 122 0 0
171 65 121 0 0
172 65 120 0 0
173 66 120 0 0
174 66 119 0 0
175 66 118 0 0
176 66 117 0 0
177 67 117 0 0
178 67 116 0 0
179 67 115 0 0
180 67 114 0 0
181 67 113 0 0
182 67 112 0 0
183 68 112 0 0
184 68 111 0 0
185 68 110 0 0
186 68 109 0 0
187 68 108 0 0
188 69 108 0 0
189 69 107 0 0
190 69 106 0 0
191 69 105 0 0
192 70 105 0 0
193 70 104 0 0
194 70 103 0 0
195 70 102 0 0
196 70 101 0 0
197 71 101 0 0
198 71 100 0 0
199 71 99 0 0
200 71 98 0 0
201 71 97 0 0
202 71 96 0 0
203 72 96 0 0
204 72 95 0 0
205 72 94 0 0
206 72 93 0 0
207 72 92 0 0
208 73 92 0 0
209 73 91 0 0
210 73 90 0 0
211 73 89 0 0
212 73 88 0 0
213 74 88 0 0
214 74 87 0 0
215 74 86 0 0
216 74 85 0 0
217 75 85 0 0
218 75 84 0 0
219 75 83 0 0
220 75 82 0 0
221 75 81 0 0
222 75 80 0 0
223 76 80 0 0
224 76 79 0 0
225 76 78 0 0
226 76 77 0 0
227 76 76 0 0
228 76 75 0 0
229 76 74 0 0
230 76 73 0 0
231 76 72 0 0
232 76 71 0 0
233 76 70 0 0
234 76 69 0 0
235 76 68 0 0
236 77 68 0 0
237 77 67 0 0
238 77 66 0 0
239 77 65 0 0
240 77 64 0 0
241 77 63 0 0
242 77 62 0 0
243 77 61 0 0
244 77 60 0 0
245 77 59 0 0
246 77 58 0 0
247 77 57 0 0
248 77 56 0 0
249 78 56 0 0
250 78 55 0 0
251 78 54 0 0
252 78 53 0 0
253 78 52 0 0
254 78 51 0 0
255 78 50 0 0
256 78 49 0 0
257 78 48 0 0
258 78 47 0 0
259 78 46 0 0
260 78 45 0 0
261 78 44 0 0
262 78 43 0 0
263 78 42 0 0
264 78 41 0 0
265 78 40 0 0
266 78 39 0 0
267 78 38 0 0
268 78 37 0 0
269 78 36 0 0
270 78 35 0 0
271 78 34 0 0
272 78 33 0 0
273 78 32 0 0
274 78 31 0 0
275 78 30 0 0
276 78 29 0 0
277 78 28 0 0
278 78 27 0 0
279 78 26 0 0
280 78 25 0 0
281 78 24 0 0
282 78 23 0 0
283 78 22 0 0
284 78 21 0 0
285 78 20 0 0
286 78 19 0 0
287 78 18 0 0
288 78 17 0 0
289 78 16 0 0
290 78 15 0 0
291 78 14 0 0
292 78 13 0 0
293 78 12 0 0
294 78 11 0 0
295 78 10 0 0
296 78 9 0 0
297 77 9 0 0
298 77 8 0 0
299 77 7 0 0
300 77 6 0 0
