0 99 10 0 0
1 99 11 0 0
2 100 11 0 0
3 99 11 0 0
4 99 12 0 0
5 100 12 0 0
6 99 12 0 0
7 99 13 0 0
8 100 13 0 0
9 99 13 0 0
10 100 13 0 0
11 99 13 0 0
12 99 14 0 0
13 100 14 0 0
14 99 14 0 0
15 99 15 0 0
16 100 15 0 0
17 99 15 0 0
18 100 15 0 0
19 99 15 0 0
20 99 16 0 0
21 100 16 0 0
22 99 16 0 0
23 99 17 0 0
24 100 17 0 0
25 99 17 0 0
26 100 17 0 0
27 99 17 0 0
28 99 18 0 0
29 100 18 0 0
30 100 19 0 0
31 101 19 0 0
32 100 19 0 0
33 101 19 0 0
34 100 19 0 0
35 100 20 0 0
36 101 20 0 0
37 100 20 0 0
38 100 21 0 0
39 101 21 0 0
40 100 21 0 0
41 101 21 0 0
42 100 21 0 0
43 100 22 0 0
44 101 22 0 0
45 100 22 0 0
46 100 23 0 0
47 101 23 0 0
48 100 23 0 0
49 101 23 0 0
50 100 23 0 0
51 100 24 0 0
52 101 24 0 0
53 100 24 0 0
54 101 24 0 0
55 100 24 0 0
56 100 25 0 0
57 101 25 0 0
58 100 25 0 0
59 100 26 0 0
60 101 26 0 0
61 100 26 0 0
62 101 26 0 0
63 100 26 0 0
64 100 27 0 0
65 101 27 0 0
66 100 27 0 0
67 101 27 0 0
68 100 27 0 0
69 100 28 0 0
70 101 28 0 0
71 100 28 0 0
72 101 28 0 0
73 100 28 0 0
74 100 29 0 0
75 101 29 0 0
76 100 29 0 0
77 100 30 0 0
78 101 30 0 0
79 100 30 0 0
80 101 30 0 0
81 100 30 0 0
82 100 31 0 0
83 101 31 0 0
84 100 31 0 0
85 101 31 0 0
86 100 31 0 0
87 100 32 0 0
88 101 32 0 0
89 100 32 0 0
90 101 32 0 0
91 100 32 0 0
92 100 33 0 0
93 101 33 0 0
94 100 33 0 0
95 100 34 0 0
96 101 34 0 0
97 100 34 0 0
98 101 34 0 0
99 100 34 0 0
100 100 35 0 0
101 101 35 0 0
102 100 35 0 0
103 101 35 0 0
104 100 35 0 0
105 100 36 0 0
106 101 36 0 0
107 100 36 0 0
108 101 36 0 0
109 100 36 0 0
110 100 37 0 0
111 101 37 0 0
112 100 37 0 0
113 100 38 0 0
114 101 38 0 0
115 100 38 0 0
116 101 38 0 0
117 100 38 0 0
118 100 39 0 0
119 101 39 0 0
120 100 39 0 0
121 101 39 0 0
122 100 39 0 0
123 100 40 0 0
124 101 40 0 0
125 100 40 0 0
126 100 41 0 0
127 101 41 0 0
128 100 41 0 0
129 101 41 0 0
130 100 41 0 0
131 100 42 0 0
132 101 42 0 0
133 100 42 0 0
134 101 42 0 0
135 100 42 0 0
136 100 43 0 0
137 101 43 0 0
138 100 43 0 0
139 101 43 0 0
140 100 43 0 0
141 100 44 0 0
142 101 44 0 0
143 100 44 0 0
144 100 45 0 0
145 101 45 0 0
146 100 45 0 0
147 101 45 0 0
148 100 45 0 0
149 100 46 0 0
150 101 46 0 0
151 100 46 0 0
152 101 46 0 0
153 100 46 0 0
154 100 47 0 0
155 101 47 0 0
156 100 47 0 0
157 101 47 0 0
158 100 47 0 0
159 100 48 0 0
160 101 48 0 0
161 100 48 0 0
162 100 49 0 0
163 101 49 0 0
164 100 49 0 0
165 101 49 0 0
166 100 49 0 0
167 100 50 0 0
168 101 50 0 0
169 100 50 0 0
170 101 50 0 0
171 100 50 0 0
172 100 51 0 0
173 101 51 0 0
174 100 51 0 0
175 100 52 0 0
176 101 52 0 0
177 100 52 0 0
178 101 52 0 0
179 100 52 0 0
180 100 53 0 0
181 101 53 0 0
182 100 53 0 0
183 101 53 0 0
184 100 53 0 0
185 100 54 0 0
186 101 54 0 0
187 100 54 0 0
188 101 54 0 0
189 100 54 0 0
190 100 55 0 0
191 101 55 0 0
192 100 55 0 0
193 100 56 0 0
194 101 56 0 0
195 100 56 0 0
196 101 56 0 0
197 100 56 0 0
198 100 57 0 0
199 101 57 0 0
200 100 57 0 0
201 101 57 0 0
202 100 57 0 0
203 100 58 0 0
204 101 58 0 0
205 102 58 0 0
206 101 58 0 0
207 101 59 0 0
208 101 60 0 0
209 102 60 0 0
210 101 60 0 0
211 102 60 0 0
212 101 60 0 0
213 101 61 0 0
214 102 61 0 0
215 101 61 0 0
216 102 61 0 0
217 101 61 0 0
218 101 62 0 0
219 102 62 0 0
220 101 62 0 0
221 102 62 0 0
222 101 62 0 0
223 101 63 0 0
224 102 63 0 0
225 101 63 0 0
226 101 64 0 0
227 102 64 0 0
228 101 64 0 0
229 102 64 0 0
230 101 64 0 0
231 101 65 0 0
232 102 65 0 0
233 101 65 0 0
234 102 65 0 0
235 101 65 0 0
236 101 66 0 0
237 102 66 0 0
238 101 66 0 0
239 101 67 0 0
240 102 67 0 0
241 101 67 0 0
242 102 67 0 0
243 101 67 0 0
244 101 68 0 0
245 102 68 0 0
246 101 68 0 0
247 101 69 0 0
248 102 69 0 0
249 101 69 0 0
250 102 69 0 0
251 101 69 0 0
252 101 70 0 0
253 102 70 0 0
254 101 70 0 0
255 101 71 0 0
256 102 71 0 0
257 101 71 0 0
258 102 71 0 0
259 101 71 0 0
260 101 72 0 0
261 102 72 0 0
262 101 72 0 0
263 102 72 0 0
264 101 72 0 0
265 101 73 0 0
266 102 73 0 0
267 101 73 0 0
268 102 73 0 0
269 101 73 0 0
270 101 74 0 0
271 102 74 0 0
272 101 74 0 0
273 101 75 0 0
274 102 75 0 0
275 101 75 0 0
276 102 75 0 0
277 101 75 0 0
278 101 76 0 0
279 102 76 0 0
280 101 76 0 0
281 102 76 0 0
282 102 77 0 0
283 103 77 0 0
284 102 77 0 0
285 103 77 0 0
286 102 77 0 0
287 102 78 0 0
288 103 78 0 0
289 102 78 0 0
290 102 79 0 0
291 103 79 0 0
292 102 79 0 0
293 103 79 0 0
294 102 79 0 0
295 102 80 0 0
296 103 80 0 0
297 102 80 0 0
298 103 80 0 0
299 102 80 0 0
300 102 81 0 0
301 103 81 0 0
302 102 81 0 0
303 102 82 0 0
304 103 82 0 0
305 102 82 0 0
306 103 82 0 0
307 104 82 0 0
308 103 82 0 0
309 103 83 0 0
310 104 83 0 0
311 103 83 0 0
312 104 83 0 0
313 103 83 0 0
314 103 84 0 0
315 104 84 0 0
316 103 84 0 0
317 104 84 0 0
318 103 84 0 0
319 103 85 0 0
320 104 85 0 0
321 103 85 0 0
322 103 86 0 0
323 104 86 0 0
324 103 86 0 0
325 104 86 0 0
326 104 87 0 0
327 105 87 0 0
328 104 87 0 0
329 105 87 0 0
330 104 87 0 0
331 105 87 0 0
332 104 87 0 0
333 104 88 0 0
334 105 88 0 0
335 104 88 0 0
336 105 88 0 0
337 104 88 0 0
338 104 89 0 0
339 105 89 0 0
340 104 89 0 0
341 104 90 0 0
342 105 90 0 0
343 104 90 0 0
344 105 90 0 0
345 105 91 0 0
346 106 91 0 0
347 105 91 0 0
348 106 91 0 0
349 105 91 0 0
350 105 92 0 0
351 106 92 0 0
352 105 92 0 0
353 106 92 0 0
354 105 92 0 0
355 106 92 0 0
356 105 92 0 0
357 105 93 0 0
358 106 93 0 0
359 106 94 0 0
360 107 94 0 0
361 106 94 0 0
362 107 94 0 0
363 106 94 0 0
364 106 95 0 0
365 107 95 0 0
366 106 95 0 0
367 107 95 0 0
368 108 95 0 0
369 107 95 0 0
370 107 96 0 0
371 108 96 0 0
372 107 96 0 0
373 108 96 0 0
374 107 96 0 0
375 108 96 0 0
376 108 97 0 0
377 109 97 0 0
378 108 97 0 0
379 108 98 0 0
380 109 98 0 0
381 108 98 0 0
382 109 98 0 0
383 110 98 0 0
384 109 98 0 0
385 109 99 0 0
386 110 99 0 0
387 109 99 0 0
388 110 99 0 0
389 109 99 0 0
390 109 100 0 0
391 110 100 0 0
392 109 100 0 0
393 110 100 0 0
394 111 100 0 0
395 110 100 0 0
396 110 101 0 0
397 111 101 0 0
398 110 101 0 0
399 110 102 0 0
400 111 102 0 0
401 112 102 0 0
402 111 102 0 0
403 112 102 0 0
404 111 102 0 0
405 111 103 0 0
406 112 103 0 0
407 111 103 0 0
408 112 103 0 0
409 112 104 0 0
410 113 104 0 0
411 112 104 0 0
412 113 104 0 0
413 112 104 0 0
414 112 105 0 0
415 113 105 0 0
416 112 105 0 0
417 113 105 0 0
418 113 106 0 0
419 114 106 0 0
420 113 106 0 0
421 114 106 0 0
422 113 106 0 0
423 114 106 0 0
424 115 106 0 0
425 114 106 0 0
426 114 107 0 0
427 115 107 0 0
428 114 107 0 0
429 115 107 0 0
430 116 107 0 0
431 115 107 0 0
432 116 107 0 0
433 115 107 0 0
434 115 108 0 0
435 116 108 0 0
436 115 108 0 0
437 116 108 0 0
438 116 109 0 0
439 117 109 0 0
440 116 109 0 0
441 117 109 0 0
442 118 109 0 0
443 117 109 0 0
444 118 109 0 0
445 117 109 0 0
446 117 110 0 0
447 118 110 0 0
448 119 110 0 0
449 118 110 0 0
450 119 110 0 0
451 118 110 0 0
452 119 110 0 0
453 120 110 0 0
454 119 110 0 0
455 119 111 0 0
456 120 111 0 0
457 119 111 0 0
458 120 111 0 0
459 121 111 0 0
460 120 111 0 0
461 121 111 0 0
462 121 112 0 0
463 122 112 0 0
464 121 112 0 0
465 122 112 0 0
466 121 112 0 0
467 121 113 0 0
468 122 113 0 0
469 121 113 0 0
470 122 113 0 0
471 123 113 0 0
472 122 113 0 0
473 123 113 0 0
474 122 113 0 0
475 122 114 0 0
476 123 114 0 0
477 124 114 0 0
478 123 114 0 0
479 124 114 0 0
480 125 114 0 0
481 124 114 0 0
482 125 114 0 0
483 125 115 0 0
484 126 115 0 0
485 125 115 0 0
486 126 115 0 0
487 127 115 0 0
488 126 115 0 0
489 127 115 0 0
490 128 115 0 0
491 127 115 0 0
492 127 116 0 0
493 128 116 0 0
494 129 116 0 0
495 128 116 0 0
496 129 116 0 0
497 129 117 0 0
498 130 117 0 0
499 129 117 0 0
500 130 117 0 0
501 131 117 0 0
502 130 117 0 0
503 130 118 0 0
504 131 118 0 0
505 132 118 0 0
506 131 118 0 0
507 132 118 0 0
508 133 118 0 0
509 132 118 0 0
510 132 119 0 0
511 133 119 0 0
512 134 119 0 0
513 133 119 0 0
514 134 119 0 0
515 134 120 0 0
516 135 120 0 0
517 134 120 0 0
518 135 120 0 0
519 136 120 0 0
520 135 120 0 0
521 136 120 0 0
522 137 120 0 0
523 136 120 0 0
524 137 120 0 0
525 138 120 0 0
526 137 120 0 0
527 138 120 0 0
528 138 121 0 0
529 139 121 0 0
530 138 121 0 0
531 139 121 0 0
532 140 121 0 0
533 139 121 0 0
534 140 121 0 0
535 141 121 0 0
536 140 121 0 0
537 140 122 0 0
538 141 122 0 0
539 142 122 0 0
540 143 122 0 0
541 142 122 0 0
542 143 122 0 0
543 142 122 0 0
544 143 122 0 0
545 144 122 0 0
546 145 122 0 0
547 144 122 0 0
548 145 122 0 0
549 146 122 0 0
550 145 122 0 0
551 146 122 0 0
552 147 122 0 0
553 146 122 0 0
554 147 122 0 0
555 148 122 0 0
556 149 122 0 0
557 148 122 0 0
558 149 122 0 0
559 150 122 0 0
560 149 122 0 0
561 150 122 0 0
562 151 122 0 0
563 152 122 0 0
564 151 122 0 0
565 152 122 0 0
566 153 122 0 0
567 152 122 0 0
568 153 122 0 0
569 154 122 0 0
570 153 122 0 0
571 154 122 0 0
572 155 122 0 0
573 156 122 0 0
574 155 122 0 0
575 156 122 0 0
576 155 122 0 0
577 155 123 0 0
578 156 123 0 0
579 157 123 0 0
580 158 123 0 0
581 157 123 0 0
582 158 123 0 0
583 159 123 0 0
584 158 123 0 0
585 158 124 0 0
586 159 124 0 0
587 160 124 0 0
588 159 124 0 0
589 160 124 0 0
590 161 124 0 0
591 160 124 0 0
592 161 124 0 0
593 162 124 0 0
594 161 124 0 0
595 162 124 0 0
596 163 124 0 0
597 162 124 0 0
598 163 124 0 0
599 163 123 0 0
600 164 123 0 0
601 165 123 0 0
602 164 123 0 0
603 165 123 0 0
604 166 123 0 0
605 165 123 0 0
606 166 123 0 0
607 166 122 0 0
608 167 122 0 0
609 168 122 0 0
610 167 122 0 0
611 168 122 0 0
612 169 122 0 0
613 168 122 0 0
614 169 122 0 0
615 170 122 0 0
616 169 122 0 0
617 170 122 0 0
618 171 122 0 0
619 172 122 0 0
620 171 122 0 0
621 172 122 0 0
622 172 121 0 0
623 173 121 0 0
624 172 121 0 0
625 172 122 0 0
626 173 122 0 0
627 174 122 0 0
628 175 122 0 0
629 174 122 0 0
630 175 122 0 0
631 176 122 0 0
632 175 122 0 0
633 176 122 0 0
634 177 122 0 0
635 178 122 0 0
636 177 122 0 0
637 178 122 0 0
638 179 122 0 0
639 180 122 0 0
640 179 122 0 0
641 180 122 0 0
642 181 122 0 0
643 182 122 0 0
644 181 122 0 0
645 182 122 0 0
646 183 122 0 0
647 182 122 0 0
648 183 122 0 0
649 184 122 0 0
650 183 122 0 0
651 184 122 0 0
652 185 122 0 0
653 184 122 0 0
654 185 122 0 0
655 186 122 0 0
656 187 122 0 0
657 186 122 0 0
658 187 122 0 0
659 188 122 0 0
660 187 122 0 0
661 188 122 0 0
662 189 122 0 0
663 190 122 0 0
664 189 122 0 0
665 190 122 0 0
666 191 122 0 0
667 192 122 0 0
668 191 122 0 0
669 192 122 0 0
670 191 122 0 0
671 192 122 0 0
672 193 122 0 0
673 194 122 0 0
674 193 122 0 0
675 194 122 0 0
676 195 122 0 0
677 194 122 0 0
678 195 122 0 0
