0 100 13 0 0
1 101 13 0 0
2 100 13 0 0
3 100 14 0 0
4 101 14 0 0
5 100 14 0 0
6 101 14 0 0
7 100 14 0 0
8 100 15 0 0
9 101 15 0 0
10 100 15 0 0
11 101 15 0 0
12 100 15 0 0
13 100 16 0 0
14 101 16 0 0
15 100 16 0 0
16 101 16 0 0
17 100 16 0 0
18 100 17 0 0
19 101 17 0 0
20 100 17 0 0
21 101 17 0 0
22 100 17 0 0
23 100 18 0 0
24 101 18 0 0
25 100 18 0 0
26 101 18 0 0
27 100 18 0 0
28 100 19 0 0
29 101 19 0 0
30 100 19 0 0
31 101 19 0 0
32 100 19 0 0
33 101 19 0 0
34 100 19 0 0
35 100 20 0 0
36 101 20 0 0
37 100 20 0 0
38 100 21 0 0
39 101 21 0 0
40 100 21 0 0
41 101 21 0 0
42 100 21 0 0
43 100 22 0 0
44 101 22 0 0
45 100 22 0 0
46 101 22 0 0
47 100 22 0 0
48 100 23 0 0
49 101 23 0 0
50 100 23 0 0
51 101 23 0 0
52 100 23 0 0
53 101 23 0 0
54 100 23 0 0
55 100 24 0 0
56 101 24 0 0
57 100 24 0 0
58 100 25 0 0
59 101 25 0 0
60 100 25 0 0
61 101 25 0 0
62 100 25 0 0
63 100 26 0 0
64 101 26 0 0
65 100 26 0 0
66 101 26 0 0
67 100 26 0 0
68 101 26 0 0
69 100 26 0 0
70 100 27 0 0
71 101 27 0 0
72 100 27 0 0
73 100 28 0 0
74 101 28 0 0
75 100 28 0 0
76 101 28 0 0
77 100 28 0 0
78 100 29 0 0
79 101 29 0 0
80 100 29 0 0
81 101 29 0 0
82 100 29 0 0
83 100 30 0 0
84 101 30 0 0
85 100 30 0 0
86 101 30 0 0
87 100 30 0 0
88 101 30 0 0
89 100 30 0 0
90 100 31 0 0
91 101 31 0 0
92 100 31 0 0
93 100 32 0 0
94 101 32 0 0
95 100 32 0 0
96 101 32 0 0
97 100 32 0 0
98 100 33 0 0
99 101 33 0 0
100 100 33 0 0
101 101 33 0 0
102 100 33 0 0
103 101 33 0 0
104 100 33 0 0
105 100 34 0 0
106 101 34 0 0
107 100 34 0 0
108 101 34 0 0
109 100 34 0 0
110 100 35 0 0
111 101 35 0 0
112 100 35 0 0
113 100 36 0 0
114 101 36 0 0
115 100 36 0 0
116 101 36 0 0
117 100 36 0 0
118 100 37 0 0
119 101 37 0 0
120 100 37 0 0
121 101 37 0 0
122 100 37 0 0
123 101 37 0 0
124 100 37 0 0
125 100 38 0 0
126 101 38 0 0
127 100 38 0 0
128 100 39 0 0
129 101 39 0 0
130 100 39 0 0
131 101 39 0 0
132 100 39 0 0
133 100 40 0 0
134 101 40 0 0
135 100 40 0 0
136 101 40 0 0
137 100 40 0 0
138 101 40 0 0
139 100 40 0 0
140 100 41 0 0
141 101 41 0 0
142 100 41 0 0
143 101 41 0 0
144 100 41 0 0
145 100 42 0 0
146 101 42 0 0
147 100 42 0 0
148 100 43 0 0
149 101 43 0 0
150 100 43 0 0
151 101 43 0 0
152 100 43 0 0
153 100 44 0 0
154 101 44 0 0
155 100 44 0 0
156 101 44 0 0
157 100 44 0 0
158 101 44 0 0
159 100 44 0 0
160 100 45 0 0
161 101 45 0 0
162 100 45 0 0
163 101 45 0 0
164 100 45 0 0
165 100 46 0 0
166 101 46 0 0
167 100 46 0 0
168 100 47 0 0
169 101 47 0 0
170 100 47 0 0
171 101 47 0 0
172 100 47 0 0
173 101 47 0 0
174 100 47 0 0
175 100 48 0 0
176 101 48 0 0
177 100 48 0 0
178 101 48 0 0
179 100 48 0 0
180 100 49 0 0
181 101 49 0 0
182 100 49 0 0
183 101 49 0 0
184 100 49 0 0
185 100 50 0 0
186 101 50 0 0
187 100 50 0 0
188 100 51 0 0
189 101 51 0 0
190 100 51 0 0
191 101 51 0 0
192 100 51 0 0
193 101 51 0 0
194 100 51 0 0
195 100 52 0 0
196 101 52 0 0
197 100 52 0 0
198 101 52 0 0
199 100 52 0 0
200 100 53 0 0
201 101 53 0 0
202 100 53 0 0
203 100 54 0 0
204 101 54 0 0
205 100 54 0 0
206 101 54 0 0
207 100 54 0 0
208 101 54 0 0
209 100 54 0 0
210 100 55 0 0
211 101 55 0 0
212 100 55 0 0
213 101 55 0 0
214 100 55 0 0
215 100 56 0 0
216 101 56 0 0
217 100 56 0 0
218 101 56 0 0
219 100 56 0 0
220 100 57 0 0
221 101 57 0 0
222 100 57 0 0
223 101 57 0 0
224 100 57 0 0
225 100 58 0 0
226 101 58 0 0
227 100 58 0 0
228 101 58 0 0
229 100 58 0 0
230 100 59 0 0
231 101 59 0 0
232 100 59 0 0
233 101 59 0 0
234 100 59 0 0
235 100 60 0 0
236 101 60 0 0
237 100 60 0 0
238 101 60 0 0
239 100 60 0 0
240 100 61 0 0
241 101 61 0 0
242 100 61 0 0
243 101 61 0 0
244 101 62 0 0
245 102 62 0 0
246 101 62 0 0
247 102 62 0 0
248 101 62 0 0
249 101 63 0 0
250 102 63 0 0
251 101 63 0 0
252 102 63 0 0
253 101 63 0 0
254 101 64 0 0
255 102 64 0 0
256 101 64 0 0
257 102 64 0 0
258 101 64 0 0
259 102 64 0 0
260 101 64 0 0
261 101 65 0 0
262 102 65 0 0
263 101 65 0 0
264 101 66 0 0
265 102 66 0 0
266 101 66 0 0
267 102 66 0 0
268 101 66 0 0
269 101 67 0 0
270 102 67 0 0
271 101 67 0 0
272 102 67 0 0
273 101 67 0 0
274 101 68 0 0
275 102 68 0 0
276 101 68 0 0
277 102 68 0 0
278 101 68 0 0
279 102 68 0 0
280 101 68 0 0
281 101 69 0 0
282 102 69 0 0
283 101 69 0 0
284 101 70 0 0
285 102 70 0 0
286 101 70 0 0
287 102 70 0 0
288 101 70 0 0
289 101 71 0 0
290 102 71 0 0
291 101 71 0 0
292 102 71 0 0
293 101 71 0 0
294 102 71 0 0
295 101 71 0 0
296 101 72 0 0
297 102 72 0 0
298 101 72 0 0
299 101 73 0 0
300 102 73 0 0
301 101 73 0 0
302 102 73 0 0
303 101 73 0 0
304 101 74 0 0
305 102 74 0 0
306 103 74 0 0
307 102 74 0 0
308 102 75 0 0
309 103 75 0 0
310 102 75 0 0
311 103 75 0 0
312 102 75 0 0
313 103 75 0 0
314 102 75 0 0
315 102 76 0 0
316 103 76 0 0
317 102 76 0 0
318 102 77 0 0
319 103 77 0 0
320 102 77 0 0
321 103 77 0 0
322 102 77 0 0
323 102 78 0 0
324 103 78 0 0
325 102 78 0 0
326 103 78 0 0
327 102 78 0 0
328 103 78 0 0
329 102 78 0 0
330 102 79 0 0
331 103 79 0 0
332 102 79 0 0
333 103 79 0 0
334 102 79 0 0
335 102 80 0 0
336 103 80 0 0
337 102 80 0 0
338 102 81 0 0
339 103 81 0 0
340 102 81 0 0
341 103 81 0 0
342 102 81 0 0
343 102 82 0 0
344 103 82 0 0
345 102 82 0 0
346 103 82 0 0
347 102 82 0 0
348 103 82 0 0
349 102 82 0 0
350 102 83 0 0
351 103 83 0 0
352 102 83 0 0
353 103 83 0 0
354 104 83 0 0
355 103 83 0 0
356 103 84 0 0
357 104 84 0 0
358 103 84 0 0
359 103 85 0 0
360 104 85 0 0
361 103 85 0 0
362 104 85 0 0
363 103 85 0 0
364 104 85 0 0
365 103 85 0 0
366 103 86 0 0
367 104 86 0 0
368 105 86 0 0
369 104 86 0 0
370 105 86 0 0
371 104 86 0 0
372 104 87 0 0
373 105 87 0 0
374 104 87 0 0
375 104 88 0 0
376 105 88 0 0
377 104 88 0 0
378 105 88 0 0
379 106 88 0 0
380 105 88 0 0
381 105 89 0 0
382 106 89 0 0
383 105 89 0 0
384 106 89 0 0
385 105 89 0 0
386 106 89 0 0
387 105 89 0 0
388 105 90 0 0
389 106 90 0 0
390 105 90 0 0
391 106 90 0 0
392 107 90 0 0
393 106 90 0 0
394 106 91 0 0
395 107 91 0 0
396 106 91 0 0
397 106 92 0 0
398 107 92 0 0
399 106 92 0 0
400 107 92 0 0
401 106 92 0 0
402 107 92 0 0
403 107 93 0 0
404 108 93 0 0
405 107 93 0 0
406 108 93 0 0
407 107 93 0 0
408 108 93 0 0
409 107 93 0 0
410 107 94 0 0
411 108 94 0 0
412 107 94 0 0
413 108 94 0 0
414 107 94 0 0
415 108 94 0 0
416 108 95 0 0
417 109 95 0 0
418 108 95 0 0
419 108 96 0 0
420 109 96 0 0
421 108 96 0 0
422 109 96 0 0
423 108 96 0 0
424 109 96 0 0
425 108 96 0 0
426 108 97 0 0
427 109 97 0 0
428 108 97 0 0
429 109 97 0 0
430 108 97 0 0
431 109 97 0 0
432 109 98 0 0
433 110 98 0 0
434 109 98 0 0
435 110 98 0 0
436 109 98 0 0
437 109 99 0 0
438 110 99 0 0
439 111 99 0 0
440 110 99 0 0
441 111 99 0 0
442 110 99 0 0
443 110 100 0 0
444 111 100 0 0
445 112 100 0 0
446 111 100 0 0
447 112 100 0 0
448 111 100 0 0
449 111 101 0 0
450 112 101 0 0
451 113 101 0 0
452 112 101 0 0
453 113 101 0 0
454 113 102 0 0
455 114 102 0 0
456 113 102 0 0
457 114 102 0 0
458 113 102 0 0
459 113 103 0 0
460 114 103 0 0
461 113 103 0 0
462 114 103 0 0
463 115 103 0 0
464 114 103 0 0
465 115 103 0 0
466 114 103 0 0
467 114 104 0 0
468 115 104 0 0
469 116 104 0 0
470 115 104 0 0
471 116 104 0 0
472 115 104 0 0
473 115 105 0 0
474 116 105 0 0
475 117 105 0 0
476 116 105 0 0
477 117 105 0 0
478 116 105 0 0
479 117 105 0 0
480 116 105 0 0
481 116 106 0 0
482 117 106 0 0
483 118 106 0 0
484 117 106 0 0
485 118 106 0 0
486 117 106 0 0
487 117 107 0 0
488 118 107 0 0
489 119 107 0 0
490 118 107 0 0
491 119 107 0 0
492 118 107 0 0
493 119 107 0 0
494 118 107 0 0
495 118 108 0 0
496 119 108 0 0
497 120 108 0 0
498 119 108 0 0
499 120 108 0 0
500 119 108 0 0
501 120 108 0 0
502 120 109 0 0
503 121 109 0 0
504 120 109 0 0
505 121 109 0 0
506 120 109 0 0
507 121 109 0 0
508 121 110 0 0
509 122 110 0 0
510 121 110 0 0
511 122 110 0 0
512 121 110 0 0
513 122 110 0 0
514 121 110 0 0
515 121 111 0 0
516 122 111 0 0
517 123 111 0 0
518 122 111 0 0
519 123 111 0 0
520 124 111 0 0
521 123 111 0 0
522 123 112 0 0
523 124 112 0 0
524 125 112 0 0
525 124 112 0 0
526 125 112 0 0
527 126 112 0 0
528 125 112 0 0
529 125 113 0 0
530 126 113 0 0
531 127 113 0 0
532 128 113 0 0
533 127 113 0 0
534 128 113 0 0
535 128 114 0 0
536 129 114 0 0
537 128 114 0 0
538 129 114 0 0
539 128 114 0 0
540 129 114 0 0
541 129 115 0 0
542 130 115 0 0
543 131 115 0 0
544 130 115 0 0
545 131 115 0 0
546 132 115 0 0
547 131 115 0 0
548 131 116 0 0
549 132 116 0 0
550 133 116 0 0
551 132 116 0 0
552 133 116 0 0
553 134 116 0 0
554 133 116 0 0
555 133 117 0 0
556 134 117 0 0
557 135 117 0 0
558 134 117 0 0
559 135 117 0 0
560 135 118 0 0
561 136 118 0 0
562 135 118 0 0
563 136 118 0 0
564 137 118 0 0
565 136 118 0 0
566 137 118 0 0
567 137 119 0 0
568 138 119 0 0
569 139 119 0 0
570 138 119 0 0
571 139 119 0 0
572 140 119 0 0
573 139 119 0 0
574 139 120 0 0
575 140 120 0 0
576 141 120 0 0
577 140 120 0 0
578 141 120 0 0
579 142 120 0 0
580 141 120 0 0
581 142 120 0 0
582 142 121 0 0
583 143 121 0 0
584 142 121 0 0
585 143 121 0 0
586 143 122 0 0
587 144 122 0 0
588 143 122 0 0
589 144 122 0 0
590 145 122 0 0
591 146 122 0 0
592 145 122 0 0
593 145 123 0 0
594 146 123 0 0
595 147 123 0 0
596 146 123 0 0
597 147 123 0 0
598 148 123 0 0
599 147 123 0 0
600 148 123 0 0
601 149 123 0 0
602 148 123 0 0
603 149 123 0 0
604 150 123 0 0
605 149 123 0 0
606 150 123 0 0
607 151 123 0 0
608 150 123 0 0
609 151 123 0 0
610 152 123 0 0
611 151 123 0 0
612 152 123 0 0
613 153 123 0 0
614 154 123 0 0
615 153 123 0 0
616 154 123 0 0
617 155 123 0 0
618 154 123 0 0
619 155 123 0 0
620 156 123 0 0
621 155 123 0 0
622 156 123 0 0
623 157 123 0 0
624 156 123 0 0
625 157 123 0 0
626 158 123 0 0
627 157 123 0 0
628 158 123 0 0
629 159 123 0 0
630 158 123 0 0
631 159 123 0 0
632 160 123 0 0
633 161 123 0 0
634 160 123 0 0
635 161 123 0 0
636 162 123 0 0
637 161 123 0 0
638 162 123 0 0
639 163 123 0 0
640 162 123 0 0
641 163 123 0 0
642 163 122 0 0
643 164 122 0 0
644 163 122 0 0
645 164 122 0 0
646 165 122 0 0
647 164 122 0 0
648 165 122 0 0
649 166 122 0 0
650 165 122 0 0
651 166 122 0 0
652 167 122 0 0
653 168 122 0 0
654 167 122 0 0
655 168 122 0 0
656 167 122 0 0
657 168 122 0 0
658 169 122 0 0
659 170 122 0 0
660 169 122 0 0
661 170 122 0 0
662 171 122 0 0
663 170 122 0 0
664 171 122 0 0
665 172 122 0 0
666 171 122 0 0
667 172 122 0 0
668 173 122 0 0
669 172 122 0 0
670 173 122 0 0
671 174 122 0 0
672 173 122 0 0
673 174 122 0 0
674 175 122 0 0
675 176 122 0 0
676 175 122 0 0
677 176 122 0 0
678 175 122 0 0
679 176 122 0 0
680 177 122 0 0
681 178 122 0 0
682 177 122 0 0
683 178 122 0 0
684 179 122 0 0
685 178 122 0 0
686 179 122 0 0
687 180 122 0 0
688 179 122 0 0
689 180 122 0 0
690 181 122 0 0
691 180 122 0 0
692 181 122 0 0
693 182 122 0 0
694 183 122 0 0
695 182 122 0 0
696 183 122 0 0
697 184 122 0 0
698 183 122 0 0
699 184 122 0 0
700 185 122 0 0
701 184 122 0 0
702 185 122 0 0
703 186 122 0 0
704 185 122 0 0
705 186 122 0 0
706 187 122 0 0
707 186 122 0 0
708 187 122 0 0
709 188 122 0 0
710 187 122 0 0
711 188 122 0 0
712 189 122 0 0
713 188 122 0 0
714 189 122 0 0
715 190 122 0 0
716 189 122 0 0
717 190 122 0 0
718 191 122 0 0
719 192 122 0 0
720 191 122 0 0
721 192 122 0 0
722 193 122 0 0
723 192 122 0 0
724 193 122 0 0
725 194 122 0 0
726 193 122 0 0
727 194 122 0 0
728 195 122 0 0
729 194 122 0 0
730 195 122 0 0
731 196 122 0 0
