0 101 12 0 0
1 101 13 0 0
2 101 14 0 0
3 101 15 0 0
4 101 16 0 0
5 101 17 0 0
6 101 18 0 0
7 101 19 0 0
8 101 20 0 0
9 101 21 0 0
10 101 22 0 0
11 101 23 0 0
12 101 24 0 0
13 101 25 0 0
14 101 26 0 0
15 101 27 0 0
16 101 28 0 0
17 101 29 0 0
18 102 29 0 0
19 102 30 0 0
20 102 31 0 0
21 102 32 0 0
22 102 33 0 0
23 102 34 0 0
24 102 35 0 0
25 102 36 0 0
26 102 37 0 0
27 102 38 0 0
28 102 39 0 0
29 102 40 0 0
30 102 41 0 0
31 102 42 0 0
32 102 43 0 0
33 102 44 0 0
34 102 45 0 0
35 102 46 0 0
36 102 47 0 0
37 103 47 0 0
38 103 48 0 0
39 103 49 0 0
40 103 50 0 0
41 103 51 0 0
42 103 52 0 0
43 103 53 0 0
44 103 54 0 0
45 103 55 0 0
46 103 56 0 0
47 103 57 0 0
48 103 58 0 0
49 103 59 0 0
50 103 60 0 0
51 104 60 0 0
52 104 61 0 0
53 104 62 0 0
54 104 63 0 0
55 104 64 0 0
56 104 65 0 0
57 104 66 0 0
58 104 67 0 0
59 104 68 0 0
60 104 69 0 0
61 104 70 0 0
62 104 71 0 0
63 104 72 0 0
64 104 73 0 0
65 104 74 0 0
66 104 75 0 0
67 104 76 0 0
68 104 77 0 0
69 105 77 0 0
70 105 78 0 0
71 105 79 0 0
72 105 80 0 0
73 105 81 0 0
74 105 82 0 0
75 105 83 0 0
76 105 84 0 0
77 105 85 0 0
78 105 86 0 0
79 105 87 0 0
80 105 88 0 0
81 105 89 0 0
82 105 90 0 0
83 106 90 0 0
84 106 91 0 0
85 106 92 0 0
86 106 93 0 0
87 106 94 0 0
88 106 95 0 0
89 106 96 0 0
90 106 97 0 0
91 106 98 0 0
92 106 99 0 0
93 107 99 0 0
94 107 100 0 0
95 107 101 0 0
96 107 102 0 0
97 107 103 0 0
98 107 104 0 0
99 108 104 0 0
100 108 105 0 0
101 108 106 0 0
102 108 107 0 0
103 108 108 0 0
104 109 108 0 0
105 109 109 0 0
106 109 110 0 0
107 109 111 0 0
108 109 112 0 0
109 109 113 0 0
110 110 113 0 0
111 110 114 0 0
112 110 115 0 0
113 110 116 0 0
114 110 117 0 0
115 111 117 0 0
116 111 118 0 0
117 111 119 0 0
118 111 120 0 0
119 111 121 0 0
120 111 122 0 0
121 112 122 0 0
122 112 123 0 0
123 112 124 0 0
124 112 125 0 0
125 112 126 0 0
126 112 127 0 0
127 112 128 0 0
128 112 129 0 0
129 112 130 0 0
130 112 131 0 0
131 112 132 0 0
132 112 133 0 0
133 112 134 0 0
134 112 135 0 0
135 112 136 0 0
136 112 137 0 0
137 112 138 0 0
138 112 139 0 0
139 112 140 0 0
140 112 141 0 0
141 112 142 0 0
142 112 143 0 0
143 112 144 0 0
144 112 145 0 0
145 112 146 0 0
146 112 147 0 0
147 112 148 0 0
148 112 149 0 0
149 112 150 0 0
150 112 151 0 0
151 112 152 0 0
152 111 152 0 0
153 111 153 0 0
154 111 154 0 0
155 111 155 0 0
156 111 156 0 0
157 111 157 0 0
158 110 157 0 0
159 110 158 0 0
160 110 159 0 0
161 110 160 0 0
162 109 160 0 0
163 109 161 0 0
164 109 162 0 0
165 109 163 0 0
166 109 164 0 0
167 109 165 0 0
168 108 165 0 0
169 108 166 0 0
170 108 167 0 0
171 108 168 0 0
172 108 169 0 0
173 107 169 0 0
174 107 170 0 0
175 107 171 0 0
176 107 172 0 0
177 107 173 0 0
178 107 174 0 0
179 106 174 0 0
180 106 175 0 0
181 106 176 0 0
182 106 177 0 0
183 106 178 0 0
184 105 178 0 0
185 105 179 0 0
186 105 180 0 0
187 104 180 0 0
188 104 181 0 0
189 104 182 0 0
190 104 183 0 0
191 103 183 0 0
192 103 184 0 0
193 103 185 0 0
194 103 186 0 0
195 103 187 0 0
196 102 187 0 0
197 102 188 0 0
198 102 189 0 0
199 102 190 0 0
200 102 191 0 0
201 102 192 0 0
202 102 193 0 0
203 101 193 0 0
204 101 194 0 0
205 101 195 0 0
206 101 196 0 0
207 101 197 0 0
208 101 198 0 0
209 101 199 0 0
210 101 200 0 0
211 100 200 0 0
212 100 201 0 0
213 100 202 0 0
214 100 203 0 0
215 100 204 0 0
216 99 204 0 0
217 99 205 0 0
218 99 206 0 0
219 99 207 0 0
220 99 208 0 0
221 99 209 0 0
222 99 210 0 0
223 99 211 0 0
224 99 212 0 0
225 99 213 0 0
226 99 214 0 0
227 99 215 0 0
228 98 215 0 0
229 98 216 0 0
230 98 217 0 0
231 98 218 0 0
232 98 219 0 0
233 98 220 0 0
234 98 221 0 0
235 98 222 0 0
236 98 223 0 0
237 98 224 0 0
238 98 225 0 0
239 98 226 0 0
240 98 227 0 0
241 98 228 0 0
242 98 229 0 0
243 97 229 0 0
244 97 230 0 0
245 97 231 0 0
246 97 232 0 0
247 97 233 0 0
248 97 234 0 0
249 97 235 0 0
250 97 236 0 0
251 97 237 0 0
252 97 238 0 0
253 97 239 0 0
254 97 240 0 0
255 97 241 0 0
256 97 242 0 0
257 97 243 0 0
258 97 244 0 0
259 97 245 0 0
260 97 246 0 0
261 97 247 0 0
262 97 248 0 0
263 97 249 0 0
264 97 250 0 0
265 97 251 0 0
266 97 252 0 0
267 97 253 0 0
268 97 254 0 0
269 97 255 0 0
270 97 256 0 0
271 97 257 0 0
272 97 258 0 0
273 97 259 0 0
274 97 260 0 0
275 97 261 0 0
276 97 262 0 0
277 97 263 0 0
278 97 264 0 0
279 97 265 0 0
280 97 266 0 0
281 97 267 0 0
282 97 268 0 0
