0 19800 1400 0 0
1 19800 1600 0 0
2 19800 1800 0 0
3 19800 2000 0 0
4 19800 2200 0 0
5 19800 2400 0 0
6 19800 2600 0 0
7 19800 2800 0 0
8 19800 3000 0 0
9 19800 3200 0 0
10 19800 3400 0 0
11 19800 3600 0 0
12 19800 3800 0 0
13 19800 4000 0 0
14 19800 4200 0 0
15 19800 4400 0 0
16 19800 4600 0 0
17 19800 4800 0 0
18 19800 5000 0 0
19 19800 5200 0 0
20 19800 5400 0 0
21 19800 5600 0 0
22 19800 5800 0 0
23 19800 6000 0 0
24 19800 6200 0 0
25 19800 6400 0 0
26 19800 6600 0 0
27 19800 6800 0 0
28 19800 7000 0 0
29 19800 7200 0 0
30 19800 7400 0 0
31 19800 7600 0 0
32 19800 7800 0 0
33 19800 8000 0 0
34 19800 8200 0 0
35 19800 8400 0 0
36 19800 8600 0 0
37 19800 8800 0 0
38 19800 9000 0 0
39 19800 9200 0 0
40 19800 9400 0 0
41 19800 9600 0 0
42 19800 9800 0 0
43 19800 10000 0 0
44 19800 10200 0 0
45 19800 10400 0 0
46 19800 10600 0 0
47 19800 10800 0 0
48 19800 11000 0 0
49 19800 11200 0 0
50 19800 11400 0 0
51 19800 11600 0 0
52 19800 11800 0 0
53 19800 12000 0 0
54 19800 12200 0 0
55 19800 12400 0 0
56 19800 12600 0 0
57 19800 12800 0 0
58 19800 13000 0 0
59 19800 13200 0 0
60 19800 13400 0 0
61 20000 13400 0 0
62 20000 13600 0 0
63 20000 13800 0 0
64 20000 14000 0 0
65 20000 14200 0 0
66 20200 14200 0 0
67 20200 14400 0 0
68 20200 14600 0 0
69 20200 14800 0 0
70 20200 15000 0 0
71 20200 15200 0 0
72 20400 15200 0 0
73 20400 15400 0 0
74 20400 15600 0 0
75 20400 15800 0 0
76 20400 16000 0 0
77 20600 16000 0 0
78 20600 16200 0 0
79 20600 16400 0 0
80 20600 16600 0 0
81 20600 16800 0 0
82 20600 17000 0 0
83 20800 17000 0 0
84 20800 17200 0 0
85 20800 17400 0 0
86 20800 17600 0 0
87 20800 17800 0 0
88 20800 18000 0 0
89 21000 18000 0 0
90 21000 18200 0 0
91 21000 18400 0 0
92 21000 18600 0 0
93 21200 18600 0 0
94 21200 18800 0 0
95 21200 19000 0 0
96 21200 19200 0 0
97 21200 19400 0 0
98 21200 19600 0 0
99 21400 19600 0 0
100 21400 19800 0 0
101 21400 20000 0 0
102 21400 20200 0 0
103 21600 20200 0 0
104 21600 20400 0 0
105 21600 20600 0 0
106 21600 20800 0 0
107 21800 20800 0 0
108 21800 21000 0 0
109 21800 21200 0 0
110 21800 21400 0 0
111 21800 21600 0 0
112 22000 21600 0 0
113 22000 21800 0 0
114 22000 22000 0 0
115 22000 22200 0 0
116 22200 22200 0 0
117 22200 22400 0 0
118 22200 22600 0 0
119 22200 22800 0 0
120 22400 22800 0 0
121 22400 23000 0 0
122 22200 23000 0 0
123 22200 23200 0 0
124 22200 23400 0 0
125 22200 23600 0 0
126 22200 23800 0 0
127 22200 24000 0 0
128 22200 24200 0 0
129 22200 24400 0 0
130 22200 24600 0 0
131 22200 24800 0 0
132 22200 25000 0 0
133 22200 25200 0 0
134 22200 25400 0 0
135 22200 25600 0 0
136 22200 25800 0 0
137 22200 26000 0 0
138 22200 26200 0 0
139 22200 26400 0 0
140 22200 26600 0 0
141 22200 26800 0 0
142 22200 27000 0 0
143 22200 27200 0 0
144 22200 27400 0 0
145 22200 27600 0 0
146 22200 27800 0 0
147 22200 28000 0 0
148 22200 28200 0 0
149 22200 28400 0 0
150 22200 28600 0 0
151 22200 28800 0 0
152 22200 29000 0 0
153 22200 29200 0 0
154 22200 29400 0 0
155 22200 29600 0 0
156 22200 29800 0 0
157 22200 30000 0 0
158 22200 30200 0 0
159 22200 30400 0 0
160 22000 30400 0 0
161 22000 30600 0 0
162 22000 30800 0 0
163 22000 31000 0 0
164 21800 31000 0 0
165 21800 31200 0 0
166 21800 31400 0 0
167 21600 31400 0 0
168 21600 31600 0 0
169 21600 31800 0 0
170 21600 32000 0 0
171 21400 32000 0 0
172 21400 32200 0 0
173 21400 32400 0 0
174 21400 32600 0 0
175 21200 32600 0 0
176 21200 32800 0 0
177 21200 33000 0 0
178 21000 33000 0 0
179 21000 33200 0 0
180 21000 33400 0 0
181 21000 33600 0 0
182 21000 33800 0 0
183 21000 34000 0 0
184 21000 34200 0 0
185 21000 34400 0 0
186 21000 34600 0 0
187 21000 34800 0 0
188 21000 35000 0 0
189 21000 35200 0 0
190 21000 35400 0 0
191 21000 35600 0 0
192 20800 35600 0 0
193 20800 35800 0 0
194 20800 36000 0 0
195 20800 36200 0 0
196 20800 36400 0 0
197 20800 36600 0 0
198 21000 36600 0 0
199 21000 36800 0 0
200 21000 37000 0 0
201 21000 37200 0 0
202 21000 37400 0 0
203 21000 37600 0 0
204 21200 37600 0 0
205 21200 37800 0 0
206 21200 38000 0 0
207 21200 38200 0 0
208 21200 38400 0 0
209 21400 38400 0 0
210 21400 38600 0 0
211 21400 38800 0 0
212 21400 39000 0 0
213 21400 39200 0 0
214 21400 39400 0 0
215 21600 39400 0 0
216 21600 39600 0 0
217 21600 39800 0 0
218 21600 40000 0 0
219 21600 40200 0 0
220 21600 40400 0 0
221 21600 40600 0 0
222 21600 40800 0 0
223 21600 41000 0 0
224 21600 41200 0 0
225 21600 41400 0 0
226 21600 41600 0 0
227 21600 41800 0 0
228 21600 42000 0 0
229 21600 42200 0 0
230 21600 42400 0 0
231 21600 42600 0 0
232 21600 42800 0 0
233 21600 43000 0 0
234 21600 43200 0 0
235 21600 43400 0 0
236 21600 43600 0 0
237 21600 43800 0 0
238 21600 44000 0 0
239 21600 44200 0 0
240 21600 44400 0 0
241 21600 44600 0 0
242 21600 44800 0 0
243 21600 45000 0 0
244 21600 45200 0 0
245 21600 45400 0 0
246 21600 45600 0 0
247 21800 45600 0 0
248 21800 45800 0 0
249 21800 46000 0 0
250 21800 46200 0 0
251 21800 46400 0 0
252 21800 46600 0 0
253 21800 46800 0 0
254 21800 47000 0 0
255 22000 47000 0 0
256 22000 47200 0 0
257 22000 47400 0 0
258 22000 47600 0 0
259 22000 47800 0 0
260 22000 48000 0 0
261 22000 48200 0 0
262 22000 48400 0 0
263 22200 48400 0 0
264 22200 48600 0 0
265 22200 48800 0 0
266 22200 49000 0 0
267 22200 49200 0 0
268 22400 49200 0 0
269 22400 49400 0 0
270 22400 49600 0 0
271 22400 49800 0 0
272 22600 49800 0 0
273 22600 50000 0 0
274 22600 50200 0 0
275 22600 50400 0 0
276 22600 50600 0 0
277 22800 50600 0 0
278 22800 50800 0 0
279 22800 51000 0 0
280 22800 51200 0 0
281 22800 51400 0 0
282 23000 51400 0 0
283 23000 51600 0 0
284 23000 51800 0 0
285 23200 51800 0 0
286 23200 52000 0 0
287 23200 52200 0 0
288 23200 52400 0 0
289 23400 52400 0 0
290 23400 52600 0 0
291 23400 52800 0 0
292 23400 53000 0 0
293 23600 53000 0 0
294 23600 53200 0 0
