0 95 7 0 0
1 95 8 0 0
2 95 9 0 0
3 96 9 0 0
4 95 9 0 0
5 96 9 0 0
6 95 9 0 0
7 95 10 0 0
8 96 10 0 0
9 95 10 0 0
10 96 10 0 0
11 95 10 0 0
12 95 11 0 0
13 96 11 0 0
14 95 11 0 0
15 96 11 0 0
16 95 11 0 0
17 95 12 0 0
18 96 12 0 0
19 95 12 0 0
20 95 13 0 0
21 96 13 0 0
22 95 13 0 0
23 96 13 0 0
24 95 13 0 0
25 95 14 0 0
26 96 14 0 0
27 95 14 0 0
28 96 14 0 0
29 95 14 0 0
30 95 15 0 0
31 96 15 0 0
32 95 15 0 0
33 96 15 0 0
34 95 15 0 0
35 95 16 0 0
36 96 16 0 0
37 95 16 0 0
38 95 17 0 0
39 96 17 0 0
40 95 17 0 0
41 96 17 0 0
42 95 17 0 0
43 95 18 0 0
44 96 18 0 0
45 95 18 0 0
46 96 18 0 0
47 95 18 0 0
48 95 19 0 0
49 96 19 0 0
50 95 19 0 0
51 96 19 0 0
52 95 19 0 0
53 95 20 0 0
54 96 20 0 0
55 95 20 0 0
56 95 21 0 0
57 96 21 0 0
58 95 21 0 0
59 96 21 0 0
60 95 21 0 0
61 95 22 0 0
62 96 22 0 0
63 95 22 0 0
64 96 22 0 0
65 95 22 0 0
66 95 23 0 0
67 96 23 0 0
68 95 23 0 0
69 95 24 0 0
70 96 24 0 0
71 95 24 0 0
72 96 24 0 0
73 95 24 0 0
74 95 25 0 0
75 96 25 0 0
76 95 25 0 0
77 96 25 0 0
78 95 25 0 0
79 95 26 0 0
80 96 26 0 0
81 95 26 0 0
82 96 26 0 0
83 95 26 0 0
84 95 27 0 0
85 96 27 0 0
86 95 27 0 0
87 95 28 0 0
88 96 28 0 0
89 95 28 0 0
90 96 28 0 0
91 95 28 0 0
92 95 29 0 0
93 96 29 0 0
94 95 29 0 0
95 96 29 0 0
96 95 29 0 0
97 95 30 0 0
98 96 30 0 0
99 95 30 0 0
100 96 30 0 0
101 95 30 0 0
102 95 31 0 0
103 96 31 0 0
104 95 31 0 0
105 95 32 0 0
106 96 32 0 0
107 95 32 0 0
108 96 32 0 0
109 95 32 0 0
110 95 33 0 0
111 96 33 0 0
112 95 33 0 0
113 96 33 0 0
114 95 33 0 0
115 95 34 0 0
116 96 34 0 0
117 95 34 0 0
118 95 35 0 0
119 96 35 0 0
120 95 35 0 0
121 95 36 0 0
122 96 36 0 0
123 95 36 0 0
124 96 36 0 0
125 95 36 0 0
126 95 37 0 0
127 96 37 0 0
128 95 37 0 0
129 96 37 0 0
130 95 37 0 0
131 95 38 0 0
132 96 38 0 0
133 95 38 0 0
134 95 39 0 0
135 96 39 0 0
136 95 39 0 0
137 96 39 0 0
138 95 39 0 0
139 95 40 0 0
140 96 40 0 0
141 95 40 0 0
142 96 40 0 0
143 95 40 0 0
144 95 41 0 0
145 96 41 0 0
146 95 41 0 0
147 96 41 0 0
148 95 41 0 0
149 95 42 0 0
150 96 42 0 0
151 95 42 0 0
152 95 43 0 0
153 96 43 0 0
154 95 43 0 0
155 96 43 0 0
156 95 43 0 0
157 95 44 0 0
158 96 44 0 0
159 95 44 0 0
160 96 44 0 0
161 95 44 0 0
162 95 45 0 0
163 96 45 0 0
164 95 45 0 0
165 96 45 0 0
166 95 45 0 0
167 95 46 0 0
168 96 46 0 0
169 95 46 0 0
170 95 47 0 0
171 96 47 0 0
172 95 47 0 0
173 96 47 0 0
174 95 47 0 0
175 95 48 0 0
176 96 48 0 0
177 95 48 0 0
178 96 48 0 0
179 95 48 0 0
180 95 49 0 0
181 96 49 0 0
182 95 49 0 0
183 96 49 0 0
184 95 49 0 0
185 95 50 0 0
186 96 50 0 0
187 95 50 0 0
188 95 51 0 0
189 96 51 0 0
190 95 51 0 0
191 96 51 0 0
192 95 51 0 0
193 95 52 0 0
194 96 52 0 0
195 95 52 0 0
196 96 52 0 0
197 95 52 0 0
198 95 53 0 0
199 96 53 0 0
200 95 53 0 0
201 96 53 0 0
202 95 53 0 0
203 95 54 0 0
204 96 54 0 0
205 95 54 0 0
206 95 55 0 0
207 96 55 0 0
208 95 55 0 0
209 96 55 0 0
210 95 55 0 0
211 95 56 0 0
212 96 56 0 0
213 95 56 0 0
214 96 56 0 0
215 95 56 0 0
216 95 57 0 0
217 96 57 0 0
218 95 57 0 0
219 95 58 0 0
220 96 58 0 0
221 95 58 0 0
222 96 58 0 0
223 95 58 0 0
224 95 59 0 0
225 96 59 0 0
226 95 59 0 0
227 96 59 0 0
228 95 59 0 0
229 95 60 0 0
230 96 60 0 0
231 95 60 0 0
232 96 60 0 0
233 95 60 0 0
234 95 61 0 0
235 95 62 0 0
236 96 62 0 0
237 95 62 0 0
238 96 62 0 0
239 95 62 0 0
240 95 63 0 0
241 96 63 0 0
242 97 63 0 0
243 96 63 0 0
244 96 64 0 0
245 97 64 0 0
246 96 64 0 0
247 97 64 0 0
248 96 64 0 0
249 96 65 0 0
250 97 65 0 0
251 96 65 0 0
252 96 66 0 0
253 97 66 0 0
254 96 66 0 0
255 97 66 0 0
256 96 66 0 0
257 96 67 0 0
258 97 67 0 0
259 96 67 0 0
260 96 68 0 0
261 97 68 0 0
262 98 68 0 0
263 97 68 0 0
264 97 69 0 0
265 98 69 0 0
266 97 69 0 0
267 97 70 0 0
268 98 70 0 0
269 97 70 0 0
270 98 70 0 0
271 97 70 0 0
272 97 71 0 0
273 98 71 0 0
274 97 71 0 0
275 98 71 0 0
276 98 72 0 0
277 99 72 0 0
278 98 72 0 0
279 98 73 0 0
280 99 73 0 0
281 98 73 0 0
282 99 73 0 0
283 98 73 0 0
284 98 74 0 0
285 99 74 0 0
286 98 74 0 0
287 98 75 0 0
288 99 75 0 0
289 98 75 0 0
290 99 75 0 0
291 98 75 0 0
292 98 76 0 0
293 99 76 0 0
294 98 76 0 0
295 98 77 0 0
296 99 77 0 0
297 100 77 0 0
298 99 77 0 0
299 99 78 0 0
300 100 78 0 0
301 99 78 0 0
302 100 78 0 0
303 99 78 0 0
304 99 79 0 0
305 100 79 0 0
306 99 79 0 0
307 100 79 0 0
308 99 79 0 0
309 99 80 0 0
310 99 81 0 0
311 100 81 0 0
312 101 81 0 0
313 100 81 0 0
314 100 82 0 0
315 101 82 0 0
316 100 82 0 0
317 101 82 0 0
318 100 82 0 0
319 100 83 0 0
320 101 83 0 0
321 100 83 0 0
322 100 84 0 0
323 101 84 0 0
324 100 84 0 0
325 101 84 0 0
326 100 84 0 0
327 100 85 0 0
328 101 85 0 0
329 100 85 0 0
330 101 85 0 0
331 101 86 0 0
332 102 86 0 0
333 101 86 0 0
334 101 87 0 0
335 102 87 0 0
336 101 87 0 0
337 101 88 0 0
338 102 88 0 0
339 101 88 0 0
340 102 88 0 0
341 101 88 0 0
342 101 89 0 0
343 102 89 0 0
344 101 89 0 0
345 102 89 0 0
346 102 90 0 0
347 103 90 0 0
348 102 90 0 0
349 103 90 0 0
350 102 90 0 0
351 102 91 0 0
352 103 91 0 0
353 102 91 0 0
354 102 92 0 0
355 103 92 0 0
356 102 92 0 0
357 103 92 0 0
358 102 92 0 0
359 102 93 0 0
360 103 93 0 0
361 102 93 0 0
362 102 94 0 0
363 103 94 0 0
364 102 94 0 0
365 103 94 0 0
366 103 95 0 0
367 104 95 0 0
368 103 95 0 0
369 103 96 0 0
370 104 96 0 0
371 103 96 0 0
372 104 96 0 0
373 103 96 0 0
374 103 97 0 0
375 104 97 0 0
376 103 97 0 0
377 104 97 0 0
378 103 97 0 0
379 103 98 0 0
380 104 98 0 0
381 103 98 0 0
382 103 99 0 0
383 104 99 0 0
384 103 99 0 0
385 103 100 0 0
386 104 100 0 0
387 105 100 0 0
388 104 100 0 0
389 104 101 0 0
390 105 101 0 0
391 104 101 0 0
392 105 101 0 0
393 104 101 0 0
394 104 102 0 0
395 105 102 0 0
396 104 102 0 0
397 104 103 0 0
398 105 103 0 0
399 104 103 0 0
400 105 103 0 0
401 105 104 0 0
402 106 104 0 0
403 105 104 0 0
404 106 104 0 0
405 105 104 0 0
406 105 105 0 0
407 106 105 0 0
408 105 105 0 0
409 105 106 0 0
410 106 106 0 0
411 105 106 0 0
412 105 107 0 0
413 106 107 0 0
414 105 107 0 0
415 106 107 0 0
416 105 107 0 0
417 105 108 0 0
418 106 108 0 0
419 105 108 0 0
420 106 108 0 0
421 105 108 0 0
422 105 109 0 0
423 106 109 0 0
424 105 109 0 0
425 106 109 0 0
426 105 109 0 0
427 105 110 0 0
428 106 110 0 0
429 105 110 0 0
430 105 111 0 0
431 106 111 0 0
432 105 111 0 0
433 106 111 0 0
434 105 111 0 0
435 105 112 0 0
436 106 112 0 0
437 107 112 0 0
438 106 112 0 0
439 106 113 0 0
440 107 113 0 0
441 106 113 0 0
442 106 114 0 0
443 107 114 0 0
444 106 114 0 0
445 107 114 0 0
446 106 114 0 0
447 106 115 0 0
448 107 115 0 0
449 106 115 0 0
450 107 115 0 0
451 106 115 0 0
452 106 116 0 0
453 107 116 0 0
454 106 116 0 0
455 107 116 0 0
456 106 116 0 0
457 106 117 0 0
458 107 117 0 0
459 106 117 0 0
460 106 118 0 0
461 107 118 0 0
462 106 118 0 0
463 107 118 0 0
464 107 119 0 0
465 108 119 0 0
466 107 119 0 0
467 108 119 0 0
468 107 119 0 0
469 107 120 0 0
470 108 120 0 0
471 107 120 0 0
472 108 120 0 0
473 107 120 0 0
474 107 121 0 0
475 108 121 0 0
476 107 121 0 0
477 107 122 0 0
478 108 122 0 0
479 107 122 0 0
480 108 122 0 0
481 107 122 0 0
482 107 123 0 0
483 108 123 0 0
484 107 123 0 0
485 107 124 0 0
486 108 124 0 0
487 107 124 0 0
488 108 124 0 0
489 107 124 0 0
490 107 125 0 0
491 108 125 0 0
492 107 125 0 0
493 107 126 0 0
494 108 126 0 0
495 107 126 0 0
496 108 126 0 0
497 107 126 0 0
498 107 127 0 0
499 108 127 0 0
500 107 127 0 0
501 108 127 0 0
502 108 128 0 0
503 109 128 0 0
504 108 128 0 0
505 108 129 0 0
506 109 129 0 0
507 108 129 0 0
508 109 129 0 0
509 108 129 0 0
510 108 130 0 0
511 109 130 0 0
512 108 130 0 0
513 109 130 0 0
514 108 130 0 0
515 108 131 0 0
516 109 131 0 0
517 108 131 0 0
518 109 131 0 0
519 108 131 0 0
520 108 132 0 0
521 109 132 0 0
522 108 132 0 0
523 108 133 0 0
524 109 133 0 0
525 108 133 0 0
526 109 133 0 0
527 108 133 0 0
528 108 134 0 0
529 109 134 0 0
530 108 134 0 0
531 109 134 0 0
532 108 134 0 0
533 108 135 0 0
534 109 135 0 0
535 108 135 0 0
536 109 135 0 0
537 108 135 0 0
538 108 136 0 0
539 109 136 0 0
540 109 137 0 0
541 110 137 0 0
542 109 137 0 0
543 110 137 0 0
544 109 137 0 0
545 109 138 0 0
546 110 138 0 0
547 109 138 0 0
548 110 138 0 0
549 109 138 0 0
550 109 139 0 0
551 110 139 0 0
552 109 139 0 0
553 109 140 0 0
554 110 140 0 0
555 109 140 0 0
556 110 140 0 0
557 109 140 0 0
558 109 141 0 0
559 110 141 0 0
560 109 141 0 0
561 109 142 0 0
562 110 142 0 0
563 109 142 0 0
564 110 142 0 0
565 109 142 0 0
566 109 143 0 0
567 110 143 0 0
568 109 143 0 0
569 109 144 0 0
570 108 144 0 0
571 109 144 0 0
572 108 144 0 0
573 108 145 0 0
574 109 145 0 0
575 108 145 0 0
576 109 145 0 0
577 108 145 0 0
578 108 146 0 0
579 109 146 0 0
580 108 146 0 0
581 109 146 0 0
582 108 146 0 0
583 108 147 0 0
584 109 147 0 0
585 108 147 0 0
586 108 148 0 0
587 109 148 0 0
588 108 148 0 0
589 107 148 0 0
590 107 149 0 0
591 108 149 0 0
592 107 149 0 0
593 108 149 0 0
594 107 149 0 0
595 107 150 0 0
596 108 150 0 0
597 107 150 0 0
598 108 150 0 0
599 107 150 0 0
600 107 151 0 0
601 108 151 0 0
602 107 151 0 0
603 107 152 0 0
604 108 152 0 0
605 107 152 0 0
606 108 152 0 0
607 107 152 0 0
608 107 153 0 0
609 106 153 0 0
610 106 154 0 0
611 107 154 0 0
612 106 154 0 0
613 107 154 0 0
614 106 154 0 0
615 106 155 0 0
616 107 155 0 0
617 106 155 0 0
618 107 155 0 0
619 106 155 0 0
620 106 156 0 0
621 107 156 0 0
622 106 156 0 0
623 107 156 0 0
624 106 156 0 0
625 106 157 0 0
626 107 157 0 0
627 106 157 0 0
628 106 158 0 0
629 107 158 0 0
630 106 158 0 0
631 105 158 0 0
632 105 159 0 0
633 106 159 0 0
634 105 159 0 0
635 106 159 0 0
636 105 159 0 0
637 105 160 0 0
638 106 160 0 0
639 105 160 0 0
640 106 160 0 0
641 105 160 0 0
642 105 161 0 0
643 106 161 0 0
644 105 161 0 0
645 106 161 0 0
646 105 161 0 0
647 105 162 0 0
648 106 162 0 0
649 105 162 0 0
650 105 163 0 0
651 106 163 0 0
652 105 163 0 0
653 106 163 0 0
654 105 163 0 0
655 105 164 0 0
656 104 164 0 0
657 104 165 0 0
658 105 165 0 0
659 104 165 0 0
660 105 165 0 0
661 104 165 0 0
662 104 166 0 0
663 105 166 0 0
664 104 166 0 0
665 105 166 0 0
666 104 166 0 0
667 104 167 0 0
668 105 167 0 0
669 104 167 0 0
670 105 167 0 0
671 104 167 0 0
672 104 168 0 0
673 105 168 0 0
674 104 168 0 0
675 104 169 0 0
676 105 169 0 0
677 104 169 0 0
678 103 169 0 0
679 103 170 0 0
680 104 170 0 0
681 103 170 0 0
682 104 170 0 0
683 103 170 0 0
684 103 171 0 0
685 104 171 0 0
686 103 171 0 0
687 103 172 0 0
688 104 172 0 0
689 103 172 0 0
690 104 172 0 0
691 103 172 0 0
692 103 173 0 0
693 104 173 0 0
694 103 173 0 0
695 103 174 0 0
696 104 174 0 0
697 103 174 0 0
698 104 174 0 0
699 103 174 0 0
700 103 175 0 0
701 104 175 0 0
702 103 175 0 0
703 104 175 0 0
704 103 175 0 0
705 103 176 0 0
706 104 176 0 0
707 103 176 0 0
708 104 176 0 0
709 103 176 0 0
710 103 177 0 0
711 104 177 0 0
712 103 177 0 0
713 103 178 0 0
714 102 178 0 0
715 103 178 0 0
716 102 178 0 0
717 102 179 0 0
718 103 179 0 0
719 102 179 0 0
720 103 179 0 0
721 102 179 0 0
722 102 180 0 0
723 103 180 0 0
724 102 180 0 0
725 103 180 0 0
726 102 180 0 0
727 102 181 0 0
728 103 181 0 0
729 102 181 0 0
730 102 182 0 0
731 103 182 0 0
732 102 182 0 0
733 103 182 0 0
734 102 182 0 0
735 102 183 0 0
736 103 183 0 0
737 102 183 0 0
738 101 183 0 0
739 101 184 0 0
740 102 184 0 0
741 101 184 0 0
742 102 184 0 0
743 101 184 0 0
744 101 185 0 0
745 102 185 0 0
746 101 185 0 0
747 101 186 0 0
748 102 186 0 0
749 101 186 0 0
750 102 186 0 0
751 101 186 0 0
752 101 187 0 0
753 102 187 0 0
754 101 187 0 0
755 102 187 0 0
756 101 187 0 0
757 101 188 0 0
758 102 188 0 0
759 101 188 0 0
760 102 188 0 0
761 101 188 0 0
762 101 189 0 0
763 102 189 0 0
764 101 189 0 0
765 101 190 0 0
766 102 190 0 0
767 101 190 0 0
768 102 190 0 0
769 101 190 0 0
770 101 191 0 0
771 102 191 0 0
772 101 191 0 0
773 100 191 0 0
774 100 192 0 0
775 101 192 0 0
776 100 192 0 0
777 100 193 0 0
778 101 193 0 0
779 100 193 0 0
780 101 193 0 0
781 100 193 0 0
782 100 194 0 0
783 101 194 0 0
784 100 194 0 0
785 101 194 0 0
786 100 194 0 0
787 100 195 0 0
788 101 195 0 0
789 100 195 0 0
790 101 195 0 0
791 100 195 0 0
792 100 196 0 0
793 101 196 0 0
794 100 196 0 0
795 100 197 0 0
796 101 197 0 0
797 100 197 0 0
798 101 197 0 0
799 100 197 0 0
800 100 198 0 0
801 99 198 0 0
802 100 198 0 0
803 99 198 0 0
804 99 199 0 0
805 100 199 0 0
806 99 199 0 0
807 100 199 0 0
808 99 199 0 0
809 99 200 0 0
810 100 200 0 0
811 99 200 0 0
812 99 201 0 0
813 100 201 0 0
814 99 201 0 0
815 100 201 0 0
816 99 201 0 0
817 99 202 0 0
818 100 202 0 0
819 99 202 0 0
820 100 202 0 0
821 99 202 0 0
822 99 203 0 0
823 100 203 0 0
824 99 203 0 0
825 99 204 0 0
826 100 204 0 0
827 99 204 0 0
828 100 204 0 0
829 99 204 0 0
830 99 205 0 0
831 100 205 0 0
832 99 205 0 0
833 100 205 0 0
834 99 205 0 0
835 99 206 0 0
836 98 206 0 0
837 99 206 0 0
838 98 206 0 0
839 98 207 0 0
840 99 207 0 0
841 98 207 0 0
842 98 208 0 0
843 99 208 0 0
844 98 208 0 0
845 99 208 0 0
846 98 208 0 0
847 98 209 0 0
848 99 209 0 0
849 98 209 0 0
850 99 209 0 0
851 98 209 0 0
852 98 210 0 0
853 99 210 0 0
854 98 210 0 0
855 98 211 0 0
856 99 211 0 0
857 98 211 0 0
858 98 212 0 0
859 99 212 0 0
860 98 212 0 0
861 99 212 0 0
862 98 212 0 0
863 98 213 0 0
864 99 213 0 0
865 98 213 0 0
866 99 213 0 0
867 98 213 0 0
868 98 214 0 0
869 99 214 0 0
870 98 214 0 0
871 99 214 0 0
872 98 214 0 0
873 98 215 0 0
874 99 215 0 0
875 98 215 0 0
876 98 216 0 0
877 99 216 0 0
878 98 216 0 0
879 97 216 0 0
880 97 217 0 0
881 98 217 0 0
882 97 217 0 0
883 98 217 0 0
884 97 217 0 0
885 97 218 0 0
886 98 218 0 0
887 97 218 0 0
888 97 219 0 0
889 98 219 0 0
890 97 219 0 0
891 98 219 0 0
892 97 219 0 0
893 97 220 0 0
894 98 220 0 0
895 97 220 0 0
896 98 220 0 0
897 97 220 0 0
898 97 221 0 0
899 98 221 0 0
900 97 221 0 0
901 98 221 0 0
902 97 221 0 0
903 97 222 0 0
904 97 223 0 0
905 98 223 0 0
906 97 223 0 0
907 98 223 0 0
908 97 223 0 0
909 97 224 0 0
910 98 224 0 0
911 97 224 0 0
912 98 224 0 0
913 97 224 0 0
914 97 225 0 0
915 98 225 0 0
916 97 225 0 0
917 98 225 0 0
918 97 225 0 0
919 97 226 0 0
920 98 226 0 0
921 97 226 0 0
922 97 227 0 0
923 98 227 0 0
924 97 227 0 0
925 98 227 0 0
926 97 227 0 0
927 97 228 0 0
928 98 228 0 0
929 97 228 0 0
930 98 228 0 0
931 97 228 0 0
932 97 229 0 0
933 98 229 0 0
934 97 229 0 0
935 98 229 0 0
936 97 229 0 0
937 97 230 0 0
938 98 230 0 0
939 97 230 0 0
940 97 231 0 0
941 98 231 0 0
942 97 231 0 0
943 98 231 0 0
944 97 231 0 0
945 97 232 0 0
946 98 232 0 0
947 97 232 0 0
948 98 232 0 0
949 97 232 0 0
950 97 233 0 0
951 98 233 0 0
952 97 233 0 0
953 97 234 0 0
954 98 234 0 0
955 97 234 0 0
956 98 234 0 0
957 97 234 0 0
958 97 235 0 0
959 98 235 0 0
960 97 235 0 0
961 97 236 0 0
962 98 236 0 0
963 97 236 0 0
964 98 236 0 0
965 97 236 0 0
966 97 237 0 0
967 98 237 0 0
968 97 237 0 0
969 97 238 0 0
970 98 238 0 0
971 97 238 0 0
972 98 238 0 0
973 97 238 0 0
974 97 239 0 0
975 98 239 0 0
976 97 239 0 0
977 98 239 0 0
978 97 239 0 0
979 97 240 0 0
980 98 240 0 0
981 97 240 0 0
982 98 240 0 0
983 97 240 0 0
984 97 241 0 0
985 98 241 0 0
986 97 241 0 0
987 97 242 0 0
988 96 242 0 0
989 97 242 0 0
990 96 242 0 0
991 96 243 0 0
992 97 243 0 0
993 96 243 0 0
994 97 243 0 0
995 96 243 0 0
996 96 244 0 0
997 97 244 0 0
998 96 244 0 0
999 97 244 0 0
1000 96 244 0 0
1001 96 245 0 0
1002 97 245 0 0
1003 96 245 0 0
1004 96 246 0 0
1005 97 246 0 0
1006 96 246 0 0
1007 97 246 0 0
1008 96 246 0 0
1009 96 247 0 0
1010 97 247 0 0
1011 96 247 0 0
1012 96 248 0 0
1013 97 248 0 0
1014 96 248 0 0
1015 97 248 0 0
1016 96 248 0 0
1017 96 249 0 0
1018 97 249 0 0
1019 96 249 0 0
1020 96 250 0 0
1021 97 250 0 0
1022 96 250 0 0
1023 97 250 0 0
1024 96 250 0 0
1025 96 251 0 0
1026 97 251 0 0
1027 96 251 0 0
1028 97 251 0 0
1029 96 251 0 0
1030 96 252 0 0
1031 97 252 0 0
1032 96 252 0 0
1033 96 253 0 0
1034 97 253 0 0
1035 96 253 0 0
1036 97 253 0 0
1037 96 253 0 0
1038 96 254 0 0
1039 97 254 0 0
1040 96 254 0 0
1041 97 254 0 0
1042 96 254 0 0
1043 96 255 0 0
1044 97 255 0 0
1045 96 255 0 0
1046 97 255 0 0
1047 96 255 0 0
1048 96 256 0 0
1049 97 256 0 0
1050 96 256 0 0
1051 96 257 0 0
1052 97 257 0 0
1053 96 257 0 0
1054 97 257 0 0
1055 96 257 0 0
1056 96 258 0 0
1057 97 258 0 0
1058 96 258 0 0
1059 97 258 0 0
1060 96 258 0 0
1061 96 259 0 0
1062 97 259 0 0
1063 96 259 0 0
1064 97 259 0 0
1065 96 259 0 0
1066 96 260 0 0
1067 96 261 0 0
