0 193 153 0 0
1 192 153 0 0
2 193 153 0 0
3 192 153 0 0
4 193 153 0 0
5 192 153 0 0
6 191 153 0 0
7 192 153 0 0
8 191 153 0 0
9 192 153 0 0
10 191 153 0 0
11 190 153 0 0
12 191 153 0 0
13 190 153 0 0
14 190 154 0 0
15 189 154 0 0
16 190 154 0 0
17 189 154 0 0
18 190 154 0 0
19 189 154 0 0
20 188 154 0 0
21 189 154 0 0
22 188 154 0 0
23 187 154 0 0
24 188 154 0 0
25 187 154 0 0
26 188 154 0 0
27 187 154 0 0
28 186 154 0 0
29 187 154 0 0
30 186 154 0 0
31 187 154 0 0
32 186 154 0 0
33 185 154 0 0
34 186 154 0 0
35 185 154 0 0
36 184 154 0 0
37 185 154 0 0
38 184 154 0 0
39 185 154 0 0
40 184 154 0 0
41 183 154 0 0
42 183 155 0 0
43 184 155 0 0
44 183 155 0 0
45 182 155 0 0
46 183 155 0 0
47 182 155 0 0
48 181 155 0 0
49 182 155 0 0
50 181 155 0 0
51 182 155 0 0
52 181 155 0 0
53 180 155 0 0
54 181 155 0 0
55 180 155 0 0
56 179 155 0 0
57 179 156 0 0
58 180 156 0 0
59 179 156 0 0
60 180 156 0 0
61 179 156 0 0
62 178 156 0 0
63 179 156 0 0
64 178 156 0 0
65 177 156 0 0
66 178 156 0 0
67 177 156 0 0
68 178 156 0 0
69 177 156 0 0
70 176 156 0 0
71 177 156 0 0
72 176 156 0 0
73 175 156 0 0
74 176 156 0 0
75 175 156 0 0
76 176 156 0 0
77 175 156 0 0
78 174 156 0 0
79 175 156 0 0
80 174 156 0 0
81 175 156 0 0
82 174 156 0 0
83 173 156 0 0
84 174 156 0 0
85 173 156 0 0
86 173 157 0 0
87 172 157 0 0
88 173 157 0 0
89 172 157 0 0
90 173 157 0 0
91 172 157 0 0
92 171 157 0 0
93 172 157 0 0
94 171 157 0 0
95 172 157 0 0
96 171 157 0 0
97 170 157 0 0
98 171 157 0 0
99 170 157 0 0
100 169 157 0 0
101 170 157 0 0
102 169 157 0 0
103 170 157 0 0
104 169 157 0 0
105 169 158 0 0
106 168 158 0 0
107 169 158 0 0
108 168 158 0 0
109 167 158 0 0
110 167 159 0 0
111 168 159 0 0
112 167 159 0 0
113 166 159 0 0
114 167 159 0 0
115 166 159 0 0
116 167 159 0 0
117 166 159 0 0
118 165 159 0 0
119 166 159 0 0
120 165 159 0 0
121 165 160 0 0
122 164 160 0 0
123 165 160 0 0
124 164 160 0 0
125 165 160 0 0
126 164 160 0 0
127 163 160 0 0
128 164 160 0 0
129 163 160 0 0
130 163 161 0 0
131 162 161 0 0
132 163 161 0 0
133 162 161 0 0
134 163 161 0 0
135 162 161 0 0
136 161 161 0 0
137 162 161 0 0
138 161 161 0 0
139 160 161 0 0
140 160 162 0 0
141 161 162 0 0
142 160 162 0 0
143 159 162 0 0
144 159 163 0 0
145 160 163 0 0
146 159 163 0 0
147 160 163 0 0
148 159 163 0 0
149 158 163 0 0
150 159 163 0 0
151 158 163 0 0
152 157 163 0 0
153 158 163 0 0
154 157 163 0 0
155 157 164 0 0
156 158 164 0 0
157 157 164 0 0
158 156 164 0 0
159 157 164 0 0
160 156 164 0 0
161 155 164 0 0
162 156 164 0 0
163 155 164 0 0
164 155 165 0 0
165 156 165 0 0
166 155 165 0 0
167 154 165 0 0
168 155 165 0 0
169 154 165 0 0
170 153 165 0 0
171 154 165 0 0
172 153 165 0 0
173 154 165 0 0
174 153 165 0 0
175 153 166 0 0
176 152 166 0 0
177 153 166 0 0
178 152 166 0 0
179 151 166 0 0
180 151 167 0 0
181 152 167 0 0
182 151 167 0 0
183 152 167 0 0
184 151 167 0 0
185 150 167 0 0
186 151 167 0 0
187 150 167 0 0
188 149 167 0 0
189 149 168 0 0
190 150 168 0 0
191 149 168 0 0
192 150 168 0 0
193 149 168 0 0
194 148 168 0 0
195 149 168 0 0
196 148 168 0 0
197 147 168 0 0
198 148 168 0 0
199 147 168 0 0
200 147 169 0 0
201 148 169 0 0
202 147 169 0 0
203 146 169 0 0
204 147 169 0 0
205 146 169 0 0
206 145 169 0 0
207 146 169 0 0
208 145 169 0 0
209 145 170 0 0
210 144 170 0 0
211 145 170 0 0
212 144 170 0 0
213 145 170 0 0
214 144 170 0 0
215 144 171 0 0
216 143 171 0 0
217 144 171 0 0
218 143 171 0 0
219 142 171 0 0
220 143 171 0 0
221 142 171 0 0
222 143 171 0 0
223 142 171 0 0
224 142 172 0 0
225 141 172 0 0
226 142 172 0 0
227 141 172 0 0
228 142 172 0 0
229 141 172 0 0
230 140 172 0 0
231 141 172 0 0
232 140 172 0 0
233 139 172 0 0
234 139 173 0 0
235 140 173 0 0
236 139 173 0 0
237 138 173 0 0
238 139 173 0 0
239 138 173 0 0
240 138 174 0 0
241 137 174 0 0
242 138 174 0 0
243 137 174 0 0
244 138 174 0 0
245 137 174 0 0
246 136 174 0 0
247 137 174 0 0
248 136 174 0 0
249 136 175 0 0
250 135 175 0 0
251 136 175 0 0
252 135 175 0 0
253 136 175 0 0
254 135 175 0 0
255 134 175 0 0
256 135 175 0 0
257 134 175 0 0
258 134 176 0 0
259 135 176 0 0
260 134 176 0 0
261 133 176 0 0
262 134 176 0 0
263 133 176 0 0
264 132 176 0 0
265 133 176 0 0
266 132 176 0 0
267 132 177 0 0
268 133 177 0 0
269 132 177 0 0
270 131 177 0 0
271 132 177 0 0
272 131 177 0 0
273 131 178 0 0
274 130 178 0 0
275 131 178 0 0
276 130 178 0 0
277 131 178 0 0
278 130 178 0 0
279 129 178 0 0
280 130 178 0 0
281 129 178 0 0
282 129 179 0 0
283 130 179 0 0
284 129 179 0 0
285 128 179 0 0
286 129 179 0 0
287 128 179 0 0
288 127 179 0 0
289 128 179 0 0
290 127 179 0 0
291 127 180 0 0
292 128 180 0 0
293 127 180 0 0
294 126 180 0 0
295 127 180 0 0
296 126 180 0 0
297 125 180 0 0
298 126 180 0 0
299 125 180 0 0
300 125 181 0 0
301 124 181 0 0
302 125 181 0 0
303 124 181 0 0
304 124 182 0 0
305 125 182 0 0
306 124 182 0 0
307 123 182 0 0
308 124 182 0 0
309 123 182 0 0
310 122 182 0 0
311 123 182 0 0
312 122 182 0 0
313 122 183 0 0
314 123 183 0 0
315 122 183 0 0
316 121 183 0 0
317 122 183 0 0
318 121 183 0 0
319 122 183 0 0
320 121 183 0 0
321 120 183 0 0
322 120 184 0 0
323 121 184 0 0
324 120 184 0 0
325 119 184 0 0
326 120 184 0 0
327 119 184 0 0
328 120 184 0 0
329 119 184 0 0
330 118 184 0 0
331 118 185 0 0
332 119 185 0 0
333 118 185 0 0
334 117 185 0 0
335 118 185 0 0
336 117 185 0 0
337 118 185 0 0
338 117 185 0 0
339 116 185 0 0
340 117 185 0 0
341 116 185 0 0
342 115 185 0 0
343 116 185 0 0
344 115 185 0 0
345 114 185 0 0
346 115 185 0 0
347 114 185 0 0
348 115 185 0 0
349 114 185 0 0
350 113 185 0 0
351 114 185 0 0
352 113 185 0 0
353 112 185 0 0
354 113 185 0 0
355 112 185 0 0
356 111 185 0 0
357 112 185 0 0
358 111 185 0 0
359 112 185 0 0
360 111 185 0 0
361 110 185 0 0
362 111 185 0 0
363 110 185 0 0
364 109 185 0 0
365 110 185 0 0
366 109 185 0 0
367 110 185 0 0
368 109 185 0 0
369 108 185 0 0
370 109 185 0 0
371 108 185 0 0
372 107 185 0 0
373 108 185 0 0
374 107 185 0 0
375 107 184 0 0
376 106 184 0 0
377 107 184 0 0
378 106 184 0 0
379 107 184 0 0
380 106 184 0 0
381 105 184 0 0
382 106 184 0 0
383 105 184 0 0
384 104 184 0 0
385 105 184 0 0
386 104 184 0 0
387 103 184 0 0
388 104 184 0 0
389 103 184 0 0
390 102 184 0 0
391 103 184 0 0
392 102 184 0 0
393 103 184 0 0
394 102 184 0 0
395 101 184 0 0
396 102 184 0 0
397 101 184 0 0
398 100 184 0 0
399 101 184 0 0
400 100 184 0 0
401 99 184 0 0
402 100 184 0 0
403 99 184 0 0
404 100 184 0 0
405 99 184 0 0
406 98 184 0 0
407 99 184 0 0
408 98 184 0 0
409 97 184 0 0
410 98 184 0 0
411 97 184 0 0
412 98 184 0 0
413 97 184 0 0
414 96 184 0 0
415 97 184 0 0
416 96 184 0 0
417 95 184 0 0
418 95 183 0 0
419 96 183 0 0
420 95 183 0 0
421 96 183 0 0
422 95 183 0 0
423 94 183 0 0
424 95 183 0 0
425 94 183 0 0
426 94 182 0 0
427 95 182 0 0
428 94 182 0 0
429 93 182 0 0
430 94 182 0 0
431 93 182 0 0
432 94 182 0 0
433 93 182 0 0
434 93 181 0 0
435 92 181 0 0
436 93 181 0 0
437 92 181 0 0
438 92 180 0 0
439 93 180 0 0
440 92 180 0 0
441 91 180 0 0
442 92 180 0 0
443 91 180 0 0
444 92 180 0 0
445 91 180 0 0
446 91 179 0 0
447 90 179 0 0
448 91 179 0 0
449 90 179 0 0
450 91 179 0 0
451 90 179 0 0
452 90 178 0 0
453 89 178 0 0
454 90 178 0 0
455 89 178 0 0
456 90 178 0 0
457 89 178 0 0
458 90 178 0 0
459 89 178 0 0
460 89 177 0 0
461 88 177 0 0
462 89 177 0 0
463 88 177 0 0
464 88 176 0 0
465 89 176 0 0
466 88 176 0 0
467 89 176 0 0
468 88 176 0 0
469 87 176 0 0
470 87 175 0 0
471 88 175 0 0
472 87 175 0 0
473 88 175 0 0
474 87 175 0 0
475 88 175 0 0
476 87 175 0 0
477 87 174 0 0
478 86 174 0 0
479 87 174 0 0
480 86 174 0 0
481 87 174 0 0
482 86 174 0 0
483 87 174 0 0
484 86 174 0 0
485 86 173 0 0
486 85 173 0 0
487 86 173 0 0
488 85 173 0 0
489 85 172 0 0
490 86 172 0 0
491 85 172 0 0
492 86 172 0 0
493 85 172 0 0
494 84 172 0 0
495 85 172 0 0
496 84 172 0 0
497 84 171 0 0
498 85 171 0 0
499 84 171 0 0
500 83 171 0 0
501 83 170 0 0
502 84 170 0 0
503 83 170 0 0
504 84 170 0 0
505 83 170 0 0
506 84 170 0 0
507 83 170 0 0
508 83 169 0 0
509 84 169 0 0
510 83 169 0 0
511 82 169 0 0
512 83 169 0 0
513 82 169 0 0
514 83 169 0 0
515 82 169 0 0
516 82 168 0 0
517 83 168 0 0
518 82 168 0 0
519 81 168 0 0
520 81 167 0 0
521 82 167 0 0
522 81 167 0 0
523 82 167 0 0
524 81 167 0 0
525 82 167 0 0
526 81 167 0 0
527 81 166 0 0
528 80 166 0 0
529 81 166 0 0
530 80 166 0 0
531 81 166 0 0
532 80 166 0 0
533 80 165 0 0
534 81 165 0 0
535 80 165 0 0
536 79 165 0 0
537 80 165 0 0
538 79 165 0 0
539 80 165 0 0
540 79 165 0 0
541 79 164 0 0
542 80 164 0 0
543 79 164 0 0
544 78 164 0 0
545 78 163 0 0
546 79 163 0 0
547 78 163 0 0
548 79 163 0 0
549 78 163 0 0
550 77 163 0 0
551 78 163 0 0
552 77 163 0 0
553 77 162 0 0
554 78 162 0 0
555 77 162 0 0
556 78 162 0 0
557 77 162 0 0
558 77 161 0 0
559 76 161 0 0
560 77 161 0 0
561 76 161 0 0
562 77 161 0 0
563 76 161 0 0
564 76 160 0 0
565 77 160 0 0
566 76 160 0 0
567 77 160 0 0
568 76 160 0 0
569 75 160 0 0
570 75 159 0 0
571 76 159 0 0
572 75 159 0 0
573 76 159 0 0
574 75 159 0 0
575 76 159 0 0
576 75 159 0 0
577 75 158 0 0
578 76 158 0 0
579 75 158 0 0
580 75 157 0 0
581 76 157 0 0
582 75 157 0 0
583 74 157 0 0
584 74 156 0 0
585 75 156 0 0
586 74 156 0 0
587 75 156 0 0
588 74 156 0 0
589 75 156 0 0
590 74 156 0 0
591 74 155 0 0
592 73 155 0 0
593 73 154 0 0
594 74 154 0 0
595 73 154 0 0
596 74 154 0 0
597 73 154 0 0
598 74 154 0 0
599 73 154 0 0
600 73 153 0 0
601 74 153 0 0
602 73 153 0 0
603 74 153 0 0
604 73 153 0 0
605 73 152 0 0
606 72 152 0 0
607 73 152 0 0
608 72 152 0 0
609 73 152 0 0
610 72 152 0 0
611 72 151 0 0
612 73 151 0 0
613 72 151 0 0
614 72 150 0 0
615 73 150 0 0
616 72 150 0 0
617 71 150 0 0
618 72 150 0 0
619 71 150 0 0
620 71 149 0 0
621 72 149 0 0
622 71 149 0 0
623 72 149 0 0
624 71 149 0 0
625 71 148 0 0
626 72 148 0 0
627 71 148 0 0
628 72 148 0 0
629 71 148 0 0
630 70 148 0 0
631 70 147 0 0
632 71 147 0 0
633 70 147 0 0
634 70 146 0 0
635 71 146 0 0
636 70 146 0 0
637 71 146 0 0
638 70 146 0 0
639 71 146 0 0
640 70 146 0 0
641 70 145 0 0
642 71 145 0 0
643 70 145 0 0
644 69 145 0 0
645 69 144 0 0
646 70 144 0 0
647 69 144 0 0
648 70 144 0 0
649 69 144 0 0
650 70 144 0 0
651 69 144 0 0
652 69 143 0 0
653 68 143 0 0
654 68 142 0 0
655 69 142 0 0
656 68 142 0 0
657 69 142 0 0
658 68 142 0 0
659 69 142 0 0
660 68 142 0 0
661 68 141 0 0
662 69 141 0 0
663 68 141 0 0
664 69 141 0 0
665 68 141 0 0
666 68 140 0 0
667 67 140 0 0
668 68 140 0 0
669 67 140 0 0
670 67 139 0 0
671 68 139 0 0
672 67 139 0 0
673 68 139 0 0
674 67 139 0 0
675 67 138 0 0
676 68 138 0 0
677 67 138 0 0
678 68 138 0 0
679 67 138 0 0
680 66 138 0 0
681 66 137 0 0
682 67 137 0 0
683 66 137 0 0
684 67 137 0 0
685 66 137 0 0
686 66 136 0 0
687 67 136 0 0
688 66 136 0 0
689 66 135 0 0
690 67 135 0 0
691 66 135 0 0
692 65 135 0 0
693 66 135 0 0
694 65 135 0 0
695 65 134 0 0
696 66 134 0 0
697 65 134 0 0
698 66 134 0 0
699 65 134 0 0
700 65 133 0 0
701 66 133 0 0
702 65 133 0 0
703 66 133 0 0
704 65 133 0 0
705 66 133 0 0
706 65 133 0 0
707 65 132 0 0
708 66 132 0 0
709 65 132 0 0
710 65 131 0 0
711 66 131 0 0
712 65 131 0 0
713 66 131 0 0
714 65 131 0 0
715 65 130 0 0
716 66 130 0 0
717 65 130 0 0
718 66 130 0 0
719 65 130 0 0
720 66 130 0 0
721 65 130 0 0
722 65 129 0 0
723 66 129 0 0
724 65 129 0 0
725 65 128 0 0
726 66 128 0 0
727 65 128 0 0
728 66 128 0 0
729 65 128 0 0
730 65 127 0 0
731 66 127 0 0
732 65 127 0 0
733 66 127 0 0
734 65 127 0 0
735 66 127 0 0
736 65 127 0 0
737 65 126 0 0
738 66 126 0 0
739 65 126 0 0
740 66 126 0 0
741 65 126 0 0
742 65 125 0 0
743 66 125 0 0
744 65 125 0 0
745 65 124 0 0
746 66 124 0 0
747 65 124 0 0
748 66 124 0 0
749 65 124 0 0
750 66 124 0 0
751 65 124 0 0
752 65 123 0 0
753 66 123 0 0
754 65 123 0 0
755 66 123 0 0
756 66 122 0 0
757 67 122 0 0
758 66 122 0 0
759 67 122 0 0
760 66 122 0 0
761 66 121 0 0
762 67 121 0 0
763 66 121 0 0
764 67 121 0 0
765 66 121 0 0
766 66 120 0 0
767 67 120 0 0
768 66 120 0 0
769 67 120 0 0
770 66 120 0 0
771 66 119 0 0
772 67 119 0 0
773 68 119 0 0
774 67 119 0 0
775 67 118 0 0
776 68 118 0 0
777 67 118 0 0
778 68 118 0 0
779 67 118 0 0
780 67 117 0 0
781 68 117 0 0
782 67 117 0 0
783 68 117 0 0
784 67 117 0 0
785 67 116 0 0
786 68 116 0 0
787 67 116 0 0
788 68 116 0 0
789 67 116 0 0
790 67 115 0 0
791 68 115 0 0
792 67 115 0 0
793 68 115 0 0
794 68 114 0 0
795 69 114 0 0
796 68 114 0 0
797 69 114 0 0
798 68 114 0 0
799 68 113 0 0
800 69 113 0 0
801 68 113 0 0
802 69 113 0 0
803 68 113 0 0
804 68 112 0 0
805 69 112 0 0
806 68 112 0 0
807 69 112 0 0
808 69 111 0 0
809 70 111 0 0
810 69 111 0 0
811 70 111 0 0
812 69 111 0 0
813 69 110 0 0
814 70 110 0 0
815 69 110 0 0
816 70 110 0 0
817 69 110 0 0
818 69 109 0 0
819 70 109 0 0
820 69 109 0 0
821 70 109 0 0
822 71 109 0 0
823 70 109 0 0
824 70 108 0 0
825 71 108 0 0
826 70 108 0 0
827 71 108 0 0
828 70 108 0 0
829 71 108 0 0
830 71 107 0 0
831 72 107 0 0
832 71 107 0 0
833 72 107 0 0
834 71 107 0 0
835 72 107 0 0
836 71 107 0 0
837 71 106 0 0
838 72 106 0 0
839 71 106 0 0
840 71 105 0 0
841 72 105 0 0
842 71 105 0 0
843 72 105 0 0
844 73 105 0 0
845 72 105 0 0
846 72 104 0 0
847 73 104 0 0
848 72 104 0 0
849 73 104 0 0
850 72 104 0 0
851 73 104 0 0
852 72 104 0 0
853 72 103 0 0
854 73 103 0 0
855 74 103 0 0
856 73 103 0 0
857 74 103 0 0
858 73 103 0 0
859 73 102 0 0
860 74 102 0 0
861 73 102 0 0
862 74 102 0 0
863 74 101 0 0
864 75 101 0 0
865 74 101 0 0
866 75 101 0 0
867 74 101 0 0
868 75 101 0 0
869 74 101 0 0
870 74 100 0 0
871 75 100 0 0
872 74 100 0 0
873 75 100 0 0
874 76 100 0 0
875 75 100 0 0
876 75 99 0 0
877 76 99 0 0
878 75 99 0 0
879 75 98 0 0
880 76 98 0 0
881 75 98 0 0
882 76 98 0 0
883 77 98 0 0
884 76 98 0 0
885 76 97 0 0
886 77 97 0 0
887 76 97 0 0
888 77 97 0 0
889 76 97 0 0
890 77 97 0 0
891 76 97 0 0
892 76 96 0 0
893 77 96 0 0
894 76 96 0 0
895 77 96 0 0
896 76 96 0 0
897 76 95 0 0
898 77 95 0 0
899 76 95 0 0
900 77 95 0 0
901 76 95 0 0
902 77 95 0 0
903 77 94 0 0
904 78 94 0 0
905 77 94 0 0
906 77 93 0 0
907 78 93 0 0
908 77 93 0 0
909 78 93 0 0
910 77 93 0 0
911 78 93 0 0
912 77 93 0 0
913 77 92 0 0
914 78 92 0 0
915 77 92 0 0
916 78 92 0 0
917 77 92 0 0
918 77 91 0 0
919 78 91 0 0
920 77 91 0 0
921 77 90 0 0
922 78 90 0 0
923 77 90 0 0
924 78 90 0 0
925 77 90 0 0
926 78 90 0 0
927 77 90 0 0
928 77 89 0 0
929 78 89 0 0
930 77 89 0 0
931 78 89 0 0
932 77 89 0 0
933 78 89 0 0
934 78 88 0 0
935 79 88 0 0
936 78 88 0 0
937 78 87 0 0
938 79 87 0 0
939 78 87 0 0
940 79 87 0 0
941 78 87 0 0
942 78 86 0 0
943 79 86 0 0
944 78 86 0 0
945 79 86 0 0
946 78 86 0 0
947 79 86 0 0
948 78 86 0 0
949 78 85 0 0
950 79 85 0 0
951 78 85 0 0
952 79 85 0 0
953 78 85 0 0
954 78 84 0 0
955 79 84 0 0
956 78 84 0 0
957 79 84 0 0
958 80 84 0 0
959 79 84 0 0
960 79 83 0 0
961 80 83 0 0
962 79 83 0 0
963 79 82 0 0
964 80 82 0 0
965 79 82 0 0
966 80 82 0 0
967 79 82 0 0
968 80 82 0 0
969 79 82 0 0
970 79 81 0 0
971 80 81 0 0
972 79 81 0 0
973 80 81 0 0
974 79 81 0 0
975 79 80 0 0
976 80 80 0 0
977 79 80 0 0
978 80 80 0 0
979 79 80 0 0
980 80 80 0 0
981 79 80 0 0
982 79 79 0 0
983 80 79 0 0
984 79 79 0 0
985 79 78 0 0
986 80 78 0 0
987 79 78 0 0
988 80 78 0 0
989 81 78 0 0
990 80 78 0 0
991 80 77 0 0
992 81 77 0 0
993 80 77 0 0
994 81 77 0 0
995 80 77 0 0
996 80 76 0 0
997 81 76 0 0
998 80 76 0 0
999 80 75 0 0
1000 81 75 0 0
1001 80 75 0 0
1002 81 75 0 0
1003 80 75 0 0
1004 81 75 0 0
1005 80 75 0 0
1006 80 74 0 0
1007 81 74 0 0
1008 80 74 0 0
1009 81 74 0 0
1010 81 73 0 0
1011 82 73 0 0
1012 81 73 0 0
1013 80 73 0 0
1014 81 73 0 0
1015 80 73 0 0
1016 80 72 0 0
1017 81 72 0 0
1018 80 72 0 0
1019 80 71 0 0
1020 81 71 0 0
1021 80 71 0 0
1022 81 71 0 0
1023 80 71 0 0
1024 80 70 0 0
1025 81 70 0 0
1026 80 70 0 0
1027 81 70 0 0
1028 80 70 0 0
1029 80 69 0 0
1030 81 69 0 0
1031 80 69 0 0
1032 81 69 0 0
1033 80 69 0 0
1034 80 68 0 0
1035 81 68 0 0
1036 80 68 0 0
1037 80 67 0 0
1038 81 67 0 0
1039 80 67 0 0
1040 81 67 0 0
1041 80 67 0 0
1042 81 67 0 0
1043 80 67 0 0
1044 80 66 0 0
1045 81 66 0 0
1046 80 66 0 0
1047 81 66 0 0
1048 80 66 0 0
1049 80 65 0 0
1050 81 65 0 0
1051 80 65 0 0
1052 80 64 0 0
1053 79 64 0 0
1054 80 64 0 0
1055 79 64 0 0
1056 79 63 0 0
1057 80 63 0 0
1058 79 63 0 0
1059 80 63 0 0
1060 79 63 0 0
1061 79 62 0 0
1062 80 62 0 0
1063 79 62 0 0
1064 80 62 0 0
1065 79 62 0 0
1066 79 61 0 0
1067 80 61 0 0
1068 79 61 0 0
1069 79 60 0 0
1070 80 60 0 0
1071 79 60 0 0
1072 80 60 0 0
1073 79 60 0 0
1074 80 60 0 0
1075 79 60 0 0
1076 79 59 0 0
1077 80 59 0 0
1078 79 59 0 0
1079 80 59 0 0
1080 79 59 0 0
1081 79 58 0 0
1082 80 58 0 0
1083 79 58 0 0
1084 80 58 0 0
1085 79 58 0 0
1086 79 57 0 0
1087 80 57 0 0
1088 79 57 0 0
1089 79 56 0 0
1090 80 56 0 0
1091 79 56 0 0
1092 80 56 0 0
1093 79 56 0 0
1094 79 55 0 0
1095 80 55 0 0
1096 79 55 0 0
1097 80 55 0 0
1098 79 55 0 0
1099 79 54 0 0
1100 80 54 0 0
1101 79 54 0 0
1102 80 54 0 0
1103 79 54 0 0
1104 79 53 0 0
1105 80 53 0 0
1106 79 53 0 0
1107 78 53 0 0
1108 78 52 0 0
1109 79 52 0 0
1110 78 52 0 0
1111 79 52 0 0
1112 78 52 0 0
1113 78 51 0 0
1114 79 51 0 0
1115 78 51 0 0
1116 79 51 0 0
1117 78 51 0 0
1118 79 51 0 0
1119 78 51 0 0
1120 78 50 0 0
1121 79 50 0 0
1122 78 50 0 0
1123 78 49 0 0
1124 79 49 0 0
1125 78 49 0 0
1126 79 49 0 0
1127 78 49 0 0
1128 78 48 0 0
1129 79 48 0 0
1130 78 48 0 0
1131 79 48 0 0
1132 78 48 0 0
1133 79 48 0 0
1134 78 48 0 0
1135 78 47 0 0
1136 79 47 0 0
1137 78 47 0 0
1138 79 47 0 0
1139 78 47 0 0
1140 78 46 0 0
1141 79 46 0 0
1142 78 46 0 0
1143 78 45 0 0
1144 79 45 0 0
1145 78 45 0 0
1146 79 45 0 0
1147 78 45 0 0
1148 79 45 0 0
1149 78 45 0 0
1150 78 44 0 0
1151 79 44 0 0
1152 78 44 0 0
1153 79 44 0 0
1154 78 44 0 0
1155 78 43 0 0
1156 79 43 0 0
1157 78 43 0 0
1158 79 43 0 0
1159 78 43 0 0
1160 79 43 0 0
1161 78 43 0 0
1162 78 42 0 0
1163 79 42 0 0
1164 78 42 0 0
1165 78 41 0 0
1166 79 41 0 0
1167 78 41 0 0
1168 79 41 0 0
1169 78 41 0 0
1170 78 40 0 0
1171 79 40 0 0
1172 78 40 0 0
1173 79 40 0 0
1174 78 40 0 0
1175 79 40 0 0
1176 78 40 0 0
1177 78 39 0 0
1178 79 39 0 0
1179 78 39 0 0
1180 79 39 0 0
1181 78 39 0 0
1182 78 38 0 0
1183 79 38 0 0
1184 78 38 0 0
1185 78 37 0 0
1186 79 37 0 0
1187 78 37 0 0
1188 79 37 0 0
1189 78 37 0 0
1190 79 37 0 0
1191 78 37 0 0
1192 78 36 0 0
1193 79 36 0 0
1194 78 36 0 0
1195 77 36 0 0
1196 77 35 0 0
1197 78 35 0 0
1198 77 35 0 0
1199 77 34 0 0
1200 78 34 0 0
1201 77 34 0 0
1202 78 34 0 0
1203 77 34 0 0
1204 78 34 0 0
1205 77 34 0 0
1206 77 33 0 0
1207 78 33 0 0
1208 77 33 0 0
1209 78 33 0 0
1210 77 33 0 0
1211 77 32 0 0
1212 78 32 0 0
1213 77 32 0 0
1214 78 32 0 0
1215 77 32 0 0
1216 78 32 0 0
1217 77 32 0 0
1218 77 31 0 0
1219 78 31 0 0
1220 77 31 0 0
1221 77 30 0 0
1222 78 30 0 0
1223 77 30 0 0
1224 78 30 0 0
1225 77 30 0 0
1226 77 29 0 0
1227 78 29 0 0
1228 77 29 0 0
1229 78 29 0 0
1230 77 29 0 0
1231 78 29 0 0
1232 77 29 0 0
1233 77 28 0 0
1234 78 28 0 0
1235 77 28 0 0
1236 78 28 0 0
1237 77 28 0 0
1238 77 27 0 0
1239 78 27 0 0
1240 77 27 0 0
1241 77 26 0 0
1242 78 26 0 0
1243 77 26 0 0
1244 78 26 0 0
1245 77 26 0 0
1246 78 26 0 0
1247 77 26 0 0
1248 77 25 0 0
1249 78 25 0 0
1250 77 25 0 0
1251 78 25 0 0
1252 77 25 0 0
1253 77 24 0 0
1254 78 24 0 0
1255 77 24 0 0
1256 78 24 0 0
1257 77 24 0 0
1258 78 24 0 0
1259 77 24 0 0
1260 77 23 0 0
1261 78 23 0 0
1262 77 23 0 0
1263 77 22 0 0
1264 78 22 0 0
1265 77 22 0 0
1266 78 22 0 0
1267 77 22 0 0
1268 77 21 0 0
1269 78 21 0 0
1270 77 21 0 0
1271 78 21 0 0
1272 77 21 0 0
1273 78 21 0 0
1274 77 21 0 0
1275 77 20 0 0
1276 78 20 0 0
1277 77 20 0 0
1278 77 19 0 0
1279 78 19 0 0
1280 77 19 0 0
1281 78 19 0 0
1282 77 19 0 0
1283 77 18 0 0
1284 78 18 0 0
1285 77 18 0 0
1286 78 18 0 0
1287 77 18 0 0
1288 78 18 0 0
1289 77 18 0 0
1290 77 17 0 0
1291 78 17 0 0
1292 77 17 0 0
1293 78 17 0 0
1294 77 17 0 0
1295 77 16 0 0
1296 78 16 0 0
1297 77 16 0 0
1298 77 15 0 0
1299 78 15 0 0
1300 77 15 0 0
1301 78 15 0 0
1302 77 15 0 0
1303 78 15 0 0
1304 77 15 0 0
1305 77 14 0 0
1306 78 14 0 0
1307 77 14 0 0
1308 78 14 0 0
1309 77 14 0 0
1310 77 13 0 0
1311 78 13 0 0
1312 77 13 0 0
