0 17400 53200 0 0
1 17400 53000 0 0
2 17400 52800 0 0
3 17400 52600 0 0
4 17400 52400 0 0
5 17400 52200 0 0
6 17400 52000 0 0
7 17200 52000 0 0
8 17200 51800 0 0
9 17200 51600 0 0
10 17200 51400 0 0
11 17200 51200 0 0
12 17200 51000 0 0
13 17200 50800 0 0
14 17200 50600 0 0
15 17200 50400 0 0
16 17000 50400 0 0
17 17000 50200 0 0
18 17000 50000 0 0
19 17000 49800 0 0
20 17000 49600 0 0
21 17000 49400 0 0
22 17000 49200 0 0
23 16800 49200 0 0
24 16800 49000 0 0
25 16800 48800 0 0
26 16800 48600 0 0
27 16800 48400 0 0
28 16800 48200 0 0
29 16800 48000 0 0
30 16800 47800 0 0
31 16600 47800 0 0
32 16600 47600 0 0
33 16600 47400 0 0
34 16600 47200 0 0
35 16600 47000 0 0
36 16600 46800 0 0
37 16600 46600 0 0
38 16600 46400 0 0
39 16600 46200 0 0
40 16400 46200 0 0
41 16400 46000 0 0
42 16400 45800 0 0
43 16400 45600 0 0
44 16400 45400 0 0
45 16400 45200 0 0
46 16400 45000 0 0
47 16200 45000 0 0
48 16200 44800 0 0
49 16200 44600 0 0
50 16200 44400 0 0
51 16200 44200 0 0
52 16200 44000 0 0
53 16200 43800 0 0
54 16200 43600 0 0
55 16000 43600 0 0
56 16000 43400 0 0
57 16000 43200 0 0
58 16000 43000 0 0
59 16000 42800 0 0
60 16000 42600 0 0
61 16000 42400 0 0
62 15800 42400 0 0
63 15800 42200 0 0
64 15800 42000 0 0
65 15800 41800 0 0
66 15800 41600 0 0
67 15800 41400 0 0
68 15800 41200 0 0
69 15800 41000 0 0
70 15800 40800 0 0
71 15600 40800 0 0
72 15600 40600 0 0
73 15600 40400 0 0
74 15600 40200 0 0
75 15600 40000 0 0
76 15600 39800 0 0
77 15600 39600 0 0
78 15400 39600 0 0
79 15400 39400 0 0
80 15400 39200 0 0
81 15400 39000 0 0
82 15400 38800 0 0
83 15400 38600 0 0
84 15400 38400 0 0
85 15400 38200 0 0
86 15200 38200 0 0
87 15200 38000 0 0
88 15200 37800 0 0
89 15200 37600 0 0
90 15200 37400 0 0
91 15200 37200 0 0
92 15200 37000 0 0
93 15000 37000 0 0
94 15000 36800 0 0
95 15000 36600 0 0
96 15000 36400 0 0
97 15000 36200 0 0
98 15000 36000 0 0
99 15000 35800 0 0
100 15000 35600 0 0
101 15000 35400 0 0
102 14800 35400 0 0
103 14800 35200 0 0
104 14800 35000 0 0
105 14800 34800 0 0
106 14800 34600 0 0
107 14800 34400 0 0
108 14800 34200 0 0
109 14800 34000 0 0
110 14600 34000 0 0
111 14600 33800 0 0
112 14600 33600 0 0
113 14600 33400 0 0
114 14600 33200 0 0
115 14400 33200 0 0
116 14400 33000 0 0
117 14400 32800 0 0
118 14400 32600 0 0
119 14400 32400 0 0
120 14400 32200 0 0
121 14200 32200 0 0
122 14200 32000 0 0
123 14200 31800 0 0
124 14200 31600 0 0
125 14200 31400 0 0
126 14000 31400 0 0
127 14000 31200 0 0
128 14000 31000 0 0
129 14000 30800 0 0
130 13800 30800 0 0
131 13800 30600 0 0
132 13800 30400 0 0
133 13800 30200 0 0
134 13800 30000 0 0
135 13800 29800 0 0
136 13600 29800 0 0
137 13600 29600 0 0
138 13600 29400 0 0
139 13600 29200 0 0
140 13400 29200 0 0
141 13400 29000 0 0
142 13400 28800 0 0
143 13400 28600 0 0
144 13400 28400 0 0
145 13400 28200 0 0
146 13200 28200 0 0
147 13200 28000 0 0
148 13200 27800 0 0
149 13200 27600 0 0
150 13200 27400 0 0
151 13000 27400 0 0
152 13000 27200 0 0
153 13000 27000 0 0
154 13000 26800 0 0
155 12800 26800 0 0
156 12800 26600 0 0
157 12800 26400 0 0
158 12800 26200 0 0
159 12800 26000 0 0
160 12800 25800 0 0
161 12600 25800 0 0
162 12600 25600 0 0
163 12800 25600 0 0
164 12800 25400 0 0
165 12800 25200 0 0
166 12800 25000 0 0
167 12800 24800 0 0
168 13000 24800 0 0
169 13000 24600 0 0
170 13000 24400 0 0
171 13000 24200 0 0
172 13000 24000 0 0
173 13200 24000 0 0
174 13200 23800 0 0
175 13200 23600 0 0
176 13200 23400 0 0
177 13400 23400 0 0
178 13400 23200 0 0
179 13400 23000 0 0
180 13400 22800 0 0
181 13400 22600 0 0
182 13400 22400 0 0
183 13600 22400 0 0
184 13600 22200 0 0
185 13600 22000 0 0
186 13600 21800 0 0
187 13600 21600 0 0
188 13800 21600 0 0
189 13800 21400 0 0
190 13800 21200 0 0
191 13800 21000 0 0
192 14000 21000 0 0
193 14000 20800 0 0
194 14000 20600 0 0
195 14000 20400 0 0
196 14000 20200 0 0
197 14200 20200 0 0
198 14200 20000 0 0
199 14200 19800 0 0
200 14200 19600 0 0
201 14200 19400 0 0
202 14200 19200 0 0
203 14400 19200 0 0
204 14400 19000 0 0
205 14400 18800 0 0
206 14400 18600 0 0
207 14400 18400 0 0
208 14600 18400 0 0
209 14600 18200 0 0
210 14600 18000 0 0
211 14600 17800 0 0
212 14600 17600 0 0
213 14800 17600 0 0
214 14800 17400 0 0
215 14800 17200 0 0
216 14800 17000 0 0
217 15000 17000 0 0
218 15000 16800 0 0
219 15000 16600 0 0
220 15000 16400 0 0
221 15000 16200 0 0
222 15000 16000 0 0
223 15200 16000 0 0
224 15200 15800 0 0
225 15200 15600 0 0
226 15200 15400 0 0
227 15200 15200 0 0
228 15200 15000 0 0
229 15200 14800 0 0
230 15200 14600 0 0
231 15200 14400 0 0
232 15200 14200 0 0
233 15200 14000 0 0
234 15200 13800 0 0
235 15200 13600 0 0
236 15400 13600 0 0
237 15400 13400 0 0
238 15400 13200 0 0
239 15400 13000 0 0
240 15400 12800 0 0
241 15400 12600 0 0
242 15400 12400 0 0
243 15400 12200 0 0
244 15400 12000 0 0
245 15400 11800 0 0
246 15400 11600 0 0
247 15400 11400 0 0
248 15400 11200 0 0
249 15600 11200 0 0
250 15600 11000 0 0
251 15600 10800 0 0
252 15600 10600 0 0
253 15600 10400 0 0
254 15600 10200 0 0
255 15600 10000 0 0
256 15600 9800 0 0
257 15600 9600 0 0
258 15600 9400 0 0
259 15600 9200 0 0
260 15600 9000 0 0
261 15600 8800 0 0
262 15600 8600 0 0
263 15600 8400 0 0
264 15600 8200 0 0
265 15600 8000 0 0
266 15600 7800 0 0
267 15600 7600 0 0
268 15600 7400 0 0
269 15600 7200 0 0
270 15600 7000 0 0
271 15600 6800 0 0
272 15600 6600 0 0
273 15600 6400 0 0
274 15600 6200 0 0
275 15600 6000 0 0
276 15600 5800 0 0
277 15600 5600 0 0
278 15600 5400 0 0
279 15600 5200 0 0
280 15600 5000 0 0
281 15600 4800 0 0
282 15600 4600 0 0
283 15600 4400 0 0
284 15600 4200 0 0
285 15600 4000 0 0
286 15600 3800 0 0
287 15600 3600 0 0
288 15600 3400 0 0
289 15600 3200 0 0
290 15600 3000 0 0
291 15600 2800 0 0
292 15600 2600 0 0
293 15600 2400 0 0
294 15600 2200 0 0
295 15600 2000 0 0
296 15600 1800 0 0
297 15400 1800 0 0
298 15400 1600 0 0
299 15400 1400 0 0
300 15400 1200 0 0
