0 91 6 0 0
1 91 7 0 0
2 92 7 0 0
3 91 7 0 0
4 91 8 0 0
5 92 8 0 0
6 91 8 0 0
7 92 8 0 0
8 91 8 0 0
9 91 9 0 0
10 92 9 0 0
11 91 9 0 0
12 91 10 0 0
13 92 10 0 0
14 91 10 0 0
15 91 11 0 0
16 92 11 0 0
17 91 11 0 0
18 92 11 0 0
19 91 11 0 0
20 91 12 0 0
21 92 12 0 0
22 91 12 0 0
23 91 13 0 0
24 92 13 0 0
25 91 13 0 0
26 92 13 0 0
27 91 13 0 0
28 91 14 0 0
29 92 14 0 0
30 91 14 0 0
31 91 15 0 0
32 92 15 0 0
33 91 15 0 0
34 92 15 0 0
35 91 15 0 0
36 91 16 0 0
37 92 16 0 0
38 91 16 0 0
39 91 17 0 0
40 92 17 0 0
41 91 17 0 0
42 92 17 0 0
43 91 17 0 0
44 91 18 0 0
45 92 18 0 0
46 91 18 0 0
47 91 19 0 0
48 92 19 0 0
49 91 19 0 0
50 92 19 0 0
51 91 19 0 0
52 91 20 0 0
53 92 20 0 0
54 91 20 0 0
55 91 21 0 0
56 92 21 0 0
57 91 21 0 0
58 92 21 0 0
59 91 21 0 0
60 91 22 0 0
61 92 22 0 0
62 91 22 0 0
63 91 23 0 0
64 92 23 0 0
65 92 24 0 0
66 93 24 0 0
67 92 24 0 0
68 93 24 0 0
69 92 24 0 0
70 92 25 0 0
71 93 25 0 0
72 92 25 0 0
73 93 25 0 0
74 92 25 0 0
75 92 26 0 0
76 93 26 0 0
77 92 26 0 0
78 92 27 0 0
79 93 27 0 0
80 92 27 0 0
81 92 28 0 0
82 93 28 0 0
83 92 28 0 0
84 93 28 0 0
85 92 28 0 0
86 92 29 0 0
87 93 29 0 0
88 92 29 0 0
89 93 29 0 0
90 92 29 0 0
91 92 30 0 0
92 93 30 0 0
93 92 30 0 0
94 92 31 0 0
95 93 31 0 0
96 92 31 0 0
97 92 32 0 0
98 93 32 0 0
99 92 32 0 0
100 93 32 0 0
101 92 32 0 0
102 92 33 0 0
103 93 33 0 0
104 92 33 0 0
105 93 33 0 0
106 92 33 0 0
107 92 34 0 0
108 93 34 0 0
109 92 34 0 0
110 92 35 0 0
111 93 35 0 0
112 92 35 0 0
113 92 36 0 0
114 93 36 0 0
115 92 36 0 0
116 93 36 0 0
117 92 36 0 0
118 92 37 0 0
119 93 37 0 0
120 92 37 0 0
121 93 37 0 0
122 92 37 0 0
123 92 38 0 0
124 93 38 0 0
125 92 38 0 0
126 92 39 0 0
127 93 39 0 0
128 92 39 0 0
129 92 40 0 0
130 93 40 0 0
131 92 40 0 0
132 93 40 0 0
133 92 40 0 0
134 92 41 0 0
135 93 41 0 0
136 92 41 0 0
137 93 41 0 0
138 92 41 0 0
139 92 42 0 0
140 92 43 0 0
141 93 43 0 0
142 92 43 0 0
143 93 43 0 0
144 92 43 0 0
145 92 44 0 0
146 93 44 0 0
147 92 44 0 0
148 93 44 0 0
149 92 44 0 0
150 92 45 0 0
151 93 45 0 0
152 92 45 0 0
153 93 45 0 0
154 92 45 0 0
155 92 46 0 0
156 92 47 0 0
157 93 47 0 0
158 92 47 0 0
159 93 47 0 0
160 92 47 0 0
161 92 48 0 0
162 93 48 0 0
163 92 48 0 0
164 93 48 0 0
165 92 48 0 0
166 92 49 0 0
167 93 49 0 0
168 92 49 0 0
169 93 49 0 0
170 92 49 0 0
171 92 50 0 0
172 92 51 0 0
173 93 51 0 0
174 92 51 0 0
175 93 51 0 0
176 92 51 0 0
177 92 52 0 0
178 93 52 0 0
179 92 52 0 0
180 93 52 0 0
181 92 52 0 0
182 92 53 0 0
183 93 53 0 0
184 92 53 0 0
185 92 54 0 0
186 93 54 0 0
187 92 54 0 0
188 92 55 0 0
189 93 55 0 0
190 92 55 0 0
191 93 55 0 0
192 92 55 0 0
193 92 56 0 0
194 93 56 0 0
195 92 56 0 0
196 93 56 0 0
197 92 56 0 0
198 92 57 0 0
199 93 57 0 0
200 92 57 0 0
201 92 58 0 0
202 93 58 0 0
203 92 58 0 0
204 92 59 0 0
205 93 59 0 0
206 92 59 0 0
207 93 59 0 0
208 92 59 0 0
209 92 60 0 0
210 93 60 0 0
211 92 60 0 0
212 93 60 0 0
213 92 60 0 0
214 92 61 0 0
215 93 61 0 0
216 92 61 0 0
217 92 62 0 0
218 93 62 0 0
219 92 62 0 0
220 92 63 0 0
221 93 63 0 0
222 92 63 0 0
223 93 63 0 0
224 92 63 0 0
225 92 64 0 0
226 93 64 0 0
227 92 64 0 0
228 93 64 0 0
229 92 64 0 0
230 92 65 0 0
231 93 65 0 0
232 92 65 0 0
233 92 66 0 0
234 93 66 0 0
235 92 66 0 0
236 92 67 0 0
237 93 67 0 0
238 92 67 0 0
239 93 67 0 0
240 92 67 0 0
241 92 68 0 0
242 93 68 0 0
243 92 68 0 0
244 92 69 0 0
245 93 69 0 0
246 92 69 0 0
247 93 69 0 0
248 92 69 0 0
249 92 70 0 0
250 93 70 0 0
251 92 70 0 0
252 92 71 0 0
253 93 71 0 0
254 92 71 0 0
255 93 71 0 0
256 92 71 0 0
257 92 72 0 0
258 93 72 0 0
259 92 72 0 0
260 92 73 0 0
261 93 73 0 0
262 92 73 0 0
263 93 73 0 0
264 93 74 0 0
265 94 74 0 0
266 93 74 0 0
267 93 75 0 0
268 94 75 0 0
269 93 75 0 0
270 94 75 0 0
271 93 75 0 0
272 93 76 0 0
273 94 76 0 0
274 93 76 0 0
275 93 77 0 0
276 94 77 0 0
277 95 77 0 0
278 94 77 0 0
279 94 78 0 0
280 95 78 0 0
281 94 78 0 0
282 95 78 0 0
283 95 79 0 0
284 96 79 0 0
285 95 79 0 0
286 95 80 0 0
287 96 80 0 0
288 95 80 0 0
289 96 80 0 0
290 95 80 0 0
291 95 81 0 0
292 96 81 0 0
293 95 81 0 0
294 96 81 0 0
295 96 82 0 0
296 97 82 0 0
297 96 82 0 0
298 96 83 0 0
299 97 83 0 0
300 96 83 0 0
301 96 84 0 0
302 97 84 0 0
303 96 84 0 0
304 97 84 0 0
305 96 84 0 0
306 96 85 0 0
307 97 85 0 0
308 98 85 0 0
309 97 85 0 0
310 97 86 0 0
311 98 86 0 0
312 97 86 0 0
313 98 86 0 0
314 98 87 0 0
315 99 87 0 0
316 98 87 0 0
317 99 87 0 0
318 98 87 0 0
319 98 88 0 0
320 99 88 0 0
321 98 88 0 0
322 98 89 0 0
323 99 89 0 0
324 98 89 0 0
325 99 89 0 0
326 99 90 0 0
327 100 90 0 0
328 99 90 0 0
329 99 91 0 0
330 100 91 0 0
331 99 91 0 0
332 99 92 0 0
333 100 92 0 0
334 101 92 0 0
335 100 92 0 0
336 100 93 0 0
337 101 93 0 0
338 100 93 0 0
339 101 93 0 0
340 100 93 0 0
341 100 94 0 0
342 101 94 0 0
343 100 94 0 0
344 100 95 0 0
345 101 95 0 0
346 102 95 0 0
347 101 95 0 0
348 101 96 0 0
349 102 96 0 0
350 101 96 0 0
351 102 96 0 0
352 102 97 0 0
353 103 97 0 0
354 102 97 0 0
355 103 97 0 0
356 102 97 0 0
357 102 98 0 0
358 103 98 0 0
359 102 98 0 0
360 103 98 0 0
361 103 99 0 0
362 104 99 0 0
363 103 99 0 0
364 103 100 0 0
365 104 100 0 0
366 105 100 0 0
367 105 101 0 0
368 106 101 0 0
369 105 101 0 0
370 106 101 0 0
371 106 102 0 0
372 107 102 0 0
373 106 102 0 0
374 106 103 0 0
375 107 103 0 0
376 108 103 0 0
377 107 103 0 0
378 107 104 0 0
379 108 104 0 0
380 109 104 0 0
381 108 104 0 0
382 109 104 0 0
383 109 105 0 0
384 110 105 0 0
385 111 105 0 0
386 110 105 0 0
387 110 106 0 0
388 111 106 0 0
389 111 107 0 0
390 112 107 0 0
391 111 107 0 0
392 112 107 0 0
393 112 108 0 0
394 113 108 0 0
395 112 108 0 0
396 113 108 0 0
397 113 109 0 0
398 114 109 0 0
399 115 109 0 0
400 114 109 0 0
401 115 109 0 0
402 116 109 0 0
403 115 109 0 0
404 115 110 0 0
405 116 110 0 0
406 117 110 0 0
407 116 110 0 0
408 117 110 0 0
409 117 111 0 0
410 118 111 0 0
411 119 111 0 0
412 118 111 0 0
413 119 111 0 0
414 120 111 0 0
415 121 111 0 0
416 120 111 0 0
417 121 111 0 0
418 121 112 0 0
419 122 112 0 0
420 121 112 0 0
421 122 112 0 0
422 123 112 0 0
423 124 112 0 0
424 123 112 0 0
425 124 112 0 0
426 125 112 0 0
427 124 112 0 0
428 124 113 0 0
429 125 113 0 0
430 126 113 0 0
431 125 113 0 0
432 126 113 0 0
433 127 113 0 0
434 128 113 0 0
435 127 113 0 0
436 127 114 0 0
437 128 114 0 0
438 129 114 0 0
439 128 114 0 0
440 129 114 0 0
441 129 115 0 0
442 130 115 0 0
443 131 115 0 0
444 130 115 0 0
445 131 115 0 0
446 132 115 0 0
447 131 115 0 0
448 132 115 0 0
449 133 115 0 0
450 133 116 0 0
451 134 116 0 0
452 133 116 0 0
453 134 116 0 0
454 135 116 0 0
455 134 116 0 0
456 135 116 0 0
457 136 116 0 0
458 135 116 0 0
459 136 116 0 0
460 136 117 0 0
461 137 117 0 0
462 138 117 0 0
463 137 117 0 0
464 138 117 0 0
465 138 118 0 0
466 139 118 0 0
467 138 118 0 0
468 139 118 0 0
469 140 118 0 0
470 141 118 0 0
471 140 118 0 0
472 141 118 0 0
473 141 119 0 0
474 142 119 0 0
475 143 119 0 0
476 142 119 0 0
477 143 119 0 0
478 144 119 0 0
479 143 119 0 0
480 144 119 0 0
481 145 119 0 0
482 144 119 0 0
483 144 120 0 0
484 145 120 0 0
485 146 120 0 0
486 147 120 0 0
487 146 120 0 0
488 147 120 0 0
489 148 120 0 0
490 147 120 0 0
491 148 120 0 0
492 148 121 0 0
493 149 121 0 0
494 148 121 0 0
495 149 121 0 0
496 150 121 0 0
497 150 122 0 0
498 151 122 0 0
499 150 122 0 0
500 151 122 0 0
501 152 122 0 0
502 151 122 0 0
503 152 122 0 0
504 153 122 0 0
505 154 122 0 0
506 153 122 0 0
507 154 122 0 0
508 155 122 0 0
509 156 122 0 0
510 155 122 0 0
511 156 122 0 0
512 157 122 0 0
513 156 122 0 0
514 157 122 0 0
515 158 122 0 0
516 159 122 0 0
517 158 122 0 0
518 159 122 0 0
519 160 122 0 0
520 161 122 0 0
521 160 122 0 0
522 161 122 0 0
523 162 122 0 0
524 161 122 0 0
525 162 122 0 0
526 162 123 0 0
527 163 123 0 0
528 164 123 0 0
529 163 123 0 0
530 164 123 0 0
531 165 123 0 0
532 166 123 0 0
533 165 123 0 0
534 166 123 0 0
535 167 123 0 0
536 166 123 0 0
537 167 123 0 0
538 168 123 0 0
539 169 123 0 0
540 168 123 0 0
541 169 123 0 0
542 170 123 0 0
543 169 123 0 0
544 170 123 0 0
545 171 123 0 0
546 172 123 0 0
547 171 123 0 0
548 172 123 0 0
549 173 123 0 0
550 172 123 0 0
551 173 123 0 0
552 174 123 0 0
553 175 123 0 0
554 174 123 0 0
555 174 124 0 0
556 175 124 0 0
557 176 124 0 0
558 175 124 0 0
559 176 124 0 0
560 177 124 0 0
561 178 124 0 0
562 177 124 0 0
563 178 124 0 0
564 179 124 0 0
565 178 124 0 0
566 179 124 0 0
567 180 124 0 0
568 181 124 0 0
569 180 124 0 0
570 181 124 0 0
571 180 124 0 0
572 181 124 0 0
573 182 124 0 0
574 181 124 0 0
575 182 124 0 0
576 183 124 0 0
577 182 124 0 0
578 183 124 0 0
579 182 124 0 0
580 183 124 0 0
581 184 124 0 0
582 183 124 0 0
583 184 124 0 0
584 183 124 0 0
585 184 124 0 0
586 185 124 0 0
587 184 124 0 0
588 185 124 0 0
589 186 124 0 0
590 185 124 0 0
591 186 124 0 0
592 185 124 0 0
593 186 124 0 0
594 187 124 0 0
595 186 124 0 0
596 187 124 0 0
597 188 124 0 0
598 187 124 0 0
599 188 124 0 0
600 187 124 0 0
601 188 124 0 0
602 189 124 0 0
603 188 124 0 0
604 189 124 0 0
605 188 124 0 0
606 189 124 0 0
607 190 124 0 0
608 189 124 0 0
609 190 124 0 0
610 191 124 0 0
611 190 124 0 0
612 191 124 0 0
613 190 124 0 0
614 191 124 0 0
615 192 124 0 0
616 191 124 0 0
617 192 124 0 0
618 191 124 0 0
619 192 124 0 0
620 193 124 0 0
621 192 124 0 0
622 193 124 0 0
623 194 124 0 0
624 193 124 0 0
625 194 124 0 0
626 193 124 0 0
627 194 124 0 0
628 195 124 0 0
629 194 124 0 0
630 195 124 0 0
