0 95 4 0 0
1 95 5 0 0
2 96 5 0 0
3 95 5 0 0
4 96 5 0 0
5 95 5 0 0
6 95 6 0 0
7 96 6 0 0
8 95 6 0 0
9 96 6 0 0
10 95 6 0 0
11 95 7 0 0
12 96 7 0 0
13 95 7 0 0
14 95 8 0 0
15 96 8 0 0
16 95 8 0 0
17 96 8 0 0
18 95 8 0 0
19 95 9 0 0
20 96 9 0 0
21 95 9 0 0
22 96 9 0 0
23 95 9 0 0
24 96 9 0 0
25 95 9 0 0
26 95 10 0 0
27 96 10 0 0
28 95 10 0 0
29 95 11 0 0
30 96 11 0 0
31 95 11 0 0
32 96 11 0 0
33 95 11 0 0
34 95 12 0 0
35 96 12 0 0
36 95 12 0 0
37 96 12 0 0
38 95 12 0 0
39 95 13 0 0
40 96 13 0 0
41 95 13 0 0
42 96 13 0 0
43 95 13 0 0
44 96 13 0 0
45 95 13 0 0
46 95 14 0 0
47 96 14 0 0
48 95 14 0 0
49 95 15 0 0
50 96 15 0 0
51 95 15 0 0
52 96 15 0 0
53 95 15 0 0
54 95 16 0 0
55 96 16 0 0
56 95 16 0 0
57 96 16 0 0
58 95 16 0 0
59 95 17 0 0
60 96 17 0 0
61 95 17 0 0
62 96 17 0 0
63 95 17 0 0
64 95 18 0 0
65 96 18 0 0
66 95 18 0 0
67 96 18 0 0
68 95 18 0 0
69 95 19 0 0
70 96 19 0 0
71 95 19 0 0
72 96 19 0 0
73 95 19 0 0
74 95 20 0 0
75 96 20 0 0
76 95 20 0 0
77 96 20 0 0
78 95 20 0 0
79 96 20 0 0
80 95 20 0 0
81 95 21 0 0
82 96 21 0 0
83 95 21 0 0
84 96 21 0 0
85 95 21 0 0
86 96 21 0 0
87 95 21 0 0
88 95 22 0 0
89 96 22 0 0
90 95 22 0 0
91 95 23 0 0
92 96 23 0 0
93 95 23 0 0
94 96 23 0 0
95 95 23 0 0
96 96 23 0 0
97 95 23 0 0
98 95 24 0 0
99 96 24 0 0
100 95 24 0 0
101 96 24 0 0
102 95 24 0 0
103 95 25 0 0
104 94 25 0 0
105 94 26 0 0
106 95 26 0 0
107 94 26 0 0
108 95 26 0 0
109 94 26 0 0
110 94 27 0 0
111 95 27 0 0
112 94 27 0 0
113 95 27 0 0
114 94 27 0 0
115 94 28 0 0
116 95 28 0 0
117 94 28 0 0
118 95 28 0 0
119 94 28 0 0
120 94 29 0 0
121 95 29 0 0
122 94 29 0 0
123 94 30 0 0
124 95 30 0 0
125 94 30 0 0
126 93 30 0 0
127 93 31 0 0
128 94 31 0 0
129 93 31 0 0
130 94 31 0 0
131 93 31 0 0
132 93 32 0 0
133 94 32 0 0
134 93 32 0 0
135 94 32 0 0
136 93 32 0 0
137 93 33 0 0
138 94 33 0 0
139 93 33 0 0
140 94 33 0 0
141 93 33 0 0
142 93 34 0 0
143 92 34 0 0
144 93 34 0 0
145 92 34 0 0
146 92 35 0 0
147 93 35 0 0
148 92 35 0 0
149 93 35 0 0
150 92 35 0 0
151 92 36 0 0
152 93 36 0 0
153 92 36 0 0
154 93 36 0 0
155 92 36 0 0
156 92 37 0 0
157 91 37 0 0
158 92 37 0 0
159 91 37 0 0
160 91 38 0 0
161 92 38 0 0
162 91 38 0 0
163 92 38 0 0
164 91 38 0 0
165 91 39 0 0
166 92 39 0 0
167 91 39 0 0
168 92 39 0 0
169 91 39 0 0
170 91 40 0 0
171 92 40 0 0
172 91 40 0 0
173 90 40 0 0
174 90 41 0 0
175 91 41 0 0
176 90 41 0 0
177 91 41 0 0
178 90 41 0 0
179 90 42 0 0
180 91 42 0 0
181 90 42 0 0
182 91 42 0 0
183 90 42 0 0
184 90 43 0 0
185 91 43 0 0
186 90 43 0 0
187 89 43 0 0
188 89 44 0 0
189 90 44 0 0
190 89 44 0 0
191 90 44 0 0
192 89 44 0 0
193 89 45 0 0
194 90 45 0 0
195 89 45 0 0
196 90 45 0 0
197 89 45 0 0
198 89 46 0 0
199 90 46 0 0
200 89 46 0 0
201 88 46 0 0
202 88 47 0 0
203 89 47 0 0
204 88 47 0 0
205 89 47 0 0
206 88 47 0 0
207 88 48 0 0
208 89 48 0 0
209 88 48 0 0
210 89 48 0 0
211 88 48 0 0
212 88 49 0 0
213 89 49 0 0
214 88 49 0 0
215 87 49 0 0
216 87 50 0 0
217 88 50 0 0
218 87 50 0 0
219 88 50 0 0
220 87 50 0 0
221 87 51 0 0
222 88 51 0 0
223 87 51 0 0
224 88 51 0 0
225 87 51 0 0
226 87 52 0 0
227 88 52 0 0
228 87 52 0 0
229 88 52 0 0
230 87 52 0 0
231 87 53 0 0
232 88 53 0 0
233 87 53 0 0
234 86 53 0 0
235 86 54 0 0
236 87 54 0 0
237 86 54 0 0
238 87 54 0 0
239 86 54 0 0
240 86 55 0 0
241 87 55 0 0
242 86 55 0 0
243 87 55 0 0
244 86 55 0 0
245 86 56 0 0
246 87 56 0 0
247 86 56 0 0
248 85 56 0 0
249 85 57 0 0
250 86 57 0 0
251 85 57 0 0
252 86 57 0 0
253 85 57 0 0
254 85 58 0 0
255 86 58 0 0
256 85 58 0 0
257 86 58 0 0
258 85 58 0 0
259 85 59 0 0
260 86 59 0 0
261 85 59 0 0
262 86 59 0 0
263 85 59 0 0
264 85 60 0 0
265 84 60 0 0
266 85 60 0 0
267 84 60 0 0
268 84 61 0 0
269 85 61 0 0
270 84 61 0 0
271 85 61 0 0
272 84 61 0 0
273 84 62 0 0
274 85 62 0 0
275 84 62 0 0
276 85 62 0 0
277 84 62 0 0
278 84 63 0 0
279 83 63 0 0
280 84 63 0 0
281 83 63 0 0
282 83 64 0 0
283 84 64 0 0
284 83 64 0 0
285 84 64 0 0
286 83 64 0 0
287 83 65 0 0
288 84 65 0 0
289 83 65 0 0
290 84 65 0 0
291 83 65 0 0
292 83 66 0 0
293 84 66 0 0
294 83 66 0 0
295 83 67 0 0
296 82 67 0 0
297 83 67 0 0
298 82 67 0 0
299 83 67 0 0
300 82 67 0 0
301 82 68 0 0
302 83 68 0 0
303 82 68 0 0
304 81 68 0 0
305 82 68 0 0
306 81 68 0 0
307 81 69 0 0
308 82 69 0 0
309 81 69 0 0
310 80 69 0 0
311 80 70 0 0
312 81 70 0 0
313 80 70 0 0
314 81 70 0 0
315 80 70 0 0
316 79 70 0 0
317 80 70 0 0
318 79 70 0 0
319 79 71 0 0
320 80 71 0 0
321 79 71 0 0
322 78 71 0 0
323 79 71 0 0
324 78 71 0 0
325 78 72 0 0
326 77 72 0 0
327 78 72 0 0
328 77 72 0 0
329 77 73 0 0
330 78 73 0 0
331 77 73 0 0
332 76 73 0 0
333 77 73 0 0
334 76 73 0 0
335 75 73 0 0
336 75 74 0 0
337 76 74 0 0
338 75 74 0 0
339 76 74 0 0
340 75 74 0 0
341 76 74 0 0
342 75 74 0 0
343 74 74 0 0
344 74 75 0 0
345 75 75 0 0
346 74 75 0 0
347 75 75 0 0
348 74 75 0 0
349 73 75 0 0
350 73 76 0 0
351 74 76 0 0
352 73 76 0 0
353 72 76 0 0
354 72 77 0 0
355 73 77 0 0
356 72 77 0 0
357 73 77 0 0
358 72 77 0 0
359 71 77 0 0
360 72 77 0 0
361 71 77 0 0
362 71 78 0 0
363 72 78 0 0
364 71 78 0 0
365 70 78 0 0
366 71 78 0 0
367 70 78 0 0
368 71 78 0 0
369 70 78 0 0
370 70 79 0 0
371 69 79 0 0
372 70 79 0 0
373 69 79 0 0
374 69 80 0 0
375 70 80 0 0
376 69 80 0 0
377 68 80 0 0
378 69 80 0 0
379 68 80 0 0
380 68 81 0 0
381 67 81 0 0
382 68 81 0 0
383 67 81 0 0
384 68 81 0 0
385 67 81 0 0
386 66 81 0 0
387 66 82 0 0
388 67 82 0 0
389 66 82 0 0
390 67 82 0 0
391 66 82 0 0
392 65 82 0 0
393 66 82 0 0
394 65 82 0 0
395 65 83 0 0
396 66 83 0 0
397 65 83 0 0
398 64 83 0 0
399 64 84 0 0
400 65 84 0 0
401 64 84 0 0
402 65 84 0 0
403 64 84 0 0
404 63 84 0 0
405 63 85 0 0
406 64 85 0 0
407 63 85 0 0
408 62 85 0 0
409 63 85 0 0
410 62 85 0 0
411 63 85 0 0
412 62 85 0 0
413 62 86 0 0
414 61 86 0 0
415 62 86 0 0
416 61 86 0 0
417 62 86 0 0
418 61 86 0 0
419 61 87 0 0
420 60 87 0 0
421 61 87 0 0
422 60 87 0 0
423 60 88 0 0
424 59 88 0 0
425 60 88 0 0
426 59 88 0 0
427 60 88 0 0
428 59 88 0 0
429 58 88 0 0
430 58 89 0 0
431 59 89 0 0
432 58 89 0 0
433 59 89 0 0
434 58 89 0 0
435 57 89 0 0
436 57 90 0 0
437 58 90 0 0
438 57 90 0 0
439 58 90 0 0
440 57 90 0 0
441 56 90 0 0
442 57 90 0 0
443 56 90 0 0
444 56 91 0 0
445 57 91 0 0
446 56 91 0 0
447 55 91 0 0
448 55 92 0 0
449 56 92 0 0
450 55 92 0 0
451 54 92 0 0
452 55 92 0 0
453 54 92 0 0
454 54 93 0 0
455 55 93 0 0
456 54 93 0 0
457 53 93 0 0
458 54 93 0 0
459 53 93 0 0
460 52 93 0 0
461 52 94 0 0
462 53 94 0 0
463 52 94 0 0
464 53 94 0 0
465 52 94 0 0
466 51 94 0 0
467 51 95 0 0
468 52 95 0 0
469 51 95 0 0
470 51 96 0 0
471 52 96 0 0
472 51 96 0 0
473 52 96 0 0
474 51 96 0 0
475 50 96 0 0
476 50 97 0 0
477 51 97 0 0
478 50 97 0 0
479 49 97 0 0
480 50 97 0 0
481 49 97 0 0
482 49 98 0 0
483 50 98 0 0
484 49 98 0 0
485 48 98 0 0
486 48 99 0 0
487 49 99 0 0
488 48 99 0 0
489 49 99 0 0
490 48 99 0 0
491 47 99 0 0
492 47 100 0 0
493 48 100 0 0
494 47 100 0 0
495 48 100 0 0
496 47 100 0 0
497 47 101 0 0
498 46 101 0 0
499 47 101 0 0
500 46 101 0 0
501 47 101 0 0
502 46 101 0 0
503 46 102 0 0
504 45 102 0 0
505 46 102 0 0
506 45 102 0 0
507 45 103 0 0
508 46 103 0 0
509 45 103 0 0
510 44 103 0 0
511 45 103 0 0
512 44 103 0 0
513 44 104 0 0
514 45 104 0 0
515 44 104 0 0
516 43 104 0 0
517 44 104 0 0
518 43 104 0 0
519 43 105 0 0
520 44 105 0 0
521 43 105 0 0
522 42 105 0 0
523 43 105 0 0
524 42 105 0 0
525 42 106 0 0
526 43 106 0 0
527 42 106 0 0
528 42 107 0 0
529 41 107 0 0
530 42 107 0 0
531 41 107 0 0
532 42 107 0 0
533 41 107 0 0
534 41 108 0 0
535 40 108 0 0
536 41 108 0 0
537 40 108 0 0
538 41 108 0 0
539 40 108 0 0
540 40 109 0 0
541 39 109 0 0
542 40 109 0 0
543 39 109 0 0
544 40 109 0 0
545 39 109 0 0
546 39 110 0 0
547 38 110 0 0
548 38 111 0 0
549 39 111 0 0
550 38 111 0 0
551 37 111 0 0
552 38 111 0 0
553 37 111 0 0
554 37 112 0 0
555 38 112 0 0
556 37 112 0 0
557 38 112 0 0
558 37 112 0 0
559 36 112 0 0
560 36 113 0 0
561 37 113 0 0
562 36 113 0 0
563 36 114 0 0
564 35 114 0 0
565 36 114 0 0
566 35 114 0 0
567 36 114 0 0
568 35 114 0 0
569 35 115 0 0
570 34 115 0 0
571 35 115 0 0
572 34 115 0 0
573 35 115 0 0
574 34 115 0 0
575 34 116 0 0
576 35 116 0 0
577 34 116 0 0
578 33 116 0 0
579 34 116 0 0
580 33 116 0 0
581 33 117 0 0
582 32 117 0 0
583 33 117 0 0
584 32 117 0 0
585 32 118 0 0
586 33 118 0 0
587 32 118 0 0
588 33 118 0 0
589 32 118 0 0
590 32 119 0 0
591 31 119 0 0
592 32 119 0 0
593 31 119 0 0
594 32 119 0 0
595 31 119 0 0
596 31 120 0 0
597 30 120 0 0
598 31 120 0 0
599 30 120 0 0
600 29 120 0 0
601 29 121 0 0
602 30 121 0 0
603 29 121 0 0
604 30 121 0 0
605 29 121 0 0
606 29 122 0 0
607 30 122 0 0
608 29 122 0 0
609 28 122 0 0
610 29 122 0 0
611 28 122 0 0
612 28 123 0 0
613 27 123 0 0
614 28 123 0 0
615 27 123 0 0
616 28 123 0 0
617 27 123 0 0
618 26 123 0 0
619 27 123 0 0
620 26 123 0 0
621 27 123 0 0
622 26 123 0 0
623 25 123 0 0
624 24 123 0 0
625 25 123 0 0
626 24 123 0 0
627 25 123 0 0
628 24 123 0 0
629 24 122 0 0
630 23 122 0 0
631 24 122 0 0
632 23 122 0 0
633 22 122 0 0
634 23 122 0 0
635 22 122 0 0
636 21 122 0 0
637 21 123 0 0
638 22 123 0 0
639 21 123 0 0
640 22 123 0 0
641 21 123 0 0
642 21 124 0 0
643 20 124 0 0
644 21 124 0 0
645 20 124 0 0
646 20 125 0 0
647 19 125 0 0
648 19 126 0 0
649 20 126 0 0
650 19 126 0 0
651 18 126 0 0
652 18 127 0 0
653 19 127 0 0
654 18 127 0 0
655 19 127 0 0
656 18 127 0 0
657 18 128 0 0
658 17 128 0 0
659 18 128 0 0
660 17 128 0 0
661 17 129 0 0
662 16 129 0 0
663 16 130 0 0
664 17 130 0 0
665 16 130 0 0
666 17 130 0 0
667 16 130 0 0
668 16 131 0 0
669 15 131 0 0
670 16 131 0 0
671 15 131 0 0
672 15 132 0 0
673 14 132 0 0
674 14 133 0 0
675 15 133 0 0
676 14 133 0 0
677 15 133 0 0
678 14 133 0 0
679 14 134 0 0
680 13 134 0 0
681 14 134 0 0
682 13 134 0 0
683 13 135 0 0
684 12 135 0 0
685 12 136 0 0
686 13 136 0 0
687 12 136 0 0
688 12 137 0 0
689 13 137 0 0
690 12 137 0 0
691 11 137 0 0
692 11 138 0 0
693 12 138 0 0
694 11 138 0 0
695 12 138 0 0
696 11 138 0 0
697 11 139 0 0
698 10 139 0 0
699 10 140 0 0
700 11 140 0 0
701 10 140 0 0
702 9 140 0 0
703 9 141 0 0
704 10 141 0 0
705 9 141 0 0
706 8 141 0 0
707 8 142 0 0
708 9 142 0 0
709 8 142 0 0
710 7 142 0 0
711 7 143 0 0
712 8 143 0 0
713 7 143 0 0
714 7 144 0 0
715 8 144 0 0
716 7 144 0 0
717 6 144 0 0
718 6 145 0 0
719 7 145 0 0
720 6 145 0 0
721 7 145 0 0
722 6 145 0 0
723 6 146 0 0
724 5 146 0 0
725 6 146 0 0
726 5 146 0 0
727 5 147 0 0
728 4 147 0 0
729 4 148 0 0
730 5 148 0 0
731 4 148 0 0
732 5 148 0 0
733 4 148 0 0
734 4 149 0 0
