0 98 11 0 0
1 98 12 0 0
2 99 12 0 0
3 98 12 0 0
4 98 13 0 0
5 99 13 0 0
6 98 13 0 0
7 98 14 0 0
8 99 14 0 0
9 98 14 0 0
10 99 14 0 0
11 98 14 0 0
12 98 15 0 0
13 99 15 0 0
14 98 15 0 0
15 98 16 0 0
16 99 16 0 0
17 98 16 0 0
18 98 17 0 0
19 99 17 0 0
20 99 18 0 0
21 100 18 0 0
22 99 18 0 0
23 100 18 0 0
24 99 18 0 0
25 99 19 0 0
26 100 19 0 0
27 99 19 0 0
28 99 20 0 0
29 100 20 0 0
30 99 20 0 0
31 99 21 0 0
32 100 21 0 0
33 99 21 0 0
34 99 22 0 0
35 100 22 0 0
36 99 22 0 0
37 100 22 0 0
38 99 22 0 0
39 99 23 0 0
40 100 23 0 0
41 99 23 0 0
42 99 24 0 0
43 100 24 0 0
44 99 24 0 0
45 99 25 0 0
46 100 25 0 0
47 99 25 0 0
48 99 26 0 0
49 100 26 0 0
50 99 26 0 0
51 100 26 0 0
52 99 26 0 0
53 99 27 0 0
54 100 27 0 0
55 99 27 0 0
56 99 28 0 0
57 100 28 0 0
58 99 28 0 0
59 99 29 0 0
60 100 29 0 0
61 99 29 0 0
62 99 30 0 0
63 100 30 0 0
64 99 30 0 0
65 100 30 0 0
66 99 30 0 0
67 99 31 0 0
68 100 31 0 0
69 99 31 0 0
70 99 32 0 0
71 100 32 0 0
72 99 32 0 0
73 99 33 0 0
74 100 33 0 0
75 99 33 0 0
76 99 34 0 0
77 100 34 0 0
78 99 34 0 0
79 99 35 0 0
80 100 35 0 0
81 101 35 0 0
82 100 35 0 0
83 100 36 0 0
84 101 36 0 0
85 100 36 0 0
86 100 37 0 0
87 101 37 0 0
88 100 37 0 0
89 100 38 0 0
90 101 38 0 0
91 100 38 0 0
92 100 39 0 0
93 101 39 0 0
94 100 39 0 0
95 101 39 0 0
96 100 39 0 0
97 100 40 0 0
98 101 40 0 0
99 100 40 0 0
100 100 41 0 0
101 101 41 0 0
102 100 41 0 0
103 100 42 0 0
104 101 42 0 0
105 100 42 0 0
106 100 43 0 0
107 101 43 0 0
108 100 43 0 0
109 101 43 0 0
110 100 43 0 0
111 100 44 0 0
112 101 44 0 0
113 100 44 0 0
114 100 45 0 0
115 101 45 0 0
116 100 45 0 0
117 100 46 0 0
118 101 46 0 0
119 100 46 0 0
120 100 47 0 0
121 101 47 0 0
122 100 47 0 0
123 101 47 0 0
124 100 47 0 0
125 100 48 0 0
126 101 48 0 0
127 100 48 0 0
128 100 49 0 0
129 101 49 0 0
130 100 49 0 0
131 100 50 0 0
132 101 50 0 0
133 100 50 0 0
134 100 51 0 0
135 101 51 0 0
136 100 51 0 0
137 101 51 0 0
138 100 51 0 0
139 100 52 0 0
140 101 52 0 0
141 100 52 0 0
142 100 53 0 0
143 101 53 0 0
144 100 53 0 0
145 100 54 0 0
146 101 54 0 0
147 100 54 0 0
148 100 55 0 0
149 101 55 0 0
150 100 55 0 0
151 101 55 0 0
152 100 55 0 0
153 100 56 0 0
154 101 56 0 0
155 100 56 0 0
156 100 57 0 0
157 101 57 0 0
158 100 57 0 0
159 100 58 0 0
160 101 58 0 0
161 100 58 0 0
162 100 59 0 0
163 101 59 0 0
164 102 59 0 0
165 101 59 0 0
166 101 60 0 0
167 102 60 0 0
168 101 60 0 0
169 101 61 0 0
170 102 61 0 0
171 101 61 0 0
172 101 62 0 0
173 102 62 0 0
174 101 62 0 0
175 101 63 0 0
176 102 63 0 0
177 101 63 0 0
178 102 63 0 0
179 101 63 0 0
180 101 64 0 0
181 102 64 0 0
182 101 64 0 0
183 101 65 0 0
184 102 65 0 0
185 101 65 0 0
186 101 66 0 0
187 102 66 0 0
188 101 66 0 0
189 101 67 0 0
190 102 67 0 0
191 101 67 0 0
192 102 67 0 0
193 101 67 0 0
194 101 68 0 0
195 102 68 0 0
196 101 68 0 0
197 101 69 0 0
198 102 69 0 0
199 101 69 0 0
200 101 70 0 0
201 102 70 0 0
202 101 70 0 0
203 101 71 0 0
204 102 71 0 0
205 101 71 0 0
206 102 71 0 0
207 101 71 0 0
208 101 72 0 0
209 101 73 0 0
210 102 73 0 0
211 101 73 0 0
212 102 73 0 0
213 101 73 0 0
214 101 74 0 0
215 102 74 0 0
216 101 74 0 0
217 101 75 0 0
218 102 75 0 0
219 101 75 0 0
220 102 75 0 0
221 101 75 0 0
222 101 76 0 0
223 101 77 0 0
224 102 77 0 0
225 101 77 0 0
226 102 77 0 0
227 102 78 0 0
228 103 78 0 0
229 102 78 0 0
230 102 79 0 0
231 103 79 0 0
232 102 79 0 0
233 103 79 0 0
234 102 79 0 0
235 102 80 0 0
236 102 81 0 0
237 103 81 0 0
238 102 81 0 0
239 103 81 0 0
240 102 81 0 0
241 102 82 0 0
242 103 82 0 0
243 102 82 0 0
244 102 83 0 0
245 103 83 0 0
246 102 83 0 0
247 102 84 0 0
248 103 84 0 0
249 102 84 0 0
250 102 85 0 0
251 103 85 0 0
252 102 85 0 0
253 103 85 0 0
254 102 85 0 0
255 102 86 0 0
256 103 86 0 0
257 102 86 0 0
258 102 87 0 0
259 103 87 0 0
260 103 88 0 0
261 104 88 0 0
262 103 88 0 0
263 104 88 0 0
264 103 88 0 0
265 103 89 0 0
266 104 89 0 0
267 103 89 0 0
268 103 90 0 0
269 104 90 0 0
270 103 90 0 0
271 104 90 0 0
272 103 90 0 0
273 103 91 0 0
274 103 92 0 0
275 104 92 0 0
276 105 92 0 0
277 104 92 0 0
278 104 93 0 0
279 105 93 0 0
280 104 93 0 0
281 104 94 0 0
282 105 94 0 0
283 104 94 0 0
284 105 94 0 0
285 105 95 0 0
286 106 95 0 0
287 105 95 0 0
288 105 96 0 0
289 106 96 0 0
290 105 96 0 0
291 105 97 0 0
292 106 97 0 0
293 105 97 0 0
294 106 97 0 0
295 105 97 0 0
296 105 98 0 0
297 105 99 0 0
298 106 99 0 0
299 105 99 0 0
300 106 99 0 0
301 106 100 0 0
302 107 100 0 0
303 106 100 0 0
304 106 101 0 0
305 107 101 0 0
306 106 101 0 0
307 107 101 0 0
308 106 101 0 0
309 106 102 0 0
310 107 102 0 0
311 107 103 0 0
312 108 103 0 0
313 107 103 0 0
314 107 104 0 0
315 108 104 0 0
316 107 104 0 0
317 108 104 0 0
318 107 104 0 0
319 107 105 0 0
320 108 105 0 0
321 107 105 0 0
322 107 106 0 0
323 108 106 0 0
324 107 106 0 0
325 107 107 0 0
326 108 107 0 0
327 109 107 0 0
328 108 107 0 0
329 108 108 0 0
330 109 108 0 0
331 108 108 0 0
332 108 109 0 0
333 109 109 0 0
334 108 109 0 0
335 109 109 0 0
336 108 109 0 0
337 108 110 0 0
338 108 111 0 0
339 109 111 0 0
340 108 111 0 0
341 109 111 0 0
342 109 112 0 0
343 110 112 0 0
344 109 112 0 0
345 109 113 0 0
346 110 113 0 0
347 109 113 0 0
348 109 114 0 0
349 110 114 0 0
350 109 114 0 0
351 110 114 0 0
352 109 114 0 0
353 109 115 0 0
354 110 115 0 0
355 110 116 0 0
356 111 116 0 0
357 110 116 0 0
358 111 116 0 0
359 110 116 0 0
360 110 117 0 0
361 110 118 0 0
362 111 118 0 0
363 110 118 0 0
364 111 118 0 0
365 110 118 0 0
366 110 119 0 0
367 111 119 0 0
368 110 119 0 0
369 110 120 0 0
370 111 120 0 0
371 112 120 0 0
372 111 120 0 0
373 111 121 0 0
374 112 121 0 0
375 111 121 0 0
376 111 122 0 0
377 112 122 0 0
378 111 122 0 0
379 111 123 0 0
380 112 123 0 0
381 111 123 0 0
382 112 123 0 0
383 111 123 0 0
384 111 124 0 0
385 112 124 0 0
386 111 124 0 0
387 111 125 0 0
388 112 125 0 0
389 111 125 0 0
390 111 126 0 0
391 112 126 0 0
392 111 126 0 0
393 111 127 0 0
394 112 127 0 0
395 111 127 0 0
396 112 127 0 0
397 111 127 0 0
398 111 128 0 0
399 112 128 0 0
400 111 128 0 0
401 111 129 0 0
402 112 129 0 0
403 111 129 0 0
404 111 130 0 0
405 110 130 0 0
406 111 130 0 0
407 110 130 0 0
408 110 131 0 0
409 111 131 0 0
410 110 131 0 0
411 110 132 0 0
412 111 132 0 0
413 110 132 0 0
414 110 133 0 0
415 111 133 0 0
416 110 133 0 0
417 110 134 0 0
418 111 134 0 0
419 110 134 0 0
420 111 134 0 0
421 110 134 0 0
422 110 135 0 0
423 111 135 0 0
424 110 135 0 0
425 110 136 0 0
426 111 136 0 0
427 110 136 0 0
428 110 137 0 0
429 111 137 0 0
430 110 137 0 0
431 110 138 0 0
432 111 138 0 0
433 110 138 0 0
434 111 138 0 0
435 110 138 0 0
436 110 139 0 0
437 111 139 0 0
438 110 139 0 0
439 110 140 0 0
440 111 140 0 0
441 110 140 0 0
442 110 141 0 0
443 111 141 0 0
444 110 141 0 0
445 111 141 0 0
446 110 141 0 0
447 110 142 0 0
448 111 142 0 0
449 110 142 0 0
450 110 143 0 0
451 111 143 0 0
452 110 143 0 0
453 110 144 0 0
454 109 144 0 0
455 109 145 0 0
456 110 145 0 0
457 109 145 0 0
458 110 145 0 0
459 109 145 0 0
460 109 146 0 0
461 110 146 0 0
462 109 146 0 0
463 109 147 0 0
464 110 147 0 0
465 109 147 0 0
466 109 148 0 0
467 110 148 0 0
468 109 148 0 0
469 109 149 0 0
470 110 149 0 0
471 109 149 0 0
472 110 149 0 0
473 109 149 0 0
474 109 150 0 0
475 110 150 0 0
476 109 150 0 0
477 109 151 0 0
478 110 151 0 0
479 109 151 0 0
480 109 152 0 0
481 110 152 0 0
482 109 152 0 0
483 109 153 0 0
484 110 153 0 0
485 109 153 0 0
486 110 153 0 0
487 109 153 0 0
488 109 154 0 0
489 108 154 0 0
490 108 155 0 0
491 109 155 0 0
492 108 155 0 0
493 108 156 0 0
494 109 156 0 0
495 108 156 0 0
496 109 156 0 0
497 108 156 0 0
498 108 157 0 0
499 109 157 0 0
500 108 157 0 0
501 108 158 0 0
502 109 158 0 0
503 108 158 0 0
504 108 159 0 0
505 109 159 0 0
506 108 159 0 0
507 108 160 0 0
508 109 160 0 0
509 108 160 0 0
510 109 160 0 0
511 108 160 0 0
512 108 161 0 0
513 109 161 0 0
514 108 161 0 0
515 108 162 0 0
516 109 162 0 0
517 108 162 0 0
518 108 163 0 0
519 109 163 0 0
520 108 163 0 0
521 107 163 0 0
522 107 164 0 0
523 108 164 0 0
524 107 164 0 0
525 107 165 0 0
526 108 165 0 0
527 107 165 0 0
528 108 165 0 0
529 107 165 0 0
530 107 166 0 0
531 107 167 0 0
532 108 167 0 0
533 107 167 0 0
534 106 167 0 0
535 106 168 0 0
536 107 168 0 0
537 106 168 0 0
538 107 168 0 0
539 106 168 0 0
540 106 169 0 0
541 107 169 0 0
542 106 169 0 0
543 106 170 0 0
544 105 170 0 0
545 105 171 0 0
546 106 171 0 0
547 105 171 0 0
548 105 172 0 0
549 106 172 0 0
550 105 172 0 0
551 106 172 0 0
552 105 172 0 0
553 105 173 0 0
554 106 173 0 0
555 105 173 0 0
556 105 174 0 0
557 104 174 0 0
558 104 175 0 0
559 105 175 0 0
560 104 175 0 0
561 105 175 0 0
562 104 175 0 0
563 104 176 0 0
564 105 176 0 0
565 104 176 0 0
566 104 177 0 0
567 103 177 0 0
568 103 178 0 0
569 104 178 0 0
570 103 178 0 0
571 104 178 0 0
572 103 178 0 0
573 103 179 0 0
574 104 179 0 0
575 103 179 0 0
576 103 180 0 0
577 104 180 0 0
578 103 180 0 0
579 102 180 0 0
580 102 181 0 0
581 102 182 0 0
582 103 182 0 0
583 102 182 0 0
584 103 182 0 0
585 102 182 0 0
586 102 183 0 0
587 103 183 0 0
588 102 183 0 0
589 103 183 0 0
590 102 183 0 0
591 102 184 0 0
592 101 184 0 0
593 101 185 0 0
594 102 185 0 0
595 101 185 0 0
596 101 186 0 0
597 102 186 0 0
598 101 186 0 0
599 101 187 0 0
600 102 187 0 0
601 101 187 0 0
602 100 187 0 0
603 100 188 0 0
604 101 188 0 0
605 100 188 0 0
606 100 189 0 0
607 101 189 0 0
608 100 189 0 0
609 100 190 0 0
610 101 190 0 0
611 100 190 0 0
612 101 190 0 0
613 100 190 0 0
614 100 191 0 0
615 101 191 0 0
616 100 191 0 0
617 100 192 0 0
618 99 192 0 0
619 99 193 0 0
620 100 193 0 0
621 99 193 0 0
622 99 194 0 0
623 100 194 0 0
624 99 194 0 0
625 100 194 0 0
626 99 194 0 0
627 99 195 0 0
628 100 195 0 0
629 99 195 0 0
630 99 196 0 0
631 100 196 0 0
632 99 196 0 0
633 99 197 0 0
634 100 197 0 0
635 99 197 0 0
636 99 198 0 0
637 100 198 0 0
638 99 198 0 0
639 100 198 0 0
640 99 198 0 0
641 99 199 0 0
642 100 199 0 0
643 99 199 0 0
644 99 200 0 0
645 100 200 0 0
646 99 200 0 0
647 99 201 0 0
648 100 201 0 0
649 99 201 0 0
650 99 202 0 0
651 100 202 0 0
652 99 202 0 0
653 98 202 0 0
654 98 203 0 0
655 99 203 0 0
656 98 203 0 0
657 98 204 0 0
658 99 204 0 0
659 98 204 0 0
660 98 205 0 0
661 99 205 0 0
662 98 205 0 0
663 98 206 0 0
664 99 206 0 0
665 98 206 0 0
666 99 206 0 0
667 98 206 0 0
668 98 207 0 0
669 99 207 0 0
670 98 207 0 0
671 98 208 0 0
672 99 208 0 0
673 98 208 0 0
674 98 209 0 0
675 99 209 0 0
676 98 209 0 0
677 98 210 0 0
678 99 210 0 0
679 98 210 0 0
680 99 210 0 0
681 98 210 0 0
682 98 211 0 0
683 99 211 0 0
684 98 211 0 0
685 98 212 0 0
686 99 212 0 0
687 98 212 0 0
688 98 213 0 0
689 99 213 0 0
690 98 213 0 0
691 98 214 0 0
692 99 214 0 0
693 98 214 0 0
694 99 214 0 0
695 98 214 0 0
696 98 215 0 0
697 99 215 0 0
698 98 215 0 0
699 98 216 0 0
700 99 216 0 0
701 98 216 0 0
702 98 217 0 0
703 99 217 0 0
704 98 217 0 0
705 98 218 0 0
706 97 218 0 0
707 97 219 0 0
708 98 219 0 0
709 97 219 0 0
710 98 219 0 0
711 97 219 0 0
712 97 220 0 0
713 98 220 0 0
714 97 220 0 0
715 97 221 0 0
716 98 221 0 0
717 97 221 0 0
718 97 222 0 0
719 98 222 0 0
720 97 222 0 0
721 97 223 0 0
722 98 223 0 0
723 97 223 0 0
724 98 223 0 0
725 97 223 0 0
726 97 224 0 0
727 98 224 0 0
728 97 224 0 0
729 97 225 0 0
730 98 225 0 0
731 97 225 0 0
732 97 226 0 0
733 98 226 0 0
734 97 226 0 0
735 97 227 0 0
736 98 227 0 0
737 97 227 0 0
738 98 227 0 0
739 97 227 0 0
740 97 228 0 0
741 98 228 0 0
742 97 228 0 0
743 97 229 0 0
