0 92 4 0 0
1 92 5 0 0
2 93 5 0 0
3 92 5 0 0
4 92 6 0 0
5 93 6 0 0
6 92 6 0 0
7 93 6 0 0
8 92 6 0 0
9 92 7 0 0
10 93 7 0 0
11 92 7 0 0
12 93 7 0 0
13 92 7 0 0
14 92 8 0 0
15 93 8 0 0
16 92 8 0 0
17 93 8 0 0
18 92 8 0 0
19 92 9 0 0
20 93 9 0 0
21 92 9 0 0
22 92 10 0 0
23 93 10 0 0
24 92 10 0 0
25 93 10 0 0
26 92 10 0 0
27 92 11 0 0
28 93 11 0 0
29 92 11 0 0
30 93 11 0 0
31 92 11 0 0
32 92 12 0 0
33 93 12 0 0
34 92 12 0 0
35 92 13 0 0
36 93 13 0 0
37 92 13 0 0
38 93 13 0 0
39 92 13 0 0
40 92 14 0 0
41 93 14 0 0
42 92 14 0 0
43 93 14 0 0
44 92 14 0 0
45 92 15 0 0
46 93 15 0 0
47 92 15 0 0
48 93 15 0 0
49 92 15 0 0
50 92 16 0 0
51 93 16 0 0
52 92 16 0 0
53 92 17 0 0
54 93 17 0 0
55 92 17 0 0
56 93 17 0 0
57 92 17 0 0
58 92 18 0 0
59 93 18 0 0
60 92 18 0 0
61 93 18 0 0
62 92 18 0 0
63 92 19 0 0
64 93 19 0 0
65 92 19 0 0
66 93 19 0 0
67 92 19 0 0
68 92 20 0 0
69 93 20 0 0
70 92 20 0 0
71 92 21 0 0
72 93 21 0 0
73 92 21 0 0
74 93 21 0 0
75 92 21 0 0
76 92 22 0 0
77 93 22 0 0
78 92 22 0 0
79 93 22 0 0
80 92 22 0 0
81 92 23 0 0
82 93 23 0 0
83 92 23 0 0
84 93 23 0 0
85 92 23 0 0
86 92 24 0 0
87 93 24 0 0
88 92 24 0 0
89 92 25 0 0
90 93 25 0 0
91 92 25 0 0
92 93 25 0 0
93 92 25 0 0
94 92 26 0 0
95 93 26 0 0
96 92 26 0 0
97 93 26 0 0
98 92 26 0 0
99 92 27 0 0
100 93 27 0 0
101 92 27 0 0
102 92 28 0 0
103 93 28 0 0
104 92 28 0 0
105 93 28 0 0
106 92 28 0 0
107 92 29 0 0
108 93 29 0 0
109 92 29 0 0
110 93 29 0 0
111 92 29 0 0
112 92 30 0 0
113 93 30 0 0
114 92 30 0 0
115 93 30 0 0
116 92 30 0 0
117 92 31 0 0
118 93 31 0 0
119 92 31 0 0
120 92 32 0 0
121 93 32 0 0
122 92 32 0 0
123 93 32 0 0
124 92 32 0 0
125 92 33 0 0
126 93 33 0 0
127 92 33 0 0
128 93 33 0 0
129 92 33 0 0
130 92 34 0 0
131 93 34 0 0
132 92 34 0 0
133 93 34 0 0
134 92 34 0 0
135 92 35 0 0
136 93 35 0 0
137 92 35 0 0
138 92 36 0 0
139 93 36 0 0
140 92 36 0 0
141 93 36 0 0
142 92 36 0 0
143 92 37 0 0
144 93 37 0 0
145 92 37 0 0
146 93 37 0 0
147 92 37 0 0
148 92 38 0 0
149 93 38 0 0
150 92 38 0 0
151 92 39 0 0
152 93 39 0 0
153 92 39 0 0
154 93 39 0 0
155 92 39 0 0
156 92 40 0 0
157 93 40 0 0
158 92 40 0 0
159 93 40 0 0
160 92 40 0 0
161 92 41 0 0
162 93 41 0 0
163 92 41 0 0
164 93 41 0 0
165 92 41 0 0
166 92 42 0 0
167 93 42 0 0
168 92 42 0 0
169 92 43 0 0
170 93 43 0 0
171 92 43 0 0
172 93 43 0 0
173 92 43 0 0
174 92 44 0 0
175 93 44 0 0
176 92 44 0 0
177 93 44 0 0
178 92 44 0 0
179 92 45 0 0
180 93 45 0 0
181 92 45 0 0
182 93 45 0 0
183 92 45 0 0
184 93 45 0 0
185 92 45 0 0
186 92 46 0 0
187 93 46 0 0
188 92 46 0 0
189 92 47 0 0
190 93 47 0 0
191 92 47 0 0
192 93 47 0 0
193 92 47 0 0
194 92 48 0 0
195 93 48 0 0
196 92 48 0 0
197 93 48 0 0
198 92 48 0 0
199 92 49 0 0
200 93 49 0 0
201 92 49 0 0
202 93 49 0 0
203 92 49 0 0
204 92 50 0 0
205 93 50 0 0
206 92 50 0 0
207 92 51 0 0
208 93 51 0 0
209 92 51 0 0
210 93 51 0 0
211 92 51 0 0
212 92 52 0 0
213 93 52 0 0
214 92 52 0 0
215 93 52 0 0
216 92 52 0 0
217 92 53 0 0
218 93 53 0 0
219 92 53 0 0
220 92 54 0 0
221 93 54 0 0
222 92 54 0 0
223 93 54 0 0
224 92 54 0 0
225 92 55 0 0
226 93 55 0 0
227 92 55 0 0
228 93 55 0 0
229 92 55 0 0
230 92 56 0 0
231 93 56 0 0
232 92 56 0 0
233 93 56 0 0
234 92 56 0 0
235 93 56 0 0
236 92 56 0 0
237 92 57 0 0
238 93 57 0 0
239 92 57 0 0
240 92 58 0 0
241 93 58 0 0
242 92 58 0 0
243 93 58 0 0
244 92 58 0 0
245 92 59 0 0
246 93 59 0 0
247 92 59 0 0
248 93 59 0 0
249 92 59 0 0
250 92 60 0 0
251 93 60 0 0
252 92 60 0 0
253 93 60 0 0
254 92 60 0 0
255 92 61 0 0
256 93 61 0 0
257 92 61 0 0
258 92 62 0 0
259 93 62 0 0
260 92 62 0 0
261 93 62 0 0
262 92 62 0 0
263 92 63 0 0
264 93 63 0 0
265 92 63 0 0
266 93 63 0 0
267 92 63 0 0
268 92 64 0 0
269 93 64 0 0
270 92 64 0 0
271 93 64 0 0
272 92 64 0 0
273 92 65 0 0
274 93 65 0 0
275 92 65 0 0
276 92 66 0 0
277 93 66 0 0
278 92 66 0 0
279 93 66 0 0
280 94 66 0 0
281 93 66 0 0
282 93 67 0 0
283 94 67 0 0
284 93 67 0 0
285 93 68 0 0
286 94 68 0 0
287 93 68 0 0
288 93 69 0 0
289 94 69 0 0
290 93 69 0 0
291 94 69 0 0
292 94 70 0 0
293 95 70 0 0
294 94 70 0 0
295 95 70 0 0
296 94 70 0 0
297 94 71 0 0
298 95 71 0 0
299 94 71 0 0
300 95 71 0 0
301 95 72 0 0
302 96 72 0 0
303 95 72 0 0
304 95 73 0 0
305 96 73 0 0
306 95 73 0 0
307 96 73 0 0
308 95 73 0 0
309 95 74 0 0
310 96 74 0 0
311 95 74 0 0
312 95 75 0 0
313 96 75 0 0
314 95 75 0 0
315 96 75 0 0
316 96 76 0 0
317 97 76 0 0
318 96 76 0 0
319 96 77 0 0
320 97 77 0 0
321 96 77 0 0
322 97 77 0 0
323 96 77 0 0
324 96 78 0 0
325 97 78 0 0
326 97 79 0 0
327 98 79 0 0
328 97 79 0 0
329 98 79 0 0
330 97 79 0 0
331 97 80 0 0
332 98 80 0 0
333 97 80 0 0
334 98 80 0 0
335 98 81 0 0
336 99 81 0 0
337 98 81 0 0
338 99 81 0 0
339 98 81 0 0
340 98 82 0 0
341 99 82 0 0
342 98 82 0 0
343 98 83 0 0
344 99 83 0 0
345 100 83 0 0
346 99 83 0 0
347 99 84 0 0
348 100 84 0 0
349 99 84 0 0
350 99 85 0 0
351 100 85 0 0
352 99 85 0 0
353 99 86 0 0
354 100 86 0 0
355 99 86 0 0
356 100 86 0 0
357 100 87 0 0
358 101 87 0 0
359 100 87 0 0
360 100 88 0 0
361 101 88 0 0
362 100 88 0 0
363 101 88 0 0
364 100 88 0 0
365 100 89 0 0
366 101 89 0 0
367 102 89 0 0
368 101 89 0 0
369 101 90 0 0
370 102 90 0 0
371 101 90 0 0
372 102 90 0 0
373 101 90 0 0
374 101 91 0 0
375 102 91 0 0
376 102 92 0 0
377 103 92 0 0
378 102 92 0 0
379 103 92 0 0
380 102 92 0 0
381 102 93 0 0
382 103 93 0 0
383 102 93 0 0
384 103 93 0 0
385 103 94 0 0
386 104 94 0 0
387 103 94 0 0
388 104 94 0 0
389 103 94 0 0
390 103 95 0 0
391 104 95 0 0
392 104 96 0 0
393 105 96 0 0
394 104 96 0 0
395 105 96 0 0
396 105 97 0 0
397 106 97 0 0
398 105 97 0 0
399 106 97 0 0
400 105 97 0 0
401 106 97 0 0
402 106 98 0 0
403 107 98 0 0
404 106 98 0 0
405 106 99 0 0
406 107 99 0 0
407 108 99 0 0
408 107 99 0 0
409 107 100 0 0
410 108 100 0 0
411 107 100 0 0
412 108 100 0 0
413 108 101 0 0
414 109 101 0 0
415 108 101 0 0
416 109 101 0 0
417 108 101 0 0
418 109 101 0 0
419 109 102 0 0
420 110 102 0 0
421 109 102 0 0
422 109 103 0 0
423 110 103 0 0
424 111 103 0 0
425 110 103 0 0
426 110 104 0 0
427 111 104 0 0
428 110 104 0 0
429 111 104 0 0
430 111 105 0 0
431 112 105 0 0
432 111 105 0 0
433 112 105 0 0
434 111 105 0 0
435 112 105 0 0
436 112 106 0 0
437 113 106 0 0
438 112 106 0 0
439 112 107 0 0
440 113 107 0 0
441 114 107 0 0
442 113 107 0 0
443 113 108 0 0
444 114 108 0 0
445 113 108 0 0
446 114 108 0 0
447 114 109 0 0
448 115 109 0 0
449 114 109 0 0
450 115 109 0 0
451 116 109 0 0
452 115 109 0 0
453 115 110 0 0
454 116 110 0 0
455 115 110 0 0
456 115 111 0 0
457 116 111 0 0
458 115 111 0 0
459 116 111 0 0
460 117 111 0 0
461 116 111 0 0
462 116 112 0 0
463 117 112 0 0
464 116 112 0 0
465 117 112 0 0
466 117 113 0 0
467 118 113 0 0
468 117 113 0 0
469 118 113 0 0
470 118 114 0 0
471 119 114 0 0
472 118 114 0 0
473 119 114 0 0
474 118 114 0 0
475 118 115 0 0
476 119 115 0 0
477 120 115 0 0
478 119 115 0 0
479 120 115 0 0
480 120 116 0 0
481 121 116 0 0
482 120 116 0 0
483 121 116 0 0
484 120 116 0 0
485 121 116 0 0
486 120 116 0 0
487 120 117 0 0
488 121 117 0 0
489 121 118 0 0
490 122 118 0 0
491 121 118 0 0
492 122 118 0 0
493 121 118 0 0
494 122 118 0 0
495 122 119 0 0
496 123 119 0 0
497 122 119 0 0
498 123 119 0 0
499 124 119 0 0
500 123 119 0 0
501 123 120 0 0
502 124 120 0 0
503 123 120 0 0
504 124 120 0 0
505 124 121 0 0
506 125 121 0 0
507 124 121 0 0
508 125 121 0 0
509 125 122 0 0
510 126 122 0 0
511 125 122 0 0
512 126 122 0 0
513 125 122 0 0
514 125 123 0 0
515 126 123 0 0
516 125 123 0 0
517 126 123 0 0
518 127 123 0 0
519 126 123 0 0
520 126 124 0 0
521 127 124 0 0
522 126 124 0 0
523 127 124 0 0
524 128 124 0 0
525 127 124 0 0
526 127 125 0 0
527 128 125 0 0
528 128 126 0 0
529 129 126 0 0
530 128 126 0 0
531 129 126 0 0
532 128 126 0 0
533 129 126 0 0
534 130 126 0 0
535 129 126 0 0
536 130 126 0 0
537 131 126 0 0
538 130 126 0 0
539 131 126 0 0
540 132 126 0 0
541 131 126 0 0
542 132 126 0 0
543 133 126 0 0
544 132 126 0 0
545 133 126 0 0
546 134 126 0 0
547 133 126 0 0
548 134 126 0 0
549 133 126 0 0
550 134 126 0 0
551 135 126 0 0
552 134 126 0 0
553 135 126 0 0
554 136 126 0 0
555 135 126 0 0
556 136 126 0 0
557 137 126 0 0
558 136 126 0 0
559 137 126 0 0
560 138 126 0 0
561 137 126 0 0
562 138 126 0 0
563 139 126 0 0
564 138 126 0 0
565 139 126 0 0
566 138 126 0 0
567 139 126 0 0
568 140 126 0 0
569 139 126 0 0
570 140 126 0 0
571 141 126 0 0
572 140 126 0 0
573 141 126 0 0
574 142 126 0 0
575 141 126 0 0
576 141 125 0 0
577 142 125 0 0
578 143 125 0 0
579 142 125 0 0
580 143 125 0 0
581 144 125 0 0
582 143 125 0 0
583 144 125 0 0
584 143 125 0 0
585 144 125 0 0
586 145 125 0 0
587 144 125 0 0
588 145 125 0 0
589 146 125 0 0
590 145 125 0 0
591 146 125 0 0
592 147 125 0 0
593 146 125 0 0
594 147 125 0 0
595 148 125 0 0
596 147 125 0 0
597 148 125 0 0
598 149 125 0 0
599 148 125 0 0
600 149 125 0 0
601 148 125 0 0
602 149 125 0 0
603 150 125 0 0
604 149 125 0 0
605 150 125 0 0
606 151 125 0 0
607 150 125 0 0
608 151 125 0 0
609 152 125 0 0
610 151 125 0 0
611 152 125 0 0
612 151 125 0 0
613 152 125 0 0
614 153 125 0 0
615 154 125 0 0
616 153 125 0 0
617 154 125 0 0
618 153 125 0 0
619 154 125 0 0
620 154 124 0 0
621 155 124 0 0
622 154 124 0 0
623 154 125 0 0
624 155 125 0 0
625 156 125 0 0
626 155 125 0 0
627 156 125 0 0
628 157 125 0 0
629 156 125 0 0
630 157 125 0 0
631 158 125 0 0
632 157 125 0 0
633 158 125 0 0
634 159 125 0 0
635 158 125 0 0
636 159 125 0 0
637 160 125 0 0
638 159 125 0 0
639 160 125 0 0
640 161 125 0 0
641 160 125 0 0
642 161 125 0 0
643 161 126 0 0
644 162 126 0 0
645 161 126 0 0
646 162 126 0 0
647 161 126 0 0
648 162 126 0 0
649 163 126 0 0
650 164 126 0 0
651 163 126 0 0
652 164 126 0 0
653 163 126 0 0
654 164 126 0 0
655 165 126 0 0
656 164 126 0 0
657 165 126 0 0
658 166 126 0 0
659 165 126 0 0
660 166 126 0 0
661 167 126 0 0
662 166 126 0 0
663 167 126 0 0
664 168 126 0 0
665 167 126 0 0
666 168 126 0 0
667 169 126 0 0
668 168 126 0 0
669 169 126 0 0
670 170 126 0 0
671 169 126 0 0
672 170 126 0 0
673 171 126 0 0
674 170 126 0 0
675 171 126 0 0
676 172 126 0 0
677 171 126 0 0
678 172 126 0 0
679 171 126 0 0
680 172 126 0 0
681 173 126 0 0
682 174 126 0 0
683 173 126 0 0
684 174 126 0 0
685 173 126 0 0
686 173 127 0 0
687 174 127 0 0
688 175 127 0 0
689 176 127 0 0
690 175 127 0 0
691 176 127 0 0
692 175 127 0 0
693 176 127 0 0
694 177 127 0 0
695 176 127 0 0
696 177 127 0 0
697 178 127 0 0
698 177 127 0 0
699 178 127 0 0
700 179 127 0 0
701 178 127 0 0
702 179 127 0 0
703 180 127 0 0
704 179 127 0 0
705 180 127 0 0
706 181 127 0 0
707 180 127 0 0
708 181 127 0 0
709 182 127 0 0
710 181 127 0 0
711 182 127 0 0
712 183 127 0 0
713 182 127 0 0
714 183 127 0 0
715 184 127 0 0
716 183 127 0 0
717 184 127 0 0
718 183 127 0 0
719 184 127 0 0
720 185 127 0 0
721 186 127 0 0
722 185 127 0 0
723 186 127 0 0
724 185 127 0 0
725 186 127 0 0
726 187 127 0 0
727 187 126 0 0
728 188 126 0 0
729 187 126 0 0
730 188 126 0 0
731 187 126 0 0
732 188 126 0 0
733 189 126 0 0
734 188 126 0 0
735 189 126 0 0
736 190 126 0 0
737 189 126 0 0
738 190 126 0 0
739 191 126 0 0
740 190 126 0 0
741 191 126 0 0
742 192 126 0 0
743 191 126 0 0
744 192 126 0 0
