0 94 7 0 0
1 95 7 0 0
2 94 7 0 0
3 94 8 0 0
4 95 8 0 0
5 94 8 0 0
6 95 8 0 0
7 94 8 0 0
8 94 9 0 0
9 95 9 0 0
10 94 9 0 0
11 94 10 0 0
12 95 10 0 0
13 94 10 0 0
14 95 10 0 0
15 94 10 0 0
16 95 10 0 0
17 94 10 0 0
18 94 11 0 0
19 95 11 0 0
20 94 11 0 0
21 95 11 0 0
22 94 11 0 0
23 94 12 0 0
24 95 12 0 0
25 94 12 0 0
26 94 13 0 0
27 95 13 0 0
28 94 13 0 0
29 95 13 0 0
30 94 13 0 0
31 94 14 0 0
32 95 14 0 0
33 94 14 0 0
34 95 14 0 0
35 94 14 0 0
36 95 14 0 0
37 94 14 0 0
38 94 15 0 0
39 95 15 0 0
40 94 15 0 0
41 95 15 0 0
42 94 15 0 0
43 94 16 0 0
44 95 16 0 0
45 94 16 0 0
46 94 17 0 0
47 95 17 0 0
48 94 17 0 0
49 95 17 0 0
50 94 17 0 0
51 95 17 0 0
52 94 17 0 0
53 94 18 0 0
54 95 18 0 0
55 94 18 0 0
56 95 18 0 0
57 94 18 0 0
58 94 19 0 0
59 95 19 0 0
60 94 19 0 0
61 95 19 0 0
62 94 19 0 0
63 94 20 0 0
64 95 20 0 0
65 94 20 0 0
66 94 21 0 0
67 95 21 0 0
68 94 21 0 0
69 95 21 0 0
70 94 21 0 0
71 95 21 0 0
72 94 21 0 0
73 94 22 0 0
74 95 22 0 0
75 94 22 0 0
76 95 22 0 0
77 94 22 0 0
78 94 23 0 0
79 95 23 0 0
80 94 23 0 0
81 94 24 0 0
82 95 24 0 0
83 94 24 0 0
84 95 24 0 0
85 94 24 0 0
86 95 24 0 0
87 94 24 0 0
88 94 25 0 0
89 95 25 0 0
90 94 25 0 0
91 95 25 0 0
92 94 25 0 0
93 94 26 0 0
94 95 26 0 0
95 94 26 0 0
96 95 26 0 0
97 94 26 0 0
98 94 27 0 0
99 95 27 0 0
100 94 27 0 0
101 94 28 0 0
102 95 28 0 0
103 94 28 0 0
104 95 28 0 0
105 94 28 0 0
106 95 28 0 0
107 94 28 0 0
108 94 29 0 0
109 95 29 0 0
110 94 29 0 0
111 95 29 0 0
112 94 29 0 0
113 94 30 0 0
114 95 30 0 0
115 94 30 0 0
116 95 30 0 0
117 94 30 0 0
118 94 31 0 0
119 95 31 0 0
120 94 31 0 0
121 95 31 0 0
122 94 31 0 0
123 94 32 0 0
124 95 32 0 0
125 94 32 0 0
126 95 32 0 0
127 94 32 0 0
128 94 33 0 0
129 95 33 0 0
130 94 33 0 0
131 95 33 0 0
132 94 33 0 0
133 94 34 0 0
134 95 34 0 0
135 94 34 0 0
136 95 34 0 0
137 94 34 0 0
138 95 34 0 0
139 94 34 0 0
140 94 35 0 0
141 95 35 0 0
142 94 35 0 0
143 94 36 0 0
144 95 36 0 0
145 94 36 0 0
146 95 36 0 0
147 94 36 0 0
148 94 37 0 0
149 95 37 0 0
150 94 37 0 0
151 95 37 0 0
152 94 37 0 0
153 94 38 0 0
154 95 38 0 0
155 94 38 0 0
156 95 38 0 0
157 94 38 0 0
158 94 39 0 0
159 95 39 0 0
160 94 39 0 0
161 95 39 0 0
162 94 39 0 0
163 94 40 0 0
164 95 40 0 0
165 94 40 0 0
166 95 40 0 0
167 95 41 0 0
168 96 41 0 0
169 95 41 0 0
170 96 41 0 0
171 95 41 0 0
172 96 41 0 0
173 95 41 0 0
174 95 42 0 0
175 96 42 0 0
176 95 42 0 0
177 95 43 0 0
178 96 43 0 0
179 95 43 0 0
180 96 43 0 0
181 95 43 0 0
182 95 44 0 0
183 96 44 0 0
184 95 44 0 0
185 96 44 0 0
186 95 44 0 0
187 95 45 0 0
188 96 45 0 0
189 95 45 0 0
190 96 45 0 0
191 95 45 0 0
192 96 45 0 0
193 95 45 0 0
194 95 46 0 0
195 96 46 0 0
196 95 46 0 0
197 95 47 0 0
198 96 47 0 0
199 95 47 0 0
200 96 47 0 0
201 95 47 0 0
202 95 48 0 0
203 96 48 0 0
204 95 48 0 0
205 96 48 0 0
206 95 48 0 0
207 96 48 0 0
208 95 48 0 0
209 95 49 0 0
210 96 49 0 0
211 95 49 0 0
212 96 49 0 0
213 95 49 0 0
214 95 50 0 0
215 96 50 0 0
216 95 50 0 0
217 95 51 0 0
218 96 51 0 0
219 95 51 0 0
220 96 51 0 0
221 95 51 0 0
222 96 51 0 0
223 95 51 0 0
224 95 52 0 0
225 96 52 0 0
226 95 52 0 0
227 96 52 0 0
228 95 52 0 0
229 95 53 0 0
230 96 53 0 0
231 95 53 0 0
232 95 54 0 0
233 96 54 0 0
234 95 54 0 0
235 96 54 0 0
236 95 54 0 0
237 95 55 0 0
238 96 55 0 0
239 95 55 0 0
240 96 55 0 0
241 95 55 0 0
242 95 56 0 0
243 96 56 0 0
244 95 56 0 0
245 96 56 0 0
246 95 56 0 0
247 96 56 0 0
248 95 56 0 0
249 95 57 0 0
250 96 57 0 0
251 95 57 0 0
252 95 58 0 0
253 96 58 0 0
254 95 58 0 0
255 96 58 0 0
256 95 58 0 0
257 95 59 0 0
258 96 59 0 0
259 95 59 0 0
260 96 59 0 0
261 95 59 0 0
262 95 60 0 0
263 96 60 0 0
264 95 60 0 0
265 96 60 0 0
266 95 60 0 0
267 95 61 0 0
268 96 61 0 0
269 95 61 0 0
270 95 62 0 0
271 96 62 0 0
272 95 62 0 0
273 96 62 0 0
274 95 62 0 0
275 96 62 0 0
276 95 62 0 0
277 95 63 0 0
278 96 63 0 0
279 95 63 0 0
280 96 63 0 0
281 95 63 0 0
282 95 64 0 0
283 96 64 0 0
284 95 64 0 0
285 96 64 0 0
286 95 64 0 0
287 95 65 0 0
288 96 65 0 0
289 95 65 0 0
290 95 66 0 0
291 96 66 0 0
292 95 66 0 0
293 96 66 0 0
294 95 66 0 0
295 95 67 0 0
296 96 67 0 0
297 95 67 0 0
298 96 67 0 0
299 95 67 0 0
300 96 67 0 0
301 95 67 0 0
302 95 68 0 0
303 96 68 0 0
304 95 68 0 0
305 95 69 0 0
306 96 69 0 0
307 95 69 0 0
308 96 69 0 0
309 95 69 0 0
310 95 70 0 0
311 96 70 0 0
312 95 70 0 0
313 96 70 0 0
314 95 70 0 0
315 95 71 0 0
316 96 71 0 0
317 95 71 0 0
318 96 71 0 0
319 95 71 0 0
320 95 72 0 0
321 96 72 0 0
322 95 72 0 0
323 96 72 0 0
324 95 72 0 0
325 95 73 0 0
326 96 73 0 0
327 95 73 0 0
328 96 73 0 0
329 95 73 0 0
330 95 74 0 0
331 96 74 0 0
332 95 74 0 0
333 96 74 0 0
334 95 74 0 0
335 95 75 0 0
336 96 75 0 0
337 95 75 0 0
338 96 75 0 0
339 95 75 0 0
340 95 76 0 0
341 96 76 0 0
342 95 76 0 0
343 95 77 0 0
344 96 77 0 0
345 95 77 0 0
346 96 77 0 0
347 95 77 0 0
348 96 77 0 0
349 95 77 0 0
350 95 78 0 0
351 96 78 0 0
352 97 78 0 0
353 96 78 0 0
354 96 79 0 0
355 97 79 0 0
356 96 79 0 0
357 97 79 0 0
358 96 79 0 0
359 96 80 0 0
360 97 80 0 0
361 96 80 0 0
362 97 80 0 0
363 96 80 0 0
364 97 80 0 0
365 96 80 0 0
366 96 81 0 0
367 97 81 0 0
368 96 81 0 0
369 97 81 0 0
370 98 81 0 0
371 97 81 0 0
372 97 82 0 0
373 98 82 0 0
374 97 82 0 0
375 98 82 0 0
376 97 82 0 0
377 98 82 0 0
378 97 82 0 0
379 97 83 0 0
380 98 83 0 0
381 98 84 0 0
382 99 84 0 0
383 98 84 0 0
384 99 84 0 0
385 98 84 0 0
386 99 84 0 0
387 98 84 0 0
388 98 85 0 0
389 99 85 0 0
390 98 85 0 0
391 99 85 0 0
392 98 85 0 0
393 99 85 0 0
394 98 85 0 0
395 98 86 0 0
396 99 86 0 0
397 100 86 0 0
398 99 86 0 0
399 100 86 0 0
400 99 86 0 0
401 99 87 0 0
402 100 87 0 0
403 99 87 0 0
404 100 87 0 0
405 99 87 0 0
406 100 87 0 0
407 99 87 0 0
408 99 88 0 0
409 100 88 0 0
410 101 88 0 0
411 100 88 0 0
412 100 89 0 0
413 101 89 0 0
414 100 89 0 0
415 101 89 0 0
416 100 89 0 0
417 101 89 0 0
418 100 89 0 0
419 100 90 0 0
420 101 90 0 0
421 100 90 0 0
422 101 90 0 0
423 100 90 0 0
424 101 90 0 0
425 101 91 0 0
426 102 91 0 0
427 101 91 0 0
428 101 92 0 0
429 102 92 0 0
430 101 92 0 0
431 102 92 0 0
432 101 92 0 0
433 102 92 0 0
434 101 92 0 0
435 101 93 0 0
436 102 93 0 0
437 103 93 0 0
438 102 93 0 0
439 103 93 0 0
440 102 93 0 0
441 102 94 0 0
442 103 94 0 0
443 102 94 0 0
444 103 94 0 0
445 103 95 0 0
446 104 95 0 0
447 103 95 0 0
448 104 95 0 0
449 103 95 0 0
450 104 95 0 0
451 103 95 0 0
452 103 96 0 0
453 104 96 0 0
454 105 96 0 0
455 104 96 0 0
456 105 96 0 0
457 104 96 0 0
458 104 97 0 0
459 105 97 0 0
460 106 97 0 0
461 105 97 0 0
462 106 97 0 0
463 105 97 0 0
464 105 98 0 0
465 106 98 0 0
466 105 98 0 0
467 106 98 0 0
468 107 98 0 0
469 106 98 0 0
470 107 98 0 0
471 106 98 0 0
472 106 99 0 0
473 107 99 0 0
474 108 99 0 0
475 107 99 0 0
476 108 99 0 0
477 107 99 0 0
478 107 100 0 0
479 108 100 0 0
480 109 100 0 0
481 108 100 0 0
482 109 100 0 0
483 108 100 0 0
484 108 101 0 0
485 109 101 0 0
486 110 101 0 0
487 109 101 0 0
488 110 101 0 0
489 109 101 0 0
490 110 101 0 0
491 110 102 0 0
492 111 102 0 0
493 110 102 0 0
494 111 102 0 0
495 110 102 0 0
496 111 102 0 0
497 110 102 0 0
498 110 103 0 0
499 111 103 0 0
500 112 103 0 0
501 111 103 0 0
502 112 103 0 0
503 111 103 0 0
504 112 103 0 0
505 112 104 0 0
506 113 104 0 0
507 112 104 0 0
508 113 104 0 0
509 112 104 0 0
510 113 104 0 0
511 113 105 0 0
512 114 105 0 0
513 113 105 0 0
514 114 105 0 0
515 113 105 0 0
516 114 105 0 0
517 115 105 0 0
518 114 105 0 0
519 115 105 0 0
520 114 105 0 0
521 114 106 0 0
522 115 106 0 0
523 115 107 0 0
524 116 107 0 0
525 115 107 0 0
526 116 107 0 0
527 117 107 0 0
528 116 107 0 0
529 117 107 0 0
530 117 108 0 0
531 118 108 0 0
532 117 108 0 0
533 118 108 0 0
534 117 108 0 0
535 118 108 0 0
536 119 108 0 0
537 118 108 0 0
538 118 109 0 0
539 119 109 0 0
540 120 109 0 0
541 119 109 0 0
542 120 109 0 0
543 119 109 0 0
544 120 109 0 0
545 120 110 0 0
546 121 110 0 0
547 120 110 0 0
548 121 110 0 0
549 121 111 0 0
550 122 111 0 0
551 121 111 0 0
552 122 111 0 0
553 123 111 0 0
554 122 111 0 0
555 123 111 0 0
556 122 111 0 0
557 122 112 0 0
558 123 112 0 0
559 124 112 0 0
560 123 112 0 0
561 124 112 0 0
562 125 112 0 0
563 124 112 0 0
564 124 113 0 0
565 125 113 0 0
566 124 113 0 0
567 124 114 0 0
568 125 114 0 0
569 126 114 0 0
570 125 114 0 0
571 126 114 0 0
572 127 114 0 0
573 126 114 0 0
574 126 115 0 0
575 127 115 0 0
576 128 115 0 0
577 127 115 0 0
578 128 115 0 0
579 127 115 0 0
580 128 115 0 0
581 128 116 0 0
582 129 116 0 0
583 128 116 0 0
584 129 116 0 0
585 130 116 0 0
586 129 116 0 0
587 130 116 0 0
588 129 116 0 0
589 129 117 0 0
590 130 117 0 0
591 131 117 0 0
592 130 117 0 0
593 130 118 0 0
594 131 118 0 0
595 132 118 0 0
596 131 118 0 0
597 132 118 0 0
598 133 118 0 0
599 132 118 0 0
600 132 119 0 0
601 133 119 0 0
602 132 119 0 0
603 133 119 0 0
604 134 119 0 0
605 133 119 0 0
606 134 119 0 0
607 134 120 0 0
608 135 120 0 0
609 134 120 0 0
610 135 120 0 0
611 136 120 0 0
612 135 120 0 0
613 136 120 0 0
614 135 120 0 0
615 136 120 0 0
616 137 120 0 0
617 136 120 0 0
618 137 120 0 0
619 138 120 0 0
620 137 120 0 0
621 138 120 0 0
622 139 120 0 0
623 138 120 0 0
624 139 120 0 0
625 140 120 0 0
626 139 120 0 0
627 140 120 0 0
628 141 120 0 0
629 140 120 0 0
630 141 120 0 0
631 142 120 0 0
632 141 120 0 0
633 142 120 0 0
634 143 120 0 0
635 142 120 0 0
636 143 120 0 0
637 144 120 0 0
638 143 120 0 0
639 144 120 0 0
640 143 120 0 0
641 144 120 0 0
642 145 120 0 0
643 144 120 0 0
644 145 120 0 0
645 146 120 0 0
646 145 120 0 0
647 146 120 0 0
648 147 120 0 0
649 146 120 0 0
650 146 121 0 0
651 147 121 0 0
652 148 121 0 0
653 147 121 0 0
654 148 121 0 0
655 149 121 0 0
656 148 121 0 0
657 149 121 0 0
658 150 121 0 0
659 149 121 0 0
660 150 121 0 0
661 149 121 0 0
662 150 121 0 0
663 151 121 0 0
664 152 121 0 0
665 151 121 0 0
666 152 121 0 0
667 151 121 0 0
668 152 121 0 0
669 153 121 0 0
670 152 121 0 0
671 153 121 0 0
672 153 122 0 0
673 154 122 0 0
674 153 122 0 0
675 154 122 0 0
676 155 122 0 0
677 154 122 0 0
678 155 122 0 0
679 156 122 0 0
680 155 122 0 0
681 156 122 0 0
682 157 122 0 0
683 156 122 0 0
684 157 122 0 0
685 158 122 0 0
686 157 122 0 0
687 158 122 0 0
688 157 122 0 0
689 158 122 0 0
690 159 122 0 0
691 158 122 0 0
692 159 122 0 0
693 160 122 0 0
694 159 122 0 0
695 160 122 0 0
696 161 122 0 0
697 160 122 0 0
698 161 122 0 0
699 162 122 0 0
700 161 122 0 0
701 162 122 0 0
702 163 122 0 0
703 162 122 0 0
704 163 122 0 0
705 162 122 0 0
706 163 122 0 0
707 164 122 0 0
708 165 122 0 0
709 164 122 0 0
710 165 122 0 0
711 164 122 0 0
712 165 122 0 0
713 166 122 0 0
714 165 122 0 0
715 166 122 0 0
716 166 123 0 0
717 167 123 0 0
718 166 123 0 0
719 167 123 0 0
720 168 123 0 0
721 167 123 0 0
722 168 123 0 0
723 169 123 0 0
724 168 123 0 0
725 169 123 0 0
726 170 123 0 0
727 169 123 0 0
728 170 123 0 0
729 171 123 0 0
730 170 123 0 0
731 171 123 0 0
732 172 123 0 0
733 171 123 0 0
734 172 123 0 0
735 171 123 0 0
736 172 123 0 0
737 173 123 0 0
738 172 123 0 0
739 173 123 0 0
740 174 123 0 0
741 173 123 0 0
742 174 123 0 0
743 175 123 0 0
744 174 123 0 0
745 175 123 0 0
746 176 123 0 0
747 175 123 0 0
748 176 123 0 0
749 175 123 0 0
750 176 123 0 0
751 177 123 0 0
752 178 123 0 0
753 177 123 0 0
754 178 123 0 0
755 177 123 0 0
756 178 123 0 0
757 179 123 0 0
758 180 123 0 0
759 179 123 0 0
760 180 123 0 0
761 181 123 0 0
762 180 123 0 0
763 181 123 0 0
764 182 123 0 0
765 183 123 0 0
766 182 123 0 0
767 183 123 0 0
768 184 123 0 0
769 183 123 0 0
770 184 123 0 0
771 185 123 0 0
772 186 123 0 0
773 185 123 0 0
774 186 123 0 0
775 187 123 0 0
776 188 123 0 0
777 187 123 0 0
778 188 123 0 0
779 189 123 0 0
780 188 123 0 0
781 189 123 0 0
782 190 123 0 0
783 191 123 0 0
784 190 123 0 0
785 191 123 0 0
786 192 123 0 0
787 191 123 0 0
788 192 123 0 0
789 193 123 0 0
790 194 123 0 0
791 193 123 0 0
792 194 123 0 0
