0 100 11 0 0
1 100 12 0 0
2 100 13 0 0
3 100 14 0 0
4 100 15 0 0
5 100 16 0 0
6 100 17 0 0
7 100 18 0 0
8 100 19 0 0
9 100 20 0 0
10 100 21 0 0
11 100 22 0 0
12 100 23 0 0
13 100 24 0 0
14 100 25 0 0
15 100 26 0 0
16 100 27 0 0
17 100 28 0 0
18 100 29 0 0
19 100 30 0 0
20 100 31 0 0
21 100 32 0 0
22 100 33 0 0
23 100 34 0 0
24 100 35 0 0
25 100 36 0 0
26 100 37 0 0
27 100 38 0 0
28 100 39 0 0
29 100 40 0 0
30 100 41 0 0
31 100 42 0 0
32 100 43 0 0
33 100 44 0 0
34 100 45 0 0
35 100 46 0 0
36 100 47 0 0
37 100 48 0 0
38 100 49 0 0
39 100 50 0 0
40 100 51 0 0
41 100 52 0 0
42 100 53 0 0
43 100 54 0 0
44 100 55 0 0
45 100 56 0 0
46 100 57 0 0
47 100 58 0 0
48 100 59 0 0
49 100 60 0 0
50 100 61 0 0
51 101 61 0 0
52 101 62 0 0
53 101 63 0 0
54 101 64 0 0
55 101 65 0 0
56 101 66 0 0
57 101 67 0 0
58 101 68 0 0
59 102 68 0 0
60 102 69 0 0
61 102 70 0 0
62 102 71 0 0
63 102 72 0 0
64 102 73 0 0
65 102 74 0 0
66 102 75 0 0
67 102 76 0 0
68 102 77 0 0
69 103 77 0 0
70 103 78 0 0
71 103 79 0 0
72 103 80 0 0
73 103 81 0 0
74 103 82 0 0
75 103 83 0 0
76 103 84 0 0
77 103 85 0 0
78 103 86 0 0
79 104 86 0 0
80 104 87 0 0
81 105 87 0 0
82 105 88 0 0
83 106 88 0 0
84 106 89 0 0
85 106 90 0 0
86 107 90 0 0
87 107 91 0 0
88 108 91 0 0
89 108 92 0 0
90 109 92 0 0
91 109 93 0 0
92 110 93 0 0
93 110 94 0 0
94 110 95 0 0
95 111 95 0 0
96 111 96 0 0
97 112 96 0 0
98 112 97 0 0
99 113 97 0 0
100 113 98 0 0
101 114 98 0 0
102 114 99 0 0
103 115 99 0 0
104 115 100 0 0
105 115 101 0 0
106 116 101 0 0
107 116 102 0 0
108 117 102 0 0
109 117 103 0 0
110 118 103 0 0
111 118 104 0 0
112 118 105 0 0
113 119 105 0 0
114 119 106 0 0
115 120 106 0 0
116 120 107 0 0
117 120 108 0 0
118 120 109 0 0
119 121 109 0 0
120 121 110 0 0
121 121 111 0 0
122 122 111 0 0
123 122 112 0 0
124 122 113 0 0
125 123 113 0 0
126 123 114 0 0
127 123 115 0 0
128 124 115 0 0
129 124 116 0 0
130 124 117 0 0
131 125 117 0 0
132 125 118 0 0
133 125 119 0 0
134 126 119 0 0
135 126 120 0 0
136 126 121 0 0
137 127 121 0 0
138 127 122 0 0
139 127 123 0 0
140 128 123 0 0
141 128 124 0 0
142 128 125 0 0
143 128 126 0 0
144 128 127 0 0
145 128 128 0 0
146 128 129 0 0
147 128 130 0 0
148 128 131 0 0
149 128 132 0 0
150 128 133 0 0
151 128 134 0 0
152 129 134 0 0
153 129 135 0 0
154 128 135 0 0
155 128 136 0 0
156 128 137 0 0
157 127 137 0 0
158 127 138 0 0
159 127 139 0 0
160 126 139 0 0
161 126 140 0 0
162 126 141 0 0
163 126 142 0 0
164 125 142 0 0
165 125 143 0 0
166 125 144 0 0
167 124 144 0 0
168 124 145 0 0
169 124 146 0 0
170 123 146 0 0
171 123 147 0 0
172 123 148 0 0
173 122 148 0 0
174 122 149 0 0
175 122 150 0 0
176 121 150 0 0
177 121 151 0 0
178 121 152 0 0
179 121 153 0 0
180 120 153 0 0
181 120 154 0 0
182 119 154 0 0
183 119 155 0 0
184 119 156 0 0
185 119 157 0 0
186 118 157 0 0
187 118 158 0 0
188 118 159 0 0
189 117 159 0 0
190 117 160 0 0
191 116 160 0 0
192 116 161 0 0
193 115 161 0 0
194 115 162 0 0
195 115 163 0 0
196 114 163 0 0
197 114 164 0 0
198 113 164 0 0
199 113 165 0 0
200 113 166 0 0
201 112 166 0 0
202 111 166 0 0
203 111 167 0 0
204 111 168 0 0
205 110 168 0 0
206 110 169 0 0
207 110 170 0 0
208 109 170 0 0
209 109 171 0 0
210 108 171 0 0
211 108 172 0 0
212 108 173 0 0
213 107 173 0 0
214 107 174 0 0
215 106 174 0 0
216 106 175 0 0
217 106 176 0 0
218 105 176 0 0
219 105 177 0 0
220 104 177 0 0
221 104 178 0 0
222 103 178 0 0
223 103 179 0 0
224 103 180 0 0
225 102 180 0 0
226 102 181 0 0
227 102 182 0 0
228 102 183 0 0
229 101 183 0 0
230 101 184 0 0
231 101 185 0 0
232 101 186 0 0
233 101 187 0 0
234 101 188 0 0
235 100 188 0 0
236 100 189 0 0
237 100 190 0 0
238 100 191 0 0
239 100 192 0 0
240 100 193 0 0
241 100 194 0 0
242 100 195 0 0
243 99 195 0 0
244 99 196 0 0
245 99 197 0 0
246 99 198 0 0
247 99 199 0 0
248 99 200 0 0
249 99 201 0 0
250 99 202 0 0
251 99 203 0 0
252 99 204 0 0
253 99 205 0 0
254 99 206 0 0
255 99 207 0 0
256 99 208 0 0
257 99 209 0 0
258 99 210 0 0
259 99 211 0 0
260 99 212 0 0
261 99 213 0 0
262 99 214 0 0
263 99 215 0 0
264 98 215 0 0
265 98 216 0 0
266 98 217 0 0
267 98 218 0 0
268 98 219 0 0
269 98 220 0 0
270 98 221 0 0
271 98 222 0 0
272 98 223 0 0
273 98 224 0 0
274 98 225 0 0
275 98 226 0 0
276 98 227 0 0
277 98 228 0 0
278 98 229 0 0
279 98 230 0 0
280 98 231 0 0
281 98 232 0 0
282 98 233 0 0
283 98 234 0 0
284 98 235 0 0
285 98 236 0 0
286 98 237 0 0
287 98 238 0 0
288 98 239 0 0
289 98 240 0 0
290 98 241 0 0
291 98 242 0 0
292 99 242 0 0
293 99 243 0 0
294 99 244 0 0
295 99 245 0 0
296 99 246 0 0
297 99 247 0 0
298 99 248 0 0
299 99 249 0 0
300 99 250 0 0
301 99 251 0 0
302 100 251 0 0
303 100 252 0 0
304 100 253 0 0
305 100 254 0 0
306 100 255 0 0
307 100 256 0 0
308 100 257 0 0
309 101 257 0 0
310 101 258 0 0
311 101 259 0 0
312 101 260 0 0
313 101 261 0 0
314 101 262 0 0
315 102 262 0 0
316 102 263 0 0
317 102 264 0 0
318 102 265 0 0
319 102 266 0 0
320 102 267 0 0
321 102 268 0 0
322 102 269 0 0
323 102 270 0 0
