0 20000 1400 0 0
1 20000 1600 0 0
2 20000 1800 0 0
3 20000 2000 0 0
4 20000 2200 0 0
5 20000 2400 0 0
6 20000 2600 0 0
7 20000 2800 0 0
8 20000 3000 0 0
9 20000 3200 0 0
10 20000 3400 0 0
11 20000 3600 0 0
12 20000 3800 0 0
13 20000 4000 0 0
14 20000 4200 0 0
15 20000 4400 0 0
16 20000 4600 0 0
17 20000 4800 0 0
18 20000 5000 0 0
19 20000 5200 0 0
20 20000 5400 0 0
21 20000 5600 0 0
22 20000 5800 0 0
23 20000 6000 0 0
24 20000 6200 0 0
25 20200 6200 0 0
26 20200 6400 0 0
27 20200 6600 0 0
28 20200 6800 0 0
29 20200 7000 0 0
30 20200 7200 0 0
31 20200 7400 0 0
32 20200 7600 0 0
33 20200 7800 0 0
34 20200 8000 0 0
35 20200 8200 0 0
36 20200 8400 0 0
37 20200 8600 0 0
38 20200 8800 0 0
39 20200 9000 0 0
40 20200 9200 0 0
41 20200 9400 0 0
42 20200 9600 0 0
43 20200 9800 0 0
44 20200 10000 0 0
45 20200 10200 0 0
46 20200 10400 0 0
47 20200 10600 0 0
48 20200 10800 0 0
49 20200 11000 0 0
50 20200 11200 0 0
51 20200 11400 0 0
52 20200 11600 0 0
53 20200 11800 0 0
54 20200 12000 0 0
55 20200 12200 0 0
56 20200 12400 0 0
57 20200 12600 0 0
58 20200 12800 0 0
59 20200 13000 0 0
60 20200 13200 0 0
61 20200 13400 0 0
62 20200 13600 0 0
63 20200 13800 0 0
64 20200 14000 0 0
65 20200 14200 0 0
66 20200 14400 0 0
67 20200 14600 0 0
68 20200 14800 0 0
69 20200 15000 0 0
70 20200 15200 0 0
71 20200 15400 0 0
72 20200 15600 0 0
73 20200 15800 0 0
74 20200 16000 0 0
75 20200 16200 0 0
76 20200 16400 0 0
77 20400 16400 0 0
78 20400 16600 0 0
79 20400 16800 0 0
80 20600 16800 0 0
81 20600 17000 0 0
82 20600 17200 0 0
83 20600 17400 0 0
84 20600 17600 0 0
85 20800 17600 0 0
86 20800 17800 0 0
87 20800 18000 0 0
88 20800 18200 0 0
89 21000 18200 0 0
90 21000 18400 0 0
91 21000 18600 0 0
92 21000 18800 0 0
93 21200 18800 0 0
94 21200 19000 0 0
95 21200 19200 0 0
96 21200 19400 0 0
97 21200 19600 0 0
98 21400 19600 0 0
99 21400 19800 0 0
100 21400 20000 0 0
101 21400 20200 0 0
102 21400 20400 0 0
103 21600 20400 0 0
104 21600 20600 0 0
105 21600 20800 0 0
106 21800 20800 0 0
107 21800 21000 0 0
108 21800 21200 0 0
109 21800 21400 0 0
110 22000 21400 0 0
111 22000 21600 0 0
112 22000 21800 0 0
113 22000 22000 0 0
114 22200 22000 0 0
115 22200 22200 0 0
116 22200 22400 0 0
117 22200 22600 0 0
118 22200 22800 0 0
119 22400 22800 0 0
120 22400 23000 0 0
121 22400 23200 0 0
122 22400 23400 0 0
123 22600 23400 0 0
124 22600 23600 0 0
125 22600 23800 0 0
126 22600 24000 0 0
127 22800 24000 0 0
128 22800 24200 0 0
129 22800 24400 0 0
130 22800 24600 0 0
131 22800 24800 0 0
132 23000 24800 0 0
133 23000 25000 0 0
134 23000 25200 0 0
135 23200 25200 0 0
136 23200 25400 0 0
137 23200 25600 0 0
138 23200 25800 0 0
139 23400 25800 0 0
140 23400 26000 0 0
141 23400 26200 0 0
142 23400 26400 0 0
143 23200 26400 0 0
144 23200 26600 0 0
145 23200 26800 0 0
146 23200 27000 0 0
147 23200 27200 0 0
148 23000 27200 0 0
149 23000 27400 0 0
150 23000 27600 0 0
151 23000 27800 0 0
152 22800 27800 0 0
153 22800 28000 0 0
154 22800 28200 0 0
155 22800 28400 0 0
156 22800 28600 0 0
157 22600 28600 0 0
158 22600 28800 0 0
159 22600 29000 0 0
160 22600 29200 0 0
161 22400 29200 0 0
162 22400 29400 0 0
163 22400 29600 0 0
164 22400 29800 0 0
165 22400 30000 0 0
166 22200 30000 0 0
167 22200 30200 0 0
168 22200 30400 0 0
169 22200 30600 0 0
170 22200 30800 0 0
171 22000 30800 0 0
172 22000 31000 0 0
173 22000 31200 0 0
174 22000 31400 0 0
175 21800 31400 0 0
176 21800 31600 0 0
177 21800 31800 0 0
178 21800 32000 0 0
179 21800 32200 0 0
180 21600 32200 0 0
181 21600 32400 0 0
182 21600 32600 0 0
183 21600 32800 0 0
184 21400 32800 0 0
185 21400 33000 0 0
186 21400 33200 0 0
187 21400 33400 0 0
188 21400 33600 0 0
189 21200 33600 0 0
190 21200 33800 0 0
191 21200 34000 0 0
192 21200 34200 0 0
193 21000 34200 0 0
194 21000 34400 0 0
195 21000 34600 0 0
196 21000 34800 0 0
197 20800 34800 0 0
198 20800 35000 0 0
199 20800 35200 0 0
200 20800 35400 0 0
201 20800 35600 0 0
202 20600 35600 0 0
203 20600 35800 0 0
204 20600 36000 0 0
205 20600 36200 0 0
206 20600 36400 0 0
207 20400 36400 0 0
208 20400 36600 0 0
209 20400 36800 0 0
210 20400 37000 0 0
211 20400 37200 0 0
212 20400 37400 0 0
213 20400 37600 0 0
214 20400 37800 0 0
215 20400 38000 0 0
216 20400 38200 0 0
217 20400 38400 0 0
218 20400 38600 0 0
219 20400 38800 0 0
220 20400 39000 0 0
221 20400 39200 0 0
222 20400 39400 0 0
223 20200 39400 0 0
224 20200 39600 0 0
225 20200 39800 0 0
226 20200 40000 0 0
227 20200 40200 0 0
228 20200 40400 0 0
229 20200 40600 0 0
230 20200 40800 0 0
231 20200 41000 0 0
232 20200 41200 0 0
233 20200 41400 0 0
234 20200 41600 0 0
235 20200 41800 0 0
236 20200 42000 0 0
237 20200 42200 0 0
238 20200 42400 0 0
239 20200 42600 0 0
240 20200 42800 0 0
241 20200 43000 0 0
242 20200 43200 0 0
243 20200 43400 0 0
244 20200 43600 0 0
245 20200 43800 0 0
246 20200 44000 0 0
247 20200 44200 0 0
248 20200 44400 0 0
249 20200 44600 0 0
250 20200 44800 0 0
251 20200 45000 0 0
252 20200 45200 0 0
253 20200 45400 0 0
254 20200 45600 0 0
255 20200 45800 0 0
256 20200 46000 0 0
257 20200 46200 0 0
258 20200 46400 0 0
259 20200 46600 0 0
260 20200 46800 0 0
261 20200 47000 0 0
262 20200 47200 0 0
263 20200 47400 0 0
264 20200 47600 0 0
265 20200 47800 0 0
266 20200 48000 0 0
267 20200 48200 0 0
268 20000 48200 0 0
269 20000 48400 0 0
270 20000 48600 0 0
271 20000 48800 0 0
272 20000 49000 0 0
273 20000 49200 0 0
274 20000 49400 0 0
275 20000 49600 0 0
276 20000 49800 0 0
277 20000 50000 0 0
278 20000 50200 0 0
279 20000 50400 0 0
280 20000 50600 0 0
281 20000 50800 0 0
282 20000 51000 0 0
283 20000 51200 0 0
284 20000 51400 0 0
285 20000 51600 0 0
286 20000 51800 0 0
287 20000 52000 0 0
288 20000 52200 0 0
289 20200 52200 0 0
290 20200 52400 0 0
291 20200 52600 0 0
292 20200 52800 0 0
293 20200 53000 0 0
294 20200 53200 0 0
295 20200 53400 0 0
296 20200 53600 0 0
297 20200 53800 0 0
298 20200 54000 0 0
299 20200 54200 0 0
