0 78 261 0 0
1 78 260 0 0
2 79 260 0 0
3 78 260 0 0
4 79 260 0 0
5 78 260 0 0
6 78 259 0 0
7 79 259 0 0
8 78 259 0 0
9 78 258 0 0
10 79 258 0 0
11 78 258 0 0
12 78 257 0 0
13 79 257 0 0
14 78 257 0 0
15 79 257 0 0
16 78 257 0 0
17 78 256 0 0
18 79 256 0 0
19 78 256 0 0
20 78 255 0 0
21 79 255 0 0
22 78 255 0 0
23 79 255 0 0
24 78 255 0 0
25 78 254 0 0
26 79 254 0 0
27 78 254 0 0
28 78 253 0 0
29 79 253 0 0
30 78 253 0 0
31 79 253 0 0
32 78 253 0 0
33 78 252 0 0
34 79 252 0 0
35 78 252 0 0
36 78 251 0 0
37 79 251 0 0
38 78 251 0 0
39 78 250 0 0
40 79 250 0 0
41 78 250 0 0
42 79 250 0 0
43 78 250 0 0
44 78 249 0 0
45 79 249 0 0
46 78 249 0 0
47 79 249 0 0
48 78 249 0 0
49 78 248 0 0
50 79 248 0 0
51 78 248 0 0
52 78 247 0 0
53 79 247 0 0
54 78 247 0 0
55 78 246 0 0
56 79 246 0 0
57 78 246 0 0
58 79 246 0 0
59 78 246 0 0
60 78 245 0 0
61 79 245 0 0
62 78 245 0 0
63 78 244 0 0
64 79 244 0 0
65 78 244 0 0
66 78 243 0 0
67 79 243 0 0
68 78 243 0 0
69 79 243 0 0
70 78 243 0 0
71 78 242 0 0
72 79 242 0 0
73 78 242 0 0
74 79 242 0 0
75 78 242 0 0
76 78 241 0 0
77 79 241 0 0
78 78 241 0 0
79 78 240 0 0
80 79 240 0 0
81 78 240 0 0
82 78 239 0 0
83 77 239 0 0
84 78 239 0 0
85 77 239 0 0
86 77 238 0 0
87 78 238 0 0
88 77 238 0 0
89 78 238 0 0
90 77 238 0 0
91 77 237 0 0
92 77 236 0 0
93 78 236 0 0
94 77 236 0 0
95 78 236 0 0
96 77 236 0 0
97 77 235 0 0
98 78 235 0 0
99 77 235 0 0
100 78 235 0 0
101 77 235 0 0
102 77 234 0 0
103 78 234 0 0
104 77 234 0 0
105 77 233 0 0
106 78 233 0 0
107 77 233 0 0
108 77 232 0 0
109 78 232 0 0
110 77 232 0 0
111 78 232 0 0
112 77 232 0 0
113 77 231 0 0
114 78 231 0 0
115 77 231 0 0
116 78 231 0 0
117 77 231 0 0
118 77 230 0 0
119 77 229 0 0
120 78 229 0 0
121 77 229 0 0
122 78 229 0 0
123 77 229 0 0
124 77 228 0 0
125 78 228 0 0
126 77 228 0 0
127 78 228 0 0
128 77 228 0 0
129 77 227 0 0
130 78 227 0 0
131 77 227 0 0
132 77 226 0 0
133 78 226 0 0
134 77 226 0 0
135 77 225 0 0
136 78 225 0 0
137 77 225 0 0
138 78 225 0 0
139 77 225 0 0
140 77 224 0 0
141 78 224 0 0
142 77 224 0 0
143 78 224 0 0
144 77 224 0 0
145 77 223 0 0
146 78 223 0 0
147 77 223 0 0
148 77 222 0 0
149 78 222 0 0
150 77 222 0 0
151 77 221 0 0
152 78 221 0 0
153 77 221 0 0
154 78 221 0 0
155 77 221 0 0
156 77 220 0 0
157 78 220 0 0
158 77 220 0 0
159 77 219 0 0
160 78 219 0 0
161 77 219 0 0
162 78 219 0 0
163 77 219 0 0
164 77 218 0 0
165 78 218 0 0
166 77 218 0 0
167 77 217 0 0
168 78 217 0 0
169 77 217 0 0
170 78 217 0 0
171 77 217 0 0
172 77 216 0 0
173 78 216 0 0
174 77 216 0 0
175 77 215 0 0
176 78 215 0 0
177 77 215 0 0
178 77 214 0 0
179 78 214 0 0
180 77 214 0 0
181 78 214 0 0
182 77 214 0 0
183 77 213 0 0
184 78 213 0 0
185 77 213 0 0
186 77 212 0 0
187 78 212 0 0
188 77 212 0 0
189 78 212 0 0
190 77 212 0 0
191 77 211 0 0
192 78 211 0 0
193 77 211 0 0
194 77 210 0 0
195 78 210 0 0
196 77 210 0 0
197 78 210 0 0
198 77 210 0 0
199 77 209 0 0
200 78 209 0 0
201 77 209 0 0
202 77 208 0 0
203 78 208 0 0
204 77 208 0 0
205 78 208 0 0
206 77 208 0 0
207 77 207 0 0
208 78 207 0 0
209 77 207 0 0
210 77 206 0 0
211 78 206 0 0
212 77 206 0 0
213 77 205 0 0
214 78 205 0 0
215 77 205 0 0
216 78 205 0 0
217 77 205 0 0
218 77 204 0 0
219 78 204 0 0
220 77 204 0 0
221 77 203 0 0
222 78 203 0 0
223 77 203 0 0
224 78 203 0 0
225 77 203 0 0
226 77 202 0 0
227 78 202 0 0
228 77 202 0 0
229 77 201 0 0
230 78 201 0 0
231 77 201 0 0
232 77 200 0 0
233 78 200 0 0
234 77 200 0 0
235 78 200 0 0
236 77 200 0 0
237 77 199 0 0
238 78 199 0 0
239 77 199 0 0
240 77 198 0 0
241 78 198 0 0
242 77 198 0 0
243 77 197 0 0
244 78 197 0 0
245 77 197 0 0
246 78 197 0 0
247 77 197 0 0
248 77 196 0 0
249 78 196 0 0
250 77 196 0 0
251 78 196 0 0
252 77 196 0 0
253 77 195 0 0
254 78 195 0 0
255 77 195 0 0
256 77 194 0 0
257 78 194 0 0
258 77 194 0 0
259 77 193 0 0
260 78 193 0 0
261 77 193 0 0
262 78 193 0 0
263 77 193 0 0
264 77 192 0 0
265 78 192 0 0
266 77 192 0 0
267 78 192 0 0
268 77 192 0 0
269 77 191 0 0
270 78 191 0 0
271 77 191 0 0
272 77 190 0 0
273 78 190 0 0
274 77 190 0 0
275 77 189 0 0
276 78 189 0 0
277 77 189 0 0
278 78 189 0 0
279 77 189 0 0
280 77 188 0 0
281 78 188 0 0
282 77 188 0 0
283 77 187 0 0
284 78 187 0 0
285 77 187 0 0
286 76 187 0 0
287 76 186 0 0
288 77 186 0 0
289 76 186 0 0
290 76 185 0 0
291 77 185 0 0
292 76 185 0 0
293 77 185 0 0
294 76 185 0 0
295 76 184 0 0
296 77 184 0 0
297 76 184 0 0
298 76 183 0 0
299 77 183 0 0
300 76 183 0 0
301 76 182 0 0
302 77 182 0 0
303 76 182 0 0
304 77 182 0 0
305 76 182 0 0
306 76 181 0 0
307 77 181 0 0
308 76 181 0 0
309 76 180 0 0
310 77 180 0 0
311 76 180 0 0
312 77 180 0 0
313 76 180 0 0
314 76 179 0 0
315 77 179 0 0
316 76 179 0 0
317 76 178 0 0
318 75 178 0 0
319 76 178 0 0
320 75 178 0 0
321 75 177 0 0
322 76 177 0 0
323 75 177 0 0
324 75 176 0 0
325 76 176 0 0
326 75 176 0 0
327 76 176 0 0
328 75 176 0 0
329 75 175 0 0
330 76 175 0 0
331 75 175 0 0
332 75 174 0 0
333 76 174 0 0
334 75 174 0 0
335 75 173 0 0
336 76 173 0 0
337 75 173 0 0
338 76 173 0 0
339 75 173 0 0
340 75 172 0 0
341 76 172 0 0
342 75 172 0 0
343 75 171 0 0
344 76 171 0 0
345 75 171 0 0
346 74 171 0 0
347 74 170 0 0
348 75 170 0 0
349 74 170 0 0
350 74 169 0 0
351 75 169 0 0
352 74 169 0 0
353 75 169 0 0
354 74 169 0 0
355 74 168 0 0
356 73 168 0 0
357 73 167 0 0
358 74 167 0 0
359 73 167 0 0
360 73 166 0 0
361 74 166 0 0
362 73 166 0 0
363 74 166 0 0
364 73 166 0 0
365 73 165 0 0
366 74 165 0 0
367 73 165 0 0
368 74 165 0 0
369 73 165 0 0
370 73 164 0 0
371 74 164 0 0
372 73 164 0 0
373 73 163 0 0
374 72 163 0 0
375 72 162 0 0
376 73 162 0 0
377 72 162 0 0
378 73 162 0 0
379 72 162 0 0
380 72 161 0 0
381 73 161 0 0
382 72 161 0 0
383 72 160 0 0
384 71 160 0 0
385 71 159 0 0
386 72 159 0 0
387 71 159 0 0
388 72 159 0 0
389 71 159 0 0
390 71 158 0 0
391 72 158 0 0
392 71 158 0 0
393 72 158 0 0
394 71 158 0 0
395 71 157 0 0
396 71 156 0 0
397 72 156 0 0
398 71 156 0 0
399 72 156 0 0
400 71 156 0 0
401 71 155 0 0
402 70 155 0 0
403 71 155 0 0
404 70 155 0 0
405 70 154 0 0
406 71 154 0 0
407 70 154 0 0
408 70 153 0 0
409 71 153 0 0
410 70 153 0 0
411 70 152 0 0
412 71 152 0 0
413 70 152 0 0
414 71 152 0 0
415 70 152 0 0
416 70 151 0 0
417 69 151 0 0
418 69 150 0 0
419 70 150 0 0
420 69 150 0 0
421 70 150 0 0
422 69 150 0 0
423 69 149 0 0
424 70 149 0 0
425 69 149 0 0
426 69 148 0 0
427 70 148 0 0
428 69 148 0 0
429 70 148 0 0
430 69 148 0 0
431 69 147 0 0
432 70 147 0 0
433 69 147 0 0
434 70 147 0 0
435 69 147 0 0
436 69 146 0 0
437 68 146 0 0
438 69 146 0 0
439 68 146 0 0
440 68 145 0 0
441 69 145 0 0
442 68 145 0 0
443 68 144 0 0
444 69 144 0 0
445 68 144 0 0
446 69 144 0 0
447 68 144 0 0
448 68 143 0 0
449 69 143 0 0
450 68 143 0 0
451 69 143 0 0
452 68 143 0 0
453 68 142 0 0
454 69 142 0 0
455 68 142 0 0
456 68 141 0 0
457 69 141 0 0
458 68 141 0 0
459 69 141 0 0
460 68 141 0 0
461 68 140 0 0
462 69 140 0 0
463 68 140 0 0
464 68 139 0 0
465 69 139 0 0
466 68 139 0 0
467 69 139 0 0
468 68 139 0 0
469 68 138 0 0
470 67 138 0 0
471 67 137 0 0
472 68 137 0 0
473 67 137 0 0
474 68 137 0 0
475 67 137 0 0
476 67 136 0 0
477 68 136 0 0
478 67 136 0 0
479 68 136 0 0
480 67 136 0 0
481 67 135 0 0
482 68 135 0 0
483 67 135 0 0
484 68 135 0 0
485 67 135 0 0
486 67 134 0 0
487 68 134 0 0
488 67 134 0 0
489 67 133 0 0
490 68 133 0 0
491 67 133 0 0
492 68 133 0 0
493 67 133 0 0
494 67 132 0 0
495 68 132 0 0
496 67 132 0 0
497 68 132 0 0
498 67 132 0 0
499 67 131 0 0
500 68 131 0 0
501 67 131 0 0
502 67 130 0 0
503 68 130 0 0
504 67 130 0 0
505 67 129 0 0
506 68 129 0 0
507 67 129 0 0
508 68 129 0 0
509 67 129 0 0
510 67 128 0 0
511 68 128 0 0
512 67 128 0 0
513 68 128 0 0
514 67 128 0 0
515 67 127 0 0
516 68 127 0 0
517 67 127 0 0
518 67 126 0 0
519 68 126 0 0
520 68 125 0 0
521 69 125 0 0
522 68 125 0 0
523 69 125 0 0
524 68 125 0 0
525 68 124 0 0
526 69 124 0 0
527 68 124 0 0
528 69 124 0 0
529 68 124 0 0
530 68 123 0 0
531 69 123 0 0
532 68 123 0 0
533 68 122 0 0
534 69 122 0 0
535 69 121 0 0
536 70 121 0 0
537 69 121 0 0
538 70 121 0 0
539 69 121 0 0
540 69 120 0 0
541 70 120 0 0
542 69 120 0 0
543 70 120 0 0
544 69 120 0 0
545 69 119 0 0
546 70 119 0 0
547 70 118 0 0
548 71 118 0 0
549 70 118 0 0
550 70 117 0 0
551 71 117 0 0
552 70 117 0 0
553 71 117 0 0
554 70 117 0 0
555 70 116 0 0
556 71 116 0 0
557 70 116 0 0
558 70 115 0 0
559 71 115 0 0
560 70 115 0 0
561 71 115 0 0
562 71 114 0 0
563 72 114 0 0
564 71 114 0 0
565 71 113 0 0
566 72 113 0 0
567 71 113 0 0
568 72 113 0 0
569 71 113 0 0
570 71 112 0 0
571 72 112 0 0
572 71 112 0 0
573 71 111 0 0
574 72 111 0 0
575 71 111 0 0
576 72 111 0 0
577 71 111 0 0
578 71 110 0 0
579 72 110 0 0
580 72 109 0 0
581 73 109 0 0
582 72 109 0 0
583 73 109 0 0
584 72 109 0 0
585 72 108 0 0
586 73 108 0 0
587 72 108 0 0
588 72 107 0 0
589 73 107 0 0
590 72 107 0 0
591 73 107 0 0
592 73 106 0 0
593 74 106 0 0
594 73 106 0 0
595 73 105 0 0
596 74 105 0 0
597 73 105 0 0
598 74 105 0 0
599 73 105 0 0
600 73 104 0 0
601 74 104 0 0
602 73 104 0 0
603 73 103 0 0
604 74 103 0 0
605 73 103 0 0
606 74 103 0 0
607 74 102 0 0
608 75 102 0 0
609 74 102 0 0
610 74 101 0 0
611 75 101 0 0
612 74 101 0 0
613 75 101 0 0
614 74 101 0 0
615 74 100 0 0
616 75 100 0 0
617 76 100 0 0
618 75 100 0 0
619 75 99 0 0
620 76 99 0 0
621 75 99 0 0
622 76 99 0 0
623 75 99 0 0
624 75 98 0 0
625 76 98 0 0
626 75 98 0 0
627 76 98 0 0
628 75 98 0 0
629 75 97 0 0
630 76 97 0 0
631 76 96 0 0
632 77 96 0 0
633 76 96 0 0
634 77 96 0 0
635 76 96 0 0
636 76 95 0 0
637 77 95 0 0
638 76 95 0 0
639 77 95 0 0
640 77 94 0 0
641 78 94 0 0
642 77 94 0 0
643 78 94 0 0
644 77 94 0 0
645 78 94 0 0
646 77 94 0 0
647 77 93 0 0
648 78 93 0 0
649 77 93 0 0
650 77 92 0 0
651 78 92 0 0
652 77 92 0 0
653 78 92 0 0
654 78 91 0 0
655 79 91 0 0
656 78 91 0 0
657 79 91 0 0
658 78 91 0 0
659 78 90 0 0
660 79 90 0 0
661 78 90 0 0
662 79 90 0 0
663 78 90 0 0
664 78 89 0 0
665 79 89 0 0
666 78 89 0 0
667 78 88 0 0
668 79 88 0 0
669 80 88 0 0
670 79 88 0 0
671 79 87 0 0
672 80 87 0 0
673 79 87 0 0
674 80 87 0 0
675 79 87 0 0
676 80 87 0 0
677 80 86 0 0
678 81 86 0 0
679 80 86 0 0
680 81 86 0 0
681 80 86 0 0
682 80 85 0 0
683 81 85 0 0
684 80 85 0 0
685 80 84 0 0
686 81 84 0 0
687 80 84 0 0
688 81 84 0 0
689 80 84 0 0
690 80 83 0 0
691 81 83 0 0
692 82 83 0 0
693 81 83 0 0
694 81 82 0 0
695 82 82 0 0
696 81 82 0 0
697 82 82 0 0
698 81 82 0 0
699 81 81 0 0
700 82 81 0 0
701 81 81 0 0
702 81 80 0 0
703 82 80 0 0
704 81 80 0 0
705 82 80 0 0
706 81 80 0 0
707 81 79 0 0
708 82 79 0 0
709 81 79 0 0
710 82 79 0 0
711 81 79 0 0
712 81 78 0 0
713 82 78 0 0
714 81 78 0 0
715 81 77 0 0
716 82 77 0 0
717 81 77 0 0
718 82 77 0 0
719 81 77 0 0
720 81 76 0 0
721 82 76 0 0
722 81 76 0 0
723 82 76 0 0
724 81 76 0 0
725 81 75 0 0
726 82 75 0 0
727 81 75 0 0
728 82 75 0 0
729 81 75 0 0
730 81 74 0 0
731 82 74 0 0
732 81 74 0 0
733 81 73 0 0
734 82 73 0 0
735 81 73 0 0
736 82 73 0 0
737 81 73 0 0
738 81 72 0 0
739 82 72 0 0
740 81 72 0 0
741 81 71 0 0
742 82 71 0 0
743 81 71 0 0
744 80 71 0 0
745 80 70 0 0
746 81 70 0 0
747 80 70 0 0
748 80 69 0 0
749 81 69 0 0
750 80 69 0 0
751 81 69 0 0
752 80 69 0 0
753 80 68 0 0
754 81 68 0 0
755 80 68 0 0
756 81 68 0 0
757 80 68 0 0
758 80 67 0 0
759 81 67 0 0
760 80 67 0 0
761 81 67 0 0
762 80 67 0 0
763 80 66 0 0
764 81 66 0 0
765 80 66 0 0
766 80 65 0 0
767 81 65 0 0
768 80 65 0 0
769 81 65 0 0
770 80 65 0 0
771 80 64 0 0
772 81 64 0 0
773 80 64 0 0
774 80 63 0 0
775 81 63 0 0
776 80 63 0 0
777 80 62 0 0
778 81 62 0 0
779 80 62 0 0
780 81 62 0 0
781 80 62 0 0
782 80 61 0 0
783 81 61 0 0
784 80 61 0 0
785 81 61 0 0
786 80 61 0 0
787 80 60 0 0
788 81 60 0 0
789 80 60 0 0
790 81 60 0 0
791 80 60 0 0
792 80 59 0 0
793 81 59 0 0
794 80 59 0 0
795 80 58 0 0
796 81 58 0 0
797 80 58 0 0
798 79 58 0 0
799 79 57 0 0
800 80 57 0 0
801 79 57 0 0
802 80 57 0 0
803 79 57 0 0
804 79 56 0 0
805 80 56 0 0
806 79 56 0 0
807 80 56 0 0
808 79 56 0 0
809 79 55 0 0
810 79 54 0 0
811 80 54 0 0
812 79 54 0 0
813 80 54 0 0
814 79 54 0 0
815 80 54 0 0
816 79 54 0 0
817 79 53 0 0
818 80 53 0 0
819 79 53 0 0
820 80 53 0 0
821 79 53 0 0
822 79 52 0 0
823 80 52 0 0
824 79 52 0 0
825 79 51 0 0
826 78 51 0 0
827 79 51 0 0
828 78 51 0 0
829 79 51 0 0
830 78 51 0 0
831 78 50 0 0
832 79 50 0 0
833 78 50 0 0
834 79 50 0 0
835 78 50 0 0
836 78 49 0 0
837 79 49 0 0
838 78 49 0 0
839 79 49 0 0
840 78 49 0 0
841 79 49 0 0
842 78 49 0 0
843 78 48 0 0
844 79 48 0 0
845 78 48 0 0
846 78 47 0 0
847 79 47 0 0
848 78 47 0 0
849 77 47 0 0
850 77 46 0 0
851 78 46 0 0
852 77 46 0 0
853 78 46 0 0
854 77 46 0 0
855 78 46 0 0
856 77 46 0 0
857 77 45 0 0
858 78 45 0 0
859 77 45 0 0
860 78 45 0 0
861 77 45 0 0
862 77 44 0 0
863 78 44 0 0
864 77 44 0 0
865 77 43 0 0
866 78 43 0 0
867 77 43 0 0
868 78 43 0 0
869 77 43 0 0
870 78 43 0 0
871 77 43 0 0
872 77 42 0 0
873 76 42 0 0
874 77 42 0 0
875 76 42 0 0
876 76 41 0 0
877 77 41 0 0
878 76 41 0 0
879 77 41 0 0
880 76 41 0 0
881 76 40 0 0
882 77 40 0 0
883 76 40 0 0
884 77 40 0 0
885 76 40 0 0
886 76 39 0 0
887 77 39 0 0
888 76 39 0 0
889 77 39 0 0
890 76 39 0 0
891 76 38 0 0
