0 95 11 0 0
1 96 11 0 0
2 95 11 0 0
3 95 12 0 0
4 96 12 0 0
5 95 12 0 0
6 95 13 0 0
7 96 13 0 0
8 95 13 0 0
9 96 13 0 0
10 95 13 0 0
11 95 14 0 0
12 96 14 0 0
13 95 14 0 0
14 96 14 0 0
15 95 14 0 0
16 95 15 0 0
17 96 15 0 0
18 95 15 0 0
19 96 15 0 0
20 95 15 0 0
21 96 15 0 0
22 95 15 0 0
23 95 16 0 0
24 96 16 0 0
25 95 16 0 0
26 95 17 0 0
27 96 17 0 0
28 95 17 0 0
29 96 17 0 0
30 95 17 0 0
31 95 18 0 0
32 96 18 0 0
33 95 18 0 0
34 96 18 0 0
35 95 18 0 0
36 96 18 0 0
37 95 18 0 0
38 95 19 0 0
39 96 19 0 0
40 95 19 0 0
41 96 19 0 0
42 95 19 0 0
43 95 20 0 0
44 96 20 0 0
45 95 20 0 0
46 95 21 0 0
47 96 21 0 0
48 95 21 0 0
49 96 21 0 0
50 95 21 0 0
51 95 22 0 0
52 96 22 0 0
53 95 22 0 0
54 96 22 0 0
55 95 22 0 0
56 96 22 0 0
57 95 22 0 0
58 95 23 0 0
59 96 23 0 0
60 95 23 0 0
61 95 24 0 0
62 96 24 0 0
63 95 24 0 0
64 96 24 0 0
65 95 24 0 0
66 95 25 0 0
67 96 25 0 0
68 95 25 0 0
69 96 25 0 0
70 95 25 0 0
71 96 25 0 0
72 95 25 0 0
73 95 26 0 0
74 96 26 0 0
75 95 26 0 0
76 96 26 0 0
77 95 26 0 0
78 95 27 0 0
79 96 27 0 0
80 95 27 0 0
81 95 28 0 0
82 96 28 0 0
83 95 28 0 0
84 96 28 0 0
85 95 28 0 0
86 95 29 0 0
87 96 29 0 0
88 95 29 0 0
89 96 29 0 0
90 95 29 0 0
91 96 29 0 0
92 95 29 0 0
93 95 30 0 0
94 96 30 0 0
95 95 30 0 0
96 96 30 0 0
97 96 31 0 0
98 97 31 0 0
99 96 31 0 0
100 96 32 0 0
101 97 32 0 0
102 96 32 0 0
103 97 32 0 0
104 96 32 0 0
105 97 32 0 0
106 96 32 0 0
107 96 33 0 0
108 97 33 0 0
109 96 33 0 0
110 97 33 0 0
111 96 33 0 0
112 96 34 0 0
113 97 34 0 0
114 96 34 0 0
115 96 35 0 0
116 97 35 0 0
117 96 35 0 0
118 97 35 0 0
119 96 35 0 0
120 96 36 0 0
121 97 36 0 0
122 96 36 0 0
123 97 36 0 0
124 96 36 0 0
125 97 36 0 0
126 96 36 0 0
127 96 37 0 0
128 97 37 0 0
129 96 37 0 0
130 97 37 0 0
131 96 37 0 0
132 96 38 0 0
133 97 38 0 0
134 96 38 0 0
135 96 39 0 0
136 97 39 0 0
137 96 39 0 0
138 97 39 0 0
139 96 39 0 0
140 97 39 0 0
141 96 39 0 0
142 96 40 0 0
143 97 40 0 0
144 96 40 0 0
145 97 40 0 0
146 96 40 0 0
147 96 41 0 0
148 97 41 0 0
149 96 41 0 0
150 97 41 0 0
151 96 41 0 0
152 96 42 0 0
153 97 42 0 0
154 96 42 0 0
155 96 43 0 0
156 97 43 0 0
157 96 43 0 0
158 97 43 0 0
159 96 43 0 0
160 97 43 0 0
161 96 43 0 0
162 96 44 0 0
163 97 44 0 0
164 96 44 0 0
165 97 44 0 0
166 96 44 0 0
167 96 45 0 0
168 97 45 0 0
169 96 45 0 0
170 97 45 0 0
171 96 45 0 0
172 96 46 0 0
173 97 46 0 0
174 96 46 0 0
175 97 46 0 0
176 96 46 0 0
177 96 47 0 0
178 97 47 0 0
179 96 47 0 0
180 97 47 0 0
181 96 47 0 0
182 96 48 0 0
183 97 48 0 0
184 96 48 0 0
185 97 48 0 0
186 96 48 0 0
187 96 49 0 0
188 97 49 0 0
189 96 49 0 0
190 97 49 0 0
191 96 49 0 0
192 97 49 0 0
193 96 49 0 0
194 96 50 0 0
195 97 50 0 0
196 96 50 0 0
197 96 51 0 0
198 97 51 0 0
199 96 51 0 0
200 97 51 0 0
201 96 51 0 0
202 96 52 0 0
203 97 52 0 0
204 96 52 0 0
205 97 52 0 0
206 96 52 0 0
207 96 53 0 0
208 97 53 0 0
209 96 53 0 0
210 97 53 0 0
211 96 53 0 0
212 97 53 0 0
213 96 53 0 0
214 96 54 0 0
215 97 54 0 0
216 96 54 0 0
217 96 55 0 0
218 97 55 0 0
219 96 55 0 0
220 97 55 0 0
221 96 55 0 0
222 96 56 0 0
223 97 56 0 0
224 96 56 0 0
225 97 56 0 0
226 96 56 0 0
227 97 56 0 0
228 96 56 0 0
229 96 57 0 0
230 97 57 0 0
231 96 57 0 0
232 96 58 0 0
233 97 58 0 0
234 96 58 0 0
235 97 58 0 0
236 96 58 0 0
237 96 59 0 0
238 97 59 0 0
239 96 59 0 0
240 97 59 0 0
241 96 59 0 0
242 96 60 0 0
243 97 60 0 0
244 96 60 0 0
245 97 60 0 0
246 98 60 0 0
247 97 60 0 0
248 97 61 0 0
249 98 61 0 0
250 97 61 0 0
251 97 62 0 0
252 98 62 0 0
253 97 62 0 0
254 98 62 0 0
255 97 62 0 0
256 97 63 0 0
257 98 63 0 0
258 97 63 0 0
259 98 63 0 0
260 97 63 0 0
261 98 63 0 0
262 97 63 0 0
263 97 64 0 0
264 98 64 0 0
265 97 64 0 0
266 98 64 0 0
267 97 64 0 0
268 97 65 0 0
269 98 65 0 0
270 97 65 0 0
271 97 66 0 0
272 98 66 0 0
273 97 66 0 0
274 98 66 0 0
275 97 66 0 0
276 97 67 0 0
277 98 67 0 0
278 97 67 0 0
279 98 67 0 0
280 97 67 0 0
281 98 67 0 0
282 97 67 0 0
283 97 68 0 0
284 98 68 0 0
285 97 68 0 0
286 98 68 0 0
287 97 68 0 0
288 97 69 0 0
289 98 69 0 0
290 97 69 0 0
291 97 70 0 0
292 98 70 0 0
293 97 70 0 0
294 98 70 0 0
295 97 70 0 0
296 98 70 0 0
297 97 70 0 0
298 97 71 0 0
299 98 71 0 0
300 97 71 0 0
301 98 71 0 0
302 97 71 0 0
303 98 71 0 0
304 97 71 0 0
305 97 72 0 0
306 98 72 0 0
307 97 72 0 0
308 97 73 0 0
309 98 73 0 0
310 99 73 0 0
311 98 73 0 0
312 99 73 0 0
313 98 73 0 0
314 98 74 0 0
315 99 74 0 0
316 98 74 0 0
317 99 74 0 0
318 98 74 0 0
319 99 74 0 0
320 99 75 0 0
321 100 75 0 0
322 99 75 0 0
323 100 75 0 0
324 99 75 0 0
325 100 75 0 0
326 99 75 0 0
327 99 76 0 0
328 100 76 0 0
329 99 76 0 0
330 100 76 0 0
331 99 76 0 0
332 99 77 0 0
333 100 77 0 0
334 99 77 0 0
335 100 77 0 0
336 101 77 0 0
337 100 77 0 0
338 100 78 0 0
339 101 78 0 0
340 100 78 0 0
341 101 78 0 0
342 100 78 0 0
343 101 78 0 0
344 100 78 0 0
345 100 79 0 0
346 101 79 0 0
347 100 79 0 0
348 101 79 0 0
349 102 79 0 0
350 101 79 0 0
351 101 80 0 0
352 102 80 0 0
353 101 80 0 0
354 102 80 0 0
355 101 80 0 0
356 101 81 0 0
357 102 81 0 0
358 101 81 0 0
359 102 81 0 0
360 101 81 0 0
361 102 81 0 0
362 101 81 0 0
363 101 82 0 0
364 102 82 0 0
365 103 82 0 0
366 102 82 0 0
367 103 82 0 0
368 102 82 0 0
369 102 83 0 0
370 103 83 0 0
371 102 83 0 0
372 102 84 0 0
373 103 84 0 0
374 102 84 0 0
375 103 84 0 0
376 102 84 0 0
377 103 84 0 0
378 102 84 0 0
379 102 85 0 0
380 103 85 0 0
381 104 85 0 0
382 103 85 0 0
383 104 85 0 0
384 103 85 0 0
385 104 85 0 0
386 103 85 0 0
387 103 86 0 0
388 104 86 0 0
389 103 86 0 0
390 104 86 0 0
391 105 86 0 0
392 104 86 0 0
393 104 87 0 0
394 105 87 0 0
395 104 87 0 0
396 104 88 0 0
397 105 88 0 0
398 104 88 0 0
399 105 88 0 0
400 104 88 0 0
401 105 88 0 0
402 104 88 0 0
403 104 89 0 0
404 105 89 0 0
405 104 89 0 0
406 105 89 0 0
407 106 89 0 0
408 105 89 0 0
409 105 90 0 0
410 106 90 0 0
411 105 90 0 0
412 106 90 0 0
413 105 90 0 0
414 106 90 0 0
415 105 90 0 0
416 105 91 0 0
417 106 91 0 0
418 105 91 0 0
419 106 91 0 0
420 106 92 0 0
421 107 92 0 0
422 106 92 0 0
423 107 92 0 0
424 106 92 0 0
425 107 92 0 0
426 106 92 0 0
427 106 93 0 0
428 107 93 0 0
429 106 93 0 0
430 107 93 0 0
431 106 93 0 0
432 107 93 0 0
433 106 93 0 0
434 106 94 0 0
435 107 94 0 0
436 108 94 0 0
437 107 94 0 0
438 108 94 0 0
439 107 94 0 0
440 107 95 0 0
441 108 95 0 0
442 107 95 0 0
443 108 95 0 0
444 107 95 0 0
445 107 96 0 0
446 108 96 0 0
447 107 96 0 0
448 108 96 0 0
449 107 96 0 0
450 108 96 0 0
451 108 97 0 0
452 109 97 0 0
453 108 97 0 0
454 109 97 0 0
455 108 97 0 0
456 109 97 0 0
457 108 97 0 0
458 108 98 0 0
459 109 98 0 0
460 108 98 0 0
461 108 99 0 0
462 109 99 0 0
463 110 99 0 0
464 109 99 0 0
465 110 99 0 0
466 109 99 0 0
467 109 100 0 0
468 110 100 0 0
469 109 100 0 0
470 110 100 0 0
471 109 100 0 0
472 110 100 0 0
473 109 100 0 0
474 110 100 0 0
475 110 101 0 0
476 111 101 0 0
477 110 101 0 0
478 111 101 0 0
479 110 101 0 0
480 111 101 0 0
481 112 101 0 0
482 111 101 0 0
483 111 102 0 0
484 112 102 0 0
485 111 102 0 0
486 112 102 0 0
487 111 102 0 0
488 111 103 0 0
489 112 103 0 0
490 113 103 0 0
491 112 103 0 0
492 113 103 0 0
493 112 103 0 0
494 113 103 0 0
495 112 103 0 0
496 113 103 0 0
497 113 104 0 0
498 114 104 0 0
499 113 104 0 0
500 114 104 0 0
501 113 104 0 0
502 114 104 0 0
503 115 104 0 0
504 114 104 0 0
505 114 105 0 0
506 115 105 0 0
507 114 105 0 0
508 115 105 0 0
509 114 105 0 0
510 115 105 0 0
511 116 105 0 0
512 115 105 0 0
513 116 105 0 0
514 115 105 0 0
515 115 106 0 0
516 116 106 0 0
517 115 106 0 0
518 116 106 0 0
519 116 107 0 0
520 117 107 0 0
521 116 107 0 0
522 117 107 0 0
523 118 107 0 0
524 117 107 0 0
525 118 107 0 0
526 117 107 0 0
527 118 107 0 0
528 117 107 0 0
529 117 108 0 0
530 118 108 0 0
531 119 108 0 0
532 118 108 0 0
533 119 108 0 0
534 118 108 0 0
535 119 108 0 0
536 119 109 0 0
537 120 109 0 0
538 119 109 0 0
539 120 109 0 0
540 119 109 0 0
541 120 109 0 0
542 119 109 0 0
543 120 109 0 0
544 121 109 0 0
545 120 109 0 0
546 120 110 0 0
547 121 110 0 0
548 120 110 0 0
549 121 110 0 0
550 121 111 0 0
551 122 111 0 0
552 121 111 0 0
553 122 111 0 0
554 121 111 0 0
555 122 111 0 0
556 121 111 0 0
557 122 111 0 0
558 122 112 0 0
559 123 112 0 0
560 122 112 0 0
561 123 112 0 0
562 122 112 0 0
563 123 112 0 0
564 122 112 0 0
565 123 112 0 0
566 124 112 0 0
567 123 112 0 0
568 123 113 0 0
569 124 113 0 0
570 125 113 0 0
571 124 113 0 0
572 124 114 0 0
573 125 114 0 0
574 124 114 0 0
575 125 114 0 0
576 124 114 0 0
577 125 114 0 0
578 126 114 0 0
579 125 114 0 0
580 126 114 0 0
581 125 114 0 0
582 125 115 0 0
583 126 115 0 0
584 127 115 0 0
585 126 115 0 0
586 127 115 0 0
587 126 115 0 0
588 127 115 0 0
589 126 115 0 0
590 126 116 0 0
591 127 116 0 0
592 128 116 0 0
593 127 116 0 0
594 128 116 0 0
595 127 116 0 0
596 128 116 0 0
597 127 116 0 0
598 128 116 0 0
599 128 117 0 0
600 129 117 0 0
601 128 117 0 0
602 129 117 0 0
603 128 117 0 0
604 128 118 0 0
605 129 118 0 0
606 130 118 0 0
607 129 118 0 0
608 130 118 0 0
609 129 118 0 0
610 130 118 0 0
611 131 118 0 0
612 130 118 0 0
613 130 119 0 0
614 131 119 0 0
615 130 119 0 0
616 131 119 0 0
617 130 119 0 0
618 131 119 0 0
619 130 119 0 0
620 131 119 0 0
621 132 119 0 0
622 131 119 0 0
623 132 119 0 0
624 131 119 0 0
625 132 119 0 0
626 133 119 0 0
627 132 119 0 0
628 133 119 0 0
629 132 119 0 0
630 133 119 0 0
631 132 119 0 0
632 133 119 0 0
633 134 119 0 0
634 133 119 0 0
635 134 119 0 0
636 133 119 0 0
637 134 119 0 0
638 135 119 0 0
639 134 119 0 0
640 135 119 0 0
641 134 119 0 0
642 135 119 0 0
643 134 119 0 0
644 135 119 0 0
645 136 119 0 0
646 135 119 0 0
647 136 119 0 0
648 135 119 0 0
649 136 119 0 0
650 135 119 0 0
651 136 119 0 0
652 137 119 0 0
653 136 119 0 0
654 137 119 0 0
655 136 119 0 0
656 137 119 0 0
657 136 119 0 0
658 137 119 0 0
659 138 119 0 0
660 137 119 0 0
661 138 119 0 0
662 137 119 0 0
663 137 120 0 0
664 138 120 0 0
665 137 120 0 0
666 138 120 0 0
667 139 120 0 0
668 138 120 0 0
669 139 120 0 0
670 138 120 0 0
671 139 120 0 0
672 140 120 0 0
673 139 120 0 0
674 140 120 0 0
675 139 120 0 0
676 140 120 0 0
677 139 120 0 0
678 140 120 0 0
679 141 120 0 0
680 140 120 0 0
681 141 120 0 0
682 140 120 0 0
683 141 120 0 0
684 142 120 0 0
685 141 120 0 0
686 142 120 0 0
687 141 120 0 0
688 142 120 0 0
689 141 120 0 0
690 142 120 0 0
691 143 120 0 0
692 142 120 0 0
693 143 120 0 0
694 142 120 0 0
695 143 120 0 0
696 142 120 0 0
697 143 120 0 0
698 142 120 0 0
699 143 120 0 0
700 144 120 0 0
701 143 120 0 0
702 144 120 0 0
703 143 120 0 0
704 144 120 0 0
705 145 120 0 0
706 144 120 0 0
707 145 120 0 0
708 144 120 0 0
709 145 120 0 0
710 144 120 0 0
711 145 120 0 0
712 145 121 0 0
713 146 121 0 0
714 145 121 0 0
715 146 121 0 0
716 145 121 0 0
717 146 121 0 0
718 147 121 0 0
719 146 121 0 0
720 147 121 0 0
721 146 121 0 0
722 147 121 0 0
723 146 121 0 0
724 147 121 0 0
725 148 121 0 0
726 147 121 0 0
727 148 121 0 0
728 147 121 0 0
729 148 121 0 0
730 147 121 0 0
731 148 121 0 0
732 149 121 0 0
733 148 121 0 0
734 149 121 0 0
735 148 121 0 0
736 149 121 0 0
737 149 122 0 0
738 150 122 0 0
739 149 122 0 0
740 150 122 0 0
741 149 122 0 0
742 150 122 0 0
743 151 122 0 0
744 150 122 0 0
745 151 122 0 0
746 152 122 0 0
747 151 122 0 0
748 152 122 0 0
749 153 122 0 0
750 152 122 0 0
751 153 122 0 0
752 152 122 0 0
753 153 122 0 0
754 154 122 0 0
755 153 122 0 0
756 154 122 0 0
757 155 122 0 0
758 154 122 0 0
759 155 122 0 0
760 154 122 0 0
761 155 122 0 0
762 156 122 0 0
763 155 122 0 0
764 156 122 0 0
765 157 122 0 0
766 156 122 0 0
767 157 122 0 0
768 158 122 0 0
769 157 122 0 0
770 158 122 0 0
771 157 122 0 0
772 158 122 0 0
773 159 122 0 0
774 158 122 0 0
775 159 122 0 0
776 160 122 0 0
777 159 122 0 0
778 160 122 0 0
779 160 123 0 0
780 161 123 0 0
781 160 123 0 0
782 161 123 0 0
783 162 123 0 0
784 161 123 0 0
785 162 123 0 0
786 161 123 0 0
787 162 123 0 0
788 163 123 0 0
789 162 123 0 0
790 163 123 0 0
791 162 123 0 0
792 163 123 0 0
793 164 123 0 0
794 163 123 0 0
795 164 123 0 0
796 165 123 0 0
797 164 123 0 0
798 165 123 0 0
799 166 123 0 0
800 165 123 0 0
801 166 123 0 0
802 167 123 0 0
803 166 123 0 0
804 167 123 0 0
805 166 123 0 0
806 167 123 0 0
807 168 123 0 0
808 167 123 0 0
809 167 124 0 0
810 168 124 0 0
811 167 124 0 0
812 168 124 0 0
813 169 124 0 0
814 168 124 0 0
815 169 124 0 0
816 170 124 0 0
817 169 124 0 0
818 170 124 0 0
819 169 124 0 0
820 170 124 0 0
821 171 124 0 0
822 170 124 0 0
823 171 124 0 0
824 172 124 0 0
825 171 124 0 0
826 172 124 0 0
827 171 124 0 0
828 172 124 0 0
829 172 125 0 0
830 173 125 0 0
831 172 125 0 0
832 173 125 0 0
833 174 125 0 0
834 173 125 0 0
835 174 125 0 0
836 173 125 0 0
837 174 125 0 0
838 175 125 0 0
839 174 125 0 0
840 175 125 0 0
841 176 125 0 0
842 175 125 0 0
843 175 126 0 0
844 176 126 0 0
845 175 126 0 0
846 176 126 0 0
847 177 126 0 0
848 176 126 0 0
849 177 126 0 0
850 178 126 0 0
851 177 126 0 0
852 178 126 0 0
853 177 126 0 0
854 178 126 0 0
855 179 126 0 0
856 178 126 0 0
857 179 126 0 0
858 178 126 0 0
859 179 126 0 0
860 180 126 0 0
861 179 126 0 0
862 180 126 0 0
863 181 126 0 0
864 180 126 0 0
865 181 126 0 0
866 180 126 0 0
867 180 127 0 0
868 181 127 0 0
869 182 127 0 0
870 181 127 0 0
871 182 127 0 0
872 183 127 0 0
873 182 127 0 0
874 183 127 0 0
875 182 127 0 0
876 183 127 0 0
877 184 127 0 0
878 183 127 0 0
879 184 127 0 0
880 185 127 0 0
881 184 127 0 0
882 185 127 0 0
883 184 127 0 0
884 184 128 0 0
885 185 128 0 0
886 186 128 0 0
887 185 128 0 0
888 186 128 0 0
889 187 128 0 0
890 186 128 0 0
891 187 128 0 0
892 186 128 0 0
893 187 128 0 0
894 188 128 0 0
895 187 128 0 0
896 188 128 0 0
897 187 128 0 0
898 188 128 0 0
899 189 128 0 0
900 188 128 0 0
901 189 128 0 0
902 190 128 0 0
903 189 128 0 0
904 190 128 0 0
905 189 128 0 0
906 190 128 0 0
907 189 128 0 0
908 190 128 0 0
909 191 128 0 0
910 190 128 0 0
911 191 128 0 0
912 190 128 0 0
913 191 128 0 0
914 192 128 0 0
915 191 128 0 0
916 192 128 0 0
917 191 128 0 0
918 192 128 0 0
919 193 128 0 0
920 192 128 0 0
921 193 128 0 0
922 193 127 0 0
923 194 127 0 0
