0 86 267 0 0
1 86 266 0 0
2 87 266 0 0
3 86 266 0 0
4 87 266 0 0
5 86 266 0 0
6 86 265 0 0
7 87 265 0 0
8 86 265 0 0
9 86 264 0 0
10 87 264 0 0
11 86 264 0 0
12 87 264 0 0
13 86 264 0 0
14 86 263 0 0
15 87 263 0 0
16 86 263 0 0
17 87 263 0 0
18 86 263 0 0
19 86 262 0 0
20 87 262 0 0
21 86 262 0 0
22 86 261 0 0
23 87 261 0 0
24 86 261 0 0
25 87 261 0 0
26 86 261 0 0
27 86 260 0 0
28 87 260 0 0
29 86 260 0 0
30 86 259 0 0
31 87 259 0 0
32 86 259 0 0
33 87 259 0 0
34 86 259 0 0
35 86 258 0 0
36 87 258 0 0
37 86 258 0 0
38 86 257 0 0
39 87 257 0 0
40 86 257 0 0
41 87 257 0 0
42 87 256 0 0
43 88 256 0 0
44 87 256 0 0
45 88 256 0 0
46 87 256 0 0
47 87 255 0 0
48 88 255 0 0
49 87 255 0 0
50 88 255 0 0
51 87 255 0 0
52 87 254 0 0
53 88 254 0 0
54 87 254 0 0
55 87 253 0 0
56 88 253 0 0
57 87 253 0 0
58 87 252 0 0
59 88 252 0 0
60 87 252 0 0
61 88 252 0 0
62 87 252 0 0
63 87 251 0 0
64 88 251 0 0
65 87 251 0 0
66 88 251 0 0
67 87 251 0 0
68 87 250 0 0
69 88 250 0 0
70 87 250 0 0
71 87 249 0 0
72 88 249 0 0
73 87 249 0 0
74 88 249 0 0
75 87 249 0 0
76 87 248 0 0
77 88 248 0 0
78 87 248 0 0
79 88 248 0 0
80 87 248 0 0
81 87 247 0 0
82 88 247 0 0
83 87 247 0 0
84 87 246 0 0
85 88 246 0 0
86 87 246 0 0
87 87 245 0 0
88 88 245 0 0
89 87 245 0 0
90 88 245 0 0
91 87 245 0 0
92 87 244 0 0
93 88 244 0 0
94 87 244 0 0
95 88 244 0 0
96 87 244 0 0
97 87 243 0 0
98 88 243 0 0
99 87 243 0 0
100 87 242 0 0
101 88 242 0 0
102 89 242 0 0
103 88 242 0 0
104 88 241 0 0
105 89 241 0 0
106 88 241 0 0
107 89 241 0 0
108 88 241 0 0
109 88 240 0 0
110 89 240 0 0
111 88 240 0 0
112 89 240 0 0
113 88 240 0 0
114 88 239 0 0
115 89 239 0 0
116 88 239 0 0
117 88 238 0 0
118 89 238 0 0
119 88 238 0 0
120 88 237 0 0
121 89 237 0 0
122 88 237 0 0
123 89 237 0 0
124 88 237 0 0
125 88 236 0 0
126 89 236 0 0
127 88 236 0 0
128 89 236 0 0
129 88 236 0 0
130 88 235 0 0
131 89 235 0 0
132 88 235 0 0
133 88 234 0 0
134 89 234 0 0
135 88 234 0 0
136 89 234 0 0
137 88 234 0 0
138 88 233 0 0
139 89 233 0 0
140 88 233 0 0
141 89 233 0 0
142 88 233 0 0
143 88 232 0 0
144 89 232 0 0
145 89 231 0 0
146 90 231 0 0
147 89 231 0 0
148 89 230 0 0
149 90 230 0 0
150 89 230 0 0
151 90 230 0 0
152 89 230 0 0
153 89 229 0 0
154 90 229 0 0
155 89 229 0 0
156 90 229 0 0
157 89 229 0 0
158 89 228 0 0
159 90 228 0 0
160 89 228 0 0
161 89 227 0 0
162 90 227 0 0
163 89 227 0 0
164 90 227 0 0
165 89 227 0 0
166 89 226 0 0
167 90 226 0 0
168 89 226 0 0
169 90 226 0 0
170 89 226 0 0
171 89 225 0 0
172 90 225 0 0
173 89 225 0 0
174 89 224 0 0
175 90 224 0 0
176 89 224 0 0
177 89 223 0 0
178 90 223 0 0
179 89 223 0 0
180 90 223 0 0
181 89 223 0 0
182 89 222 0 0
183 90 222 0 0
184 89 222 0 0
185 90 222 0 0
186 89 222 0 0
187 89 221 0 0
188 90 221 0 0
189 89 221 0 0
190 89 220 0 0
191 90 220 0 0
192 89 220 0 0
193 90 220 0 0
194 89 220 0 0
195 89 219 0 0
196 90 219 0 0
197 89 219 0 0
198 90 219 0 0
199 89 219 0 0
200 89 218 0 0
201 90 218 0 0
202 90 217 0 0
203 91 217 0 0
204 90 217 0 0
205 90 216 0 0
206 91 216 0 0
207 90 216 0 0
208 91 216 0 0
209 90 216 0 0
210 90 215 0 0
211 91 215 0 0
212 90 215 0 0
213 91 215 0 0
214 90 215 0 0
215 90 214 0 0
216 91 214 0 0
217 90 214 0 0
218 91 214 0 0
219 90 214 0 0
220 90 213 0 0
221 91 213 0 0
222 90 213 0 0
223 90 212 0 0
224 91 212 0 0
225 90 212 0 0
226 91 212 0 0
227 90 212 0 0
228 90 211 0 0
229 91 211 0 0
230 90 211 0 0
231 90 210 0 0
232 91 210 0 0
233 90 210 0 0
234 91 210 0 0
235 90 210 0 0
236 91 210 0 0
237 90 210 0 0
238 90 209 0 0
239 91 209 0 0
240 90 209 0 0
241 90 208 0 0
242 91 208 0 0
243 90 208 0 0
244 91 208 0 0
245 90 208 0 0
246 90 207 0 0
247 89 207 0 0
248 90 207 0 0
249 89 207 0 0
250 90 207 0 0
251 89 207 0 0
252 89 206 0 0
253 90 206 0 0
254 89 206 0 0
255 90 206 0 0
256 89 206 0 0
257 89 205 0 0
258 90 205 0 0
259 89 205 0 0
260 89 204 0 0
261 90 204 0 0
262 89 204 0 0
263 90 204 0 0
264 89 204 0 0
265 89 203 0 0
266 90 203 0 0
267 89 203 0 0
268 90 203 0 0
269 89 203 0 0
270 88 203 0 0
271 88 202 0 0
272 89 202 0 0
273 88 202 0 0
274 88 201 0 0
275 89 201 0 0
276 88 201 0 0
277 89 201 0 0
278 88 201 0 0
279 88 200 0 0
280 89 200 0 0
281 88 200 0 0
282 89 200 0 0
283 88 200 0 0
284 88 199 0 0
285 89 199 0 0
286 88 199 0 0
287 89 199 0 0
288 88 199 0 0
289 87 199 0 0
290 87 198 0 0
291 88 198 0 0
292 87 198 0 0
293 87 197 0 0
294 88 197 0 0
295 87 197 0 0
296 88 197 0 0
297 87 197 0 0
298 87 196 0 0
299 88 196 0 0
300 87 196 0 0
301 88 196 0 0
302 87 196 0 0
303 87 195 0 0
304 88 195 0 0
305 87 195 0 0
306 88 195 0 0
307 87 195 0 0
308 88 195 0 0
309 87 195 0 0
310 87 194 0 0
311 88 194 0 0
312 87 194 0 0
313 87 193 0 0
314 88 193 0 0
315 87 193 0 0
316 86 193 0 0
317 86 192 0 0
318 87 192 0 0
319 86 192 0 0
320 87 192 0 0
321 86 192 0 0
322 86 191 0 0
323 87 191 0 0
324 86 191 0 0
325 87 191 0 0
326 86 191 0 0
327 87 191 0 0
328 86 191 0 0
329 86 190 0 0
330 87 190 0 0
331 86 190 0 0
332 86 189 0 0
333 87 189 0 0
334 86 189 0 0
335 87 189 0 0
336 86 189 0 0
337 86 188 0 0
338 87 188 0 0
339 86 188 0 0
340 85 188 0 0
341 85 187 0 0
342 86 187 0 0
343 85 187 0 0
344 86 187 0 0
345 85 187 0 0
346 86 187 0 0
347 85 187 0 0
348 85 186 0 0
349 86 186 0 0
350 85 186 0 0
351 85 185 0 0
352 86 185 0 0
353 85 185 0 0
354 86 185 0 0
355 85 185 0 0
356 85 184 0 0
357 86 184 0 0
358 85 184 0 0
359 84 184 0 0
360 85 184 0 0
361 84 184 0 0
362 84 183 0 0
363 85 183 0 0
364 84 183 0 0
365 84 182 0 0
366 85 182 0 0
367 84 182 0 0
368 85 182 0 0
369 84 182 0 0
370 84 181 0 0
371 85 181 0 0
372 84 181 0 0
373 85 181 0 0
374 84 181 0 0
375 84 180 0 0
376 85 180 0 0
377 84 180 0 0
378 85 180 0 0
379 84 180 0 0
380 85 180 0 0
381 84 180 0 0
382 84 179 0 0
383 85 179 0 0
384 84 179 0 0
385 84 178 0 0
386 83 178 0 0
387 84 178 0 0
388 83 178 0 0
389 83 177 0 0
390 84 177 0 0
391 83 177 0 0
392 84 177 0 0
393 83 177 0 0
394 83 176 0 0
395 84 176 0 0
396 83 176 0 0
397 84 176 0 0
398 83 176 0 0
399 84 176 0 0
400 83 176 0 0
401 83 175 0 0
402 84 175 0 0
403 83 175 0 0
404 83 174 0 0
405 82 174 0 0
406 83 174 0 0
407 82 174 0 0
408 82 173 0 0
409 83 173 0 0
410 82 173 0 0
411 83 173 0 0
412 82 173 0 0
413 82 172 0 0
414 83 172 0 0
415 82 172 0 0
416 83 172 0 0
417 82 172 0 0
418 82 171 0 0
419 83 171 0 0
420 82 171 0 0
421 83 171 0 0
422 82 171 0 0
423 82 170 0 0
424 83 170 0 0
425 82 170 0 0
426 83 170 0 0
427 82 170 0 0
428 82 169 0 0
429 81 169 0 0
430 82 169 0 0
431 81 169 0 0
432 81 168 0 0
433 82 168 0 0
434 81 168 0 0
435 82 168 0 0
436 81 168 0 0
437 81 167 0 0
438 82 167 0 0
439 81 167 0 0
440 82 167 0 0
441 81 167 0 0
442 81 166 0 0
443 82 166 0 0
444 81 166 0 0
445 82 166 0 0
446 81 166 0 0
447 81 165 0 0
448 82 165 0 0
449 81 165 0 0
450 82 165 0 0
451 81 165 0 0
452 81 164 0 0
453 82 164 0 0
454 81 164 0 0
455 80 164 0 0
456 80 163 0 0
457 81 163 0 0
458 80 163 0 0
459 81 163 0 0
460 80 163 0 0
461 80 162 0 0
462 81 162 0 0
463 80 162 0 0
464 81 162 0 0
465 80 162 0 0
466 80 161 0 0
467 81 161 0 0
468 80 161 0 0
469 81 161 0 0
470 80 161 0 0
471 80 160 0 0
472 81 160 0 0
473 80 160 0 0
474 79 160 0 0
475 79 159 0 0
476 80 159 0 0
477 79 159 0 0
478 80 159 0 0
479 79 159 0 0
480 79 158 0 0
481 80 158 0 0
482 79 158 0 0
483 80 158 0 0
484 79 158 0 0
485 79 157 0 0
486 80 157 0 0
487 79 157 0 0
488 78 157 0 0
489 78 156 0 0
490 79 156 0 0
491 78 156 0 0
492 79 156 0 0
493 78 156 0 0
494 78 155 0 0
495 79 155 0 0
496 78 155 0 0
497 79 155 0 0
498 78 155 0 0
499 78 154 0 0
500 77 154 0 0
501 78 154 0 0
502 77 154 0 0
503 78 154 0 0
504 77 154 0 0
505 77 153 0 0
506 78 153 0 0
507 77 153 0 0
508 77 152 0 0
509 78 152 0 0
510 77 152 0 0
511 78 152 0 0
512 77 152 0 0
513 77 151 0 0
514 78 151 0 0
515 77 151 0 0
516 76 151 0 0
517 77 151 0 0
518 76 151 0 0
519 76 150 0 0
520 77 150 0 0
521 76 150 0 0
522 77 150 0 0
523 76 150 0 0
524 76 149 0 0
525 77 149 0 0
526 76 149 0 0
527 76 148 0 0
528 75 148 0 0
529 76 148 0 0
530 75 148 0 0
531 76 148 0 0
532 75 148 0 0
533 75 147 0 0
534 76 147 0 0
535 75 147 0 0
536 76 147 0 0
537 75 147 0 0
538 75 146 0 0
539 76 146 0 0
540 75 146 0 0
541 76 146 0 0
542 75 146 0 0
543 75 145 0 0
544 74 145 0 0
545 75 145 0 0
546 74 145 0 0
547 74 144 0 0
548 75 144 0 0
549 74 144 0 0
550 75 144 0 0
551 74 144 0 0
552 74 143 0 0
553 75 143 0 0
554 74 143 0 0
555 75 143 0 0
556 74 143 0 0
557 74 142 0 0
558 73 142 0 0
559 74 142 0 0
560 73 142 0 0
561 73 141 0 0
562 74 141 0 0
563 73 141 0 0
564 74 141 0 0
565 73 141 0 0
566 73 140 0 0
567 74 140 0 0
568 73 140 0 0
569 72 140 0 0
570 72 139 0 0
571 73 139 0 0
572 72 139 0 0
573 73 139 0 0
574 72 139 0 0
575 73 139 0 0
576 72 139 0 0
577 72 138 0 0
578 73 138 0 0
579 72 138 0 0
580 72 137 0 0
581 73 137 0 0
582 72 137 0 0
583 73 137 0 0
584 72 137 0 0
585 72 136 0 0
586 71 136 0 0
587 72 136 0 0
588 71 136 0 0
589 72 136 0 0
590 71 136 0 0
591 71 135 0 0
592 72 135 0 0
593 71 135 0 0
594 72 135 0 0
595 72 134 0 0
596 73 134 0 0
597 72 134 0 0
598 72 133 0 0
599 73 133 0 0
600 72 133 0 0
601 73 133 0 0
602 72 133 0 0
603 73 133 0 0
604 72 133 0 0
605 72 132 0 0
606 73 132 0 0
607 72 132 0 0
608 73 132 0 0
609 72 132 0 0
610 72 131 0 0
611 73 131 0 0
612 72 131 0 0
613 73 131 0 0
614 72 131 0 0
615 72 130 0 0
616 73 130 0 0
617 72 130 0 0
618 73 130 0 0
619 72 130 0 0
620 72 129 0 0
621 73 129 0 0
622 72 129 0 0
623 73 129 0 0
624 72 129 0 0
625 72 128 0 0
626 73 128 0 0
627 72 128 0 0
628 73 128 0 0
629 72 128 0 0
630 72 127 0 0
631 73 127 0 0
632 72 127 0 0
633 73 127 0 0
634 73 126 0 0
635 74 126 0 0
636 73 126 0 0
637 74 126 0 0
638 73 126 0 0
639 73 125 0 0
640 74 125 0 0
641 73 125 0 0
642 74 125 0 0
643 73 125 0 0
644 73 124 0 0
645 74 124 0 0
646 73 124 0 0
647 74 124 0 0
648 73 124 0 0
649 74 124 0 0
650 73 124 0 0
651 73 123 0 0
652 74 123 0 0
653 73 123 0 0
654 73 122 0 0
655 74 122 0 0
656 73 122 0 0
657 74 122 0 0
658 73 122 0 0
659 73 121 0 0
660 74 121 0 0
661 75 121 0 0
662 74 121 0 0
663 75 121 0 0
664 74 121 0 0
665 74 120 0 0
666 75 120 0 0
667 74 120 0 0
668 75 120 0 0
669 74 120 0 0
670 74 119 0 0
671 75 119 0 0
672 74 119 0 0
673 74 118 0 0
674 75 118 0 0
675 74 118 0 0
676 75 118 0 0
677 74 118 0 0
678 75 118 0 0
679 74 118 0 0
680 74 117 0 0
681 75 117 0 0
682 74 117 0 0
683 75 117 0 0
684 74 117 0 0
685 74 116 0 0
686 75 116 0 0
687 74 116 0 0
688 74 115 0 0
689 75 115 0 0
690 74 115 0 0
691 75 115 0 0
692 74 115 0 0
693 75 115 0 0
694 74 115 0 0
695 74 114 0 0
696 75 114 0 0
697 74 114 0 0
698 75 114 0 0
699 75 113 0 0
700 76 113 0 0
701 75 113 0 0
702 76 113 0 0
703 75 113 0 0
704 75 112 0 0
705 76 112 0 0
706 75 112 0 0
707 76 112 0 0
708 75 112 0 0
709 76 112 0 0
710 75 112 0 0
711 75 111 0 0
712 76 111 0 0
713 75 111 0 0
714 75 110 0 0
715 76 110 0 0
716 75 110 0 0
717 76 110 0 0
718 75 110 0 0
719 75 109 0 0
720 76 109 0 0
721 75 109 0 0
722 76 109 0 0
723 75 109 0 0
724 75 108 0 0
725 76 108 0 0
726 75 108 0 0
727 75 107 0 0
728 76 107 0 0
729 75 107 0 0
730 76 107 0 0
731 76 106 0 0
732 77 106 0 0
733 76 106 0 0
734 77 106 0 0
735 76 106 0 0
736 76 105 0 0
737 77 105 0 0
738 76 105 0 0
739 77 105 0 0
740 76 105 0 0
741 76 104 0 0
742 77 104 0 0
743 76 104 0 0
744 76 103 0 0
745 77 103 0 0
746 76 103 0 0
747 77 103 0 0
748 76 103 0 0
749 76 102 0 0
750 77 102 0 0
751 76 102 0 0
752 77 102 0 0
753 77 101 0 0
754 78 101 0 0
755 77 101 0 0
756 78 101 0 0
757 77 101 0 0
758 77 100 0 0
759 78 100 0 0
760 77 100 0 0
761 78 100 0 0
762 77 100 0 0
763 77 99 0 0
764 78 99 0 0
765 77 99 0 0
766 78 99 0 0
767 77 99 0 0
768 77 98 0 0
769 78 98 0 0
770 77 98 0 0
771 78 98 0 0
772 77 98 0 0
773 77 97 0 0
774 78 97 0 0
775 77 97 0 0
776 77 96 0 0
777 78 96 0 0
778 77 96 0 0
779 78 96 0 0
780 77 96 0 0
781 77 95 0 0
782 78 95 0 0
783 77 95 0 0
784 78 95 0 0
785 78 94 0 0
786 79 94 0 0
787 78 94 0 0
788 79 94 0 0
789 78 94 0 0
790 78 93 0 0
791 79 93 0 0
792 78 93 0 0
793 78 92 0 0
794 79 92 0 0
795 78 92 0 0
796 79 92 0 0
797 78 92 0 0
798 78 91 0 0
799 79 91 0 0
800 78 91 0 0
801 79 91 0 0
802 78 91 0 0
803 79 91 0 0
804 78 91 0 0
805 78 90 0 0
806 79 90 0 0
807 78 90 0 0
808 79 90 0 0
809 79 89 0 0
810 80 89 0 0
811 79 89 0 0
812 79 88 0 0
813 80 88 0 0
814 79 88 0 0
815 80 88 0 0
816 79 88 0 0
817 79 87 0 0
818 80 87 0 0
819 79 87 0 0
820 80 87 0 0
821 79 87 0 0
822 79 86 0 0
823 80 86 0 0
824 79 86 0 0
825 80 86 0 0
826 79 86 0 0
827 79 85 0 0
828 80 85 0 0
829 79 85 0 0
830 79 84 0 0
831 80 84 0 0
832 79 84 0 0
833 80 84 0 0
834 79 84 0 0
835 79 83 0 0
836 80 83 0 0
837 79 83 0 0
838 80 83 0 0
839 80 82 0 0
840 81 82 0 0
841 80 82 0 0
842 81 82 0 0
843 80 82 0 0
844 80 81 0 0
845 81 81 0 0
846 80 81 0 0
847 80 80 0 0
848 81 80 0 0
849 80 80 0 0
850 81 80 0 0
851 80 80 0 0
852 80 79 0 0
853 81 79 0 0
854 80 79 0 0
855 81 79 0 0
856 80 79 0 0
857 80 78 0 0
858 81 78 0 0
859 80 78 0 0
860 80 77 0 0
861 81 77 0 0
862 80 77 0 0
863 81 77 0 0
864 80 77 0 0
865 80 76 0 0
866 81 76 0 0
867 80 76 0 0
868 80 75 0 0
869 81 75 0 0
870 80 75 0 0
871 81 75 0 0
872 80 75 0 0
873 80 74 0 0
874 81 74 0 0
875 80 74 0 0
876 80 73 0 0
877 81 73 0 0
878 80 73 0 0
879 81 73 0 0
880 80 73 0 0
881 80 72 0 0
882 81 72 0 0
883 80 72 0 0
884 80 71 0 0
885 81 71 0 0
886 80 71 0 0
887 81 71 0 0
888 80 71 0 0
889 80 70 0 0
890 81 70 0 0
891 80 70 0 0
892 80 69 0 0
893 81 69 0 0
894 80 69 0 0
895 80 68 0 0
896 81 68 0 0
897 80 68 0 0
898 81 68 0 0
899 80 68 0 0
900 80 67 0 0
901 81 67 0 0
902 80 67 0 0
903 81 67 0 0
904 80 67 0 0
905 80 66 0 0
906 81 66 0 0
907 80 66 0 0
908 80 65 0 0
909 81 65 0 0
910 80 65 0 0
911 81 65 0 0
912 80 65 0 0
913 80 64 0 0
914 81 64 0 0
915 80 64 0 0
916 80 63 0 0
917 81 63 0 0
918 80 63 0 0
919 80 62 0 0
920 81 62 0 0
921 80 62 0 0
922 81 62 0 0
923 80 62 0 0
924 80 61 0 0
925 81 61 0 0
926 80 61 0 0
927 80 60 0 0
928 81 60 0 0
929 80 60 0 0
930 81 60 0 0
931 80 60 0 0
932 80 59 0 0
933 81 59 0 0
934 80 59 0 0
935 80 58 0 0
936 81 58 0 0
937 80 58 0 0
938 81 58 0 0
939 81 57 0 0
940 82 57 0 0
941 81 57 0 0
942 81 56 0 0
943 82 56 0 0
944 81 56 0 0
945 82 56 0 0
946 81 56 0 0
947 81 55 0 0
948 80 55 0 0
949 81 55 0 0
