0 93 4 0 0
1 93 5 0 0
2 94 5 0 0
3 93 5 0 0
4 93 6 0 0
5 94 6 0 0
6 93 6 0 0
7 94 6 0 0
8 93 6 0 0
9 93 7 0 0
10 94 7 0 0
11 93 7 0 0
12 93 8 0 0
13 94 8 0 0
14 93 8 0 0
15 94 8 0 0
16 93 8 0 0
17 93 9 0 0
18 94 9 0 0
19 93 9 0 0
20 94 9 0 0
21 93 9 0 0
22 93 10 0 0
23 94 10 0 0
24 93 10 0 0
25 93 11 0 0
26 94 11 0 0
27 93 11 0 0
28 94 11 0 0
29 93 11 0 0
30 93 12 0 0
31 94 12 0 0
32 93 12 0 0
33 94 12 0 0
34 93 12 0 0
35 93 13 0 0
36 94 13 0 0
37 93 13 0 0
38 94 13 0 0
39 93 13 0 0
40 93 14 0 0
41 94 14 0 0
42 93 14 0 0
43 93 15 0 0
44 94 15 0 0
45 93 15 0 0
46 94 15 0 0
47 93 15 0 0
48 93 16 0 0
49 94 16 0 0
50 93 16 0 0
51 94 16 0 0
52 93 16 0 0
53 93 17 0 0
54 94 17 0 0
55 93 17 0 0
56 94 17 0 0
57 93 17 0 0
58 93 18 0 0
59 94 18 0 0
60 93 18 0 0
61 93 19 0 0
62 94 19 0 0
63 95 19 0 0
64 94 19 0 0
65 94 20 0 0
66 95 20 0 0
67 94 20 0 0
68 95 20 0 0
69 94 20 0 0
70 94 21 0 0
71 95 21 0 0
72 94 21 0 0
73 95 21 0 0
74 94 21 0 0
75 94 22 0 0
76 95 22 0 0
77 94 22 0 0
78 94 23 0 0
79 95 23 0 0
80 94 23 0 0
81 95 23 0 0
82 94 23 0 0
83 94 24 0 0
84 95 24 0 0
85 94 24 0 0
86 95 24 0 0
87 94 24 0 0
88 94 25 0 0
89 95 25 0 0
90 94 25 0 0
91 94 26 0 0
92 95 26 0 0
93 94 26 0 0
94 95 26 0 0
95 94 26 0 0
96 94 27 0 0
97 95 27 0 0
98 94 27 0 0
99 95 27 0 0
100 94 27 0 0
101 94 28 0 0
102 95 28 0 0
103 94 28 0 0
104 95 28 0 0
105 94 28 0 0
106 94 29 0 0
107 95 29 0 0
108 94 29 0 0
109 94 30 0 0
110 95 30 0 0
111 96 30 0 0
112 95 30 0 0
113 95 31 0 0
114 96 31 0 0
115 95 31 0 0
116 96 31 0 0
117 95 31 0 0
118 95 32 0 0
119 96 32 0 0
120 95 32 0 0
121 96 32 0 0
122 95 32 0 0
123 95 33 0 0
124 96 33 0 0
125 95 33 0 0
126 95 34 0 0
127 96 34 0 0
128 95 34 0 0
129 95 35 0 0
130 96 35 0 0
131 95 35 0 0
132 96 35 0 0
133 95 35 0 0
134 95 36 0 0
135 96 36 0 0
136 95 36 0 0
137 96 36 0 0
138 95 36 0 0
139 95 37 0 0
140 96 37 0 0
141 95 37 0 0
142 95 38 0 0
143 96 38 0 0
144 95 38 0 0
145 96 38 0 0
146 95 38 0 0
147 95 39 0 0
148 96 39 0 0
149 95 39 0 0
150 96 39 0 0
151 95 39 0 0
152 95 40 0 0
153 96 40 0 0
154 95 40 0 0
155 95 41 0 0
156 96 41 0 0
157 95 41 0 0
158 96 41 0 0
159 95 41 0 0
160 95 42 0 0
161 96 42 0 0
162 95 42 0 0
163 96 42 0 0
164 95 42 0 0
165 95 43 0 0
166 96 43 0 0
167 95 43 0 0
168 96 43 0 0
169 95 43 0 0
170 95 44 0 0
171 96 44 0 0
172 95 44 0 0
173 95 45 0 0
174 96 45 0 0
175 97 45 0 0
176 96 45 0 0
177 96 46 0 0
178 97 46 0 0
179 96 46 0 0
180 97 46 0 0
181 96 46 0 0
182 96 47 0 0
183 97 47 0 0
184 96 47 0 0
185 97 47 0 0
186 96 47 0 0
187 96 48 0 0
188 97 48 0 0
189 96 48 0 0
190 96 49 0 0
191 97 49 0 0
192 96 49 0 0
193 96 50 0 0
194 97 50 0 0
195 96 50 0 0
196 97 50 0 0
197 96 50 0 0
198 96 51 0 0
199 97 51 0 0
200 96 51 0 0
201 96 52 0 0
202 97 52 0 0
203 96 52 0 0
204 97 52 0 0
205 96 52 0 0
206 96 53 0 0
207 97 53 0 0
208 96 53 0 0
209 97 53 0 0
210 96 53 0 0
211 96 54 0 0
212 97 54 0 0
213 96 54 0 0
214 97 54 0 0
215 96 54 0 0
216 96 55 0 0
217 97 55 0 0
218 96 55 0 0
219 96 56 0 0
220 97 56 0 0
221 96 56 0 0
222 97 56 0 0
223 96 56 0 0
224 96 57 0 0
225 97 57 0 0
226 96 57 0 0
227 97 57 0 0
228 96 57 0 0
229 96 58 0 0
230 97 58 0 0
231 96 58 0 0
232 97 58 0 0
233 96 58 0 0
234 96 59 0 0
235 97 59 0 0
236 96 59 0 0
237 96 60 0 0
238 97 60 0 0
239 98 60 0 0
240 97 60 0 0
241 97 61 0 0
242 98 61 0 0
243 97 61 0 0
244 98 61 0 0
245 97 61 0 0
246 97 62 0 0
247 98 62 0 0
248 97 62 0 0
249 98 62 0 0
250 97 62 0 0
251 97 63 0 0
252 98 63 0 0
253 97 63 0 0
254 97 64 0 0
255 98 64 0 0
256 97 64 0 0
257 98 64 0 0
258 97 64 0 0
259 97 65 0 0
260 98 65 0 0
261 97 65 0 0
262 98 65 0 0
263 97 65 0 0
264 97 66 0 0
265 98 66 0 0
266 98 67 0 0
267 99 67 0 0
268 98 67 0 0
269 99 67 0 0
270 98 67 0 0
271 98 68 0 0
272 99 68 0 0
273 98 68 0 0
274 99 68 0 0
275 98 68 0 0
276 98 69 0 0
277 99 69 0 0
278 98 69 0 0
279 99 69 0 0
280 98 69 0 0
281 98 70 0 0
282 99 70 0 0
283 98 70 0 0
284 98 71 0 0
285 99 71 0 0
286 98 71 0 0
287 99 71 0 0
288 99 72 0 0
289 100 72 0 0
290 99 72 0 0
291 100 72 0 0
292 99 72 0 0
293 99 73 0 0
294 100 73 0 0
295 99 73 0 0
296 100 73 0 0
297 99 73 0 0
298 99 74 0 0
299 100 74 0 0
300 99 74 0 0
301 99 75 0 0
302 100 75 0 0
303 101 75 0 0
304 100 75 0 0
305 100 76 0 0
306 101 76 0 0
307 100 76 0 0
308 101 76 0 0
309 100 76 0 0
310 100 77 0 0
311 101 77 0 0
312 100 77 0 0
313 101 77 0 0
314 100 77 0 0
315 100 78 0 0
316 101 78 0 0
317 100 78 0 0
318 100 79 0 0
319 101 79 0 0
320 100 79 0 0
321 101 79 0 0
322 100 79 0 0
323 100 80 0 0
324 101 80 0 0
325 102 80 0 0
326 101 80 0 0
327 101 81 0 0
328 102 81 0 0
329 101 81 0 0
330 101 82 0 0
331 102 82 0 0
332 101 82 0 0
333 102 82 0 0
334 101 82 0 0
335 101 83 0 0
336 102 83 0 0
337 101 83 0 0
338 102 83 0 0
339 103 83 0 0
340 102 83 0 0
341 102 84 0 0
342 103 84 0 0
343 102 84 0 0
344 103 84 0 0
345 102 84 0 0
346 102 85 0 0
347 103 85 0 0
348 102 85 0 0
349 102 86 0 0
350 103 86 0 0
351 102 86 0 0
352 103 86 0 0
353 102 86 0 0
354 102 87 0 0
355 103 87 0 0
356 102 87 0 0
357 103 87 0 0
358 102 87 0 0
359 102 88 0 0
360 103 88 0 0
361 104 88 0 0
362 103 88 0 0
363 103 89 0 0
364 104 89 0 0
365 103 89 0 0
366 103 90 0 0
367 104 90 0 0
368 103 90 0 0
369 104 90 0 0
370 103 90 0 0
371 103 91 0 0
372 104 91 0 0
373 103 91 0 0
374 104 91 0 0
375 103 91 0 0
376 103 92 0 0
377 104 92 0 0
378 103 92 0 0
379 104 92 0 0
380 103 92 0 0
381 103 93 0 0
382 104 93 0 0
383 104 94 0 0
384 105 94 0 0
385 104 94 0 0
386 105 94 0 0
387 104 94 0 0
388 104 95 0 0
389 105 95 0 0
390 104 95 0 0
391 105 95 0 0
392 104 95 0 0
393 104 96 0 0
394 105 96 0 0
395 104 96 0 0
396 105 96 0 0
397 104 96 0 0
398 104 97 0 0
399 105 97 0 0
400 105 98 0 0
401 106 98 0 0
402 105 98 0 0
403 106 98 0 0
404 105 98 0 0
405 105 99 0 0
406 106 99 0 0
407 105 99 0 0
408 106 99 0 0
409 105 99 0 0
410 105 100 0 0
411 106 100 0 0
412 105 100 0 0
413 106 100 0 0
414 105 100 0 0
415 105 101 0 0
416 106 101 0 0
417 105 101 0 0
418 105 102 0 0
419 106 102 0 0
420 107 102 0 0
421 106 102 0 0
422 106 103 0 0
423 107 103 0 0
424 106 103 0 0
425 107 103 0 0
426 106 103 0 0
427 107 103 0 0
428 106 103 0 0
429 106 104 0 0
430 107 104 0 0
431 106 104 0 0
432 106 105 0 0
433 107 105 0 0
434 106 105 0 0
435 107 105 0 0
436 106 105 0 0
437 106 106 0 0
438 107 106 0 0
439 106 106 0 0
440 107 106 0 0
441 106 106 0 0
442 106 107 0 0
443 107 107 0 0
444 106 107 0 0
445 107 107 0 0
446 106 107 0 0
447 106 108 0 0
448 107 108 0 0
449 106 108 0 0
450 106 109 0 0
451 107 109 0 0
452 106 109 0 0
453 107 109 0 0
454 106 109 0 0
455 107 109 0 0
456 106 109 0 0
457 106 110 0 0
458 107 110 0 0
459 106 110 0 0
460 107 110 0 0
461 106 110 0 0
462 106 111 0 0
463 107 111 0 0
464 106 111 0 0
465 106 112 0 0
466 107 112 0 0
467 106 112 0 0
468 107 112 0 0
469 106 112 0 0
470 106 113 0 0
471 107 113 0 0
472 106 113 0 0
473 107 113 0 0
474 106 113 0 0
475 106 114 0 0
476 107 114 0 0
477 106 114 0 0
478 107 114 0 0
479 106 114 0 0
480 106 115 0 0
481 107 115 0 0
482 106 115 0 0
483 105 115 0 0
484 106 115 0 0
485 105 115 0 0
486 105 116 0 0
487 106 116 0 0
488 105 116 0 0
489 105 117 0 0
490 106 117 0 0
491 105 117 0 0
492 106 117 0 0
493 105 117 0 0
494 105 118 0 0
495 106 118 0 0
496 105 118 0 0
497 106 118 0 0
498 105 118 0 0
499 105 119 0 0
500 106 119 0 0
501 105 119 0 0
502 105 120 0 0
503 106 120 0 0
504 105 120 0 0
505 106 120 0 0
506 105 120 0 0
507 105 121 0 0
508 106 121 0 0
509 105 121 0 0
510 106 121 0 0
511 105 121 0 0
512 106 121 0 0
513 105 121 0 0
514 105 122 0 0
515 106 122 0 0
516 105 122 0 0
517 106 122 0 0
518 105 122 0 0
519 105 123 0 0
520 106 123 0 0
521 105 123 0 0
522 105 124 0 0
523 106 124 0 0
524 105 124 0 0
525 106 124 0 0
526 105 124 0 0
527 105 125 0 0
528 106 125 0 0
529 105 125 0 0
530 106 125 0 0
531 105 125 0 0
532 105 126 0 0
533 106 126 0 0
534 105 126 0 0
535 106 126 0 0
536 105 126 0 0
537 106 126 0 0
538 105 126 0 0
539 105 127 0 0
540 106 127 0 0
541 105 127 0 0
542 105 128 0 0
543 106 128 0 0
544 105 128 0 0
545 106 128 0 0
546 105 128 0 0
547 105 129 0 0
548 106 129 0 0
549 105 129 0 0
550 106 129 0 0
551 105 129 0 0
552 105 130 0 0
553 106 130 0 0
554 105 130 0 0
555 105 131 0 0
556 106 131 0 0
557 105 131 0 0
558 106 131 0 0
559 105 131 0 0
560 105 132 0 0
561 106 132 0 0
562 105 132 0 0
563 106 132 0 0
564 105 132 0 0
565 105 133 0 0
566 106 133 0 0
567 105 133 0 0
568 106 133 0 0
569 105 133 0 0
570 106 133 0 0
571 105 133 0 0
572 105 134 0 0
573 106 134 0 0
574 105 134 0 0
575 105 135 0 0
576 106 135 0 0
577 105 135 0 0
578 106 135 0 0
579 105 135 0 0
580 105 136 0 0
581 106 136 0 0
582 105 136 0 0
583 106 136 0 0
584 105 136 0 0
585 105 137 0 0
586 106 137 0 0
587 105 137 0 0
588 106 137 0 0
589 105 137 0 0
590 105 138 0 0
591 106 138 0 0
592 105 138 0 0
593 105 139 0 0
594 106 139 0 0
595 105 139 0 0
596 106 139 0 0
597 105 139 0 0
598 106 139 0 0
599 105 139 0 0
600 105 140 0 0
601 106 140 0 0
602 105 140 0 0
603 106 140 0 0
604 105 140 0 0
605 105 141 0 0
606 106 141 0 0
607 105 141 0 0
608 106 141 0 0
609 105 141 0 0
610 105 142 0 0
611 106 142 0 0
612 105 142 0 0
613 105 143 0 0
614 106 143 0 0
615 105 143 0 0
616 106 143 0 0
617 105 143 0 0
618 105 144 0 0
619 106 144 0 0
620 105 144 0 0
621 106 144 0 0
622 105 144 0 0
623 106 144 0 0
624 105 144 0 0
625 105 145 0 0
626 106 145 0 0
627 105 145 0 0
628 105 146 0 0
629 106 146 0 0
630 105 146 0 0
631 106 146 0 0
632 105 146 0 0
633 105 147 0 0
634 106 147 0 0
635 105 147 0 0
636 106 147 0 0
637 105 147 0 0
638 105 148 0 0
639 106 148 0 0
640 105 148 0 0
641 106 148 0 0
642 105 148 0 0
643 105 149 0 0
644 106 149 0 0
645 105 149 0 0
646 105 150 0 0
647 106 150 0 0
648 105 150 0 0
649 106 150 0 0
650 105 150 0 0
651 106 150 0 0
652 105 150 0 0
653 105 151 0 0
654 106 151 0 0
655 105 151 0 0
656 106 151 0 0
657 105 151 0 0
658 105 152 0 0
659 104 152 0 0
660 105 152 0 0
661 104 152 0 0
662 104 153 0 0
663 105 153 0 0
664 104 153 0 0
665 104 154 0 0
666 105 154 0 0
667 104 154 0 0
668 105 154 0 0
669 104 154 0 0
670 104 155 0 0
671 105 155 0 0
672 104 155 0 0
673 105 155 0 0
674 104 155 0 0
675 104 156 0 0
676 105 156 0 0
677 104 156 0 0
678 103 156 0 0
679 103 157 0 0
680 104 157 0 0
681 103 157 0 0
682 103 158 0 0
683 104 158 0 0
684 103 158 0 0
685 104 158 0 0
686 103 158 0 0
687 103 159 0 0
688 104 159 0 0
689 103 159 0 0
690 104 159 0 0
691 103 159 0 0
692 103 160 0 0
693 104 160 0 0
694 103 160 0 0
695 103 161 0 0
696 104 161 0 0
697 103 161 0 0
698 104 161 0 0
699 103 161 0 0
700 103 162 0 0
701 104 162 0 0
702 103 162 0 0
703 102 162 0 0
704 102 163 0 0
705 103 163 0 0
706 102 163 0 0
707 103 163 0 0
708 102 163 0 0
709 102 164 0 0
710 103 164 0 0
711 102 164 0 0
712 102 165 0 0
713 103 165 0 0
714 102 165 0 0
715 103 165 0 0
716 102 165 0 0
717 102 166 0 0
718 103 166 0 0
719 102 166 0 0
720 103 166 0 0
721 102 166 0 0
722 102 167 0 0
723 103 167 0 0
724 102 167 0 0
725 103 167 0 0
726 102 167 0 0
727 102 168 0 0
728 101 168 0 0
729 101 169 0 0
730 102 169 0 0
731 101 169 0 0
732 102 169 0 0
733 101 169 0 0
734 101 170 0 0
735 102 170 0 0
736 101 170 0 0
737 102 170 0 0
738 101 170 0 0
739 102 170 0 0
740 101 170 0 0
741 101 171 0 0
742 102 171 0 0
743 101 171 0 0
744 100 171 0 0
745 100 172 0 0
746 101 172 0 0
747 100 172 0 0
748 100 173 0 0
749 101 173 0 0
750 100 173 0 0
751 101 173 0 0
752 100 173 0 0
753 100 174 0 0
754 101 174 0 0
755 100 174 0 0
756 101 174 0 0
757 100 174 0 0
758 100 175 0 0
759 101 175 0 0
760 100 175 0 0
761 100 176 0 0
762 101 176 0 0
763 100 176 0 0
764 101 176 0 0
765 100 176 0 0
766 100 177 0 0
767 101 177 0 0
768 100 177 0 0
769 99 177 0 0
770 99 178 0 0
771 100 178 0 0
772 99 178 0 0
773 100 178 0 0
774 99 178 0 0
775 99 179 0 0
776 100 179 0 0
777 99 179 0 0
778 99 180 0 0
779 100 180 0 0
780 99 180 0 0
781 100 180 0 0
782 99 180 0 0
783 99 181 0 0
784 100 181 0 0
785 99 181 0 0
786 100 181 0 0
787 99 181 0 0
788 99 182 0 0
789 98 182 0 0
790 99 182 0 0
791 98 182 0 0
792 98 183 0 0
793 99 183 0 0
794 98 183 0 0
795 98 184 0 0
796 99 184 0 0
797 98 184 0 0
798 99 184 0 0
799 98 184 0 0
800 98 185 0 0
801 99 185 0 0
802 98 185 0 0
803 99 185 0 0
804 98 185 0 0
805 98 186 0 0
806 99 186 0 0
807 98 186 0 0
808 98 187 0 0
809 99 187 0 0
810 98 187 0 0
811 99 187 0 0
812 98 187 0 0
813 98 188 0 0
814 97 188 0 0
815 98 188 0 0
816 97 188 0 0
817 97 189 0 0
818 98 189 0 0
819 97 189 0 0
820 98 189 0 0
821 97 189 0 0
822 98 189 0 0
823 97 189 0 0
824 97 190 0 0
825 97 191 0 0
826 98 191 0 0
827 97 191 0 0
828 98 191 0 0
829 97 191 0 0
830 97 192 0 0
831 98 192 0 0
832 97 192 0 0
833 98 192 0 0
834 97 192 0 0
835 97 193 0 0
836 98 193 0 0
837 97 193 0 0
838 98 193 0 0
839 97 193 0 0
840 97 194 0 0
841 98 194 0 0
842 97 194 0 0
843 97 195 0 0
844 98 195 0 0
845 97 195 0 0
846 98 195 0 0
847 97 195 0 0
848 97 196 0 0
849 98 196 0 0
850 97 196 0 0
851 98 196 0 0
852 97 196 0 0
853 97 197 0 0
854 96 197 0 0
855 97 197 0 0
856 96 197 0 0
857 96 198 0 0
858 97 198 0 0
859 96 198 0 0
860 96 199 0 0
861 97 199 0 0
862 96 199 0 0
863 97 199 0 0
864 96 199 0 0
865 96 200 0 0
866 97 200 0 0
867 96 200 0 0
868 97 200 0 0
869 96 200 0 0
870 96 201 0 0
871 97 201 0 0
872 96 201 0 0
873 97 201 0 0
874 96 201 0 0
875 96 202 0 0
876 97 202 0 0
877 96 202 0 0
878 96 203 0 0
879 97 203 0 0
880 96 203 0 0
881 97 203 0 0
882 96 203 0 0
883 96 204 0 0
884 97 204 0 0
885 96 204 0 0
886 97 204 0 0
887 96 204 0 0
888 96 205 0 0
889 97 205 0 0
890 96 205 0 0
891 96 206 0 0
892 97 206 0 0
893 96 206 0 0
894 97 206 0 0
895 96 206 0 0
896 96 207 0 0
897 97 207 0 0
898 96 207 0 0
899 97 207 0 0
900 96 207 0 0
901 96 208 0 0
902 97 208 0 0
903 96 208 0 0
904 97 208 0 0
905 96 208 0 0
906 96 209 0 0
907 97 209 0 0
908 96 209 0 0
909 96 210 0 0
910 97 210 0 0
911 96 210 0 0
912 97 210 0 0
913 96 210 0 0
914 96 211 0 0
915 97 211 0 0
916 96 211 0 0
917 97 211 0 0
918 96 211 0 0
919 96 212 0 0
920 97 212 0 0
921 96 212 0 0
922 97 212 0 0
923 96 212 0 0
924 96 213 0 0
925 97 213 0 0
926 96 213 0 0
927 96 214 0 0
928 97 214 0 0
929 96 214 0 0
930 97 214 0 0
931 96 214 0 0
932 96 215 0 0
933 97 215 0 0
934 96 215 0 0
935 97 215 0 0
936 96 215 0 0
937 96 216 0 0
938 97 216 0 0
939 96 216 0 0
940 97 216 0 0
941 96 216 0 0
942 96 217 0 0
943 97 217 0 0
944 96 217 0 0
945 96 218 0 0
946 97 218 0 0
947 96 218 0 0
948 97 218 0 0
949 96 218 0 0
950 96 219 0 0
951 97 219 0 0
952 96 219 0 0
953 97 219 0 0
954 96 219 0 0
955 96 220 0 0
956 97 220 0 0
957 96 220 0 0
958 97 220 0 0
959 96 220 0 0
960 96 221 0 0
961 97 221 0 0
962 96 221 0 0
963 96 222 0 0
964 97 222 0 0
965 96 222 0 0
