0 2 98 0 0
1 3 98 0 0
2 2 98 0 0
3 3 98 0 0
4 2 98 0 0
5 3 98 0 0
6 4 98 0 0
7 3 98 0 0
8 4 98 0 0
9 3 98 0 0
10 4 98 0 0
11 5 98 0 0
12 4 98 0 0
13 5 98 0 0
14 6 98 0 0
15 5 98 0 0
16 6 98 0 0
17 5 98 0 0
18 6 98 0 0
19 7 98 0 0
20 6 98 0 0
21 7 98 0 0
22 6 98 0 0
23 7 98 0 0
24 8 98 0 0
25 7 98 0 0
26 8 98 0 0
27 9 98 0 0
28 8 98 0 0
29 9 98 0 0
30 8 98 0 0
31 9 98 0 0
32 10 98 0 0
33 9 98 0 0
34 9 99 0 0
35 10 99 0 0
36 11 99 0 0
37 10 99 0 0
38 11 99 0 0
39 10 99 0 0
40 11 99 0 0
41 12 99 0 0
42 11 99 0 0
43 12 99 0 0
44 13 99 0 0
45 12 99 0 0
46 13 99 0 0
47 12 99 0 0
48 13 99 0 0
49 14 99 0 0
50 13 99 0 0
51 14 99 0 0
52 13 99 0 0
53 14 99 0 0
54 15 99 0 0
55 14 99 0 0
56 15 99 0 0
57 16 99 0 0
58 15 99 0 0
59 16 99 0 0
60 15 99 0 0
61 16 99 0 0
62 17 99 0 0
63 16 99 0 0
64 17 99 0 0
65 18 99 0 0
66 17 99 0 0
67 17 100 0 0
68 18 100 0 0
69 17 100 0 0
70 18 100 0 0
71 19 100 0 0
72 18 100 0 0
73 19 100 0 0
74 18 100 0 0
75 19 100 0 0
76 20 100 0 0
77 19 100 0 0
78 20 100 0 0
79 19 100 0 0
80 20 100 0 0
81 21 100 0 0
82 20 100 0 0
83 21 100 0 0
84 20 100 0 0
85 21 100 0 0
86 22 100 0 0
87 21 100 0 0
88 22 100 0 0
89 23 100 0 0
90 22 100 0 0
91 23 100 0 0
92 22 100 0 0
93 23 100 0 0
94 24 100 0 0
95 23 100 0 0
96 24 100 0 0
97 23 100 0 0
98 24 100 0 0
99 25 100 0 0
100 24 100 0 0
101 24 101 0 0
102 25 101 0 0
103 26 101 0 0
104 25 101 0 0
105 26 101 0 0
106 25 101 0 0
107 26 101 0 0
108 27 101 0 0
109 26 101 0 0
110 27 101 0 0
111 26 101 0 0
112 27 101 0 0
113 28 101 0 0
114 27 101 0 0
115 28 101 0 0
116 29 101 0 0
117 28 101 0 0
118 29 101 0 0
119 28 101 0 0
120 29 101 0 0
121 28 101 0 0
122 29 101 0 0
123 30 101 0 0
124 29 101 0 0
125 30 101 0 0
126 31 101 0 0
127 30 101 0 0
128 31 101 0 0
129 30 101 0 0
130 31 101 0 0
131 30 101 0 0
132 31 101 0 0
133 32 101 0 0
134 31 101 0 0
135 32 101 0 0
136 33 101 0 0
137 32 101 0 0
138 33 101 0 0
139 32 101 0 0
140 33 101 0 0
141 32 101 0 0
142 33 101 0 0
143 34 101 0 0
144 33 101 0 0
145 34 101 0 0
146 33 101 0 0
147 34 101 0 0
148 35 101 0 0
149 34 101 0 0
150 35 101 0 0
151 34 101 0 0
152 35 101 0 0
153 36 101 0 0
154 35 101 0 0
155 36 101 0 0
156 35 101 0 0
157 36 101 0 0
158 37 101 0 0
159 36 101 0 0
160 37 101 0 0
161 36 101 0 0
162 37 101 0 0
163 38 101 0 0
164 37 101 0 0
165 38 101 0 0
166 37 101 0 0
167 38 101 0 0
168 38 102 0 0
169 39 102 0 0
170 38 102 0 0
171 39 102 0 0
172 38 102 0 0
173 39 102 0 0
174 38 102 0 0
175 39 102 0 0
176 40 102 0 0
177 39 102 0 0
178 40 102 0 0
179 39 102 0 0
180 40 102 0 0
181 41 102 0 0
182 40 102 0 0
183 41 102 0 0
184 40 102 0 0
185 41 102 0 0
186 42 102 0 0
187 41 102 0 0
188 42 102 0 0
189 41 102 0 0
190 42 102 0 0
191 43 102 0 0
192 42 102 0 0
193 43 102 0 0
194 42 102 0 0
195 43 102 0 0
196 42 102 0 0
197 43 102 0 0
198 44 102 0 0
199 43 102 0 0
200 44 102 0 0
201 43 102 0 0
202 44 102 0 0
203 45 102 0 0
204 44 102 0 0
205 45 102 0 0
206 44 102 0 0
207 45 102 0 0
208 46 102 0 0
209 45 102 0 0
210 46 102 0 0
211 45 102 0 0
212 46 102 0 0
213 45 102 0 0
214 46 102 0 0
215 47 102 0 0
216 46 102 0 0
217 47 102 0 0
218 46 102 0 0
219 47 102 0 0
220 48 102 0 0
221 47 102 0 0
222 48 102 0 0
223 47 102 0 0
224 48 102 0 0
225 49 102 0 0
226 48 102 0 0
227 49 102 0 0
228 48 102 0 0
229 49 102 0 0
230 48 102 0 0
231 49 102 0 0
232 50 102 0 0
233 49 102 0 0
234 50 102 0 0
235 51 102 0 0
236 50 102 0 0
237 51 102 0 0
238 50 102 0 0
239 51 102 0 0
240 50 102 0 0
241 51 102 0 0
242 52 102 0 0
243 51 102 0 0
244 52 102 0 0
245 53 102 0 0
246 52 102 0 0
247 53 102 0 0
248 52 102 0 0
249 53 102 0 0
250 52 102 0 0
251 53 102 0 0
252 54 102 0 0
253 53 102 0 0
254 54 102 0 0
255 53 102 0 0
256 54 102 0 0
257 55 102 0 0
258 54 102 0 0
259 55 102 0 0
260 54 102 0 0
261 55 102 0 0
262 56 102 0 0
263 55 102 0 0
264 56 102 0 0
265 55 102 0 0
266 56 102 0 0
267 55 102 0 0
268 56 102 0 0
269 57 102 0 0
270 56 102 0 0
271 57 102 0 0
272 58 102 0 0
273 57 102 0 0
274 58 102 0 0
275 57 102 0 0
276 58 102 0 0
277 57 102 0 0
278 58 102 0 0
279 59 102 0 0
280 58 102 0 0
281 59 102 0 0
282 58 102 0 0
283 59 102 0 0
284 58 102 0 0
285 59 102 0 0
286 60 102 0 0
287 59 102 0 0
288 60 102 0 0
289 59 102 0 0
290 60 102 0 0
291 61 102 0 0
292 60 102 0 0
293 61 102 0 0
294 60 102 0 0
295 61 102 0 0
296 60 102 0 0
297 61 102 0 0
298 62 102 0 0
299 61 102 0 0
300 62 102 0 0
301 61 102 0 0
302 62 102 0 0
303 63 102 0 0
304 62 102 0 0
305 63 102 0 0
306 62 102 0 0
307 63 102 0 0
308 62 102 0 0
309 63 102 0 0
310 64 102 0 0
311 63 102 0 0
312 64 102 0 0
313 63 102 0 0
314 64 102 0 0
315 63 102 0 0
316 64 102 0 0
317 65 102 0 0
318 64 102 0 0
319 65 102 0 0
320 64 102 0 0
321 65 102 0 0
322 64 102 0 0
323 65 102 0 0
324 66 102 0 0
325 65 102 0 0
326 66 102 0 0
327 65 102 0 0
328 66 102 0 0
329 65 102 0 0
330 66 102 0 0
331 67 102 0 0
332 66 102 0 0
333 67 102 0 0
334 66 102 0 0
335 66 101 0 0
336 67 101 0 0
337 66 101 0 0
338 67 101 0 0
339 66 101 0 0
340 67 101 0 0
341 68 101 0 0
342 67 101 0 0
343 68 101 0 0
344 67 101 0 0
345 68 101 0 0
346 67 101 0 0
347 68 101 0 0
348 68 100 0 0
349 69 100 0 0
350 68 100 0 0
351 69 100 0 0
352 68 100 0 0
353 69 100 0 0
354 68 100 0 0
355 69 100 0 0
356 68 100 0 0
357 69 100 0 0
358 70 100 0 0
359 69 100 0 0
360 70 100 0 0
361 69 100 0 0
362 70 100 0 0
363 70 99 0 0
364 71 99 0 0
365 70 99 0 0
366 71 99 0 0
367 70 99 0 0
368 71 99 0 0
369 70 99 0 0
370 71 99 0 0
371 70 99 0 0
372 71 99 0 0
373 72 99 0 0
374 71 99 0 0
375 72 99 0 0
376 71 99 0 0
377 71 98 0 0
378 72 98 0 0
379 71 98 0 0
380 72 98 0 0
381 73 98 0 0
382 72 98 0 0
383 73 98 0 0
384 72 98 0 0
385 73 98 0 0
386 72 98 0 0
387 73 98 0 0
388 73 97 0 0
389 74 97 0 0
390 73 97 0 0
391 74 97 0 0
392 73 97 0 0
393 74 97 0 0
394 73 97 0 0
395 74 97 0 0
396 75 97 0 0
397 74 97 0 0
398 75 97 0 0
399 74 97 0 0
400 74 96 0 0
401 75 96 0 0
402 74 96 0 0
403 75 96 0 0
404 76 96 0 0
405 75 96 0 0
406 76 96 0 0
407 75 96 0 0
408 76 96 0 0
409 75 96 0 0
410 76 96 0 0
411 76 95 0 0
412 77 95 0 0
413 76 95 0 0
414 77 95 0 0
415 76 95 0 0
416 77 95 0 0
417 76 95 0 0
418 77 95 0 0
419 78 95 0 0
420 77 95 0 0
421 78 95 0 0
422 77 95 0 0
423 77 94 0 0
424 78 94 0 0
425 77 94 0 0
426 78 94 0 0
427 79 94 0 0
428 78 94 0 0
429 79 94 0 0
430 78 94 0 0
431 79 94 0 0
432 78 94 0 0
433 79 94 0 0
434 79 93 0 0
435 80 93 0 0
436 79 93 0 0
437 80 93 0 0
438 79 93 0 0
439 80 93 0 0
440 79 93 0 0
441 80 93 0 0
442 81 93 0 0
443 80 93 0 0
444 80 92 0 0
445 81 92 0 0
446 80 92 0 0
447 81 92 0 0
448 80 92 0 0
449 81 92 0 0
450 82 92 0 0
451 81 92 0 0
452 82 92 0 0
453 81 92 0 0
454 81 91 0 0
455 82 91 0 0
456 83 91 0 0
457 82 91 0 0
458 83 91 0 0
459 82 91 0 0
460 83 91 0 0
461 82 91 0 0
462 83 91 0 0
463 83 90 0 0
464 84 90 0 0
465 83 90 0 0
466 84 90 0 0
467 83 90 0 0
468 84 90 0 0
469 83 90 0 0
470 84 90 0 0
471 85 90 0 0
472 84 90 0 0
473 84 89 0 0
474 85 89 0 0
475 84 89 0 0
476 85 89 0 0
477 86 89 0 0
478 85 89 0 0
479 86 89 0 0
480 85 89 0 0
481 86 89 0 0
482 85 89 0 0
483 85 88 0 0
484 86 88 0 0
485 87 88 0 0
486 86 88 0 0
487 87 88 0 0
488 86 88 0 0
489 87 88 0 0
490 86 88 0 0
491 87 88 0 0
492 87 87 0 0
493 88 87 0 0
494 87 87 0 0
495 88 87 0 0
496 87 87 0 0
497 88 87 0 0
498 89 87 0 0
499 88 87 0 0
500 89 87 0 0
501 88 87 0 0
502 89 87 0 0
503 88 87 0 0
504 89 87 0 0
505 90 87 0 0
506 89 87 0 0
507 90 87 0 0
508 89 87 0 0
509 90 87 0 0
510 91 87 0 0
511 90 87 0 0
512 91 87 0 0
513 90 87 0 0
514 91 87 0 0
515 90 87 0 0
516 91 87 0 0
517 92 87 0 0
518 91 87 0 0
519 92 87 0 0
520 93 87 0 0
521 92 87 0 0
522 93 87 0 0
523 92 87 0 0
524 93 87 0 0
525 92 87 0 0
526 93 87 0 0
527 93 86 0 0
528 94 86 0 0
529 93 86 0 0
530 94 86 0 0
531 93 86 0 0
532 94 86 0 0
533 93 86 0 0
534 94 86 0 0
535 95 86 0 0
536 94 86 0 0
537 95 86 0 0
538 94 86 0 0
539 95 86 0 0
540 96 86 0 0
541 95 86 0 0
542 96 86 0 0
543 95 86 0 0
544 96 86 0 0
545 97 86 0 0
546 96 86 0 0
547 97 86 0 0
548 96 86 0 0
549 97 86 0 0
550 98 86 0 0
551 97 86 0 0
552 98 86 0 0
553 97 86 0 0
554 98 86 0 0
555 99 86 0 0
556 98 86 0 0
557 98 87 0 0
558 99 87 0 0
559 98 87 0 0
560 99 87 0 0
561 98 87 0 0
562 99 87 0 0
563 100 87 0 0
564 99 87 0 0
565 100 87 0 0
566 101 87 0 0
567 100 87 0 0
568 101 87 0 0
569 100 87 0 0
570 101 87 0 0
571 102 87 0 0
572 101 87 0 0
573 102 87 0 0
574 101 87 0 0
575 102 87 0 0
576 103 87 0 0
577 102 87 0 0
578 102 88 0 0
579 103 88 0 0
580 102 88 0 0
581 103 88 0 0
582 104 88 0 0
583 103 88 0 0
584 104 88 0 0
585 103 88 0 0
586 104 88 0 0
587 103 88 0 0
588 104 88 0 0
589 105 88 0 0
590 104 88 0 0
591 105 88 0 0
592 106 88 0 0
593 105 88 0 0
594 106 88 0 0
595 105 88 0 0
596 106 88 0 0
597 107 88 0 0
598 106 88 0 0
599 106 89 0 0
600 107 89 0 0
601 106 89 0 0
602 107 89 0 0
603 106 89 0 0
604 107 89 0 0
605 108 89 0 0
606 107 89 0 0
607 108 89 0 0
608 107 89 0 0
609 108 89 0 0
610 109 89 0 0
611 108 89 0 0
612 109 89 0 0
613 108 89 0 0
614 109 89 0 0
615 110 89 0 0
616 109 89 0 0
617 109 90 0 0
618 110 90 0 0
619 109 90 0 0
620 110 90 0 0
621 111 90 0 0
622 110 90 0 0
623 111 90 0 0
624 110 90 0 0
625 111 90 0 0
626 110 90 0 0
627 111 90 0 0
628 112 90 0 0
629 111 90 0 0
630 112 90 0 0
631 111 90 0 0
632 112 90 0 0
633 113 90 0 0
634 112 90 0 0
635 112 91 0 0
636 113 91 0 0
637 112 91 0 0
638 113 91 0 0
639 114 91 0 0
640 113 91 0 0
641 114 91 0 0
642 113 91 0 0
643 114 91 0 0
644 113 91 0 0
645 114 91 0 0
646 115 91 0 0
647 114 91 0 0
648 115 91 0 0
649 114 91 0 0
650 115 91 0 0
651 116 91 0 0
652 115 91 0 0
653 115 92 0 0
654 116 92 0 0
655 115 92 0 0
656 116 92 0 0
657 117 92 0 0
658 116 92 0 0
659 117 92 0 0
660 118 92 0 0
661 117 92 0 0
662 118 92 0 0
663 117 92 0 0
664 118 92 0 0
665 117 92 0 0
666 118 92 0 0
667 119 92 0 0
668 118 92 0 0
669 119 92 0 0
670 118 92 0 0
671 118 93 0 0
672 119 93 0 0
673 120 93 0 0
674 119 93 0 0
675 120 93 0 0
676 119 93 0 0
677 120 93 0 0
678 121 93 0 0
679 120 93 0 0
680 121 93 0 0
681 120 93 0 0
682 121 93 0 0
683 122 93 0 0
684 121 93 0 0
685 122 93 0 0
686 123 93 0 0
687 122 93 0 0
688 122 94 0 0
689 123 94 0 0
690 122 94 0 0
691 123 94 0 0
692 122 94 0 0
693 123 94 0 0
694 124 94 0 0
695 123 94 0 0
696 124 94 0 0
697 123 94 0 0
698 124 94 0 0
699 125 94 0 0
700 124 94 0 0
701 125 94 0 0
702 124 94 0 0
703 125 94 0 0
704 126 94 0 0
705 125 94 0 0
706 125 95 0 0
707 126 95 0 0
708 125 95 0 0
709 126 95 0 0
710 127 95 0 0
711 126 95 0 0
712 127 95 0 0
713 126 95 0 0
714 127 95 0 0
715 128 95 0 0
716 127 95 0 0
717 128 95 0 0
718 129 95 0 0
719 128 95 0 0
720 129 95 0 0
721 128 95 0 0
722 129 95 0 0
723 128 95 0 0
724 128 96 0 0
725 129 96 0 0
726 130 96 0 0
727 129 96 0 0
728 130 96 0 0
729 131 96 0 0
730 130 96 0 0
731 131 96 0 0
732 130 96 0 0
733 131 96 0 0
734 132 96 0 0
735 131 96 0 0
736 132 96 0 0
737 133 96 0 0
738 132 96 0 0
739 133 96 0 0
740 132 96 0 0
741 132 97 0 0
742 133 97 0 0
743 132 97 0 0
744 133 97 0 0
745 134 97 0 0
746 133 97 0 0
747 134 97 0 0
748 133 97 0 0
749 134 97 0 0
750 135 97 0 0
751 134 97 0 0
752 135 97 0 0
753 136 97 0 0
754 135 97 0 0
755 136 97 0 0
756 135 97 0 0
757 136 97 0 0
758 136 98 0 0
759 137 98 0 0
760 136 98 0 0
761 137 98 0 0
762 136 98 0 0
763 137 98 0 0
764 138 98 0 0
765 137 98 0 0
766 138 98 0 0
767 137 98 0 0
768 138 98 0 0
769 139 98 0 0
770 138 98 0 0
771 139 98 0 0
772 138 98 0 0
773 139 98 0 0
774 140 98 0 0
775 139 98 0 0
776 140 98 0 0
777 139 98 0 0
778 140 98 0 0
779 141 98 0 0
780 140 98 0 0
781 141 98 0 0
782 140 98 0 0
783 141 98 0 0
784 142 98 0 0
785 141 98 0 0
786 142 98 0 0
787 143 98 0 0
788 142 98 0 0
789 143 98 0 0
790 142 98 0 0
791 143 98 0 0
792 142 98 0 0
793 143 98 0 0
794 144 98 0 0
795 143 98 0 0
796 144 98 0 0
797 143 98 0 0
798 144 98 0 0
799 145 98 0 0
800 144 98 0 0
801 145 98 0 0
802 146 98 0 0
803 145 98 0 0
804 146 98 0 0
805 145 98 0 0
806 146 98 0 0
807 147 98 0 0
808 146 98 0 0
809 146 99 0 0
810 147 99 0 0
811 146 99 0 0
812 147 99 0 0
813 146 99 0 0
814 147 99 0 0
815 148 99 0 0
816 147 99 0 0
817 148 99 0 0
818 149 99 0 0
819 148 99 0 0
820 149 99 0 0
821 148 99 0 0
822 149 99 0 0
823 150 99 0 0
824 149 99 0 0
825 150 99 0 0
826 149 99 0 0
827 150 99 0 0
828 151 99 0 0
829 150 99 0 0
830 151 99 0 0
831 150 99 0 0
832 151 99 0 0
833 152 99 0 0
834 151 99 0 0
835 152 99 0 0
836 153 99 0 0
837 152 99 0 0
838 153 99 0 0
839 152 99 0 0
840 153 99 0 0
841 154 99 0 0
842 153 99 0 0
843 154 99 0 0
844 153 99 0 0
845 154 99 0 0
846 155 99 0 0
847 154 99 0 0
848 155 99 0 0
849 154 99 0 0
850 155 99 0 0
851 156 99 0 0
852 155 99 0 0
853 156 99 0 0
854 155 99 0 0
855 156 99 0 0
856 157 99 0 0
857 156 99 0 0
858 157 99 0 0
859 158 99 0 0
860 157 99 0 0
861 158 99 0 0
862 157 99 0 0
863 158 99 0 0
864 159 99 0 0
865 158 99 0 0
866 159 99 0 0
867 158 99 0 0
868 159 99 0 0
869 160 99 0 0
870 159 99 0 0
871 160 99 0 0
872 161 99 0 0
873 160 99 0 0
874 161 99 0 0
875 160 99 0 0
876 161 99 0 0
877 162 99 0 0
878 161 99 0 0
879 161 100 0 0
880 162 100 0 0
881 163 100 0 0
882 162 100 0 0
883 163 100 0 0
884 162 100 0 0
885 163 100 0 0
886 164 100 0 0
887 163 100 0 0
888 164 100 0 0
889 163 100 0 0
890 164 100 0 0
891 163 100 0 0
892 164 100 0 0
893 165 100 0 0
894 164 100 0 0
895 165 100 0 0
896 166 100 0 0
897 165 100 0 0
898 166 100 0 0
899 165 100 0 0
900 166 100 0 0
901 165 100 0 0
902 166 100 0 0
903 167 100 0 0
904 166 100 0 0
905 167 100 0 0
906 168 100 0 0
907 167 100 0 0
908 168 100 0 0
909 167 100 0 0
910 168 100 0 0
911 169 100 0 0
912 168 100 0 0
913 169 100 0 0
914 168 100 0 0
915 169 100 0 0
916 168 100 0 0
917 169 100 0 0
918 170 100 0 0
919 169 100 0 0
920 170 100 0 0
921 171 100 0 0
922 170 100 0 0
923 171 100 0 0
924 170 100 0 0
925 171 100 0 0
926 170 100 0 0
927 171 100 0 0
928 172 100 0 0
929 171 100 0 0
930 172 100 0 0
931 171 100 0 0
932 172 100 0 0
933 173 100 0 0
934 172 100 0 0
935 173 100 0 0
936 174 100 0 0
937 173 100 0 0
938 174 100 0 0
939 173 100 0 0
940 174 100 0 0
941 175 100 0 0
942 174 100 0 0
943 175 100 0 0
944 176 100 0 0
945 175 100 0 0
946 176 100 0 0
947 175 100 0 0
948 176 100 0 0
949 177 100 0 0
950 176 100 0 0
951 177 100 0 0
952 178 100 0 0
953 177 100 0 0
954 178 100 0 0
955 177 100 0 0
956 178 100 0 0
957 179 100 0 0
958 178 100 0 0
959 179 100 0 0
960 179 99 0 0
961 180 99 0 0
962 179 99 0 0
963 179 100 0 0
964 180 100 0 0
965 179 100 0 0
966 180 100 0 0
967 181 100 0 0
968 180 100 0 0
969 181 100 0 0
970 180 100 0 0
971 181 100 0 0
972 180 100 0 0
973 181 100 0 0
974 182 100 0 0
975 181 100 0 0
976 182 100 0 0
977 183 100 0 0
978 182 100 0 0
979 183 100 0 0
980 182 100 0 0
981 183 100 0 0
982 182 100 0 0
983 183 100 0 0
984 184 100 0 0
985 183 100 0 0
986 184 100 0 0
987 183 100 0 0
988 184 100 0 0
989 185 100 0 0
990 184 100 0 0
991 185 100 0 0
992 184 100 0 0
993 185 100 0 0
994 186 100 0 0
995 185 100 0 0
996 186 100 0 0
997 185 100 0 0
998 186 100 0 0
999 187 100 0 0
1000 186 100 0 0
1001 187 100 0 0
1002 188 100 0 0
1003 187 100 0 0
1004 188 100 0 0
1005 189 100 0 0
1006 188 100 0 0
1007 189 100 0 0
1008 188 100 0 0
1009 189 100 0 0
1010 190 100 0 0
1011 189 100 0 0
1012 190 100 0 0
1013 191 100 0 0
1014 190 100 0 0
1015 191 100 0 0
1016 190 100 0 0
1017 191 100 0 0
1018 192 100 0 0
1019 191 100 0 0
1020 192 100 0 0
1021 193 100 0 0
1022 192 100 0 0
1023 193 100 0 0
1024 194 100 0 0
1025 193 100 0 0
1026 194 100 0 0
1027 193 100 0 0
1028 194 100 0 0
1029 193 100 0 0
1030 193 101 0 0
1031 194 101 0 0
1032 195 101 0 0
1033 194 101 0 0
1034 195 101 0 0
1035 194 101 0 0
1036 195 101 0 0
1037 194 101 0 0
1038 195 101 0 0
1039 194 101 0 0
1040 195 101 0 0
1041 194 101 0 0
1042 195 101 0 0
