0 3 95 0 0
1 4 95 0 0
2 3 95 0 0
3 4 95 0 0
4 5 95 0 0
5 4 95 0 0
6 5 95 0 0
7 6 95 0 0
8 5 95 0 0
9 6 95 0 0
10 5 95 0 0
11 6 95 0 0
12 7 95 0 0
13 6 95 0 0
14 7 95 0 0
15 6 95 0 0
16 7 95 0 0
17 8 95 0 0
18 7 95 0 0
19 8 95 0 0
20 9 95 0 0
21 8 95 0 0
22 9 95 0 0
23 8 95 0 0
24 9 95 0 0
25 10 95 0 0
26 9 95 0 0
27 10 95 0 0
28 11 95 0 0
29 10 95 0 0
30 11 95 0 0
31 10 95 0 0
32 11 95 0 0
33 12 95 0 0
34 11 95 0 0
35 12 95 0 0
36 13 95 0 0
37 12 95 0 0
38 13 95 0 0
39 12 95 0 0
40 13 95 0 0
41 14 95 0 0
42 13 95 0 0
43 14 95 0 0
44 13 95 0 0
45 14 95 0 0
46 15 95 0 0
47 14 95 0 0
48 15 95 0 0
49 16 95 0 0
50 15 95 0 0
51 16 95 0 0
52 15 95 0 0
53 16 95 0 0
54 16 96 0 0
55 17 96 0 0
56 16 96 0 0
57 17 96 0 0
58 16 96 0 0
59 17 96 0 0
60 18 96 0 0
61 17 96 0 0
62 18 96 0 0
63 19 96 0 0
64 18 96 0 0
65 19 96 0 0
66 18 96 0 0
67 19 96 0 0
68 20 96 0 0
69 19 96 0 0
70 20 96 0 0
71 21 96 0 0
72 20 96 0 0
73 21 96 0 0
74 20 96 0 0
75 21 96 0 0
76 22 96 0 0
77 21 96 0 0
78 22 96 0 0
79 23 96 0 0
80 22 96 0 0
81 23 96 0 0
82 22 96 0 0
83 23 96 0 0
84 24 96 0 0
85 23 96 0 0
86 24 96 0 0
87 23 96 0 0
88 24 96 0 0
89 25 96 0 0
90 24 96 0 0
91 25 96 0 0
92 26 96 0 0
93 25 96 0 0
94 26 96 0 0
95 25 96 0 0
96 26 96 0 0
97 27 96 0 0
98 26 96 0 0
99 27 96 0 0
100 26 96 0 0
101 27 96 0 0
102 28 96 0 0
103 27 96 0 0
104 28 96 0 0
105 27 96 0 0
106 28 96 0 0
107 29 96 0 0
108 28 96 0 0
109 28 95 0 0
110 29 95 0 0
111 28 95 0 0
112 29 95 0 0
113 30 95 0 0
114 29 95 0 0
115 30 95 0 0
116 31 95 0 0
117 30 95 0 0
118 31 95 0 0
119 30 95 0 0
120 31 95 0 0
121 32 95 0 0
122 31 95 0 0
123 32 95 0 0
124 33 95 0 0
125 32 95 0 0
126 33 95 0 0
127 32 95 0 0
128 33 95 0 0
129 34 95 0 0
130 33 95 0 0
131 34 95 0 0
132 33 95 0 0
133 34 95 0 0
134 35 95 0 0
135 34 95 0 0
136 35 95 0 0
137 34 95 0 0
138 35 95 0 0
139 36 95 0 0
140 35 95 0 0
141 36 95 0 0
142 35 95 0 0
143 36 95 0 0
144 37 95 0 0
145 36 95 0 0
146 37 95 0 0
147 36 95 0 0
148 37 95 0 0
149 38 95 0 0
150 37 95 0 0
151 38 95 0 0
152 39 95 0 0
153 38 95 0 0
154 39 95 0 0
155 38 95 0 0
156 39 95 0 0
157 40 95 0 0
158 39 95 0 0
159 40 95 0 0
160 41 95 0 0
161 40 95 0 0
162 41 95 0 0
163 40 95 0 0
164 40 94 0 0
165 41 94 0 0
166 42 94 0 0
167 41 94 0 0
168 42 94 0 0
169 41 94 0 0
170 42 94 0 0
171 43 94 0 0
172 42 94 0 0
173 43 94 0 0
174 42 94 0 0
175 43 94 0 0
176 44 94 0 0
177 43 94 0 0
178 44 94 0 0
179 43 94 0 0
180 44 94 0 0
181 43 94 0 0
182 44 94 0 0
183 45 94 0 0
184 44 94 0 0
185 45 94 0 0
186 46 94 0 0
187 45 94 0 0
188 46 94 0 0
189 45 94 0 0
190 46 94 0 0
191 45 94 0 0
192 46 94 0 0
193 47 94 0 0
194 46 94 0 0
195 47 94 0 0
196 46 94 0 0
197 47 94 0 0
198 48 94 0 0
199 47 94 0 0
200 48 94 0 0
201 49 94 0 0
202 48 94 0 0
203 49 94 0 0
204 48 94 0 0
205 49 94 0 0
206 48 94 0 0
207 49 94 0 0
208 50 94 0 0
209 49 94 0 0
210 50 94 0 0
211 51 94 0 0
212 50 94 0 0
213 51 94 0 0
214 50 94 0 0
215 51 94 0 0
216 50 94 0 0
217 51 94 0 0
218 52 94 0 0
219 51 94 0 0
220 52 94 0 0
221 53 94 0 0
222 52 94 0 0
223 53 94 0 0
224 52 94 0 0
225 53 94 0 0
226 52 94 0 0
227 53 94 0 0
228 54 94 0 0
229 53 94 0 0
230 54 94 0 0
231 53 94 0 0
232 54 94 0 0
233 55 94 0 0
234 54 94 0 0
235 55 94 0 0
236 54 94 0 0
237 55 94 0 0
238 56 94 0 0
239 55 94 0 0
240 56 94 0 0
241 55 94 0 0
242 56 94 0 0
243 57 94 0 0
244 56 94 0 0
245 57 94 0 0
246 56 94 0 0
247 57 94 0 0
248 58 94 0 0
249 57 94 0 0
250 58 94 0 0
251 57 94 0 0
252 58 94 0 0
253 59 94 0 0
254 58 94 0 0
255 59 94 0 0
256 58 94 0 0
257 59 94 0 0
258 60 94 0 0
259 59 94 0 0
260 60 94 0 0
261 59 94 0 0
262 60 94 0 0
263 61 94 0 0
264 60 94 0 0
265 61 94 0 0
266 60 94 0 0
267 61 94 0 0
268 62 94 0 0
269 61 94 0 0
270 62 94 0 0
271 63 94 0 0
272 62 94 0 0
273 63 94 0 0
274 62 94 0 0
275 63 94 0 0
276 64 94 0 0
277 63 94 0 0
278 64 94 0 0
279 63 94 0 0
280 64 94 0 0
281 65 94 0 0
282 64 94 0 0
283 65 94 0 0
284 64 94 0 0
285 65 94 0 0
286 66 94 0 0
287 65 94 0 0
288 66 94 0 0
289 65 94 0 0
290 65 93 0 0
291 66 93 0 0
292 67 93 0 0
293 66 93 0 0
294 67 93 0 0
295 66 93 0 0
296 67 93 0 0
297 68 93 0 0
298 67 93 0 0
299 68 93 0 0
300 69 93 0 0
301 68 93 0 0
302 69 93 0 0
303 68 93 0 0
304 69 93 0 0
305 70 93 0 0
306 69 93 0 0
307 70 93 0 0
308 69 93 0 0
309 70 93 0 0
310 71 93 0 0
311 70 93 0 0
312 71 93 0 0
313 70 93 0 0
314 71 93 0 0
315 72 93 0 0
316 71 93 0 0
317 72 93 0 0
318 73 93 0 0
319 72 93 0 0
320 73 93 0 0
321 72 93 0 0
322 73 93 0 0
323 72 93 0 0
324 72 92 0 0
325 73 92 0 0
326 74 92 0 0
327 73 92 0 0
328 74 92 0 0
329 73 92 0 0
330 74 92 0 0
331 73 92 0 0
332 74 92 0 0
333 75 92 0 0
334 74 92 0 0
335 75 92 0 0
336 74 92 0 0
337 75 92 0 0
338 76 92 0 0
339 75 92 0 0
340 76 92 0 0
341 75 92 0 0
342 75 91 0 0
343 76 91 0 0
344 75 91 0 0
345 76 91 0 0
346 77 91 0 0
347 76 91 0 0
348 77 91 0 0
349 76 91 0 0
350 77 91 0 0
351 76 91 0 0
352 77 91 0 0
353 78 91 0 0
354 77 91 0 0
355 78 91 0 0
356 77 91 0 0
357 78 91 0 0
358 79 91 0 0
359 78 91 0 0
360 78 90 0 0
361 79 90 0 0
362 78 90 0 0
363 79 90 0 0
364 78 90 0 0
365 79 90 0 0
366 80 90 0 0
367 79 90 0 0
368 80 90 0 0
369 79 90 0 0
370 80 90 0 0
371 81 90 0 0
372 80 90 0 0
373 81 90 0 0
374 80 90 0 0
375 81 90 0 0
376 80 90 0 0
377 81 90 0 0
378 81 89 0 0
379 82 89 0 0
380 81 89 0 0
381 82 89 0 0
382 81 89 0 0
383 82 89 0 0
384 83 89 0 0
385 82 89 0 0
386 83 89 0 0
387 82 89 0 0
388 83 89 0 0
389 82 89 0 0
390 83 89 0 0
391 84 89 0 0
392 83 89 0 0
393 84 89 0 0
394 83 89 0 0
395 84 89 0 0
396 83 89 0 0
397 83 88 0 0
398 84 88 0 0
399 85 88 0 0
400 84 88 0 0
401 85 88 0 0
402 84 88 0 0
403 85 88 0 0
404 86 88 0 0
405 85 88 0 0
406 86 88 0 0
407 85 88 0 0
408 86 88 0 0
409 85 88 0 0
410 86 88 0 0
411 87 88 0 0
412 86 88 0 0
413 86 87 0 0
414 87 87 0 0
415 86 87 0 0
416 87 87 0 0
417 86 87 0 0
418 87 87 0 0
419 86 87 0 0
420 87 87 0 0
421 86 87 0 0
422 87 87 0 0
423 88 87 0 0
424 87 87 0 0
425 87 86 0 0
426 88 86 0 0
427 87 86 0 0
428 88 86 0 0
429 87 86 0 0
430 88 86 0 0
431 89 86 0 0
432 88 86 0 0
433 89 86 0 0
434 88 86 0 0
435 89 86 0 0
436 88 86 0 0
437 89 86 0 0
438 88 86 0 0
439 88 85 0 0
440 89 85 0 0
441 88 85 0 0
442 89 85 0 0
443 90 85 0 0
444 89 85 0 0
445 90 85 0 0
446 89 85 0 0
447 90 85 0 0
448 89 85 0 0
449 90 85 0 0
450 91 85 0 0
451 90 85 0 0
452 90 84 0 0
453 91 84 0 0
454 90 84 0 0
455 91 84 0 0
456 90 84 0 0
457 91 84 0 0
458 90 84 0 0
459 91 84 0 0
460 92 84 0 0
461 91 84 0 0
462 92 84 0 0
463 91 84 0 0
464 91 83 0 0
465 92 83 0 0
466 91 83 0 0
467 92 83 0 0
468 91 83 0 0
469 92 83 0 0
470 93 83 0 0
471 92 83 0 0
472 93 83 0 0
473 92 83 0 0
474 93 83 0 0
475 92 83 0 0
476 93 83 0 0
477 92 83 0 0
478 92 82 0 0
479 93 82 0 0
480 94 82 0 0
481 93 82 0 0
482 94 82 0 0
483 93 82 0 0
484 94 82 0 0
485 93 82 0 0
486 94 82 0 0
487 93 82 0 0
488 94 82 0 0
489 93 82 0 0
490 94 82 0 0
491 94 81 0 0
492 95 81 0 0
493 94 81 0 0
494 95 81 0 0
495 94 81 0 0
496 95 81 0 0
497 94 81 0 0
498 95 81 0 0
499 96 81 0 0
500 95 81 0 0
501 96 81 0 0
502 95 81 0 0
503 95 80 0 0
504 96 80 0 0
505 95 80 0 0
506 96 80 0 0
507 95 80 0 0
508 96 80 0 0
509 95 80 0 0
510 96 80 0 0
511 97 80 0 0
512 96 80 0 0
513 97 80 0 0
514 96 80 0 0
515 97 80 0 0
516 96 80 0 0
517 96 79 0 0
518 97 79 0 0
519 96 79 0 0
520 97 79 0 0
521 98 79 0 0
522 97 79 0 0
523 98 79 0 0
524 97 79 0 0
525 98 79 0 0
526 99 79 0 0
527 98 79 0 0
528 99 79 0 0
529 98 79 0 0
530 99 79 0 0
531 98 79 0 0
532 99 79 0 0
533 100 79 0 0
534 99 79 0 0
535 100 79 0 0
536 101 79 0 0
537 100 79 0 0
538 101 79 0 0
539 100 79 0 0
540 101 79 0 0
541 100 79 0 0
542 101 79 0 0
543 102 79 0 0
544 101 79 0 0
545 102 79 0 0
546 103 79 0 0
547 102 79 0 0
548 103 79 0 0
549 102 79 0 0
550 103 79 0 0
551 102 79 0 0
552 103 79 0 0
553 104 79 0 0
554 103 79 0 0
555 104 79 0 0
556 103 79 0 0
557 104 79 0 0
558 103 79 0 0
559 104 79 0 0
560 105 79 0 0
561 104 79 0 0
562 105 79 0 0
563 104 79 0 0
564 104 80 0 0
565 105 80 0 0
566 106 80 0 0
567 105 80 0 0
568 106 80 0 0
569 105 80 0 0
570 106 80 0 0
571 105 80 0 0
572 106 80 0 0
573 107 80 0 0
574 106 80 0 0
575 107 80 0 0
576 106 80 0 0
577 107 80 0 0
578 106 80 0 0
579 106 81 0 0
580 107 81 0 0
581 108 81 0 0
582 107 81 0 0
583 108 81 0 0
584 107 81 0 0
585 108 81 0 0
586 107 81 0 0
587 108 81 0 0
588 109 81 0 0
589 108 81 0 0
590 109 81 0 0
591 108 81 0 0
592 108 82 0 0
593 109 82 0 0
594 108 82 0 0
595 109 82 0 0
596 110 82 0 0
597 109 82 0 0
598 110 82 0 0
599 109 82 0 0
600 110 82 0 0
601 111 82 0 0
602 110 82 0 0
603 111 82 0 0
604 110 82 0 0
605 111 82 0 0
606 110 82 0 0
607 110 83 0 0
608 111 83 0 0
609 112 83 0 0
610 111 83 0 0
611 112 83 0 0
612 111 83 0 0
613 112 83 0 0
614 111 83 0 0
615 112 83 0 0
616 113 83 0 0
617 112 83 0 0
618 113 83 0 0
619 112 83 0 0
620 113 83 0 0
621 112 83 0 0
622 113 83 0 0
623 112 83 0 0
624 113 83 0 0
625 114 83 0 0
626 113 83 0 0
627 114 83 0 0
628 113 83 0 0
629 114 83 0 0
630 113 83 0 0
631 114 83 0 0
632 114 84 0 0
633 115 84 0 0
634 114 84 0 0
635 115 84 0 0
636 114 84 0 0
637 115 84 0 0
638 114 84 0 0
639 115 84 0 0
640 114 84 0 0
641 115 84 0 0
642 116 84 0 0
643 115 84 0 0
644 116 84 0 0
645 115 84 0 0
646 116 84 0 0
647 115 84 0 0
648 116 84 0 0
649 117 84 0 0
650 116 84 0 0
651 117 84 0 0
652 116 84 0 0
653 117 84 0 0
654 116 84 0 0
655 117 84 0 0
656 118 84 0 0
657 117 84 0 0
658 118 84 0 0
659 117 84 0 0
660 118 84 0 0
661 117 84 0 0
662 118 84 0 0
663 117 84 0 0
664 118 84 0 0
665 117 84 0 0
666 118 84 0 0
667 119 84 0 0
668 118 84 0 0
669 118 85 0 0
670 119 85 0 0
671 118 85 0 0
672 119 85 0 0
673 118 85 0 0
674 119 85 0 0
675 120 85 0 0
676 119 85 0 0
677 119 86 0 0
678 120 86 0 0
679 119 86 0 0
680 120 86 0 0
681 119 86 0 0
682 120 86 0 0
683 119 86 0 0
684 120 86 0 0
685 121 86 0 0
686 120 86 0 0
687 120 87 0 0
688 121 87 0 0
689 120 87 0 0
690 121 87 0 0
691 120 87 0 0
692 121 87 0 0
693 122 87 0 0
694 121 87 0 0
695 122 87 0 0
696 121 87 0 0
697 121 88 0 0
698 122 88 0 0
699 121 88 0 0
700 122 88 0 0
701 123 88 0 0
702 122 88 0 0
703 123 88 0 0
704 122 88 0 0
705 122 89 0 0
706 123 89 0 0
707 122 89 0 0
708 123 89 0 0
709 122 89 0 0
710 123 89 0 0
711 124 89 0 0
712 123 89 0 0
713 124 89 0 0
714 123 89 0 0
715 123 90 0 0
716 124 90 0 0
717 123 90 0 0
718 124 90 0 0
719 123 90 0 0
720 124 90 0 0
721 125 90 0 0
722 124 90 0 0
723 125 90 0 0
724 124 90 0 0
725 124 91 0 0
726 125 91 0 0
727 124 91 0 0
728 125 91 0 0
729 126 91 0 0
730 125 91 0 0
731 126 91 0 0
732 125 91 0 0
733 125 92 0 0
734 126 92 0 0
735 125 92 0 0
736 126 92 0 0
737 125 92 0 0
738 126 92 0 0
739 127 92 0 0
740 126 92 0 0
741 127 92 0 0
742 126 92 0 0
743 126 93 0 0
744 127 93 0 0
745 126 93 0 0
746 127 93 0 0
747 128 93 0 0
748 127 93 0 0
749 128 93 0 0
750 129 93 0 0
751 128 93 0 0
752 129 93 0 0
753 129 94 0 0
754 130 94 0 0
755 129 94 0 0
756 130 94 0 0
757 131 94 0 0
758 130 94 0 0
759 131 94 0 0
760 132 94 0 0
761 131 94 0 0
762 132 94 0 0
763 133 94 0 0
764 132 94 0 0
765 132 95 0 0
766 133 95 0 0
767 132 95 0 0
768 133 95 0 0
769 134 95 0 0
770 133 95 0 0
771 134 95 0 0
772 135 95 0 0
773 134 95 0 0
774 135 95 0 0
775 134 95 0 0
776 135 95 0 0
777 136 95 0 0
778 135 95 0 0
779 136 95 0 0
780 135 95 0 0
781 136 95 0 0
782 137 95 0 0
783 136 95 0 0
784 137 95 0 0
785 136 95 0 0
786 137 95 0 0
787 138 95 0 0
788 137 95 0 0
789 138 95 0 0
790 137 95 0 0
791 138 95 0 0
792 139 95 0 0
793 138 95 0 0
794 139 95 0 0
795 138 95 0 0
796 139 95 0 0
797 140 95 0 0
798 139 95 0 0
799 140 95 0 0
800 139 95 0 0
801 140 95 0 0
802 141 95 0 0
803 140 95 0 0
804 141 95 0 0
805 140 95 0 0
806 141 95 0 0
807 140 95 0 0
808 141 95 0 0
809 140 95 0 0
810 141 95 0 0
811 142 95 0 0
812 141 95 0 0
813 141 96 0 0
814 142 96 0 0
815 141 96 0 0
816 142 96 0 0
817 141 96 0 0
818 142 96 0 0
819 143 96 0 0
820 142 96 0 0
821 143 96 0 0
822 142 96 0 0
823 143 96 0 0
824 142 96 0 0
825 143 96 0 0
826 142 96 0 0
827 143 96 0 0
828 144 96 0 0
829 143 96 0 0
830 144 96 0 0
831 143 96 0 0
832 144 96 0 0
833 143 96 0 0
834 144 96 0 0
835 144 97 0 0
836 145 97 0 0
837 144 97 0 0
838 145 97 0 0
839 144 97 0 0
840 145 97 0 0
841 146 97 0 0
842 145 97 0 0
843 146 97 0 0
844 145 97 0 0
845 146 97 0 0
846 147 97 0 0
847 146 97 0 0
848 147 97 0 0
849 146 97 0 0
850 147 97 0 0
851 148 97 0 0
852 147 97 0 0
853 148 97 0 0
854 147 97 0 0
855 148 97 0 0
856 149 97 0 0
857 148 97 0 0
858 149 97 0 0
859 148 97 0 0
860 149 97 0 0
861 150 97 0 0
862 149 97 0 0
863 150 97 0 0
864 149 97 0 0
865 150 97 0 0
866 151 97 0 0
867 150 97 0 0
868 151 97 0 0
869 150 97 0 0
870 151 97 0 0
871 152 97 0 0
872 151 97 0 0
873 152 97 0 0
874 151 97 0 0
875 152 97 0 0
876 153 97 0 0
877 152 97 0 0
878 153 97 0 0
879 152 97 0 0
880 153 97 0 0
881 154 97 0 0
882 153 97 0 0
883 154 97 0 0
884 153 97 0 0
885 154 97 0 0
886 155 97 0 0
887 154 97 0 0
888 155 97 0 0
889 154 97 0 0
890 155 97 0 0
891 156 97 0 0
892 155 97 0 0
893 156 97 0 0
894 155 97 0 0
895 156 97 0 0
896 157 97 0 0
897 156 97 0 0
898 157 97 0 0
899 156 97 0 0
900 157 97 0 0
901 158 97 0 0
902 157 97 0 0
903 158 97 0 0
904 157 97 0 0
905 158 97 0 0
906 159 97 0 0
907 158 97 0 0
908 159 97 0 0
909 160 97 0 0
910 159 97 0 0
911 160 97 0 0
912 159 97 0 0
913 160 97 0 0
914 161 97 0 0
915 160 97 0 0
916 161 97 0 0
917 162 97 0 0
918 161 97 0 0
919 162 97 0 0
920 161 97 0 0
921 162 97 0 0
922 163 97 0 0
923 162 97 0 0
924 163 97 0 0
925 164 97 0 0
926 163 97 0 0
927 164 97 0 0
928 163 97 0 0
929 164 97 0 0
930 165 97 0 0
931 164 97 0 0
932 165 97 0 0
933 166 97 0 0
934 165 97 0 0
935 166 97 0 0
936 165 97 0 0
937 166 97 0 0
938 167 97 0 0
939 166 97 0 0
940 167 97 0 0
941 166 97 0 0
942 167 97 0 0
943 168 97 0 0
944 167 97 0 0
945 168 97 0 0
946 169 97 0 0
947 168 97 0 0
948 169 97 0 0
949 168 97 0 0
950 169 97 0 0
951 170 97 0 0
952 169 97 0 0
953 170 97 0 0
954 171 97 0 0
955 170 97 0 0
956 171 97 0 0
957 170 97 0 0
958 171 97 0 0
959 172 97 0 0
960 171 97 0 0
961 172 97 0 0
962 173 97 0 0
963 172 97 0 0
964 173 97 0 0
965 172 97 0 0
966 172 96 0 0
967 173 96 0 0
968 174 96 0 0
969 173 96 0 0
970 174 96 0 0
971 173 96 0 0
972 174 96 0 0
973 173 96 0 0
974 174 96 0 0
975 175 96 0 0
976 174 96 0 0
977 175 96 0 0
978 174 96 0 0
979 175 96 0 0
980 176 96 0 0
981 175 96 0 0
982 176 96 0 0
983 175 96 0 0
984 176 96 0 0
985 177 96 0 0
986 176 96 0 0
987 177 96 0 0
988 176 96 0 0
989 177 96 0 0
990 178 96 0 0
991 177 96 0 0
992 178 96 0 0
993 179 96 0 0
994 178 96 0 0
995 179 96 0 0
996 180 96 0 0
997 179 96 0 0
998 180 96 0 0
999 181 96 0 0
1000 180 96 0 0
1001 181 96 0 0
1002 180 96 0 0
1003 181 96 0 0
1004 182 96 0 0
1005 181 96 0 0
1006 182 96 0 0
1007 183 96 0 0
1008 182 96 0 0
1009 183 96 0 0
1010 184 96 0 0
1011 183 96 0 0
1012 184 96 0 0
1013 183 96 0 0
1014 184 96 0 0
1015 185 96 0 0
1016 184 96 0 0
1017 185 96 0 0
1018 186 96 0 0
1019 185 96 0 0
1020 186 96 0 0
1021 185 96 0 0
1022 186 96 0 0
1023 187 96 0 0
1024 186 96 0 0
1025 187 96 0 0
1026 188 96 0 0
1027 187 96 0 0
1028 188 96 0 0
1029 189 96 0 0
1030 188 96 0 0
1031 189 96 0 0
1032 188 96 0 0
1033 189 96 0 0
1034 190 96 0 0
1035 189 96 0 0
1036 190 96 0 0
1037 191 96 0 0
1038 190 96 0 0
1039 191 96 0 0
1040 190 96 0 0
1041 191 96 0 0
1042 192 96 0 0
1043 191 96 0 0
1044 192 96 0 0
1045 191 96 0 0
1046 192 96 0 0
1047 193 96 0 0
1048 192 96 0 0
1049 193 96 0 0
1050 192 96 0 0
1051 193 96 0 0
1052 194 96 0 0
1053 193 96 0 0
1054 194 96 0 0
1055 193 96 0 0
1056 194 96 0 0
1057 195 96 0 0
1058 194 96 0 0
1059 195 96 0 0
1060 194 96 0 0
1061 195 96 0 0
1062 194 96 0 0
1063 195 96 0 0
1064 194 96 0 0
1065 195 96 0 0
