0 88 236 0 0
1 89 236 0 0
2 88 236 0 0
3 88 235 0 0
4 89 235 0 0
5 88 235 0 0
6 89 235 0 0
7 88 235 0 0
8 89 235 0 0
9 88 235 0 0
10 88 234 0 0
11 89 234 0 0
12 88 234 0 0
13 89 234 0 0
14 88 234 0 0
15 89 234 0 0
16 88 234 0 0
17 88 233 0 0
18 89 233 0 0
19 88 233 0 0
20 89 233 0 0
21 88 233 0 0
22 89 233 0 0
23 88 233 0 0
24 88 232 0 0
25 89 232 0 0
26 88 232 0 0
27 89 232 0 0
28 88 232 0 0
29 89 232 0 0
30 88 232 0 0
31 88 231 0 0
32 89 231 0 0
33 88 231 0 0
34 89 231 0 0
35 88 231 0 0
36 89 231 0 0
37 88 231 0 0
38 88 230 0 0
39 89 230 0 0
40 88 230 0 0
41 89 230 0 0
42 88 230 0 0
43 89 230 0 0
44 88 230 0 0
45 88 229 0 0
46 89 229 0 0
47 88 229 0 0
48 89 229 0 0
49 88 229 0 0
50 89 229 0 0
51 88 229 0 0
52 88 228 0 0
53 89 228 0 0
54 88 228 0 0
55 89 228 0 0
56 88 228 0 0
57 89 228 0 0
58 88 228 0 0
59 88 227 0 0
60 89 227 0 0
61 88 227 0 0
62 89 227 0 0
63 88 227 0 0
64 89 227 0 0
65 88 227 0 0
66 89 227 0 0
67 88 227 0 0
68 88 226 0 0
69 89 226 0 0
70 88 226 0 0
71 89 226 0 0
72 88 226 0 0
73 89 226 0 0
74 88 226 0 0
75 88 225 0 0
76 89 225 0 0
77 88 225 0 0
78 89 225 0 0
79 88 225 0 0
80 89 225 0 0
81 88 225 0 0
82 88 224 0 0
83 89 224 0 0
84 88 224 0 0
85 89 224 0 0
86 88 224 0 0
87 89 224 0 0
88 88 224 0 0
89 88 223 0 0
90 89 223 0 0
91 88 223 0 0
92 89 223 0 0
93 88 223 0 0
94 89 223 0 0
95 88 223 0 0
96 88 222 0 0
97 89 222 0 0
98 88 222 0 0
99 89 222 0 0
100 88 222 0 0
101 89 222 0 0
102 88 222 0 0
103 88 221 0 0
104 89 221 0 0
105 88 221 0 0
106 89 221 0 0
107 88 221 0 0
108 89 221 0 0
109 88 221 0 0
110 88 220 0 0
111 89 220 0 0
112 88 220 0 0
113 89 220 0 0
114 88 220 0 0
115 89 220 0 0
116 88 220 0 0
117 88 219 0 0
118 89 219 0 0
119 88 219 0 0
120 89 219 0 0
121 88 219 0 0
122 89 219 0 0
123 88 219 0 0
124 88 218 0 0
125 89 218 0 0
126 88 218 0 0
127 89 218 0 0
128 88 218 0 0
129 89 218 0 0
130 88 218 0 0
131 88 217 0 0
132 89 217 0 0
133 88 217 0 0
134 89 217 0 0
135 88 217 0 0
136 89 217 0 0
137 88 217 0 0
138 88 216 0 0
139 89 216 0 0
140 88 216 0 0
141 89 216 0 0
142 88 216 0 0
143 89 216 0 0
144 88 216 0 0
145 88 215 0 0
146 89 215 0 0
147 88 215 0 0
148 89 215 0 0
149 88 215 0 0
150 89 215 0 0
151 88 215 0 0
152 88 214 0 0
153 89 214 0 0
154 88 214 0 0
155 89 214 0 0
156 88 214 0 0
157 89 214 0 0
158 89 213 0 0
159 90 213 0 0
160 89 213 0 0
161 90 213 0 0
162 89 213 0 0
163 90 213 0 0
164 89 213 0 0
165 89 212 0 0
166 90 212 0 0
167 89 212 0 0
168 90 212 0 0
169 89 212 0 0
170 90 212 0 0
171 89 212 0 0
172 89 211 0 0
173 90 211 0 0
174 89 211 0 0
175 90 211 0 0
176 89 211 0 0
177 90 211 0 0
178 89 211 0 0
179 90 211 0 0
180 89 211 0 0
181 89 210 0 0
182 90 210 0 0
183 89 210 0 0
184 90 210 0 0
185 89 210 0 0
186 90 210 0 0
187 89 210 0 0
188 89 209 0 0
189 90 209 0 0
190 89 209 0 0
191 90 209 0 0
192 89 209 0 0
193 90 209 0 0
194 89 209 0 0
195 89 208 0 0
196 90 208 0 0
197 89 208 0 0
198 90 208 0 0
199 89 208 0 0
200 90 208 0 0
201 89 208 0 0
202 89 207 0 0
203 90 207 0 0
204 89 207 0 0
205 90 207 0 0
206 89 207 0 0
207 90 207 0 0
208 89 207 0 0
209 89 206 0 0
210 90 206 0 0
211 89 206 0 0
212 90 206 0 0
213 89 206 0 0
214 90 206 0 0
215 89 206 0 0
216 89 205 0 0
217 90 205 0 0
218 89 205 0 0
219 90 205 0 0
220 89 205 0 0
221 90 205 0 0
222 89 205 0 0
223 89 204 0 0
224 90 204 0 0
225 89 204 0 0
226 90 204 0 0
227 89 204 0 0
228 90 204 0 0
229 89 204 0 0
230 89 203 0 0
231 90 203 0 0
232 89 203 0 0
233 90 203 0 0
234 89 203 0 0
235 90 203 0 0
236 89 203 0 0
237 89 202 0 0
238 90 202 0 0
239 89 202 0 0
240 90 202 0 0
241 89 202 0 0
242 90 202 0 0
243 89 202 0 0
244 89 201 0 0
245 90 201 0 0
246 89 201 0 0
247 90 201 0 0
248 89 201 0 0
249 89 200 0 0
250 90 200 0 0
251 89 200 0 0
252 90 200 0 0
253 91 200 0 0
254 90 200 0 0
255 91 200 0 0
256 90 200 0 0
257 90 199 0 0
258 91 199 0 0
259 90 199 0 0
260 91 199 0 0
261 90 199 0 0
262 90 198 0 0
263 91 198 0 0
264 90 198 0 0
265 91 198 0 0
266 90 198 0 0
267 91 198 0 0
268 90 198 0 0
269 90 197 0 0
270 91 197 0 0
271 90 197 0 0
272 91 197 0 0
273 90 197 0 0
274 91 197 0 0
275 90 197 0 0
276 90 196 0 0
277 91 196 0 0
278 90 196 0 0
279 91 196 0 0
280 90 196 0 0
281 91 196 0 0
282 90 196 0 0
283 91 196 0 0
284 90 196 0 0
285 90 195 0 0
286 91 195 0 0
287 90 195 0 0
288 91 195 0 0
289 90 195 0 0
290 91 195 0 0
291 90 195 0 0
292 90 194 0 0
293 91 194 0 0
294 90 194 0 0
295 91 194 0 0
296 90 194 0 0
297 91 194 0 0
298 90 194 0 0
299 90 193 0 0
300 91 193 0 0
301 90 193 0 0
302 91 193 0 0
303 90 193 0 0
304 90 192 0 0
305 91 192 0 0
306 90 192 0 0
307 91 192 0 0
308 90 192 0 0
309 91 192 0 0
310 90 192 0 0
311 90 191 0 0
312 91 191 0 0
313 90 191 0 0
314 91 191 0 0
315 90 191 0 0
316 90 190 0 0
317 91 190 0 0
318 90 190 0 0
319 91 190 0 0
320 90 190 0 0
321 91 190 0 0
322 90 190 0 0
323 91 190 0 0
324 90 190 0 0
325 90 189 0 0
326 91 189 0 0
327 90 189 0 0
328 91 189 0 0
329 90 189 0 0
330 90 188 0 0
331 91 188 0 0
332 90 188 0 0
333 91 188 0 0
334 90 188 0 0
335 91 188 0 0
336 90 188 0 0
337 90 187 0 0
338 91 187 0 0
339 90 187 0 0
340 91 187 0 0
341 90 187 0 0
342 91 187 0 0
343 90 187 0 0
344 90 186 0 0
345 91 186 0 0
346 90 186 0 0
347 91 186 0 0
348 90 186 0 0
349 91 186 0 0
350 90 186 0 0
351 90 185 0 0
352 91 185 0 0
353 90 185 0 0
354 91 185 0 0
355 90 185 0 0
356 90 184 0 0
357 91 184 0 0
358 90 184 0 0
359 91 184 0 0
360 90 184 0 0
361 91 184 0 0
362 90 184 0 0
363 90 183 0 0
364 91 183 0 0
365 90 183 0 0
366 91 183 0 0
367 90 183 0 0
368 91 183 0 0
369 90 183 0 0
370 90 182 0 0
371 91 182 0 0
372 90 182 0 0
373 91 182 0 0
374 90 182 0 0
375 91 182 0 0
376 90 182 0 0
377 90 181 0 0
378 91 181 0 0
379 90 181 0 0
380 91 181 0 0
381 90 181 0 0
382 91 181 0 0
383 90 181 0 0
384 90 180 0 0
385 91 180 0 0
386 90 180 0 0
387 91 180 0 0
388 90 180 0 0
389 90 179 0 0
390 91 179 0 0
391 90 179 0 0
392 91 179 0 0
393 90 179 0 0
394 91 179 0 0
395 90 179 0 0
396 90 178 0 0
397 91 178 0 0
398 90 178 0 0
399 91 178 0 0
400 90 178 0 0
401 91 178 0 0
402 90 178 0 0
403 90 177 0 0
404 91 177 0 0
405 90 177 0 0
406 91 177 0 0
407 90 177 0 0
408 91 177 0 0
409 90 177 0 0
410 90 176 0 0
411 91 176 0 0
412 90 176 0 0
413 91 176 0 0
414 90 176 0 0
415 90 175 0 0
416 91 175 0 0
417 90 175 0 0
418 91 175 0 0
419 90 175 0 0
420 91 175 0 0
421 90 175 0 0
422 90 174 0 0
423 91 174 0 0
424 90 174 0 0
425 91 174 0 0
426 90 174 0 0
427 89 174 0 0
428 89 173 0 0
429 90 173 0 0
430 89 173 0 0
431 90 173 0 0
432 89 173 0 0
433 90 173 0 0
434 89 173 0 0
435 89 172 0 0
436 90 172 0 0
437 89 172 0 0
438 90 172 0 0
439 89 172 0 0
440 89 171 0 0
441 90 171 0 0
442 89 171 0 0
443 90 171 0 0
444 89 171 0 0
445 90 171 0 0
446 89 171 0 0
447 89 170 0 0
448 90 170 0 0
449 89 170 0 0
450 90 170 0 0
451 89 170 0 0
452 90 170 0 0
453 89 170 0 0
454 89 169 0 0
455 90 169 0 0
456 89 169 0 0
457 90 169 0 0
458 89 169 0 0
459 90 169 0 0
460 89 169 0 0
461 89 168 0 0
462 90 168 0 0
463 89 168 0 0
464 90 168 0 0
465 89 168 0 0
466 89 167 0 0
467 90 167 0 0
468 89 167 0 0
469 90 167 0 0
470 89 167 0 0
471 90 167 0 0
472 89 167 0 0
473 89 166 0 0
474 90 166 0 0
475 89 166 0 0
476 90 166 0 0
477 89 166 0 0
478 90 166 0 0
479 89 166 0 0
480 89 165 0 0
481 90 165 0 0
482 89 165 0 0
483 90 165 0 0
484 89 165 0 0
485 90 165 0 0
486 89 165 0 0
487 89 164 0 0
488 90 164 0 0
489 89 164 0 0
490 90 164 0 0
491 89 164 0 0
492 89 163 0 0
493 90 163 0 0
494 89 163 0 0
495 90 163 0 0
496 89 163 0 0
497 90 163 0 0
498 89 163 0 0
499 89 162 0 0
500 90 162 0 0
501 89 162 0 0
502 90 162 0 0
503 89 162 0 0
504 90 162 0 0
505 89 162 0 0
506 89 161 0 0
507 90 161 0 0
508 89 161 0 0
509 90 161 0 0
510 89 161 0 0
511 90 161 0 0
512 89 161 0 0
513 89 160 0 0
514 90 160 0 0
515 89 160 0 0
516 90 160 0 0
517 89 160 0 0
518 90 160 0 0
519 89 160 0 0
520 89 159 0 0
521 90 159 0 0
522 89 159 0 0
523 90 159 0 0
524 89 159 0 0
525 89 158 0 0
526 90 158 0 0
527 89 158 0 0
528 90 158 0 0
529 89 158 0 0
530 90 158 0 0
531 89 158 0 0
532 89 157 0 0
533 90 157 0 0
534 89 157 0 0
535 90 157 0 0
536 89 157 0 0
537 90 157 0 0
538 89 157 0 0
539 89 156 0 0
540 90 156 0 0
541 89 156 0 0
542 90 156 0 0
543 89 156 0 0
544 90 156 0 0
545 89 156 0 0
546 89 155 0 0
547 90 155 0 0
548 89 155 0 0
549 90 155 0 0
550 89 155 0 0
551 89 154 0 0
552 90 154 0 0
553 89 154 0 0
554 90 154 0 0
555 89 154 0 0
556 90 154 0 0
557 89 154 0 0
558 89 153 0 0
559 90 153 0 0
560 89 153 0 0
561 90 153 0 0
562 89 153 0 0
563 90 153 0 0
564 89 153 0 0
565 89 152 0 0
566 90 152 0 0
567 89 152 0 0
568 90 152 0 0
569 89 152 0 0
570 90 152 0 0
571 89 152 0 0
572 89 151 0 0
573 90 151 0 0
574 89 151 0 0
575 90 151 0 0
576 89 151 0 0
577 89 150 0 0
578 90 150 0 0
579 89 150 0 0
580 90 150 0 0
581 89 150 0 0
582 90 150 0 0
583 89 150 0 0
584 89 149 0 0
585 90 149 0 0
586 89 149 0 0
587 90 149 0 0
588 89 149 0 0
589 90 149 0 0
590 89 149 0 0
591 89 148 0 0
592 90 148 0 0
593 89 148 0 0
594 90 148 0 0
595 89 148 0 0
596 90 148 0 0
597 89 148 0 0
598 89 147 0 0
599 90 147 0 0
600 89 147 0 0
601 90 147 0 0
602 89 147 0 0
603 89 146 0 0
604 90 146 0 0
605 89 146 0 0
606 90 146 0 0
607 89 146 0 0
608 90 146 0 0
609 89 146 0 0
610 89 145 0 0
611 90 145 0 0
612 89 145 0 0
613 90 145 0 0
614 89 145 0 0
615 90 145 0 0
616 89 145 0 0
617 89 144 0 0
618 90 144 0 0
619 89 144 0 0
620 90 144 0 0
621 89 144 0 0
622 90 144 0 0
623 89 144 0 0
624 89 143 0 0
625 90 143 0 0
626 89 143 0 0
627 90 143 0 0
628 89 143 0 0
629 90 143 0 0
630 89 143 0 0
631 90 143 0 0
632 89 143 0 0
633 89 142 0 0
634 90 142 0 0
635 89 142 0 0
636 89 141 0 0
637 90 141 0 0
638 89 141 0 0
639 90 141 0 0
640 89 141 0 0
641 90 141 0 0
642 89 141 0 0
643 89 140 0 0
644 90 140 0 0
645 89 140 0 0
646 90 140 0 0
647 89 140 0 0
648 90 140 0 0
649 89 140 0 0
650 90 140 0 0
651 89 140 0 0
652 89 139 0 0
653 90 139 0 0
654 89 139 0 0
655 90 139 0 0
656 89 139 0 0
657 89 138 0 0
658 90 138 0 0
659 89 138 0 0
660 90 138 0 0
661 89 138 0 0
662 89 137 0 0
663 90 137 0 0
664 89 137 0 0
665 90 137 0 0
666 89 137 0 0
667 90 137 0 0
668 89 137 0 0
669 89 136 0 0
670 90 136 0 0
671 89 136 0 0
672 90 136 0 0
673 89 136 0 0
674 90 136 0 0
675 89 136 0 0
676 90 136 0 0
677 89 136 0 0
678 89 135 0 0
679 90 135 0 0
680 89 135 0 0
681 90 135 0 0
682 89 135 0 0
683 90 135 0 0
684 89 135 0 0
685 89 134 0 0
686 90 134 0 0
687 89 134 0 0
688 90 134 0 0
689 89 134 0 0
690 90 134 0 0
691 89 134 0 0
692 89 133 0 0
693 90 133 0 0
694 89 133 0 0
695 90 133 0 0
696 89 133 0 0
697 89 132 0 0
698 90 132 0 0
699 89 132 0 0
700 90 132 0 0
701 89 132 0 0
702 90 132 0 0
703 89 132 0 0
704 89 131 0 0
705 90 131 0 0
706 89 131 0 0
707 88 131 0 0
708 88 130 0 0
709 89 130 0 0
710 88 130 0 0
711 89 130 0 0
712 88 130 0 0
713 88 129 0 0
714 89 129 0 0
715 88 129 0 0
716 89 129 0 0
717 88 129 0 0
718 89 129 0 0
719 88 129 0 0
720 89 129 0 0
721 88 129 0 0
722 88 128 0 0
723 89 128 0 0
724 88 128 0 0
725 89 128 0 0
726 88 128 0 0
727 89 128 0 0
728 88 128 0 0
729 88 127 0 0
730 89 127 0 0
731 88 127 0 0
732 89 127 0 0
733 88 127 0 0
734 88 126 0 0
735 89 126 0 0
736 88 126 0 0
737 87 126 0 0
738 88 126 0 0
739 87 126 0 0
740 87 125 0 0
741 88 125 0 0
742 87 125 0 0
743 88 125 0 0
744 87 125 0 0
745 88 125 0 0
746 87 125 0 0
747 87 124 0 0
748 88 124 0 0
749 87 124 0 0
750 88 124 0 0
751 87 124 0 0
752 87 123 0 0
753 88 123 0 0
754 87 123 0 0
755 88 123 0 0
756 87 123 0 0
757 88 123 0 0
758 87 123 0 0
759 87 122 0 0
760 88 122 0 0
761 87 122 0 0
762 88 122 0 0
763 87 122 0 0
764 87 121 0 0
765 88 121 0 0
766 87 121 0 0
767 86 121 0 0
768 87 121 0 0
769 86 121 0 0
770 86 120 0 0
771 87 120 0 0
772 86 120 0 0
773 87 120 0 0
774 86 120 0 0
775 86 119 0 0
776 87 119 0 0
777 86 119 0 0
778 87 119 0 0
779 86 119 0 0
780 86 118 0 0
781 87 118 0 0
782 86 118 0 0
783 85 118 0 0
784 86 118 0 0
785 85 118 0 0
786 85 117 0 0
787 86 117 0 0
788 85 117 0 0
789 86 117 0 0
790 85 117 0 0
791 85 116 0 0
792 86 116 0 0
793 85 116 0 0
794 86 116 0 0
795 85 116 0 0
796 85 115 0 0
797 86 115 0 0
798 85 115 0 0
799 86 115 0 0
800 85 115 0 0
801 85 114 0 0
802 86 114 0 0
803 85 114 0 0
804 86 114 0 0
805 85 114 0 0
806 84 114 0 0
807 84 113 0 0
808 85 113 0 0
809 84 113 0 0
810 85 113 0 0
811 84 113 0 0
812 85 113 0 0
813 84 113 0 0
814 85 113 0 0
815 84 113 0 0
816 84 112 0 0
817 83 112 0 0
818 84 112 0 0
819 83 112 0 0
820 84 112 0 0
821 83 112 0 0
822 84 112 0 0
823 83 112 0 0
824 83 111 0 0
825 82 111 0 0
826 83 111 0 0
827 82 111 0 0
828 83 111 0 0
829 82 111 0 0
830 83 111 0 0
831 82 111 0 0
832 81 111 0 0
833 81 110 0 0
834 82 110 0 0
835 81 110 0 0
836 82 110 0 0
837 81 110 0 0
838 80 110 0 0
839 81 110 0 0
840 80 110 0 0
841 80 109 0 0
842 81 109 0 0
843 80 109 0 0
844 81 109 0 0
845 80 109 0 0
846 79 109 0 0
847 80 109 0 0
848 79 109 0 0
849 79 108 0 0
850 80 108 0 0
851 79 108 0 0
852 80 108 0 0
853 79 108 0 0
854 80 108 0 0
855 81 108 0 0
856 80 108 0 0
857 79 108 0 0
858 80 108 0 0
859 79 108 0 0
860 78 108 0 0
861 79 108 0 0
862 78 108 0 0
863 78 107 0 0
864 77 107 0 0
865 78 107 0 0
866 77 107 0 0
867 78 107 0 0
868 77 107 0 0
869 76 107 0 0
870 76 106 0 0
871 75 106 0 0
872 76 106 0 0
873 75 106 0 0
874 76 106 0 0
875 75 106 0 0
876 74 106 0 0
877 73 106 0 0
878 73 105 0 0
879 74 105 0 0
880 73 105 0 0
881 74 105 0 0
882 73 105 0 0
883 72 105 0 0
884 73 105 0 0
885 72 105 0 0
886 72 104 0 0
887 71 104 0 0
888 72 104 0 0
889 71 104 0 0
890 70 104 0 0
891 71 104 0 0
892 70 104 0 0
893 69 104 0 0
894 69 103 0 0
895 70 103 0 0
896 69 103 0 0
897 68 103 0 0
898 69 103 0 0
899 68 103 0 0
900 67 103 0 0
901 67 102 0 0
902 68 102 0 0
903 67 102 0 0
904 66 102 0 0
905 67 102 0 0
906 66 102 0 0
907 65 102 0 0
908 65 101 0 0
909 66 101 0 0
910 65 101 0 0
911 66 101 0 0
912 65 101 0 0
913 64 101 0 0
914 65 101 0 0
915 64 101 0 0
916 63 101 0 0
917 64 101 0 0
918 63 101 0 0
919 62 101 0 0
920 63 101 0 0
921 62 101 0 0
922 63 101 0 0
923 62 101 0 0
924 61 101 0 0
925 60 101 0 0
926 61 101 0 0
927 60 101 0 0
928 61 101 0 0
929 60 101 0 0
930 59 101 0 0
931 60 101 0 0
932 59 101 0 0
933 58 101 0 0
934 59 101 0 0
935 58 101 0 0
936 57 101 0 0
937 58 101 0 0
938 57 101 0 0
939 58 101 0 0
940 57 101 0 0
941 56 101 0 0
942 55 101 0 0
943 56 101 0 0
944 55 101 0 0
945 56 101 0 0
946 55 101 0 0
947 54 101 0 0
948 55 101 0 0
949 54 101 0 0
950 53 101 0 0
951 54 101 0 0
952 53 101 0 0
953 52 101 0 0
954 53 101 0 0
955 52 101 0 0
956 53 101 0 0
957 52 101 0 0
958 51 101 0 0
959 52 101 0 0
960 51 101 0 0
961 50 101 0 0
962 51 101 0 0
963 50 101 0 0
964 49 101 0 0
965 50 101 0 0
966 49 101 0 0
967 48 101 0 0
968 49 101 0 0
969 48 101 0 0
970 49 101 0 0
971 48 101 0 0
972 47 101 0 0
973 48 101 0 0
974 47 101 0 0
975 46 101 0 0
976 47 101 0 0
977 46 101 0 0
978 45 101 0 0
979 46 101 0 0
980 45 101 0 0
981 46 101 0 0
982 45 101 0 0
983 44 101 0 0
984 45 101 0 0
985 44 101 0 0
986 43 101 0 0
987 44 101 0 0
988 43 101 0 0
989 42 101 0 0
990 43 101 0 0
991 42 101 0 0
992 43 101 0 0
993 42 101 0 0
994 41 101 0 0
995 42 101 0 0
996 41 101 0 0
997 41 100 0 0
998 40 100 0 0
999 41 100 0 0
1000 40 100 0 0
1001 39 100 0 0
1002 40 100 0 0
1003 39 100 0 0
1004 38 100 0 0
1005 39 100 0 0
1006 38 100 0 0
1007 39 100 0 0
1008 38 100 0 0
1009 37 100 0 0
1010 38 100 0 0
1011 37 100 0 0
1012 36 100 0 0
1013 37 100 0 0
1014 36 100 0 0
1015 35 100 0 0
1016 36 100 0 0
1017 35 100 0 0
1018 36 100 0 0
1019 35 100 0 0
1020 34 100 0 0
1021 35 100 0 0
1022 34 100 0 0
1023 33 100 0 0
1024 34 100 0 0
1025 33 100 0 0
1026 32 100 0 0
1027 33 100 0 0
1028 32 100 0 0
1029 33 100 0 0
1030 32 100 0 0
1031 31 100 0 0
1032 32 100 0 0
1033 31 100 0 0
1034 30 100 0 0
1035 31 100 0 0
1036 30 100 0 0
1037 29 100 0 0
1038 30 100 0 0
1039 29 100 0 0
1040 29 99 0 0
1041 28 99 0 0
1042 29 99 0 0
1043 28 99 0 0
1044 29 99 0 0
1045 28 99 0 0
1046 27 99 0 0
1047 28 99 0 0
1048 27 99 0 0
1049 26 99 0 0
1050 27 99 0 0
1051 26 99 0 0
1052 25 99 0 0
1053 26 99 0 0
1054 25 99 0 0
1055 26 99 0 0
1056 25 99 0 0
1057 24 99 0 0
1058 25 99 0 0
1059 24 99 0 0
1060 23 99 0 0
1061 24 99 0 0
1062 23 99 0 0
1063 22 99 0 0
1064 23 99 0 0
1065 22 99 0 0
1066 23 99 0 0
1067 22 99 0 0
1068 21 99 0 0
1069 22 99 0 0
1070 21 99 0 0
1071 20 99 0 0
1072 21 99 0 0
1073 20 99 0 0
1074 19 99 0 0
1075 20 99 0 0
1076 19 99 0 0
1077 18 99 0 0
1078 19 99 0 0
1079 18 99 0 0
1080 19 99 0 0
1081 18 99 0 0
1082 17 99 0 0
1083 17 98 0 0
1084 18 98 0 0
1085 17 98 0 0
1086 18 98 0 0
1087 17 98 0 0
1088 16 98 0 0
1089 15 98 0 0
1090 16 98 0 0
1091 15 98 0 0
1092 16 98 0 0
1093 15 98 0 0
1094 14 98 0 0
1095 15 98 0 0
1096 14 98 0 0
1097 13 98 0 0
1098 14 98 0 0
1099 13 98 0 0
1100 12 98 0 0
1101 13 98 0 0
1102 12 98 0 0
1103 13 98 0 0
1104 12 98 0 0
1105 11 98 0 0
1106 12 98 0 0
1107 11 98 0 0
1108 10 98 0 0
1109 11 98 0 0
1110 10 98 0 0
1111 11 98 0 0
1112 10 98 0 0
1113 9 98 0 0
1114 8 98 0 0
1115 9 98 0 0
1116 8 98 0 0
1117 9 98 0 0
1118 8 98 0 0
1119 7 98 0 0
1120 8 98 0 0
1121 7 98 0 0
1122 6 98 0 0
1123 7 98 0 0
1124 6 98 0 0
1125 6 97 0 0
1126 7 97 0 0
1127 6 97 0 0
1128 5 97 0 0
1129 6 97 0 0
1130 5 97 0 0
1131 4 97 0 0
1132 5 97 0 0
1133 4 97 0 0
1134 5 97 0 0
1135 4 97 0 0
1136 3 97 0 0
1137 4 97 0 0
1138 3 97 0 0
1139 2 97 0 0
1140 3 97 0 0
1141 2 97 0 0
1142 3 97 0 0
1143 2 97 0 0
