0 1 90 0 0
1 2 90 0 0
2 3 90 0 0
3 4 90 0 0
4 5 90 0 0
5 6 90 0 0
6 7 90 0 0
7 8 90 0 0
8 9 90 0 0
9 10 90 0 0
10 10 89 0 0
11 10 90 0 0
12 11 90 0 0
13 12 90 0 0
14 13 90 0 0
15 14 90 0 0
16 15 90 0 0
17 15 91 0 0
18 16 91 0 0
19 17 91 0 0
20 18 91 0 0
21 19 91 0 0
22 20 91 0 0
23 21 91 0 0
24 22 91 0 0
25 23 91 0 0
26 24 91 0 0
27 25 91 0 0
28 26 91 0 0
29 27 91 0 0
30 28 91 0 0
31 29 91 0 0
32 30 91 0 0
33 31 91 0 0
34 32 91 0 0
35 33 91 0 0
36 34 91 0 0
37 35 91 0 0
38 36 91 0 0
39 37 91 0 0
40 38 91 0 0
41 38 92 0 0
42 39 92 0 0
43 40 92 0 0
44 41 92 0 0
45 42 92 0 0
46 43 92 0 0
47 44 92 0 0
48 45 92 0 0
49 46 92 0 0
50 47 92 0 0
51 48 92 0 0
52 49 92 0 0
53 50 92 0 0
54 51 92 0 0
55 52 92 0 0
56 53 92 0 0
57 54 92 0 0
58 55 92 0 0
59 56 92 0 0
60 57 92 0 0
61 58 92 0 0
62 59 92 0 0
63 60 92 0 0
64 60 91 0 0
65 61 91 0 0
66 62 91 0 0
67 63 91 0 0
68 64 91 0 0
69 65 91 0 0
70 66 91 0 0
71 67 91 0 0
72 67 90 0 0
73 68 90 0 0
74 69 90 0 0
75 70 90 0 0
76 71 90 0 0
77 72 90 0 0
78 72 89 0 0
79 73 89 0 0
80 74 89 0 0
81 74 88 0 0
82 75 88 0 0
83 76 88 0 0
84 76 87 0 0
85 77 87 0 0
86 78 87 0 0
87 78 86 0 0
88 79 86 0 0
89 79 85 0 0
90 80 85 0 0
91 81 85 0 0
92 81 84 0 0
93 82 84 0 0
94 82 83 0 0
95 83 83 0 0
96 84 83 0 0
97 84 82 0 0
98 85 82 0 0
99 86 82 0 0
100 86 81 0 0
101 87 81 0 0
102 87 80 0 0
103 88 80 0 0
104 88 79 0 0
105 89 79 0 0
106 90 79 0 0
107 90 78 0 0
108 91 78 0 0
109 92 78 0 0
110 93 78 0 0
111 93 77 0 0
112 94 77 0 0
113 95 77 0 0
114 96 77 0 0
115 96 76 0 0
116 97 76 0 0
117 98 76 0 0
118 99 76 0 0
119 100 76 0 0
120 101 76 0 0
121 101 75 0 0
122 102 75 0 0
123 103 75 0 0
124 104 75 0 0
125 104 74 0 0
126 104 75 0 0
127 105 75 0 0
128 106 75 0 0
129 106 76 0 0
130 107 76 0 0
131 108 76 0 0
132 109 76 0 0
133 110 76 0 0
134 111 76 0 0
135 111 77 0 0
136 112 77 0 0
137 113 77 0 0
138 113 78 0 0
139 114 78 0 0
140 115 78 0 0
141 116 78 0 0
142 116 79 0 0
143 117 79 0 0
144 118 79 0 0
145 119 79 0 0
146 119 80 0 0
147 119 81 0 0
148 119 82 0 0
149 120 82 0 0
150 120 83 0 0
151 121 83 0 0
152 121 84 0 0
153 121 85 0 0
154 122 85 0 0
155 122 86 0 0
156 122 87 0 0
157 123 87 0 0
158 123 88 0 0
159 123 89 0 0
160 124 89 0 0
161 124 90 0 0
162 124 91 0 0
163 124 92 0 0
164 124 93 0 0
165 124 94 0 0
166 125 94 0 0
167 125 95 0 0
168 125 96 0 0
169 125 97 0 0
170 125 98 0 0
171 125 99 0 0
172 125 100 0 0
173 125 101 0 0
174 125 102 0 0
175 125 103 0 0
176 125 104 0 0
177 125 105 0 0
178 124 105 0 0
179 124 106 0 0
180 124 107 0 0
181 124 108 0 0
182 124 109 0 0
183 124 110 0 0
184 124 111 0 0
185 124 112 0 0
186 123 112 0 0
187 123 113 0 0
188 123 114 0 0
189 123 115 0 0
190 123 116 0 0
191 123 117 0 0
192 122 117 0 0
193 122 118 0 0
194 122 119 0 0
195 122 120 0 0
196 121 120 0 0
197 121 121 0 0
198 121 122 0 0
199 120 122 0 0
200 120 123 0 0
201 120 124 0 0
202 120 125 0 0
203 120 126 0 0
204 120 127 0 0
205 119 127 0 0
206 119 128 0 0
207 119 129 0 0
208 119 130 0 0
209 119 131 0 0
210 118 131 0 0
211 118 132 0 0
212 118 133 0 0
213 118 134 0 0
214 118 135 0 0
215 118 136 0 0
216 118 137 0 0
217 118 138 0 0
218 118 139 0 0
219 118 140 0 0
220 118 141 0 0
221 118 142 0 0
222 118 143 0 0
223 118 144 0 0
224 118 145 0 0
225 118 146 0 0
226 118 147 0 0
227 118 148 0 0
228 118 149 0 0
229 118 150 0 0
230 118 151 0 0
231 118 152 0 0
232 118 153 0 0
233 119 153 0 0
234 119 154 0 0
235 119 155 0 0
236 119 156 0 0
237 119 157 0 0
238 119 158 0 0
239 119 159 0 0
240 119 160 0 0
241 119 161 0 0
242 119 162 0 0
243 119 163 0 0
244 119 164 0 0
245 119 165 0 0
246 119 166 0 0
247 119 167 0 0
248 119 168 0 0
249 119 169 0 0
250 119 170 0 0
251 119 171 0 0
252 119 172 0 0
253 119 173 0 0
254 120 173 0 0
255 120 174 0 0
256 120 175 0 0
257 120 176 0 0
258 120 177 0 0
259 120 178 0 0
260 120 179 0 0
261 120 180 0 0
262 120 181 0 0
263 121 181 0 0
264 121 182 0 0
265 121 183 0 0
266 121 184 0 0
267 121 185 0 0
268 121 186 0 0
269 121 187 0 0
270 121 188 0 0
271 121 189 0 0
272 121 190 0 0
273 122 190 0 0
274 122 191 0 0
275 122 192 0 0
276 122 193 0 0
277 122 194 0 0
278 122 195 0 0
279 122 196 0 0
280 122 197 0 0
281 123 197 0 0
282 123 198 0 0
283 123 199 0 0
284 123 200 0 0
285 123 201 0 0
286 123 202 0 0
287 123 203 0 0
288 124 203 0 0
289 124 204 0 0
290 124 205 0 0
291 124 206 0 0
292 124 207 0 0
293 124 208 0 0
294 124 209 0 0
295 124 210 0 0
296 124 211 0 0
297 124 212 0 0
298 124 213 0 0
299 125 213 0 0
300 125 214 0 0
301 125 215 0 0
302 125 216 0 0
303 125 217 0 0
304 125 218 0 0
305 125 219 0 0
306 125 220 0 0
307 125 221 0 0
308 125 222 0 0
309 125 223 0 0
310 125 224 0 0
311 125 225 0 0
312 125 226 0 0
313 125 227 0 0
314 125 228 0 0
315 126 228 0 0
316 126 229 0 0
317 126 230 0 0
318 126 231 0 0
319 126 232 0 0
320 126 233 0 0
321 126 234 0 0
322 126 235 0 0
