0 2 97 0 0
1 2 98 0 0
2 3 98 0 0
3 4 98 0 0
4 3 98 0 0
5 4 98 0 0
6 5 98 0 0
7 4 98 0 0
8 5 98 0 0
9 4 98 0 0
10 5 98 0 0
11 6 98 0 0
12 5 98 0 0
13 6 98 0 0
14 5 98 0 0
15 6 98 0 0
16 7 98 0 0
17 8 98 0 0
18 7 98 0 0
19 8 98 0 0
20 7 98 0 0
21 8 98 0 0
22 9 98 0 0
23 8 98 0 0
24 9 98 0 0
25 10 98 0 0
26 9 98 0 0
27 10 98 0 0
28 9 98 0 0
29 10 98 0 0
30 11 98 0 0
31 12 98 0 0
32 11 98 0 0
33 12 98 0 0
34 11 98 0 0
35 12 98 0 0
36 13 98 0 0
37 12 98 0 0
38 13 98 0 0
39 12 98 0 0
40 13 98 0 0
41 14 98 0 0
42 13 98 0 0
43 14 98 0 0
44 15 98 0 0
45 14 98 0 0
46 15 98 0 0
47 16 98 0 0
48 15 98 0 0
49 16 98 0 0
50 17 98 0 0
51 16 98 0 0
52 17 98 0 0
53 16 98 0 0
54 17 98 0 0
55 18 98 0 0
56 17 98 0 0
57 18 98 0 0
58 19 98 0 0
59 18 98 0 0
60 19 98 0 0
61 20 98 0 0
62 19 98 0 0
63 20 98 0 0
64 19 98 0 0
65 20 98 0 0
66 21 98 0 0
67 20 98 0 0
68 21 98 0 0
69 22 98 0 0
70 21 98 0 0
71 22 98 0 0
72 23 98 0 0
73 22 98 0 0
74 23 98 0 0
75 24 98 0 0
76 23 98 0 0
77 24 98 0 0
78 25 98 0 0
79 24 98 0 0
80 25 98 0 0
81 24 98 0 0
82 25 98 0 0
83 26 98 0 0
84 25 98 0 0
85 26 98 0 0
86 27 98 0 0
87 26 98 0 0
88 27 98 0 0
89 28 98 0 0
90 27 98 0 0
91 28 98 0 0
92 29 98 0 0
93 28 98 0 0
94 29 98 0 0
95 30 98 0 0
96 29 98 0 0
97 30 98 0 0
98 29 98 0 0
99 30 98 0 0
100 31 98 0 0
101 32 98 0 0
102 31 98 0 0
103 32 98 0 0
104 31 98 0 0
105 32 98 0 0
106 33 98 0 0
107 32 98 0 0
108 33 98 0 0
109 34 98 0 0
110 33 98 0 0
111 34 98 0 0
112 35 98 0 0
113 34 98 0 0
114 35 98 0 0
115 34 98 0 0
116 35 98 0 0
117 36 98 0 0
118 37 98 0 0
119 36 98 0 0
120 37 98 0 0
121 36 98 0 0
122 37 98 0 0
123 38 98 0 0
124 37 98 0 0
125 38 98 0 0
126 39 98 0 0
127 38 98 0 0
128 39 98 0 0
129 40 98 0 0
130 39 98 0 0
131 40 98 0 0
132 39 98 0 0
133 40 98 0 0
134 41 98 0 0
135 42 98 0 0
136 41 98 0 0
137 42 98 0 0
138 41 98 0 0
139 42 98 0 0
140 43 98 0 0
141 42 98 0 0
142 42 99 0 0
143 43 99 0 0
144 44 99 0 0
145 43 99 0 0
146 44 99 0 0
147 45 99 0 0
148 44 99 0 0
149 45 99 0 0
150 44 99 0 0
151 45 99 0 0
152 46 99 0 0
153 45 99 0 0
154 46 99 0 0
155 47 99 0 0
156 46 99 0 0
157 47 99 0 0
158 48 99 0 0
159 47 99 0 0
160 48 99 0 0
161 49 99 0 0
162 48 99 0 0
163 49 99 0 0
164 50 99 0 0
165 49 99 0 0
166 50 99 0 0
167 49 99 0 0
168 50 99 0 0
169 51 99 0 0
170 52 99 0 0
171 51 99 0 0
172 52 99 0 0
173 51 99 0 0
174 52 99 0 0
175 53 99 0 0
176 52 99 0 0
177 53 99 0 0
178 54 99 0 0
179 53 99 0 0
180 54 99 0 0
181 55 99 0 0
182 54 99 0 0
183 55 99 0 0
184 54 99 0 0
185 55 99 0 0
186 56 99 0 0
187 57 99 0 0
188 56 99 0 0
189 57 99 0 0
190 56 99 0 0
191 57 99 0 0
192 58 99 0 0
193 57 99 0 0
194 58 99 0 0
195 59 99 0 0
196 58 99 0 0
197 59 99 0 0
198 60 99 0 0
199 59 99 0 0
200 60 99 0 0
201 59 99 0 0
202 60 99 0 0
203 61 99 0 0
204 62 99 0 0
205 61 99 0 0
206 62 99 0 0
207 61 99 0 0
208 62 99 0 0
209 63 99 0 0
210 62 99 0 0
211 63 99 0 0
212 64 99 0 0
213 63 99 0 0
214 64 99 0 0
215 65 99 0 0
216 64 99 0 0
217 65 99 0 0
218 66 99 0 0
219 65 99 0 0
220 66 99 0 0
221 65 99 0 0
222 66 99 0 0
223 67 99 0 0
224 66 99 0 0
225 66 98 0 0
226 67 98 0 0
227 66 98 0 0
228 67 98 0 0
229 68 98 0 0
230 67 98 0 0
231 68 98 0 0
232 69 98 0 0
233 68 98 0 0
234 69 98 0 0
235 68 98 0 0
236 69 98 0 0
237 69 97 0 0
238 70 97 0 0
239 69 97 0 0
240 70 97 0 0
241 69 97 0 0
242 70 97 0 0
243 71 97 0 0
244 70 97 0 0
245 71 97 0 0
246 72 97 0 0
247 71 97 0 0
248 72 97 0 0
249 71 97 0 0
250 71 96 0 0
251 72 96 0 0
252 73 96 0 0
253 72 96 0 0
254 73 96 0 0
255 72 96 0 0
256 73 96 0 0
257 74 96 0 0
258 73 96 0 0
259 74 96 0 0
260 75 96 0 0
261 74 96 0 0
262 74 95 0 0
263 75 95 0 0
264 74 95 0 0
265 75 95 0 0
266 76 95 0 0
267 75 95 0 0
268 76 95 0 0
269 77 95 0 0
270 76 95 0 0
271 77 95 0 0
272 76 95 0 0
273 77 95 0 0
274 78 95 0 0
275 77 95 0 0
276 77 94 0 0
277 78 94 0 0
278 77 94 0 0
279 78 94 0 0
280 79 94 0 0
281 78 94 0 0
282 79 94 0 0
283 80 94 0 0
284 79 94 0 0
285 80 94 0 0
286 79 94 0 0
287 80 94 0 0
288 80 93 0 0
289 81 93 0 0
290 80 93 0 0
291 81 93 0 0
292 82 93 0 0
293 81 93 0 0
294 82 93 0 0
295 81 93 0 0
296 82 93 0 0
297 83 93 0 0
298 82 93 0 0
299 83 93 0 0
300 82 93 0 0
301 82 92 0 0
302 83 92 0 0
303 84 92 0 0
304 83 92 0 0
305 84 92 0 0
306 85 92 0 0
307 84 92 0 0
308 85 92 0 0
309 84 92 0 0
310 85 92 0 0
311 86 92 0 0
312 85 92 0 0
313 86 92 0 0
314 85 92 0 0
315 86 92 0 0
316 87 92 0 0
317 86 92 0 0
318 87 92 0 0
319 88 92 0 0
320 87 92 0 0
321 88 92 0 0
322 87 92 0 0
323 88 92 0 0
324 89 92 0 0
325 88 92 0 0
326 89 92 0 0
327 88 92 0 0
328 89 92 0 0
329 90 92 0 0
330 89 92 0 0
331 90 92 0 0
332 91 92 0 0
333 90 92 0 0
334 91 92 0 0
335 90 92 0 0
336 91 92 0 0
337 92 92 0 0
338 91 92 0 0
339 92 92 0 0
340 93 92 0 0
341 92 92 0 0
342 93 92 0 0
343 92 92 0 0
344 93 92 0 0
345 94 92 0 0
346 93 92 0 0
347 94 92 0 0
348 93 92 0 0
349 94 92 0 0
350 95 92 0 0
351 94 92 0 0
352 95 92 0 0
353 96 92 0 0
354 95 92 0 0
355 96 92 0 0
356 95 92 0 0
357 96 92 0 0
358 97 92 0 0
359 96 92 0 0
360 97 92 0 0
361 96 92 0 0
362 97 92 0 0
363 98 92 0 0
364 97 92 0 0
365 98 92 0 0
366 99 92 0 0
367 98 92 0 0
368 99 92 0 0
369 98 92 0 0
370 99 92 0 0
371 100 92 0 0
372 99 92 0 0
373 100 92 0 0
374 101 92 0 0
375 100 92 0 0
376 101 92 0 0
377 100 92 0 0
378 101 92 0 0
379 102 92 0 0
380 101 92 0 0
381 102 92 0 0
382 103 92 0 0
383 102 92 0 0
384 103 92 0 0
385 102 92 0 0
386 103 92 0 0
387 104 92 0 0
388 103 92 0 0
389 104 92 0 0
390 103 92 0 0
391 104 92 0 0
392 105 92 0 0
393 104 92 0 0
394 105 92 0 0
395 106 92 0 0
396 105 92 0 0
397 106 92 0 0
398 105 92 0 0
399 106 92 0 0
400 107 92 0 0
401 106 92 0 0
402 107 92 0 0
403 107 91 0 0
404 108 91 0 0
405 107 91 0 0
406 107 92 0 0
407 108 92 0 0
408 107 92 0 0
409 108 92 0 0
410 107 92 0 0
411 108 92 0 0
412 107 92 0 0
413 107 93 0 0
414 108 93 0 0
415 107 93 0 0
416 108 93 0 0
417 107 93 0 0
418 108 93 0 0
419 107 93 0 0
420 108 93 0 0
421 107 93 0 0
422 107 94 0 0
423 108 94 0 0
424 107 94 0 0
425 108 94 0 0
426 107 94 0 0
427 108 94 0 0
428 107 94 0 0
429 108 94 0 0
430 108 95 0 0
431 109 95 0 0
432 108 95 0 0
433 109 95 0 0
434 108 95 0 0
435 109 95 0 0
436 108 95 0 0
437 109 95 0 0
438 108 95 0 0
439 108 96 0 0
440 109 96 0 0
441 108 96 0 0
442 109 96 0 0
443 108 96 0 0
444 109 96 0 0
445 108 96 0 0
446 109 96 0 0
447 108 96 0 0
448 108 97 0 0
449 109 97 0 0
450 108 97 0 0
451 109 97 0 0
452 108 97 0 0
453 109 97 0 0
454 109 98 0 0
455 110 98 0 0
456 109 98 0 0
457 110 98 0 0
458 109 98 0 0
459 110 98 0 0
460 109 98 0 0
461 110 98 0 0
462 109 98 0 0
463 109 99 0 0
464 110 99 0 0
465 109 99 0 0
466 110 99 0 0
467 109 99 0 0
468 110 99 0 0
469 109 99 0 0
470 110 99 0 0
471 110 100 0 0
472 111 100 0 0
473 110 100 0 0
474 111 100 0 0
475 110 100 0 0
476 111 100 0 0
477 110 100 0 0
478 111 100 0 0
479 110 100 0 0
480 110 101 0 0
481 111 101 0 0
482 110 101 0 0
483 111 101 0 0
484 110 101 0 0
485 111 101 0 0
486 110 101 0 0
487 111 101 0 0
488 110 101 0 0
489 110 102 0 0
490 111 102 0 0
491 110 102 0 0
492 111 102 0 0
493 110 102 0 0
494 111 102 0 0
495 111 103 0 0
496 112 103 0 0
497 111 103 0 0
498 112 103 0 0
499 111 103 0 0
500 112 103 0 0
501 111 103 0 0
502 112 103 0 0
503 111 103 0 0
504 111 104 0 0
505 112 104 0 0
506 111 104 0 0
507 112 104 0 0
508 111 104 0 0
509 112 104 0 0
510 111 104 0 0
511 112 104 0 0
512 112 105 0 0
513 113 105 0 0
514 112 105 0 0
515 113 105 0 0
516 112 105 0 0
517 113 105 0 0
518 112 105 0 0
519 113 105 0 0
520 112 105 0 0
521 112 106 0 0
522 113 106 0 0
523 112 106 0 0
524 113 106 0 0
525 112 106 0 0
526 113 106 0 0
527 112 106 0 0
528 113 106 0 0
529 112 106 0 0
530 112 107 0 0
531 113 107 0 0
532 112 107 0 0
533 113 107 0 0
534 112 107 0 0
535 113 107 0 0
536 113 108 0 0
537 114 108 0 0
538 113 108 0 0
539 114 108 0 0
540 113 108 0 0
541 114 108 0 0
542 113 108 0 0
543 114 108 0 0
544 113 108 0 0
545 113 109 0 0
546 114 109 0 0
547 113 109 0 0
548 114 109 0 0
549 113 109 0 0
550 114 109 0 0
551 113 109 0 0
552 114 109 0 0
553 113 109 0 0
554 113 110 0 0
555 114 110 0 0
556 113 110 0 0
557 114 110 0 0
558 113 110 0 0
559 114 110 0 0
560 115 110 0 0
561 114 110 0 0
562 114 111 0 0
563 115 111 0 0
564 114 111 0 0
565 115 111 0 0
566 114 111 0 0
567 115 111 0 0
568 114 111 0 0
569 115 111 0 0
570 114 111 0 0
571 114 112 0 0
572 115 112 0 0
573 114 112 0 0
574 115 112 0 0
575 114 112 0 0
576 115 112 0 0
577 116 112 0 0
578 115 112 0 0
579 115 113 0 0
580 114 113 0 0
581 115 113 0 0
582 114 113 0 0
583 114 114 0 0
584 115 114 0 0
585 114 114 0 0
586 115 114 0 0
587 114 114 0 0
588 115 114 0 0
589 114 114 0 0
590 114 115 0 0
591 115 115 0 0
592 114 115 0 0
593 115 115 0 0
594 114 115 0 0
595 115 115 0 0
596 114 115 0 0
597 114 116 0 0
598 115 116 0 0
599 114 116 0 0
600 115 116 0 0
601 114 116 0 0
602 115 116 0 0
603 114 116 0 0
604 114 117 0 0
605 115 117 0 0
606 114 117 0 0
607 113 117 0 0
608 113 118 0 0
609 114 118 0 0
610 113 118 0 0
611 114 118 0 0
612 113 118 0 0
613 114 118 0 0
614 113 118 0 0
615 113 119 0 0
616 114 119 0 0
617 113 119 0 0
618 114 119 0 0
619 113 119 0 0
620 114 119 0 0
621 113 119 0 0
622 113 120 0 0
623 114 120 0 0
624 113 120 0 0
625 114 120 0 0
626 113 120 0 0
627 114 120 0 0
628 113 120 0 0
629 113 121 0 0
630 114 121 0 0
631 113 121 0 0
632 114 121 0 0
633 113 121 0 0
634 113 122 0 0
635 114 122 0 0
636 113 122 0 0
637 114 122 0 0
638 113 122 0 0
639 114 122 0 0
640 113 122 0 0
641 113 123 0 0
642 114 123 0 0
643 113 123 0 0
644 112 123 0 0
645 113 123 0 0
646 112 123 0 0
647 112 124 0 0
648 113 124 0 0
649 112 124 0 0
650 113 124 0 0
651 112 124 0 0
652 113 124 0 0
653 112 124 0 0
654 112 125 0 0
655 113 125 0 0
656 112 125 0 0
657 113 125 0 0
658 112 125 0 0
659 112 126 0 0
660 113 126 0 0
661 112 126 0 0
662 113 126 0 0
663 112 126 0 0
664 113 126 0 0
665 112 126 0 0
666 112 127 0 0
667 113 127 0 0
668 112 127 0 0
669 113 127 0 0
670 112 127 0 0
671 113 127 0 0
672 112 127 0 0
673 112 128 0 0
674 113 128 0 0
675 112 128 0 0
676 113 128 0 0
677 112 128 0 0
678 113 128 0 0
679 112 128 0 0
680 112 129 0 0
681 111 129 0 0
682 112 129 0 0
683 111 129 0 0
684 111 130 0 0
685 112 130 0 0
686 111 130 0 0
687 112 130 0 0
688 111 130 0 0
689 112 130 0 0
690 111 130 0 0
691 111 131 0 0
692 112 131 0 0
693 111 131 0 0
694 112 131 0 0
695 111 131 0 0
696 112 131 0 0
697 111 131 0 0
698 111 132 0 0
699 112 132 0 0
700 111 132 0 0
701 112 132 0 0
702 111 132 0 0
703 112 132 0 0
704 111 132 0 0
705 111 133 0 0
706 112 133 0 0
707 111 133 0 0
708 112 133 0 0
709 111 133 0 0
710 111 134 0 0
711 110 134 0 0
712 111 134 0 0
713 110 134 0 0
714 111 134 0 0
715 110 134 0 0
716 110 135 0 0
717 111 135 0 0
718 110 135 0 0
719 111 135 0 0
720 110 135 0 0
721 111 135 0 0
722 110 135 0 0
723 110 136 0 0
724 111 136 0 0
725 110 136 0 0
726 111 136 0 0
727 110 136 0 0
728 111 136 0 0
729 110 136 0 0
730 110 137 0 0
731 111 137 0 0
732 110 137 0 0
733 111 137 0 0
734 110 137 0 0
735 110 138 0 0
736 111 138 0 0
737 110 138 0 0
738 111 138 0 0
739 110 138 0 0
740 111 138 0 0
741 110 138 0 0
742 110 139 0 0
743 111 139 0 0
744 110 139 0 0
745 111 139 0 0
746 110 139 0 0
747 109 139 0 0
748 109 140 0 0
749 110 140 0 0
750 109 140 0 0
751 110 140 0 0
752 109 140 0 0
753 110 140 0 0
754 109 140 0 0
755 109 141 0 0
756 110 141 0 0
757 109 141 0 0
758 110 141 0 0
759 109 141 0 0
760 109 142 0 0
761 110 142 0 0
762 109 142 0 0
763 110 142 0 0
764 109 142 0 0
765 110 142 0 0
766 109 142 0 0
767 109 143 0 0
768 110 143 0 0
769 109 143 0 0
770 110 143 0 0
771 109 143 0 0
772 110 143 0 0
773 109 143 0 0
774 109 144 0 0
775 108 144 0 0
776 109 144 0 0
777 108 144 0 0
778 109 144 0 0
779 108 144 0 0
780 108 145 0 0
781 109 145 0 0
782 108 145 0 0
783 109 145 0 0
784 108 145 0 0
785 108 146 0 0
786 109 146 0 0
787 108 146 0 0
788 109 146 0 0
789 108 146 0 0
790 109 146 0 0
791 108 146 0 0
792 108 147 0 0
793 109 147 0 0
794 108 147 0 0
795 109 147 0 0
796 108 147 0 0
797 109 147 0 0
798 108 147 0 0
799 108 148 0 0
800 109 148 0 0
801 108 148 0 0
802 109 148 0 0
803 108 148 0 0
804 109 148 0 0
805 108 148 0 0
806 108 149 0 0
807 109 149 0 0
808 108 149 0 0
809 109 149 0 0
810 108 149 0 0
811 108 150 0 0
812 107 150 0 0
813 108 150 0 0
814 107 150 0 0
815 108 150 0 0
816 107 150 0 0
817 107 151 0 0
818 108 151 0 0
819 107 151 0 0
820 108 151 0 0
821 107 151 0 0
822 108 151 0 0
823 107 151 0 0
824 107 152 0 0
825 108 152 0 0
826 107 152 0 0
827 108 152 0 0
828 107 152 0 0
829 108 152 0 0
830 107 152 0 0
831 107 153 0 0
832 108 153 0 0
833 107 153 0 0
834 108 153 0 0
835 107 153 0 0
836 108 153 0 0
837 107 153 0 0
838 107 154 0 0
839 108 154 0 0
840 107 154 0 0
841 108 154 0 0
842 107 154 0 0
843 108 154 0 0
844 107 154 0 0
845 107 155 0 0
846 108 155 0 0
847 107 155 0 0
848 108 155 0 0
849 107 155 0 0
850 108 155 0 0
851 107 155 0 0
852 107 156 0 0
853 108 156 0 0
854 107 156 0 0
855 108 156 0 0
856 107 156 0 0
857 108 156 0 0
858 107 156 0 0
859 107 157 0 0
860 108 157 0 0
861 107 157 0 0
862 108 157 0 0
863 107 157 0 0
864 108 157 0 0
865 107 157 0 0
866 107 158 0 0
867 108 158 0 0
868 107 158 0 0
869 108 158 0 0
870 107 158 0 0
871 108 158 0 0
872 107 158 0 0
873 108 158 0 0
874 107 158 0 0
875 107 159 0 0
876 108 159 0 0
877 107 159 0 0
878 108 159 0 0
879 107 159 0 0
880 107 160 0 0
881 108 160 0 0
882 107 160 0 0
883 108 160 0 0
884 107 160 0 0
885 108 160 0 0
886 107 160 0 0
887 108 160 0 0
888 107 160 0 0
889 107 161 0 0
890 108 161 0 0
891 107 161 0 0
892 108 161 0 0
893 107 161 0 0
894 107 162 0 0
895 108 162 0 0
896 107 162 0 0
897 108 162 0 0
898 109 162 0 0
899 108 162 0 0
900 109 162 0 0
901 108 162 0 0
902 108 163 0 0
903 109 163 0 0
904 108 163 0 0
905 109 163 0 0
906 108 163 0 0
907 109 163 0 0
908 108 163 0 0
909 108 164 0 0
910 109 164 0 0
911 108 164 0 0
912 109 164 0 0
913 108 164 0 0
914 109 164 0 0
915 108 164 0 0
916 108 165 0 0
917 109 165 0 0
918 108 165 0 0
919 109 165 0 0
920 108 165 0 0
921 109 165 0 0
922 108 165 0 0
923 108 166 0 0
924 109 166 0 0
925 108 166 0 0
926 109 166 0 0
927 108 166 0 0
928 109 166 0 0
929 108 166 0 0
930 108 167 0 0
931 109 167 0 0
932 108 167 0 0
933 109 167 0 0
934 108 167 0 0
935 109 167 0 0
936 108 167 0 0
937 108 168 0 0
938 109 168 0 0
939 108 168 0 0
940 109 168 0 0
941 108 168 0 0
942 109 168 0 0
943 108 168 0 0
944 108 169 0 0
945 109 169 0 0
946 108 169 0 0
947 109 169 0 0
948 108 169 0 0
949 109 169 0 0
950 108 169 0 0
951 108 170 0 0
952 109 170 0 0
953 108 170 0 0
954 109 170 0 0
955 108 170 0 0
956 109 170 0 0
957 108 170 0 0
958 108 171 0 0
959 109 171 0 0
960 108 171 0 0
961 109 171 0 0
962 108 171 0 0
963 109 171 0 0
964 108 171 0 0
965 108 172 0 0
966 109 172 0 0
967 108 172 0 0
968 109 172 0 0
969 108 172 0 0
970 109 172 0 0
971 108 172 0 0
972 108 173 0 0
973 109 173 0 0
974 108 173 0 0
975 109 173 0 0
976 108 173 0 0
977 108 174 0 0
978 109 174 0 0
979 108 174 0 0
980 109 174 0 0
981 108 174 0 0
982 109 174 0 0
983 108 174 0 0
984 108 175 0 0
985 109 175 0 0
986 108 175 0 0
987 109 175 0 0
988 109 176 0 0
989 110 176 0 0
990 109 176 0 0
991 110 176 0 0
992 109 176 0 0
993 109 177 0 0
994 110 177 0 0
995 109 177 0 0
996 110 177 0 0
997 109 177 0 0
998 110 177 0 0
999 109 177 0 0
1000 109 178 0 0
1001 110 178 0 0
1002 109 178 0 0
1003 110 178 0 0
1004 109 178 0 0
1005 109 179 0 0
1006 110 179 0 0
1007 109 179 0 0
1008 110 179 0 0
1009 109 179 0 0
1010 110 179 0 0
1011 109 179 0 0
1012 109 180 0 0
1013 110 180 0 0
1014 109 180 0 0
1015 110 180 0 0
1016 109 180 0 0
1017 109 181 0 0
1018 110 181 0 0
1019 111 181 0 0
1020 110 181 0 0
1021 110 182 0 0
1022 111 182 0 0
1023 110 182 0 0
1024 111 182 0 0
1025 110 182 0 0
1026 111 182 0 0
1027 110 182 0 0
1028 110 183 0 0
1029 111 183 0 0
1030 110 183 0 0
1031 111 183 0 0
1032 110 183 0 0
1033 110 184 0 0
1034 111 184 0 0
1035 110 184 0 0
1036 111 184 0 0
1037 110 184 0 0
1038 111 184 0 0
1039 110 184 0 0
1040 110 185 0 0
1041 111 185 0 0
1042 110 185 0 0
1043 111 185 0 0
1044 110 185 0 0
1045 110 186 0 0
1046 111 186 0 0
1047 110 186 0 0
1048 111 186 0 0
1049 111 187 0 0
1050 112 187 0 0
1051 111 187 0 0
1052 112 187 0 0
1053 111 187 0 0
1054 111 188 0 0
1055 112 188 0 0
1056 111 188 0 0
1057 112 188 0 0
1058 111 188 0 0
1059 111 189 0 0
1060 112 189 0 0
1061 111 189 0 0
1062 112 189 0 0
1063 111 189 0 0
1064 112 189 0 0
1065 112 190 0 0
1066 113 190 0 0
1067 112 190 0 0
1068 113 190 0 0
1069 112 190 0 0
1070 112 191 0 0
1071 113 191 0 0
1072 112 191 0 0
1073 113 191 0 0
1074 112 191 0 0
1075 112 192 0 0
1076 113 192 0 0
1077 112 192 0 0
1078 113 192 0 0
1079 112 192 0 0
1080 112 193 0 0
1081 113 193 0 0
1082 112 193 0 0
1083 113 193 0 0
1084 114 193 0 0
1085 113 193 0 0
1086 113 194 0 0
1087 114 194 0 0
1088 113 194 0 0
1089 114 194 0 0
1090 113 194 0 0
1091 113 195 0 0
1092 114 195 0 0
1093 113 195 0 0
1094 114 195 0 0
1095 113 195 0 0
1096 114 195 0 0
1097 113 195 0 0
1098 113 196 0 0
1099 114 196 0 0
1100 113 196 0 0
1101 114 196 0 0
1102 113 196 0 0
1103 113 197 0 0
1104 114 197 0 0
1105 113 197 0 0
1106 114 197 0 0
1107 113 197 0 0
1108 114 197 0 0
1109 113 197 0 0
1110 113 198 0 0
1111 114 198 0 0
1112 113 198 0 0
1113 114 198 0 0
1114 113 198 0 0
1115 113 199 0 0
1116 114 199 0 0
1117 113 199 0 0
1118 114 199 0 0
1119 115 199 0 0
1120 114 199 0 0
1121 114 200 0 0
1122 115 200 0 0
1123 114 200 0 0
1124 115 200 0 0
1125 114 200 0 0
1126 114 201 0 0
1127 115 201 0 0
1128 114 201 0 0
1129 115 201 0 0
1130 114 201 0 0
1131 115 201 0 0
1132 114 201 0 0
1133 114 202 0 0
1134 115 202 0 0
1135 114 202 0 0
1136 115 202 0 0
1137 114 202 0 0
1138 114 203 0 0
1139 115 203 0 0
1140 114 203 0 0
1141 115 203 0 0
1142 114 203 0 0
1143 115 203 0 0
1144 114 203 0 0
1145 114 204 0 0
1146 115 204 0 0
1147 116 204 0 0
1148 115 204 0 0
1149 115 205 0 0
1150 116 205 0 0
1151 115 205 0 0
1152 116 205 0 0
1153 115 205 0 0
1154 116 205 0 0
1155 115 205 0 0
1156 115 206 0 0
1157 116 206 0 0
1158 115 206 0 0
1159 116 206 0 0
1160 115 206 0 0
1161 116 206 0 0
1162 115 206 0 0
1163 115 207 0 0
1164 116 207 0 0
1165 115 207 0 0
1166 116 207 0 0
1167 115 207 0 0
1168 116 207 0 0
1169 115 207 0 0
1170 115 208 0 0
1171 116 208 0 0
1172 115 208 0 0
1173 116 208 0 0
1174 115 208 0 0
1175 116 208 0 0
1176 115 208 0 0
1177 115 209 0 0
1178 116 209 0 0
1179 115 209 0 0
1180 116 209 0 0
1181 115 209 0 0
1182 116 209 0 0
1183 116 210 0 0
1184 117 210 0 0
1185 116 210 0 0
1186 117 210 0 0
1187 116 210 0 0
1188 117 210 0 0
1189 116 210 0 0
1190 117 210 0 0
1191 116 210 0 0
1192 116 211 0 0
1193 117 211 0 0
1194 116 211 0 0
1195 117 211 0 0
1196 116 211 0 0
1197 117 211 0 0
1198 116 211 0 0
1199 116 212 0 0
1200 117 212 0 0
1201 116 212 0 0
1202 117 212 0 0
1203 116 212 0 0
1204 117 212 0 0
1205 116 212 0 0
1206 116 213 0 0
1207 117 213 0 0
1208 116 213 0 0
1209 117 213 0 0
1210 118 213 0 0
1211 117 213 0 0
1212 117 214 0 0
1213 118 214 0 0
1214 117 214 0 0
1215 118 214 0 0
1216 117 214 0 0
1217 118 214 0 0
1218 117 214 0 0
1219 118 214 0 0
1220 117 214 0 0
1221 117 215 0 0
1222 118 215 0 0
1223 117 215 0 0
1224 118 215 0 0
1225 117 215 0 0
1226 117 216 0 0
1227 118 216 0 0
1228 117 216 0 0
1229 118 216 0 0
1230 117 216 0 0
1231 118 216 0 0
1232 117 216 0 0
1233 117 217 0 0
1234 118 217 0 0
1235 117 217 0 0
1236 118 217 0 0
1237 117 217 0 0
1238 117 218 0 0
1239 118 218 0 0
1240 117 218 0 0
1241 118 218 0 0
1242 117 218 0 0
1243 118 218 0 0
1244 117 218 0 0
1245 117 219 0 0
1246 118 219 0 0
1247 117 219 0 0
1248 118 219 0 0
1249 119 219 0 0
1250 118 219 0 0
1251 118 220 0 0
1252 119 220 0 0
1253 118 220 0 0
1254 119 220 0 0
1255 118 220 0 0
1256 118 221 0 0
1257 119 221 0 0
1258 118 221 0 0
1259 119 221 0 0
1260 118 221 0 0
1261 119 221 0 0
1262 118 221 0 0
1263 118 222 0 0
1264 119 222 0 0
1265 118 222 0 0
1266 119 222 0 0
1267 118 222 0 0
1268 118 223 0 0
1269 119 223 0 0
1270 118 223 0 0
1271 119 223 0 0
1272 118 223 0 0
1273 119 223 0 0
1274 118 223 0 0
1275 118 224 0 0
1276 119 224 0 0
1277 118 224 0 0
1278 119 224 0 0
1279 118 224 0 0
1280 119 224 0 0
1281 118 224 0 0
1282 118 225 0 0
1283 119 225 0 0
1284 118 225 0 0
1285 119 225 0 0
1286 118 225 0 0
1287 118 226 0 0
1288 119 226 0 0
