0 3 92 0 0
1 3 93 0 0
2 4 93 0 0
3 3 93 0 0
4 4 93 0 0
5 5 93 0 0
6 4 93 0 0
7 5 93 0 0
8 4 93 0 0
9 5 93 0 0
10 6 93 0 0
11 5 93 0 0
12 6 93 0 0
13 7 93 0 0
14 6 93 0 0
15 7 93 0 0
16 6 93 0 0
17 7 93 0 0
18 8 93 0 0
19 7 93 0 0
20 8 93 0 0
21 7 93 0 0
22 8 93 0 0
23 9 93 0 0
24 8 93 0 0
25 9 93 0 0
26 8 93 0 0
27 9 93 0 0
28 10 93 0 0
29 9 93 0 0
30 10 93 0 0
31 9 93 0 0
32 10 93 0 0
33 11 93 0 0
34 10 93 0 0
35 11 93 0 0
36 12 93 0 0
37 11 93 0 0
38 12 93 0 0
39 11 93 0 0
40 12 93 0 0
41 13 93 0 0
42 12 93 0 0
43 13 93 0 0
44 12 93 0 0
45 13 93 0 0
46 14 93 0 0
47 13 93 0 0
48 14 93 0 0
49 15 93 0 0
50 14 93 0 0
51 15 93 0 0
52 14 93 0 0
53 15 93 0 0
54 14 93 0 0
55 15 93 0 0
56 16 93 0 0
57 15 93 0 0
58 16 93 0 0
59 15 93 0 0
60 16 93 0 0
61 17 93 0 0
62 16 93 0 0
63 17 93 0 0
64 18 93 0 0
65 17 93 0 0
66 18 93 0 0
67 17 93 0 0
68 18 93 0 0
69 19 93 0 0
70 18 93 0 0
71 19 93 0 0
72 18 93 0 0
73 19 93 0 0
74 20 93 0 0
75 19 93 0 0
76 20 93 0 0
77 19 93 0 0
78 20 93 0 0
79 21 93 0 0
80 20 93 0 0
81 21 93 0 0
82 22 93 0 0
83 21 93 0 0
84 22 93 0 0
85 21 93 0 0
86 22 93 0 0
87 21 93 0 0
88 22 93 0 0
89 23 93 0 0
90 22 93 0 0
91 23 93 0 0
92 22 93 0 0
93 23 93 0 0
94 24 93 0 0
95 23 93 0 0
96 24 93 0 0
97 25 93 0 0
98 24 93 0 0
99 25 93 0 0
100 24 93 0 0
101 24 94 0 0
102 25 94 0 0
103 26 94 0 0
104 25 94 0 0
105 26 94 0 0
106 27 94 0 0
107 26 94 0 0
108 27 94 0 0
109 26 94 0 0
110 27 94 0 0
111 28 94 0 0
112 27 94 0 0
113 28 94 0 0
114 27 94 0 0
115 28 94 0 0
116 29 94 0 0
117 28 94 0 0
118 29 94 0 0
119 28 94 0 0
120 29 94 0 0
121 30 94 0 0
122 29 94 0 0
123 30 94 0 0
124 29 94 0 0
125 30 94 0 0
126 31 94 0 0
127 30 94 0 0
128 31 94 0 0
129 32 94 0 0
130 31 94 0 0
131 32 94 0 0
132 31 94 0 0
133 32 94 0 0
134 32 95 0 0
135 33 95 0 0
136 32 95 0 0
137 33 95 0 0
138 32 95 0 0
139 33 95 0 0
140 32 95 0 0
141 33 95 0 0
142 34 95 0 0
143 33 95 0 0
144 34 95 0 0
145 35 95 0 0
146 34 95 0 0
147 35 95 0 0
148 34 95 0 0
149 35 95 0 0
150 34 95 0 0
151 35 95 0 0
152 36 95 0 0
153 35 95 0 0
154 36 95 0 0
155 35 95 0 0
156 36 95 0 0
157 37 95 0 0
158 36 95 0 0
159 37 95 0 0
160 36 95 0 0
161 37 95 0 0
162 38 95 0 0
163 37 95 0 0
164 38 95 0 0
165 37 95 0 0
166 38 95 0 0
167 39 95 0 0
168 38 95 0 0
169 39 95 0 0
170 38 95 0 0
171 39 95 0 0
172 40 95 0 0
173 39 95 0 0
174 40 95 0 0
175 39 95 0 0
176 40 95 0 0
177 39 95 0 0
178 40 95 0 0
179 41 95 0 0
180 40 95 0 0
181 41 95 0 0
182 42 95 0 0
183 41 95 0 0
184 41 94 0 0
185 42 94 0 0
186 41 94 0 0
187 42 94 0 0
188 41 94 0 0
189 42 94 0 0
190 43 94 0 0
191 42 94 0 0
192 43 94 0 0
193 42 94 0 0
194 43 94 0 0
195 44 94 0 0
196 43 94 0 0
197 44 94 0 0
198 43 94 0 0
199 44 94 0 0
200 45 94 0 0
201 44 94 0 0
202 45 94 0 0
203 44 94 0 0
204 45 94 0 0
205 46 94 0 0
206 45 94 0 0
207 46 94 0 0
208 47 94 0 0
209 46 94 0 0
210 47 94 0 0
211 46 94 0 0
212 47 94 0 0
213 46 94 0 0
214 47 94 0 0
215 48 94 0 0
216 47 94 0 0
217 48 94 0 0
218 47 94 0 0
219 48 94 0 0
220 49 94 0 0
221 48 94 0 0
222 49 94 0 0
223 50 94 0 0
224 49 94 0 0
225 50 94 0 0
226 49 94 0 0
227 50 94 0 0
228 51 94 0 0
229 50 94 0 0
230 51 94 0 0
231 50 94 0 0
232 51 94 0 0
233 52 94 0 0
234 51 94 0 0
235 52 94 0 0
236 51 94 0 0
237 52 94 0 0
238 53 94 0 0
239 52 94 0 0
240 53 94 0 0
241 52 94 0 0
242 53 94 0 0
243 52 94 0 0
244 53 94 0 0
245 54 94 0 0
246 53 94 0 0
247 54 94 0 0
248 53 94 0 0
249 54 94 0 0
250 55 94 0 0
251 54 94 0 0
252 55 94 0 0
253 54 94 0 0
254 54 95 0 0
255 55 95 0 0
256 54 95 0 0
257 55 95 0 0
258 56 95 0 0
259 55 95 0 0
260 56 95 0 0
261 55 95 0 0
262 56 95 0 0
263 55 95 0 0
264 56 95 0 0
265 57 95 0 0
266 56 95 0 0
267 57 95 0 0
268 56 95 0 0
269 57 95 0 0
270 58 95 0 0
271 57 95 0 0
272 58 95 0 0
273 57 95 0 0
274 58 95 0 0
275 57 95 0 0
276 58 95 0 0
277 59 95 0 0
278 58 95 0 0
279 59 95 0 0
280 58 95 0 0
281 59 95 0 0
282 60 95 0 0
283 59 95 0 0
284 60 95 0 0
285 59 95 0 0
286 60 95 0 0
287 61 95 0 0
288 60 95 0 0
289 61 95 0 0
290 60 95 0 0
291 61 95 0 0
292 60 95 0 0
293 61 95 0 0
294 62 95 0 0
295 61 95 0 0
296 62 95 0 0
297 61 95 0 0
298 62 95 0 0
299 61 95 0 0
300 62 95 0 0
301 63 95 0 0
302 62 95 0 0
303 63 95 0 0
304 62 95 0 0
305 63 95 0 0
306 62 95 0 0
307 63 95 0 0
308 64 95 0 0
309 63 95 0 0
310 64 95 0 0
311 63 95 0 0
312 64 95 0 0
313 65 95 0 0
314 64 95 0 0
315 65 95 0 0
316 64 95 0 0
317 65 95 0 0
318 64 95 0 0
319 65 95 0 0
320 66 95 0 0
321 65 95 0 0
322 66 95 0 0
323 65 95 0 0
324 66 95 0 0
325 67 95 0 0
326 66 95 0 0
327 67 95 0 0
328 66 95 0 0
329 67 95 0 0
330 66 95 0 0
331 67 95 0 0
332 68 95 0 0
333 67 95 0 0
334 68 95 0 0
335 67 95 0 0
336 68 95 0 0
337 67 95 0 0
338 68 95 0 0
339 68 94 0 0
340 69 94 0 0
341 68 94 0 0
342 69 94 0 0
343 68 94 0 0
344 69 94 0 0
345 68 94 0 0
346 69 94 0 0
347 70 94 0 0
348 69 94 0 0
349 70 94 0 0
350 69 94 0 0
351 70 94 0 0
352 69 94 0 0
353 70 94 0 0
354 69 94 0 0
355 70 94 0 0
356 69 94 0 0
357 70 94 0 0
358 70 93 0 0
359 71 93 0 0
360 70 93 0 0
361 71 93 0 0
362 70 93 0 0
363 71 93 0 0
364 70 93 0 0
365 71 93 0 0
366 72 93 0 0
367 71 93 0 0
368 72 93 0 0
369 71 93 0 0
370 72 93 0 0
371 71 93 0 0
372 72 93 0 0
373 71 93 0 0
374 72 93 0 0
375 73 93 0 0
376 72 93 0 0
377 72 92 0 0
378 73 92 0 0
379 72 92 0 0
380 73 92 0 0
381 72 92 0 0
382 73 92 0 0
383 72 92 0 0
384 73 92 0 0
385 74 92 0 0
386 73 92 0 0
387 74 92 0 0
388 73 92 0 0
389 74 92 0 0
390 73 92 0 0
391 74 92 0 0
392 75 92 0 0
393 74 92 0 0
394 75 92 0 0
395 74 92 0 0
396 74 91 0 0
397 75 91 0 0
398 74 91 0 0
399 75 91 0 0
400 74 91 0 0
401 75 91 0 0
402 76 91 0 0
403 75 91 0 0
404 76 91 0 0
405 75 91 0 0
406 76 91 0 0
407 75 91 0 0
408 76 91 0 0
409 75 91 0 0
410 76 91 0 0
411 75 91 0 0
412 76 91 0 0
413 77 91 0 0
414 76 91 0 0
415 77 91 0 0
416 76 91 0 0
417 77 91 0 0
418 76 91 0 0
419 76 90 0 0
420 77 90 0 0
421 76 90 0 0
422 77 90 0 0
423 78 90 0 0
424 77 90 0 0
425 78 90 0 0
426 77 90 0 0
427 78 90 0 0
428 77 90 0 0
429 78 90 0 0
430 77 90 0 0
431 78 90 0 0
432 77 90 0 0
433 78 90 0 0
434 79 90 0 0
435 78 90 0 0
436 79 90 0 0
437 78 90 0 0
438 79 90 0 0
439 78 90 0 0
440 79 90 0 0
441 79 89 0 0
442 80 89 0 0
443 79 89 0 0
444 80 89 0 0
445 79 89 0 0
446 80 89 0 0
447 79 89 0 0
448 80 89 0 0
449 79 89 0 0
450 80 89 0 0
451 79 89 0 0
452 80 89 0 0
453 81 89 0 0
454 80 89 0 0
455 81 89 0 0
456 80 89 0 0
457 81 89 0 0
458 80 89 0 0
459 81 89 0 0
460 80 89 0 0
461 81 89 0 0
462 81 88 0 0
463 82 88 0 0
464 81 88 0 0
465 82 88 0 0
466 81 88 0 0
467 82 88 0 0
468 81 88 0 0
469 82 88 0 0
470 81 88 0 0
471 82 88 0 0
472 81 88 0 0
473 82 88 0 0
474 81 88 0 0
475 82 88 0 0
476 83 88 0 0
477 82 88 0 0
478 83 88 0 0
479 82 88 0 0
480 83 88 0 0
481 82 88 0 0
482 82 87 0 0
483 83 87 0 0
484 82 87 0 0
485 83 87 0 0
486 82 87 0 0
487 83 87 0 0
488 84 87 0 0
489 83 87 0 0
490 84 87 0 0
491 83 87 0 0
492 84 87 0 0
493 83 87 0 0
494 84 87 0 0
495 83 87 0 0
496 84 87 0 0
497 85 87 0 0
498 84 87 0 0
499 85 87 0 0
500 84 87 0 0
501 84 86 0 0
502 85 86 0 0
503 84 86 0 0
504 85 86 0 0
505 84 86 0 0
506 85 86 0 0
507 84 86 0 0
508 85 86 0 0
509 86 86 0 0
510 85 86 0 0
511 86 86 0 0
512 85 86 0 0
513 86 86 0 0
514 85 86 0 0
515 86 86 0 0
516 87 86 0 0
517 86 86 0 0
518 86 85 0 0
519 87 85 0 0
520 86 85 0 0
521 87 85 0 0
522 86 85 0 0
523 87 85 0 0
524 86 85 0 0
525 87 85 0 0
526 86 85 0 0
527 87 85 0 0
528 88 85 0 0
529 87 85 0 0
530 87 84 0 0
531 88 84 0 0
532 87 84 0 0
533 88 84 0 0
534 87 84 0 0
535 88 84 0 0
536 87 84 0 0
537 88 84 0 0
538 89 84 0 0
539 88 84 0 0
540 89 84 0 0
541 88 84 0 0
542 89 84 0 0
543 88 84 0 0
544 88 83 0 0
545 89 83 0 0
546 90 83 0 0
547 89 83 0 0
548 90 83 0 0
549 89 83 0 0
550 90 83 0 0
551 89 83 0 0
552 90 83 0 0
553 89 83 0 0
554 90 83 0 0
555 89 83 0 0
556 90 83 0 0
557 90 82 0 0
558 91 82 0 0
559 90 82 0 0
560 91 82 0 0
561 90 82 0 0
562 91 82 0 0
563 90 82 0 0
564 91 82 0 0
565 92 82 0 0
566 91 82 0 0
567 92 82 0 0
568 91 82 0 0
569 91 81 0 0
570 92 81 0 0
571 91 81 0 0
572 92 81 0 0
573 91 81 0 0
574 92 81 0 0
575 93 81 0 0
576 92 81 0 0
577 93 81 0 0
578 92 81 0 0
579 93 81 0 0
580 92 81 0 0
581 93 81 0 0
582 92 81 0 0
583 92 80 0 0
584 93 80 0 0
585 94 80 0 0
586 93 80 0 0
587 94 80 0 0
588 93 80 0 0
589 94 80 0 0
590 93 80 0 0
591 94 80 0 0
592 95 80 0 0
593 94 80 0 0
594 95 80 0 0
595 94 80 0 0
596 94 79 0 0
597 95 79 0 0
598 94 79 0 0
599 95 79 0 0
600 94 79 0 0
601 95 79 0 0
602 94 79 0 0
603 95 79 0 0
604 96 79 0 0
605 95 79 0 0
606 96 79 0 0
607 95 79 0 0
608 95 78 0 0
609 96 78 0 0
610 95 78 0 0
611 96 78 0 0
612 95 78 0 0
613 96 78 0 0
614 97 78 0 0
615 96 78 0 0
616 97 78 0 0
617 96 78 0 0
618 97 78 0 0
619 96 78 0 0
620 97 78 0 0
621 98 78 0 0
622 97 78 0 0
623 98 78 0 0
624 97 78 0 0
625 98 78 0 0
626 97 78 0 0
627 98 78 0 0
628 99 78 0 0
629 98 78 0 0
630 99 78 0 0
631 98 78 0 0
632 99 78 0 0
633 98 78 0 0
634 99 78 0 0
635 100 78 0 0
636 99 78 0 0
637 100 78 0 0
638 99 78 0 0
639 100 78 0 0
640 99 78 0 0
641 100 78 0 0
642 99 78 0 0
643 100 78 0 0
644 101 78 0 0
645 100 78 0 0
646 101 78 0 0
647 100 78 0 0
648 101 78 0 0
649 102 78 0 0
650 101 78 0 0
651 102 78 0 0
652 101 78 0 0
653 102 78 0 0
654 101 78 0 0
655 102 78 0 0
656 101 78 0 0
657 102 78 0 0
658 103 78 0 0
659 102 78 0 0
660 102 77 0 0
661 103 77 0 0
662 102 77 0 0
663 103 77 0 0
664 102 77 0 0
665 103 77 0 0
666 104 77 0 0
667 103 77 0 0
668 104 77 0 0
669 103 77 0 0
670 104 77 0 0
671 103 77 0 0
672 104 77 0 0
673 105 77 0 0
674 104 77 0 0
675 105 77 0 0
676 104 77 0 0
677 105 77 0 0
678 105 76 0 0
679 106 76 0 0
680 105 76 0 0
681 106 76 0 0
682 105 76 0 0
683 106 76 0 0
684 105 76 0 0
685 106 76 0 0
686 107 76 0 0
687 106 76 0 0
688 107 76 0 0
689 106 76 0 0
690 107 76 0 0
691 108 76 0 0
692 107 76 0 0
693 108 76 0 0
694 107 76 0 0
695 108 76 0 0
696 109 76 0 0
697 108 76 0 0
698 109 76 0 0
699 108 76 0 0
700 109 76 0 0
701 108 76 0 0
702 109 76 0 0
703 108 76 0 0
704 109 76 0 0
705 110 76 0 0
706 109 76 0 0
707 109 77 0 0
708 110 77 0 0
709 109 77 0 0
710 110 77 0 0
711 109 77 0 0
712 110 77 0 0
713 111 77 0 0
714 110 77 0 0
715 111 77 0 0
716 110 77 0 0
717 111 77 0 0
718 110 77 0 0
719 111 77 0 0
720 110 77 0 0
721 111 77 0 0
722 112 77 0 0
723 111 77 0 0
724 112 77 0 0
725 111 77 0 0
726 111 78 0 0
727 112 78 0 0
728 111 78 0 0
729 112 78 0 0
730 113 78 0 0
731 112 78 0 0
732 113 78 0 0
733 112 78 0 0
734 113 78 0 0
735 112 78 0 0
736 113 78 0 0
737 112 78 0 0
738 113 78 0 0
739 114 78 0 0
740 113 78 0 0
741 114 78 0 0
742 113 78 0 0
743 114 78 0 0
744 113 78 0 0
745 113 79 0 0
746 114 79 0 0
747 113 79 0 0
748 114 79 0 0
749 115 79 0 0
750 114 79 0 0
751 115 79 0 0
752 114 79 0 0
753 115 79 0 0
754 114 79 0 0
755 115 79 0 0
756 116 79 0 0
757 115 79 0 0
758 115 80 0 0
759 116 80 0 0
760 115 80 0 0
761 116 80 0 0
762 115 80 0 0
763 116 80 0 0
764 115 80 0 0
765 116 80 0 0
766 115 80 0 0
767 116 80 0 0
768 116 81 0 0
769 117 81 0 0
770 116 81 0 0
771 117 81 0 0
772 116 81 0 0
773 117 81 0 0
774 116 81 0 0
775 117 81 0 0
776 118 81 0 0
777 117 81 0 0
778 117 82 0 0
779 118 82 0 0
780 117 82 0 0
781 118 82 0 0
782 117 82 0 0
783 118 82 0 0
784 117 82 0 0
785 118 82 0 0
786 117 82 0 0
787 118 82 0 0
788 118 83 0 0
789 119 83 0 0
790 118 83 0 0
791 119 83 0 0
792 118 83 0 0
793 119 83 0 0
794 118 83 0 0
795 119 83 0 0
796 118 83 0 0
797 119 83 0 0
798 119 84 0 0
799 120 84 0 0
800 119 84 0 0
801 120 84 0 0
802 119 84 0 0
803 120 84 0 0
804 119 84 0 0
805 120 84 0 0
806 119 84 0 0
807 120 84 0 0
808 120 85 0 0
809 121 85 0 0
810 120 85 0 0
811 121 85 0 0
812 120 85 0 0
813 121 85 0 0
814 120 85 0 0
815 121 85 0 0
816 120 85 0 0
817 121 85 0 0
818 121 86 0 0
819 122 86 0 0
820 121 86 0 0
821 122 86 0 0
822 121 86 0 0
823 122 86 0 0
824 121 86 0 0
825 122 86 0 0
826 121 86 0 0
827 122 86 0 0
828 122 87 0 0
829 123 87 0 0
830 122 87 0 0
831 123 87 0 0
832 122 87 0 0
833 123 87 0 0
834 122 87 0 0
835 123 87 0 0
836 122 87 0 0
837 123 87 0 0
838 124 87 0 0
839 123 87 0 0
840 123 88 0 0
841 124 88 0 0
842 123 88 0 0
843 124 88 0 0
844 123 88 0 0
845 124 88 0 0
846 125 88 0 0
847 124 88 0 0
848 125 88 0 0
849 124 88 0 0
850 125 88 0 0
851 126 88 0 0
852 125 88 0 0
853 125 89 0 0
854 126 89 0 0
855 125 89 0 0
856 126 89 0 0
857 125 89 0 0
858 126 89 0 0
859 127 89 0 0
860 126 89 0 0
861 127 89 0 0
862 126 89 0 0
863 127 89 0 0
864 126 89 0 0
865 127 89 0 0
866 127 90 0 0
867 128 90 0 0
868 127 90 0 0
869 128 90 0 0
870 127 90 0 0
871 128 90 0 0
872 129 90 0 0
873 128 90 0 0
874 129 90 0 0
875 128 90 0 0
876 129 90 0 0
877 128 90 0 0
878 129 90 0 0
879 130 90 0 0
880 129 90 0 0
881 129 91 0 0
882 130 91 0 0
883 129 91 0 0
884 130 91 0 0
885 131 91 0 0
886 130 91 0 0
887 131 91 0 0
888 130 91 0 0
889 131 91 0 0
890 130 91 0 0
891 131 91 0 0
892 132 91 0 0
893 131 91 0 0
894 131 92 0 0
895 132 92 0 0
896 131 92 0 0
897 132 92 0 0
898 133 92 0 0
899 132 92 0 0
900 133 92 0 0
901 132 92 0 0
902 133 92 0 0
903 132 92 0 0
904 133 92 0 0
905 134 92 0 0
906 133 92 0 0
907 133 93 0 0
908 134 93 0 0
909 133 93 0 0
910 134 93 0 0
911 133 93 0 0
912 134 93 0 0
913 135 93 0 0
914 134 93 0 0
915 135 93 0 0
916 134 93 0 0
917 135 93 0 0
918 136 93 0 0
919 135 93 0 0
920 135 94 0 0
921 136 94 0 0
922 135 94 0 0
923 136 94 0 0
924 135 94 0 0
925 136 94 0 0
926 137 94 0 0
927 136 94 0 0
928 137 94 0 0
929 136 94 0 0
930 137 94 0 0
931 136 94 0 0
932 137 94 0 0
933 138 94 0 0
934 137 94 0 0
935 138 94 0 0
936 137 94 0 0
937 138 94 0 0
938 137 94 0 0
939 137 95 0 0
940 138 95 0 0
941 139 95 0 0
942 138 95 0 0
943 139 95 0 0
944 138 95 0 0
945 139 95 0 0
946 138 95 0 0
947 139 95 0 0
948 140 95 0 0
949 139 95 0 0
950 140 95 0 0
951 139 95 0 0
952 140 95 0 0
953 141 95 0 0
954 140 95 0 0
955 141 95 0 0
956 140 95 0 0
957 141 95 0 0
958 140 95 0 0
959 141 95 0 0
960 141 96 0 0
961 142 96 0 0
962 141 96 0 0
963 142 96 0 0
964 141 96 0 0
965 142 96 0 0
966 143 96 0 0
967 142 96 0 0
968 143 96 0 0
969 142 96 0 0
970 143 96 0 0
971 142 96 0 0
972 143 96 0 0
973 142 96 0 0
974 143 96 0 0
975 144 96 0 0
976 143 96 0 0
977 144 96 0 0
978 143 96 0 0
979 144 96 0 0
980 143 96 0 0
981 144 96 0 0
982 145 96 0 0
983 144 96 0 0
984 144 97 0 0
985 145 97 0 0
986 144 97 0 0
987 145 97 0 0
988 146 97 0 0
989 145 97 0 0
990 146 97 0 0
991 145 97 0 0
992 146 97 0 0
993 145 97 0 0
994 146 97 0 0
995 147 97 0 0
996 146 97 0 0
997 147 97 0 0
998 146 97 0 0
999 147 97 0 0
1000 146 97 0 0
1001 147 97 0 0
1002 148 97 0 0
1003 147 97 0 0
1004 148 97 0 0
1005 147 97 0 0
1006 147 98 0 0
1007 148 98 0 0
1008 149 98 0 0
1009 148 98 0 0
1010 149 98 0 0
1011 148 98 0 0
1012 149 98 0 0
1013 148 98 0 0
1014 149 98 0 0
1015 150 98 0 0
1016 149 98 0 0
1017 150 98 0 0
1018 149 98 0 0
1019 150 98 0 0
1020 151 98 0 0
1021 150 98 0 0
1022 151 98 0 0
1023 150 98 0 0
1024 151 98 0 0
1025 152 98 0 0
1026 151 98 0 0
1027 152 98 0 0
1028 153 98 0 0
1029 152 98 0 0
1030 153 98 0 0
1031 152 98 0 0
1032 153 98 0 0
1033 154 98 0 0
1034 153 98 0 0
1035 154 98 0 0
1036 153 98 0 0
1037 154 98 0 0
1038 155 98 0 0
1039 154 98 0 0
1040 155 98 0 0
1041 156 98 0 0
1042 155 98 0 0
1043 156 98 0 0
1044 155 98 0 0
1045 156 98 0 0
1046 157 98 0 0
1047 156 98 0 0
1048 157 98 0 0
1049 158 98 0 0
1050 157 98 0 0
1051 158 98 0 0
1052 157 98 0 0
1053 158 98 0 0
1054 159 98 0 0
1055 158 98 0 0
1056 159 98 0 0
1057 158 98 0 0
1058 159 98 0 0
1059 160 98 0 0
1060 159 98 0 0
1061 160 98 0 0
1062 161 98 0 0
1063 160 98 0 0
1064 161 98 0 0
1065 160 98 0 0
1066 161 98 0 0
1067 161 99 0 0
1068 162 99 0 0
1069 161 99 0 0
1070 162 99 0 0
1071 161 99 0 0
1072 162 99 0 0
1073 163 99 0 0
1074 162 99 0 0
1075 163 99 0 0
1076 162 99 0 0
1077 163 99 0 0
1078 162 99 0 0
1079 163 99 0 0
1080 164 99 0 0
1081 163 99 0 0
1082 164 99 0 0
1083 163 99 0 0
1084 164 99 0 0
1085 163 99 0 0
1086 164 99 0 0
1087 165 99 0 0
1088 164 99 0 0
1089 165 99 0 0
1090 164 99 0 0
1091 165 99 0 0
1092 166 99 0 0
1093 165 99 0 0
1094 166 99 0 0
1095 165 99 0 0
1096 166 99 0 0
1097 165 99 0 0
1098 166 99 0 0
1099 167 99 0 0
1100 166 99 0 0
1101 167 99 0 0
1102 166 99 0 0
1103 166 100 0 0
1104 167 100 0 0
1105 166 100 0 0
1106 167 100 0 0
1107 168 100 0 0
1108 167 100 0 0
1109 168 100 0 0
1110 167 100 0 0
1111 168 100 0 0
1112 169 100 0 0
1113 168 100 0 0
1114 169 100 0 0
1115 168 100 0 0
1116 169 100 0 0
1117 168 100 0 0
1118 169 100 0 0
1119 170 100 0 0
1120 169 100 0 0
1121 170 100 0 0
1122 169 100 0 0
1123 170 100 0 0
1124 171 100 0 0
1125 170 100 0 0
1126 171 100 0 0
1127 170 100 0 0
1128 171 100 0 0
1129 170 100 0 0
1130 171 100 0 0
1131 172 100 0 0
1132 171 100 0 0
1133 172 100 0 0
1134 171 100 0 0
1135 172 100 0 0
1136 173 100 0 0
1137 172 100 0 0
1138 173 100 0 0
1139 172 100 0 0
1140 173 100 0 0
1141 172 100 0 0
1142 173 100 0 0
1143 174 100 0 0
1144 173 100 0 0
1145 174 100 0 0
1146 173 100 0 0
1147 174 100 0 0
1148 173 100 0 0
1149 174 100 0 0
1150 175 100 0 0
1151 174 100 0 0
1152 175 100 0 0
1153 174 100 0 0
1154 175 100 0 0
1155 176 100 0 0
1156 175 100 0 0
1157 176 100 0 0
1158 175 100 0 0
1159 176 100 0 0
1160 175 100 0 0
1161 176 100 0 0
1162 177 100 0 0
1163 176 100 0 0
1164 177 100 0 0
1165 176 100 0 0
1166 177 100 0 0
1167 178 100 0 0
1168 177 100 0 0
1169 178 100 0 0
1170 177 100 0 0
1171 178 100 0 0
1172 177 100 0 0
1173 177 101 0 0
1174 178 101 0 0
1175 179 101 0 0
1176 178 101 0 0
1177 179 101 0 0
1178 178 101 0 0
1179 179 101 0 0
1180 178 101 0 0
1181 179 101 0 0
1182 180 101 0 0
1183 179 101 0 0
1184 180 101 0 0
1185 179 101 0 0
1186 180 101 0 0
1187 181 101 0 0
1188 180 101 0 0
1189 181 101 0 0
1190 180 101 0 0
1191 181 101 0 0
1192 180 101 0 0
1193 181 101 0 0
1194 182 101 0 0
1195 181 101 0 0
1196 182 101 0 0
1197 181 101 0 0
1198 182 101 0 0
1199 183 101 0 0
1200 182 101 0 0
1201 183 101 0 0
1202 182 101 0 0
1203 183 101 0 0
1204 182 101 0 0
1205 183 101 0 0
1206 184 101 0 0
1207 183 101 0 0
1208 184 101 0 0
1209 183 101 0 0
1210 184 101 0 0
1211 183 101 0 0
1212 184 101 0 0
1213 185 101 0 0
1214 184 101 0 0
1215 185 101 0 0
1216 184 101 0 0
1217 185 101 0 0
1218 186 101 0 0
1219 185 101 0 0
1220 186 101 0 0
1221 185 101 0 0
1222 186 101 0 0
1223 185 101 0 0
1224 186 101 0 0
1225 187 101 0 0
1226 186 101 0 0
1227 187 101 0 0
1228 186 101 0 0
1229 187 101 0 0
1230 186 101 0 0
1231 187 101 0 0
1232 188 101 0 0
1233 187 101 0 0
1234 188 101 0 0
1235 187 101 0 0
1236 188 101 0 0
1237 189 101 0 0
1238 188 101 0 0
1239 189 101 0 0
1240 188 101 0 0
1241 189 101 0 0
1242 188 101 0 0
1243 189 101 0 0
1244 190 101 0 0
1245 189 101 0 0
1246 190 101 0 0
1247 189 101 0 0
1248 190 101 0 0
1249 191 101 0 0
1250 190 101 0 0
1251 191 101 0 0
1252 190 101 0 0
1253 191 101 0 0
1254 190 101 0 0
1255 191 101 0 0
1256 192 101 0 0
1257 191 101 0 0
1258 192 101 0 0
1259 191 101 0 0
1260 192 101 0 0
1261 193 101 0 0
1262 192 101 0 0
1263 193 101 0 0
1264 192 101 0 0
1265 193 101 0 0
1266 192 101 0 0
1267 193 101 0 0
1268 192 101 0 0
1269 193 101 0 0
1270 192 101 0 0
1271 193 101 0 0
1272 194 101 0 0
1273 193 101 0 0
1274 194 101 0 0
1275 193 101 0 0
1276 194 101 0 0
1277 193 101 0 0
1278 194 101 0 0
1279 193 101 0 0
1280 194 101 0 0
1281 195 101 0 0
1282 194 101 0 0
1283 195 101 0 0
1284 194 101 0 0
1285 195 101 0 0
1286 194 101 0 0
1287 195 101 0 0
1288 194 101 0 0
1289 195 101 0 0
