0 3 99 0 0
1 3 100 0 0
2 4 100 0 0
3 3 100 0 0
4 4 100 0 0
5 5 100 0 0
6 4 100 0 0
7 5 100 0 0
8 4 100 0 0
9 5 100 0 0
10 6 100 0 0
11 5 100 0 0
12 6 100 0 0
13 5 100 0 0
14 6 100 0 0
15 7 100 0 0
16 6 100 0 0
17 7 100 0 0
18 6 100 0 0
19 7 100 0 0
20 8 100 0 0
21 7 100 0 0
22 8 100 0 0
23 9 100 0 0
24 8 100 0 0
25 9 100 0 0
26 8 100 0 0
27 9 100 0 0
28 10 100 0 0
29 9 100 0 0
30 10 100 0 0
31 11 100 0 0
32 10 100 0 0
33 11 100 0 0
34 10 100 0 0
35 11 100 0 0
36 12 100 0 0
37 11 100 0 0
38 12 100 0 0
39 13 100 0 0
40 12 100 0 0
41 13 100 0 0
42 12 100 0 0
43 13 100 0 0
44 14 100 0 0
45 13 100 0 0
46 14 100 0 0
47 13 100 0 0
48 14 100 0 0
49 15 100 0 0
50 14 100 0 0
51 15 100 0 0
52 16 100 0 0
53 15 100 0 0
54 16 100 0 0
55 17 100 0 0
56 16 100 0 0
57 17 100 0 0
58 16 100 0 0
59 17 100 0 0
60 18 100 0 0
61 17 100 0 0
62 18 100 0 0
63 19 100 0 0
64 18 100 0 0
65 19 100 0 0
66 18 100 0 0
67 19 100 0 0
68 20 100 0 0
69 19 100 0 0
70 20 100 0 0
71 21 100 0 0
72 20 100 0 0
73 21 100 0 0
74 20 100 0 0
75 21 100 0 0
76 22 100 0 0
77 21 100 0 0
78 22 100 0 0
79 23 100 0 0
80 22 100 0 0
81 23 100 0 0
82 22 100 0 0
83 22 101 0 0
84 23 101 0 0
85 24 101 0 0
86 23 101 0 0
87 24 101 0 0
88 23 101 0 0
89 24 101 0 0
90 23 101 0 0
91 24 101 0 0
92 25 101 0 0
93 24 101 0 0
94 25 101 0 0
95 26 101 0 0
96 25 101 0 0
97 26 101 0 0
98 25 101 0 0
99 26 101 0 0
100 25 101 0 0
101 26 101 0 0
102 27 101 0 0
103 26 101 0 0
104 27 101 0 0
105 26 101 0 0
106 27 101 0 0
107 28 101 0 0
108 27 101 0 0
109 28 101 0 0
110 29 101 0 0
111 28 101 0 0
112 29 101 0 0
113 28 101 0 0
114 29 101 0 0
115 28 101 0 0
116 29 101 0 0
117 30 101 0 0
118 29 101 0 0
119 30 101 0 0
120 31 101 0 0
121 30 101 0 0
122 31 101 0 0
123 30 101 0 0
124 31 101 0 0
125 30 101 0 0
126 31 101 0 0
127 32 101 0 0
128 31 101 0 0
129 32 101 0 0
130 33 101 0 0
131 32 101 0 0
132 33 101 0 0
133 32 101 0 0
134 33 101 0 0
135 32 101 0 0
136 33 101 0 0
137 34 101 0 0
138 33 101 0 0
139 34 101 0 0
140 33 101 0 0
141 34 101 0 0
142 35 101 0 0
143 34 101 0 0
144 35 101 0 0
145 34 101 0 0
146 35 101 0 0
147 36 101 0 0
148 35 101 0 0
149 36 101 0 0
150 35 101 0 0
151 36 101 0 0
152 37 101 0 0
153 36 101 0 0
154 37 101 0 0
155 36 101 0 0
156 37 101 0 0
157 38 101 0 0
158 37 101 0 0
159 38 101 0 0
160 37 101 0 0
161 38 101 0 0
162 39 101 0 0
163 38 101 0 0
164 39 101 0 0
165 38 101 0 0
166 39 101 0 0
167 40 101 0 0
168 39 101 0 0
169 40 101 0 0
170 39 101 0 0
171 40 101 0 0
172 41 101 0 0
173 40 101 0 0
174 41 101 0 0
175 40 101 0 0
176 41 101 0 0
177 42 101 0 0
178 41 101 0 0
179 42 101 0 0
180 43 101 0 0
181 42 101 0 0
182 43 101 0 0
183 42 101 0 0
184 43 101 0 0
185 44 101 0 0
186 43 101 0 0
187 44 101 0 0
188 43 101 0 0
189 44 101 0 0
190 45 101 0 0
191 44 101 0 0
192 45 101 0 0
193 46 101 0 0
194 45 101 0 0
195 46 101 0 0
196 45 101 0 0
197 46 101 0 0
198 47 101 0 0
199 46 101 0 0
200 47 101 0 0
201 46 101 0 0
202 47 101 0 0
203 46 101 0 0
204 47 101 0 0
205 48 101 0 0
206 47 101 0 0
207 48 101 0 0
208 49 101 0 0
209 48 101 0 0
210 49 101 0 0
211 48 101 0 0
212 49 101 0 0
213 50 101 0 0
214 49 101 0 0
215 49 100 0 0
216 50 100 0 0
217 51 100 0 0
218 50 100 0 0
219 51 100 0 0
220 50 100 0 0
221 51 100 0 0
222 52 100 0 0
223 51 100 0 0
224 52 100 0 0
225 53 100 0 0
226 52 100 0 0
227 53 100 0 0
228 52 100 0 0
229 53 100 0 0
230 54 100 0 0
231 53 100 0 0
232 54 100 0 0
233 53 100 0 0
234 54 100 0 0
235 55 100 0 0
236 54 100 0 0
237 55 100 0 0
238 56 100 0 0
239 55 100 0 0
240 56 100 0 0
241 56 99 0 0
242 57 99 0 0
243 56 99 0 0
244 57 99 0 0
245 56 99 0 0
246 57 99 0 0
247 58 99 0 0
248 57 99 0 0
249 58 99 0 0
250 59 99 0 0
251 58 99 0 0
252 59 99 0 0
253 58 99 0 0
254 59 99 0 0
255 60 99 0 0
256 59 99 0 0
257 60 99 0 0
258 61 99 0 0
259 60 99 0 0
260 61 99 0 0
261 60 99 0 0
262 61 99 0 0
263 62 99 0 0
264 61 99 0 0
265 62 99 0 0
266 63 99 0 0
267 62 99 0 0
268 62 98 0 0
269 63 98 0 0
270 62 98 0 0
271 63 98 0 0
272 64 98 0 0
273 63 98 0 0
274 64 98 0 0
275 65 98 0 0
276 64 98 0 0
277 65 98 0 0
278 66 98 0 0
279 65 98 0 0
280 66 98 0 0
281 65 98 0 0
282 66 98 0 0
283 67 98 0 0
284 66 98 0 0
285 67 98 0 0
286 66 98 0 0
287 66 97 0 0
288 67 97 0 0
289 66 97 0 0
290 67 97 0 0
291 68 97 0 0
292 67 97 0 0
293 68 97 0 0
294 69 97 0 0
295 68 97 0 0
296 69 97 0 0
297 68 97 0 0
298 68 96 0 0
299 69 96 0 0
300 70 96 0 0
301 69 96 0 0
302 70 96 0 0
303 69 96 0 0
304 70 96 0 0
305 71 96 0 0
306 70 96 0 0
307 71 96 0 0
308 70 96 0 0
309 70 95 0 0
310 71 95 0 0
311 72 95 0 0
312 71 95 0 0
313 72 95 0 0
314 73 95 0 0
315 72 95 0 0
316 73 95 0 0
317 72 95 0 0
318 73 95 0 0
319 72 95 0 0
320 72 94 0 0
321 73 94 0 0
322 74 94 0 0
323 73 94 0 0
324 74 94 0 0
325 73 94 0 0
326 74 94 0 0
327 75 94 0 0
328 74 94 0 0
329 75 94 0 0
330 75 93 0 0
331 76 93 0 0
332 75 93 0 0
333 76 93 0 0
334 75 93 0 0
335 76 93 0 0
336 77 93 0 0
337 76 93 0 0
338 77 93 0 0
339 76 93 0 0
340 77 93 0 0
341 77 92 0 0
342 78 92 0 0
343 79 92 0 0
344 78 92 0 0
345 79 92 0 0
346 80 92 0 0
347 79 92 0 0
348 80 92 0 0
349 80 91 0 0
350 81 91 0 0
351 80 91 0 0
352 81 91 0 0
353 82 91 0 0
354 81 91 0 0
355 82 91 0 0
356 83 91 0 0
357 82 91 0 0
358 82 90 0 0
359 83 90 0 0
360 84 90 0 0
361 83 90 0 0
362 84 90 0 0
363 85 90 0 0
364 84 90 0 0
365 85 90 0 0
366 85 89 0 0
367 86 89 0 0
368 85 89 0 0
369 86 89 0 0
370 87 89 0 0
371 86 89 0 0
372 87 89 0 0
373 86 89 0 0
374 86 88 0 0
375 87 88 0 0
376 88 88 0 0
377 87 88 0 0
378 88 88 0 0
379 87 88 0 0
380 88 88 0 0
381 88 87 0 0
382 89 87 0 0
383 88 87 0 0
384 89 87 0 0
385 88 87 0 0
386 89 87 0 0
387 88 87 0 0
388 89 87 0 0
389 89 86 0 0
390 90 86 0 0
391 89 86 0 0
392 90 86 0 0
393 91 86 0 0
394 90 86 0 0
395 90 85 0 0
396 91 85 0 0
397 90 85 0 0
398 91 85 0 0
399 90 85 0 0
400 91 85 0 0
401 92 85 0 0
402 91 85 0 0
403 91 84 0 0
404 92 84 0 0
405 91 84 0 0
406 92 84 0 0
407 93 84 0 0
408 92 84 0 0
409 92 83 0 0
410 93 83 0 0
411 92 83 0 0
412 93 83 0 0
413 94 83 0 0
414 93 83 0 0
415 94 83 0 0
416 95 83 0 0
417 94 83 0 0
418 95 83 0 0
419 96 83 0 0
420 95 83 0 0
421 96 83 0 0
422 97 83 0 0
423 96 83 0 0
424 97 83 0 0
425 96 83 0 0
426 97 83 0 0
427 98 83 0 0
428 97 83 0 0
429 98 83 0 0
430 99 83 0 0
431 98 83 0 0
432 99 83 0 0
433 100 83 0 0
434 99 83 0 0
435 100 83 0 0
436 101 83 0 0
437 100 83 0 0
438 101 83 0 0
439 102 83 0 0
440 101 83 0 0
441 102 83 0 0
442 103 83 0 0
443 102 83 0 0
444 103 83 0 0
445 102 83 0 0
446 103 83 0 0
447 104 83 0 0
448 103 83 0 0
449 104 83 0 0
450 105 83 0 0
451 104 83 0 0
452 105 83 0 0
453 106 83 0 0
454 105 83 0 0
455 106 83 0 0
456 106 82 0 0
457 107 82 0 0
458 106 82 0 0
459 106 83 0 0
460 107 83 0 0
461 106 83 0 0
462 107 83 0 0
463 106 83 0 0
464 107 83 0 0
465 106 83 0 0
466 107 83 0 0
467 108 83 0 0
468 107 83 0 0
469 108 83 0 0
470 107 83 0 0
471 107 84 0 0
472 108 84 0 0
473 109 84 0 0
474 108 84 0 0
475 109 84 0 0
476 108 84 0 0
477 109 84 0 0
478 108 84 0 0
479 109 84 0 0
480 110 84 0 0
481 109 84 0 0
482 110 84 0 0
483 109 84 0 0
484 109 85 0 0
485 110 85 0 0
486 111 85 0 0
487 110 85 0 0
488 111 85 0 0
489 110 85 0 0
490 111 85 0 0
491 110 85 0 0
492 111 85 0 0
493 110 85 0 0
494 111 85 0 0
495 112 85 0 0
496 111 85 0 0
497 111 86 0 0
498 112 86 0 0
499 111 86 0 0
500 112 86 0 0
501 113 86 0 0
502 112 86 0 0
503 113 86 0 0
504 112 86 0 0
505 113 86 0 0
506 112 86 0 0
507 113 86 0 0
508 113 87 0 0
509 114 87 0 0
510 113 87 0 0
511 114 87 0 0
512 113 87 0 0
513 114 87 0 0
514 113 87 0 0
515 114 87 0 0
516 113 87 0 0
517 114 87 0 0
518 115 87 0 0
519 114 87 0 0
520 114 88 0 0
521 115 88 0 0
522 114 88 0 0
523 115 88 0 0
524 114 88 0 0
525 115 88 0 0
526 114 88 0 0
527 115 88 0 0
528 114 88 0 0
529 114 89 0 0
530 115 89 0 0
531 114 89 0 0
532 115 89 0 0
533 116 89 0 0
534 115 89 0 0
535 115 90 0 0
536 116 90 0 0
537 115 90 0 0
538 116 90 0 0
539 115 90 0 0
540 116 90 0 0
541 115 90 0 0
542 115 91 0 0
543 116 91 0 0
544 115 91 0 0
545 116 91 0 0
546 115 91 0 0
547 116 91 0 0
548 115 91 0 0
549 116 91 0 0
550 115 91 0 0
551 115 92 0 0
552 116 92 0 0
553 117 92 0 0
554 116 92 0 0
555 117 92 0 0
556 116 92 0 0
557 117 92 0 0
558 116 92 0 0
559 116 93 0 0
560 117 93 0 0
561 116 93 0 0
562 117 93 0 0
563 116 93 0 0
564 117 93 0 0
565 116 93 0 0
566 116 94 0 0
567 117 94 0 0
568 116 94 0 0
569 117 94 0 0
570 116 94 0 0
571 117 94 0 0
572 116 94 0 0
573 116 95 0 0
574 117 95 0 0
575 116 95 0 0
576 117 95 0 0
577 116 95 0 0
578 117 95 0 0
579 117 96 0 0
580 118 96 0 0
581 117 96 0 0
582 118 96 0 0
583 117 96 0 0
584 118 96 0 0
585 117 96 0 0
586 117 97 0 0
587 118 97 0 0
588 117 97 0 0
589 118 97 0 0
590 117 97 0 0
591 118 97 0 0
592 117 97 0 0
593 117 98 0 0
594 118 98 0 0
595 117 98 0 0
596 118 98 0 0
597 117 98 0 0
598 118 98 0 0
599 117 98 0 0
600 117 99 0 0
601 118 99 0 0
602 117 99 0 0
603 118 99 0 0
604 117 99 0 0
605 118 99 0 0
606 117 99 0 0
607 117 100 0 0
608 118 100 0 0
609 117 100 0 0
610 118 100 0 0
611 117 100 0 0
612 117 101 0 0
613 118 101 0 0
614 117 101 0 0
615 118 101 0 0
616 117 101 0 0
617 118 101 0 0
618 117 101 0 0
619 117 102 0 0
620 118 102 0 0
621 117 102 0 0
622 118 102 0 0
623 117 102 0 0
624 118 102 0 0
625 117 102 0 0
626 117 103 0 0
627 118 103 0 0
628 117 103 0 0
629 118 103 0 0
630 117 103 0 0
631 117 104 0 0
632 118 104 0 0
633 117 104 0 0
634 118 104 0 0
635 117 104 0 0
636 118 104 0 0
637 117 104 0 0
638 117 105 0 0
639 118 105 0 0
640 117 105 0 0
641 118 105 0 0
642 117 105 0 0
643 117 106 0 0
644 118 106 0 0
645 117 106 0 0
646 118 106 0 0
647 117 106 0 0
648 118 106 0 0
649 117 106 0 0
650 117 107 0 0
651 118 107 0 0
652 117 107 0 0
653 118 107 0 0
654 117 107 0 0
655 118 107 0 0
656 117 107 0 0
657 117 108 0 0
658 118 108 0 0
659 117 108 0 0
660 118 108 0 0
661 117 108 0 0
662 117 109 0 0
663 118 109 0 0
664 117 109 0 0
665 118 109 0 0
666 117 109 0 0
667 118 109 0 0
668 117 109 0 0
669 117 110 0 0
670 118 110 0 0
671 117 110 0 0
672 118 110 0 0
673 117 110 0 0
674 118 110 0 0
675 117 110 0 0
676 117 111 0 0
677 118 111 0 0
678 117 111 0 0
679 118 111 0 0
680 117 111 0 0
681 117 112 0 0
682 118 112 0 0
683 117 112 0 0
684 118 112 0 0
685 117 112 0 0
686 118 112 0 0
687 117 112 0 0
688 117 113 0 0
689 118 113 0 0
690 117 113 0 0
691 118 113 0 0
692 117 113 0 0
693 117 114 0 0
694 118 114 0 0
695 117 114 0 0
696 118 114 0 0
697 117 114 0 0
698 118 114 0 0
699 117 114 0 0
700 117 115 0 0
701 118 115 0 0
702 117 115 0 0
703 118 115 0 0
704 117 115 0 0
705 118 115 0 0
706 117 115 0 0
707 117 116 0 0
708 118 116 0 0
709 117 116 0 0
710 118 116 0 0
711 117 116 0 0
712 117 117 0 0
713 118 117 0 0
714 117 117 0 0
715 118 117 0 0
716 117 117 0 0
717 118 117 0 0
718 117 117 0 0
719 117 118 0 0
720 118 118 0 0
721 117 118 0 0
722 118 118 0 0
723 117 118 0 0
724 117 119 0 0
725 118 119 0 0
726 117 119 0 0
727 118 119 0 0
728 117 119 0 0
729 118 119 0 0
730 117 119 0 0
731 117 120 0 0
732 118 120 0 0
733 117 120 0 0
734 118 120 0 0
735 117 120 0 0
736 118 120 0 0
737 117 120 0 0
738 117 121 0 0
739 118 121 0 0
740 117 121 0 0
741 118 121 0 0
742 117 121 0 0
743 117 122 0 0
744 118 122 0 0
745 117 122 0 0
746 118 122 0 0
747 117 122 0 0
748 118 122 0 0
749 117 122 0 0
750 117 123 0 0
751 118 123 0 0
752 117 123 0 0
753 118 123 0 0
754 117 123 0 0
755 117 124 0 0
756 118 124 0 0
757 117 124 0 0
758 118 124 0 0
759 117 124 0 0
760 117 125 0 0
761 118 125 0 0
762 117 125 0 0
763 118 125 0 0
764 117 125 0 0
765 116 125 0 0
766 116 126 0 0
767 117 126 0 0
768 116 126 0 0
769 117 126 0 0
770 116 126 0 0
771 116 127 0 0
772 117 127 0 0
773 116 127 0 0
774 117 127 0 0
775 116 127 0 0
776 116 128 0 0
777 117 128 0 0
778 116 128 0 0
779 117 128 0 0
780 116 128 0 0
781 117 128 0 0
782 116 128 0 0
783 116 129 0 0
784 117 129 0 0
785 116 129 0 0
786 117 129 0 0
787 116 129 0 0
788 116 130 0 0
789 117 130 0 0
790 116 130 0 0
791 117 130 0 0
792 116 130 0 0
793 117 130 0 0
794 116 130 0 0
795 116 131 0 0
796 117 131 0 0
797 116 131 0 0
798 117 131 0 0
799 116 131 0 0
800 116 132 0 0
801 117 132 0 0
802 116 132 0 0
803 117 132 0 0
804 116 132 0 0
805 116 133 0 0
806 115 133 0 0
807 116 133 0 0
808 115 133 0 0
809 116 133 0 0
810 115 133 0 0
811 115 134 0 0
812 116 134 0 0
813 115 134 0 0
814 116 134 0 0
815 115 134 0 0
816 115 135 0 0
817 116 135 0 0
818 115 135 0 0
819 116 135 0 0
820 115 135 0 0
821 116 135 0 0
822 115 135 0 0
823 115 136 0 0
824 116 136 0 0
825 115 136 0 0
826 116 136 0 0
827 115 136 0 0
828 115 137 0 0
829 116 137 0 0
830 115 137 0 0
831 116 137 0 0
832 115 137 0 0
833 116 137 0 0
834 115 137 0 0
835 115 138 0 0
836 116 138 0 0
837 115 138 0 0
838 116 138 0 0
839 115 138 0 0
840 115 139 0 0
841 116 139 0 0
842 115 139 0 0
843 116 139 0 0
844 115 139 0 0
845 116 139 0 0
846 115 139 0 0
847 115 140 0 0
848 116 140 0 0
849 115 140 0 0
850 116 140 0 0
851 115 140 0 0
852 115 141 0 0
853 114 141 0 0
854 115 141 0 0
855 114 141 0 0
856 114 142 0 0
857 115 142 0 0
858 114 142 0 0
859 115 142 0 0
860 114 142 0 0
861 115 142 0 0
862 114 142 0 0
863 114 143 0 0
864 115 143 0 0
865 114 143 0 0
866 115 143 0 0
867 114 143 0 0
868 114 144 0 0
869 115 144 0 0
870 114 144 0 0
871 115 144 0 0
872 114 144 0 0
873 115 144 0 0
874 114 144 0 0
875 114 145 0 0
876 115 145 0 0
877 114 145 0 0
878 115 145 0 0
879 114 145 0 0
880 114 146 0 0
881 115 146 0 0
882 114 146 0 0
883 115 146 0 0
884 114 146 0 0
885 115 146 0 0
886 114 146 0 0
887 114 147 0 0
888 115 147 0 0
889 114 147 0 0
890 113 147 0 0
891 113 148 0 0
892 114 148 0 0
893 113 148 0 0
894 114 148 0 0
895 113 148 0 0
896 114 148 0 0
897 113 148 0 0
898 113 149 0 0
899 114 149 0 0
900 113 149 0 0
901 114 149 0 0
902 113 149 0 0
903 113 150 0 0
904 114 150 0 0
905 113 150 0 0
906 114 150 0 0
907 113 150 0 0
908 113 151 0 0
909 114 151 0 0
910 113 151 0 0
911 114 151 0 0
912 113 151 0 0
913 113 152 0 0
914 114 152 0 0
915 113 152 0 0
916 114 152 0 0
917 113 152 0 0
918 114 152 0 0
919 113 152 0 0
920 113 153 0 0
921 114 153 0 0
922 113 153 0 0
923 114 153 0 0
924 113 153 0 0
925 113 154 0 0
926 114 154 0 0
927 113 154 0 0
928 114 154 0 0
929 113 154 0 0
930 113 155 0 0
931 114 155 0 0
932 113 155 0 0
933 114 155 0 0
934 113 155 0 0
935 114 155 0 0
936 113 155 0 0
937 113 156 0 0
938 114 156 0 0
939 113 156 0 0
940 114 156 0 0
941 113 156 0 0
942 113 157 0 0
943 114 157 0 0
944 115 157 0 0
945 114 157 0 0
946 114 158 0 0
947 115 158 0 0
948 114 158 0 0
949 115 158 0 0
950 114 158 0 0
951 114 159 0 0
952 115 159 0 0
953 114 159 0 0
954 115 159 0 0
955 114 159 0 0
956 115 159 0 0
957 114 159 0 0
958 114 160 0 0
959 115 160 0 0
960 114 160 0 0
961 115 160 0 0
962 114 160 0 0
963 114 161 0 0
964 115 161 0 0
965 114 161 0 0
966 115 161 0 0
967 114 161 0 0
968 114 162 0 0
969 115 162 0 0
970 114 162 0 0
971 115 162 0 0
972 114 162 0 0
973 115 162 0 0
974 114 162 0 0
975 114 163 0 0
976 115 163 0 0
977 114 163 0 0
978 115 163 0 0
979 114 163 0 0
980 114 164 0 0
981 115 164 0 0
982 114 164 0 0
983 115 164 0 0
984 114 164 0 0
985 114 165 0 0
986 115 165 0 0
987 114 165 0 0
988 115 165 0 0
989 114 165 0 0
990 114 166 0 0
991 115 166 0 0
992 114 166 0 0
993 115 166 0 0
994 114 166 0 0
995 115 166 0 0
996 114 166 0 0
997 114 167 0 0
998 115 167 0 0
999 114 167 0 0
1000 115 167 0 0
1001 114 167 0 0
1002 114 168 0 0
1003 115 168 0 0
1004 114 168 0 0
1005 115 168 0 0
1006 114 168 0 0
1007 114 169 0 0
1008 115 169 0 0
1009 114 169 0 0
1010 115 169 0 0
1011 114 169 0 0
1012 114 170 0 0
1013 115 170 0 0
1014 114 170 0 0
1015 115 170 0 0
1016 116 170 0 0
1017 115 170 0 0
1018 115 171 0 0
1019 116 171 0 0
1020 115 171 0 0
1021 116 171 0 0
1022 115 171 0 0
1023 115 172 0 0
1024 116 172 0 0
1025 115 172 0 0
1026 116 172 0 0
1027 115 172 0 0
1028 115 173 0 0
1029 116 173 0 0
1030 115 173 0 0
1031 116 173 0 0
1032 115 173 0 0
1033 115 174 0 0
1034 116 174 0 0
1035 115 174 0 0
1036 116 174 0 0
1037 115 174 0 0
1038 115 175 0 0
1039 116 175 0 0
1040 115 175 0 0
1041 116 175 0 0
1042 115 175 0 0
1043 116 175 0 0
1044 115 175 0 0
1045 115 176 0 0
1046 116 176 0 0
1047 115 176 0 0
1048 116 176 0 0
1049 115 176 0 0
1050 115 177 0 0
1051 116 177 0 0
1052 115 177 0 0
1053 116 177 0 0
1054 115 177 0 0
1055 115 178 0 0
1056 116 178 0 0
1057 115 178 0 0
1058 116 178 0 0
1059 115 178 0 0
1060 115 179 0 0
1061 116 179 0 0
1062 115 179 0 0
1063 116 179 0 0
1064 117 179 0 0
1065 116 179 0 0
1066 116 180 0 0
1067 117 180 0 0
1068 116 180 0 0
1069 117 180 0 0
1070 116 180 0 0
1071 116 181 0 0
1072 117 181 0 0
1073 116 181 0 0
1074 117 181 0 0
1075 116 181 0 0
1076 116 182 0 0
1077 117 182 0 0
1078 116 182 0 0
1079 117 182 0 0
1080 116 182 0 0
1081 116 183 0 0
1082 117 183 0 0
1083 116 183 0 0
1084 117 183 0 0
1085 116 183 0 0
1086 116 184 0 0
1087 117 184 0 0
1088 116 184 0 0
1089 117 184 0 0
1090 116 184 0 0
1091 117 184 0 0
1092 116 184 0 0
1093 116 185 0 0
1094 117 185 0 0
1095 116 185 0 0
1096 117 185 0 0
1097 116 185 0 0
1098 116 186 0 0
1099 117 186 0 0
1100 116 186 0 0
1101 117 186 0 0
1102 116 186 0 0
1103 116 187 0 0
1104 117 187 0 0
1105 116 187 0 0
1106 117 187 0 0
1107 116 187 0 0
1108 117 187 0 0
1109 117 188 0 0
1110 118 188 0 0
1111 117 188 0 0
1112 118 188 0 0
1113 117 188 0 0
1114 117 189 0 0
1115 118 189 0 0
1116 117 189 0 0
1117 118 189 0 0
1118 117 189 0 0
1119 117 190 0 0
1120 118 190 0 0
1121 117 190 0 0
1122 118 190 0 0
1123 117 190 0 0
1124 118 190 0 0
1125 117 190 0 0
1126 118 190 0 0
1127 117 190 0 0
1128 117 191 0 0
1129 118 191 0 0
1130 117 191 0 0
1131 117 192 0 0
1132 118 192 0 0
1133 117 192 0 0
1134 118 192 0 0
1135 117 192 0 0
1136 117 193 0 0
1137 118 193 0 0
1138 117 193 0 0
1139 118 193 0 0
1140 117 193 0 0
1141 117 194 0 0
1142 118 194 0 0
1143 119 194 0 0
1144 118 194 0 0
1145 119 194 0 0
1146 118 194 0 0
1147 118 195 0 0
1148 119 195 0 0
1149 118 195 0 0
1150 119 195 0 0
1151 118 195 0 0
1152 118 196 0 0
1153 119 196 0 0
1154 118 196 0 0
1155 119 196 0 0
1156 118 196 0 0
1157 119 196 0 0
1158 118 196 0 0
1159 118 197 0 0
1160 119 197 0 0
1161 118 197 0 0
1162 119 197 0 0
1163 118 197 0 0
1164 119 197 0 0
1165 118 197 0 0
1166 118 198 0 0
1167 119 198 0 0
1168 118 198 0 0
1169 119 198 0 0
1170 118 198 0 0
1171 118 199 0 0
1172 119 199 0 0
1173 118 199 0 0
1174 119 199 0 0
1175 118 199 0 0
1176 118 200 0 0
1177 119 200 0 0
1178 118 200 0 0
1179 119 200 0 0
1180 118 200 0 0
1181 118 201 0 0
1182 119 201 0 0
1183 120 201 0 0
1184 119 201 0 0
1185 119 202 0 0
1186 120 202 0 0
1187 119 202 0 0
1188 120 202 0 0
1189 119 202 0 0
1190 119 203 0 0
1191 120 203 0 0
1192 119 203 0 0
1193 120 203 0 0
1194 119 203 0 0
1195 120 203 0 0
1196 119 203 0 0
1197 120 203 0 0
1198 119 203 0 0
1199 119 204 0 0
1200 120 204 0 0
1201 119 204 0 0
1202 120 204 0 0
1203 119 204 0 0
1204 120 204 0 0
1205 119 204 0 0
1206 119 205 0 0
1207 120 205 0 0
1208 119 205 0 0
1209 120 205 0 0
1210 119 205 0 0
1211 120 205 0 0
1212 119 205 0 0
1213 119 206 0 0
1214 120 206 0 0
1215 119 206 0 0
1216 120 206 0 0
1217 119 206 0 0
1218 120 206 0 0
1219 119 206 0 0
1220 119 207 0 0
1221 120 207 0 0
1222 119 207 0 0
1223 120 207 0 0
1224 119 207 0 0
1225 120 207 0 0
1226 119 207 0 0
1227 119 208 0 0
1228 120 208 0 0
1229 119 208 0 0
1230 120 208 0 0
1231 119 208 0 0
1232 119 209 0 0
1233 120 209 0 0
1234 119 209 0 0
1235 120 209 0 0
1236 119 209 0 0
1237 120 209 0 0
1238 119 209 0 0
1239 119 210 0 0
1240 120 210 0 0
1241 119 210 0 0
1242 120 210 0 0
1243 119 210 0 0
1244 120 210 0 0
1245 119 210 0 0
1246 119 211 0 0
1247 120 211 0 0
1248 119 211 0 0
1249 120 211 0 0
1250 119 211 0 0
1251 120 211 0 0
1252 119 211 0 0
1253 119 212 0 0
1254 120 212 0 0
1255 119 212 0 0
1256 120 212 0 0
1257 119 212 0 0
1258 119 213 0 0
1259 120 213 0 0
1260 119 213 0 0
1261 120 213 0 0
1262 119 213 0 0
1263 120 213 0 0
1264 119 213 0 0
1265 119 214 0 0
1266 120 214 0 0
1267 119 214 0 0
1268 120 214 0 0
1269 119 214 0 0
1270 120 214 0 0
1271 119 214 0 0
1272 119 215 0 0
1273 120 215 0 0
1274 119 215 0 0
1275 120 215 0 0
1276 119 215 0 0
1277 120 215 0 0
1278 119 215 0 0
1279 119 216 0 0
1280 120 216 0 0
1281 119 216 0 0
1282 120 216 0 0
1283 119 216 0 0
1284 120 216 0 0
1285 119 216 0 0
1286 119 217 0 0
1287 120 217 0 0
1288 119 217 0 0
1289 120 217 0 0
1290 119 217 0 0
1291 119 218 0 0
1292 120 218 0 0
1293 119 218 0 0
1294 120 218 0 0
1295 119 218 0 0
1296 120 218 0 0
1297 119 218 0 0
1298 119 219 0 0
1299 120 219 0 0
1300 119 219 0 0
1301 120 219 0 0
1302 119 219 0 0
1303 120 219 0 0
1304 119 219 0 0
1305 119 220 0 0
1306 120 220 0 0
1307 119 220 0 0
1308 120 220 0 0
1309 119 220 0 0
1310 120 220 0 0
1311 119 220 0 0
1312 119 221 0 0
1313 120 221 0 0
1314 119 221 0 0
1315 120 221 0 0
1316 119 221 0 0
1317 120 221 0 0
1318 119 221 0 0
1319 119 222 0 0
1320 120 222 0 0
1321 119 222 0 0
1322 120 222 0 0
1323 119 222 0 0
1324 120 222 0 0
1325 119 222 0 0
1326 119 223 0 0
1327 120 223 0 0
1328 119 223 0 0
1329 120 223 0 0
1330 119 223 0 0
1331 120 223 0 0
1332 119 223 0 0
1333 119 224 0 0
1334 120 224 0 0
1335 119 224 0 0
1336 120 224 0 0
1337 119 224 0 0
1338 120 224 0 0
1339 119 224 0 0
1340 119 225 0 0
1341 120 225 0 0
1342 119 225 0 0
1343 120 225 0 0
1344 119 225 0 0
1345 120 225 0 0
1346 119 225 0 0
1347 120 225 0 0
1348 119 225 0 0
1349 119 226 0 0
1350 120 226 0 0
1351 119 226 0 0
1352 120 226 0 0
1353 119 226 0 0
1354 120 226 0 0
1355 119 226 0 0
1356 119 227 0 0
1357 120 227 0 0
1358 119 227 0 0
1359 120 227 0 0
1360 119 227 0 0
1361 120 227 0 0
1362 119 227 0 0
1363 119 228 0 0
1364 120 228 0 0
1365 119 228 0 0
1366 120 228 0 0
1367 119 228 0 0
1368 120 228 0 0
1369 119 228 0 0
1370 120 228 0 0
1371 119 228 0 0
1372 119 229 0 0
1373 120 229 0 0
1374 119 229 0 0
1375 120 229 0 0
1376 119 229 0 0
1377 120 229 0 0
1378 119 229 0 0
1379 119 230 0 0
1380 120 230 0 0
1381 119 230 0 0
1382 120 230 0 0
1383 119 230 0 0
1384 120 230 0 0
1385 119 230 0 0
1386 119 231 0 0
1387 120 231 0 0
1388 119 231 0 0
1389 120 231 0 0
1390 119 231 0 0
1391 120 231 0 0
1392 119 231 0 0
1393 119 232 0 0
1394 120 232 0 0
1395 119 232 0 0
1396 120 232 0 0
1397 119 232 0 0
1398 120 232 0 0
1399 119 232 0 0
1400 119 233 0 0
1401 120 233 0 0
1402 119 233 0 0
1403 120 233 0 0
1404 119 233 0 0
1405 120 233 0 0
1406 119 233 0 0
1407 119 234 0 0
1408 120 234 0 0
1409 119 234 0 0
1410 120 234 0 0
1411 119 234 0 0
1412 120 234 0 0
1413 119 234 0 0
1414 119 235 0 0
1415 120 235 0 0
