0 1 90 0 0
1 2 90 0 0
2 3 90 0 0
3 2 90 0 0
4 3 90 0 0
5 2 90 0 0
6 3 90 0 0
7 2 90 0 0
8 3 90 0 0
9 2 90 0 0
10 3 90 0 0
11 4 90 0 0
12 3 90 0 0
13 4 90 0 0
14 3 90 0 0
15 4 90 0 0
16 3 90 0 0
17 4 90 0 0
18 3 90 0 0
19 4 90 0 0
20 5 90 0 0
21 4 90 0 0
22 5 90 0 0
23 4 90 0 0
24 5 90 0 0
25 4 90 0 0
26 5 90 0 0
27 6 90 0 0
28 5 90 0 0
29 6 90 0 0
30 5 90 0 0
31 6 90 0 0
32 5 90 0 0
33 6 90 0 0
34 5 90 0 0
35 6 90 0 0
36 7 90 0 0
37 6 90 0 0
38 7 90 0 0
39 6 90 0 0
40 7 90 0 0
41 6 90 0 0
42 7 90 0 0
43 8 90 0 0
44 7 90 0 0
45 8 90 0 0
46 7 90 0 0
47 8 90 0 0
48 7 90 0 0
49 8 90 0 0
50 7 90 0 0
51 8 90 0 0
52 9 90 0 0
53 8 90 0 0
54 9 90 0 0
55 8 90 0 0
56 9 90 0 0
57 8 90 0 0
58 9 90 0 0
59 8 90 0 0
60 9 90 0 0
61 10 90 0 0
62 9 90 0 0
63 10 90 0 0
64 9 90 0 0
65 10 90 0 0
66 9 90 0 0
67 10 90 0 0
68 11 90 0 0
69 10 90 0 0
70 10 89 0 0
71 11 89 0 0
72 10 89 0 0
73 10 90 0 0
74 11 90 0 0
75 10 90 0 0
76 11 90 0 0
77 12 90 0 0
78 11 90 0 0
79 12 90 0 0
80 13 90 0 0
81 12 90 0 0
82 13 90 0 0
83 14 90 0 0
84 13 90 0 0
85 14 90 0 0
86 13 90 0 0
87 14 90 0 0
88 15 90 0 0
89 14 90 0 0
90 15 90 0 0
91 16 90 0 0
92 15 90 0 0
93 16 90 0 0
94 15 90 0 0
95 15 91 0 0
96 16 91 0 0
97 17 91 0 0
98 16 91 0 0
99 17 91 0 0
100 16 91 0 0
101 17 91 0 0
102 18 91 0 0
103 17 91 0 0
104 18 91 0 0
105 19 91 0 0
106 18 91 0 0
107 19 91 0 0
108 18 91 0 0
109 19 91 0 0
110 20 91 0 0
111 19 91 0 0
112 20 91 0 0
113 19 91 0 0
114 20 91 0 0
115 21 91 0 0
116 20 91 0 0
117 21 91 0 0
118 20 91 0 0
119 21 91 0 0
120 20 91 0 0
121 21 91 0 0
122 22 91 0 0
123 21 91 0 0
124 22 91 0 0
125 21 91 0 0
126 22 91 0 0
127 23 91 0 0
128 22 91 0 0
129 23 91 0 0
130 22 91 0 0
131 23 91 0 0
132 22 91 0 0
133 23 91 0 0
134 24 91 0 0
135 23 91 0 0
136 24 91 0 0
137 23 91 0 0
138 24 91 0 0
139 25 91 0 0
140 24 91 0 0
141 25 91 0 0
142 24 91 0 0
143 25 91 0 0
144 26 91 0 0
145 25 91 0 0
146 26 91 0 0
147 25 91 0 0
148 26 91 0 0
149 25 91 0 0
150 26 91 0 0
151 27 91 0 0
152 26 91 0 0
153 27 91 0 0
154 26 91 0 0
155 27 91 0 0
156 28 91 0 0
157 27 91 0 0
158 28 91 0 0
159 27 91 0 0
160 28 91 0 0
161 27 91 0 0
162 28 91 0 0
163 29 91 0 0
164 28 91 0 0
165 29 91 0 0
166 28 91 0 0
167 29 91 0 0
168 28 91 0 0
169 29 91 0 0
170 30 91 0 0
171 29 91 0 0
172 30 91 0 0
173 29 91 0 0
174 30 91 0 0
175 31 91 0 0
176 30 91 0 0
177 31 91 0 0
178 30 91 0 0
179 31 91 0 0
180 30 91 0 0
181 31 91 0 0
182 32 91 0 0
183 31 91 0 0
184 32 91 0 0
185 31 91 0 0
186 32 91 0 0
187 33 91 0 0
188 32 91 0 0
189 33 91 0 0
190 32 91 0 0
191 33 91 0 0
192 32 91 0 0
193 33 91 0 0
194 34 91 0 0
195 33 91 0 0
196 34 91 0 0
197 33 91 0 0
198 34 91 0 0
199 33 91 0 0
200 34 91 0 0
201 35 91 0 0
202 34 91 0 0
203 35 91 0 0
204 34 91 0 0
205 35 91 0 0
206 36 91 0 0
207 35 91 0 0
208 36 91 0 0
209 35 91 0 0
210 36 91 0 0
211 35 91 0 0
212 36 91 0 0
213 37 91 0 0
214 36 91 0 0
215 37 91 0 0
216 36 91 0 0
217 37 91 0 0
218 36 91 0 0
219 37 91 0 0
220 38 91 0 0
221 37 91 0 0
222 38 91 0 0
223 37 91 0 0
224 38 91 0 0
225 39 91 0 0
226 38 91 0 0
227 38 92 0 0
228 39 92 0 0
229 38 92 0 0
230 39 92 0 0
231 38 92 0 0
232 39 92 0 0
233 40 92 0 0
234 39 92 0 0
235 40 92 0 0
236 39 92 0 0
237 40 92 0 0
238 41 92 0 0
239 40 92 0 0
240 41 92 0 0
241 40 92 0 0
242 41 92 0 0
243 40 92 0 0
244 41 92 0 0
245 42 92 0 0
246 41 92 0 0
247 42 92 0 0
248 41 92 0 0
249 42 92 0 0
250 43 92 0 0
251 42 92 0 0
252 43 92 0 0
253 42 92 0 0
254 43 92 0 0
255 42 92 0 0
256 43 92 0 0
257 44 92 0 0
258 43 92 0 0
259 44 92 0 0
260 43 92 0 0
261 44 92 0 0
262 45 92 0 0
263 44 92 0 0
264 45 92 0 0
265 44 92 0 0
266 45 92 0 0
267 46 92 0 0
268 45 92 0 0
269 46 92 0 0
270 45 92 0 0
271 46 92 0 0
272 45 92 0 0
273 46 92 0 0
274 47 92 0 0
275 46 92 0 0
276 47 92 0 0
277 46 92 0 0
278 47 92 0 0
279 48 92 0 0
280 47 92 0 0
281 48 92 0 0
282 47 92 0 0
283 48 92 0 0
284 49 92 0 0
285 48 92 0 0
286 49 92 0 0
287 48 92 0 0
288 49 92 0 0
289 50 92 0 0
290 49 92 0 0
291 50 92 0 0
292 49 92 0 0
293 50 92 0 0
294 49 92 0 0
295 50 92 0 0
296 51 92 0 0
297 50 92 0 0
298 51 92 0 0
299 50 92 0 0
300 51 92 0 0
301 52 92 0 0
302 51 92 0 0
303 52 92 0 0
304 51 92 0 0
305 52 92 0 0
306 53 92 0 0
307 52 92 0 0
308 53 92 0 0
309 52 92 0 0
310 53 92 0 0
311 52 92 0 0
312 53 92 0 0
313 54 92 0 0
314 53 92 0 0
315 54 92 0 0
316 53 92 0 0
317 54 92 0 0
318 55 92 0 0
319 54 92 0 0
320 55 92 0 0
321 54 92 0 0
322 55 92 0 0
323 54 92 0 0
324 55 92 0 0
325 56 92 0 0
326 55 92 0 0
327 56 92 0 0
328 55 92 0 0
329 56 92 0 0
330 57 92 0 0
331 56 92 0 0
332 57 92 0 0
333 56 92 0 0
334 57 92 0 0
335 58 92 0 0
336 57 92 0 0
337 58 92 0 0
338 57 92 0 0
339 58 92 0 0
340 59 92 0 0
341 58 92 0 0
342 59 92 0 0
343 58 92 0 0
344 59 92 0 0
345 58 92 0 0
346 59 92 0 0
347 60 92 0 0
348 59 92 0 0
349 60 92 0 0
350 59 92 0 0
351 60 92 0 0
352 59 92 0 0
353 60 92 0 0
354 60 91 0 0
355 61 91 0 0
356 60 91 0 0
357 61 91 0 0
358 60 91 0 0
359 61 91 0 0
360 62 91 0 0
361 61 91 0 0
362 62 91 0 0
363 61 91 0 0
364 62 91 0 0
365 63 91 0 0
366 62 91 0 0
367 63 91 0 0
368 62 91 0 0
369 63 91 0 0
370 62 91 0 0
371 63 91 0 0
372 64 91 0 0
373 63 91 0 0
374 64 91 0 0
375 63 91 0 0
376 64 91 0 0
377 65 91 0 0
378 64 91 0 0
379 65 91 0 0
380 64 91 0 0
381 65 91 0 0
382 64 91 0 0
383 65 91 0 0
384 66 91 0 0
385 65 91 0 0
386 66 91 0 0
387 65 91 0 0
388 66 91 0 0
389 65 91 0 0
390 66 91 0 0
391 67 91 0 0
392 66 91 0 0
393 67 91 0 0
394 68 91 0 0
395 67 91 0 0
396 68 91 0 0
397 67 91 0 0
398 67 90 0 0
399 68 90 0 0
400 67 90 0 0
401 68 90 0 0
402 69 90 0 0
403 68 90 0 0
404 69 90 0 0
405 68 90 0 0
406 69 90 0 0
407 70 90 0 0
408 69 90 0 0
409 70 90 0 0
410 69 90 0 0
411 70 90 0 0
412 69 90 0 0
413 70 90 0 0
414 71 90 0 0
415 70 90 0 0
416 71 90 0 0
417 70 90 0 0
418 71 90 0 0
419 72 90 0 0
420 71 90 0 0
421 72 90 0 0
422 71 90 0 0
423 72 90 0 0
424 71 90 0 0
425 72 90 0 0
426 72 89 0 0
427 73 89 0 0
428 72 89 0 0
429 73 89 0 0
430 72 89 0 0
431 73 89 0 0
432 72 89 0 0
433 73 89 0 0
434 74 89 0 0
435 73 89 0 0
436 74 89 0 0
437 73 89 0 0
438 74 89 0 0
439 73 89 0 0
440 74 89 0 0
441 74 88 0 0
442 75 88 0 0
443 74 88 0 0
444 75 88 0 0
445 74 88 0 0
446 75 88 0 0
447 74 88 0 0
448 75 88 0 0
449 76 88 0 0
450 75 88 0 0
451 76 88 0 0
452 75 88 0 0
453 76 88 0 0
454 76 87 0 0
455 77 87 0 0
456 76 87 0 0
457 77 87 0 0
458 76 87 0 0
459 77 87 0 0
460 76 87 0 0
461 77 87 0 0
462 76 87 0 0
463 77 87 0 0
464 78 87 0 0
465 77 87 0 0
466 78 87 0 0
467 77 87 0 0
468 78 87 0 0
469 78 86 0 0
470 79 86 0 0
471 78 86 0 0
472 79 86 0 0
473 78 86 0 0
474 79 86 0 0
475 78 86 0 0
476 79 86 0 0
477 78 86 0 0
478 79 86 0 0
479 80 86 0 0
480 79 86 0 0
481 80 86 0 0
482 79 86 0 0
483 79 85 0 0
484 80 85 0 0
485 79 85 0 0
486 80 85 0 0
487 81 85 0 0
488 80 85 0 0
489 81 85 0 0
490 80 85 0 0
491 81 85 0 0
492 80 85 0 0
493 81 85 0 0
494 81 84 0 0
495 82 84 0 0
496 81 84 0 0
497 82 84 0 0
498 81 84 0 0
499 82 84 0 0
500 81 84 0 0
501 82 84 0 0
502 81 84 0 0
503 82 84 0 0
504 83 84 0 0
505 82 84 0 0
506 83 84 0 0
507 82 84 0 0
508 82 83 0 0
509 83 83 0 0
510 82 83 0 0
511 83 83 0 0
512 82 83 0 0
513 83 83 0 0
514 84 83 0 0
515 83 83 0 0
516 84 83 0 0
517 83 83 0 0
518 84 83 0 0
519 85 83 0 0
520 84 83 0 0
521 85 83 0 0
522 84 83 0 0
523 85 83 0 0
524 84 83 0 0
525 85 83 0 0
526 84 83 0 0
527 84 82 0 0
528 85 82 0 0
529 86 82 0 0
530 85 82 0 0
531 86 82 0 0
532 85 82 0 0
533 86 82 0 0
534 85 82 0 0
535 86 82 0 0
536 85 82 0 0
537 86 82 0 0
538 87 82 0 0
539 86 82 0 0
540 86 81 0 0
541 87 81 0 0
542 86 81 0 0
543 87 81 0 0
544 88 81 0 0
545 87 81 0 0
546 87 80 0 0
547 88 80 0 0
548 87 80 0 0
549 88 80 0 0
550 87 80 0 0
551 88 80 0 0
552 87 80 0 0
553 88 80 0 0
554 89 80 0 0
555 88 80 0 0
556 89 80 0 0
557 88 80 0 0
558 89 80 0 0
559 88 80 0 0
560 88 79 0 0
561 89 79 0 0
562 90 79 0 0
563 89 79 0 0
564 90 79 0 0
565 89 79 0 0
566 90 79 0 0
567 89 79 0 0
568 90 79 0 0
569 91 79 0 0
570 90 79 0 0
571 90 78 0 0
572 91 78 0 0
573 90 78 0 0
574 91 78 0 0
575 90 78 0 0
576 91 78 0 0
577 92 78 0 0
578 91 78 0 0
579 92 78 0 0
580 91 78 0 0
581 92 78 0 0
582 91 78 0 0
583 92 78 0 0
584 93 78 0 0
585 92 78 0 0
586 93 78 0 0
587 92 78 0 0
588 93 78 0 0
589 92 78 0 0
590 93 78 0 0
591 94 78 0 0
592 93 78 0 0
593 93 77 0 0
594 94 77 0 0
595 93 77 0 0
596 94 77 0 0
597 95 77 0 0
598 94 77 0 0
599 95 77 0 0
600 94 77 0 0
601 95 77 0 0
602 94 77 0 0
603 95 77 0 0
604 96 77 0 0
605 95 77 0 0
606 96 77 0 0
607 95 77 0 0
608 96 77 0 0
609 97 77 0 0
610 96 77 0 0
611 97 77 0 0
612 96 77 0 0
613 96 76 0 0
614 97 76 0 0
615 96 76 0 0
616 97 76 0 0
617 98 76 0 0
618 97 76 0 0
619 98 76 0 0
620 97 76 0 0
621 98 76 0 0
622 99 76 0 0
623 98 76 0 0
624 99 76 0 0
625 98 76 0 0
626 99 76 0 0
627 98 76 0 0
628 99 76 0 0
629 100 76 0 0
630 99 76 0 0
631 100 76 0 0
632 99 76 0 0
633 100 76 0 0
634 99 76 0 0
635 100 76 0 0
636 101 76 0 0
637 100 76 0 0
638 101 76 0 0
639 100 76 0 0
640 101 76 0 0
641 101 75 0 0
642 102 75 0 0
643 101 75 0 0
644 102 75 0 0
645 101 75 0 0
646 102 75 0 0
647 101 75 0 0
648 102 75 0 0
649 103 75 0 0
650 102 75 0 0
651 103 75 0 0
652 102 75 0 0
653 103 75 0 0
654 102 75 0 0
655 103 75 0 0
656 104 75 0 0
657 103 75 0 0
658 104 75 0 0
659 103 75 0 0
660 104 75 0 0
661 104 74 0 0
662 105 74 0 0
663 104 74 0 0
664 104 75 0 0
665 105 75 0 0
666 104 75 0 0
667 105 75 0 0
668 104 75 0 0
669 105 75 0 0
670 104 75 0 0
671 105 75 0 0
672 106 75 0 0
673 105 75 0 0
674 106 75 0 0
675 105 75 0 0
676 106 75 0 0
677 105 75 0 0
678 106 75 0 0
679 107 75 0 0
680 106 75 0 0
681 107 75 0 0
682 106 75 0 0
683 106 76 0 0
684 107 76 0 0
685 108 76 0 0
686 107 76 0 0
687 108 76 0 0
688 107 76 0 0
689 108 76 0 0
690 107 76 0 0
691 108 76 0 0
692 107 76 0 0
693 108 76 0 0
694 109 76 0 0
695 108 76 0 0
696 109 76 0 0
697 108 76 0 0
698 109 76 0 0
699 110 76 0 0
700 109 76 0 0
701 110 76 0 0
702 109 76 0 0
703 110 76 0 0
704 109 76 0 0
705 110 76 0 0
706 111 76 0 0
707 110 76 0 0
708 111 76 0 0
709 110 76 0 0
710 111 76 0 0
711 110 76 0 0
712 111 76 0 0
713 111 77 0 0
714 112 77 0 0
715 111 77 0 0
716 112 77 0 0
717 111 77 0 0
718 112 77 0 0
719 111 77 0 0
720 112 77 0 0
721 113 77 0 0
722 112 77 0 0
723 113 77 0 0
724 112 77 0 0
725 113 77 0 0
726 112 77 0 0
727 113 77 0 0
728 114 77 0 0
729 113 77 0 0
730 114 77 0 0
731 113 77 0 0
732 114 77 0 0
733 113 77 0 0
734 113 78 0 0
735 114 78 0 0
736 115 78 0 0
737 114 78 0 0
738 115 78 0 0
739 114 78 0 0
740 115 78 0 0
741 114 78 0 0
742 115 78 0 0
743 116 78 0 0
744 115 78 0 0
745 116 78 0 0
746 115 78 0 0
747 116 78 0 0
748 117 78 0 0
749 116 78 0 0
750 117 78 0 0
751 116 78 0 0
752 117 78 0 0
753 116 78 0 0
754 116 79 0 0
755 117 79 0 0
756 116 79 0 0
757 117 79 0 0
758 118 79 0 0
759 117 79 0 0
760 118 79 0 0
761 117 79 0 0
762 118 79 0 0
763 119 79 0 0
764 118 79 0 0
765 119 79 0 0
766 118 79 0 0
767 119 79 0 0
768 118 79 0 0
769 119 79 0 0
770 120 79 0 0
771 119 79 0 0
772 120 79 0 0
773 119 79 0 0
774 119 80 0 0
775 120 80 0 0
776 119 80 0 0
777 120 80 0 0
778 119 80 0 0
779 120 80 0 0
780 119 80 0 0
781 120 80 0 0
782 119 80 0 0
783 119 81 0 0
784 120 81 0 0
785 119 81 0 0
786 120 81 0 0
787 119 81 0 0
788 119 82 0 0
789 120 82 0 0
790 121 82 0 0
791 120 82 0 0
792 121 82 0 0
793 120 82 0 0
794 121 82 0 0
795 120 82 0 0
796 120 83 0 0
797 121 83 0 0
798 120 83 0 0
799 121 83 0 0
800 120 83 0 0
801 121 83 0 0
802 120 83 0 0
803 121 83 0 0
804 122 83 0 0
805 121 83 0 0
806 122 83 0 0
807 121 83 0 0
808 121 84 0 0
809 122 84 0 0
810 121 84 0 0
811 122 84 0 0
812 121 84 0 0
813 122 84 0 0
814 121 84 0 0
815 122 84 0 0
816 121 84 0 0
817 122 84 0 0
818 121 84 0 0
819 121 85 0 0
820 122 85 0 0
821 121 85 0 0
822 122 85 0 0
823 123 85 0 0
824 122 85 0 0
825 123 85 0 0
826 122 85 0 0
827 122 86 0 0
828 123 86 0 0
829 122 86 0 0
830 123 86 0 0
831 122 86 0 0
832 123 86 0 0
833 122 86 0 0
834 123 86 0 0
835 122 86 0 0
836 122 87 0 0
837 123 87 0 0
838 122 87 0 0
839 123 87 0 0
840 122 87 0 0
841 123 87 0 0
842 124 87 0 0
843 123 87 0 0
844 123 88 0 0
845 124 88 0 0
846 123 88 0 0
847 124 88 0 0
848 123 88 0 0
849 124 88 0 0
850 123 88 0 0
851 124 88 0 0
852 123 88 0 0
853 123 89 0 0
854 124 89 0 0
855 123 89 0 0
856 124 89 0 0
857 125 89 0 0
858 124 89 0 0
859 125 89 0 0
860 124 89 0 0
861 124 90 0 0
862 125 90 0 0
863 124 90 0 0
864 125 90 0 0
865 124 90 0 0
866 125 90 0 0
867 124 90 0 0
868 124 91 0 0
869 125 91 0 0
870 124 91 0 0
871 125 91 0 0
872 124 91 0 0
873 125 91 0 0
874 124 91 0 0
875 125 91 0 0
876 124 91 0 0
877 124 92 0 0
878 125 92 0 0
879 124 92 0 0
880 125 92 0 0
881 124 92 0 0
882 125 92 0 0
883 124 92 0 0
884 125 92 0 0
885 124 92 0 0
886 124 93 0 0
887 125 93 0 0
888 124 93 0 0
889 125 93 0 0
890 124 93 0 0
891 125 93 0 0
892 124 93 0 0
893 124 94 0 0
894 125 94 0 0
895 124 94 0 0
896 125 94 0 0
897 126 94 0 0
898 125 94 0 0
899 125 95 0 0
900 126 95 0 0
901 125 95 0 0
902 126 95 0 0
903 125 95 0 0
904 126 95 0 0
905 125 95 0 0
906 126 95 0 0
907 125 95 0 0
908 125 96 0 0
909 126 96 0 0
910 125 96 0 0
911 126 96 0 0
912 125 96 0 0
913 126 96 0 0
914 125 96 0 0
915 126 96 0 0
916 125 96 0 0
917 125 97 0 0
918 126 97 0 0
919 125 97 0 0
920 126 97 0 0
921 125 97 0 0
922 126 97 0 0
923 125 97 0 0
924 126 97 0 0
925 125 97 0 0
926 125 98 0 0
927 126 98 0 0
928 125 98 0 0
929 126 98 0 0
930 125 98 0 0
931 126 98 0 0
932 125 98 0 0
933 126 98 0 0
934 125 98 0 0
935 125 99 0 0
936 126 99 0 0
937 125 99 0 0
938 126 99 0 0
939 125 99 0 0
940 126 99 0 0
941 125 99 0 0
942 126 99 0 0
943 125 99 0 0
944 125 100 0 0
945 126 100 0 0
946 125 100 0 0
947 126 100 0 0
948 125 100 0 0
949 126 100 0 0
950 125 100 0 0
951 126 100 0 0
952 125 100 0 0
953 125 101 0 0
954 126 101 0 0
955 125 101 0 0
956 126 101 0 0
957 125 101 0 0
958 126 101 0 0
959 125 101 0 0
960 126 101 0 0
961 125 101 0 0
962 125 102 0 0
963 126 102 0 0
964 125 102 0 0
965 126 102 0 0
966 125 102 0 0
967 126 102 0 0
968 125 102 0 0
969 126 102 0 0
970 125 102 0 0
971 126 102 0 0
972 125 102 0 0
973 125 103 0 0
974 126 103 0 0
975 125 103 0 0
976 126 103 0 0
977 125 103 0 0
978 126 103 0 0
979 125 103 0 0
980 126 103 0 0
981 125 103 0 0
982 125 104 0 0
983 126 104 0 0
984 125 104 0 0
985 126 104 0 0
986 125 104 0 0
987 126 104 0 0
988 125 104 0 0
989 126 104 0 0
990 125 104 0 0
991 125 105 0 0
992 126 105 0 0
993 125 105 0 0
994 124 105 0 0
995 125 105 0 0
996 124 105 0 0
997 125 105 0 0
998 124 105 0 0
999 124 106 0 0
1000 125 106 0 0
1001 124 106 0 0
1002 125 106 0 0
1003 124 106 0 0
1004 125 106 0 0
1005 124 106 0 0
1006 125 106 0 0
1007 124 106 0 0
1008 125 106 0 0
1009 124 106 0 0
1010 124 107 0 0
1011 125 107 0 0
1012 124 107 0 0
1013 125 107 0 0
1014 124 107 0 0
1015 125 107 0 0
1016 124 107 0 0
1017 125 107 0 0
1018 124 107 0 0
1019 124 108 0 0
1020 125 108 0 0
1021 124 108 0 0
1022 125 108 0 0
1023 124 108 0 0
1024 125 108 0 0
1025 124 108 0 0
1026 125 108 0 0
1027 124 108 0 0
1028 124 109 0 0
1029 125 109 0 0
1030 124 109 0 0
1031 125 109 0 0
1032 124 109 0 0
1033 125 109 0 0
1034 124 109 0 0
1035 125 109 0 0
1036 124 109 0 0
1037 124 110 0 0
1038 125 110 0 0
1039 124 110 0 0
1040 125 110 0 0
1041 124 110 0 0
1042 125 110 0 0
1043 124 110 0 0
1044 125 110 0 0
1045 124 110 0 0
1046 125 110 0 0
1047 124 110 0 0
1048 124 111 0 0
1049 125 111 0 0
1050 124 111 0 0
1051 125 111 0 0
1052 124 111 0 0
1053 125 111 0 0
1054 124 111 0 0
1055 125 111 0 0
1056 124 111 0 0
1057 124 112 0 0
1058 125 112 0 0
1059 124 112 0 0
1060 123 112 0 0
1061 124 112 0 0
1062 123 112 0 0
1063 124 112 0 0
1064 123 112 0 0
1065 123 113 0 0
1066 124 113 0 0
1067 123 113 0 0
1068 124 113 0 0
1069 123 113 0 0
1070 124 113 0 0
1071 123 113 0 0
1072 124 113 0 0
1073 123 113 0 0
1074 123 114 0 0
1075 124 114 0 0
1076 123 114 0 0
1077 124 114 0 0
1078 123 114 0 0
1079 124 114 0 0
1080 123 114 0 0
1081 124 114 0 0
1082 123 114 0 0
1083 123 115 0 0
1084 124 115 0 0
1085 123 115 0 0
1086 124 115 0 0
1087 123 115 0 0
1088 124 115 0 0
1089 123 115 0 0
1090 124 115 0 0
1091 123 115 0 0
1092 123 116 0 0
1093 124 116 0 0
1094 123 116 0 0
1095 124 116 0 0
1096 123 116 0 0
1097 124 116 0 0
1098 123 116 0 0
1099 124 116 0 0
1100 123 116 0 0
1101 123 117 0 0
1102 122 117 0 0
1103 123 117 0 0
1104 122 117 0 0
1105 123 117 0 0
1106 122 117 0 0
1107 123 117 0 0
1108 122 117 0 0
1109 122 118 0 0
1110 123 118 0 0
1111 122 118 0 0
1112 123 118 0 0
1113 122 118 0 0
1114 123 118 0 0
1115 122 118 0 0
1116 122 119 0 0
1117 123 119 0 0
1118 122 119 0 0
1119 123 119 0 0
1120 122 119 0 0
1121 123 119 0 0
1122 122 119 0 0
1123 123 119 0 0
1124 122 119 0 0
1125 122 120 0 0
1126 123 120 0 0
1127 122 120 0 0
1128 121 120 0 0
1129 122 120 0 0
1130 121 120 0 0
1131 122 120 0 0
1132 121 120 0 0
1133 121 121 0 0
1134 122 121 0 0
1135 121 121 0 0
1136 122 121 0 0
1137 121 121 0 0
1138 122 121 0 0
1139 121 121 0 0
1140 122 121 0 0
1141 121 121 0 0
1142 121 122 0 0
1143 122 122 0 0
1144 121 122 0 0
1145 122 122 0 0
1146 121 122 0 0
1147 120 122 0 0
1148 120 123 0 0
1149 121 123 0 0
1150 120 123 0 0
1151 121 123 0 0
1152 120 123 0 0
1153 121 123 0 0
1154 120 123 0 0
1155 120 124 0 0
1156 121 124 0 0
1157 120 124 0 0
1158 121 124 0 0
1159 120 124 0 0
1160 121 124 0 0
1161 120 124 0 0
1162 120 125 0 0
1163 121 125 0 0
1164 120 125 0 0
1165 121 125 0 0
1166 120 125 0 0
1167 121 125 0 0
1168 120 125 0 0
1169 120 126 0 0
1170 121 126 0 0
1171 120 126 0 0
1172 121 126 0 0
1173 120 126 0 0
1174 121 126 0 0
1175 120 126 0 0
1176 120 127 0 0
1177 121 127 0 0
1178 120 127 0 0
1179 121 127 0 0
1180 120 127 0 0
1181 119 127 0 0
1182 119 128 0 0
1183 120 128 0 0
1184 119 128 0 0
1185 120 128 0 0
1186 119 128 0 0
1187 120 128 0 0
1188 119 128 0 0
1189 119 129 0 0
1190 120 129 0 0
1191 119 129 0 0
1192 120 129 0 0
1193 119 129 0 0
1194 120 129 0 0
1195 119 129 0 0
1196 119 130 0 0
1197 120 130 0 0
1198 119 130 0 0
1199 120 130 0 0
1200 119 130 0 0
1201 120 130 0 0
1202 119 130 0 0
1203 119 131 0 0
1204 120 131 0 0
1205 119 131 0 0
1206 118 131 0 0
1207 119 131 0 0
1208 118 131 0 0
1209 118 132 0 0
1210 119 132 0 0
1211 118 132 0 0
1212 119 132 0 0
1213 118 132 0 0
1214 119 132 0 0
1215 118 132 0 0
1216 118 133 0 0
1217 119 133 0 0
1218 118 133 0 0
1219 119 133 0 0
1220 118 133 0 0
1221 119 133 0 0
1222 118 133 0 0
1223 119 133 0 0
1224 118 133 0 0
1225 118 134 0 0
1226 119 134 0 0
1227 118 134 0 0
1228 119 134 0 0
1229 118 134 0 0
1230 119 134 0 0
1231 118 134 0 0
1232 119 134 0 0
1233 118 134 0 0
1234 118 135 0 0
1235 119 135 0 0
1236 118 135 0 0
1237 119 135 0 0
1238 118 135 0 0
1239 119 135 0 0
1240 118 135 0 0
1241 119 135 0 0
1242 118 135 0 0
1243 119 135 0 0
1244 118 135 0 0
1245 118 136 0 0
1246 119 136 0 0
1247 118 136 0 0
1248 119 136 0 0
1249 118 136 0 0
1250 119 136 0 0
1251 118 136 0 0
1252 119 136 0 0
1253 118 136 0 0
1254 119 136 0 0
1255 118 136 0 0
1256 118 137 0 0
1257 119 137 0 0
1258 118 137 0 0
1259 119 137 0 0
1260 118 137 0 0
1261 119 137 0 0
1262 118 137 0 0
1263 119 137 0 0
1264 118 137 0 0
1265 118 138 0 0
1266 119 138 0 0
1267 118 138 0 0
1268 119 138 0 0
1269 118 138 0 0
1270 119 138 0 0
1271 118 138 0 0
1272 119 138 0 0
1273 118 138 0 0
1274 119 138 0 0
1275 118 138 0 0
1276 118 139 0 0
1277 119 139 0 0
1278 118 139 0 0
1279 119 139 0 0
1280 118 139 0 0
1281 118 140 0 0
1282 119 140 0 0
1283 118 140 0 0
1284 119 140 0 0
1285 118 140 0 0
1286 119 140 0 0
1287 118 140 0 0
1288 119 140 0 0
1289 118 140 0 0
1290 119 140 0 0
1291 118 140 0 0
1292 119 140 0 0
1293 118 140 0 0
1294 118 141 0 0
1295 119 141 0 0
1296 118 141 0 0
1297 119 141 0 0
1298 118 141 0 0
1299 119 141 0 0
1300 118 141 0 0
1301 119 141 0 0
1302 118 141 0 0
1303 118 142 0 0
1304 119 142 0 0
1305 118 142 0 0
1306 119 142 0 0
1307 118 142 0 0
1308 119 142 0 0
1309 118 142 0 0
1310 118 143 0 0
1311 119 143 0 0
1312 118 143 0 0
1313 119 143 0 0
1314 118 143 0 0
1315 119 143 0 0
1316 118 143 0 0
1317 118 144 0 0
1318 119 144 0 0
1319 118 144 0 0
1320 119 144 0 0
1321 118 144 0 0
1322 119 144 0 0
1323 118 144 0 0
1324 119 144 0 0
1325 118 144 0 0
1326 118 145 0 0
1327 119 145 0 0
1328 118 145 0 0
1329 119 145 0 0
1330 118 145 0 0
1331 119 145 0 0
1332 118 145 0 0
1333 118 146 0 0
1334 119 146 0 0
1335 118 146 0 0
1336 119 146 0 0
1337 118 146 0 0
1338 119 146 0 0
1339 118 146 0 0
1340 119 146 0 0
1341 118 146 0 0
1342 118 147 0 0
1343 119 147 0 0
1344 118 147 0 0
1345 119 147 0 0
1346 118 147 0 0
1347 119 147 0 0
1348 118 147 0 0
1349 118 148 0 0
1350 119 148 0 0
1351 118 148 0 0
1352 119 148 0 0
1353 118 148 0 0
1354 119 148 0 0
1355 118 148 0 0
1356 118 149 0 0
1357 119 149 0 0
1358 118 149 0 0
1359 119 149 0 0
1360 118 149 0 0
1361 119 149 0 0
1362 118 149 0 0
1363 119 149 0 0
1364 118 149 0 0
1365 118 150 0 0
1366 119 150 0 0
1367 118 150 0 0
1368 119 150 0 0
1369 118 150 0 0
1370 119 150 0 0
1371 118 150 0 0
1372 118 151 0 0
1373 119 151 0 0
1374 118 151 0 0
1375 119 151 0 0
1376 118 151 0 0
1377 119 151 0 0
1378 118 151 0 0
1379 119 151 0 0
1380 118 151 0 0
1381 118 152 0 0
1382 119 152 0 0
1383 118 152 0 0
1384 119 152 0 0
1385 118 152 0 0
1386 119 152 0 0
1387 118 152 0 0
1388 118 153 0 0
1389 119 153 0 0
1390 118 153 0 0
1391 119 153 0 0
1392 120 153 0 0
1393 119 153 0 0
1394 119 154 0 0
1395 120 154 0 0
1396 119 154 0 0
1397 120 154 0 0
1398 119 154 0 0
1399 120 154 0 0
1400 119 154 0 0
1401 120 154 0 0
1402 119 154 0 0
1403 119 155 0 0
1404 120 155 0 0
1405 119 155 0 0
1406 120 155 0 0
1407 119 155 0 0
1408 120 155 0 0
1409 119 155 0 0
1410 119 156 0 0
1411 120 156 0 0
1412 119 156 0 0
1413 120 156 0 0
1414 119 156 0 0
1415 120 156 0 0
1416 119 156 0 0
1417 120 156 0 0
1418 119 156 0 0
1419 119 157 0 0
1420 120 157 0 0
1421 119 157 0 0
1422 120 157 0 0
1423 119 157 0 0
1424 120 157 0 0
1425 119 157 0 0
1426 119 158 0 0
1427 120 158 0 0
1428 119 158 0 0
1429 120 158 0 0
1430 119 158 0 0
1431 120 158 0 0
1432 119 158 0 0
1433 119 159 0 0
1434 120 159 0 0
1435 119 159 0 0
1436 120 159 0 0
1437 119 159 0 0
1438 120 159 0 0
1439 119 159 0 0
1440 120 159 0 0
1441 119 159 0 0
1442 119 160 0 0
1443 120 160 0 0
1444 119 160 0 0
1445 120 160 0 0
1446 119 160 0 0
1447 120 160 0 0
1448 119 160 0 0
1449 119 161 0 0
1450 120 161 0 0
1451 119 161 0 0
1452 120 161 0 0
1453 119 161 0 0
1454 120 161 0 0
1455 119 161 0 0
1456 120 161 0 0
1457 119 161 0 0
1458 119 162 0 0
1459 120 162 0 0
1460 119 162 0 0
1461 120 162 0 0
1462 119 162 0 0
1463 120 162 0 0
1464 119 162 0 0
1465 119 163 0 0
1466 120 163 0 0
1467 119 163 0 0
1468 120 163 0 0
1469 119 163 0 0
1470 120 163 0 0
1471 119 163 0 0
1472 119 164 0 0
1473 120 164 0 0
1474 119 164 0 0
1475 120 164 0 0
1476 119 164 0 0
1477 120 164 0 0
1478 119 164 0 0
1479 120 164 0 0
1480 119 164 0 0
1481 119 165 0 0
1482 120 165 0 0
1483 119 165 0 0
1484 120 165 0 0
1485 119 165 0 0
1486 120 165 0 0
1487 119 165 0 0
1488 119 166 0 0
1489 120 166 0 0
1490 119 166 0 0
1491 120 166 0 0
1492 119 166 0 0
1493 120 166 0 0
1494 119 166 0 0
1495 119 167 0 0
1496 120 167 0 0
1497 119 167 0 0
1498 120 167 0 0
1499 119 167 0 0
1500 119 168 0 0
1501 120 168 0 0
1502 119 168 0 0
1503 120 168 0 0
1504 119 168 0 0
1505 120 168 0 0
1506 119 168 0 0
1507 119 169 0 0
1508 120 169 0 0
1509 119 169 0 0
1510 120 169 0 0
1511 119 169 0 0
1512 120 169 0 0
1513 119 169 0 0
1514 119 170 0 0
1515 120 170 0 0
1516 119 170 0 0
1517 120 170 0 0
1518 119 170 0 0
1519 120 170 0 0
1520 119 170 0 0
1521 119 171 0 0
1522 120 171 0 0
1523 119 171 0 0
1524 120 171 0 0
1525 119 171 0 0
1526 120 171 0 0
1527 119 171 0 0
1528 119 172 0 0
1529 120 172 0 0
1530 119 172 0 0
1531 120 172 0 0
1532 119 172 0 0
1533 119 173 0 0
1534 120 173 0 0
1535 119 173 0 0
1536 120 173 0 0
1537 121 173 0 0
1538 120 173 0 0
1539 120 174 0 0
1540 121 174 0 0
1541 120 174 0 0
1542 121 174 0 0
1543 120 174 0 0
1544 121 174 0 0
1545 120 174 0 0
1546 120 175 0 0
1547 121 175 0 0
1548 120 175 0 0
1549 121 175 0 0
1550 120 175 0 0
1551 121 175 0 0
1552 120 175 0 0
1553 120 176 0 0
1554 121 176 0 0
1555 120 176 0 0
1556 121 176 0 0
1557 120 176 0 0
1558 121 176 0 0
1559 120 176 0 0
1560 120 177 0 0
1561 121 177 0 0
1562 120 177 0 0
1563 121 177 0 0
1564 120 177 0 0
1565 120 178 0 0
1566 121 178 0 0
1567 120 178 0 0
1568 121 178 0 0
1569 120 178 0 0
1570 121 178 0 0
1571 120 178 0 0
1572 120 179 0 0
1573 121 179 0 0
1574 120 179 0 0
1575 121 179 0 0
1576 120 179 0 0
1577 121 179 0 0
1578 120 179 0 0
1579 120 180 0 0
1580 121 180 0 0
1581 120 180 0 0
1582 121 180 0 0
1583 120 180 0 0
1584 121 180 0 0
1585 120 180 0 0
1586 120 181 0 0
1587 121 181 0 0
1588 122 181 0 0
1589 121 181 0 0
1590 122 181 0 0
1591 121 181 0 0
1592 121 182 0 0
1593 122 182 0 0
1594 121 182 0 0
1595 122 182 0 0
1596 121 182 0 0
1597 121 183 0 0
1598 122 183 0 0
1599 121 183 0 0
1600 122 183 0 0
1601 121 183 0 0
1602 122 183 0 0
1603 121 183 0 0
1604 121 184 0 0
1605 122 184 0 0
1606 121 184 0 0
1607 122 184 0 0
1608 121 184 0 0
1609 122 184 0 0
1610 121 184 0 0
1611 121 185 0 0
1612 122 185 0 0
1613 121 185 0 0
1614 122 185 0 0
1615 121 185 0 0
1616 122 185 0 0
1617 121 185 0 0
1618 121 186 0 0
1619 122 186 0 0
1620 121 186 0 0
1621 122 186 0 0
1622 121 186 0 0
1623 122 186 0 0
1624 121 186 0 0
1625 121 187 0 0
1626 122 187 0 0
1627 121 187 0 0
1628 122 187 0 0
1629 121 187 0 0
1630 122 187 0 0
1631 121 187 0 0
1632 121 188 0 0
1633 122 188 0 0
1634 121 188 0 0
1635 122 188 0 0
1636 121 188 0 0
1637 122 188 0 0
1638 121 188 0 0
1639 121 189 0 0
1640 122 189 0 0
1641 121 189 0 0
1642 122 189 0 0
1643 121 189 0 0
1644 122 189 0 0
1645 121 189 0 0
1646 121 190 0 0
1647 122 190 0 0
1648 121 190 0 0
1649 122 190 0 0
1650 123 190 0 0
1651 122 190 0 0
1652 122 191 0 0
1653 123 191 0 0
1654 122 191 0 0
1655 123 191 0 0
1656 122 191 0 0
1657 123 191 0 0
1658 122 191 0 0
1659 122 192 0 0
1660 123 192 0 0
1661 122 192 0 0
1662 123 192 0 0
1663 122 192 0 0
1664 123 192 0 0
1665 122 192 0 0
1666 122 193 0 0
1667 123 193 0 0
1668 122 193 0 0
1669 123 193 0 0
1670 122 193 0 0
1671 123 193 0 0
1672 122 193 0 0
1673 122 194 0 0
1674 123 194 0 0
1675 122 194 0 0
1676 123 194 0 0
1677 122 194 0 0
1678 123 194 0 0
1679 122 194 0 0
1680 122 195 0 0
1681 123 195 0 0
1682 122 195 0 0
1683 123 195 0 0
1684 122 195 0 0
1685 123 195 0 0
1686 122 195 0 0
1687 123 195 0 0
1688 122 195 0 0
1689 122 196 0 0
1690 123 196 0 0
1691 122 196 0 0
1692 123 196 0 0
1693 122 196 0 0
1694 123 196 0 0
1695 122 196 0 0
1696 123 196 0 0
1697 122 196 0 0
1698 122 197 0 0
1699 123 197 0 0
1700 122 197 0 0
1701 123 197 0 0
1702 124 197 0 0
1703 123 197 0 0
1704 123 198 0 0
1705 124 198 0 0
1706 123 198 0 0
1707 124 198 0 0
1708 123 198 0 0
1709 124 198 0 0
1710 123 198 0 0
1711 123 199 0 0
1712 124 199 0 0
1713 123 199 0 0
1714 124 199 0 0
1715 123 199 0 0
1716 123 200 0 0
1717 124 200 0 0
1718 123 200 0 0
1719 124 200 0 0
1720 123 200 0 0
1721 124 200 0 0
1722 123 200 0 0
1723 124 200 0 0
1724 123 200 0 0
1725 124 200 0 0
1726 123 200 0 0
1727 123 201 0 0
1728 124 201 0 0
1729 123 201 0 0
1730 124 201 0 0
1731 123 201 0 0
1732 124 201 0 0
1733 123 201 0 0
1734 123 202 0 0
1735 124 202 0 0
1736 123 202 0 0
1737 123 203 0 0
1738 124 203 0 0
1739 123 203 0 0
1740 124 203 0 0
1741 123 203 0 0
1742 124 203 0 0
1743 125 203 0 0
1744 124 203 0 0
1745 125 203 0 0
1746 124 203 0 0
1747 124 204 0 0
1748 125 204 0 0
1749 124 204 0 0
1750 125 204 0 0
1751 124 204 0 0
1752 125 204 0 0
1753 124 204 0 0
1754 124 205 0 0
1755 125 205 0 0
1756 124 205 0 0
1757 125 205 0 0
1758 124 205 0 0
1759 125 205 0 0
1760 124 205 0 0
1761 124 206 0 0
1762 125 206 0 0
1763 124 206 0 0
1764 125 206 0 0
1765 124 206 0 0
1766 125 206 0 0
1767 124 206 0 0
1768 124 207 0 0
1769 125 207 0 0
1770 124 207 0 0
1771 125 207 0 0
1772 124 207 0 0
1773 125 207 0 0
1774 124 207 0 0
1775 124 208 0 0
1776 125 208 0 0
1777 124 208 0 0
1778 125 208 0 0
1779 124 208 0 0
1780 125 208 0 0
1781 124 208 0 0
1782 125 208 0 0
1783 124 208 0 0
1784 124 209 0 0
1785 125 209 0 0
1786 124 209 0 0
1787 125 209 0 0
1788 124 209 0 0
1789 125 209 0 0
1790 124 209 0 0
1791 124 210 0 0
1792 125 210 0 0
1793 124 210 0 0
1794 125 210 0 0
1795 124 210 0 0
1796 125 210 0 0
1797 124 210 0 0
1798 124 211 0 0
1799 125 211 0 0
1800 124 211 0 0
1801 125 211 0 0
1802 124 211 0 0
1803 125 211 0 0
1804 124 211 0 0
1805 124 212 0 0
1806 125 212 0 0
1807 124 212 0 0
1808 125 212 0 0
1809 124 212 0 0
1810 125 212 0 0
1811 124 212 0 0
1812 124 213 0 0
1813 125 213 0 0
1814 124 213 0 0
1815 125 213 0 0
1816 126 213 0 0
1817 125 213 0 0
1818 125 214 0 0
1819 126 214 0 0
1820 125 214 0 0
1821 126 214 0 0
1822 125 214 0 0
1823 126 214 0 0
1824 125 214 0 0
1825 125 215 0 0
1826 126 215 0 0
1827 125 215 0 0
1828 126 215 0 0
1829 125 215 0 0
1830 126 215 0 0
1831 125 215 0 0
1832 126 215 0 0
1833 125 215 0 0
1834 125 216 0 0
1835 126 216 0 0
1836 125 216 0 0
1837 126 216 0 0
1838 125 216 0 0
1839 126 216 0 0
1840 125 216 0 0
1841 125 217 0 0
1842 126 217 0 0
1843 125 217 0 0
1844 126 217 0 0
1845 125 217 0 0
1846 126 217 0 0
1847 125 217 0 0
1848 125 218 0 0
1849 126 218 0 0
1850 125 218 0 0
1851 126 218 0 0
1852 125 218 0 0
1853 126 218 0 0
1854 125 218 0 0
1855 125 219 0 0
1856 126 219 0 0
1857 125 219 0 0
1858 126 219 0 0
1859 125 219 0 0
1860 126 219 0 0
1861 125 219 0 0
1862 125 220 0 0
1863 126 220 0 0
1864 125 220 0 0
1865 126 220 0 0
1866 125 220 0 0
1867 126 220 0 0
1868 125 220 0 0
1869 125 221 0 0
1870 126 221 0 0
1871 125 221 0 0
1872 126 221 0 0
1873 125 221 0 0
1874 126 221 0 0
1875 125 221 0 0
1876 126 221 0 0
1877 125 221 0 0
1878 125 222 0 0
1879 126 222 0 0
1880 125 222 0 0
1881 126 222 0 0
1882 125 222 0 0
1883 126 222 0 0
1884 125 222 0 0
1885 125 223 0 0
1886 126 223 0 0
1887 125 223 0 0
1888 126 223 0 0
1889 125 223 0 0
1890 126 223 0 0
1891 125 223 0 0
1892 125 224 0 0
1893 126 224 0 0
1894 125 224 0 0
1895 126 224 0 0
1896 125 224 0 0
1897 126 224 0 0
1898 125 224 0 0
1899 125 225 0 0
1900 126 225 0 0
1901 125 225 0 0
1902 126 225 0 0
1903 125 225 0 0
1904 126 225 0 0
1905 125 225 0 0
1906 125 226 0 0
1907 126 226 0 0
1908 125 226 0 0
1909 126 226 0 0
1910 125 226 0 0
1911 126 226 0 0
1912 125 226 0 0
1913 125 227 0 0
1914 126 227 0 0
1915 125 227 0 0
1916 126 227 0 0
1917 125 227 0 0
1918 126 227 0 0
1919 125 227 0 0
1920 126 227 0 0
1921 125 227 0 0
1922 125 228 0 0
1923 126 228 0 0
1924 125 228 0 0
1925 126 228 0 0
1926 125 228 0 0
1927 126 228 0 0
1928 125 228 0 0
1929 126 228 0 0
