0 39000 21000 0 0
1 39000 21200 0 0
2 38800 21200 0 0
3 38600 21200 0 0
4 38400 21200 0 0
5 38200 21200 0 0
6 38000 21200 0 0
7 37800 21200 0 0
8 37600 21200 0 0
9 37400 21200 0 0
10 37200 21200 0 0
11 37000 21200 0 0
12 36800 21200 0 0
13 36600 21200 0 0
14 36400 21200 0 0
15 36200 21200 0 0
16 36000 21200 0 0
17 35800 21200 0 0
18 35600 21200 0 0
19 35400 21200 0 0
20 35200 21200 0 0
21 35000 21200 0 0
22 34800 21200 0 0
23 34600 21200 0 0
24 34400 21200 0 0
25 34400 21400 0 0
26 34200 21400 0 0
27 34000 21400 0 0
28 33800 21400 0 0
29 33600 21400 0 0
30 33400 21400 0 0
31 33200 21400 0 0
32 33000 21400 0 0
33 32800 21400 0 0
34 32600 21400 0 0
35 32400 21400 0 0
36 32200 21400 0 0
37 32000 21400 0 0
38 32000 21600 0 0
39 31800 21600 0 0
40 31600 21600 0 0
41 31400 21600 0 0
42 31200 21600 0 0
43 31000 21600 0 0
44 30800 21600 0 0
45 30600 21600 0 0
46 30400 21600 0 0
47 30200 21600 0 0
48 30000 21600 0 0
49 29800 21600 0 0
50 29800 21800 0 0
51 29600 21800 0 0
52 29400 21800 0 0
53 29200 21800 0 0
54 29000 21800 0 0
55 28800 21800 0 0
56 28600 21800 0 0
57 28400 21800 0 0
58 28200 21800 0 0
59 28200 22000 0 0
60 28000 22000 0 0
61 27800 22000 0 0
62 27600 22000 0 0
63 27400 22000 0 0
64 27200 22000 0 0
65 27000 22000 0 0
66 26800 22000 0 0
67 26600 22000 0 0
68 26600 22200 0 0
69 26400 22200 0 0
70 26200 22200 0 0
71 26000 22200 0 0
72 25800 22200 0 0
73 25600 22200 0 0
74 25400 22200 0 0
75 25200 22200 0 0
76 25000 22200 0 0
77 25000 22400 0 0
78 24800 22400 0 0
79 24600 22400 0 0
80 24400 22400 0 0
81 24200 22400 0 0
82 24000 22400 0 0
83 23800 22400 0 0
84 23600 22400 0 0
85 23400 22400 0 0
86 23400 22600 0 0
87 23200 22600 0 0
88 23000 22600 0 0
89 22800 22600 0 0
90 22600 22600 0 0
91 22400 22600 0 0
92 22200 22600 0 0
93 22000 22600 0 0
94 21800 22600 0 0
95 21600 22600 0 0
96 21400 22600 0 0
97 21200 22600 0 0
98 21000 22600 0 0
99 20800 22600 0 0
100 20600 22600 0 0
101 20400 22600 0 0
102 20200 22600 0 0
103 20000 22600 0 0
104 19800 22600 0 0
105 19600 22600 0 0
106 19400 22600 0 0
107 19200 22600 0 0
108 19000 22600 0 0
109 18800 22600 0 0
110 18600 22600 0 0
111 18400 22600 0 0
112 18200 22600 0 0
113 18000 22600 0 0
114 17800 22600 0 0
115 17600 22600 0 0
116 17400 22600 0 0
117 17200 22600 0 0
118 17000 22600 0 0
119 16800 22600 0 0
120 16600 22600 0 0
121 16600 22400 0 0
122 16400 22400 0 0
123 16200 22400 0 0
124 16000 22400 0 0
125 15800 22400 0 0
126 15600 22400 0 0
127 15400 22400 0 0
128 15200 22400 0 0
129 15000 22400 0 0
130 14800 22400 0 0
131 14600 22400 0 0
132 14400 22400 0 0
133 14400 22200 0 0
134 14200 22200 0 0
135 14000 22200 0 0
136 13800 22200 0 0
137 13600 22200 0 0
138 13400 22200 0 0
139 13200 22200 0 0
140 13000 22200 0 0
141 12800 22200 0 0
142 12600 22200 0 0
143 12400 22200 0 0
144 12200 22200 0 0
145 12000 22200 0 0
146 11800 22200 0 0
147 11600 22200 0 0
148 11400 22200 0 0
149 11200 22200 0 0
150 11000 22200 0 0
151 10800 22200 0 0
152 10600 22200 0 0
153 10400 22200 0 0
154 10200 22200 0 0
155 10000 22200 0 0
156 9800 22200 0 0
157 9600 22200 0 0
158 9600 22000 0 0
159 9600 22200 0 0
160 9400 22200 0 0
161 9200 22200 0 0
162 9000 22200 0 0
163 8800 22200 0 0
164 8600 22200 0 0
165 8400 22200 0 0
166 8200 22200 0 0
167 8000 22200 0 0
168 7800 22200 0 0
169 7600 22200 0 0
170 7400 22200 0 0
171 7200 22200 0 0
172 7000 22200 0 0
173 6800 22200 0 0
174 6600 22200 0 0
175 6400 22200 0 0
176 6200 22200 0 0
177 6000 22200 0 0
178 5800 22200 0 0
179 5600 22200 0 0
180 5400 22200 0 0
181 5200 22200 0 0
182 5000 22200 0 0
183 4800 22200 0 0
184 4600 22200 0 0
185 4400 22200 0 0
186 4200 22200 0 0
187 4000 22200 0 0
188 3800 22200 0 0
189 3600 22200 0 0
190 3400 22200 0 0
191 3200 22200 0 0
192 3000 22200 0 0
193 2800 22200 0 0
194 2600 22200 0 0
195 2400 22200 0 0
196 2200 22200 0 0
197 2200 22000 0 0
198 2000 22000 0 0
199 1800 22000 0 0
200 1600 22000 0 0
201 1400 22000 0 0
202 1200 22000 0 0
203 1000 22000 0 0
204 800 22000 0 0
