0 1 89 0 0
1 2 89 0 0
2 3 89 0 0
3 4 89 0 0
4 5 89 0 0
5 6 89 0 0
6 7 89 0 0
7 8 89 0 0
8 9 89 0 0
9 10 89 0 0
10 10 90 0 0
11 11 90 0 0
12 12 90 0 0
13 13 90 0 0
14 14 90 0 0
15 15 90 0 0
16 16 90 0 0
17 17 90 0 0
18 18 90 0 0
19 19 90 0 0
20 20 90 0 0
21 20 91 0 0
22 21 91 0 0
23 22 91 0 0
24 23 91 0 0
25 24 91 0 0
26 25 91 0 0
27 26 91 0 0
28 27 91 0 0
29 28 91 0 0
30 29 91 0 0
31 30 91 0 0
32 30 92 0 0
33 31 92 0 0
34 32 92 0 0
35 33 92 0 0
36 34 92 0 0
37 35 92 0 0
38 36 92 0 0
39 37 92 0 0
40 38 92 0 0
41 39 92 0 0
42 40 92 0 0
43 41 92 0 0
44 42 92 0 0
45 43 92 0 0
46 44 92 0 0
47 45 92 0 0
48 46 92 0 0
49 47 92 0 0
50 48 92 0 0
51 49 92 0 0
52 50 92 0 0
53 50 93 0 0
54 51 93 0 0
55 52 93 0 0
56 53 93 0 0
57 54 93 0 0
58 55 93 0 0
59 56 93 0 0
60 57 93 0 0
61 58 93 0 0
62 59 93 0 0
63 60 93 0 0
64 61 93 0 0
65 62 93 0 0
66 63 93 0 0
67 64 93 0 0
68 65 93 0 0
69 66 93 0 0
70 67 93 0 0
71 67 92 0 0
72 68 92 0 0
73 69 92 0 0
74 70 92 0 0
75 70 91 0 0
76 71 91 0 0
77 72 91 0 0
78 73 91 0 0
79 74 91 0 0
80 74 90 0 0
81 75 90 0 0
82 76 90 0 0
83 76 89 0 0
84 77 89 0 0
85 78 89 0 0
86 78 88 0 0
87 79 88 0 0
88 80 88 0 0
89 80 87 0 0
90 81 87 0 0
91 81 86 0 0
92 82 86 0 0
93 83 86 0 0
94 83 85 0 0
95 84 85 0 0
96 85 85 0 0
97 85 84 0 0
98 86 84 0 0
99 87 84 0 0
100 88 84 0 0
101 89 84 0 0
102 89 83 0 0
103 90 83 0 0
104 91 83 0 0
105 92 83 0 0
106 93 83 0 0
107 94 83 0 0
108 95 83 0 0
109 96 83 0 0
110 96 82 0 0
111 97 82 0 0
112 98 82 0 0
113 99 82 0 0
114 100 82 0 0
115 101 82 0 0
116 102 82 0 0
117 103 82 0 0
118 104 82 0 0
119 105 82 0 0
120 106 82 0 0
121 107 82 0 0
122 108 82 0 0
123 109 82 0 0
124 110 82 0 0
125 111 82 0 0
126 111 83 0 0
127 112 83 0 0
128 113 83 0 0
129 114 83 0 0
130 115 83 0 0
131 116 83 0 0
132 117 83 0 0
133 118 83 0 0
134 118 84 0 0
135 119 84 0 0
136 120 84 0 0
137 121 84 0 0
138 122 84 0 0
139 122 85 0 0
140 123 85 0 0
141 124 85 0 0
142 125 85 0 0
143 125 86 0 0
144 126 86 0 0
145 127 86 0 0
146 128 86 0 0
147 129 86 0 0
148 129 87 0 0
149 130 87 0 0
150 131 87 0 0
151 132 87 0 0
152 132 88 0 0
153 133 88 0 0
154 134 88 0 0
155 135 88 0 0
156 135 89 0 0
157 136 89 0 0
158 137 89 0 0
159 138 89 0 0
160 138 90 0 0
161 139 90 0 0
162 140 90 0 0
163 141 90 0 0
164 142 90 0 0
165 143 90 0 0
166 143 91 0 0
167 144 91 0 0
168 145 91 0 0
169 146 91 0 0
170 147 91 0 0
171 148 91 0 0
172 149 91 0 0
173 149 92 0 0
174 150 92 0 0
175 151 92 0 0
176 152 92 0 0
177 153 92 0 0
178 154 92 0 0
179 154 93 0 0
180 155 93 0 0
181 156 93 0 0
182 157 93 0 0
183 158 93 0 0
184 159 93 0 0
185 160 93 0 0
186 160 94 0 0
187 161 94 0 0
188 162 94 0 0
189 163 94 0 0
190 164 94 0 0
191 165 94 0 0
192 166 94 0 0
193 167 94 0 0
194 168 94 0 0
195 168 95 0 0
196 169 95 0 0
197 170 95 0 0
198 171 95 0 0
199 172 95 0 0
200 173 95 0 0
201 174 95 0 0
202 175 95 0 0
203 176 95 0 0
204 176 96 0 0
205 177 96 0 0
206 178 96 0 0
207 179 96 0 0
208 180 96 0 0
209 181 96 0 0
210 182 96 0 0
211 182 97 0 0
212 183 97 0 0
213 184 97 0 0
214 185 97 0 0
215 186 97 0 0
216 187 97 0 0
217 188 97 0 0
218 188 96 0 0
219 189 96 0 0
220 190 96 0 0
221 191 96 0 0
222 192 96 0 0
223 193 96 0 0
