0 800 20200 0 0
1 1000 20200 0 0
2 1200 20200 0 0
3 1400 20200 0 0
4 1600 20200 0 0
5 1800 20200 0 0
6 2000 20200 0 0
7 2200 20200 0 0
8 2400 20200 0 0
9 2600 20200 0 0
10 2800 20200 0 0
11 3000 20200 0 0
12 3200 20200 0 0
13 3400 20200 0 0
14 3600 20200 0 0
15 3800 20200 0 0
16 4000 20200 0 0
17 4200 20200 0 0
18 4400 20200 0 0
19 4600 20200 0 0
20 4800 20200 0 0
21 5000 20200 0 0
22 5200 20200 0 0
23 5400 20200 0 0
24 5600 20200 0 0
25 5800 20200 0 0
26 6000 20200 0 0
27 6200 20200 0 0
28 6400 20200 0 0
29 6600 20200 0 0
30 6800 20200 0 0
31 7000 20200 0 0
32 7200 20200 0 0
33 7400 20200 0 0
34 7600 20200 0 0
35 7800 20200 0 0
36 8000 20200 0 0
37 8200 20200 0 0
38 8400 20200 0 0
39 8600 20200 0 0
40 8800 20200 0 0
41 9000 20200 0 0
42 9000 20000 0 0
43 9200 20000 0 0
44 9400 20000 0 0
45 9600 20000 0 0
46 9800 20000 0 0
47 10000 20000 0 0
48 10200 20000 0 0
49 10400 20000 0 0
50 10600 20000 0 0
51 10800 20000 0 0
52 11000 20000 0 0
53 11200 20000 0 0
54 11400 20000 0 0
55 11600 20000 0 0
56 11800 20000 0 0
57 12000 20000 0 0
58 12200 20000 0 0
59 12400 20000 0 0
60 12400 19800 0 0
61 12600 19800 0 0
62 12800 19800 0 0
63 13000 19800 0 0
64 13200 19800 0 0
65 13200 19600 0 0
66 13400 19600 0 0
67 13600 19600 0 0
68 13600 19400 0 0
69 13800 19400 0 0
70 14000 19400 0 0
71 14200 19400 0 0
72 14200 19200 0 0
73 14400 19200 0 0
74 14600 19200 0 0
75 14800 19200 0 0
76 15000 19200 0 0
77 15000 19000 0 0
78 15200 19000 0 0
79 15400 19000 0 0
80 15600 19000 0 0
81 15800 19000 0 0
82 16000 19000 0 0
83 16200 19000 0 0
84 16200 18800 0 0
85 16400 18800 0 0
86 16600 18800 0 0
87 16800 18800 0 0
88 17000 18800 0 0
89 17000 18600 0 0
90 17200 18600 0 0
91 17400 18600 0 0
92 17600 18600 0 0
93 17800 18600 0 0
94 18000 18600 0 0
95 18200 18600 0 0
96 18400 18600 0 0
97 18400 18400 0 0
98 18600 18400 0 0
99 18800 18400 0 0
100 19000 18400 0 0
101 19200 18400 0 0
102 19400 18400 0 0
103 19600 18400 0 0
104 19800 18400 0 0
105 20000 18400 0 0
106 20200 18400 0 0
107 20400 18400 0 0
108 20600 18400 0 0
109 20600 18200 0 0
110 20800 18200 0 0
111 21000 18200 0 0
112 21200 18200 0 0
113 21400 18200 0 0
114 21600 18200 0 0
115 21800 18200 0 0
116 22000 18200 0 0
117 22000 18400 0 0
118 22200 18400 0 0
119 22400 18400 0 0
120 22600 18400 0 0
121 22600 18600 0 0
122 22800 18600 0 0
123 23000 18600 0 0
124 23200 18600 0 0
125 23200 18800 0 0
126 23400 18800 0 0
127 23600 18800 0 0
128 23800 18800 0 0
129 24000 18800 0 0
130 24000 19000 0 0
131 24200 19000 0 0
132 24400 19000 0 0
133 24600 19000 0 0
134 24600 19200 0 0
135 24800 19200 0 0
136 25000 19200 0 0
137 25200 19200 0 0
138 25400 19200 0 0
139 25600 19200 0 0
140 25600 19400 0 0
141 25800 19400 0 0
142 26000 19400 0 0
143 26200 19400 0 0
144 26400 19400 0 0
145 26400 19600 0 0
146 26600 19600 0 0
147 26800 19600 0 0
148 27000 19600 0 0
149 27200 19600 0 0
150 27200 19800 0 0
151 27400 19800 0 0
152 27600 19800 0 0
153 27800 19800 0 0
154 28000 19800 0 0
155 28200 19800 0 0
156 28200 20000 0 0
157 28400 20000 0 0
158 28600 20000 0 0
159 28800 20000 0 0
160 29000 20000 0 0
161 29200 20000 0 0
162 29200 20200 0 0
163 29400 20200 0 0
164 29600 20200 0 0
165 29800 20200 0 0
166 30000 20200 0 0
167 30000 20400 0 0
168 30200 20400 0 0
169 30400 20400 0 0
170 30600 20400 0 0
171 30800 20400 0 0
172 31000 20400 0 0
173 31200 20400 0 0
174 31400 20400 0 0
175 31600 20400 0 0
176 31800 20400 0 0
177 31800 20600 0 0
178 32000 20600 0 0
179 32200 20600 0 0
180 32400 20600 0 0
181 32600 20600 0 0
182 32800 20600 0 0
183 33000 20600 0 0
184 33200 20600 0 0
185 33400 20600 0 0
186 33600 20600 0 0
187 33800 20600 0 0
188 34000 20600 0 0
189 34200 20600 0 0
190 34400 20600 0 0
191 34600 20600 0 0
192 34800 20600 0 0
193 35000 20600 0 0
194 35200 20600 0 0
195 35400 20600 0 0
196 35600 20600 0 0
197 35800 20600 0 0
198 36000 20600 0 0
199 36200 20600 0 0
200 36400 20600 0 0
201 36600 20600 0 0
202 36800 20600 0 0
203 37000 20600 0 0
204 37200 20600 0 0
205 37400 20600 0 0
