0 193 109 0 0
1 193 110 0 0
2 192 110 0 0
3 191 110 0 0
4 190 110 0 0
5 189 110 0 0
6 188 110 0 0
7 187 110 0 0
8 186 110 0 0
9 185 110 0 0
10 184 110 0 0
11 183 110 0 0
12 182 110 0 0
13 181 110 0 0
14 180 110 0 0
15 179 110 0 0
16 178 110 0 0
17 177 110 0 0
18 176 110 0 0
19 175 110 0 0
20 174 110 0 0
21 173 110 0 0
22 172 110 0 0
23 171 110 0 0
24 170 110 0 0
25 169 110 0 0
26 168 110 0 0
27 167 110 0 0
28 166 110 0 0
29 165 110 0 0
30 164 110 0 0
31 163 110 0 0
32 162 110 0 0
33 161 110 0 0
34 160 110 0 0
35 159 110 0 0
36 158 110 0 0
37 157 110 0 0
38 156 110 0 0
39 156 111 0 0
40 155 111 0 0
41 154 111 0 0
42 153 111 0 0
43 152 111 0 0
44 151 111 0 0
45 150 111 0 0
46 149 111 0 0
47 148 111 0 0
48 148 112 0 0
49 147 112 0 0
50 146 112 0 0
51 145 112 0 0
52 144 112 0 0
53 143 112 0 0
54 142 112 0 0
55 141 112 0 0
56 140 112 0 0
57 139 112 0 0
58 138 112 0 0
59 138 113 0 0
60 137 113 0 0
61 136 113 0 0
62 135 113 0 0
63 134 113 0 0
64 133 113 0 0
65 133 114 0 0
66 132 114 0 0
67 131 114 0 0
68 130 114 0 0
69 129 114 0 0
70 128 114 0 0
71 127 114 0 0
72 126 114 0 0
73 125 114 0 0
74 124 114 0 0
75 123 114 0 0
76 122 114 0 0
77 121 114 0 0
78 120 114 0 0
79 120 113 0 0
80 119 113 0 0
81 118 113 0 0
82 117 113 0 0
83 116 113 0 0
84 115 113 0 0
85 114 113 0 0
86 113 113 0 0
87 112 113 0 0
88 111 113 0 0
89 110 113 0 0
90 109 113 0 0
91 108 113 0 0
92 107 113 0 0
93 106 113 0 0
94 105 113 0 0
95 104 113 0 0
96 103 113 0 0
97 102 113 0 0
98 101 113 0 0
99 101 112 0 0
100 100 112 0 0
101 99 112 0 0
102 98 112 0 0
103 97 112 0 0
104 96 112 0 0
105 96 111 0 0
106 95 111 0 0
107 94 111 0 0
108 93 111 0 0
109 92 111 0 0
110 91 111 0 0
111 91 110 0 0
112 90 110 0 0
113 89 110 0 0
114 88 110 0 0
115 87 110 0 0
116 86 110 0 0
117 85 110 0 0
118 84 110 0 0
119 83 110 0 0
120 82 110 0 0
121 81 110 0 0
122 80 110 0 0
123 79 110 0 0
124 79 109 0 0
125 78 109 0 0
126 77 109 0 0
127 76 109 0 0
128 75 109 0 0
129 74 109 0 0
130 74 108 0 0
131 73 108 0 0
132 72 108 0 0
133 71 108 0 0
134 70 108 0 0
135 69 108 0 0
136 69 109 0 0
137 68 109 0 0
138 67 109 0 0
139 66 109 0 0
140 65 109 0 0
141 65 110 0 0
142 64 110 0 0
143 63 110 0 0
144 62 110 0 0
145 61 110 0 0
146 60 110 0 0
147 60 109 0 0
148 59 109 0 0
149 58 109 0 0
150 57 109 0 0
151 56 109 0 0
152 56 108 0 0
153 55 108 0 0
154 54 108 0 0
155 53 108 0 0
156 52 108 0 0
157 51 108 0 0
158 50 108 0 0
159 49 108 0 0
160 48 108 0 0
161 47 108 0 0
162 46 108 0 0
163 45 108 0 0
164 44 108 0 0
165 43 108 0 0
166 42 108 0 0
167 41 108 0 0
168 40 108 0 0
169 40 109 0 0
170 39 109 0 0
171 38 109 0 0
172 37 109 0 0
173 36 109 0 0
174 35 109 0 0
175 34 109 0 0
176 33 109 0 0
177 32 109 0 0
178 31 109 0 0
179 30 109 0 0
180 29 109 0 0
181 28 109 0 0
182 27 109 0 0
183 26 109 0 0
184 25 109 0 0
185 24 109 0 0
186 24 108 0 0
187 23 108 0 0
188 22 108 0 0
189 21 108 0 0
190 20 108 0 0
191 19 108 0 0
192 18 108 0 0
193 17 108 0 0
194 16 108 0 0
195 15 108 0 0
196 15 109 0 0
197 14 109 0 0
198 13 109 0 0
199 12 109 0 0
200 11 109 0 0
201 10 109 0 0
202 9 109 0 0
203 9 110 0 0
204 8 110 0 0
205 7 110 0 0
206 6 110 0 0
207 5 110 0 0
208 4 110 0 0
