0 400 20000 0 0
1 600 20000 0 0
2 800 20000 0 0
3 1000 20000 0 0
4 1200 20000 0 0
5 1400 20000 0 0
6 1600 20000 0 0
7 1800 20000 0 0
8 2000 20000 0 0
9 2200 20000 0 0
10 2400 20000 0 0
11 2600 20000 0 0
12 2600 19800 0 0
13 2800 19800 0 0
14 3000 19800 0 0
15 3200 19800 0 0
16 3400 19800 0 0
17 3600 19800 0 0
18 3800 19800 0 0
19 4000 19800 0 0
20 4200 19800 0 0
21 4400 19800 0 0
22 4600 19800 0 0
23 4800 19800 0 0
24 5000 19800 0 0
25 5200 19800 0 0
26 5400 19800 0 0
27 5600 19800 0 0
28 5800 19800 0 0
29 6000 19800 0 0
30 6200 19800 0 0
31 6400 19800 0 0
32 6600 19800 0 0
33 6800 19800 0 0
34 7000 19800 0 0
35 7000 19600 0 0
36 7200 19600 0 0
37 7400 19600 0 0
38 7600 19600 0 0
39 7800 19600 0 0
40 8000 19600 0 0
41 8200 19600 0 0
42 8400 19600 0 0
43 8600 19600 0 0
44 8800 19600 0 0
45 9000 19600 0 0
46 9200 19600 0 0
47 9400 19600 0 0
48 9600 19600 0 0
49 9600 19400 0 0
50 9800 19400 0 0
51 10000 19400 0 0
52 10200 19400 0 0
53 10400 19400 0 0
54 10600 19400 0 0
55 10800 19400 0 0
56 11000 19400 0 0
57 11200 19400 0 0
58 11400 19400 0 0
59 11600 19400 0 0
60 11800 19400 0 0
61 12000 19400 0 0
62 12200 19400 0 0
63 12200 19200 0 0
64 12400 19200 0 0
65 12600 19200 0 0
66 12800 19200 0 0
67 13000 19200 0 0
68 13200 19200 0 0
69 13400 19200 0 0
70 13600 19200 0 0
71 13800 19200 0 0
72 14000 19200 0 0
73 14000 19000 0 0
74 14200 19000 0 0
75 14400 19000 0 0
76 14600 19000 0 0
77 14800 19000 0 0
78 15000 19000 0 0
79 15000 18800 0 0
80 15200 18800 0 0
81 15400 18800 0 0
82 15600 18800 0 0
83 15800 18800 0 0
84 15800 18600 0 0
85 16000 18600 0 0
86 16200 18600 0 0
87 16400 18600 0 0
88 16600 18600 0 0
89 16800 18600 0 0
90 16800 18400 0 0
91 17000 18400 0 0
92 17200 18400 0 0
93 17400 18400 0 0
94 17600 18400 0 0
95 17800 18400 0 0
96 17800 18200 0 0
97 18000 18200 0 0
98 18200 18200 0 0
99 18400 18200 0 0
100 18600 18200 0 0
101 18800 18200 0 0
102 18800 18000 0 0
103 19000 18000 0 0
104 19200 18000 0 0
105 19400 18000 0 0
106 19600 18000 0 0
107 19800 18000 0 0
108 19800 17800 0 0
109 20000 17800 0 0
110 20200 17800 0 0
111 20400 17800 0 0
112 20600 17800 0 0
113 20800 17800 0 0
114 21000 17800 0 0
115 21200 17800 0 0
116 21400 17800 0 0
117 21400 18000 0 0
118 21600 18000 0 0
119 21800 18000 0 0
120 22000 18000 0 0
121 22200 18000 0 0
122 22400 18000 0 0
123 22600 18000 0 0
124 22800 18000 0 0
125 23000 18000 0 0
126 23200 18000 0 0
127 23400 18000 0 0
128 23600 18000 0 0
129 23600 18200 0 0
130 23800 18200 0 0
131 24000 18200 0 0
132 24200 18200 0 0
133 24400 18200 0 0
134 24600 18200 0 0
135 24800 18200 0 0
136 25000 18200 0 0
137 25200 18200 0 0
138 25400 18200 0 0
139 25600 18200 0 0
140 25800 18200 0 0
141 25800 18400 0 0
142 26000 18400 0 0
143 26200 18400 0 0
144 26400 18400 0 0
145 26600 18400 0 0
146 26600 18600 0 0
147 26800 18600 0 0
148 27000 18600 0 0
149 27200 18600 0 0
150 27200 18800 0 0
151 27400 18800 0 0
152 27600 18800 0 0
153 27600 19000 0 0
154 27800 19000 0 0
155 28000 19000 0 0
156 28200 19000 0 0
157 28400 19000 0 0
158 28600 19000 0 0
159 28800 19000 0 0
160 29000 19000 0 0
161 29200 19000 0 0
162 29400 19000 0 0
163 29600 19000 0 0
164 29600 18800 0 0
165 29800 18800 0 0
166 29800 19000 0 0
167 30000 19000 0 0
168 30200 19000 0 0
169 30400 19000 0 0
170 30600 19000 0 0
171 30600 19200 0 0
172 30800 19200 0 0
173 31000 19200 0 0
174 31200 19200 0 0
175 31200 19400 0 0
176 31400 19400 0 0
177 31600 19400 0 0
178 31800 19400 0 0
179 32000 19400 0 0
180 32200 19400 0 0
181 32200 19600 0 0
182 32400 19600 0 0
183 32600 19600 0 0
184 32800 19600 0 0
185 33000 19600 0 0
186 33200 19600 0 0
187 33200 19800 0 0
188 33400 19800 0 0
189 33600 19800 0 0
190 33800 19800 0 0
191 34000 19800 0 0
192 34200 19800 0 0
193 34400 19800 0 0
194 34600 19800 0 0
195 34800 19800 0 0
196 35000 19800 0 0
197 35200 19800 0 0
198 35400 19800 0 0
199 35600 19800 0 0
200 35800 19800 0 0
201 36000 19800 0 0
202 36200 19800 0 0
203 36400 19800 0 0
204 36600 19800 0 0
205 36800 19800 0 0
206 37000 19800 0 0
207 37200 19800 0 0
208 37400 19800 0 0
209 37400 20000 0 0
210 37600 20000 0 0
211 37800 20000 0 0
212 38000 20000 0 0
213 38200 20000 0 0
214 38400 20000 0 0
215 38600 20000 0 0
216 38800 20000 0 0
217 39000 20000 0 0
