0 400 19400 0 0
1 400 19600 0 0
2 600 19600 0 0
3 800 19600 0 0
4 1000 19600 0 0
5 1200 19600 0 0
6 1400 19600 0 0
7 1600 19600 0 0
8 1800 19600 0 0
9 2000 19600 0 0
10 2200 19600 0 0
11 2400 19600 0 0
12 2600 19600 0 0
13 2800 19600 0 0
14 3000 19600 0 0
15 3200 19600 0 0
16 3400 19600 0 0
17 3600 19600 0 0
18 3800 19600 0 0
19 4000 19600 0 0
20 4200 19600 0 0
21 4400 19600 0 0
22 4600 19600 0 0
23 4800 19600 0 0
24 5000 19600 0 0
25 5200 19600 0 0
26 5400 19600 0 0
27 5600 19600 0 0
28 5800 19600 0 0
29 6000 19600 0 0
30 6200 19600 0 0
31 6400 19600 0 0
32 6600 19600 0 0
33 6800 19600 0 0
34 7000 19600 0 0
35 7200 19600 0 0
36 7200 19800 0 0
37 7400 19800 0 0
38 7600 19800 0 0
39 7800 19800 0 0
40 8000 19800 0 0
41 8200 19800 0 0
42 8400 19800 0 0
43 8600 19800 0 0
44 8800 19800 0 0
45 9000 19800 0 0
46 9200 19800 0 0
47 9400 19800 0 0
48 9600 19800 0 0
49 9800 19800 0 0
50 10000 19800 0 0
51 10200 19800 0 0
52 10400 19800 0 0
53 10600 19800 0 0
54 10800 19800 0 0
55 11000 19800 0 0
56 11200 19800 0 0
57 11400 19800 0 0
58 11400 19600 0 0
59 11600 19600 0 0
60 11800 19600 0 0
61 12000 19600 0 0
62 12200 19600 0 0
63 12200 19400 0 0
64 12400 19400 0 0
65 12600 19400 0 0
66 12800 19400 0 0
67 13000 19400 0 0
68 13200 19400 0 0
69 13200 19200 0 0
70 13400 19200 0 0
71 13600 19200 0 0
72 13600 19000 0 0
73 13800 19000 0 0
74 14000 19000 0 0
75 14000 18800 0 0
76 14200 18800 0 0
77 14400 18800 0 0
78 14400 18600 0 0
79 14600 18600 0 0
80 14800 18600 0 0
81 15000 18600 0 0
82 15000 18400 0 0
83 15200 18400 0 0
84 15400 18400 0 0
85 15600 18400 0 0
86 15800 18400 0 0
87 16000 18400 0 0
88 16000 18200 0 0
89 16200 18200 0 0
90 16400 18200 0 0
91 16600 18200 0 0
92 16800 18200 0 0
93 17000 18200 0 0
94 17200 18200 0 0
95 17200 18000 0 0
96 17400 18000 0 0
97 17600 18000 0 0
98 17800 18000 0 0
99 17800 17800 0 0
100 18000 17800 0 0
101 18200 17800 0 0
102 18400 17800 0 0
103 18400 17600 0 0
104 18600 17600 0 0
105 18800 17600 0 0
106 19000 17600 0 0
107 19200 17600 0 0
108 19200 17400 0 0
109 19400 17400 0 0
110 19600 17400 0 0
111 19800 17400 0 0
112 20000 17400 0 0
113 20000 17200 0 0
114 20200 17200 0 0
115 20400 17200 0 0
116 20600 17200 0 0
117 20800 17200 0 0
118 21000 17200 0 0
119 21200 17200 0 0
120 21400 17200 0 0
121 21400 17000 0 0
122 21400 17200 0 0
123 21600 17200 0 0
124 21800 17200 0 0
125 21800 17400 0 0
126 22000 17400 0 0
127 22200 17400 0 0
128 22400 17400 0 0
129 22400 17600 0 0
130 22600 17600 0 0
131 22800 17600 0 0
132 23000 17600 0 0
133 23200 17600 0 0
134 23200 17800 0 0
135 23400 17800 0 0
136 23600 17800 0 0
137 23800 17800 0 0
138 24000 17800 0 0
139 24200 17800 0 0
140 24400 17800 0 0
141 24400 18000 0 0
142 24600 18000 0 0
143 24800 18000 0 0
144 25000 18000 0 0
145 25200 18000 0 0
146 25400 18000 0 0
147 25600 18000 0 0
148 25800 18000 0 0
149 25800 18200 0 0
150 26000 18200 0 0
151 26200 18200 0 0
152 26400 18200 0 0
153 26600 18200 0 0
154 26800 18200 0 0
155 26800 18400 0 0
156 27000 18400 0 0
157 27200 18400 0 0
158 27400 18400 0 0
159 27600 18400 0 0
160 27800 18400 0 0
161 28000 18400 0 0
162 28000 18600 0 0
163 28200 18600 0 0
164 28400 18600 0 0
165 28600 18600 0 0
166 28800 18600 0 0
167 29000 18600 0 0
168 29000 18800 0 0
169 29200 18800 0 0
170 29400 18800 0 0
171 29600 18800 0 0
172 29800 18800 0 0
173 30000 18800 0 0
174 30000 19000 0 0
175 30200 19000 0 0
176 30400 19000 0 0
177 30600 19000 0 0
178 30800 19000 0 0
179 31000 19000 0 0
180 31000 19200 0 0
181 31200 19200 0 0
182 31400 19200 0 0
183 31600 19200 0 0
184 31800 19200 0 0
185 32000 19200 0 0
186 32200 19200 0 0
187 32400 19200 0 0
188 32400 19400 0 0
189 32600 19400 0 0
190 32800 19400 0 0
191 33000 19400 0 0
192 33200 19400 0 0
193 33400 19400 0 0
194 33600 19400 0 0
195 33800 19400 0 0
196 34000 19400 0 0
197 34200 19400 0 0
198 34400 19400 0 0
199 34600 19400 0 0
200 34800 19400 0 0
201 35000 19400 0 0
202 35200 19400 0 0
203 35400 19400 0 0
204 35600 19400 0 0
205 35800 19400 0 0
206 35800 19600 0 0
207 36000 19600 0 0
208 36200 19600 0 0
209 36400 19600 0 0
210 36600 19600 0 0
211 36800 19600 0 0
212 37000 19600 0 0
213 37200 19600 0 0
214 37400 19600 0 0
