0 400 21000 0 0
1 600 21000 0 0
2 800 21000 0 0
3 1000 21000 0 0
4 1200 21000 0 0
5 1400 21000 0 0
6 1600 21000 0 0
7 1800 21000 0 0
8 2000 21000 0 0
9 2200 21000 0 0
10 2400 21000 0 0
11 2600 21000 0 0
12 2800 21000 0 0
13 3000 21000 0 0
14 3200 21000 0 0
15 3400 21000 0 0
16 3600 21000 0 0
17 3800 21000 0 0
18 4000 21000 0 0
19 4200 21000 0 0
20 4400 21000 0 0
21 4600 21000 0 0
22 4800 21000 0 0
23 5000 21000 0 0
24 5200 21000 0 0
25 5400 21000 0 0
26 5400 20800 0 0
27 5600 20800 0 0
28 5800 20800 0 0
29 6000 20800 0 0
30 6200 20800 0 0
31 6400 20800 0 0
32 6600 20800 0 0
33 6800 20800 0 0
34 7000 20800 0 0
35 7000 20600 0 0
36 7200 20600 0 0
37 7400 20600 0 0
38 7600 20600 0 0
39 7800 20600 0 0
40 8000 20600 0 0
41 8200 20600 0 0
42 8400 20600 0 0
43 8600 20600 0 0
44 8600 20400 0 0
45 8800 20400 0 0
46 9000 20400 0 0
47 9200 20400 0 0
48 9400 20400 0 0
49 9600 20400 0 0
50 9800 20400 0 0
51 9800 20200 0 0
52 10000 20200 0 0
53 10200 20200 0 0
54 10400 20200 0 0
55 10600 20200 0 0
56 10800 20200 0 0
57 11000 20200 0 0
58 11000 20000 0 0
59 11200 20000 0 0
60 11400 20000 0 0
61 11600 20000 0 0
62 11800 20000 0 0
63 12000 20000 0 0
64 12000 19800 0 0
65 12200 19800 0 0
66 12400 19800 0 0
67 12600 19800 0 0
68 12800 19800 0 0
69 13000 19800 0 0
70 13000 19600 0 0
71 13200 19600 0 0
72 13400 19600 0 0
73 13600 19600 0 0
74 13600 19400 0 0
75 13800 19400 0 0
76 14000 19400 0 0
77 14200 19400 0 0
78 14400 19400 0 0
79 14600 19400 0 0
80 14600 19200 0 0
81 14800 19200 0 0
82 15000 19200 0 0
83 15200 19200 0 0
84 15200 19000 0 0
85 15400 19000 0 0
86 15600 19000 0 0
87 15800 19000 0 0
88 16000 19000 0 0
89 16200 19000 0 0
90 16200 18800 0 0
91 16400 18800 0 0
92 16600 18800 0 0
93 16800 18800 0 0
94 17000 18800 0 0
95 17200 18800 0 0
96 17400 18800 0 0
97 17400 18600 0 0
98 17600 18600 0 0
99 17800 18600 0 0
100 18000 18600 0 0
101 18200 18600 0 0
102 18400 18600 0 0
103 18600 18600 0 0
104 18600 18400 0 0
105 18800 18400 0 0
106 19000 18400 0 0
107 19200 18400 0 0
108 19400 18400 0 0
109 19600 18400 0 0
110 19800 18400 0 0
111 20000 18400 0 0
112 20200 18400 0 0
113 20400 18400 0 0
114 20600 18400 0 0
115 20800 18400 0 0
116 21000 18400 0 0
117 21200 18400 0 0
118 21400 18400 0 0
119 21600 18400 0 0
120 21800 18400 0 0
121 22000 18400 0 0
122 22200 18400 0 0
123 22200 18200 0 0
124 22200 18400 0 0
125 22400 18400 0 0
126 22600 18400 0 0
127 22800 18400 0 0
128 22800 18600 0 0
129 23000 18600 0 0
130 23200 18600 0 0
131 23400 18600 0 0
132 23600 18600 0 0
133 23600 18800 0 0
134 23800 18800 0 0
135 24000 18800 0 0
136 24200 18800 0 0
137 24400 18800 0 0
138 24400 19000 0 0
139 24600 19000 0 0
140 24800 19000 0 0
141 25000 19000 0 0
142 25200 19000 0 0
143 25200 19200 0 0
144 25400 19200 0 0
145 25600 19200 0 0
146 25800 19200 0 0
147 26000 19200 0 0
148 26200 19200 0 0
149 26400 19200 0 0
150 26600 19200 0 0
151 26800 19200 0 0
152 27000 19200 0 0
153 27000 19400 0 0
154 27200 19400 0 0
155 27400 19400 0 0
156 27600 19400 0 0
157 27800 19400 0 0
158 28000 19400 0 0
159 28200 19400 0 0
160 28400 19400 0 0
161 28600 19400 0 0
162 28800 19400 0 0
163 28800 19600 0 0
164 29000 19600 0 0
165 29200 19600 0 0
166 29400 19600 0 0
167 29600 19600 0 0
168 29800 19600 0 0
169 30000 19600 0 0
170 30000 19800 0 0
171 30200 19800 0 0
172 30400 19800 0 0
173 30600 19800 0 0
174 30800 19800 0 0
175 31000 19800 0 0
176 31000 20000 0 0
177 31200 20000 0 0
178 31400 20000 0 0
179 31600 20000 0 0
180 31800 20000 0 0
181 31800 20200 0 0
182 32000 20200 0 0
183 32200 20200 0 0
184 32400 20200 0 0
185 32600 20200 0 0
186 32800 20200 0 0
187 32800 20000 0 0
188 33000 20000 0 0
189 33200 20000 0 0
190 33400 20000 0 0
191 33600 20000 0 0
192 33600 19800 0 0
193 33800 19800 0 0
194 34000 19800 0 0
195 34200 19800 0 0
196 34400 19800 0 0
197 34600 19800 0 0
198 34600 19600 0 0
199 34600 19800 0 0
200 34800 19800 0 0
201 35000 19800 0 0
202 35200 19800 0 0
203 35400 19800 0 0
204 35400 20000 0 0
205 35600 20000 0 0
206 35800 20000 0 0
207 36000 20000 0 0
208 36200 20000 0 0
209 36400 20000 0 0
210 36600 20000 0 0
211 36800 20000 0 0
212 37000 20000 0 0
213 37200 20000 0 0
214 37400 20000 0 0
215 37600 20000 0 0
216 37800 20000 0 0
217 38000 20000 0 0
218 38200 20000 0 0
219 38200 19800 0 0
220 38400 19800 0 0
