0 18800 1000 0 0
1 18800 1200 0 0
2 18800 1400 0 0
3 18800 1600 0 0
4 18800 1800 0 0
5 18800 2000 0 0
6 18800 2200 0 0
7 18800 2400 0 0
8 18800 2600 0 0
9 18800 2800 0 0
10 18800 3000 0 0
11 18800 3200 0 0
12 18800 3400 0 0
13 18800 3600 0 0
14 18800 3800 0 0
15 18800 4000 0 0
16 18800 4200 0 0
17 19000 4200 0 0
18 19000 4400 0 0
19 19000 4600 0 0
20 19000 4800 0 0
21 19000 5000 0 0
22 19000 5200 0 0
23 19000 5400 0 0
24 19000 5600 0 0
25 19200 5600 0 0
26 19200 5800 0 0
27 19200 6000 0 0
28 19200 6200 0 0
29 19200 6400 0 0
30 19400 6400 0 0
31 19400 6600 0 0
32 19400 6800 0 0
33 19400 7000 0 0
34 19400 7200 0 0
35 19400 7400 0 0
36 19400 7600 0 0
37 19400 7800 0 0
38 19600 7800 0 0
39 19600 8000 0 0
40 19600 8200 0 0
41 19600 8400 0 0
42 19600 8600 0 0
43 19600 8800 0 0
44 19600 9000 0 0
45 19800 9000 0 0
46 19800 9200 0 0
47 19800 9400 0 0
48 19800 9600 0 0
49 20000 9600 0 0
50 20000 9800 0 0
51 20000 10000 0 0
52 20000 10200 0 0
53 20200 10200 0 0
54 20200 10400 0 0
55 20200 10600 0 0
56 20200 10800 0 0
57 20400 10800 0 0
58 20400 11000 0 0
59 20400 11200 0 0
60 20400 11400 0 0
61 20600 11400 0 0
62 20600 11600 0 0
63 20600 11800 0 0
64 20800 11800 0 0
65 20800 12000 0 0
66 20800 12200 0 0
67 20800 12400 0 0
68 21000 12400 0 0
69 21000 12600 0 0
70 21000 12800 0 0
71 21000 13000 0 0
72 21200 13000 0 0
73 21200 13200 0 0
74 21200 13400 0 0
75 21400 13400 0 0
76 21400 13600 0 0
77 21400 13800 0 0
78 21400 14000 0 0
79 21600 14000 0 0
80 21600 14200 0 0
81 21800 14200 0 0
82 21800 14400 0 0
83 21800 14600 0 0
84 22000 14600 0 0
85 22000 14800 0 0
86 22200 14800 0 0
87 22200 15000 0 0
88 22200 15200 0 0
89 22400 15200 0 0
90 22400 15400 0 0
91 22600 15400 0 0
92 22600 15600 0 0
93 22600 15800 0 0
94 22800 15800 0 0
95 22800 16000 0 0
96 23000 16000 0 0
97 23000 16200 0 0
98 23200 16200 0 0
99 23200 16400 0 0
100 23400 16400 0 0
101 23400 16600 0 0
102 23600 16600 0 0
103 23800 16600 0 0
104 23800 16800 0 0
105 24000 16800 0 0
106 24000 17000 0 0
107 24200 17000 0 0
108 24200 17200 0 0
109 24400 17200 0 0
110 24400 17400 0 0
111 24400 17600 0 0
112 24600 17600 0 0
113 24600 17800 0 0
114 24800 17800 0 0
115 25000 17800 0 0
116 25200 17800 0 0
117 25400 17800 0 0
118 25400 18000 0 0
119 25600 18000 0 0
120 25800 18000 0 0
121 26000 18000 0 0
122 26000 18200 0 0
123 26200 18200 0 0
124 26400 18200 0 0
125 26600 18200 0 0
126 26800 18200 0 0
127 26800 18400 0 0
128 27000 18400 0 0
129 27200 18400 0 0
130 27400 18400 0 0
131 27600 18400 0 0
132 27800 18400 0 0
133 27800 18600 0 0
134 28000 18600 0 0
135 28200 18600 0 0
136 28400 18600 0 0
137 28600 18600 0 0
138 28800 18600 0 0
139 29000 18600 0 0
140 29000 18800 0 0
141 29200 18800 0 0
142 29400 18800 0 0
143 29600 18800 0 0
144 29800 18800 0 0
145 30000 18800 0 0
146 30200 18800 0 0
147 30200 19000 0 0
148 30400 19000 0 0
149 30600 19000 0 0
150 30800 19000 0 0
151 31000 19000 0 0
152 31200 19000 0 0
153 31400 19000 0 0
154 31600 19000 0 0
155 31800 19000 0 0
156 32000 19000 0 0
157 32200 19000 0 0
158 32400 19000 0 0
159 32400 18800 0 0
160 32600 18800 0 0
161 32600 19000 0 0
162 32800 19000 0 0
163 33000 19000 0 0
164 33200 19000 0 0
165 33400 19000 0 0
166 33600 19000 0 0
167 33800 19000 0 0
168 34000 19000 0 0
169 34200 19000 0 0
170 34400 19000 0 0
171 34600 19000 0 0
172 34800 19000 0 0
173 35000 19000 0 0
174 35200 19000 0 0
175 35400 19000 0 0
176 35600 19000 0 0
177 35800 19000 0 0
178 36000 19000 0 0
179 36200 19000 0 0
180 36400 19000 0 0
181 36600 19000 0 0
182 36800 19000 0 0
183 37000 19000 0 0
184 37200 19000 0 0
185 37400 19000 0 0
186 37600 19000 0 0
187 37800 19000 0 0
188 38000 19000 0 0
189 38000 19200 0 0
190 38200 19200 0 0
191 38400 19200 0 0
192 38600 19200 0 0
