0 38800 21000 0 0
1 38800 21200 0 0
2 38600 21200 0 0
3 38400 21200 0 0
4 38200 21200 0 0
5 38000 21200 0 0
6 38000 21400 0 0
7 37800 21400 0 0
8 37600 21400 0 0
9 37400 21400 0 0
10 37200 21400 0 0
11 37000 21400 0 0
12 36800 21400 0 0
13 36600 21400 0 0
14 36400 21400 0 0
15 36200 21400 0 0
16 36000 21400 0 0
17 35800 21400 0 0
18 35600 21400 0 0
19 35400 21400 0 0
20 35200 21400 0 0
21 35000 21400 0 0
22 34800 21400 0 0
23 34600 21400 0 0
24 34400 21400 0 0
25 34200 21400 0 0
26 34200 21600 0 0
27 34000 21600 0 0
28 33800 21600 0 0
29 33600 21600 0 0
30 33400 21600 0 0
31 33200 21600 0 0
32 33000 21600 0 0
33 32800 21600 0 0
34 32600 21600 0 0
35 32400 21600 0 0
36 32200 21600 0 0
37 32000 21600 0 0
38 31800 21600 0 0
39 31600 21600 0 0
40 31400 21600 0 0
41 31200 21600 0 0
42 31000 21600 0 0
43 30800 21600 0 0
44 30600 21600 0 0
45 30400 21600 0 0
46 30400 21800 0 0
47 30200 21800 0 0
48 30000 21800 0 0
49 29800 21800 0 0
50 29600 21800 0 0
51 29400 21800 0 0
52 29200 21800 0 0
53 29200 22000 0 0
54 29000 22000 0 0
55 28800 22000 0 0
56 28600 22000 0 0
57 28400 22000 0 0
58 28200 22000 0 0
59 28000 22000 0 0
60 27800 22000 0 0
61 27600 22000 0 0
62 27400 22000 0 0
63 27200 22000 0 0
64 27000 22000 0 0
65 27000 22200 0 0
66 26800 22200 0 0
67 26600 22200 0 0
68 26400 22200 0 0
69 26400 22400 0 0
70 26200 22400 0 0
71 26000 22400 0 0
72 25800 22400 0 0
73 25600 22400 0 0
74 25600 22600 0 0
75 25400 22600 0 0
76 25200 22600 0 0
77 25200 22800 0 0
78 25000 22800 0 0
79 24800 22800 0 0
80 24800 23000 0 0
81 24600 23000 0 0
82 24400 23000 0 0
83 24400 23200 0 0
84 24200 23200 0 0
85 24000 23200 0 0
86 24000 23400 0 0
87 23800 23400 0 0
88 23600 23400 0 0
89 23600 23600 0 0
90 23400 23600 0 0
91 23400 23800 0 0
92 23200 23800 0 0
93 23000 23800 0 0
94 23000 24000 0 0
95 22800 24000 0 0
96 22600 24000 0 0
97 22600 24200 0 0
98 22400 24200 0 0
99 22400 24400 0 0
100 22200 24400 0 0
101 22000 24400 0 0
102 21800 24400 0 0
103 21600 24400 0 0
104 21400 24400 0 0
105 21200 24400 0 0
106 21000 24400 0 0
107 20800 24400 0 0
108 20600 24400 0 0
109 20400 24400 0 0
110 20200 24400 0 0
111 20000 24400 0 0
112 19800 24400 0 0
113 19600 24400 0 0
114 19400 24400 0 0
115 19200 24400 0 0
116 19200 24200 0 0
117 19000 24200 0 0
118 19000 24000 0 0
119 18800 24000 0 0
120 18600 24000 0 0
121 18600 23800 0 0
122 18400 23800 0 0
123 18400 23600 0 0
124 18200 23600 0 0
125 18200 23400 0 0
126 18000 23400 0 0
127 18000 23200 0 0
128 17800 23200 0 0
129 17600 23200 0 0
130 17600 23000 0 0
131 17400 23000 0 0
132 17400 22800 0 0
133 17200 22800 0 0
134 17000 22800 0 0
135 17000 22600 0 0
136 16800 22600 0 0
137 16800 22400 0 0
138 16600 22400 0 0
139 16600 22200 0 0
140 16400 22200 0 0
141 16200 22200 0 0
142 16000 22200 0 0
143 15800 22200 0 0
144 15600 22200 0 0
145 15600 22000 0 0
146 15400 22000 0 0
147 15200 22000 0 0
148 15000 22000 0 0
149 14800 22000 0 0
150 14600 22000 0 0
151 14400 22000 0 0
152 14200 22000 0 0
153 14000 22000 0 0
154 13800 22000 0 0
155 13600 22000 0 0
156 13400 22000 0 0
157 13200 22000 0 0
158 13000 22000 0 0
159 12800 22000 0 0
160 12600 22000 0 0
161 12400 22000 0 0
162 12200 22000 0 0
163 12000 22000 0 0
164 12000 21800 0 0
165 11800 21800 0 0
166 11600 21800 0 0
167 11400 21800 0 0
168 11200 21800 0 0
169 11200 21600 0 0
170 11000 21600 0 0
171 10800 21600 0 0
172 10600 21600 0 0
173 10600 21400 0 0
174 10400 21400 0 0
175 10200 21400 0 0
176 10000 21400 0 0
177 9800 21400 0 0
178 9600 21400 0 0
179 9400 21400 0 0
180 9200 21400 0 0
181 9000 21400 0 0
182 8800 21400 0 0
183 8600 21400 0 0
184 8400 21400 0 0
185 8200 21400 0 0
186 8000 21400 0 0
187 7800 21400 0 0
188 7600 21400 0 0
189 7400 21400 0 0
190 7200 21400 0 0
191 7000 21400 0 0
192 6800 21400 0 0
193 6600 21400 0 0
194 6400 21400 0 0
195 6200 21400 0 0
196 6200 21200 0 0
197 6200 21400 0 0
198 6000 21400 0 0
199 5800 21400 0 0
200 5600 21400 0 0
201 5400 21400 0 0
202 5200 21400 0 0
203 5000 21400 0 0
204 4800 21400 0 0
205 4600 21400 0 0
206 4400 21400 0 0
207 4200 21400 0 0
208 4000 21400 0 0
209 3800 21400 0 0
210 3600 21400 0 0
211 3600 21200 0 0
212 3400 21200 0 0
213 3200 21200 0 0
214 3000 21200 0 0
215 2800 21200 0 0
216 2600 21200 0 0
217 2400 21200 0 0
218 2200 21200 0 0
219 2200 21400 0 0
220 2000 21400 0 0
221 1800 21400 0 0
222 1600 21400 0 0
223 1400 21400 0 0
224 1200 21400 0 0
225 1000 21400 0 0
226 800 21400 0 0
227 600 21400 0 0
