0 195 107 0 0
1 195 108 0 0
2 194 108 0 0
3 193 108 0 0
4 192 108 0 0
5 191 108 0 0
6 190 108 0 0
7 189 108 0 0
8 188 108 0 0
9 187 108 0 0
10 186 108 0 0
11 185 108 0 0
12 184 108 0 0
13 183 108 0 0
14 182 108 0 0
15 181 108 0 0
16 180 108 0 0
17 179 108 0 0
18 178 108 0 0
19 177 108 0 0
20 176 108 0 0
21 175 108 0 0
22 174 108 0 0
23 173 108 0 0
24 172 108 0 0
25 171 108 0 0
26 170 108 0 0
27 169 108 0 0
28 168 108 0 0
29 167 108 0 0
30 166 108 0 0
31 165 108 0 0
32 164 108 0 0
33 163 108 0 0
34 162 108 0 0
35 161 108 0 0
36 160 108 0 0
37 159 108 0 0
38 158 108 0 0
39 157 108 0 0
40 156 108 0 0
41 155 108 0 0
42 154 108 0 0
43 153 108 0 0
44 152 108 0 0
45 151 108 0 0
46 150 108 0 0
47 149 108 0 0
48 148 108 0 0
49 147 108 0 0
50 146 108 0 0
51 145 108 0 0
52 144 108 0 0
53 143 108 0 0
54 142 108 0 0
55 141 108 0 0
56 140 108 0 0
57 139 108 0 0
58 138 108 0 0
59 137 108 0 0
60 136 108 0 0
61 135 108 0 0
62 134 108 0 0
63 133 108 0 0
64 133 109 0 0
65 132 109 0 0
66 131 109 0 0
67 131 110 0 0
68 130 110 0 0
69 129 110 0 0
70 129 111 0 0
71 128 111 0 0
72 127 111 0 0
73 127 112 0 0
74 126 112 0 0
75 125 112 0 0
76 125 113 0 0
77 124 113 0 0
78 123 113 0 0
79 122 113 0 0
80 122 114 0 0
81 121 114 0 0
82 120 114 0 0
83 120 115 0 0
84 119 115 0 0
85 118 115 0 0
86 118 116 0 0
87 117 116 0 0
88 116 116 0 0
89 115 116 0 0
90 115 117 0 0
91 114 117 0 0
92 113 117 0 0
93 112 117 0 0
94 112 118 0 0
95 111 118 0 0
96 110 118 0 0
97 110 119 0 0
98 109 119 0 0
99 108 119 0 0
100 107 119 0 0
101 107 120 0 0
102 106 120 0 0
103 105 120 0 0
104 104 120 0 0
105 103 120 0 0
106 102 120 0 0
107 101 120 0 0
108 101 119 0 0
109 100 119 0 0
110 99 119 0 0
111 98 119 0 0
112 97 119 0 0
113 97 118 0 0
114 96 118 0 0
115 95 118 0 0
116 94 118 0 0
117 94 117 0 0
118 93 117 0 0
119 92 117 0 0
120 91 117 0 0
121 91 116 0 0
122 90 116 0 0
123 89 116 0 0
124 89 115 0 0
125 88 115 0 0
126 88 114 0 0
127 87 114 0 0
128 86 114 0 0
129 86 113 0 0
130 85 113 0 0
131 84 113 0 0
132 84 112 0 0
133 83 112 0 0
134 83 111 0 0
135 82 111 0 0
136 81 111 0 0
137 81 110 0 0
138 80 110 0 0
139 79 110 0 0
140 79 109 0 0
141 78 109 0 0
142 77 109 0 0
143 76 109 0 0
144 76 108 0 0
145 75 108 0 0
146 74 108 0 0
147 73 108 0 0
148 72 108 0 0
149 71 108 0 0
150 71 107 0 0
151 70 107 0 0
152 69 107 0 0
153 68 107 0 0
154 67 107 0 0
155 66 107 0 0
156 65 107 0 0
157 64 107 0 0
158 63 107 0 0
159 62 107 0 0
160 62 106 0 0
161 61 106 0 0
162 60 106 0 0
163 59 106 0 0
164 58 106 0 0
165 57 106 0 0
166 56 106 0 0
167 55 106 0 0
168 54 106 0 0
169 53 106 0 0
170 52 106 0 0
171 51 106 0 0
172 50 106 0 0
173 49 106 0 0
174 48 106 0 0
175 47 106 0 0
176 46 106 0 0
177 45 106 0 0
178 44 106 0 0
179 44 107 0 0
180 43 107 0 0
181 42 107 0 0
182 41 107 0 0
183 40 107 0 0
184 39 107 0 0
185 38 107 0 0
186 37 107 0 0
187 36 107 0 0
188 35 107 0 0
189 34 107 0 0
190 33 107 0 0
191 32 107 0 0
192 31 107 0 0
193 30 107 0 0
194 29 107 0 0
195 28 107 0 0
196 27 107 0 0
197 26 107 0 0
198 25 107 0 0
199 24 107 0 0
200 23 107 0 0
201 22 107 0 0
202 21 107 0 0
203 20 107 0 0
204 19 107 0 0
205 18 107 0 0
206 17 107 0 0
207 16 107 0 0
208 16 108 0 0
209 15 108 0 0
210 14 108 0 0
211 13 108 0 0
212 12 108 0 0
213 11 108 0 0
214 10 108 0 0
215 9 108 0 0
216 8 108 0 0
217 7 108 0 0
218 6 108 0 0
219 6 109 0 0
220 5 109 0 0
221 4 109 0 0
222 3 109 0 0
223 2 109 0 0
