0 0 87 0 0
1 1 87 0 0
2 2 87 0 0
3 3 87 0 0
4 4 87 0 0
5 5 87 0 0
6 6 87 0 0
7 7 87 0 0
8 8 87 0 0
9 9 87 0 0
10 10 87 0 0
11 11 87 0 0
12 12 87 0 0
13 13 87 0 0
14 14 87 0 0
15 15 87 0 0
16 16 87 0 0
17 16 86 0 0
18 17 86 0 0
19 18 86 0 0
20 19 86 0 0
21 20 86 0 0
22 21 86 0 0
23 22 86 0 0
24 23 86 0 0
25 24 86 0 0
26 25 86 0 0
27 26 86 0 0
28 27 86 0 0
29 28 86 0 0
30 28 85 0 0
31 28 86 0 0
32 29 86 0 0
33 30 86 0 0
34 31 86 0 0
35 32 86 0 0
36 33 86 0 0
37 34 86 0 0
38 35 86 0 0
39 36 86 0 0
40 37 86 0 0
41 38 86 0 0
42 39 86 0 0
43 40 86 0 0
44 41 86 0 0
45 42 86 0 0
46 42 87 0 0
47 43 87 0 0
48 44 87 0 0
49 45 87 0 0
50 46 87 0 0
51 47 87 0 0
52 48 87 0 0
53 49 87 0 0
54 50 87 0 0
55 51 87 0 0
56 52 87 0 0
57 53 87 0 0
58 54 87 0 0
59 55 87 0 0
60 56 87 0 0
61 57 87 0 0
62 58 87 0 0
63 59 87 0 0
64 60 87 0 0
65 61 87 0 0
66 62 87 0 0
67 63 87 0 0
68 63 86 0 0
69 64 86 0 0
70 65 86 0 0
71 66 86 0 0
72 67 86 0 0
73 68 86 0 0
74 69 86 0 0
75 70 86 0 0
76 71 86 0 0
77 72 86 0 0
78 72 85 0 0
79 73 85 0 0
80 74 85 0 0
81 75 85 0 0
82 75 84 0 0
83 76 84 0 0
84 77 84 0 0
85 77 83 0 0
86 78 83 0 0
87 78 82 0 0
88 78 81 0 0
89 79 81 0 0
90 80 81 0 0
91 80 80 0 0
92 81 80 0 0
93 81 79 0 0
94 82 79 0 0
95 83 79 0 0
96 83 78 0 0
97 84 78 0 0
98 85 78 0 0
99 85 77 0 0
100 86 77 0 0
101 86 76 0 0
102 87 76 0 0
103 88 76 0 0
104 88 75 0 0
105 89 75 0 0
106 90 75 0 0
107 91 75 0 0
108 92 75 0 0
109 93 75 0 0
110 93 76 0 0
111 94 76 0 0
112 95 76 0 0
113 96 76 0 0
114 97 76 0 0
115 98 76 0 0
116 99 76 0 0
117 100 76 0 0
118 101 76 0 0
119 102 76 0 0
120 102 77 0 0
121 103 77 0 0
122 104 77 0 0
123 105 77 0 0
124 106 77 0 0
125 107 77 0 0
126 108 77 0 0
127 108 78 0 0
128 109 78 0 0
129 110 78 0 0
130 111 78 0 0
131 112 78 0 0
132 112 79 0 0
133 113 79 0 0
134 114 79 0 0
135 114 80 0 0
136 115 80 0 0
137 115 81 0 0
138 116 81 0 0
139 117 81 0 0
140 117 82 0 0
141 118 82 0 0
142 118 83 0 0
143 119 83 0 0
144 120 83 0 0
145 120 84 0 0
146 121 84 0 0
147 121 85 0 0
148 122 85 0 0
149 122 86 0 0
150 123 86 0 0
151 124 86 0 0
152 124 87 0 0
153 125 87 0 0
154 126 87 0 0
155 126 88 0 0
156 127 88 0 0
157 128 88 0 0
158 128 89 0 0
159 129 89 0 0
160 129 90 0 0
161 130 90 0 0
162 131 90 0 0
163 131 91 0 0
164 132 91 0 0
165 133 91 0 0
166 133 92 0 0
167 134 92 0 0
168 135 92 0 0
169 136 92 0 0
170 137 92 0 0
171 137 93 0 0
172 138 93 0 0
173 139 93 0 0
174 140 93 0 0
175 140 94 0 0
176 141 94 0 0
177 142 94 0 0
178 143 94 0 0
179 144 94 0 0
180 144 95 0 0
181 145 95 0 0
182 146 95 0 0
183 147 95 0 0
184 148 95 0 0
185 148 96 0 0
186 149 96 0 0
187 150 96 0 0
188 151 96 0 0
189 152 96 0 0
190 153 96 0 0
191 153 95 0 0
192 154 95 0 0
193 155 95 0 0
194 156 95 0 0
195 157 95 0 0
196 158 95 0 0
197 159 95 0 0
198 160 95 0 0
199 161 95 0 0
200 161 94 0 0
201 162 94 0 0
202 163 94 0 0
203 164 94 0 0
204 165 94 0 0
205 166 94 0 0
206 167 94 0 0
207 168 94 0 0
208 169 94 0 0
209 170 94 0 0
210 171 94 0 0
211 172 94 0 0
212 173 94 0 0
213 174 94 0 0
214 175 94 0 0
215 176 94 0 0
216 177 94 0 0
217 177 93 0 0
218 178 93 0 0
219 179 93 0 0
220 180 93 0 0
221 181 93 0 0
222 182 93 0 0
223 183 93 0 0
224 184 93 0 0
225 185 93 0 0
226 186 93 0 0
227 187 93 0 0
228 188 93 0 0
229 189 93 0 0
230 190 93 0 0
231 191 93 0 0
