0 600 20000 0 0
1 800 20000 0 0
2 1000 20000 0 0
3 1200 20000 0 0
4 1400 20000 0 0
5 1600 20000 0 0
6 1800 20000 0 0
7 2000 20000 0 0
8 2200 20000 0 0
9 2400 20000 0 0
10 2600 20000 0 0
11 2800 20000 0 0
12 3000 20000 0 0
13 3200 20000 0 0
14 3400 20000 0 0
15 3600 20000 0 0
16 3800 20000 0 0
17 4000 20000 0 0
18 4200 20000 0 0
19 4400 20000 0 0
20 4600 20000 0 0
21 4800 20000 0 0
22 5000 20000 0 0
23 5200 20000 0 0
24 5400 20000 0 0
25 5600 20000 0 0
26 5800 20000 0 0
27 6000 20000 0 0
28 6200 20000 0 0
29 6400 20000 0 0
30 6600 20000 0 0
31 6800 20000 0 0
32 7000 20000 0 0
33 7200 20000 0 0
34 7400 20000 0 0
35 7600 20000 0 0
36 7800 20000 0 0
37 8000 20000 0 0
38 8200 20000 0 0
39 8400 20000 0 0
40 8600 20000 0 0
41 8800 20000 0 0
42 9000 20000 0 0
43 9200 20000 0 0
44 9400 20000 0 0
45 9600 20000 0 0
46 9800 20000 0 0
47 10000 20000 0 0
48 10200 20000 0 0
49 10400 20000 0 0
50 10600 20000 0 0
51 10800 20000 0 0
52 11000 20000 0 0
53 11000 20200 0 0
54 11200 20200 0 0
55 11400 20200 0 0
56 11600 20200 0 0
57 11800 20200 0 0
58 12000 20200 0 0
59 12000 20400 0 0
60 12200 20400 0 0
61 12400 20400 0 0
62 12600 20400 0 0
63 12800 20400 0 0
64 12800 20600 0 0
65 13000 20600 0 0
66 13200 20600 0 0
67 13400 20600 0 0
68 13600 20600 0 0
69 13800 20600 0 0
70 13800 20800 0 0
71 14000 20800 0 0
72 14200 20800 0 0
73 14400 20800 0 0
74 14400 21000 0 0
75 14600 21000 0 0
76 14600 21200 0 0
77 14800 21200 0 0
78 14800 21400 0 0
79 15000 21400 0 0
80 15000 21600 0 0
81 15200 21600 0 0
82 15400 21600 0 0
83 15400 21800 0 0
84 15600 21800 0 0
85 15600 22000 0 0
86 15800 22000 0 0
87 15800 22200 0 0
88 16000 22200 0 0
89 16000 22400 0 0
90 16200 22400 0 0
91 16200 22600 0 0
92 16400 22600 0 0
93 16400 22800 0 0
94 16600 22800 0 0
95 16600 23000 0 0
96 16800 23000 0 0
97 16800 23200 0 0
98 17000 23200 0 0
99 17000 23400 0 0
100 17200 23400 0 0
101 17200 23600 0 0
102 17400 23600 0 0
103 17400 23800 0 0
104 17400 24000 0 0
105 17600 24000 0 0
106 17600 24200 0 0
107 17800 24200 0 0
108 17800 24400 0 0
109 18000 24400 0 0
110 18000 24600 0 0
111 18200 24600 0 0
112 18200 24800 0 0
113 18200 25000 0 0
114 18400 25000 0 0
115 18400 25200 0 0
116 18400 25400 0 0
117 18600 25400 0 0
118 18600 25600 0 0
119 18600 25800 0 0
120 18800 25800 0 0
121 18800 26000 0 0
122 19000 26000 0 0
123 19000 26200 0 0
124 19000 26400 0 0
125 19000 26600 0 0
126 19200 26600 0 0
127 19200 26800 0 0
128 19400 26800 0 0
129 19400 27000 0 0
130 19400 27200 0 0
131 19600 27200 0 0
132 19600 27400 0 0
133 19600 27600 0 0
134 19800 27600 0 0
135 19800 27800 0 0
136 19800 28000 0 0
137 20000 28000 0 0
138 20000 28200 0 0
139 20000 28400 0 0
140 20200 28400 0 0
141 20200 28600 0 0
142 20200 28800 0 0
143 20400 28800 0 0
144 20400 29000 0 0
145 20400 29200 0 0
146 20600 29200 0 0
147 20600 29400 0 0
148 20600 29600 0 0
149 20800 29600 0 0
150 20800 29800 0 0
151 20800 30000 0 0
152 21000 30000 0 0
153 21000 30200 0 0
154 21000 30400 0 0
155 21000 30600 0 0
156 21200 30600 0 0
157 21200 30800 0 0
158 21200 31000 0 0
159 21200 31200 0 0
160 21400 31200 0 0
161 21400 31400 0 0
162 21400 31600 0 0
163 21400 31800 0 0
164 21600 31800 0 0
165 21600 32000 0 0
166 21600 32200 0 0
167 21600 32400 0 0
168 21600 32600 0 0
169 21800 32600 0 0
170 21800 32800 0 0
171 21800 33000 0 0
172 22000 33000 0 0
173 22000 33200 0 0
174 22000 33400 0 0
175 22000 33600 0 0
176 22200 33600 0 0
177 22200 33800 0 0
178 22200 34000 0 0
179 22200 34200 0 0
180 22200 34400 0 0
181 22400 34400 0 0
182 22400 34600 0 0
183 22400 34800 0 0
184 22600 34800 0 0
185 22600 35000 0 0
186 22600 35200 0 0
187 22600 35400 0 0
188 22600 35600 0 0
189 22800 35600 0 0
190 22800 35800 0 0
191 22800 36000 0 0
192 22800 36200 0 0
193 23000 36200 0 0
194 23000 36400 0 0
195 23000 36600 0 0
196 23000 36800 0 0
197 23200 36800 0 0
198 23200 37000 0 0
199 23200 37200 0 0
200 23200 37400 0 0
201 23200 37600 0 0
202 23400 37600 0 0
203 23400 37800 0 0
204 23400 38000 0 0
205 23600 38000 0 0
206 23600 38200 0 0
207 23600 38400 0 0
208 23800 38400 0 0
209 23800 38600 0 0
210 23800 38800 0 0
211 24000 38800 0 0
212 24000 39000 0 0
213 24000 39200 0 0
214 24200 39200 0 0
215 24200 39400 0 0
216 24200 39600 0 0
217 24400 39600 0 0
218 24400 39800 0 0
219 24400 40000 0 0
220 24400 40200 0 0
221 24600 40200 0 0
222 24600 40400 0 0
223 24600 40600 0 0
224 24600 40800 0 0
225 24600 41000 0 0
226 24800 41000 0 0
227 24800 41200 0 0
228 24800 41400 0 0
229 24800 41600 0 0
230 25000 41600 0 0
231 25000 41800 0 0
232 25000 42000 0 0
233 25000 42200 0 0
234 25000 42400 0 0
235 25000 42600 0 0
236 25000 42800 0 0
237 25000 43000 0 0
238 25000 43200 0 0
239 25200 43200 0 0
240 25200 43400 0 0
241 25200 43600 0 0
242 25200 43800 0 0
243 25200 44000 0 0
244 25200 44200 0 0
245 25000 44200 0 0
246 25000 44400 0 0
247 25000 44600 0 0
248 25000 44800 0 0
249 25000 45000 0 0
250 25000 45200 0 0
251 25000 45400 0 0
252 25000 45600 0 0
253 25000 45800 0 0
254 25000 46000 0 0
255 25000 46200 0 0
256 25000 46400 0 0
257 25000 46600 0 0
