0 196 106 0 0
1 195 106 0 0
2 196 106 0 0
3 195 106 0 0
4 196 106 0 0
5 195 106 0 0
6 194 106 0 0
7 195 106 0 0
8 194 106 0 0
9 195 106 0 0
10 194 106 0 0
11 193 106 0 0
12 194 106 0 0
13 193 106 0 0
14 194 106 0 0
15 193 106 0 0
16 192 106 0 0
17 192 107 0 0
18 193 107 0 0
19 192 107 0 0
20 193 107 0 0
21 192 107 0 0
22 191 107 0 0
23 192 107 0 0
24 191 107 0 0
25 192 107 0 0
26 191 107 0 0
27 190 107 0 0
28 191 107 0 0
29 190 107 0 0
30 191 107 0 0
31 190 107 0 0
32 189 107 0 0
33 190 107 0 0
34 189 107 0 0
35 190 107 0 0
36 189 107 0 0
37 188 107 0 0
38 189 107 0 0
39 188 107 0 0
40 189 107 0 0
41 188 107 0 0
42 187 107 0 0
43 188 107 0 0
44 187 107 0 0
45 188 107 0 0
46 187 107 0 0
47 186 107 0 0
48 187 107 0 0
49 186 107 0 0
50 187 107 0 0
51 186 107 0 0
52 185 107 0 0
53 186 107 0 0
54 185 107 0 0
55 184 107 0 0
56 185 107 0 0
57 184 107 0 0
58 185 107 0 0
59 184 107 0 0
60 183 107 0 0
61 184 107 0 0
62 183 107 0 0
63 182 107 0 0
64 183 107 0 0
65 182 107 0 0
66 183 107 0 0
67 182 107 0 0
68 181 107 0 0
69 182 107 0 0
70 181 107 0 0
71 182 107 0 0
72 181 107 0 0
73 180 107 0 0
74 181 107 0 0
75 180 107 0 0
76 179 107 0 0
77 180 107 0 0
78 179 107 0 0
79 180 107 0 0
80 179 107 0 0
81 178 107 0 0
82 179 107 0 0
83 178 107 0 0
84 177 107 0 0
85 178 107 0 0
86 177 107 0 0
87 178 107 0 0
88 177 107 0 0
89 176 107 0 0
90 177 107 0 0
91 176 107 0 0
92 175 107 0 0
93 176 107 0 0
94 175 107 0 0
95 176 107 0 0
96 175 107 0 0
97 174 107 0 0
98 174 106 0 0
99 175 106 0 0
100 174 106 0 0
101 175 106 0 0
102 174 106 0 0
103 173 106 0 0
104 174 106 0 0
105 173 106 0 0
106 172 106 0 0
107 173 106 0 0
108 172 106 0 0
109 173 106 0 0
110 172 106 0 0
111 173 106 0 0
112 172 106 0 0
113 171 106 0 0
114 172 106 0 0
115 171 106 0 0
116 170 106 0 0
117 171 106 0 0
118 170 106 0 0
119 171 106 0 0
120 170 106 0 0
121 169 106 0 0
122 170 106 0 0
123 169 106 0 0
124 170 106 0 0
125 169 106 0 0
126 168 106 0 0
127 169 106 0 0
128 168 106 0 0
129 167 106 0 0
130 168 106 0 0
131 167 106 0 0
132 168 106 0 0
133 167 106 0 0
134 166 106 0 0
135 167 106 0 0
136 166 106 0 0
137 165 106 0 0
138 166 106 0 0
139 165 106 0 0
140 166 106 0 0
141 165 106 0 0
142 166 106 0 0
143 165 106 0 0
144 164 106 0 0
145 165 106 0 0
146 164 106 0 0
147 163 106 0 0
148 163 105 0 0
149 164 105 0 0
150 163 105 0 0
151 164 105 0 0
152 163 105 0 0
153 162 105 0 0
154 163 105 0 0
155 162 105 0 0
156 163 105 0 0
157 162 105 0 0
158 161 105 0 0
159 162 105 0 0
160 161 105 0 0
161 160 105 0 0
162 161 105 0 0
163 160 105 0 0
164 159 105 0 0
165 160 105 0 0
166 159 105 0 0
167 158 105 0 0
168 159 105 0 0
169 158 105 0 0
170 159 105 0 0
171 158 105 0 0
172 157 105 0 0
173 158 105 0 0
174 157 105 0 0
175 158 105 0 0
176 157 105 0 0
177 156 105 0 0
178 157 105 0 0
179 156 105 0 0
180 155 105 0 0
181 156 105 0 0
182 155 105 0 0
183 156 105 0 0
184 155 105 0 0
185 154 105 0 0
186 155 105 0 0
187 154 105 0 0
188 153 105 0 0
189 154 105 0 0
190 153 105 0 0
191 152 105 0 0
192 153 105 0 0
193 152 105 0 0
194 153 105 0 0
195 152 105 0 0
196 151 105 0 0
197 152 105 0 0
198 151 105 0 0
199 150 105 0 0
200 151 105 0 0
201 150 105 0 0
202 151 105 0 0
203 150 105 0 0
204 149 105 0 0
205 150 105 0 0
206 149 105 0 0
207 148 105 0 0
208 149 105 0 0
209 148 105 0 0
210 148 106 0 0
211 149 106 0 0
212 148 106 0 0
213 147 106 0 0
214 148 106 0 0
215 147 106 0 0
216 146 106 0 0
217 147 106 0 0
218 146 106 0 0
219 145 106 0 0
220 146 106 0 0
221 145 106 0 0
222 146 106 0 0
223 145 106 0 0
224 144 106 0 0
225 145 106 0 0
226 144 106 0 0
227 143 106 0 0
228 144 106 0 0
229 143 106 0 0
230 144 106 0 0
231 143 106 0 0
232 142 106 0 0
233 143 106 0 0
234 142 106 0 0
235 142 107 0 0
236 143 107 0 0
237 142 107 0 0
238 141 107 0 0
239 142 107 0 0
240 141 107 0 0
241 140 107 0 0
242 141 107 0 0
243 140 107 0 0
244 139 107 0 0
245 140 107 0 0
246 139 107 0 0
247 140 107 0 0
248 139 107 0 0
249 138 107 0 0
250 139 107 0 0
251 138 107 0 0
252 137 107 0 0
253 137 108 0 0
254 138 108 0 0
255 137 108 0 0
256 136 108 0 0
257 137 108 0 0
258 136 108 0 0
259 135 108 0 0
260 136 108 0 0
261 135 108 0 0
262 136 108 0 0
263 135 108 0 0
264 134 108 0 0
265 134 109 0 0
266 133 109 0 0
267 134 109 0 0
268 133 109 0 0
269 134 109 0 0
270 133 109 0 0
271 132 109 0 0
272 133 109 0 0
273 132 109 0 0
274 131 109 0 0
275 131 110 0 0
276 132 110 0 0
277 131 110 0 0
278 130 110 0 0
279 131 110 0 0
280 130 110 0 0
281 131 110 0 0
282 130 110 0 0
283 129 110 0 0
284 130 110 0 0
285 129 110 0 0
286 130 110 0 0
287 129 110 0 0
288 130 110 0 0
289 129 110 0 0
290 128 110 0 0
291 129 110 0 0
292 128 110 0 0
293 129 110 0 0
294 128 110 0 0
295 129 110 0 0
296 128 110 0 0
297 129 110 0 0
298 128 110 0 0
299 128 109 0 0
300 127 109 0 0
301 128 109 0 0
302 127 109 0 0
303 128 109 0 0
304 127 109 0 0
305 128 109 0 0
306 127 109 0 0
307 126 109 0 0
308 127 109 0 0
309 126 109 0 0
310 127 109 0 0
311 126 109 0 0
312 127 109 0 0
313 126 109 0 0
314 127 109 0 0
315 126 109 0 0
316 125 109 0 0
317 126 109 0 0
318 125 109 0 0
319 124 109 0 0
320 124 110 0 0
321 123 110 0 0
322 124 110 0 0
323 123 110 0 0
324 122 110 0 0
325 121 110 0 0
326 121 111 0 0
327 120 111 0 0
328 119 111 0 0
329 118 111 0 0
330 118 112 0 0
331 117 112 0 0
332 118 112 0 0
333 117 112 0 0
334 116 112 0 0
335 115 112 0 0
336 116 112 0 0
337 115 112 0 0
338 114 112 0 0
339 115 112 0 0
340 114 112 0 0
341 113 112 0 0
342 114 112 0 0
343 113 112 0 0
344 112 112 0 0
345 113 112 0 0
346 112 112 0 0
347 111 112 0 0
348 111 113 0 0
349 112 113 0 0
350 111 113 0 0
351 110 113 0 0
352 111 113 0 0
353 110 113 0 0
354 109 113 0 0
355 110 113 0 0
356 109 113 0 0
357 108 113 0 0
358 109 113 0 0
359 108 113 0 0
360 107 113 0 0
361 106 113 0 0
362 107 113 0 0
363 106 113 0 0
364 107 113 0 0
365 106 113 0 0
366 105 113 0 0
367 106 113 0 0
368 105 113 0 0
369 105 112 0 0
370 104 112 0 0
371 105 112 0 0
372 104 112 0 0
373 103 112 0 0
374 104 112 0 0
375 103 112 0 0
376 102 112 0 0
377 103 112 0 0
378 102 112 0 0
379 102 111 0 0
380 101 111 0 0
381 102 111 0 0
382 101 111 0 0
383 100 111 0 0
384 101 111 0 0
385 100 111 0 0
386 99 111 0 0
387 100 111 0 0
388 99 111 0 0
389 98 111 0 0
390 98 110 0 0
391 99 110 0 0
392 98 110 0 0
393 97 110 0 0
394 98 110 0 0
395 97 110 0 0
396 96 110 0 0
397 97 110 0 0
398 96 110 0 0
399 95 110 0 0
400 96 110 0 0
401 95 110 0 0
402 95 109 0 0
403 94 109 0 0
404 95 109 0 0
405 94 109 0 0
406 93 109 0 0
407 94 109 0 0
408 93 109 0 0
409 92 109 0 0
410 93 109 0 0
411 92 109 0 0
412 92 108 0 0
413 93 108 0 0
414 92 108 0 0
415 91 108 0 0
416 90 108 0 0
417 91 108 0 0
418 90 108 0 0
419 89 108 0 0
420 88 108 0 0
421 89 108 0 0
422 88 108 0 0
423 87 108 0 0
424 86 108 0 0
425 87 108 0 0
426 86 108 0 0
427 86 107 0 0
428 85 107 0 0
429 86 107 0 0
430 85 107 0 0
431 84 107 0 0
432 85 107 0 0
433 84 107 0 0
434 83 107 0 0
435 82 107 0 0
436 83 107 0 0
437 82 107 0 0
438 81 107 0 0
439 82 107 0 0
440 81 107 0 0
441 80 107 0 0
442 80 106 0 0
443 81 106 0 0
444 80 106 0 0
445 79 106 0 0
446 78 106 0 0
447 77 106 0 0
448 78 106 0 0
449 77 106 0 0
450 76 106 0 0
451 75 106 0 0
452 76 106 0 0
453 75 106 0 0
454 74 106 0 0
455 73 106 0 0
456 73 105 0 0
457 74 105 0 0
458 73 105 0 0
459 72 105 0 0
460 73 105 0 0
461 72 105 0 0
462 71 105 0 0
463 70 105 0 0
464 71 105 0 0
465 70 105 0 0
466 69 105 0 0
467 68 105 0 0
468 69 105 0 0
469 68 105 0 0
470 67 105 0 0
471 67 104 0 0
472 66 104 0 0
473 67 104 0 0
474 66 104 0 0
475 65 104 0 0
476 66 104 0 0
477 65 104 0 0
478 64 104 0 0
479 65 104 0 0
480 64 104 0 0
481 63 104 0 0
482 64 104 0 0
483 63 104 0 0
484 62 104 0 0
485 63 104 0 0
486 62 104 0 0
487 61 104 0 0
488 60 104 0 0
489 61 104 0 0
490 60 104 0 0
491 59 104 0 0
492 60 104 0 0
493 59 104 0 0
494 58 104 0 0
495 59 104 0 0
496 58 104 0 0
497 57 104 0 0
498 58 104 0 0
499 57 104 0 0
500 56 104 0 0
501 56 103 0 0
502 55 103 0 0
503 56 103 0 0
504 55 103 0 0
505 54 103 0 0
506 55 103 0 0
507 54 103 0 0
508 53 103 0 0
509 54 103 0 0
510 53 103 0 0
511 52 103 0 0
512 53 103 0 0
513 52 103 0 0
514 51 103 0 0
515 50 103 0 0
516 51 103 0 0
517 50 103 0 0
518 49 103 0 0
519 50 103 0 0
520 49 103 0 0
521 48 103 0 0
522 49 103 0 0
523 48 103 0 0
524 47 103 0 0
525 46 103 0 0
526 47 103 0 0
527 46 103 0 0
528 45 103 0 0
529 46 103 0 0
530 45 103 0 0
531 46 103 0 0
532 45 103 0 0
533 44 103 0 0
534 43 103 0 0
535 44 103 0 0
536 43 103 0 0
537 42 103 0 0
538 43 103 0 0
539 42 103 0 0
540 41 103 0 0
541 42 103 0 0
542 41 103 0 0
543 40 103 0 0
544 41 103 0 0
545 40 103 0 0
546 39 103 0 0
547 38 103 0 0
548 39 103 0 0
549 38 103 0 0
550 37 103 0 0
551 38 103 0 0
552 37 103 0 0
553 36 103 0 0
554 37 103 0 0
555 36 103 0 0
556 35 103 0 0
557 36 103 0 0
558 35 103 0 0
559 34 103 0 0
560 33 103 0 0
561 34 103 0 0
562 33 103 0 0
563 32 103 0 0
564 31 103 0 0
565 32 103 0 0
566 31 103 0 0
567 30 103 0 0
568 29 103 0 0
569 30 103 0 0
570 29 103 0 0
571 28 103 0 0
572 27 103 0 0
573 28 103 0 0
574 27 103 0 0
575 26 103 0 0
576 25 103 0 0
577 26 103 0 0
578 25 103 0 0
579 24 103 0 0
580 23 103 0 0
581 24 103 0 0
582 23 103 0 0
583 22 103 0 0
584 23 103 0 0
585 22 103 0 0
586 21 103 0 0
587 21 102 0 0
588 20 102 0 0
589 21 102 0 0
590 20 102 0 0
591 19 102 0 0
592 20 102 0 0
593 19 102 0 0
594 18 102 0 0
595 19 102 0 0
596 18 102 0 0
597 19 102 0 0
598 18 102 0 0
599 17 102 0 0
600 18 102 0 0
601 17 102 0 0
602 16 102 0 0
603 17 102 0 0
604 16 102 0 0
605 15 102 0 0
606 16 102 0 0
607 15 102 0 0
608 16 102 0 0
609 15 102 0 0
610 14 102 0 0
611 15 102 0 0
612 14 102 0 0
613 13 102 0 0
614 14 102 0 0
615 13 102 0 0
616 12 102 0 0
617 13 102 0 0
618 12 102 0 0
619 13 102 0 0
620 12 102 0 0
621 11 102 0 0
622 10 102 0 0
623 11 102 0 0
624 10 102 0 0
625 11 102 0 0
626 10 102 0 0
627 9 102 0 0
628 10 102 0 0
629 9 102 0 0
630 8 102 0 0
631 9 102 0 0
632 8 102 0 0
633 9 102 0 0
634 8 102 0 0
635 7 102 0 0
636 6 102 0 0
637 7 102 0 0
638 6 102 0 0
639 7 102 0 0
640 6 102 0 0
641 5 102 0 0
642 6 102 0 0
643 5 102 0 0
644 6 102 0 0
645 5 102 0 0
646 4 102 0 0
647 5 102 0 0
648 4 102 0 0
649 3 102 0 0
650 4 102 0 0
651 3 102 0 0
652 3 103 0 0
653 2 103 0 0
654 3 103 0 0
655 2 103 0 0
656 3 103 0 0
657 2 103 0 0
658 3 103 0 0
659 2 103 0 0
