0 3 99 0 0
1 4 99 0 0
2 5 99 0 0
3 4 99 0 0
4 5 99 0 0
5 4 99 0 0
6 5 99 0 0
7 6 99 0 0
8 5 99 0 0
9 6 99 0 0
10 7 99 0 0
11 6 99 0 0
12 7 99 0 0
13 6 99 0 0
14 7 99 0 0
15 8 99 0 0
16 7 99 0 0
17 8 99 0 0
18 9 99 0 0
19 8 99 0 0
20 9 99 0 0
21 10 99 0 0
22 9 99 0 0
23 10 99 0 0
24 9 99 0 0
25 10 99 0 0
26 11 99 0 0
27 10 99 0 0
28 11 99 0 0
29 12 99 0 0
30 11 99 0 0
31 12 99 0 0
32 13 99 0 0
33 12 99 0 0
34 13 99 0 0
35 14 99 0 0
36 13 99 0 0
37 14 99 0 0
38 15 99 0 0
39 14 99 0 0
40 15 99 0 0
41 16 99 0 0
42 15 99 0 0
43 16 99 0 0
44 17 99 0 0
45 16 99 0 0
46 17 99 0 0
47 17 100 0 0
48 18 100 0 0
49 17 100 0 0
50 18 100 0 0
51 19 100 0 0
52 20 100 0 0
53 19 100 0 0
54 20 100 0 0
55 19 100 0 0
56 20 100 0 0
57 21 100 0 0
58 22 100 0 0
59 21 100 0 0
60 22 100 0 0
61 23 100 0 0
62 22 100 0 0
63 23 100 0 0
64 24 100 0 0
65 23 100 0 0
66 24 100 0 0
67 25 100 0 0
68 24 100 0 0
69 25 100 0 0
70 26 100 0 0
71 25 100 0 0
72 26 100 0 0
73 27 100 0 0
74 26 100 0 0
75 27 100 0 0
76 28 100 0 0
77 27 100 0 0
78 28 100 0 0
79 29 100 0 0
80 28 100 0 0
81 29 100 0 0
82 30 100 0 0
83 29 100 0 0
84 30 100 0 0
85 29 100 0 0
86 30 100 0 0
87 31 100 0 0
88 30 100 0 0
89 31 100 0 0
90 32 100 0 0
91 31 100 0 0
92 32 100 0 0
93 33 100 0 0
94 32 100 0 0
95 33 100 0 0
96 32 100 0 0
97 33 100 0 0
98 34 100 0 0
99 35 100 0 0
100 34 100 0 0
101 35 100 0 0
102 34 100 0 0
103 35 100 0 0
104 36 100 0 0
105 35 100 0 0
106 36 100 0 0
107 37 100 0 0
108 36 100 0 0
109 37 100 0 0
110 38 100 0 0
111 37 100 0 0
112 38 100 0 0
113 37 100 0 0
114 38 100 0 0
115 39 100 0 0
116 38 100 0 0
117 39 100 0 0
118 40 100 0 0
119 39 100 0 0
120 40 100 0 0
121 41 100 0 0
122 40 100 0 0
123 41 100 0 0
124 42 100 0 0
125 41 100 0 0
126 42 100 0 0
127 43 100 0 0
128 42 100 0 0
129 43 100 0 0
130 42 100 0 0
131 43 100 0 0
132 44 100 0 0
133 45 100 0 0
134 44 100 0 0
135 45 100 0 0
136 44 100 0 0
137 45 100 0 0
138 46 100 0 0
139 47 100 0 0
140 46 100 0 0
141 47 100 0 0
142 46 100 0 0
143 47 100 0 0
144 48 100 0 0
145 47 100 0 0
146 48 100 0 0
147 49 100 0 0
148 50 100 0 0
149 49 100 0 0
150 50 100 0 0
151 49 100 0 0
152 50 100 0 0
153 51 100 0 0
154 52 100 0 0
155 51 100 0 0
156 52 100 0 0
157 51 100 0 0
158 52 100 0 0
159 53 100 0 0
160 52 100 0 0
161 53 100 0 0
162 54 100 0 0
163 53 100 0 0
164 54 100 0 0
165 55 100 0 0
166 54 100 0 0
167 55 100 0 0
168 55 99 0 0
169 56 99 0 0
170 55 99 0 0
171 56 99 0 0
172 57 99 0 0
173 56 99 0 0
174 57 99 0 0
175 58 99 0 0
176 57 99 0 0
177 58 99 0 0
178 57 99 0 0
179 58 99 0 0
180 59 99 0 0
181 58 99 0 0
182 58 98 0 0
183 59 98 0 0
184 60 98 0 0
185 59 98 0 0
186 60 98 0 0
187 59 98 0 0
188 60 98 0 0
189 61 98 0 0
190 60 98 0 0
191 61 98 0 0
192 62 98 0 0
193 61 98 0 0
194 62 98 0 0
195 62 97 0 0
196 63 97 0 0
197 62 97 0 0
198 63 97 0 0
199 62 97 0 0
200 63 97 0 0
201 64 97 0 0
202 63 97 0 0
203 64 97 0 0
204 65 97 0 0
205 64 97 0 0
206 65 97 0 0
207 66 97 0 0
208 65 97 0 0
209 66 97 0 0
210 66 96 0 0
211 67 96 0 0
212 66 96 0 0
213 67 96 0 0
214 68 96 0 0
215 67 96 0 0
216 68 96 0 0
217 69 96 0 0
218 68 96 0 0
219 69 96 0 0
220 70 96 0 0
221 69 96 0 0
222 70 96 0 0
223 71 96 0 0
224 72 96 0 0
225 71 96 0 0
226 71 95 0 0
227 72 95 0 0
228 71 95 0 0
229 72 95 0 0
230 73 95 0 0
231 72 95 0 0
232 73 95 0 0
233 74 95 0 0
234 75 95 0 0
235 74 95 0 0
236 75 95 0 0
237 76 95 0 0
238 75 95 0 0
239 76 95 0 0
240 75 95 0 0
241 76 95 0 0
242 76 94 0 0
243 77 94 0 0
244 78 94 0 0
245 77 94 0 0
246 78 94 0 0
247 79 94 0 0
248 78 94 0 0
249 79 94 0 0
250 80 94 0 0
251 79 94 0 0
252 80 94 0 0
253 81 94 0 0
254 80 94 0 0
255 81 94 0 0
256 82 94 0 0
257 81 94 0 0
258 82 94 0 0
259 81 94 0 0
260 81 93 0 0
261 82 93 0 0
262 83 93 0 0
263 82 93 0 0
264 83 93 0 0
265 84 93 0 0
266 83 93 0 0
267 84 93 0 0
268 85 93 0 0
269 84 93 0 0
270 85 93 0 0
271 86 93 0 0
272 85 93 0 0
273 86 93 0 0
274 87 93 0 0
275 86 93 0 0
276 87 93 0 0
277 86 93 0 0
278 87 93 0 0
279 87 92 0 0
280 88 92 0 0
281 87 92 0 0
282 88 92 0 0
283 89 92 0 0
284 88 92 0 0
285 89 92 0 0
286 90 92 0 0
287 89 92 0 0
288 90 92 0 0
289 91 92 0 0
290 90 92 0 0
291 91 92 0 0
292 92 92 0 0
293 91 92 0 0
294 92 92 0 0
295 91 92 0 0
296 92 92 0 0
297 93 92 0 0
298 92 92 0 0
299 92 91 0 0
300 93 91 0 0
301 94 91 0 0
302 93 91 0 0
303 94 91 0 0
304 95 91 0 0
305 94 91 0 0
306 95 91 0 0
307 96 91 0 0
308 95 91 0 0
309 96 91 0 0
310 97 91 0 0
311 96 91 0 0
312 96 90 0 0
313 97 90 0 0
314 98 90 0 0
315 97 90 0 0
316 98 90 0 0
317 99 90 0 0
318 98 90 0 0
319 99 90 0 0
320 100 90 0 0
321 99 90 0 0
322 100 90 0 0
323 101 90 0 0
324 100 90 0 0
325 100 89 0 0
326 101 89 0 0
327 102 89 0 0
328 101 89 0 0
329 102 89 0 0
330 103 89 0 0
331 102 89 0 0
332 103 89 0 0
333 104 89 0 0
334 103 89 0 0
335 104 89 0 0
336 105 89 0 0
337 104 89 0 0
338 105 89 0 0
339 106 89 0 0
340 105 89 0 0
341 106 89 0 0
342 107 89 0 0
343 106 89 0 0
344 107 89 0 0
345 108 89 0 0
346 107 89 0 0
347 108 89 0 0
348 109 89 0 0
349 108 89 0 0
350 109 89 0 0
351 110 89 0 0
352 109 89 0 0
353 110 89 0 0
354 111 89 0 0
355 110 89 0 0
356 110 90 0 0
357 111 90 0 0
358 112 90 0 0
359 111 90 0 0
360 112 90 0 0
361 113 90 0 0
362 112 90 0 0
363 113 90 0 0
364 114 90 0 0
365 113 90 0 0
366 114 90 0 0
367 115 90 0 0
368 114 90 0 0
369 115 90 0 0
370 116 90 0 0
371 115 90 0 0
372 116 90 0 0
373 115 90 0 0
374 116 90 0 0
375 117 90 0 0
376 118 90 0 0
377 117 90 0 0
378 118 90 0 0
379 117 90 0 0
380 118 90 0 0
381 119 90 0 0
382 118 90 0 0
383 119 90 0 0
384 120 90 0 0
385 119 90 0 0
386 120 90 0 0
387 120 91 0 0
388 121 91 0 0
389 120 91 0 0
390 121 91 0 0
391 122 91 0 0
392 121 91 0 0
393 122 91 0 0
394 123 91 0 0
395 122 91 0 0
396 123 91 0 0
397 122 91 0 0
398 123 91 0 0
399 124 91 0 0
400 125 91 0 0
401 124 91 0 0
402 125 91 0 0
403 124 91 0 0
404 124 92 0 0
405 125 92 0 0
406 126 92 0 0
407 125 92 0 0
408 126 92 0 0
409 127 92 0 0
410 126 92 0 0
411 127 92 0 0
412 128 92 0 0
413 127 92 0 0
414 128 92 0 0
415 127 92 0 0
416 128 92 0 0
417 129 92 0 0
418 128 92 0 0
419 129 92 0 0
420 130 92 0 0
421 129 92 0 0
422 130 92 0 0
423 129 92 0 0
424 130 92 0 0
425 131 92 0 0
426 130 92 0 0
427 131 92 0 0
428 132 92 0 0
429 131 92 0 0
430 132 92 0 0
431 131 92 0 0
432 132 92 0 0
433 133 92 0 0
434 132 92 0 0
435 133 92 0 0
436 134 92 0 0
437 133 92 0 0
438 134 92 0 0
439 135 92 0 0
440 134 92 0 0
441 135 92 0 0
442 134 92 0 0
443 135 92 0 0
444 135 93 0 0
445 136 93 0 0
446 135 93 0 0
447 136 93 0 0
448 137 93 0 0
449 136 93 0 0
450 137 93 0 0
451 138 93 0 0
452 137 93 0 0
453 138 93 0 0
454 139 93 0 0
455 138 93 0 0
456 138 94 0 0
457 139 94 0 0
458 140 94 0 0
459 139 94 0 0
460 140 94 0 0
461 141 94 0 0
462 140 94 0 0
463 141 94 0 0
464 142 94 0 0
465 141 94 0 0
466 142 94 0 0
467 143 94 0 0
468 142 94 0 0
469 142 95 0 0
470 143 95 0 0
471 144 95 0 0
472 143 95 0 0
473 144 95 0 0
474 145 95 0 0
475 144 95 0 0
476 145 95 0 0
477 146 95 0 0
478 145 95 0 0
479 146 95 0 0
480 146 96 0 0
481 147 96 0 0
482 146 96 0 0
483 147 96 0 0
484 148 96 0 0
485 147 96 0 0
486 148 96 0 0
487 147 96 0 0
488 148 96 0 0
489 149 96 0 0
490 150 96 0 0
491 149 96 0 0
492 150 96 0 0
493 149 96 0 0
494 149 97 0 0
495 150 97 0 0
496 151 97 0 0
497 152 97 0 0
498 151 97 0 0
499 152 97 0 0
500 151 97 0 0
501 152 97 0 0
502 153 97 0 0
503 152 97 0 0
504 153 97 0 0
505 154 97 0 0
506 153 97 0 0
507 154 97 0 0
508 155 97 0 0
509 154 97 0 0
510 155 97 0 0
511 156 97 0 0
512 155 97 0 0
513 156 97 0 0
514 157 97 0 0
515 156 97 0 0
516 157 97 0 0
517 158 97 0 0
518 157 97 0 0
519 158 97 0 0
520 159 97 0 0
521 158 97 0 0
522 159 97 0 0
523 160 97 0 0
524 159 97 0 0
525 159 98 0 0
526 160 98 0 0
527 161 98 0 0
528 160 98 0 0
529 161 98 0 0
530 162 98 0 0
531 161 98 0 0
532 162 98 0 0
533 163 98 0 0
534 162 98 0 0
535 163 98 0 0
536 162 98 0 0
537 163 98 0 0
538 164 98 0 0
539 165 98 0 0
540 164 98 0 0
541 165 98 0 0
542 164 98 0 0
543 165 98 0 0
544 166 98 0 0
545 165 98 0 0
546 166 98 0 0
547 167 98 0 0
548 166 98 0 0
549 167 98 0 0
550 166 98 0 0
551 167 98 0 0
552 168 98 0 0
553 167 98 0 0
554 168 98 0 0
555 167 98 0 0
556 168 98 0 0
557 169 98 0 0
558 168 98 0 0
559 169 98 0 0
560 170 98 0 0
561 169 98 0 0
562 170 98 0 0
563 169 98 0 0
564 170 98 0 0
565 171 98 0 0
566 170 98 0 0
567 171 98 0 0
568 172 98 0 0
569 171 98 0 0
570 172 98 0 0
571 173 98 0 0
572 172 98 0 0
573 173 98 0 0
574 172 98 0 0
575 173 98 0 0
576 174 98 0 0
577 173 98 0 0
578 174 98 0 0
579 175 98 0 0
580 174 98 0 0
581 175 98 0 0
582 176 98 0 0
583 175 98 0 0
584 176 98 0 0
585 175 98 0 0
586 176 98 0 0
587 177 98 0 0
588 176 98 0 0
589 176 99 0 0
590 177 99 0 0
591 178 99 0 0
592 177 99 0 0
593 178 99 0 0
594 179 99 0 0
595 178 99 0 0
596 179 99 0 0
597 180 99 0 0
598 179 99 0 0
599 180 99 0 0
600 181 99 0 0
601 180 99 0 0
602 181 99 0 0
603 182 99 0 0
604 181 99 0 0
605 182 99 0 0
606 181 99 0 0
607 182 99 0 0
608 183 99 0 0
609 182 99 0 0
610 183 99 0 0
611 184 99 0 0
612 183 99 0 0
613 184 99 0 0
614 185 99 0 0
615 184 99 0 0
616 185 99 0 0
617 186 99 0 0
618 185 99 0 0
619 186 99 0 0
620 187 99 0 0
621 186 99 0 0
622 187 99 0 0
623 186 99 0 0
624 187 99 0 0
625 188 99 0 0
626 187 99 0 0
627 188 99 0 0
628 189 99 0 0
629 188 99 0 0
630 189 99 0 0
631 190 99 0 0
632 189 99 0 0
633 190 99 0 0
634 189 99 0 0
635 190 99 0 0
636 191 99 0 0
637 190 99 0 0
638 191 99 0 0
639 192 99 0 0
640 191 99 0 0
641 192 99 0 0
642 191 99 0 0
643 192 99 0 0
644 193 99 0 0
645 192 99 0 0
646 193 99 0 0
647 194 99 0 0
648 193 99 0 0
649 194 99 0 0
650 195 99 0 0
651 194 99 0 0
652 195 99 0 0
653 194 99 0 0
654 195 99 0 0
655 194 99 0 0
656 195 99 0 0
657 194 99 0 0
658 195 99 0 0
659 194 99 0 0
660 195 99 0 0
661 194 99 0 0
662 195 99 0 0
663 194 99 0 0
664 195 99 0 0
