0 5 98 0 0
1 6 98 0 0
2 7 98 0 0
3 6 98 0 0
4 7 98 0 0
5 8 98 0 0
6 7 98 0 0
7 8 98 0 0
8 9 98 0 0
9 8 98 0 0
10 9 98 0 0
11 9 99 0 0
12 10 99 0 0
13 9 99 0 0
14 10 99 0 0
15 11 99 0 0
16 10 99 0 0
17 11 99 0 0
18 12 99 0 0
19 11 99 0 0
20 12 99 0 0
21 11 99 0 0
22 12 99 0 0
23 13 99 0 0
24 14 99 0 0
25 13 99 0 0
26 14 99 0 0
27 15 99 0 0
28 14 99 0 0
29 15 99 0 0
30 16 99 0 0
31 15 99 0 0
32 16 99 0 0
33 16 100 0 0
34 17 100 0 0
35 16 100 0 0
36 17 100 0 0
37 16 100 0 0
38 17 100 0 0
39 18 100 0 0
40 19 100 0 0
41 18 100 0 0
42 19 100 0 0
43 18 100 0 0
44 19 100 0 0
45 20 100 0 0
46 21 100 0 0
47 20 100 0 0
48 21 100 0 0
49 20 100 0 0
50 21 100 0 0
51 22 100 0 0
52 23 100 0 0
53 22 100 0 0
54 23 100 0 0
55 23 101 0 0
56 24 101 0 0
57 23 101 0 0
58 24 101 0 0
59 23 101 0 0
60 24 101 0 0
61 25 101 0 0
62 26 101 0 0
63 25 101 0 0
64 26 101 0 0
65 25 101 0 0
66 26 101 0 0
67 27 101 0 0
68 28 101 0 0
69 27 101 0 0
70 28 101 0 0
71 27 101 0 0
72 28 101 0 0
73 29 101 0 0
74 28 101 0 0
75 29 101 0 0
76 30 101 0 0
77 31 101 0 0
78 30 101 0 0
79 31 101 0 0
80 30 101 0 0
81 31 101 0 0
82 32 101 0 0
83 31 101 0 0
84 32 101 0 0
85 33 101 0 0
86 34 101 0 0
87 33 101 0 0
88 34 101 0 0
89 33 101 0 0
90 34 101 0 0
91 35 101 0 0
92 36 101 0 0
93 35 101 0 0
94 36 101 0 0
95 37 101 0 0
96 36 101 0 0
97 37 101 0 0
98 36 101 0 0
99 37 101 0 0
100 38 101 0 0
101 39 101 0 0
102 38 101 0 0
103 39 101 0 0
104 40 101 0 0
105 39 101 0 0
106 40 101 0 0
107 41 101 0 0
108 40 101 0 0
109 41 101 0 0
110 42 101 0 0
111 41 101 0 0
112 42 101 0 0
113 43 101 0 0
114 42 101 0 0
115 43 101 0 0
116 44 101 0 0
117 43 101 0 0
118 44 101 0 0
119 45 101 0 0
120 44 101 0 0
121 45 101 0 0
122 45 100 0 0
123 46 100 0 0
124 45 100 0 0
125 46 100 0 0
126 47 100 0 0
127 48 100 0 0
128 47 100 0 0
129 48 100 0 0
130 47 100 0 0
131 48 100 0 0
132 49 100 0 0
133 48 100 0 0
134 49 100 0 0
135 50 100 0 0
136 51 100 0 0
137 50 100 0 0
138 51 100 0 0
139 50 100 0 0
140 51 100 0 0
141 52 100 0 0
142 51 100 0 0
143 52 100 0 0
144 53 100 0 0
145 54 100 0 0
146 53 100 0 0
147 54 100 0 0
148 53 100 0 0
149 54 100 0 0
150 55 100 0 0
151 56 100 0 0
152 55 100 0 0
153 56 100 0 0
154 57 100 0 0
155 56 100 0 0
156 57 100 0 0
157 58 100 0 0
158 57 100 0 0
159 58 100 0 0
160 59 100 0 0
161 58 100 0 0
162 59 100 0 0
163 60 100 0 0
164 59 100 0 0
165 60 100 0 0
166 61 100 0 0
167 60 100 0 0
168 60 99 0 0
169 61 99 0 0
170 62 99 0 0
171 61 99 0 0
172 62 99 0 0
173 61 99 0 0
174 62 99 0 0
175 63 99 0 0
176 62 99 0 0
177 63 99 0 0
178 62 99 0 0
179 63 99 0 0
180 64 99 0 0
181 63 99 0 0
182 64 99 0 0
183 63 99 0 0
184 64 99 0 0
185 65 99 0 0
186 64 99 0 0
187 65 99 0 0
188 66 99 0 0
189 65 99 0 0
190 66 99 0 0
191 65 99 0 0
192 66 99 0 0
193 66 98 0 0
194 67 98 0 0
195 66 98 0 0
196 67 98 0 0
197 68 98 0 0
198 67 98 0 0
199 68 98 0 0
200 67 98 0 0
201 68 98 0 0
202 69 98 0 0
203 68 98 0 0
204 69 98 0 0
205 68 98 0 0
206 69 98 0 0
207 68 98 0 0
208 69 98 0 0
209 70 98 0 0
210 69 98 0 0
211 70 98 0 0
212 71 98 0 0
213 70 98 0 0
214 71 98 0 0
215 70 98 0 0
216 71 98 0 0
217 72 98 0 0
218 71 98 0 0
219 71 97 0 0
220 72 97 0 0
221 71 97 0 0
222 72 97 0 0
223 73 97 0 0
224 72 97 0 0
225 73 97 0 0
226 74 97 0 0
227 73 97 0 0
228 74 97 0 0
229 73 97 0 0
230 74 97 0 0
231 75 97 0 0
232 74 97 0 0
233 75 97 0 0
234 74 97 0 0
235 75 97 0 0
236 75 96 0 0
237 76 96 0 0
238 75 96 0 0
239 76 96 0 0
240 75 96 0 0
241 76 96 0 0
242 77 96 0 0
243 76 96 0 0
244 77 96 0 0
245 76 96 0 0
246 77 96 0 0
247 78 96 0 0
248 77 96 0 0
249 78 96 0 0
250 79 96 0 0
251 78 96 0 0
252 79 96 0 0
253 78 96 0 0
254 78 95 0 0
255 79 95 0 0
256 80 95 0 0
257 79 95 0 0
258 80 95 0 0
259 81 95 0 0
260 80 95 0 0
261 81 95 0 0
262 80 95 0 0
263 81 95 0 0
264 82 95 0 0
265 81 95 0 0
266 82 95 0 0
267 81 95 0 0
268 82 95 0 0
269 83 95 0 0
270 82 95 0 0
271 82 94 0 0
272 83 94 0 0
273 82 94 0 0
274 83 94 0 0
275 84 94 0 0
276 83 94 0 0
277 84 94 0 0
278 83 94 0 0
279 84 94 0 0
280 85 94 0 0
281 84 94 0 0
282 85 94 0 0
283 86 94 0 0
284 85 94 0 0
285 86 94 0 0
286 85 94 0 0
287 86 94 0 0
288 86 93 0 0
289 87 93 0 0
290 86 93 0 0
291 87 93 0 0
292 88 93 0 0
293 87 93 0 0
294 88 93 0 0
295 87 93 0 0
296 88 93 0 0
297 89 93 0 0
298 88 93 0 0
299 89 93 0 0
300 88 93 0 0
301 89 93 0 0
302 90 93 0 0
303 89 93 0 0
304 90 93 0 0
305 90 92 0 0
306 91 92 0 0
307 90 92 0 0
308 91 92 0 0
309 90 92 0 0
310 91 92 0 0
311 92 92 0 0
312 91 92 0 0
313 92 92 0 0
314 91 92 0 0
315 92 92 0 0
316 93 92 0 0
317 92 92 0 0
318 93 92 0 0
319 94 92 0 0
320 93 92 0 0
321 94 92 0 0
322 95 92 0 0
323 94 92 0 0
324 95 92 0 0
325 96 92 0 0
326 95 92 0 0
327 96 92 0 0
328 95 92 0 0
329 96 92 0 0
330 97 92 0 0
331 96 92 0 0
332 97 92 0 0
333 98 92 0 0
334 97 92 0 0
335 98 92 0 0
336 99 92 0 0
337 98 92 0 0
338 99 92 0 0
339 98 92 0 0
340 99 92 0 0
341 100 92 0 0
342 99 92 0 0
343 99 91 0 0
344 100 91 0 0
345 101 91 0 0
346 100 91 0 0
347 101 91 0 0
348 102 91 0 0
349 101 91 0 0
350 102 91 0 0
351 101 91 0 0
352 102 91 0 0
353 103 91 0 0
354 102 91 0 0
355 103 91 0 0
356 104 91 0 0
357 103 91 0 0
358 104 91 0 0
359 105 91 0 0
360 104 91 0 0
361 105 91 0 0
362 104 91 0 0
363 105 91 0 0
364 106 91 0 0
365 105 91 0 0
366 106 91 0 0
367 107 91 0 0
368 106 91 0 0
369 107 91 0 0
370 108 91 0 0
371 107 91 0 0
372 108 91 0 0
373 107 91 0 0
374 108 91 0 0
375 109 91 0 0
376 108 91 0 0
377 109 91 0 0
378 109 90 0 0
379 110 90 0 0
380 109 90 0 0
381 110 90 0 0
382 111 90 0 0
383 110 90 0 0
384 111 90 0 0
385 110 90 0 0
386 111 90 0 0
387 112 90 0 0
388 111 90 0 0
389 112 90 0 0
390 113 90 0 0
391 112 90 0 0
392 113 90 0 0
393 112 90 0 0
394 113 90 0 0
395 114 90 0 0
396 113 90 0 0
397 114 90 0 0
398 115 90 0 0
399 114 90 0 0
400 115 90 0 0
401 116 90 0 0
402 115 90 0 0
403 116 90 0 0
404 115 90 0 0
405 116 90 0 0
406 117 90 0 0
407 116 90 0 0
408 116 91 0 0
409 117 91 0 0
410 118 91 0 0
411 117 91 0 0
412 118 91 0 0
413 119 91 0 0
414 118 91 0 0
415 119 91 0 0
416 120 91 0 0
417 119 91 0 0
418 119 92 0 0
419 120 92 0 0
420 121 92 0 0
421 120 92 0 0
422 121 92 0 0
423 122 92 0 0
424 121 92 0 0
425 122 92 0 0
426 123 92 0 0
427 122 92 0 0
428 122 93 0 0
429 123 93 0 0
430 122 93 0 0
431 123 93 0 0
432 124 93 0 0
433 123 93 0 0
434 124 93 0 0
435 125 93 0 0
436 124 93 0 0
437 125 93 0 0
438 125 94 0 0
439 126 94 0 0
440 125 94 0 0
441 126 94 0 0
442 125 94 0 0
443 126 94 0 0
444 127 94 0 0
445 126 94 0 0
446 127 94 0 0
447 126 94 0 0
448 127 94 0 0
449 128 94 0 0
450 127 94 0 0
451 127 95 0 0
452 128 95 0 0
453 127 95 0 0
454 128 95 0 0
455 129 95 0 0
456 128 95 0 0
457 129 95 0 0
458 130 95 0 0
459 129 95 0 0
460 130 95 0 0
461 129 95 0 0
462 130 95 0 0
463 131 95 0 0
464 130 95 0 0
465 130 96 0 0
466 131 96 0 0
467 132 96 0 0
468 131 96 0 0
469 132 96 0 0
470 131 96 0 0
471 132 96 0 0
472 133 96 0 0
473 132 96 0 0
474 133 96 0 0
475 132 96 0 0
476 133 96 0 0
477 132 96 0 0
478 132 97 0 0
479 133 97 0 0
480 134 97 0 0
481 133 97 0 0
482 134 97 0 0
483 135 97 0 0
484 134 97 0 0
485 135 97 0 0
486 134 97 0 0
487 135 97 0 0
488 136 97 0 0
489 135 97 0 0
490 136 97 0 0
491 135 97 0 0
492 136 97 0 0
493 137 97 0 0
494 138 97 0 0
495 137 97 0 0
496 138 97 0 0
497 137 97 0 0
498 138 97 0 0
499 139 97 0 0
500 138 97 0 0
501 139 97 0 0
502 140 97 0 0
503 139 97 0 0
504 140 97 0 0
505 141 97 0 0
506 140 97 0 0
507 141 97 0 0
508 142 97 0 0
509 141 97 0 0
510 142 97 0 0
511 143 97 0 0
512 142 97 0 0
513 143 97 0 0
514 142 97 0 0
515 143 97 0 0
516 144 97 0 0
517 145 97 0 0
518 144 97 0 0
519 145 97 0 0
520 144 97 0 0
521 145 97 0 0
522 146 97 0 0
523 145 97 0 0
524 146 97 0 0
525 147 97 0 0
526 146 97 0 0
527 147 97 0 0
528 148 97 0 0
529 147 97 0 0
530 148 97 0 0
531 149 97 0 0
532 148 97 0 0
533 149 97 0 0
534 150 97 0 0
535 149 97 0 0
536 150 97 0 0
537 149 97 0 0
538 150 97 0 0
539 151 97 0 0
540 152 97 0 0
541 151 97 0 0
542 152 97 0 0
543 151 97 0 0
544 152 97 0 0
545 153 97 0 0
546 152 97 0 0
547 153 97 0 0
548 154 97 0 0
549 153 97 0 0
550 154 97 0 0
551 154 96 0 0
552 155 96 0 0
553 154 96 0 0
554 155 96 0 0
555 156 96 0 0
556 155 96 0 0
557 156 96 0 0
558 155 96 0 0
559 156 96 0 0
560 157 96 0 0
561 156 96 0 0
562 157 96 0 0
563 158 96 0 0
564 157 96 0 0
565 158 96 0 0
566 159 96 0 0
567 158 96 0 0
568 159 96 0 0
569 160 96 0 0
570 159 96 0 0
571 160 96 0 0
572 161 96 0 0
573 160 96 0 0
574 161 96 0 0
575 162 96 0 0
576 161 96 0 0
577 162 96 0 0
578 163 96 0 0
579 162 96 0 0
580 163 96 0 0
581 162 96 0 0
582 163 96 0 0
583 164 96 0 0
584 163 96 0 0
585 164 96 0 0
586 165 96 0 0
587 164 96 0 0
588 164 97 0 0
589 165 97 0 0
590 166 97 0 0
591 165 97 0 0
592 166 97 0 0
593 165 97 0 0
594 166 97 0 0
595 167 97 0 0
596 166 97 0 0
597 166 98 0 0
598 167 98 0 0
599 168 98 0 0
600 167 98 0 0
601 168 98 0 0
602 167 98 0 0
603 168 98 0 0
604 169 98 0 0
605 168 98 0 0
606 169 98 0 0
607 170 98 0 0
608 171 98 0 0
609 170 98 0 0
610 171 98 0 0
611 172 98 0 0
612 171 98 0 0
613 172 98 0 0
614 173 98 0 0
615 172 98 0 0
616 173 98 0 0
617 174 98 0 0
618 173 98 0 0
619 174 98 0 0
620 173 98 0 0
621 174 98 0 0
622 175 98 0 0
623 176 98 0 0
624 175 98 0 0
625 176 98 0 0
626 175 98 0 0
627 176 98 0 0
628 177 98 0 0
629 176 98 0 0
630 177 98 0 0
631 178 98 0 0
632 177 98 0 0
633 178 98 0 0
634 179 98 0 0
635 178 98 0 0
636 179 98 0 0
637 180 98 0 0
638 179 98 0 0
639 180 98 0 0
640 181 98 0 0
641 180 98 0 0
642 181 98 0 0
643 180 98 0 0
644 181 98 0 0
645 182 98 0 0
646 183 98 0 0
647 182 98 0 0
648 183 98 0 0
649 182 98 0 0
650 183 98 0 0
651 184 98 0 0
652 183 98 0 0
653 184 98 0 0
654 185 98 0 0
655 184 98 0 0
656 185 98 0 0
657 186 98 0 0
658 185 98 0 0
659 186 98 0 0
660 187 98 0 0
661 186 98 0 0
662 187 98 0 0
663 186 98 0 0
664 187 98 0 0
665 188 98 0 0
666 187 98 0 0
667 188 98 0 0
668 189 98 0 0
669 189 97 0 0
670 190 97 0 0
671 189 97 0 0
672 190 97 0 0
673 191 97 0 0
674 190 97 0 0
675 191 97 0 0
676 192 97 0 0
677 191 97 0 0
678 192 97 0 0
679 193 97 0 0
680 192 97 0 0
681 193 97 0 0
682 194 97 0 0
