0 1000 20000 0 0
1 1200 20000 0 0
2 1400 20000 0 0
3 1600 20000 0 0
4 1800 20000 0 0
5 2000 20000 0 0
6 2200 20000 0 0
7 2400 20000 0 0
8 2600 20000 0 0
9 2800 20000 0 0
10 3000 20000 0 0
11 3200 20000 0 0
12 3400 20000 0 0
13 3600 20000 0 0
14 3800 20000 0 0
15 4000 20000 0 0
16 4200 20000 0 0
17 4400 20000 0 0
18 4600 20000 0 0
19 4800 20000 0 0
20 5000 20000 0 0
21 5200 20000 0 0
22 5400 20000 0 0
23 5600 20000 0 0
24 5800 20000 0 0
25 5800 20200 0 0
26 6000 20200 0 0
27 6200 20200 0 0
28 6400 20200 0 0
29 6600 20200 0 0
30 6800 20200 0 0
31 7000 20200 0 0
32 7200 20200 0 0
33 7400 20200 0 0
34 7600 20200 0 0
35 7800 20200 0 0
36 8000 20200 0 0
37 8200 20200 0 0
38 8400 20200 0 0
39 8600 20200 0 0
40 8600 20400 0 0
41 8800 20400 0 0
42 9000 20400 0 0
43 9200 20400 0 0
44 9400 20400 0 0
45 9600 20400 0 0
46 9800 20400 0 0
47 10000 20400 0 0
48 10200 20400 0 0
49 10400 20400 0 0
50 10600 20400 0 0
51 10800 20400 0 0
52 10800 20200 0 0
53 11000 20200 0 0
54 11200 20200 0 0
55 11400 20200 0 0
56 11600 20200 0 0
57 11800 20200 0 0
58 11800 20000 0 0
59 12000 20000 0 0
60 12000 20200 0 0
61 12200 20200 0 0
62 12400 20200 0 0
63 12600 20200 0 0
64 12800 20200 0 0
65 13000 20200 0 0
66 13200 20200 0 0
67 13200 20400 0 0
68 13400 20400 0 0
69 13600 20400 0 0
70 13800 20400 0 0
71 14000 20400 0 0
72 14200 20400 0 0
73 14400 20400 0 0
74 14400 20600 0 0
75 14600 20600 0 0
76 14800 20600 0 0
77 15000 20600 0 0
78 15200 20600 0 0
79 15200 20800 0 0
80 15400 20800 0 0
81 15400 21000 0 0
82 15600 21000 0 0
83 15800 21000 0 0
84 15800 21200 0 0
85 16000 21200 0 0
86 16000 21400 0 0
87 16200 21400 0 0
88 16200 21600 0 0
89 16400 21600 0 0
90 16400 21800 0 0
91 16600 21800 0 0
92 16800 21800 0 0
93 16800 22000 0 0
94 17000 22000 0 0
95 17000 22200 0 0
96 17200 22200 0 0
97 17400 22200 0 0
98 17400 22400 0 0
99 17600 22400 0 0
100 17600 22600 0 0
101 17800 22600 0 0
102 17800 22800 0 0
103 17800 23000 0 0
104 18000 23000 0 0
105 18000 23200 0 0
106 18000 23400 0 0
107 18200 23400 0 0
108 18200 23600 0 0
109 18400 23600 0 0
110 18400 23800 0 0
111 18400 24000 0 0
112 18600 24000 0 0
113 18600 24200 0 0
114 18600 24400 0 0
115 18800 24400 0 0
116 18800 24600 0 0
117 18800 24800 0 0
118 19000 24800 0 0
119 19000 25000 0 0
120 19200 25000 0 0
121 19200 25200 0 0
122 19200 25400 0 0
123 19400 25400 0 0
124 19400 25600 0 0
125 19400 25800 0 0
126 19600 25800 0 0
127 19600 26000 0 0
128 19600 26200 0 0
129 19600 26400 0 0
130 19600 26600 0 0
131 19600 26800 0 0
132 19800 26800 0 0
133 19800 27000 0 0
134 19800 27200 0 0
135 19800 27400 0 0
136 19800 27600 0 0
137 20000 27600 0 0
138 20000 27800 0 0
139 20000 28000 0 0
140 20000 28200 0 0
141 20200 28200 0 0
142 20200 28400 0 0
143 20200 28600 0 0
144 20200 28800 0 0
145 20200 29000 0 0
146 20400 29000 0 0
147 20400 29200 0 0
148 20400 29400 0 0
149 20400 29600 0 0
150 20400 29800 0 0
151 20600 29800 0 0
152 20600 30000 0 0
153 20600 30200 0 0
154 20600 30400 0 0
155 20800 30400 0 0
156 20800 30600 0 0
157 20800 30800 0 0
158 20800 31000 0 0
159 20800 31200 0 0
160 20800 31400 0 0
161 21000 31400 0 0
162 21000 31600 0 0
163 21000 31800 0 0
164 21000 32000 0 0
165 21000 32200 0 0
166 21200 32200 0 0
167 21200 32400 0 0
168 21200 32600 0 0
169 21400 32600 0 0
170 21400 32800 0 0
171 21400 33000 0 0
172 21400 33200 0 0
173 21400 33400 0 0
174 21600 33400 0 0
175 21600 33600 0 0
176 21600 33800 0 0
177 21600 34000 0 0
178 21800 34000 0 0
179 21800 34200 0 0
180 21800 34400 0 0
181 21800 34600 0 0
182 21800 34800 0 0
183 22000 34800 0 0
184 22000 35000 0 0
185 22000 35200 0 0
186 22000 35400 0 0
187 22000 35600 0 0
188 22000 35800 0 0
189 22200 35800 0 0
190 22200 36000 0 0
191 22200 36200 0 0
192 22200 36400 0 0
193 22200 36600 0 0
194 22200 36800 0 0
195 22200 37000 0 0
196 22400 37000 0 0
197 22400 37200 0 0
198 22400 37400 0 0
199 22400 37600 0 0
200 22400 37800 0 0
201 22400 38000 0 0
202 22600 38000 0 0
203 22600 38200 0 0
204 22600 38400 0 0
205 22600 38600 0 0
206 22800 38600 0 0
207 22800 38800 0 0
208 22800 39000 0 0
209 22800 39200 0 0
210 22800 39400 0 0
211 23000 39400 0 0
212 23000 39600 0 0
213 23000 39800 0 0
214 23000 40000 0 0
215 23000 40200 0 0
216 23200 40200 0 0
217 23200 40400 0 0
218 23200 40600 0 0
219 23200 40800 0 0
220 23400 40800 0 0
221 23400 41000 0 0
222 23400 41200 0 0
223 23400 41400 0 0
224 23400 41600 0 0
225 23600 41600 0 0
226 23600 41800 0 0
227 23600 42000 0 0
228 23800 42000 0 0
229 23800 42200 0 0
230 23800 42400 0 0
231 23800 42600 0 0
232 24000 42600 0 0
233 24000 42800 0 0
234 24000 43000 0 0
235 24000 43200 0 0
236 24200 43200 0 0
237 24200 43400 0 0
238 24200 43600 0 0
239 24200 43800 0 0
240 24200 44000 0 0
241 24200 44200 0 0
242 24200 44400 0 0
243 24200 44600 0 0
244 24200 44800 0 0
245 24200 45000 0 0
246 24200 45200 0 0
247 24400 45200 0 0
248 24400 45400 0 0
249 24400 45600 0 0
250 24400 45800 0 0
251 24400 46000 0 0
252 24400 46200 0 0
253 24400 46400 0 0
254 24400 46600 0 0
255 24400 46800 0 0
256 24600 46800 0 0
257 24600 47000 0 0
