0 1200 19600 0 0
1 1400 19600 0 0
2 1600 19600 0 0
3 1800 19600 0 0
4 2000 19600 0 0
5 2200 19600 0 0
6 2400 19600 0 0
7 2600 19600 0 0
8 2800 19600 0 0
9 3000 19600 0 0
10 3200 19600 0 0
11 3400 19600 0 0
12 3600 19600 0 0
13 3800 19600 0 0
14 4000 19600 0 0
15 4200 19600 0 0
16 4400 19600 0 0
17 4600 19600 0 0
18 4800 19600 0 0
19 5000 19600 0 0
20 5200 19600 0 0
21 5400 19600 0 0
22 5600 19600 0 0
23 5800 19600 0 0
24 6000 19600 0 0
25 6200 19600 0 0
26 6400 19600 0 0
27 6600 19600 0 0
28 6800 19600 0 0
29 7000 19600 0 0
30 7200 19600 0 0
31 7400 19600 0 0
32 7600 19600 0 0
33 7800 19600 0 0
34 8000 19600 0 0
35 8200 19600 0 0
36 8400 19600 0 0
37 8600 19600 0 0
38 8800 19600 0 0
39 8800 19800 0 0
40 9000 19800 0 0
41 9200 19800 0 0
42 9400 19800 0 0
43 9600 19800 0 0
44 9800 19800 0 0
45 10000 19800 0 0
46 10200 19800 0 0
47 10400 19800 0 0
48 10600 19800 0 0
49 10800 19800 0 0
50 11000 19800 0 0
51 11200 19800 0 0
52 11400 19800 0 0
53 11600 19800 0 0
54 11800 19800 0 0
55 12000 19800 0 0
56 12200 19800 0 0
57 12400 19800 0 0
58 12600 19800 0 0
59 12600 19600 0 0
60 12800 19600 0 0
61 13000 19600 0 0
62 13200 19600 0 0
63 13400 19600 0 0
64 13400 19400 0 0
65 13600 19400 0 0
66 13800 19400 0 0
67 14000 19400 0 0
68 14000 19200 0 0
69 14200 19200 0 0
70 14400 19200 0 0
71 14600 19200 0 0
72 14600 19000 0 0
73 14800 19000 0 0
74 15000 19000 0 0
75 15200 19000 0 0
76 15400 19000 0 0
77 15400 18800 0 0
78 15600 18800 0 0
79 15600 18600 0 0
80 15800 18600 0 0
81 16000 18600 0 0
82 16000 18400 0 0
83 16200 18400 0 0
84 16400 18400 0 0
85 16400 18200 0 0
86 16600 18200 0 0
87 16600 18000 0 0
88 16800 18000 0 0
89 17000 18000 0 0
90 17000 17800 0 0
91 17200 17800 0 0
92 17400 17800 0 0
93 17600 17800 0 0
94 17800 17800 0 0
95 18000 17800 0 0
96 18000 17600 0 0
97 18200 17600 0 0
98 18400 17600 0 0
99 18600 17600 0 0
100 18800 17600 0 0
101 19000 17600 0 0
102 19200 17600 0 0
103 19200 17400 0 0
104 19200 17600 0 0
105 19400 17600 0 0
106 19600 17600 0 0
107 19800 17600 0 0
108 19800 17800 0 0
109 20000 17800 0 0
110 20200 17800 0 0
111 20200 18000 0 0
112 20400 18000 0 0
113 20600 18000 0 0
114 20600 18200 0 0
115 20800 18200 0 0
116 21000 18200 0 0
117 21000 18400 0 0
118 21200 18400 0 0
119 21200 18600 0 0
120 21200 18800 0 0
121 21400 18800 0 0
122 21400 19000 0 0
123 21400 19200 0 0
124 21600 19200 0 0
125 21600 19400 0 0
126 21600 19600 0 0
127 21800 19600 0 0
128 21800 19800 0 0
129 22000 19800 0 0
130 22000 20000 0 0
131 22000 20200 0 0
132 22200 20200 0 0
133 22200 20400 0 0
134 22200 20600 0 0
135 22400 20600 0 0
136 22400 20800 0 0
137 22400 21000 0 0
138 22600 21000 0 0
139 22400 21000 0 0
140 22400 21200 0 0
141 22400 21400 0 0
142 22400 21600 0 0
143 22400 21800 0 0
144 22400 22000 0 0
145 22400 22200 0 0
146 22400 22400 0 0
147 22400 22600 0 0
148 22400 22800 0 0
149 22400 23000 0 0
150 22400 23200 0 0
151 22400 23400 0 0
152 22400 23600 0 0
153 22400 23800 0 0
154 22400 24000 0 0
155 22400 24200 0 0
156 22400 24400 0 0
157 22400 24600 0 0
158 22400 24800 0 0
159 22400 25000 0 0
160 22400 25200 0 0
161 22400 25400 0 0
162 22200 25400 0 0
163 22200 25600 0 0
164 22200 25800 0 0
165 22200 26000 0 0
166 22200 26200 0 0
167 22200 26400 0 0
168 22200 26600 0 0
169 22200 26800 0 0
170 22200 27000 0 0
171 22200 27200 0 0
172 22200 27400 0 0
173 22200 27600 0 0
174 22200 27800 0 0
175 22200 28000 0 0
176 22200 28200 0 0
177 22200 28400 0 0
178 22200 28600 0 0
179 22200 28800 0 0
180 22200 29000 0 0
181 22200 29200 0 0
182 22200 29400 0 0
183 22200 29600 0 0
184 22200 29800 0 0
185 22200 30000 0 0
186 22400 30000 0 0
187 22400 30200 0 0
188 22400 30400 0 0
189 22400 30600 0 0
190 22400 30800 0 0
191 22400 31000 0 0
192 22600 31000 0 0
193 22600 31200 0 0
194 22600 31400 0 0
195 22600 31600 0 0
196 22600 31800 0 0
197 22600 32000 0 0
198 22600 32200 0 0
199 22800 32200 0 0
200 22800 32400 0 0
201 22800 32600 0 0
202 22800 32800 0 0
203 22800 33000 0 0
204 22800 33200 0 0
205 22800 33400 0 0
206 22800 33600 0 0
207 23000 33600 0 0
208 23000 33800 0 0
209 23000 34000 0 0
210 23000 34200 0 0
211 23000 34400 0 0
212 23000 34600 0 0
213 23000 34800 0 0
214 23000 35000 0 0
215 23000 35200 0 0
216 23200 35200 0 0
217 23200 35400 0 0
218 23200 35600 0 0
219 23200 35800 0 0
220 23200 36000 0 0
221 23200 36200 0 0
222 23400 36200 0 0
223 23400 36400 0 0
224 23400 36600 0 0
225 23400 36800 0 0
226 23400 37000 0 0
227 23400 37200 0 0
228 23600 37200 0 0
229 23600 37400 0 0
230 23600 37600 0 0
231 23600 37800 0 0
232 23600 38000 0 0
233 23600 38200 0 0
234 23800 38200 0 0
235 23800 38400 0 0
236 23800 38600 0 0
237 23800 38800 0 0
238 23800 39000 0 0
239 24000 39000 0 0
240 24000 39200 0 0
241 24000 39400 0 0
242 24000 39600 0 0
243 24000 39800 0 0
244 24000 40000 0 0
245 24000 40200 0 0
246 24000 40400 0 0
247 24200 40400 0 0
248 24200 40600 0 0
249 24200 40800 0 0
250 24200 41000 0 0
251 24200 41200 0 0
252 24200 41400 0 0
253 24200 41600 0 0
254 24400 41600 0 0
255 24400 41800 0 0
256 24400 42000 0 0
257 24400 42200 0 0
258 24400 42400 0 0
259 24400 42600 0 0
260 24400 42800 0 0
261 24400 43000 0 0
262 24400 43200 0 0
263 24600 43200 0 0
264 24600 43400 0 0
265 24600 43600 0 0
266 24600 43800 0 0
267 24600 44000 0 0
268 24600 44200 0 0
269 24600 44400 0 0
270 24600 44600 0 0
271 24600 44800 0 0
272 24600 45000 0 0
273 24600 45200 0 0
274 24600 45400 0 0
275 24600 45600 0 0
276 24600 45800 0 0
277 24600 46000 0 0
278 24800 46000 0 0
279 24800 46200 0 0
280 24600 46200 0 0
281 24600 46400 0 0
282 24600 46600 0 0
283 24600 46800 0 0
