0 1 88 0 0
1 1 89 0 0
2 2 89 0 0
3 3 89 0 0
4 2 89 0 0
5 3 89 0 0
6 4 89 0 0
7 3 89 0 0
8 4 89 0 0
9 5 89 0 0
10 4 89 0 0
11 5 89 0 0
12 4 89 0 0
13 5 89 0 0
14 6 89 0 0
15 5 89 0 0
16 6 89 0 0
17 5 89 0 0
18 6 89 0 0
19 7 89 0 0
20 6 89 0 0
21 7 89 0 0
22 8 89 0 0
23 7 89 0 0
24 8 89 0 0
25 8 90 0 0
26 9 90 0 0
27 8 90 0 0
28 9 90 0 0
29 10 90 0 0
30 9 90 0 0
31 10 90 0 0
32 9 90 0 0
33 10 90 0 0
34 11 90 0 0
35 10 90 0 0
36 11 90 0 0
37 12 90 0 0
38 11 90 0 0
39 12 90 0 0
40 11 90 0 0
41 12 90 0 0
42 13 90 0 0
43 12 90 0 0
44 13 90 0 0
45 14 90 0 0
46 13 90 0 0
47 14 90 0 0
48 15 90 0 0
49 14 90 0 0
50 14 91 0 0
51 15 91 0 0
52 14 91 0 0
53 15 91 0 0
54 16 91 0 0
55 15 91 0 0
56 16 91 0 0
57 15 91 0 0
58 16 91 0 0
59 17 91 0 0
60 16 91 0 0
61 17 91 0 0
62 16 91 0 0
63 17 91 0 0
64 18 91 0 0
65 17 91 0 0
66 18 91 0 0
67 17 91 0 0
68 18 91 0 0
69 19 91 0 0
70 18 91 0 0
71 19 91 0 0
72 20 91 0 0
73 19 91 0 0
74 20 91 0 0
75 19 91 0 0
76 20 91 0 0
77 21 91 0 0
78 20 91 0 0
79 21 91 0 0
80 22 91 0 0
81 21 91 0 0
82 22 91 0 0
83 21 91 0 0
84 22 91 0 0
85 23 91 0 0
86 22 91 0 0
87 23 91 0 0
88 22 91 0 0
89 23 91 0 0
90 24 91 0 0
91 23 91 0 0
92 24 91 0 0
93 25 91 0 0
94 24 91 0 0
95 25 91 0 0
96 24 91 0 0
97 25 91 0 0
98 26 91 0 0
99 25 91 0 0
100 25 92 0 0
101 26 92 0 0
102 25 92 0 0
103 26 92 0 0
104 27 92 0 0
105 26 92 0 0
106 27 92 0 0
107 28 92 0 0
108 27 92 0 0
109 28 92 0 0
110 27 92 0 0
111 28 92 0 0
112 29 92 0 0
113 28 92 0 0
114 29 92 0 0
115 30 92 0 0
116 29 92 0 0
117 30 92 0 0
118 29 92 0 0
119 30 92 0 0
120 31 92 0 0
121 30 92 0 0
122 31 92 0 0
123 30 92 0 0
124 31 92 0 0
125 32 92 0 0
126 31 92 0 0
127 32 92 0 0
128 31 92 0 0
129 32 92 0 0
130 33 92 0 0
131 32 92 0 0
132 33 92 0 0
133 32 92 0 0
134 33 92 0 0
135 34 92 0 0
136 33 92 0 0
137 34 92 0 0
138 35 92 0 0
139 34 92 0 0
140 35 92 0 0
141 34 92 0 0
142 35 92 0 0
143 36 92 0 0
144 35 92 0 0
145 36 92 0 0
146 35 92 0 0
147 36 92 0 0
148 37 92 0 0
149 36 92 0 0
150 36 93 0 0
151 37 93 0 0
152 38 93 0 0
153 37 93 0 0
154 38 93 0 0
155 39 93 0 0
156 38 93 0 0
157 39 93 0 0
158 40 93 0 0
159 39 93 0 0
160 40 93 0 0
161 41 93 0 0
162 40 93 0 0
163 41 93 0 0
164 42 93 0 0
165 41 93 0 0
166 42 93 0 0
167 43 93 0 0
168 42 93 0 0
169 43 93 0 0
170 42 93 0 0
171 43 93 0 0
172 44 93 0 0
173 45 93 0 0
174 44 93 0 0
175 45 93 0 0
176 44 93 0 0
177 45 93 0 0
178 46 93 0 0
179 45 93 0 0
180 46 93 0 0
181 47 93 0 0
182 46 93 0 0
183 47 93 0 0
184 48 93 0 0
185 47 93 0 0
186 48 93 0 0
187 49 93 0 0
188 48 93 0 0
189 49 93 0 0
190 50 93 0 0
191 49 93 0 0
192 50 93 0 0
193 49 93 0 0
194 50 93 0 0
195 51 93 0 0
196 50 93 0 0
197 51 93 0 0
198 52 93 0 0
199 51 93 0 0
200 52 93 0 0
201 53 93 0 0
202 52 93 0 0
203 53 93 0 0
204 54 93 0 0
205 53 93 0 0
206 54 93 0 0
207 55 93 0 0
208 54 93 0 0
209 55 93 0 0
210 54 93 0 0
211 55 93 0 0
212 56 93 0 0
213 55 93 0 0
214 56 93 0 0
215 57 93 0 0
216 56 93 0 0
217 57 93 0 0
218 58 93 0 0
219 57 93 0 0
220 58 93 0 0
221 57 93 0 0
222 58 93 0 0
223 59 93 0 0
224 60 93 0 0
225 59 93 0 0
226 60 93 0 0
227 59 93 0 0
228 60 93 0 0
229 61 93 0 0
230 60 93 0 0
231 61 93 0 0
232 62 93 0 0
233 61 93 0 0
234 62 93 0 0
235 63 93 0 0
236 62 93 0 0
237 63 93 0 0
238 62 93 0 0
239 63 93 0 0
240 64 93 0 0
241 64 92 0 0
242 65 92 0 0
243 64 92 0 0
244 65 92 0 0
245 64 92 0 0
246 65 92 0 0
247 66 92 0 0
248 65 92 0 0
249 66 92 0 0
250 65 92 0 0
251 65 91 0 0
252 66 91 0 0
253 67 91 0 0
254 66 91 0 0
255 67 91 0 0
256 68 91 0 0
257 67 91 0 0
258 68 91 0 0
259 67 91 0 0
260 67 90 0 0
261 68 90 0 0
262 69 90 0 0
263 68 90 0 0
264 69 90 0 0
265 68 90 0 0
266 69 90 0 0
267 70 90 0 0
268 69 90 0 0
269 69 89 0 0
270 70 89 0 0
271 71 89 0 0
272 70 89 0 0
273 71 89 0 0
274 70 89 0 0
275 71 89 0 0
276 72 89 0 0
277 71 89 0 0
278 71 88 0 0
279 72 88 0 0
280 71 88 0 0
281 72 88 0 0
282 73 88 0 0
283 72 88 0 0
284 73 88 0 0
285 74 88 0 0
286 73 88 0 0
287 73 87 0 0
288 74 87 0 0
289 73 87 0 0
290 74 87 0 0
291 75 87 0 0
292 74 87 0 0
293 75 87 0 0
294 74 87 0 0
295 75 87 0 0
296 75 86 0 0
297 76 86 0 0
298 75 86 0 0
299 76 86 0 0
300 77 86 0 0
301 76 86 0 0
302 77 86 0 0
303 76 86 0 0
304 77 86 0 0
305 77 85 0 0
306 78 85 0 0
307 77 85 0 0
308 78 85 0 0
309 77 85 0 0
310 78 85 0 0
311 79 85 0 0
312 78 85 0 0
313 79 85 0 0
314 79 84 0 0
315 80 84 0 0
316 79 84 0 0
317 80 84 0 0
318 79 84 0 0
319 80 84 0 0
320 79 84 0 0
321 80 84 0 0
322 80 83 0 0
323 81 83 0 0
324 80 83 0 0
325 81 83 0 0
326 80 83 0 0
327 81 83 0 0
328 81 82 0 0
329 82 82 0 0
330 81 82 0 0
331 82 82 0 0
332 81 82 0 0
333 82 82 0 0
334 81 82 0 0
335 81 81 0 0
336 82 81 0 0
337 83 81 0 0
338 82 81 0 0
339 83 81 0 0
340 82 81 0 0
341 82 80 0 0
342 83 80 0 0
343 82 80 0 0
344 83 80 0 0
345 84 80 0 0
346 83 80 0 0
347 83 79 0 0
348 84 79 0 0
349 83 79 0 0
350 84 79 0 0
351 85 79 0 0
352 84 79 0 0
353 84 78 0 0
354 85 78 0 0
355 84 78 0 0
356 85 78 0 0
357 84 78 0 0
358 85 78 0 0
359 86 78 0 0
360 85 78 0 0
361 85 77 0 0
362 86 77 0 0
363 85 77 0 0
364 86 77 0 0
365 85 77 0 0
366 86 77 0 0
367 86 76 0 0
368 87 76 0 0
369 86 76 0 0
370 87 76 0 0
371 86 76 0 0
372 87 76 0 0
373 87 75 0 0
374 88 75 0 0
375 87 75 0 0
376 88 75 0 0
377 87 75 0 0
378 88 75 0 0
379 87 75 0 0
380 87 74 0 0
381 88 74 0 0
382 87 74 0 0
383 88 74 0 0
384 87 74 0 0
385 88 74 0 0
386 88 73 0 0
387 89 73 0 0
388 88 73 0 0
389 89 73 0 0
390 88 73 0 0
391 89 73 0 0
392 88 73 0 0
393 88 72 0 0
394 89 72 0 0
395 90 72 0 0
396 89 72 0 0
397 90 72 0 0
398 89 72 0 0
399 90 72 0 0
400 89 72 0 0
401 89 71 0 0
402 90 71 0 0
403 89 71 0 0
404 90 71 0 0
405 89 71 0 0
406 90 71 0 0
407 90 70 0 0
408 91 70 0 0
409 90 70 0 0
410 91 70 0 0
411 90 70 0 0
412 91 70 0 0
413 90 70 0 0
414 90 69 0 0
415 91 69 0 0
416 90 69 0 0
417 91 69 0 0
418 92 69 0 0
419 91 69 0 0
420 91 68 0 0
421 92 68 0 0
422 91 68 0 0
423 92 68 0 0
424 91 68 0 0
425 92 68 0 0
426 91 68 0 0
427 91 67 0 0
428 92 67 0 0
429 91 67 0 0
430 92 67 0 0
431 93 67 0 0
432 92 67 0 0
433 92 66 0 0
434 93 66 0 0
435 92 66 0 0
436 93 66 0 0
437 92 66 0 0
438 93 66 0 0
439 92 66 0 0
440 92 65 0 0
441 93 65 0 0
442 92 65 0 0
443 93 65 0 0
444 92 65 0 0
445 93 65 0 0
446 92 65 0 0
447 92 64 0 0
448 93 64 0 0
449 92 64 0 0
450 93 64 0 0
451 92 64 0 0
452 93 64 0 0
453 92 64 0 0
454 92 63 0 0
455 93 63 0 0
456 92 63 0 0
457 93 63 0 0
458 94 63 0 0
459 93 63 0 0
460 93 62 0 0
461 94 62 0 0
462 93 62 0 0
463 94 62 0 0
464 93 62 0 0
465 94 62 0 0
466 93 62 0 0
467 93 61 0 0
468 94 61 0 0
469 93 61 0 0
470 94 61 0 0
471 93 61 0 0
472 94 61 0 0
473 93 61 0 0
474 93 60 0 0
475 94 60 0 0
476 93 60 0 0
477 94 60 0 0
478 93 60 0 0
479 94 60 0 0
480 93 60 0 0
481 93 59 0 0
482 94 59 0 0
483 93 59 0 0
484 94 59 0 0
485 93 59 0 0
486 93 58 0 0
487 94 58 0 0
488 93 58 0 0
489 94 58 0 0
490 93 58 0 0
491 94 58 0 0
492 93 58 0 0
493 93 57 0 0
494 94 57 0 0
495 93 57 0 0
496 94 57 0 0
497 93 57 0 0
498 94 57 0 0
499 93 57 0 0
500 93 56 0 0
501 94 56 0 0
502 93 56 0 0
503 94 56 0 0
504 93 56 0 0
505 94 56 0 0
506 93 56 0 0
507 93 55 0 0
508 94 55 0 0
509 95 55 0 0
510 94 55 0 0
511 95 55 0 0
512 94 55 0 0
513 94 54 0 0
514 95 54 0 0
515 94 54 0 0
516 95 54 0 0
517 94 54 0 0
518 95 54 0 0
519 94 54 0 0
520 94 53 0 0
521 95 53 0 0
522 94 53 0 0
523 95 53 0 0
524 94 53 0 0
525 94 52 0 0
526 95 52 0 0
527 94 52 0 0
528 95 52 0 0
529 94 52 0 0
530 95 52 0 0
531 94 52 0 0
532 94 51 0 0
533 95 51 0 0
534 94 51 0 0
535 95 51 0 0
536 94 51 0 0
537 95 51 0 0
538 94 51 0 0
539 94 50 0 0
540 95 50 0 0
541 94 50 0 0
542 95 50 0 0
543 94 50 0 0
544 95 50 0 0
545 94 50 0 0
546 94 49 0 0
547 95 49 0 0
548 94 49 0 0
549 95 49 0 0
550 94 49 0 0
551 94 48 0 0
552 95 48 0 0
553 94 48 0 0
554 95 48 0 0
555 94 48 0 0
556 94 47 0 0
557 95 47 0 0
558 94 47 0 0
559 95 47 0 0
560 94 47 0 0
561 95 47 0 0
562 94 47 0 0
563 94 46 0 0
564 95 46 0 0
565 94 46 0 0
566 95 46 0 0
567 94 46 0 0
568 94 45 0 0
569 95 45 0 0
570 94 45 0 0
571 95 45 0 0
572 95 44 0 0
573 96 44 0 0
574 95 44 0 0
575 96 44 0 0
576 95 44 0 0
577 95 43 0 0
578 96 43 0 0
579 95 43 0 0
580 96 43 0 0
581 95 43 0 0
582 96 43 0 0
583 95 43 0 0
584 95 42 0 0
585 96 42 0 0
586 95 42 0 0
587 96 42 0 0
588 95 42 0 0
589 95 41 0 0
590 96 41 0 0
591 95 41 0 0
592 96 41 0 0
593 95 41 0 0
594 95 40 0 0
595 96 40 0 0
596 95 40 0 0
597 96 40 0 0
598 95 40 0 0
599 95 39 0 0
600 96 39 0 0
601 95 39 0 0
602 96 39 0 0
603 95 39 0 0
604 95 38 0 0
605 96 38 0 0
606 95 38 0 0
607 96 38 0 0
608 95 38 0 0
609 95 37 0 0
610 96 37 0 0
611 95 37 0 0
612 96 37 0 0
613 95 37 0 0
614 96 37 0 0
615 95 37 0 0
616 95 36 0 0
617 96 36 0 0
618 95 36 0 0
619 96 36 0 0
620 95 36 0 0
621 95 35 0 0
622 96 35 0 0
623 95 35 0 0
624 96 35 0 0
625 95 35 0 0
626 95 34 0 0
627 96 34 0 0
628 95 34 0 0
629 96 34 0 0
630 95 34 0 0
631 96 34 0 0
632 95 34 0 0
633 95 33 0 0
634 96 33 0 0
635 95 33 0 0
636 96 33 0 0
637 95 33 0 0
638 95 32 0 0
639 96 32 0 0
640 95 32 0 0
641 96 32 0 0
642 95 32 0 0
643 95 31 0 0
644 96 31 0 0
645 95 31 0 0
646 96 31 0 0
647 95 31 0 0
648 95 30 0 0
649 96 30 0 0
650 95 30 0 0
651 96 30 0 0
652 95 30 0 0
653 95 29 0 0
654 96 29 0 0
655 95 29 0 0
656 96 29 0 0
657 95 29 0 0
658 95 28 0 0
659 96 28 0 0
660 95 28 0 0
661 96 28 0 0
662 95 28 0 0
663 95 27 0 0
664 96 27 0 0
665 95 27 0 0
666 96 27 0 0
667 95 27 0 0
668 96 27 0 0
669 95 27 0 0
670 95 26 0 0
671 96 26 0 0
672 95 26 0 0
673 96 26 0 0
674 95 26 0 0
675 95 25 0 0
676 96 25 0 0
677 95 25 0 0
678 96 25 0 0
679 95 25 0 0
680 95 24 0 0
681 96 24 0 0
682 95 24 0 0
683 96 24 0 0
684 95 24 0 0
685 95 23 0 0
686 96 23 0 0
687 95 23 0 0
688 96 23 0 0
689 95 23 0 0
690 96 23 0 0
691 95 23 0 0
692 95 22 0 0
693 96 22 0 0
694 95 22 0 0
695 96 22 0 0
696 95 22 0 0
697 95 21 0 0
698 96 21 0 0
699 95 21 0 0
700 95 20 0 0
701 96 20 0 0
702 95 20 0 0
703 96 20 0 0
704 95 20 0 0
705 95 19 0 0
706 96 19 0 0
707 95 19 0 0
708 96 19 0 0
709 95 19 0 0
710 95 18 0 0
711 96 18 0 0
712 95 18 0 0
713 96 18 0 0
714 95 18 0 0
715 95 17 0 0
716 96 17 0 0
717 95 17 0 0
718 96 17 0 0
719 95 17 0 0
720 95 16 0 0
721 96 16 0 0
722 95 16 0 0
723 96 16 0 0
724 95 16 0 0
725 96 16 0 0
726 95 16 0 0
727 95 15 0 0
728 96 15 0 0
