0 19800 2600 0 0
1 19800 2800 0 0
2 19600 2800 0 0
3 19600 3000 0 0
4 19600 3200 0 0
5 19400 3200 0 0
6 19400 3400 0 0
7 19400 3600 0 0
8 19200 3600 0 0
9 19200 3800 0 0
10 19200 4000 0 0
11 19000 4000 0 0
12 19000 4200 0 0
13 19000 4400 0 0
14 18800 4400 0 0
15 18800 4600 0 0
16 18800 4800 0 0
17 18800 5000 0 0
18 18800 5200 0 0
19 18800 5400 0 0
20 18800 5600 0 0
21 18800 5800 0 0
22 18800 6000 0 0
23 18600 6000 0 0
24 18600 6200 0 0
25 18600 6400 0 0
26 18600 6600 0 0
27 18600 6800 0 0
28 18600 7000 0 0
29 18600 7200 0 0
30 18600 7400 0 0
31 18600 7600 0 0
32 18600 7800 0 0
33 18600 8000 0 0
34 18600 8200 0 0
35 18800 8200 0 0
36 18800 8400 0 0
37 18800 8600 0 0
38 18800 8800 0 0
39 18800 9000 0 0
40 18800 9200 0 0
41 18800 9400 0 0
42 19000 9400 0 0
43 19000 9600 0 0
44 19000 9800 0 0
45 19000 10000 0 0
46 19000 10200 0 0
47 19000 10400 0 0
48 19000 10600 0 0
49 19200 10600 0 0
50 19200 10800 0 0
51 19200 11000 0 0
52 19200 11200 0 0
53 19200 11400 0 0
54 19200 11600 0 0
55 19400 11600 0 0
56 19400 11800 0 0
57 19400 12000 0 0
58 19400 12200 0 0
59 19600 12200 0 0
60 19600 12400 0 0
61 19600 12600 0 0
62 19600 12800 0 0
63 19600 13000 0 0
64 19800 13000 0 0
65 19800 13200 0 0
66 19800 13400 0 0
67 19800 13600 0 0
68 20000 13600 0 0
69 20000 13800 0 0
70 20000 14000 0 0
71 20200 14000 0 0
72 20200 14200 0 0
73 20200 14400 0 0
74 20400 14400 0 0
75 20400 14600 0 0
76 20600 14600 0 0
77 20600 14800 0 0
78 20600 15000 0 0
79 20800 15000 0 0
80 20800 15200 0 0
81 21000 15200 0 0
82 21000 15400 0 0
83 21200 15400 0 0
84 21200 15600 0 0
85 21400 15600 0 0
86 21400 15800 0 0
87 21600 15800 0 0
88 21600 16000 0 0
89 21600 16200 0 0
90 21800 16200 0 0
91 21800 16400 0 0
92 22000 16400 0 0
93 22000 16600 0 0
94 22200 16600 0 0
95 22200 16800 0 0
96 22400 16800 0 0
97 22400 17000 0 0
98 22600 17000 0 0
99 22600 17200 0 0
100 22800 17200 0 0
101 22800 17400 0 0
102 23000 17400 0 0
103 23200 17400 0 0
104 23200 17600 0 0
105 23400 17600 0 0
106 23400 17800 0 0
107 23600 17800 0 0
108 23600 18000 0 0
109 23800 18000 0 0
110 23800 18200 0 0
111 24000 18200 0 0
112 24000 18400 0 0
113 24200 18400 0 0
114 24200 18600 0 0
115 24400 18600 0 0
116 24400 18800 0 0
117 24600 18800 0 0
118 24600 19000 0 0
119 24800 19000 0 0
120 24800 19200 0 0
121 25000 19200 0 0
122 25200 19200 0 0
123 25400 19200 0 0
124 25400 19400 0 0
125 25600 19400 0 0
126 25800 19400 0 0
127 26000 19400 0 0
128 26200 19400 0 0
129 26200 19600 0 0
130 26400 19600 0 0
131 26600 19600 0 0
132 26800 19600 0 0
133 27000 19600 0 0
134 27200 19600 0 0
135 27400 19600 0 0
136 27400 19800 0 0
137 27600 19800 0 0
138 27800 19800 0 0
139 28000 19800 0 0
140 28000 20000 0 0
141 28200 20000 0 0
142 28400 20000 0 0
143 28600 20000 0 0
144 28800 20000 0 0
145 28800 20200 0 0
146 29000 20200 0 0
147 29200 20200 0 0
148 29400 20200 0 0
149 29600 20200 0 0
150 29800 20200 0 0
151 30000 20200 0 0
152 30200 20200 0 0
153 30400 20200 0 0
154 30600 20200 0 0
155 30800 20200 0 0
156 31000 20200 0 0
157 31200 20200 0 0
158 31400 20200 0 0
159 31600 20200 0 0
160 31800 20200 0 0
161 32000 20200 0 0
162 32200 20200 0 0
163 32400 20200 0 0
164 32600 20200 0 0
165 32800 20200 0 0
166 33000 20200 0 0
167 33200 20200 0 0
168 33400 20200 0 0
169 33600 20200 0 0
170 33800 20200 0 0
171 34000 20200 0 0
172 34200 20200 0 0
173 34400 20200 0 0
174 34600 20200 0 0
175 34800 20200 0 0
176 35000 20200 0 0
177 35200 20200 0 0
178 35400 20200 0 0
179 35600 20200 0 0
180 35800 20200 0 0
181 36000 20200 0 0
182 36200 20200 0 0
183 36400 20200 0 0
184 36600 20200 0 0
185 36800 20200 0 0
186 37000 20200 0 0
187 37200 20200 0 0
188 37400 20200 0 0
189 37600 20200 0 0
190 37800 20200 0 0
191 38000 20200 0 0
192 38200 20200 0 0
193 38400 20200 0 0
194 38600 20200 0 0
195 38800 20200 0 0
