0 102 6 0 0
1 102 7 0 0
2 101 7 0 0
3 102 7 0 0
4 101 7 0 0
5 101 8 0 0
6 102 8 0 0
7 101 8 0 0
8 102 8 0 0
9 101 8 0 0
10 101 9 0 0
11 102 9 0 0
12 101 9 0 0
13 102 9 0 0
14 101 9 0 0
15 101 10 0 0
16 102 10 0 0
17 101 10 0 0
18 102 10 0 0
19 101 10 0 0
20 101 11 0 0
21 102 11 0 0
22 101 11 0 0
23 102 11 0 0
24 101 11 0 0
25 101 12 0 0
26 102 12 0 0
27 101 12 0 0
28 102 12 0 0
29 101 12 0 0
30 101 13 0 0
31 102 13 0 0
32 101 13 0 0
33 102 13 0 0
34 101 13 0 0
35 101 14 0 0
36 102 14 0 0
37 101 14 0 0
38 102 14 0 0
39 101 14 0 0
40 101 15 0 0
41 102 15 0 0
42 101 15 0 0
43 102 15 0 0
44 101 15 0 0
45 101 16 0 0
46 102 16 0 0
47 101 16 0 0
48 102 16 0 0
49 101 16 0 0
50 101 17 0 0
51 102 17 0 0
52 101 17 0 0
53 102 17 0 0
54 101 17 0 0
55 101 18 0 0
56 102 18 0 0
57 101 18 0 0
58 102 18 0 0
59 101 18 0 0
60 101 19 0 0
61 102 19 0 0
62 101 19 0 0
63 101 20 0 0
64 102 20 0 0
65 101 20 0 0
66 102 20 0 0
67 101 20 0 0
68 101 21 0 0
69 102 21 0 0
70 101 21 0 0
71 102 21 0 0
72 101 21 0 0
73 101 22 0 0
74 102 22 0 0
75 101 22 0 0
76 102 22 0 0
77 101 22 0 0
78 101 23 0 0
79 102 23 0 0
80 101 23 0 0
81 102 23 0 0
82 101 23 0 0
83 101 24 0 0
84 102 24 0 0
85 101 24 0 0
86 102 24 0 0
87 101 24 0 0
88 101 25 0 0
89 102 25 0 0
90 101 25 0 0
91 102 25 0 0
92 101 25 0 0
93 101 26 0 0
94 100 26 0 0
95 101 26 0 0
96 100 26 0 0
97 100 27 0 0
98 101 27 0 0
99 100 27 0 0
100 101 27 0 0
101 100 27 0 0
102 100 28 0 0
103 101 28 0 0
104 100 28 0 0
105 101 28 0 0
106 100 28 0 0
107 100 29 0 0
108 101 29 0 0
109 100 29 0 0
110 101 29 0 0
111 100 29 0 0
112 100 30 0 0
113 101 30 0 0
114 100 30 0 0
115 101 30 0 0
116 100 30 0 0
117 100 31 0 0
118 101 31 0 0
119 100 31 0 0
120 101 31 0 0
121 100 31 0 0
122 100 32 0 0
123 101 32 0 0
124 100 32 0 0
125 101 32 0 0
126 100 32 0 0
127 100 33 0 0
128 101 33 0 0
129 100 33 0 0
130 101 33 0 0
131 100 33 0 0
132 100 34 0 0
133 101 34 0 0
134 100 34 0 0
135 101 34 0 0
136 100 34 0 0
137 100 35 0 0
138 101 35 0 0
139 100 35 0 0
140 101 35 0 0
141 100 35 0 0
142 100 36 0 0
143 101 36 0 0
144 100 36 0 0
145 101 36 0 0
146 100 36 0 0
147 100 37 0 0
148 101 37 0 0
149 100 37 0 0
150 101 37 0 0
151 100 37 0 0
152 100 38 0 0
153 101 38 0 0
154 100 38 0 0
155 101 38 0 0
156 100 38 0 0
157 100 39 0 0
158 101 39 0 0
159 100 39 0 0
160 101 39 0 0
161 100 39 0 0
162 100 40 0 0
163 101 40 0 0
164 100 40 0 0
165 101 40 0 0
166 100 40 0 0
167 100 41 0 0
168 101 41 0 0
169 100 41 0 0
170 101 41 0 0
171 100 41 0 0
172 100 42 0 0
173 101 42 0 0
174 100 42 0 0
175 101 42 0 0
176 100 42 0 0
177 100 43 0 0
178 101 43 0 0
179 100 43 0 0
180 101 43 0 0
181 100 43 0 0
182 100 44 0 0
183 101 44 0 0
184 100 44 0 0
185 101 44 0 0
186 100 44 0 0
187 100 45 0 0
188 101 45 0 0
189 100 45 0 0
190 101 45 0 0
191 100 45 0 0
192 100 46 0 0
193 101 46 0 0
194 100 46 0 0
195 101 46 0 0
196 100 46 0 0
197 101 46 0 0
198 100 46 0 0
199 100 47 0 0
200 101 47 0 0
201 100 47 0 0
202 101 47 0 0
203 100 47 0 0
204 100 48 0 0
205 101 48 0 0
206 102 48 0 0
207 101 48 0 0
208 102 48 0 0
209 101 48 0 0
210 101 49 0 0
211 102 49 0 0
212 101 49 0 0
213 102 49 0 0
214 101 49 0 0
215 101 50 0 0
216 102 50 0 0
217 101 50 0 0
218 102 50 0 0
219 101 50 0 0
220 102 50 0 0
221 101 50 0 0
222 101 51 0 0
223 102 51 0 0
224 101 51 0 0
225 102 51 0 0
226 101 51 0 0
227 101 52 0 0
228 102 52 0 0
229 101 52 0 0
230 102 52 0 0
231 101 52 0 0
232 102 52 0 0
233 102 53 0 0
234 103 53 0 0
235 102 53 0 0
236 103 53 0 0
237 102 53 0 0
238 102 54 0 0
239 103 54 0 0
240 102 54 0 0
241 103 54 0 0
242 102 54 0 0
243 103 54 0 0
244 102 54 0 0
245 102 55 0 0
246 103 55 0 0
247 102 55 0 0
248 103 55 0 0
249 102 55 0 0
250 102 56 0 0
251 103 56 0 0
252 102 56 0 0
253 103 56 0 0
254 102 56 0 0
255 102 57 0 0
256 103 57 0 0
257 104 57 0 0
258 103 57 0 0
259 104 57 0 0
260 103 57 0 0
261 103 58 0 0
262 104 58 0 0
263 103 58 0 0
264 104 58 0 0
265 103 58 0 0
266 103 59 0 0
267 104 59 0 0
268 103 59 0 0
269 104 59 0 0
270 103 59 0 0
271 104 59 0 0
272 103 59 0 0
273 103 60 0 0
274 104 60 0 0
275 105 60 0 0
276 104 60 0 0
277 104 61 0 0
278 105 61 0 0
279 104 61 0 0
280 105 61 0 0
281 104 61 0 0
282 104 62 0 0
283 105 62 0 0
284 104 62 0 0
285 105 62 0 0
286 106 62 0 0
287 105 62 0 0
288 105 63 0 0
289 106 63 0 0
290 105 63 0 0
291 106 63 0 0
292 105 63 0 0
293 106 63 0 0
294 105 63 0 0
295 105 64 0 0
296 106 64 0 0
297 105 64 0 0
298 106 64 0 0
299 105 64 0 0
300 105 65 0 0
301 106 65 0 0
302 105 65 0 0
303 106 65 0 0
304 106 66 0 0
305 107 66 0 0
306 106 66 0 0
307 107 66 0 0
308 106 66 0 0
309 106 67 0 0
310 107 67 0 0
311 106 67 0 0
312 107 67 0 0
313 106 67 0 0
314 107 67 0 0
315 107 68 0 0
316 108 68 0 0
317 107 68 0 0
318 108 68 0 0
319 107 68 0 0
320 108 68 0 0
321 107 68 0 0
322 107 69 0 0
323 108 69 0 0
324 107 69 0 0
325 108 69 0 0
326 109 69 0 0
327 108 69 0 0
328 108 70 0 0
329 109 70 0 0
330 108 70 0 0
331 109 70 0 0
332 108 70 0 0
333 109 70 0 0
334 108 70 0 0
335 109 70 0 0
336 108 70 0 0
337 109 70 0 0
338 109 71 0 0
339 110 71 0 0
340 109 71 0 0
341 110 71 0 0
342 109 71 0 0
343 110 71 0 0
344 109 71 0 0
345 109 72 0 0
346 110 72 0 0
347 111 72 0 0
348 110 72 0 0
349 110 73 0 0
350 111 73 0 0
351 110 73 0 0
352 111 73 0 0
353 110 73 0 0
354 111 73 0 0
355 110 73 0 0
356 110 74 0 0
357 111 74 0 0
358 112 74 0 0
359 111 74 0 0
360 112 74 0 0
361 111 74 0 0
362 111 75 0 0
363 112 75 0 0
364 111 75 0 0
365 112 75 0 0
366 111 75 0 0
367 112 75 0 0
368 111 75 0 0
369 111 76 0 0
370 112 76 0 0
371 113 76 0 0
372 112 76 0 0
373 113 76 0 0
374 112 76 0 0
375 113 76 0 0
376 112 76 0 0
377 113 76 0 0
378 114 76 0 0
379 113 76 0 0
380 113 77 0 0
381 114 77 0 0
382 113 77 0 0
383 114 77 0 0
384 113 77 0 0
385 114 77 0 0
386 115 77 0 0
387 114 77 0 0
388 114 78 0 0
389 115 78 0 0
390 114 78 0 0
391 115 78 0 0
392 114 78 0 0
393 115 78 0 0
394 116 78 0 0
395 115 78 0 0
396 115 79 0 0
397 116 79 0 0
398 115 79 0 0
399 116 79 0 0
400 115 79 0 0
401 116 79 0 0
402 115 79 0 0
403 116 79 0 0
404 117 79 0 0
405 116 79 0 0
406 116 80 0 0
407 117 80 0 0
408 116 80 0 0
409 117 80 0 0
410 116 80 0 0
411 117 80 0 0
412 116 80 0 0
413 117 80 0 0
414 117 81 0 0
415 118 81 0 0
416 117 81 0 0
417 118 81 0 0
418 117 81 0 0
419 118 81 0 0
420 119 81 0 0
421 118 81 0 0
422 118 82 0 0
423 119 82 0 0
424 118 82 0 0
425 119 82 0 0
426 118 82 0 0
427 119 82 0 0
428 118 82 0 0
429 119 82 0 0
430 119 83 0 0
431 120 83 0 0
432 119 83 0 0
433 120 83 0 0
434 119 83 0 0
435 120 83 0 0
436 121 83 0 0
437 120 83 0 0
438 121 83 0 0
439 120 83 0 0
440 120 84 0 0
441 121 84 0 0
442 120 84 0 0
443 121 84 0 0
444 122 84 0 0
445 121 84 0 0
446 122 84 0 0
447 123 84 0 0
448 122 84 0 0
449 122 85 0 0
450 123 85 0 0
451 122 85 0 0
452 123 85 0 0
453 124 85 0 0
454 123 85 0 0
455 124 85 0 0
456 123 85 0 0
457 123 86 0 0
458 124 86 0 0
459 123 86 0 0
460 124 86 0 0
461 125 86 0 0
462 124 86 0 0
463 125 86 0 0
464 126 86 0 0
465 125 86 0 0
466 125 87 0 0
467 126 87 0 0
468 125 87 0 0
469 126 87 0 0
470 125 87 0 0
471 126 87 0 0
472 127 87 0 0
473 126 87 0 0
474 127 87 0 0
475 127 88 0 0
476 128 88 0 0
477 127 88 0 0
478 128 88 0 0
479 127 88 0 0
480 128 88 0 0
481 129 88 0 0
482 128 88 0 0
483 129 88 0 0
484 128 88 0 0
485 128 89 0 0
486 129 89 0 0
487 128 89 0 0
488 129 89 0 0
489 130 89 0 0
490 129 89 0 0
491 130 89 0 0
492 130 90 0 0
493 131 90 0 0
494 130 90 0 0
495 131 90 0 0
496 130 90 0 0
497 131 90 0 0
498 130 90 0 0
499 131 90 0 0
500 132 90 0 0
501 131 90 0 0
502 131 91 0 0
503 132 91 0 0
504 131 91 0 0
505 132 91 0 0
506 133 91 0 0
507 132 91 0 0
508 133 91 0 0
509 134 91 0 0
510 133 91 0 0
511 133 92 0 0
512 134 92 0 0
513 133 92 0 0
514 134 92 0 0
515 133 92 0 0
516 134 92 0 0
517 135 92 0 0
518 134 92 0 0
519 135 92 0 0
520 135 93 0 0
521 136 93 0 0
522 135 93 0 0
523 136 93 0 0
524 135 93 0 0
525 136 93 0 0
526 135 93 0 0
527 136 93 0 0
528 137 93 0 0
529 136 93 0 0
530 136 94 0 0
531 137 94 0 0
532 136 94 0 0
533 137 94 0 0
534 138 94 0 0
535 137 94 0 0
536 138 94 0 0
537 139 94 0 0
538 138 94 0 0
539 139 94 0 0
540 138 94 0 0
541 139 94 0 0
542 140 94 0 0
543 139 94 0 0
544 140 94 0 0
545 141 94 0 0
546 140 94 0 0
547 141 94 0 0
548 140 94 0 0
549 141 94 0 0
550 141 95 0 0
551 142 95 0 0
552 141 95 0 0
553 142 95 0 0
554 143 95 0 0
555 142 95 0 0
556 143 95 0 0
557 142 95 0 0
558 143 95 0 0
559 144 95 0 0
560 143 95 0 0
561 144 95 0 0
562 143 95 0 0
563 144 95 0 0
564 145 95 0 0
565 144 95 0 0
566 145 95 0 0
567 146 95 0 0
568 145 95 0 0
569 146 95 0 0
570 145 95 0 0
571 145 96 0 0
572 146 96 0 0
573 147 96 0 0
574 146 96 0 0
575 147 96 0 0
576 148 96 0 0
577 147 96 0 0
578 148 96 0 0
579 147 96 0 0
580 148 96 0 0
581 149 96 0 0
582 148 96 0 0
583 149 96 0 0
584 148 96 0 0
585 149 96 0 0
586 150 96 0 0
587 149 96 0 0
588 150 96 0 0
589 151 96 0 0
590 150 96 0 0
591 151 96 0 0
592 151 97 0 0
593 152 97 0 0
594 151 97 0 0
595 152 97 0 0
596 151 97 0 0
597 152 97 0 0
598 153 97 0 0
599 152 97 0 0
600 153 97 0 0
601 154 97 0 0
602 153 97 0 0
603 154 97 0 0
604 153 97 0 0
605 154 97 0 0
606 155 97 0 0
607 154 97 0 0
608 155 97 0 0
609 156 97 0 0
610 155 97 0 0
611 156 97 0 0
612 157 97 0 0
613 156 97 0 0
614 157 97 0 0
615 156 97 0 0
616 157 97 0 0
617 157 98 0 0
618 158 98 0 0
619 157 98 0 0
620 158 98 0 0
621 159 98 0 0
622 158 98 0 0
623 159 98 0 0
624 158 98 0 0
625 159 98 0 0
626 160 98 0 0
627 159 98 0 0
628 160 98 0 0
629 161 98 0 0
630 160 98 0 0
631 161 98 0 0
632 162 98 0 0
633 161 98 0 0
634 162 98 0 0
635 163 98 0 0
636 162 98 0 0
637 163 98 0 0
638 162 98 0 0
639 163 98 0 0
640 164 98 0 0
641 163 98 0 0
642 163 99 0 0
643 164 99 0 0
644 163 99 0 0
645 164 99 0 0
646 165 99 0 0
647 164 99 0 0
648 165 99 0 0
649 166 99 0 0
650 165 99 0 0
651 166 99 0 0
652 167 99 0 0
653 166 99 0 0
654 167 99 0 0
655 168 99 0 0
656 167 99 0 0
657 168 99 0 0
658 167 99 0 0
659 168 99 0 0
660 169 99 0 0
661 168 99 0 0
662 169 99 0 0
663 170 99 0 0
664 169 99 0 0
665 170 99 0 0
666 170 100 0 0
667 171 100 0 0
668 170 100 0 0
669 171 100 0 0
670 170 100 0 0
671 171 100 0 0
672 172 100 0 0
673 171 100 0 0
674 172 100 0 0
675 171 100 0 0
676 172 100 0 0
677 173 100 0 0
678 174 100 0 0
679 173 100 0 0
680 174 100 0 0
681 173 100 0 0
682 174 100 0 0
683 175 100 0 0
684 176 100 0 0
685 175 100 0 0
686 176 100 0 0
687 175 100 0 0
688 176 100 0 0
689 176 99 0 0
690 177 99 0 0
691 176 99 0 0
692 177 99 0 0
693 178 99 0 0
694 177 99 0 0
695 178 99 0 0
696 179 99 0 0
697 178 99 0 0
698 179 99 0 0
699 180 99 0 0
700 179 99 0 0
701 180 99 0 0
702 181 99 0 0
703 180 99 0 0
704 181 99 0 0
705 182 99 0 0
706 181 99 0 0
707 182 99 0 0
708 183 99 0 0
709 182 99 0 0
710 182 98 0 0
711 183 98 0 0
712 184 98 0 0
713 183 98 0 0
714 184 98 0 0
715 185 98 0 0
716 184 98 0 0
717 185 98 0 0
718 186 98 0 0
719 185 98 0 0
720 186 98 0 0
721 185 98 0 0
722 186 98 0 0
723 187 98 0 0
724 188 98 0 0
725 187 98 0 0
726 188 98 0 0
727 187 98 0 0
728 188 98 0 0
729 189 98 0 0
730 188 98 0 0
731 189 98 0 0
732 190 98 0 0
733 189 98 0 0
734 190 98 0 0
735 191 98 0 0
736 190 98 0 0
737 191 98 0 0
738 192 98 0 0
739 191 98 0 0
740 192 98 0 0
741 191 98 0 0
742 192 98 0 0
743 193 98 0 0
744 192 98 0 0
745 193 98 0 0
746 194 98 0 0
747 193 98 0 0
748 194 98 0 0
749 195 98 0 0
750 194 98 0 0
751 195 98 0 0
752 196 98 0 0
753 195 98 0 0
754 196 98 0 0
