0 3 101 0 0
1 4 101 0 0
2 5 101 0 0
3 6 101 0 0
4 7 101 0 0
5 8 101 0 0
6 9 101 0 0
7 10 101 0 0
8 11 101 0 0
9 12 101 0 0
10 13 101 0 0
11 14 101 0 0
12 15 101 0 0
13 16 101 0 0
14 17 101 0 0
15 18 101 0 0
16 19 101 0 0
17 20 101 0 0
18 21 101 0 0
19 21 100 0 0
20 21 101 0 0
21 22 101 0 0
22 23 101 0 0
23 24 101 0 0
24 25 101 0 0
25 26 101 0 0
26 27 101 0 0
27 28 101 0 0
28 29 101 0 0
29 30 101 0 0
30 31 101 0 0
31 32 101 0 0
32 33 101 0 0
33 34 101 0 0
34 35 101 0 0
35 36 101 0 0
36 37 101 0 0
37 37 102 0 0
38 38 102 0 0
39 39 102 0 0
40 40 102 0 0
41 41 102 0 0
42 42 102 0 0
43 43 102 0 0
44 44 102 0 0
45 45 102 0 0
46 46 102 0 0
47 47 102 0 0
48 48 102 0 0
49 49 102 0 0
50 50 102 0 0
51 51 102 0 0
52 52 102 0 0
53 52 101 0 0
54 53 101 0 0
55 54 101 0 0
56 55 101 0 0
57 56 101 0 0
58 57 101 0 0
59 58 101 0 0
60 59 101 0 0
61 60 101 0 0
62 60 100 0 0
63 61 100 0 0
64 62 100 0 0
65 62 99 0 0
66 63 99 0 0
67 64 99 0 0
68 64 98 0 0
69 65 98 0 0
70 66 98 0 0
71 66 97 0 0
72 67 97 0 0
73 68 97 0 0
74 69 97 0 0
75 69 96 0 0
76 70 96 0 0
77 71 96 0 0
78 71 95 0 0
79 72 95 0 0
80 72 94 0 0
81 73 94 0 0
82 73 93 0 0
83 74 93 0 0
84 75 93 0 0
85 75 92 0 0
86 76 92 0 0
87 76 91 0 0
88 77 91 0 0
89 78 91 0 0
90 78 90 0 0
91 79 90 0 0
92 79 89 0 0
93 80 89 0 0
94 80 88 0 0
95 81 88 0 0
96 82 88 0 0
97 82 87 0 0
98 83 87 0 0
99 84 87 0 0
100 85 87 0 0
101 85 86 0 0
102 86 86 0 0
103 87 86 0 0
104 88 86 0 0
105 89 86 0 0
106 89 85 0 0
107 90 85 0 0
108 91 85 0 0
109 92 85 0 0
110 93 85 0 0
111 93 84 0 0
112 94 84 0 0
113 95 84 0 0
114 96 84 0 0
115 97 84 0 0
116 98 84 0 0
117 99 84 0 0
118 100 84 0 0
119 100 85 0 0
120 101 85 0 0
121 102 85 0 0
122 103 85 0 0
123 104 85 0 0
124 105 85 0 0
125 105 86 0 0
126 106 86 0 0
127 106 87 0 0
128 106 88 0 0
129 107 88 0 0
130 107 89 0 0
131 107 90 0 0
132 107 91 0 0
133 108 91 0 0
134 108 92 0 0
135 108 93 0 0
136 108 94 0 0
137 109 94 0 0
138 109 95 0 0
139 109 96 0 0
140 109 97 0 0
141 110 97 0 0
142 110 98 0 0
143 110 99 0 0
144 110 100 0 0
145 110 101 0 0
146 110 102 0 0
147 110 103 0 0
148 111 103 0 0
149 111 104 0 0
150 111 105 0 0
151 111 106 0 0
152 111 107 0 0
153 111 108 0 0
154 111 109 0 0
155 110 109 0 0
156 110 110 0 0
157 110 111 0 0
158 110 112 0 0
159 110 113 0 0
160 110 114 0 0
161 110 115 0 0
162 109 115 0 0
163 109 116 0 0
164 109 117 0 0
165 109 118 0 0
166 109 119 0 0
167 109 120 0 0
168 109 121 0 0
169 109 122 0 0
170 108 122 0 0
171 108 123 0 0
172 108 124 0 0
173 108 125 0 0
174 108 126 0 0
175 108 127 0 0
176 108 128 0 0
177 107 128 0 0
178 107 129 0 0
179 107 130 0 0
180 107 131 0 0
181 107 132 0 0
182 107 133 0 0
183 107 134 0 0
184 107 135 0 0
185 107 136 0 0
186 107 137 0 0
187 107 138 0 0
188 107 139 0 0
189 107 140 0 0
190 107 141 0 0
191 107 142 0 0
192 107 143 0 0
193 107 144 0 0
194 107 145 0 0
195 107 146 0 0
196 107 147 0 0
197 107 148 0 0
198 107 149 0 0
199 107 150 0 0
200 107 151 0 0
201 107 152 0 0
202 107 153 0 0
203 107 154 0 0
204 107 155 0 0
205 107 156 0 0
206 107 157 0 0
207 107 158 0 0
208 107 159 0 0
209 107 160 0 0
210 107 161 0 0
211 107 162 0 0
212 107 163 0 0
213 107 164 0 0
214 108 164 0 0
215 108 165 0 0
216 108 166 0 0
217 108 167 0 0
218 108 168 0 0
219 109 168 0 0
220 109 169 0 0
221 109 170 0 0
222 109 171 0 0
223 109 172 0 0
224 110 172 0 0
225 110 173 0 0
226 110 174 0 0
227 110 175 0 0
228 110 176 0 0
229 111 176 0 0
230 111 177 0 0
231 111 178 0 0
232 111 179 0 0
233 111 180 0 0
234 112 180 0 0
235 112 181 0 0
236 112 182 0 0
237 112 183 0 0
238 112 184 0 0
239 113 184 0 0
240 113 185 0 0
241 113 186 0 0
242 113 187 0 0
243 113 188 0 0
244 113 189 0 0
245 113 190 0 0
246 114 190 0 0
247 114 191 0 0
248 114 192 0 0
249 114 193 0 0
250 114 194 0 0
251 114 195 0 0
252 115 195 0 0
253 115 196 0 0
254 115 197 0 0
255 115 198 0 0
256 115 199 0 0
257 115 200 0 0
258 116 200 0 0
259 116 201 0 0
260 116 202 0 0
261 116 203 0 0
262 116 204 0 0
263 116 205 0 0
264 116 206 0 0
265 117 206 0 0
266 117 207 0 0
267 117 208 0 0
268 117 209 0 0
269 117 210 0 0
270 117 211 0 0
271 117 212 0 0
272 117 213 0 0
273 117 214 0 0
274 118 214 0 0
275 118 215 0 0
276 118 216 0 0
277 118 217 0 0
278 118 218 0 0
279 118 219 0 0
280 118 220 0 0
281 119 220 0 0
282 119 221 0 0
283 119 222 0 0
284 119 223 0 0
285 119 224 0 0
286 119 225 0 0
287 119 226 0 0
288 119 227 0 0
289 119 228 0 0
290 119 229 0 0
291 119 230 0 0
292 119 231 0 0
293 119 232 0 0
294 119 233 0 0
295 119 234 0 0
296 119 235 0 0
