0 88 234 0 0
1 89 234 0 0
2 88 234 0 0
3 88 233 0 0
4 89 233 0 0
5 88 233 0 0
6 89 233 0 0
7 88 233 0 0
8 89 233 0 0
9 88 233 0 0
10 88 232 0 0
11 89 232 0 0
12 88 232 0 0
13 89 232 0 0
14 88 232 0 0
15 89 232 0 0
16 88 232 0 0
17 88 231 0 0
18 89 231 0 0
19 88 231 0 0
20 89 231 0 0
21 88 231 0 0
22 89 231 0 0
23 88 231 0 0
24 88 230 0 0
25 89 230 0 0
26 88 230 0 0
27 89 230 0 0
28 88 230 0 0
29 89 230 0 0
30 88 230 0 0
31 88 229 0 0
32 89 229 0 0
33 88 229 0 0
34 89 229 0 0
35 88 229 0 0
36 89 229 0 0
37 88 229 0 0
38 88 228 0 0
39 89 228 0 0
40 88 228 0 0
41 89 228 0 0
42 88 228 0 0
43 89 228 0 0
44 88 228 0 0
45 88 227 0 0
46 89 227 0 0
47 88 227 0 0
48 89 227 0 0
49 88 227 0 0
50 89 227 0 0
51 88 227 0 0
52 88 226 0 0
53 89 226 0 0
54 88 226 0 0
55 89 226 0 0
56 88 226 0 0
57 89 226 0 0
58 88 226 0 0
59 88 225 0 0
60 89 225 0 0
61 88 225 0 0
62 89 225 0 0
63 88 225 0 0
64 89 225 0 0
65 88 225 0 0
66 88 224 0 0
67 89 224 0 0
68 88 224 0 0
69 89 224 0 0
70 88 224 0 0
71 89 224 0 0
72 88 224 0 0
73 88 223 0 0
74 89 223 0 0
75 88 223 0 0
76 89 223 0 0
77 88 223 0 0
78 89 223 0 0
79 88 223 0 0
80 88 222 0 0
81 89 222 0 0
82 88 222 0 0
83 89 222 0 0
84 88 222 0 0
85 89 222 0 0
86 88 222 0 0
87 88 221 0 0
88 89 221 0 0
89 88 221 0 0
90 89 221 0 0
91 88 221 0 0
92 89 221 0 0
93 88 221 0 0
94 88 220 0 0
95 89 220 0 0
96 88 220 0 0
97 89 220 0 0
98 88 220 0 0
99 89 220 0 0
100 88 220 0 0
101 88 219 0 0
102 89 219 0 0
103 88 219 0 0
104 89 219 0 0
105 88 219 0 0
106 89 219 0 0
107 88 219 0 0
108 88 218 0 0
109 89 218 0 0
110 88 218 0 0
111 89 218 0 0
112 88 218 0 0
113 89 218 0 0
114 88 218 0 0
115 88 217 0 0
116 89 217 0 0
117 88 217 0 0
118 89 217 0 0
119 88 217 0 0
120 89 217 0 0
121 88 217 0 0
122 88 216 0 0
123 89 216 0 0
124 88 216 0 0
125 89 216 0 0
126 88 216 0 0
127 88 215 0 0
128 89 215 0 0
129 88 215 0 0
130 89 215 0 0
131 88 215 0 0
132 88 214 0 0
133 89 214 0 0
134 88 214 0 0
135 89 214 0 0
136 88 214 0 0
137 89 214 0 0
138 88 214 0 0
139 88 213 0 0
140 89 213 0 0
141 88 213 0 0
142 89 213 0 0
143 88 213 0 0
144 88 212 0 0
145 89 212 0 0
146 88 212 0 0
147 89 212 0 0
148 88 212 0 0
149 89 212 0 0
150 88 212 0 0
151 88 211 0 0
152 89 211 0 0
153 88 211 0 0
154 89 211 0 0
155 88 211 0 0
156 88 210 0 0
157 89 210 0 0
158 88 210 0 0
159 89 210 0 0
160 88 210 0 0
161 88 209 0 0
162 89 209 0 0
163 88 209 0 0
164 89 209 0 0
165 88 209 0 0
166 89 209 0 0
167 89 208 0 0
168 90 208 0 0
169 89 208 0 0
170 90 208 0 0
171 89 208 0 0
172 89 207 0 0
173 90 207 0 0
174 89 207 0 0
175 90 207 0 0
176 89 207 0 0
177 90 207 0 0
178 89 207 0 0
179 89 206 0 0
180 90 206 0 0
181 89 206 0 0
182 90 206 0 0
183 89 206 0 0
184 89 205 0 0
185 90 205 0 0
186 89 205 0 0
187 90 205 0 0
188 89 205 0 0
189 89 204 0 0
190 90 204 0 0
191 89 204 0 0
192 90 204 0 0
193 89 204 0 0
194 90 204 0 0
195 89 204 0 0
196 89 203 0 0
197 90 203 0 0
198 89 203 0 0
199 90 203 0 0
200 89 203 0 0
201 89 202 0 0
202 90 202 0 0
203 89 202 0 0
204 90 202 0 0
205 89 202 0 0
206 90 202 0 0
207 89 202 0 0
208 89 201 0 0
209 90 201 0 0
210 89 201 0 0
211 90 201 0 0
212 89 201 0 0
213 89 200 0 0
214 90 200 0 0
215 89 200 0 0
216 90 200 0 0
217 89 200 0 0
218 89 199 0 0
219 90 199 0 0
220 89 199 0 0
221 90 199 0 0
222 89 199 0 0
223 89 198 0 0
224 90 198 0 0
225 89 198 0 0
226 90 198 0 0
227 89 198 0 0
228 89 197 0 0
229 90 197 0 0
230 89 197 0 0
231 90 197 0 0
232 89 197 0 0
233 89 196 0 0
234 90 196 0 0
235 91 196 0 0
236 90 196 0 0
237 91 196 0 0
238 90 196 0 0
239 91 196 0 0
240 90 196 0 0
241 90 195 0 0
242 91 195 0 0
243 90 195 0 0
244 91 195 0 0
245 90 195 0 0
246 91 195 0 0
247 90 195 0 0
248 90 194 0 0
249 91 194 0 0
250 90 194 0 0
251 91 194 0 0
252 90 194 0 0
253 91 194 0 0
254 90 194 0 0
255 90 193 0 0
256 91 193 0 0
257 90 193 0 0
258 91 193 0 0
259 90 193 0 0
260 91 193 0 0
261 90 193 0 0
262 90 192 0 0
263 91 192 0 0
264 90 192 0 0
265 91 192 0 0
266 90 192 0 0
267 90 191 0 0
268 91 191 0 0
269 90 191 0 0
270 91 191 0 0
271 90 191 0 0
272 90 190 0 0
273 91 190 0 0
274 90 190 0 0
275 91 190 0 0
276 90 190 0 0
277 91 190 0 0
278 90 190 0 0
279 91 190 0 0
280 90 190 0 0
281 90 189 0 0
282 91 189 0 0
283 90 189 0 0
284 91 189 0 0
285 90 189 0 0
286 91 189 0 0
287 90 189 0 0
288 90 188 0 0
289 91 188 0 0
290 90 188 0 0
291 91 188 0 0
292 90 188 0 0
293 90 187 0 0
294 91 187 0 0
295 90 187 0 0
296 91 187 0 0
297 90 187 0 0
298 91 187 0 0
299 90 187 0 0
300 90 186 0 0
301 91 186 0 0
302 90 186 0 0
303 91 186 0 0
304 90 186 0 0
305 91 186 0 0
306 90 186 0 0
307 90 185 0 0
308 91 185 0 0
309 92 185 0 0
310 91 185 0 0
311 92 185 0 0
312 91 185 0 0
313 91 184 0 0
314 92 184 0 0
315 91 184 0 0
316 92 184 0 0
317 91 184 0 0
318 91 183 0 0
319 92 183 0 0
320 91 183 0 0
321 92 183 0 0
322 91 183 0 0
323 92 183 0 0
324 91 183 0 0
325 91 182 0 0
326 92 182 0 0
327 91 182 0 0
328 92 182 0 0
329 91 182 0 0
330 92 182 0 0
331 91 182 0 0
332 91 181 0 0
333 92 181 0 0
334 91 181 0 0
335 92 181 0 0
336 91 181 0 0
337 91 180 0 0
338 92 180 0 0
339 91 180 0 0
340 92 180 0 0
341 91 180 0 0
342 91 179 0 0
343 92 179 0 0
344 91 179 0 0
345 90 179 0 0
346 90 178 0 0
347 91 178 0 0
348 90 178 0 0
349 91 178 0 0
350 90 178 0 0
351 90 177 0 0
352 91 177 0 0
353 90 177 0 0
354 91 177 0 0
355 90 177 0 0
356 90 176 0 0
357 91 176 0 0
358 90 176 0 0
359 91 176 0 0
360 90 176 0 0
361 91 176 0 0
362 90 176 0 0
363 90 175 0 0
364 91 175 0 0
365 90 175 0 0
366 91 175 0 0
367 90 175 0 0
368 90 174 0 0
369 91 174 0 0
370 90 174 0 0
371 91 174 0 0
372 90 174 0 0
373 90 173 0 0
374 91 173 0 0
375 90 173 0 0
376 91 173 0 0
377 90 173 0 0
378 90 172 0 0
379 91 172 0 0
380 90 172 0 0
381 91 172 0 0
382 90 172 0 0
383 90 171 0 0
384 91 171 0 0
385 90 171 0 0
386 91 171 0 0
387 90 171 0 0
388 90 170 0 0
389 91 170 0 0
390 90 170 0 0
391 91 170 0 0
392 90 170 0 0
393 90 169 0 0
394 91 169 0 0
395 90 169 0 0
396 91 169 0 0
397 90 169 0 0
398 91 169 0 0
399 90 169 0 0
400 90 168 0 0
401 91 168 0 0
402 90 168 0 0
403 91 168 0 0
404 90 168 0 0
405 90 167 0 0
406 91 167 0 0
407 90 167 0 0
408 91 167 0 0
409 90 167 0 0
410 90 166 0 0
411 91 166 0 0
412 90 166 0 0
413 91 166 0 0
414 90 166 0 0
415 90 165 0 0
416 91 165 0 0
417 90 165 0 0
418 89 165 0 0
419 89 164 0 0
420 90 164 0 0
421 89 164 0 0
422 90 164 0 0
423 89 164 0 0
424 89 163 0 0
425 90 163 0 0
426 89 163 0 0
427 90 163 0 0
428 89 163 0 0
429 89 162 0 0
430 90 162 0 0
431 89 162 0 0
432 90 162 0 0
433 89 162 0 0
434 90 162 0 0
435 89 162 0 0
436 89 161 0 0
437 90 161 0 0
438 89 161 0 0
439 90 161 0 0
440 89 161 0 0
441 89 160 0 0
442 90 160 0 0
443 89 160 0 0
444 90 160 0 0
445 89 160 0 0
446 89 159 0 0
447 90 159 0 0
448 89 159 0 0
449 90 159 0 0
450 89 159 0 0
451 89 158 0 0
452 90 158 0 0
453 89 158 0 0
454 90 158 0 0
455 89 158 0 0
456 90 158 0 0
457 89 158 0 0
458 89 157 0 0
459 90 157 0 0
460 89 157 0 0
461 90 157 0 0
462 89 157 0 0
463 89 156 0 0
464 90 156 0 0
465 89 156 0 0
466 90 156 0 0
467 89 156 0 0
468 89 155 0 0
469 90 155 0 0
470 89 155 0 0
471 90 155 0 0
472 89 155 0 0
473 89 154 0 0
474 90 154 0 0
475 89 154 0 0
476 90 154 0 0
477 89 154 0 0
478 90 154 0 0
479 89 154 0 0
480 89 153 0 0
481 90 153 0 0
482 89 153 0 0
483 90 153 0 0
484 89 153 0 0
485 89 152 0 0
486 90 152 0 0
487 89 152 0 0
488 88 152 0 0
489 88 151 0 0
490 89 151 0 0
491 88 151 0 0
492 89 151 0 0
493 88 151 0 0
494 88 150 0 0
495 89 150 0 0
496 88 150 0 0
497 89 150 0 0
498 88 150 0 0
499 89 150 0 0
500 88 150 0 0
501 88 149 0 0
502 89 149 0 0
503 88 149 0 0
504 89 149 0 0
505 88 149 0 0
506 88 148 0 0
507 89 148 0 0
508 88 148 0 0
509 89 148 0 0
510 88 148 0 0
511 88 147 0 0
512 89 147 0 0
513 88 147 0 0
514 89 147 0 0
515 88 147 0 0
516 88 146 0 0
517 89 146 0 0
518 88 146 0 0
519 89 146 0 0
520 88 146 0 0
521 89 146 0 0
522 88 146 0 0
523 88 145 0 0
524 89 145 0 0
525 88 145 0 0
526 89 145 0 0
527 88 145 0 0
528 88 144 0 0
529 89 144 0 0
530 88 144 0 0
531 89 144 0 0
532 88 144 0 0
533 88 143 0 0
534 89 143 0 0
535 88 143 0 0
536 89 143 0 0
537 88 143 0 0
538 88 142 0 0
539 89 142 0 0
540 88 142 0 0
541 89 142 0 0
542 88 142 0 0
543 87 142 0 0
544 87 141 0 0
545 88 141 0 0
546 87 141 0 0
547 88 141 0 0
548 87 141 0 0
549 87 140 0 0
550 88 140 0 0
551 87 140 0 0
552 88 140 0 0
553 87 140 0 0
554 87 139 0 0
555 88 139 0 0
556 87 139 0 0
557 88 139 0 0
558 87 139 0 0
559 87 138 0 0
560 88 138 0 0
561 87 138 0 0
562 88 138 0 0
563 87 138 0 0
564 87 137 0 0
565 88 137 0 0
566 87 137 0 0
567 88 137 0 0
568 87 137 0 0
569 87 136 0 0
570 88 136 0 0
571 87 136 0 0
572 86 136 0 0
573 86 135 0 0
574 87 135 0 0
575 86 135 0 0
576 87 135 0 0
577 86 135 0 0
578 86 134 0 0
579 87 134 0 0
580 86 134 0 0
581 87 134 0 0
582 86 134 0 0
583 86 133 0 0
584 87 133 0 0
585 86 133 0 0
586 87 133 0 0
587 86 133 0 0
588 86 132 0 0
589 87 132 0 0
590 86 132 0 0
591 87 132 0 0
592 86 132 0 0
593 86 131 0 0
594 85 131 0 0
595 86 131 0 0
596 85 131 0 0
597 85 130 0 0
598 86 130 0 0
599 85 130 0 0
600 86 130 0 0
601 85 130 0 0
602 85 129 0 0
603 86 129 0 0
604 85 129 0 0
605 86 129 0 0
606 85 129 0 0
607 85 128 0 0
608 86 128 0 0
609 85 128 0 0
610 86 128 0 0
611 85 128 0 0
612 85 127 0 0
613 86 127 0 0
614 85 127 0 0
615 86 127 0 0
616 85 127 0 0
617 86 127 0 0
618 85 127 0 0
619 85 126 0 0
620 84 126 0 0
621 85 126 0 0
622 84 126 0 0
623 85 126 0 0
624 84 126 0 0
625 84 125 0 0
626 85 125 0 0
627 84 125 0 0
628 85 125 0 0
629 84 125 0 0
630 84 124 0 0
631 85 124 0 0
632 84 124 0 0
633 83 124 0 0
634 84 124 0 0
635 83 124 0 0
636 83 123 0 0
637 84 123 0 0
638 83 123 0 0
639 84 123 0 0
640 83 123 0 0
641 84 123 0 0
642 83 123 0 0
643 83 122 0 0
644 84 122 0 0
645 83 122 0 0
646 82 122 0 0
647 83 122 0 0
648 82 122 0 0
649 82 121 0 0
650 83 121 0 0
651 82 121 0 0
652 83 121 0 0
653 82 121 0 0
654 83 121 0 0
655 82 121 0 0
656 82 120 0 0
657 83 120 0 0
658 82 120 0 0
659 81 120 0 0
660 81 119 0 0
661 82 119 0 0
662 81 119 0 0
663 82 119 0 0
664 81 119 0 0
665 82 119 0 0
666 81 119 0 0
667 81 118 0 0
668 82 118 0 0
669 81 118 0 0
670 82 118 0 0
671 81 118 0 0
672 80 118 0 0
673 80 117 0 0
674 81 117 0 0
675 80 117 0 0
676 81 117 0 0
677 80 117 0 0
678 81 117 0 0
679 80 117 0 0
680 80 116 0 0
681 81 116 0 0
682 80 116 0 0
683 81 116 0 0
684 80 116 0 0
685 79 116 0 0
686 79 115 0 0
687 80 115 0 0
688 79 115 0 0
689 80 115 0 0
690 79 115 0 0
691 79 114 0 0
692 80 114 0 0
693 79 114 0 0
694 80 114 0 0
695 79 114 0 0
696 80 114 0 0
697 79 114 0 0
698 79 113 0 0
699 78 113 0 0
700 79 113 0 0
701 78 113 0 0
702 79 113 0 0
703 78 113 0 0
704 78 112 0 0
705 77 112 0 0
706 78 112 0 0
707 77 112 0 0
708 78 112 0 0
709 77 112 0 0
710 76 112 0 0
711 76 111 0 0
712 77 111 0 0
713 76 111 0 0
714 75 111 0 0
715 76 111 0 0
716 75 111 0 0
717 75 110 0 0
718 74 110 0 0
719 75 110 0 0
720 74 110 0 0
721 75 110 0 0
722 74 110 0 0
723 73 110 0 0
724 73 109 0 0
725 74 109 0 0
726 73 109 0 0
727 72 109 0 0
728 73 109 0 0
729 72 109 0 0
730 73 109 0 0
731 72 109 0 0
732 72 108 0 0
733 71 108 0 0
734 72 108 0 0
735 71 108 0 0
736 70 108 0 0
737 70 107 0 0
738 71 107 0 0
739 70 107 0 0
740 69 107 0 0
741 70 107 0 0
742 69 107 0 0
743 70 107 0 0
744 69 107 0 0
745 69 106 0 0
746 68 106 0 0
747 69 106 0 0
748 68 106 0 0
749 69 106 0 0
750 68 106 0 0
751 67 106 0 0
752 68 106 0 0
753 67 106 0 0
754 66 106 0 0
755 67 106 0 0
756 66 106 0 0
757 65 106 0 0
758 66 106 0 0
759 65 106 0 0
760 64 106 0 0
761 64 105 0 0
762 65 105 0 0
763 64 105 0 0
764 63 105 0 0
765 64 105 0 0
766 63 105 0 0
767 62 105 0 0
768 63 105 0 0
769 62 105 0 0
770 63 105 0 0
771 62 105 0 0
772 61 105 0 0
773 62 105 0 0
774 61 105 0 0
775 60 105 0 0
776 61 105 0 0
777 60 105 0 0
778 59 105 0 0
779 60 105 0 0
780 59 105 0 0
781 58 105 0 0
782 59 105 0 0
783 58 105 0 0
784 57 105 0 0
785 58 105 0 0
786 57 105 0 0
787 57 104 0 0
788 58 104 0 0
789 57 104 0 0
790 56 104 0 0
791 55 104 0 0
792 56 104 0 0
793 55 104 0 0
794 56 104 0 0
795 55 104 0 0
796 54 104 0 0
797 55 104 0 0
798 54 104 0 0
799 53 104 0 0
800 54 104 0 0
801 53 104 0 0
802 52 104 0 0
803 53 104 0 0
804 52 104 0 0
805 51 104 0 0
806 52 104 0 0
807 51 104 0 0
808 50 104 0 0
809 51 104 0 0
810 50 104 0 0
811 49 104 0 0
812 50 104 0 0
813 49 104 0 0
814 48 104 0 0
815 49 104 0 0
816 48 104 0 0
817 47 104 0 0
818 46 104 0 0
819 47 104 0 0
820 46 104 0 0
821 45 104 0 0
822 46 104 0 0
823 45 104 0 0
824 44 104 0 0
825 45 104 0 0
826 44 104 0 0
827 43 104 0 0
828 42 104 0 0
829 43 104 0 0
830 42 104 0 0
831 41 104 0 0
832 42 104 0 0
833 41 104 0 0
834 42 104 0 0
835 41 104 0 0
836 40 104 0 0
837 39 104 0 0
838 40 104 0 0
839 39 104 0 0
840 40 104 0 0
841 39 104 0 0
842 38 104 0 0
843 37 104 0 0
844 38 104 0 0
845 37 104 0 0
846 38 104 0 0
847 37 104 0 0
848 36 104 0 0
849 35 104 0 0
850 36 104 0 0
851 35 104 0 0
852 36 104 0 0
853 35 104 0 0
854 34 104 0 0
855 35 104 0 0
856 34 104 0 0
857 33 104 0 0
858 32 104 0 0
859 33 104 0 0
860 32 104 0 0
861 33 104 0 0
862 32 104 0 0
863 31 104 0 0
864 30 104 0 0
865 31 104 0 0
866 30 104 0 0
867 31 104 0 0
868 30 104 0 0
869 29 104 0 0
870 30 104 0 0
871 29 104 0 0
872 28 104 0 0
873 29 104 0 0
874 28 104 0 0
875 27 104 0 0
876 28 104 0 0
877 27 104 0 0
878 26 104 0 0
879 27 104 0 0
880 26 104 0 0
881 25 104 0 0
882 24 104 0 0
883 25 104 0 0
884 24 104 0 0
885 23 104 0 0
886 24 104 0 0
887 23 104 0 0
888 22 104 0 0
889 23 104 0 0
890 22 104 0 0
891 21 104 0 0
892 22 104 0 0
893 21 104 0 0
894 20 104 0 0
895 21 104 0 0
896 20 104 0 0
897 19 104 0 0
898 20 104 0 0
899 19 104 0 0
900 18 104 0 0
901 18 103 0 0
902 19 103 0 0
903 18 103 0 0
904 17 103 0 0
905 18 103 0 0
906 17 103 0 0
907 16 103 0 0
908 15 103 0 0
909 16 103 0 0
910 15 103 0 0
911 16 103 0 0
912 15 103 0 0
913 14 103 0 0
914 15 103 0 0
915 14 103 0 0
916 13 103 0 0
917 14 103 0 0
918 13 103 0 0
919 12 103 0 0
920 13 103 0 0
921 12 103 0 0
922 11 103 0 0
923 12 103 0 0
924 11 103 0 0
925 10 103 0 0
926 11 103 0 0
927 10 103 0 0
928 9 103 0 0
929 10 103 0 0
930 9 103 0 0
