0 189 104 0 0
1 190 104 0 0
2 189 104 0 0
3 188 104 0 0
4 189 104 0 0
5 188 104 0 0
6 187 104 0 0
7 188 104 0 0
8 187 104 0 0
9 186 104 0 0
10 187 104 0 0
11 186 104 0 0
12 185 104 0 0
13 186 104 0 0
14 185 104 0 0
15 184 104 0 0
16 185 104 0 0
17 184 104 0 0
18 183 104 0 0
19 184 104 0 0
20 183 104 0 0
21 182 104 0 0
22 183 104 0 0
23 182 104 0 0
24 181 104 0 0
25 182 104 0 0
26 181 104 0 0
27 180 104 0 0
28 181 104 0 0
29 180 104 0 0
30 179 104 0 0
31 179 105 0 0
32 180 105 0 0
33 179 105 0 0
34 180 105 0 0
35 179 105 0 0
36 178 105 0 0
37 179 105 0 0
38 178 105 0 0
39 177 105 0 0
40 178 105 0 0
41 177 105 0 0
42 178 105 0 0
43 177 105 0 0
44 176 105 0 0
45 177 105 0 0
46 176 105 0 0
47 175 105 0 0
48 176 105 0 0
49 175 105 0 0
50 176 105 0 0
51 175 105 0 0
52 174 105 0 0
53 175 105 0 0
54 174 105 0 0
55 175 105 0 0
56 174 105 0 0
57 173 105 0 0
58 174 105 0 0
59 173 105 0 0
60 172 105 0 0
61 173 105 0 0
62 172 105 0 0
63 173 105 0 0
64 172 105 0 0
65 171 105 0 0
66 172 105 0 0
67 171 105 0 0
68 171 106 0 0
69 170 106 0 0
70 171 106 0 0
71 170 106 0 0
72 169 106 0 0
73 170 106 0 0
74 169 106 0 0
75 169 107 0 0
76 170 107 0 0
77 169 107 0 0
78 168 107 0 0
79 169 107 0 0
80 168 107 0 0
81 169 107 0 0
82 168 107 0 0
83 167 107 0 0
84 167 108 0 0
85 168 108 0 0
86 167 108 0 0
87 166 108 0 0
88 167 108 0 0
89 166 108 0 0
90 165 108 0 0
91 165 109 0 0
92 166 109 0 0
93 165 109 0 0
94 164 109 0 0
95 165 109 0 0
96 164 109 0 0
97 165 109 0 0
98 164 109 0 0
99 163 109 0 0
100 164 109 0 0
101 163 109 0 0
102 164 109 0 0
103 163 109 0 0
104 162 109 0 0
105 163 109 0 0
106 162 109 0 0
107 162 108 0 0
108 163 108 0 0
109 162 108 0 0
110 163 108 0 0
111 162 108 0 0
112 161 108 0 0
113 162 108 0 0
114 161 108 0 0
115 162 108 0 0
116 161 108 0 0
117 161 107 0 0
118 162 107 0 0
119 161 107 0 0
120 161 108 0 0
121 160 108 0 0
122 161 108 0 0
123 160 108 0 0
124 159 108 0 0
125 160 108 0 0
126 159 108 0 0
127 158 108 0 0
128 159 108 0 0
129 158 108 0 0
130 157 108 0 0
131 158 108 0 0
132 157 108 0 0
133 158 108 0 0
134 157 108 0 0
135 156 108 0 0
136 156 109 0 0
137 157 109 0 0
138 156 109 0 0
139 155 109 0 0
140 156 109 0 0
141 155 109 0 0
142 156 109 0 0
143 155 109 0 0
144 154 109 0 0
145 155 109 0 0
146 154 109 0 0
147 153 109 0 0
148 154 109 0 0
149 153 109 0 0
150 152 109 0 0
151 153 109 0 0
152 152 109 0 0
153 153 109 0 0
154 152 109 0 0
155 151 109 0 0
156 152 109 0 0
157 151 109 0 0
158 150 109 0 0
159 151 109 0 0
160 150 109 0 0
161 151 109 0 0
162 150 109 0 0
163 151 109 0 0
164 150 109 0 0
165 149 109 0 0
166 150 109 0 0
167 149 109 0 0
168 150 109 0 0
169 149 109 0 0
170 148 109 0 0
171 149 109 0 0
172 148 109 0 0
173 149 109 0 0
174 148 109 0 0
175 147 109 0 0
176 148 109 0 0
177 147 109 0 0
178 148 109 0 0
179 147 109 0 0
180 146 109 0 0
181 147 109 0 0
182 146 109 0 0
183 147 109 0 0
184 146 109 0 0
185 145 109 0 0
186 146 109 0 0
187 145 109 0 0
188 146 109 0 0
189 145 109 0 0
190 144 109 0 0
191 145 109 0 0
192 144 109 0 0
193 145 109 0 0
194 144 109 0 0
195 144 108 0 0
196 143 108 0 0
197 144 108 0 0
198 143 108 0 0
199 144 108 0 0
200 143 108 0 0
201 142 108 0 0
202 143 108 0 0
203 142 108 0 0
204 143 108 0 0
205 142 108 0 0
206 141 108 0 0
207 142 108 0 0
208 141 108 0 0
209 142 108 0 0
210 141 108 0 0
211 140 108 0 0
212 141 108 0 0
213 140 108 0 0
214 141 108 0 0
215 140 108 0 0
216 139 108 0 0
217 140 108 0 0
218 139 108 0 0
219 140 108 0 0
220 139 108 0 0
221 138 108 0 0
222 139 108 0 0
223 138 108 0 0
224 139 108 0 0
225 138 108 0 0
226 137 108 0 0
227 138 108 0 0
228 137 108 0 0
229 138 108 0 0
230 137 108 0 0
231 136 108 0 0
232 137 108 0 0
233 136 108 0 0
234 137 108 0 0
235 136 108 0 0
236 135 108 0 0
237 136 108 0 0
238 135 108 0 0
239 136 108 0 0
240 135 108 0 0
241 134 108 0 0
242 135 108 0 0
243 134 108 0 0
244 133 108 0 0
245 134 108 0 0
246 133 108 0 0
247 134 108 0 0
248 133 108 0 0
249 132 108 0 0
250 133 108 0 0
251 132 108 0 0
252 133 108 0 0
253 132 108 0 0
254 131 108 0 0
255 132 108 0 0
256 131 108 0 0
257 132 108 0 0
258 131 108 0 0
259 130 108 0 0
260 131 108 0 0
261 130 108 0 0
262 131 108 0 0
263 130 108 0 0
264 130 109 0 0
265 129 109 0 0
266 130 109 0 0
267 129 109 0 0
268 130 109 0 0
269 129 109 0 0
270 128 109 0 0
271 129 109 0 0
272 128 109 0 0
273 127 109 0 0
274 127 110 0 0
275 128 110 0 0
276 127 110 0 0
277 128 110 0 0
278 127 110 0 0
279 126 110 0 0
280 127 110 0 0
281 126 110 0 0
282 127 110 0 0
283 126 110 0 0
284 125 110 0 0
285 125 111 0 0
286 126 111 0 0
287 125 111 0 0
288 126 111 0 0
289 125 111 0 0
290 124 111 0 0
291 125 111 0 0
292 124 111 0 0
293 125 111 0 0
294 124 111 0 0
295 123 111 0 0
296 124 111 0 0
297 123 111 0 0
298 123 112 0 0
299 124 112 0 0
300 123 112 0 0
301 122 112 0 0
302 123 112 0 0
303 122 112 0 0
304 123 112 0 0
305 122 112 0 0
306 121 112 0 0
307 122 112 0 0
308 121 112 0 0
309 121 113 0 0
310 122 113 0 0
311 121 113 0 0
312 120 113 0 0
313 121 113 0 0
314 120 113 0 0
315 121 113 0 0
316 120 113 0 0
317 119 113 0 0
318 120 113 0 0
319 119 113 0 0
320 119 114 0 0
321 120 114 0 0
322 119 114 0 0
323 118 114 0 0
324 119 114 0 0
325 118 114 0 0
326 119 114 0 0
327 118 114 0 0
328 117 114 0 0
329 118 114 0 0
330 117 114 0 0
331 116 114 0 0
332 117 114 0 0
333 116 114 0 0
334 117 114 0 0
335 116 114 0 0
336 115 114 0 0
337 116 114 0 0
338 115 114 0 0
339 114 114 0 0
340 115 114 0 0
341 114 114 0 0
342 115 114 0 0
343 114 114 0 0
344 113 114 0 0
345 114 114 0 0
346 113 114 0 0
347 112 114 0 0
348 113 114 0 0
349 112 114 0 0
350 113 114 0 0
351 112 114 0 0
352 111 114 0 0
353 112 114 0 0
354 111 114 0 0
355 112 114 0 0
356 111 114 0 0
357 110 114 0 0
358 111 114 0 0
359 110 114 0 0
360 109 114 0 0
361 110 114 0 0
362 109 114 0 0
363 110 114 0 0
364 109 114 0 0
365 108 114 0 0
366 109 114 0 0
367 108 114 0 0
368 107 114 0 0
369 108 114 0 0
370 107 114 0 0
371 108 114 0 0
372 107 114 0 0
373 106 114 0 0
374 107 114 0 0
375 106 114 0 0
376 105 114 0 0
377 106 114 0 0
378 105 114 0 0
379 106 114 0 0
380 105 114 0 0
381 104 114 0 0
382 105 114 0 0
383 104 114 0 0
384 105 114 0 0
385 104 114 0 0
386 103 114 0 0
387 104 114 0 0
388 103 114 0 0
389 102 114 0 0
390 103 114 0 0
391 102 114 0 0
392 103 114 0 0
393 102 114 0 0
394 102 113 0 0
395 103 113 0 0
396 102 113 0 0
397 101 113 0 0
398 102 113 0 0
399 101 113 0 0
400 102 113 0 0
401 101 113 0 0
402 102 113 0 0
403 101 113 0 0
404 100 113 0 0
405 101 113 0 0
406 100 113 0 0
407 100 112 0 0
408 101 112 0 0
409 100 112 0 0
410 99 112 0 0
411 100 112 0 0
412 99 112 0 0
413 100 112 0 0
414 99 112 0 0
415 98 112 0 0
416 99 112 0 0
417 98 112 0 0
418 98 111 0 0
419 99 111 0 0
420 98 111 0 0
421 97 111 0 0
422 98 111 0 0
423 97 111 0 0
424 98 111 0 0
425 97 111 0 0
426 98 111 0 0
427 97 111 0 0
428 96 111 0 0
429 97 111 0 0
430 96 111 0 0
431 96 110 0 0
432 97 110 0 0
433 96 110 0 0
434 97 110 0 0
435 96 110 0 0
436 95 110 0 0
437 96 110 0 0
438 95 110 0 0
439 95 109 0 0
440 94 109 0 0
441 95 109 0 0
442 94 109 0 0
443 94 108 0 0
444 95 108 0 0
445 94 108 0 0
446 93 108 0 0
447 93 107 0 0
448 94 107 0 0
449 93 107 0 0
450 94 107 0 0
451 93 107 0 0
452 93 106 0 0
453 92 106 0 0
454 93 106 0 0
455 92 106 0 0
456 92 105 0 0
457 93 105 0 0
458 92 105 0 0
459 91 105 0 0
460 91 104 0 0
461 92 104 0 0
462 91 104 0 0
463 92 104 0 0
464 91 104 0 0
465 91 103 0 0
466 90 103 0 0
467 91 103 0 0
468 90 103 0 0
469 90 102 0 0
470 91 102 0 0
471 90 102 0 0
472 89 102 0 0
473 89 101 0 0
474 90 101 0 0
475 89 101 0 0
476 90 101 0 0
477 89 101 0 0
478 89 100 0 0
479 88 100 0 0
480 89 100 0 0
481 88 100 0 0
482 89 100 0 0
483 88 100 0 0
484 88 99 0 0
485 89 99 0 0
486 88 99 0 0
487 89 99 0 0
488 88 99 0 0
489 89 99 0 0
490 88 99 0 0
491 88 98 0 0
492 89 98 0 0
493 88 98 0 0
494 89 98 0 0
495 88 98 0 0
496 88 97 0 0
497 89 97 0 0
498 88 97 0 0
499 89 97 0 0
500 88 97 0 0
501 89 97 0 0
502 88 97 0 0
503 88 96 0 0
504 89 96 0 0
505 88 96 0 0
506 89 96 0 0
507 88 96 0 0
508 88 95 0 0
509 89 95 0 0
510 88 95 0 0
511 89 95 0 0
512 88 95 0 0
513 89 95 0 0
514 88 95 0 0
515 88 94 0 0
516 89 94 0 0
517 88 94 0 0
518 89 94 0 0
519 88 94 0 0
520 88 93 0 0
521 89 93 0 0
522 88 93 0 0
523 89 93 0 0
524 88 93 0 0
525 89 93 0 0
526 88 93 0 0
527 88 92 0 0
528 89 92 0 0
529 88 92 0 0
530 89 92 0 0
531 88 92 0 0
532 88 91 0 0
533 89 91 0 0
534 88 91 0 0
535 89 91 0 0
536 88 91 0 0
537 89 91 0 0
538 88 91 0 0
539 88 90 0 0
540 89 90 0 0
541 88 90 0 0
542 89 90 0 0
543 88 90 0 0
544 88 89 0 0
545 89 89 0 0
546 88 89 0 0
547 89 89 0 0
548 88 89 0 0
549 89 89 0 0
550 88 89 0 0
551 88 88 0 0
552 89 88 0 0
553 88 88 0 0
554 89 88 0 0
555 88 88 0 0
556 88 87 0 0
557 89 87 0 0
558 88 87 0 0
559 89 87 0 0
560 88 87 0 0
561 88 86 0 0
562 89 86 0 0
563 88 86 0 0
564 89 86 0 0
565 88 86 0 0
566 88 85 0 0
567 89 85 0 0
568 88 85 0 0
569 89 85 0 0
570 88 85 0 0
571 88 84 0 0
572 89 84 0 0
573 88 84 0 0
574 89 84 0 0
575 88 84 0 0
576 88 83 0 0
577 89 83 0 0
578 88 83 0 0
579 89 83 0 0
580 88 83 0 0
581 88 82 0 0
582 89 82 0 0
583 88 82 0 0
584 89 82 0 0
585 88 82 0 0
586 88 81 0 0
587 89 81 0 0
588 88 81 0 0
589 89 81 0 0
590 88 81 0 0
591 88 80 0 0
592 89 80 0 0
593 88 80 0 0
594 89 80 0 0
595 88 80 0 0
596 88 79 0 0
597 89 79 0 0
598 88 79 0 0
599 89 79 0 0
600 88 79 0 0
601 89 79 0 0
602 88 79 0 0
603 88 78 0 0
604 89 78 0 0
605 88 78 0 0
606 89 78 0 0
607 88 78 0 0
608 89 78 0 0
609 88 78 0 0
610 88 77 0 0
611 89 77 0 0
612 88 77 0 0
613 89 77 0 0
614 88 77 0 0
615 89 77 0 0
616 88 77 0 0
617 88 76 0 0
618 89 76 0 0
619 88 76 0 0
620 89 76 0 0
621 88 76 0 0
622 89 76 0 0
623 88 76 0 0
624 88 75 0 0
625 89 75 0 0
626 88 75 0 0
627 89 75 0 0
628 89 74 0 0
629 90 74 0 0
630 89 74 0 0
631 90 74 0 0
632 89 74 0 0
633 90 74 0 0
634 89 74 0 0
635 89 73 0 0
636 90 73 0 0
637 89 73 0 0
638 90 73 0 0
639 89 73 0 0
640 89 72 0 0
641 90 72 0 0
642 89 72 0 0
643 90 72 0 0
644 89 72 0 0
645 90 72 0 0
646 89 72 0 0
647 89 71 0 0
648 90 71 0 0
649 91 71 0 0
650 90 71 0 0
651 90 70 0 0
652 91 70 0 0
653 90 70 0 0
654 91 70 0 0
655 90 70 0 0
656 90 69 0 0
657 91 69 0 0
658 90 69 0 0
659 91 69 0 0
660 90 69 0 0
661 91 69 0 0
662 90 69 0 0
663 90 68 0 0
664 91 68 0 0
665 90 68 0 0
666 91 68 0 0
667 90 68 0 0
668 90 67 0 0
669 91 67 0 0
670 90 67 0 0
671 91 67 0 0
672 90 67 0 0
673 90 66 0 0
674 91 66 0 0
675 90 66 0 0
676 91 66 0 0
677 92 66 0 0
678 91 66 0 0
679 91 65 0 0
680 92 65 0 0
681 91 65 0 0
682 92 65 0 0
683 91 65 0 0
684 91 64 0 0
685 92 64 0 0
686 91 64 0 0
687 92 64 0 0
688 91 64 0 0
689 91 63 0 0
690 92 63 0 0
691 91 63 0 0
692 92 63 0 0
693 91 63 0 0
694 92 63 0 0
695 91 63 0 0
696 91 62 0 0
697 92 62 0 0
698 93 62 0 0
699 92 62 0 0
700 92 61 0 0
701 93 61 0 0
702 92 61 0 0
703 93 61 0 0
704 92 61 0 0
705 92 60 0 0
706 93 60 0 0
707 92 60 0 0
708 93 60 0 0
709 92 60 0 0
710 93 60 0 0
711 92 60 0 0
712 92 59 0 0
713 93 59 0 0
714 92 59 0 0
715 93 59 0 0
716 92 59 0 0
717 92 58 0 0
718 93 58 0 0
719 92 58 0 0
720 93 58 0 0
721 92 58 0 0
722 93 58 0 0
723 92 58 0 0
724 92 57 0 0
725 93 57 0 0
726 92 57 0 0
727 93 57 0 0
728 92 57 0 0
729 92 56 0 0
730 93 56 0 0
731 92 56 0 0
732 93 56 0 0
733 92 56 0 0
734 93 56 0 0
735 92 56 0 0
736 92 55 0 0
737 93 55 0 0
738 92 55 0 0
739 93 55 0 0
740 92 55 0 0
741 92 54 0 0
742 93 54 0 0
743 92 54 0 0
744 93 54 0 0
745 92 54 0 0
746 93 54 0 0
747 92 54 0 0
748 92 53 0 0
749 93 53 0 0
750 92 53 0 0
751 93 53 0 0
752 92 53 0 0
753 92 52 0 0
754 93 52 0 0
755 92 52 0 0
756 93 52 0 0
757 92 52 0 0
758 93 52 0 0
759 92 52 0 0
760 92 51 0 0
761 93 51 0 0
762 92 51 0 0
763 93 51 0 0
764 92 51 0 0
765 92 50 0 0
766 93 50 0 0
767 92 50 0 0
768 93 50 0 0
769 92 50 0 0
770 93 50 0 0
771 92 50 0 0
772 92 49 0 0
773 93 49 0 0
774 92 49 0 0
775 93 49 0 0
776 93 48 0 0
777 94 48 0 0
778 93 48 0 0
779 94 48 0 0
780 93 48 0 0
781 94 48 0 0
782 93 48 0 0
783 93 47 0 0
784 94 47 0 0
785 93 47 0 0
786 94 47 0 0
787 93 47 0 0
788 93 46 0 0
789 94 46 0 0
790 93 46 0 0
791 94 46 0 0
792 93 46 0 0
793 94 46 0 0
794 93 46 0 0
795 93 45 0 0
796 94 45 0 0
797 93 45 0 0
798 94 45 0 0
799 93 45 0 0
800 93 44 0 0
801 94 44 0 0
802 93 44 0 0
803 94 44 0 0
804 93 44 0 0
805 94 44 0 0
806 93 44 0 0
807 93 43 0 0
808 94 43 0 0
809 93 43 0 0
810 94 43 0 0
811 93 43 0 0
812 93 42 0 0
813 94 42 0 0
814 93 42 0 0
815 94 42 0 0
816 93 42 0 0
817 93 41 0 0
818 94 41 0 0
819 93 41 0 0
820 94 41 0 0
821 93 41 0 0
822 94 41 0 0
823 93 41 0 0
824 93 40 0 0
825 94 40 0 0
826 93 40 0 0
827 94 40 0 0
828 93 40 0 0
829 93 39 0 0
830 94 39 0 0
831 93 39 0 0
832 94 39 0 0
833 93 39 0 0
834 93 38 0 0
835 94 38 0 0
836 93 38 0 0
837 94 38 0 0
838 93 38 0 0
839 94 38 0 0
840 93 38 0 0
841 93 37 0 0
842 94 37 0 0
843 93 37 0 0
844 94 37 0 0
845 93 37 0 0
846 93 36 0 0
847 94 36 0 0
848 93 36 0 0
849 94 36 0 0
850 93 36 0 0
851 93 35 0 0
852 94 35 0 0
853 93 35 0 0
854 94 35 0 0
855 93 35 0 0
856 94 35 0 0
857 93 35 0 0
858 93 34 0 0
859 94 34 0 0
860 93 34 0 0
861 94 34 0 0
862 93 34 0 0
863 93 33 0 0
864 94 33 0 0
865 93 33 0 0
866 94 33 0 0
867 93 33 0 0
868 93 32 0 0
869 94 32 0 0
870 93 32 0 0
871 94 32 0 0
872 93 32 0 0
873 94 32 0 0
874 93 32 0 0
875 93 31 0 0
876 94 31 0 0
877 93 31 0 0
878 94 31 0 0
879 93 31 0 0
880 93 30 0 0
881 94 30 0 0
882 93 30 0 0
883 94 30 0 0
884 93 30 0 0
885 93 29 0 0
886 94 29 0 0
887 93 29 0 0
888 94 29 0 0
889 93 29 0 0
890 93 28 0 0
891 94 28 0 0
892 93 28 0 0
893 94 28 0 0
894 95 28 0 0
895 94 28 0 0
896 94 27 0 0
897 95 27 0 0
898 94 27 0 0
899 95 27 0 0
900 94 27 0 0
901 94 26 0 0
902 95 26 0 0
903 94 26 0 0
904 95 26 0 0
905 94 26 0 0
906 94 25 0 0
907 95 25 0 0
908 94 25 0 0
909 95 25 0 0
910 94 25 0 0
911 94 24 0 0
912 95 24 0 0
913 94 24 0 0
914 95 24 0 0
915 94 24 0 0
916 94 23 0 0
917 95 23 0 0
918 94 23 0 0
919 95 23 0 0
920 94 23 0 0
921 95 23 0 0
922 94 23 0 0
923 95 23 0 0
924 94 23 0 0
925 94 22 0 0
926 95 22 0 0
927 94 22 0 0
928 95 22 0 0
929 94 22 0 0
930 94 21 0 0
931 95 21 0 0
932 94 21 0 0
933 94 20 0 0
934 95 20 0 0
935 94 20 0 0
936 95 20 0 0
937 94 20 0 0
938 94 19 0 0
939 95 19 0 0
940 94 19 0 0
941 95 19 0 0
942 94 19 0 0
943 94 18 0 0
944 95 18 0 0
945 94 18 0 0
946 95 18 0 0
947 94 18 0 0
948 94 17 0 0
949 95 17 0 0
950 94 17 0 0
951 95 17 0 0
952 94 17 0 0
953 94 16 0 0
954 95 16 0 0
955 94 16 0 0
956 95 16 0 0
957 94 16 0 0
958 95 16 0 0
959 94 16 0 0
960 94 15 0 0
961 95 15 0 0
962 94 15 0 0
