0 1 84 0 0
1 2 84 0 0
2 2 85 0 0
3 3 85 0 0
4 4 85 0 0
5 5 85 0 0
6 6 85 0 0
7 7 85 0 0
8 7 84 0 0
9 8 84 0 0
10 9 84 0 0
11 10 84 0 0
12 11 84 0 0
13 12 84 0 0
14 13 84 0 0
15 14 84 0 0
16 15 84 0 0
17 15 85 0 0
18 16 85 0 0
19 17 85 0 0
20 18 85 0 0
21 19 85 0 0
22 20 85 0 0
23 21 85 0 0
24 22 85 0 0
25 23 85 0 0
26 24 85 0 0
27 25 85 0 0
28 26 85 0 0
29 27 85 0 0
30 28 85 0 0
31 29 85 0 0
32 30 85 0 0
33 31 85 0 0
34 32 85 0 0
35 33 85 0 0
36 34 85 0 0
37 35 85 0 0
38 36 85 0 0
39 37 85 0 0
40 37 86 0 0
41 38 86 0 0
42 39 86 0 0
43 40 86 0 0
44 40 87 0 0
45 41 87 0 0
46 42 87 0 0
47 42 88 0 0
48 43 88 0 0
49 44 88 0 0
50 44 89 0 0
51 45 89 0 0
52 46 89 0 0
53 46 90 0 0
54 47 90 0 0
55 47 91 0 0
56 48 91 0 0
57 49 91 0 0
58 49 92 0 0
59 50 92 0 0
60 50 93 0 0
61 51 93 0 0
62 51 94 0 0
63 52 94 0 0
64 52 95 0 0
65 52 96 0 0
66 52 97 0 0
67 53 97 0 0
68 53 98 0 0
69 53 99 0 0
70 53 100 0 0
71 53 101 0 0
72 54 101 0 0
73 54 102 0 0
74 54 103 0 0
75 55 103 0 0
76 55 104 0 0
77 55 105 0 0
78 56 105 0 0
79 56 106 0 0
80 57 106 0 0
81 57 107 0 0
