0 1 81 0 0
1 2 81 0 0
2 1 81 0 0
3 2 81 0 0
4 3 81 0 0
5 2 81 0 0
6 3 81 0 0
7 4 81 0 0
8 3 81 0 0
9 4 81 0 0
10 3 81 0 0
11 4 81 0 0
12 3 81 0 0
13 4 81 0 0
14 4 82 0 0
15 5 82 0 0
16 4 82 0 0
17 5 82 0 0
18 4 82 0 0
19 5 82 0 0
20 4 82 0 0
21 5 82 0 0
22 6 82 0 0
23 5 82 0 0
24 6 82 0 0
25 5 82 0 0
26 6 82 0 0
27 7 82 0 0
28 8 82 0 0
29 7 82 0 0
30 8 82 0 0
31 9 82 0 0
32 10 82 0 0
33 9 82 0 0
34 10 82 0 0
35 11 82 0 0
36 10 82 0 0
37 11 82 0 0
38 12 82 0 0
39 11 82 0 0
40 12 82 0 0
41 13 82 0 0
42 12 82 0 0
43 13 82 0 0
44 14 82 0 0
45 13 82 0 0
46 13 83 0 0
47 14 83 0 0
48 15 83 0 0
49 16 83 0 0
50 15 83 0 0
51 16 83 0 0
52 17 83 0 0
53 16 83 0 0
54 17 83 0 0
55 18 83 0 0
56 17 83 0 0
57 18 83 0 0
58 19 83 0 0
59 20 83 0 0
60 19 83 0 0
61 20 83 0 0
62 21 83 0 0
63 22 83 0 0
64 21 83 0 0
65 22 83 0 0
66 23 83 0 0
67 22 83 0 0
68 22 84 0 0
69 23 84 0 0
70 24 84 0 0
71 25 84 0 0
72 24 84 0 0
73 25 84 0 0
74 26 84 0 0
75 25 84 0 0
76 26 84 0 0
77 27 84 0 0
78 28 84 0 0
79 27 84 0 0
80 28 84 0 0
81 29 84 0 0
82 28 84 0 0
83 29 84 0 0
84 30 84 0 0
85 30 85 0 0
86 31 85 0 0
87 30 85 0 0
88 31 85 0 0
89 32 85 0 0
90 33 85 0 0
91 32 85 0 0
92 33 85 0 0
93 34 85 0 0
94 35 85 0 0
95 34 85 0 0
96 35 85 0 0
97 36 85 0 0
98 37 85 0 0
99 38 85 0 0
100 37 85 0 0
101 38 85 0 0
102 39 85 0 0
103 38 85 0 0
104 39 85 0 0
105 40 85 0 0
106 41 85 0 0
107 40 85 0 0
108 41 85 0 0
109 42 85 0 0
110 43 85 0 0
111 42 85 0 0
112 42 86 0 0
113 43 86 0 0
114 44 86 0 0
115 45 86 0 0
116 44 86 0 0
117 45 86 0 0
118 46 86 0 0
119 47 86 0 0
120 46 86 0 0
121 47 86 0 0
122 48 86 0 0
123 49 86 0 0
124 48 86 0 0
125 49 86 0 0
126 50 86 0 0
127 49 86 0 0
128 50 86 0 0
129 51 86 0 0
130 52 86 0 0
131 51 86 0 0
132 52 86 0 0
133 52 87 0 0
134 53 87 0 0
135 54 87 0 0
136 53 87 0 0
137 54 87 0 0
138 55 87 0 0
139 56 87 0 0
140 55 87 0 0
141 56 87 0 0
142 57 87 0 0
143 56 87 0 0
144 57 87 0 0
145 58 87 0 0
146 59 87 0 0
147 58 87 0 0
148 59 87 0 0
149 60 87 0 0
150 61 87 0 0
151 60 87 0 0
152 61 87 0 0
153 62 87 0 0
154 63 87 0 0
155 62 87 0 0
156 63 87 0 0
157 64 87 0 0
158 63 87 0 0
159 63 88 0 0
160 64 88 0 0
161 65 88 0 0
162 66 88 0 0
163 65 88 0 0
164 66 88 0 0
165 67 88 0 0
166 66 88 0 0
167 67 88 0 0
168 68 88 0 0
169 67 88 0 0
170 68 88 0 0
171 69 88 0 0
172 70 88 0 0
173 69 88 0 0
174 70 88 0 0
175 71 88 0 0
176 70 88 0 0
177 71 88 0 0
178 72 88 0 0
179 71 88 0 0
180 72 88 0 0
181 73 88 0 0
182 74 88 0 0
183 73 88 0 0
184 74 88 0 0
185 74 89 0 0
186 75 89 0 0
187 74 89 0 0
188 75 89 0 0
189 76 89 0 0
190 77 89 0 0
191 76 89 0 0
192 77 89 0 0
193 78 89 0 0
194 77 89 0 0
195 78 89 0 0
196 79 89 0 0
197 80 89 0 0
198 79 89 0 0
199 80 89 0 0
200 81 89 0 0
201 82 89 0 0
202 81 89 0 0
203 82 89 0 0
204 83 89 0 0
205 82 89 0 0
206 83 89 0 0
207 84 89 0 0
208 83 89 0 0
209 84 89 0 0
210 85 89 0 0
211 86 89 0 0
212 85 89 0 0
213 86 89 0 0
214 87 89 0 0
215 86 89 0 0
216 87 89 0 0
217 87 90 0 0
218 88 90 0 0
219 89 90 0 0
220 88 90 0 0
221 89 90 0 0
222 90 90 0 0
223 89 90 0 0
224 90 90 0 0
225 91 90 0 0
226 92 90 0 0
227 91 90 0 0
228 92 90 0 0
229 93 90 0 0
230 92 90 0 0
231 93 90 0 0
232 94 90 0 0
233 95 90 0 0
234 94 90 0 0
235 95 90 0 0
236 96 90 0 0
237 95 90 0 0
238 96 90 0 0
239 97 90 0 0
240 96 90 0 0
241 97 90 0 0
242 98 90 0 0
243 97 90 0 0
244 98 90 0 0
245 99 90 0 0
246 98 90 0 0
247 99 90 0 0
248 100 90 0 0
249 101 90 0 0
250 100 90 0 0
251 101 90 0 0
252 102 90 0 0
253 101 90 0 0
254 102 90 0 0
255 103 90 0 0
256 102 90 0 0
257 103 90 0 0
258 104 90 0 0
259 105 90 0 0
260 104 90 0 0
261 105 90 0 0
262 106 90 0 0
263 105 90 0 0
264 106 90 0 0
265 107 90 0 0
266 108 90 0 0
267 107 90 0 0
268 108 90 0 0
269 109 90 0 0
270 108 90 0 0
271 109 90 0 0
272 110 90 0 0
273 109 90 0 0
274 110 90 0 0
275 111 90 0 0
276 112 90 0 0
277 111 90 0 0
278 112 90 0 0
279 113 90 0 0
280 112 90 0 0
281 113 90 0 0
282 114 90 0 0
283 113 90 0 0
284 114 90 0 0
285 115 90 0 0
286 114 90 0 0
287 115 90 0 0
288 116 90 0 0
289 115 90 0 0
290 116 90 0 0
291 117 90 0 0
292 116 90 0 0
293 117 90 0 0
294 118 90 0 0
295 117 90 0 0
296 118 90 0 0
297 118 91 0 0
298 119 91 0 0
299 118 91 0 0
300 119 91 0 0
301 120 91 0 0
302 119 91 0 0
303 120 91 0 0
304 121 91 0 0
305 120 91 0 0
306 121 91 0 0
307 122 91 0 0
308 121 91 0 0
309 122 91 0 0
310 123 91 0 0
311 122 91 0 0
312 123 91 0 0
313 124 91 0 0
314 125 91 0 0
315 124 91 0 0
316 125 91 0 0
317 126 91 0 0
318 127 91 0 0
319 126 91 0 0
320 127 91 0 0
321 128 91 0 0
322 129 91 0 0
323 128 91 0 0
324 129 91 0 0
325 130 91 0 0
326 129 91 0 0
327 129 90 0 0
328 130 90 0 0
329 131 90 0 0
330 130 90 0 0
331 131 90 0 0
332 130 90 0 0
333 131 90 0 0
334 132 90 0 0
335 133 90 0 0
336 132 90 0 0
337 133 90 0 0
338 134 90 0 0
339 133 90 0 0
340 134 90 0 0
341 135 90 0 0
342 134 90 0 0
343 135 90 0 0
344 136 90 0 0
345 135 90 0 0
346 136 90 0 0
347 137 90 0 0
348 136 90 0 0
349 137 90 0 0
350 138 90 0 0
351 137 90 0 0
352 138 90 0 0
353 139 90 0 0
354 138 90 0 0
355 139 90 0 0
356 140 90 0 0
357 139 90 0 0
358 140 90 0 0
359 141 90 0 0
360 140 90 0 0
361 141 90 0 0
362 142 90 0 0
363 143 90 0 0
364 142 90 0 0
365 143 90 0 0
366 144 90 0 0
367 143 90 0 0
368 144 90 0 0
369 143 90 0 0
370 144 90 0 0
371 145 90 0 0
372 146 90 0 0
373 145 90 0 0
374 146 90 0 0
375 147 90 0 0
376 146 90 0 0
377 147 90 0 0
378 148 90 0 0
379 147 90 0 0
380 148 90 0 0
381 149 90 0 0
382 148 90 0 0
383 149 90 0 0
384 150 90 0 0
385 149 90 0 0
386 150 90 0 0
387 151 90 0 0
388 152 90 0 0
389 151 90 0 0
390 152 90 0 0
391 153 90 0 0
392 152 90 0 0
393 153 90 0 0
394 154 90 0 0
395 153 90 0 0
396 154 90 0 0
397 155 90 0 0
398 154 90 0 0
399 155 90 0 0
400 156 90 0 0
401 155 90 0 0
402 156 90 0 0
403 157 90 0 0
404 156 90 0 0
405 157 90 0 0
406 158 90 0 0
407 157 90 0 0
408 158 90 0 0
409 159 90 0 0
410 160 90 0 0
411 159 90 0 0
412 159 89 0 0
413 160 89 0 0
414 161 89 0 0
415 160 89 0 0
416 161 89 0 0
417 162 89 0 0
418 161 89 0 0
419 162 89 0 0
420 163 89 0 0
421 162 89 0 0
422 163 89 0 0
423 164 89 0 0
424 163 89 0 0
425 164 89 0 0
426 165 89 0 0
427 164 89 0 0
428 165 89 0 0
429 166 89 0 0
430 165 89 0 0
431 166 89 0 0
432 167 89 0 0
433 166 89 0 0
434 167 89 0 0
435 168 89 0 0
436 167 89 0 0
437 168 89 0 0
438 167 89 0 0
439 168 89 0 0
440 169 89 0 0
441 170 89 0 0
442 169 89 0 0
443 170 89 0 0
444 169 89 0 0
445 170 89 0 0
446 171 89 0 0
447 172 89 0 0
448 171 89 0 0
449 172 89 0 0
450 171 89 0 0
451 172 89 0 0
452 173 89 0 0
453 172 89 0 0
454 173 89 0 0
455 174 89 0 0
456 173 89 0 0
457 174 89 0 0
458 175 89 0 0
459 174 89 0 0
460 175 89 0 0
461 176 89 0 0
462 175 89 0 0
463 175 88 0 0
464 176 88 0 0
465 176 89 0 0
466 177 89 0 0
467 176 89 0 0
468 177 89 0 0
469 178 89 0 0
470 177 89 0 0
471 178 89 0 0
472 179 89 0 0
473 178 89 0 0
474 179 89 0 0
475 180 89 0 0
476 179 89 0 0
477 180 89 0 0
478 181 89 0 0
479 180 89 0 0
480 181 89 0 0
481 181 88 0 0
482 182 88 0 0
483 181 88 0 0
484 181 89 0 0
485 182 89 0 0
486 183 89 0 0
487 182 89 0 0
488 183 89 0 0
489 182 89 0 0
490 183 89 0 0
491 184 89 0 0
492 183 89 0 0
493 184 89 0 0
494 185 89 0 0
495 184 89 0 0
496 185 89 0 0
497 186 89 0 0
498 185 89 0 0
499 186 89 0 0
500 187 89 0 0
501 188 89 0 0
502 187 89 0 0
503 188 89 0 0
504 189 89 0 0
505 188 89 0 0
506 189 89 0 0
507 190 89 0 0
508 189 89 0 0
509 190 89 0 0
510 191 89 0 0
511 190 89 0 0
512 191 89 0 0
513 192 89 0 0
514 192 88 0 0
515 193 88 0 0
516 192 88 0 0
517 193 88 0 0
518 194 88 0 0
519 193 88 0 0
520 194 88 0 0
521 193 88 0 0
522 194 88 0 0
523 194 89 0 0
524 195 89 0 0
525 194 89 0 0
526 195 89 0 0
527 194 89 0 0
528 195 89 0 0
529 196 89 0 0
530 195 89 0 0
531 196 89 0 0
532 195 89 0 0
533 196 89 0 0
534 195 89 0 0
535 196 89 0 0
536 197 89 0 0
537 196 89 0 0
538 197 89 0 0
539 196 89 0 0
540 197 89 0 0
541 196 89 0 0
542 196 90 0 0
543 197 90 0 0
