0 196 75 0 0
1 197 75 0 0
2 196 75 0 0
3 197 75 0 0
4 196 75 0 0
5 197 75 0 0
6 196 75 0 0
7 197 75 0 0
8 196 75 0 0
9 195 75 0 0
10 196 75 0 0
11 195 75 0 0
12 196 75 0 0
13 195 75 0 0
14 196 75 0 0
15 195 75 0 0
16 196 75 0 0
17 195 75 0 0
18 196 75 0 0
19 195 75 0 0
20 195 74 0 0
21 196 74 0 0
22 195 74 0 0
23 194 74 0 0
24 195 74 0 0
25 194 74 0 0
26 195 74 0 0
27 194 74 0 0
28 195 74 0 0
29 194 74 0 0
30 193 74 0 0
31 194 74 0 0
32 193 74 0 0
33 194 74 0 0
34 193 74 0 0
35 194 74 0 0
36 193 74 0 0
37 194 74 0 0
38 193 74 0 0
39 192 74 0 0
40 193 74 0 0
41 192 74 0 0
42 193 74 0 0
43 192 74 0 0
44 193 74 0 0
45 192 74 0 0
46 191 74 0 0
47 192 74 0 0
48 191 74 0 0
49 192 74 0 0
50 191 74 0 0
51 190 74 0 0
52 191 74 0 0
53 190 74 0 0
54 191 74 0 0
55 190 74 0 0
56 191 74 0 0
57 190 74 0 0
58 189 74 0 0
59 190 74 0 0
60 189 74 0 0
61 190 74 0 0
62 189 74 0 0
63 188 74 0 0
64 189 74 0 0
65 188 74 0 0
66 189 74 0 0
67 188 74 0 0
68 187 74 0 0
69 188 74 0 0
70 187 74 0 0
71 188 74 0 0
72 187 74 0 0
73 188 74 0 0
74 187 74 0 0
75 186 74 0 0
76 186 73 0 0
77 187 73 0 0
78 186 73 0 0
79 187 73 0 0
80 186 73 0 0
81 185 73 0 0
82 186 73 0 0
83 185 73 0 0
84 186 73 0 0
85 185 73 0 0
86 184 73 0 0
87 185 73 0 0
88 184 73 0 0
89 185 73 0 0
90 184 73 0 0
91 185 73 0 0
92 184 73 0 0
93 183 73 0 0
94 184 73 0 0
95 183 73 0 0
96 184 73 0 0
97 183 73 0 0
98 182 73 0 0
99 183 73 0 0
100 182 73 0 0
101 183 73 0 0
102 182 73 0 0
103 181 73 0 0
104 182 73 0 0
105 181 73 0 0
106 182 73 0 0
107 181 73 0 0
108 182 73 0 0
109 181 73 0 0
110 180 73 0 0
111 181 73 0 0
112 180 73 0 0
113 181 73 0 0
114 180 73 0 0
115 180 72 0 0
116 179 72 0 0
117 180 72 0 0
118 179 72 0 0
119 180 72 0 0
120 179 72 0 0
121 178 72 0 0
122 179 72 0 0
123 178 72 0 0
124 179 72 0 0
125 178 72 0 0
126 177 72 0 0
127 178 72 0 0
128 177 72 0 0
129 178 72 0 0
130 177 72 0 0
131 176 72 0 0
132 176 73 0 0
133 177 73 0 0
134 176 73 0 0
135 177 73 0 0
136 176 73 0 0
137 175 73 0 0
138 176 73 0 0
139 175 73 0 0
140 176 73 0 0
141 175 73 0 0
142 174 73 0 0
143 175 73 0 0
144 174 73 0 0
145 175 73 0 0
146 174 73 0 0
147 173 73 0 0
148 174 73 0 0
149 173 73 0 0
150 172 73 0 0
151 173 73 0 0
152 172 73 0 0
153 173 73 0 0
154 172 73 0 0
155 171 73 0 0
156 172 73 0 0
157 171 73 0 0
158 172 73 0 0
159 171 73 0 0
160 171 74 0 0
161 170 74 0 0
162 171 74 0 0
163 170 74 0 0
164 171 74 0 0
165 170 74 0 0
166 169 74 0 0
167 170 74 0 0
168 169 74 0 0
169 170 74 0 0
170 169 74 0 0
171 168 74 0 0
172 169 74 0 0
173 168 74 0 0
174 167 74 0 0
175 168 74 0 0
176 167 74 0 0
177 168 74 0 0
178 167 74 0 0
179 166 74 0 0
180 167 74 0 0
181 166 74 0 0
182 167 74 0 0
183 166 74 0 0
184 165 74 0 0
185 166 74 0 0
186 165 74 0 0
187 164 74 0 0
188 165 74 0 0
189 164 74 0 0
190 165 74 0 0
191 164 74 0 0
192 165 74 0 0
193 164 74 0 0
194 164 75 0 0
195 163 75 0 0
196 164 75 0 0
197 163 75 0 0
198 162 75 0 0
199 163 75 0 0
200 162 75 0 0
201 163 75 0 0
202 162 75 0 0
203 161 75 0 0
204 162 75 0 0
205 161 75 0 0
206 162 75 0 0
207 161 75 0 0
208 160 75 0 0
209 161 75 0 0
210 160 75 0 0
211 160 76 0 0
212 159 76 0 0
213 160 76 0 0
214 159 76 0 0
215 160 76 0 0
216 159 76 0 0
217 158 76 0 0
218 159 76 0 0
219 158 76 0 0
220 157 76 0 0
221 158 76 0 0
222 157 76 0 0
223 158 76 0 0
224 157 76 0 0
225 156 76 0 0
226 157 76 0 0
227 156 76 0 0
228 156 77 0 0
229 157 77 0 0
230 156 77 0 0
231 155 77 0 0
232 156 77 0 0
233 155 77 0 0
234 154 77 0 0
235 155 77 0 0
236 154 77 0 0
237 155 77 0 0
238 154 77 0 0
239 153 77 0 0
240 154 77 0 0
241 153 77 0 0
242 154 77 0 0
243 153 77 0 0
244 152 77 0 0
245 152 78 0 0
246 153 78 0 0
247 152 78 0 0
248 153 78 0 0
249 152 78 0 0
250 151 78 0 0
251 152 78 0 0
252 151 78 0 0
253 152 78 0 0
254 151 78 0 0
255 150 78 0 0
256 149 78 0 0
257 150 78 0 0
258 149 78 0 0
259 148 78 0 0
260 148 79 0 0
261 149 79 0 0
262 148 79 0 0
263 147 79 0 0
264 148 79 0 0
265 147 79 0 0
266 146 79 0 0
267 147 79 0 0
268 146 79 0 0
269 147 79 0 0
270 146 79 0 0
271 145 79 0 0
272 145 80 0 0
273 144 80 0 0
274 145 80 0 0
275 144 80 0 0
276 145 80 0 0
277 144 80 0 0
278 143 80 0 0
279 142 80 0 0
280 143 80 0 0
281 142 80 0 0
282 142 81 0 0
283 143 81 0 0
284 142 81 0 0
285 141 81 0 0
286 142 81 0 0
287 141 81 0 0
288 140 81 0 0
289 141 81 0 0
290 140 81 0 0
291 139 81 0 0
292 140 81 0 0
293 139 81 0 0
294 138 81 0 0
295 138 82 0 0
296 139 82 0 0
297 138 82 0 0
298 137 82 0 0
299 138 82 0 0
300 137 82 0 0
301 136 82 0 0
302 137 82 0 0
303 136 82 0 0
304 135 82 0 0
305 135 83 0 0
306 136 83 0 0
307 135 83 0 0
308 134 83 0 0
309 135 83 0 0
310 134 83 0 0
311 135 83 0 0
312 134 83 0 0
313 133 83 0 0
314 134 83 0 0
315 133 83 0 0
316 132 83 0 0
317 133 83 0 0
318 132 83 0 0
319 131 83 0 0
320 132 83 0 0
321 131 83 0 0
322 131 84 0 0
323 132 84 0 0
324 131 84 0 0
325 130 84 0 0
326 131 84 0 0
327 130 84 0 0
328 129 84 0 0
329 130 84 0 0
330 129 84 0 0
331 128 84 0 0
332 129 84 0 0
333 128 84 0 0
334 127 84 0 0
335 128 84 0 0
336 127 84 0 0
337 128 84 0 0
338 127 84 0 0
339 126 84 0 0
340 127 84 0 0
341 126 84 0 0
342 125 84 0 0
343 126 84 0 0
344 125 84 0 0
345 124 84 0 0
346 125 84 0 0
347 124 84 0 0
348 125 84 0 0
349 124 84 0 0
350 123 84 0 0
351 124 84 0 0
352 123 84 0 0
353 122 84 0 0
354 123 84 0 0
355 122 84 0 0
356 122 83 0 0
357 121 83 0 0
358 121 84 0 0
359 122 84 0 0
360 121 84 0 0
361 122 84 0 0
362 121 84 0 0
363 120 84 0 0
364 121 84 0 0
365 120 84 0 0
366 119 84 0 0
367 120 84 0 0
368 119 84 0 0
369 118 84 0 0
370 119 84 0 0
371 118 84 0 0
372 117 84 0 0
373 118 84 0 0
374 117 84 0 0
375 118 84 0 0
376 117 84 0 0
377 116 84 0 0
378 117 84 0 0
379 116 84 0 0
380 115 84 0 0
381 116 84 0 0
382 115 84 0 0
383 115 85 0 0
384 114 85 0 0
385 115 85 0 0
386 114 85 0 0
387 113 85 0 0
388 114 85 0 0
389 113 85 0 0
390 114 85 0 0
391 113 85 0 0
392 112 85 0 0
393 111 85 0 0
394 112 85 0 0
395 111 85 0 0
396 110 85 0 0
397 111 85 0 0
398 110 85 0 0
399 109 85 0 0
400 109 86 0 0
401 108 86 0 0
402 109 86 0 0
403 108 86 0 0
404 107 86 0 0
405 108 86 0 0
406 107 86 0 0
407 106 86 0 0
408 107 86 0 0
409 106 86 0 0
410 105 86 0 0
411 106 86 0 0
412 105 86 0 0
413 106 86 0 0
414 105 86 0 0
415 104 86 0 0
416 105 86 0 0
417 104 86 0 0
418 103 86 0 0
419 104 86 0 0
420 103 86 0 0
421 104 86 0 0
422 103 86 0 0
423 102 86 0 0
424 103 86 0 0
425 102 86 0 0
426 101 86 0 0
427 101 87 0 0
428 102 87 0 0
429 101 87 0 0
430 100 87 0 0
431 101 87 0 0
432 100 87 0 0
433 99 87 0 0
434 100 87 0 0
435 99 87 0 0
436 98 87 0 0
437 99 87 0 0
438 98 87 0 0
439 97 87 0 0
440 96 87 0 0
441 95 87 0 0
442 94 87 0 0
443 93 87 0 0
444 92 87 0 0
445 93 87 0 0
446 92 87 0 0
447 93 87 0 0
448 92 87 0 0
449 93 87 0 0
450 92 87 0 0
451 93 87 0 0
452 92 87 0 0
453 92 88 0 0
454 93 88 0 0
455 92 88 0 0
456 91 88 0 0
457 92 88 0 0
458 91 88 0 0
459 90 88 0 0
460 91 88 0 0
461 90 88 0 0
462 91 88 0 0
463 90 88 0 0
464 89 88 0 0
465 90 88 0 0
466 89 88 0 0
467 88 88 0 0
468 89 88 0 0
469 88 88 0 0
470 89 88 0 0
471 88 88 0 0
472 89 88 0 0
473 88 88 0 0
474 89 88 0 0
475 88 88 0 0
476 89 88 0 0
477 88 88 0 0
478 87 88 0 0
479 86 88 0 0
480 87 88 0 0
481 86 88 0 0
482 85 88 0 0
483 84 88 0 0
484 83 88 0 0
485 84 88 0 0
486 83 88 0 0
487 82 88 0 0
488 81 88 0 0
489 82 88 0 0
490 81 88 0 0
491 81 89 0 0
492 82 89 0 0
493 81 89 0 0
494 80 89 0 0
495 81 89 0 0
496 80 89 0 0
497 79 89 0 0
498 78 89 0 0
499 79 89 0 0
500 78 89 0 0
501 79 89 0 0
502 78 89 0 0
503 77 89 0 0
504 78 89 0 0
505 77 89 0 0
506 76 89 0 0
507 77 89 0 0
508 76 89 0 0
509 75 89 0 0
510 76 89 0 0
511 75 89 0 0
512 74 89 0 0
513 75 89 0 0
514 74 89 0 0
515 73 89 0 0
516 74 89 0 0
517 73 89 0 0
518 72 89 0 0
519 73 89 0 0
520 72 89 0 0
521 71 89 0 0
522 72 89 0 0
523 71 89 0 0
524 70 89 0 0
525 71 89 0 0
526 70 89 0 0
527 70 90 0 0
528 69 90 0 0
529 70 90 0 0
530 69 90 0 0
531 68 90 0 0
532 69 90 0 0
533 68 90 0 0
534 67 90 0 0
535 68 90 0 0
536 67 90 0 0
537 66 90 0 0
538 67 90 0 0
539 66 90 0 0
540 65 90 0 0
541 66 90 0 0
542 65 90 0 0
543 64 90 0 0
544 65 90 0 0
545 64 90 0 0
546 63 90 0 0
547 64 90 0 0
548 63 90 0 0
549 62 90 0 0
550 63 90 0 0
551 62 90 0 0
552 61 90 0 0
553 62 90 0 0
554 61 90 0 0
555 61 91 0 0
556 60 91 0 0
557 61 91 0 0
558 60 91 0 0
559 59 91 0 0
560 60 91 0 0
561 59 91 0 0
562 58 91 0 0
563 59 91 0 0
564 58 91 0 0
565 59 91 0 0
566 58 91 0 0
567 59 91 0 0
568 58 91 0 0
569 59 91 0 0
570 58 91 0 0
571 57 91 0 0
572 58 91 0 0
573 57 91 0 0
574 56 91 0 0
575 55 91 0 0
576 54 91 0 0
577 55 91 0 0
578 54 91 0 0
579 53 91 0 0
580 52 91 0 0
581 53 91 0 0
582 52 91 0 0
583 51 91 0 0
584 52 91 0 0
585 51 91 0 0
586 51 92 0 0
587 50 92 0 0
588 51 92 0 0
589 50 92 0 0
590 49 92 0 0
591 50 92 0 0
592 49 92 0 0
593 48 92 0 0
594 47 92 0 0
595 48 92 0 0
596 47 92 0 0
597 46 92 0 0
598 47 92 0 0
599 46 92 0 0
600 45 92 0 0
601 46 92 0 0
602 45 92 0 0
603 44 92 0 0
604 45 92 0 0
605 44 92 0 0
606 43 92 0 0
607 44 92 0 0
608 43 92 0 0
609 42 92 0 0
610 43 92 0 0
611 42 92 0 0
612 41 92 0 0
613 42 92 0 0
614 41 92 0 0
615 42 92 0 0
616 41 92 0 0
617 41 93 0 0
618 40 93 0 0
619 41 93 0 0
620 40 93 0 0
621 39 93 0 0
622 40 93 0 0
623 39 93 0 0
624 40 93 0 0
625 39 93 0 0
626 38 93 0 0
627 39 93 0 0
628 38 93 0 0
629 37 93 0 0
630 38 93 0 0
631 37 93 0 0
632 36 93 0 0
633 35 93 0 0
634 36 93 0 0
635 35 93 0 0
636 34 93 0 0
637 35 93 0 0
638 34 93 0 0
639 33 93 0 0
640 34 93 0 0
641 33 93 0 0
642 32 93 0 0
643 33 93 0 0
644 32 93 0 0
645 31 93 0 0
646 32 93 0 0
647 31 93 0 0
648 31 94 0 0
649 30 94 0 0
650 31 94 0 0
651 30 94 0 0
652 29 94 0 0
653 30 94 0 0
654 29 94 0 0
655 28 94 0 0
656 27 94 0 0
657 28 94 0 0
658 27 94 0 0
659 26 94 0 0
660 25 94 0 0
661 26 94 0 0
662 25 94 0 0
663 24 94 0 0
664 25 94 0 0
665 24 94 0 0
666 25 94 0 0
667 24 94 0 0
668 23 94 0 0
669 24 94 0 0
670 23 94 0 0
671 22 94 0 0
672 23 94 0 0
673 22 94 0 0
674 21 94 0 0
675 22 94 0 0
676 21 94 0 0
677 20 94 0 0
678 21 94 0 0
679 20 94 0 0
680 19 94 0 0
681 20 94 0 0
682 19 94 0 0
683 18 94 0 0
684 19 94 0 0
685 18 94 0 0
686 17 94 0 0
687 18 94 0 0
688 17 94 0 0
689 18 94 0 0
690 17 94 0 0
691 16 94 0 0
692 17 94 0 0
693 16 94 0 0
694 15 94 0 0
695 16 94 0 0
696 15 94 0 0
697 14 94 0 0
698 15 94 0 0
699 14 94 0 0
700 13 94 0 0
701 14 94 0 0
702 13 94 0 0
703 12 94 0 0
704 13 94 0 0
705 12 94 0 0
706 11 94 0 0
707 10 94 0 0
708 11 94 0 0
709 10 94 0 0
710 9 94 0 0
711 10 94 0 0
712 9 94 0 0
713 8 94 0 0
714 9 94 0 0
715 8 94 0 0
716 7 94 0 0
717 8 94 0 0
718 7 94 0 0
719 6 94 0 0
720 7 94 0 0
721 6 94 0 0
722 7 94 0 0
723 6 94 0 0
724 5 94 0 0
725 6 94 0 0
726 5 94 0 0
727 4 94 0 0
728 5 94 0 0
729 4 94 0 0
730 5 94 0 0
731 4 94 0 0
732 3 94 0 0
733 3 93 0 0
734 4 93 0 0
735 3 93 0 0
736 4 93 0 0
737 3 93 0 0
738 2 93 0 0
739 3 93 0 0
740 2 93 0 0
741 3 93 0 0
742 2 93 0 0
743 3 93 0 0
744 2 93 0 0
745 3 93 0 0
746 2 93 0 0
747 1 93 0 0
748 2 93 0 0
749 1 93 0 0
750 2 93 0 0
751 1 93 0 0
752 2 93 0 0
753 1 93 0 0
