0 27 109 0 0
1 28 109 0 0
2 27 109 0 0
3 26 109 0 0
4 27 109 0 0
5 26 109 0 0
6 26 108 0 0
7 25 108 0 0
8 26 108 0 0
9 25 108 0 0
10 24 108 0 0
11 25 108 0 0
12 24 108 0 0
13 23 108 0 0
14 24 108 0 0
15 23 108 0 0
16 22 108 0 0
17 23 108 0 0
18 22 108 0 0
19 21 108 0 0
20 20 108 0 0
21 19 108 0 0
22 20 108 0 0
23 19 108 0 0
24 18 108 0 0
25 18 107 0 0
26 17 107 0 0
27 18 107 0 0
28 17 107 0 0
29 16 107 0 0
30 15 107 0 0
31 14 107 0 0
32 15 107 0 0
33 14 107 0 0
34 13 107 0 0
35 14 107 0 0
36 13 107 0 0
37 14 107 0 0
38 13 107 0 0
39 12 107 0 0
40 13 107 0 0
41 12 107 0 0
42 12 106 0 0
43 11 106 0 0
44 10 106 0 0
45 11 106 0 0
46 10 106 0 0
47 9 106 0 0
48 10 106 0 0
49 9 106 0 0
50 8 106 0 0
51 9 106 0 0
52 8 106 0 0
53 7 106 0 0
54 8 106 0 0
55 7 106 0 0
56 7 105 0 0
57 8 105 0 0
58 7 105 0 0
59 6 105 0 0
60 7 105 0 0
61 6 105 0 0
62 5 105 0 0
63 6 105 0 0
64 5 105 0 0
65 4 105 0 0
66 4 104 0 0
67 5 104 0 0
68 4 104 0 0
69 5 104 0 0
70 4 104 0 0
71 5 104 0 0
72 4 104 0 0
73 3 104 0 0
74 4 104 0 0
75 3 104 0 0
76 4 104 0 0
77 3 104 0 0
78 2 104 0 0
79 2 103 0 0
80 3 103 0 0
81 2 103 0 0
82 3 103 0 0
83 2 103 0 0
84 3 103 0 0
85 2 103 0 0
86 1 103 0 0
87 1 102 0 0
88 2 102 0 0
89 1 102 0 0
90 2 102 0 0
91 1 102 0 0
92 2 102 0 0
93 1 102 0 0
