0 27 3 0 0
1 27 4 0 0
2 28 4 0 0
3 27 4 0 0
4 28 4 0 0
5 27 4 0 0
6 28 4 0 0
7 27 4 0 0
8 28 4 0 0
9 27 4 0 0
10 28 4 0 0
11 27 4 0 0
12 27 5 0 0
13 28 5 0 0
14 27 5 0 0
15 28 5 0 0
16 29 5 0 0
17 28 5 0 0
18 29 5 0 0
19 28 5 0 0
20 28 6 0 0
21 29 6 0 0
22 28 6 0 0
23 29 6 0 0
24 28 6 0 0
25 29 6 0 0
26 28 6 0 0
27 28 7 0 0
28 29 7 0 0
29 28 7 0 0
30 29 7 0 0
31 28 7 0 0
32 29 7 0 0
33 30 7 0 0
34 29 7 0 0
35 29 8 0 0
36 30 8 0 0
37 29 8 0 0
38 30 8 0 0
39 29 8 0 0
40 30 8 0 0
41 29 8 0 0
42 30 8 0 0
43 29 8 0 0
44 30 8 0 0
45 29 8 0 0
46 29 9 0 0
47 30 9 0 0
48 29 9 0 0
49 30 9 0 0
50 29 9 0 0
51 30 9 0 0
52 31 9 0 0
53 30 9 0 0
54 30 10 0 0
55 31 10 0 0
56 30 10 0 0
57 31 10 0 0
58 30 10 0 0
59 31 10 0 0
60 30 10 0 0
61 31 10 0 0
62 30 10 0 0
63 30 11 0 0
64 31 11 0 0
65 30 11 0 0
66 31 11 0 0
67 30 11 0 0
68 31 11 0 0
69 30 11 0 0
70 31 11 0 0
71 30 11 0 0
72 30 12 0 0
73 31 12 0 0
74 32 12 0 0
75 31 12 0 0
76 32 12 0 0
77 31 12 0 0
78 32 12 0 0
79 31 12 0 0
80 31 13 0 0
81 32 13 0 0
82 31 13 0 0
83 32 13 0 0
84 31 13 0 0
85 32 13 0 0
86 31 13 0 0
87 32 13 0 0
88 32 14 0 0
89 33 14 0 0
90 32 14 0 0
91 33 14 0 0
92 32 14 0 0
93 33 14 0 0
94 32 14 0 0
95 33 14 0 0
96 34 14 0 0
97 33 14 0 0
98 33 15 0 0
99 34 15 0 0
100 33 15 0 0
101 34 15 0 0
102 33 15 0 0
103 34 15 0 0
104 33 15 0 0
105 34 15 0 0
106 35 15 0 0
107 34 15 0 0
108 35 15 0 0
109 34 15 0 0
110 34 16 0 0
111 35 16 0 0
112 34 16 0 0
113 35 16 0 0
114 36 16 0 0
115 35 16 0 0
116 36 16 0 0
117 35 16 0 0
118 36 16 0 0
119 35 16 0 0
120 35 17 0 0
121 36 17 0 0
122 35 17 0 0
123 36 17 0 0
124 37 17 0 0
125 36 17 0 0
126 37 17 0 0
127 36 17 0 0
128 37 17 0 0
129 36 17 0 0
130 36 18 0 0
131 37 18 0 0
132 38 18 0 0
133 37 18 0 0
134 38 18 0 0
135 37 18 0 0
136 38 18 0 0
137 37 18 0 0
138 37 19 0 0
139 38 19 0 0
140 39 19 0 0
141 38 19 0 0
142 39 19 0 0
143 38 19 0 0
144 39 19 0 0
145 38 19 0 0
146 39 19 0 0
147 40 19 0 0
148 39 19 0 0
149 40 19 0 0
150 39 19 0 0
151 40 19 0 0
152 41 19 0 0
153 40 19 0 0
154 41 19 0 0
155 40 19 0 0
156 40 20 0 0
157 41 20 0 0
158 40 20 0 0
159 41 20 0 0
160 42 20 0 0
161 41 20 0 0
162 42 20 0 0
163 41 20 0 0
164 42 20 0 0
165 43 20 0 0
166 42 20 0 0
167 43 20 0 0
168 42 20 0 0
169 43 20 0 0
170 44 20 0 0
171 43 20 0 0
172 44 20 0 0
173 43 20 0 0
174 44 20 0 0
175 45 20 0 0
176 44 20 0 0
177 45 20 0 0
178 44 20 0 0
179 45 20 0 0
180 46 20 0 0
181 45 20 0 0
182 46 20 0 0
183 45 20 0 0
184 46 20 0 0
185 45 20 0 0
186 46 20 0 0
187 47 20 0 0
188 46 20 0 0
189 46 21 0 0
190 47 21 0 0
191 46 21 0 0
192 47 21 0 0
193 48 21 0 0
194 47 21 0 0
195 48 21 0 0
196 47 21 0 0
197 48 21 0 0
198 49 21 0 0
199 48 21 0 0
200 49 21 0 0
201 48 21 0 0
202 49 21 0 0
203 50 21 0 0
204 49 21 0 0
205 50 21 0 0
206 49 21 0 0
207 50 21 0 0
208 51 21 0 0
209 50 21 0 0
210 51 21 0 0
211 50 21 0 0
212 51 21 0 0
213 50 21 0 0
214 51 21 0 0
215 52 21 0 0
216 51 21 0 0
217 52 21 0 0
218 53 21 0 0
219 52 21 0 0
220 53 21 0 0
221 52 21 0 0
222 53 21 0 0
223 52 21 0 0
224 53 21 0 0
225 54 21 0 0
226 53 21 0 0
227 54 21 0 0
228 53 21 0 0
229 54 21 0 0
230 55 21 0 0
231 54 21 0 0
232 54 22 0 0
233 55 22 0 0
234 54 22 0 0
235 55 22 0 0
236 54 22 0 0
237 55 22 0 0
238 56 22 0 0
239 55 22 0 0
240 56 22 0 0
241 55 22 0 0
242 56 22 0 0
243 55 22 0 0
244 56 22 0 0
245 57 22 0 0
246 56 22 0 0
247 57 22 0 0
248 56 22 0 0
249 57 22 0 0
250 58 22 0 0
251 57 22 0 0
252 57 23 0 0
253 58 23 0 0
254 57 23 0 0
255 58 23 0 0
256 57 23 0 0
257 58 23 0 0
258 57 23 0 0
259 58 23 0 0
260 59 23 0 0
261 58 23 0 0
262 59 23 0 0
263 58 23 0 0
264 59 23 0 0
265 58 23 0 0
266 59 23 0 0
267 60 23 0 0
268 59 23 0 0
269 60 23 0 0
270 59 23 0 0
271 60 23 0 0
272 61 23 0 0
273 60 23 0 0
274 60 24 0 0
275 61 24 0 0
276 60 24 0 0
277 61 24 0 0
278 60 24 0 0
279 61 24 0 0
280 62 24 0 0
281 61 24 0 0
282 62 24 0 0
283 61 24 0 0
284 62 24 0 0
285 61 24 0 0
286 62 24 0 0
287 63 24 0 0
288 62 24 0 0
289 63 24 0 0
290 62 24 0 0
291 63 24 0 0
292 64 24 0 0
293 63 24 0 0
294 64 24 0 0
295 63 24 0 0
296 64 24 0 0
297 64 23 0 0
298 65 23 0 0
299 64 23 0 0
300 65 23 0 0
301 64 23 0 0
302 65 23 0 0
303 64 23 0 0
304 65 23 0 0
305 66 23 0 0
306 65 23 0 0
307 66 23 0 0
308 65 23 0 0
309 66 23 0 0
310 65 23 0 0
311 66 23 0 0
312 66 22 0 0
313 67 22 0 0
314 66 22 0 0
315 67 22 0 0
316 66 22 0 0
317 67 22 0 0
318 66 22 0 0
319 67 22 0 0
320 68 22 0 0
321 67 22 0 0
322 68 22 0 0
323 67 22 0 0
324 68 22 0 0
325 69 22 0 0
326 68 22 0 0
327 69 22 0 0
328 68 22 0 0
329 68 23 0 0
330 69 23 0 0
331 70 23 0 0
332 69 23 0 0
333 70 23 0 0
334 71 23 0 0
335 70 23 0 0
336 71 23 0 0
337 70 23 0 0
338 71 23 0 0
339 72 23 0 0
340 71 23 0 0
341 72 23 0 0
342 71 23 0 0
343 72 23 0 0
344 71 23 0 0
345 72 23 0 0
346 73 23 0 0
347 72 23 0 0
348 73 23 0 0
349 72 23 0 0
350 73 23 0 0
351 74 23 0 0
352 73 23 0 0
353 74 23 0 0
354 73 23 0 0
355 74 23 0 0
356 75 23 0 0
357 74 23 0 0
358 75 23 0 0
359 74 23 0 0
360 75 23 0 0
361 76 23 0 0
362 75 23 0 0
363 76 23 0 0
364 75 23 0 0
365 76 23 0 0
366 75 23 0 0
367 76 23 0 0
368 77 23 0 0
369 76 23 0 0
370 77 23 0 0
371 78 23 0 0
372 77 23 0 0
373 78 23 0 0
374 77 23 0 0
375 78 23 0 0
376 77 23 0 0
377 78 23 0 0
378 79 23 0 0
379 78 23 0 0
380 79 23 0 0
381 78 23 0 0
382 79 23 0 0
383 78 23 0 0
384 79 23 0 0
385 80 23 0 0
386 79 23 0 0
387 80 23 0 0
388 79 23 0 0
389 80 23 0 0
390 81 23 0 0
391 80 23 0 0
392 81 23 0 0
393 80 23 0 0
394 81 23 0 0
395 82 23 0 0
396 81 23 0 0
397 82 23 0 0
398 81 23 0 0
399 82 23 0 0
400 83 23 0 0
401 82 23 0 0
402 83 23 0 0
403 82 23 0 0
404 83 23 0 0
405 82 23 0 0
406 83 23 0 0
407 84 23 0 0
408 83 23 0 0
409 84 23 0 0
410 83 23 0 0
411 84 23 0 0
412 84 24 0 0
413 85 24 0 0
414 84 24 0 0
415 85 24 0 0
416 86 24 0 0
417 85 24 0 0
418 86 24 0 0
419 85 24 0 0
420 86 24 0 0
421 85 24 0 0
422 86 24 0 0
423 87 24 0 0
424 86 24 0 0
425 87 24 0 0
426 86 24 0 0
427 87 24 0 0
428 88 24 0 0
429 87 24 0 0
430 88 24 0 0
431 87 24 0 0
432 88 24 0 0
433 89 24 0 0
434 88 24 0 0
435 89 24 0 0
436 88 24 0 0
437 89 24 0 0
438 90 24 0 0
439 89 24 0 0
440 90 24 0 0
441 89 24 0 0
442 90 24 0 0
443 91 24 0 0
444 90 24 0 0
445 91 24 0 0
446 90 24 0 0
447 91 24 0 0
448 90 24 0 0
449 91 24 0 0
450 92 24 0 0
451 91 24 0 0
452 92 24 0 0
453 91 24 0 0
454 92 24 0 0
455 93 24 0 0
456 92 24 0 0
457 93 24 0 0
458 92 24 0 0
459 93 24 0 0
460 94 24 0 0
461 93 24 0 0
462 94 24 0 0
463 93 24 0 0
464 94 24 0 0
465 95 24 0 0
466 94 24 0 0
467 95 24 0 0
468 94 24 0 0
469 95 24 0 0
470 96 24 0 0
471 95 24 0 0
472 96 24 0 0
473 95 24 0 0
474 96 24 0 0
475 97 24 0 0
476 96 24 0 0
477 97 24 0 0
478 96 24 0 0
479 97 24 0 0
480 96 24 0 0
481 96 25 0 0
482 97 25 0 0
483 98 25 0 0
484 97 25 0 0
485 98 25 0 0
486 97 25 0 0
487 98 25 0 0
488 99 25 0 0
489 98 25 0 0
490 99 25 0 0
491 98 25 0 0
492 99 25 0 0
493 100 25 0 0
494 99 25 0 0
495 100 25 0 0
496 99 25 0 0
497 99 26 0 0
498 100 26 0 0
499 101 26 0 0
500 100 26 0 0
501 101 26 0 0
502 100 26 0 0
503 101 26 0 0
504 102 26 0 0
505 101 26 0 0
506 102 26 0 0
507 101 26 0 0
508 102 26 0 0
509 103 26 0 0
510 102 26 0 0
511 103 26 0 0
512 102 26 0 0
513 102 27 0 0
514 103 27 0 0
515 104 27 0 0
516 103 27 0 0
517 104 27 0 0
518 103 27 0 0
519 104 27 0 0
520 103 27 0 0
521 104 27 0 0
522 105 27 0 0
523 104 27 0 0
524 105 27 0 0
525 104 27 0 0
526 105 27 0 0
527 106 27 0 0
528 105 27 0 0
529 105 28 0 0
530 106 28 0 0
531 105 28 0 0
532 106 28 0 0
533 107 28 0 0
534 106 28 0 0
535 107 28 0 0
536 106 28 0 0
537 107 28 0 0
538 108 28 0 0
539 107 28 0 0
540 108 28 0 0
541 107 28 0 0
542 108 28 0 0
543 109 28 0 0
544 108 28 0 0
545 108 29 0 0
546 109 29 0 0
547 108 29 0 0
548 109 29 0 0
549 108 29 0 0
550 109 29 0 0
551 110 29 0 0
552 109 29 0 0
553 110 29 0 0
554 111 29 0 0
555 110 29 0 0
556 111 29 0 0
557 110 29 0 0
558 111 29 0 0
559 110 29 0 0
560 111 29 0 0
561 112 29 0 0
562 111 29 0 0
563 112 29 0 0
564 111 29 0 0
565 112 29 0 0
566 112 30 0 0
567 113 30 0 0
568 112 30 0 0
569 113 30 0 0
570 112 30 0 0
571 113 30 0 0
572 114 30 0 0
573 113 30 0 0
574 114 30 0 0
575 113 30 0 0
576 114 30 0 0
577 113 30 0 0
578 114 30 0 0
579 114 31 0 0
580 115 31 0 0
581 114 31 0 0
582 115 31 0 0
583 114 31 0 0
584 115 31 0 0
585 116 31 0 0
586 115 31 0 0
587 116 31 0 0
588 115 31 0 0
589 116 31 0 0
590 115 31 0 0
591 116 31 0 0
592 117 31 0 0
593 116 31 0 0
594 116 32 0 0
595 117 32 0 0
596 116 32 0 0
597 117 32 0 0
598 116 32 0 0
599 117 32 0 0
600 118 32 0 0
601 117 32 0 0
602 118 32 0 0
603 117 32 0 0
604 118 32 0 0
605 119 32 0 0
606 118 32 0 0
607 118 33 0 0
608 119 33 0 0
609 118 33 0 0
610 119 33 0 0
611 118 33 0 0
612 119 33 0 0
613 120 33 0 0
614 119 33 0 0
615 120 33 0 0
616 119 33 0 0
617 120 33 0 0
618 121 33 0 0
619 120 33 0 0
620 121 33 0 0
621 120 33 0 0
622 120 34 0 0
623 121 34 0 0
624 120 34 0 0
625 121 34 0 0
626 122 34 0 0
627 121 34 0 0
628 122 34 0 0
629 121 34 0 0
630 122 34 0 0
631 121 34 0 0
632 122 34 0 0
633 123 34 0 0
634 122 34 0 0
635 122 35 0 0
636 123 35 0 0
637 122 35 0 0
638 123 35 0 0
639 124 35 0 0
640 123 35 0 0
641 124 35 0 0
642 123 35 0 0
643 124 35 0 0
644 123 35 0 0
645 124 35 0 0
646 125 35 0 0
647 124 35 0 0
648 125 35 0 0
649 124 35 0 0
650 124 36 0 0
651 125 36 0 0
652 126 36 0 0
653 125 36 0 0
654 126 36 0 0
655 125 36 0 0
656 126 36 0 0
657 127 36 0 0
658 126 36 0 0
659 127 36 0 0
660 126 36 0 0
661 127 36 0 0
662 127 37 0 0
663 128 37 0 0
664 127 37 0 0
665 128 37 0 0
666 127 37 0 0
667 128 37 0 0
668 127 37 0 0
669 128 37 0 0
670 129 37 0 0
671 128 37 0 0
672 129 37 0 0
673 128 37 0 0
674 129 37 0 0
675 130 37 0 0
676 129 37 0 0
677 130 37 0 0
678 129 37 0 0
679 130 37 0 0
680 130 38 0 0
681 131 38 0 0
682 130 38 0 0
683 131 38 0 0
684 130 38 0 0
685 131 38 0 0
686 130 38 0 0
687 131 38 0 0
688 132 38 0 0
689 131 38 0 0
690 132 38 0 0
691 131 38 0 0
692 132 38 0 0
693 133 38 0 0
694 132 38 0 0
695 132 39 0 0
696 133 39 0 0
697 132 39 0 0
698 133 39 0 0
699 134 39 0 0
700 133 39 0 0
701 134 39 0 0
702 133 39 0 0
703 134 39 0 0
704 135 39 0 0
705 134 39 0 0
706 135 39 0 0
707 134 39 0 0
708 135 39 0 0
709 136 39 0 0
710 135 39 0 0
711 136 39 0 0
712 135 39 0 0
713 136 39 0 0
714 137 39 0 0
715 136 39 0 0
716 136 40 0 0
717 137 40 0 0
718 136 40 0 0
719 137 40 0 0
720 136 40 0 0
721 137 40 0 0
722 138 40 0 0
723 137 40 0 0
724 138 40 0 0
725 139 40 0 0
726 138 40 0 0
727 139 40 0 0
728 138 40 0 0
729 139 40 0 0
730 138 40 0 0
731 139 40 0 0
732 140 40 0 0
733 139 40 0 0
734 140 40 0 0
735 141 40 0 0
736 140 40 0 0
737 141 40 0 0
738 140 40 0 0
739 140 41 0 0
740 141 41 0 0
741 140 41 0 0
742 141 41 0 0
743 142 41 0 0
744 141 41 0 0
745 142 41 0 0
746 141 41 0 0
747 142 41 0 0
748 143 41 0 0
749 142 41 0 0
750 143 41 0 0
751 142 41 0 0
752 143 41 0 0
753 144 41 0 0
754 143 41 0 0
755 143 42 0 0
756 144 42 0 0
757 143 42 0 0
758 144 42 0 0
759 143 42 0 0
760 144 42 0 0
761 145 42 0 0
762 144 42 0 0
763 145 42 0 0
764 144 42 0 0
765 145 42 0 0
766 145 43 0 0
767 146 43 0 0
768 145 43 0 0
769 146 43 0 0
770 145 43 0 0
771 146 43 0 0
772 145 43 0 0
773 146 43 0 0
774 147 43 0 0
775 146 43 0 0
776 147 43 0 0
777 146 43 0 0
778 147 43 0 0
779 146 43 0 0
780 146 44 0 0
781 147 44 0 0
782 148 44 0 0
783 147 44 0 0
784 148 44 0 0
785 147 44 0 0
786 148 44 0 0
787 149 44 0 0
788 148 44 0 0
789 149 44 0 0
790 148 44 0 0
791 149 44 0 0
792 148 44 0 0
793 149 44 0 0
794 149 45 0 0
795 150 45 0 0
796 149 45 0 0
797 150 45 0 0
798 149 45 0 0
799 150 45 0 0
800 151 45 0 0
801 150 45 0 0
802 151 45 0 0
803 150 45 0 0
804 151 45 0 0
805 150 45 0 0
806 151 45 0 0
807 151 46 0 0
808 152 46 0 0
809 151 46 0 0
810 152 46 0 0
811 151 46 0 0
812 152 46 0 0
813 153 46 0 0
814 152 46 0 0
815 153 46 0 0
816 152 46 0 0
817 153 46 0 0
818 154 46 0 0
819 153 46 0 0
820 153 47 0 0
821 154 47 0 0
822 153 47 0 0
823 154 47 0 0
824 153 47 0 0
825 154 47 0 0
826 155 47 0 0
827 154 47 0 0
828 155 47 0 0
829 156 47 0 0
830 155 47 0 0
831 156 47 0 0
832 155 47 0 0
833 155 48 0 0
834 156 48 0 0
835 155 48 0 0
836 156 48 0 0
837 157 48 0 0
838 156 48 0 0
839 157 48 0 0
840 156 48 0 0
841 157 48 0 0
842 158 48 0 0
843 157 48 0 0
844 158 48 0 0
845 157 48 0 0
846 157 49 0 0
847 158 49 0 0
848 159 49 0 0
849 158 49 0 0
850 159 49 0 0
851 158 49 0 0
852 159 49 0 0
853 158 49 0 0
854 159 49 0 0
855 160 49 0 0
856 159 49 0 0
857 160 49 0 0
858 160 50 0 0
859 161 50 0 0
860 160 50 0 0
861 161 50 0 0
862 160 50 0 0
863 161 50 0 0
864 160 50 0 0
865 161 50 0 0
866 162 50 0 0
867 161 50 0 0
868 162 50 0 0
869 161 50 0 0
870 162 50 0 0
871 161 50 0 0
872 162 50 0 0
873 163 50 0 0
874 162 50 0 0
875 163 50 0 0
876 164 50 0 0
877 163 50 0 0
878 164 50 0 0
879 163 50 0 0
880 164 50 0 0
881 163 50 0 0
882 163 51 0 0
883 164 51 0 0
884 165 51 0 0
885 164 51 0 0
886 165 51 0 0
887 164 51 0 0
888 165 51 0 0
889 166 51 0 0
890 165 51 0 0
891 166 51 0 0
892 165 51 0 0
893 166 51 0 0
894 167 51 0 0
895 166 51 0 0
896 167 51 0 0
897 166 51 0 0
898 167 51 0 0
899 166 51 0 0
900 166 52 0 0
901 167 52 0 0
902 168 52 0 0
903 167 52 0 0
904 168 52 0 0
905 167 52 0 0
906 168 52 0 0
907 169 52 0 0
908 168 52 0 0
909 169 52 0 0
910 168 52 0 0
911 169 52 0 0
912 170 52 0 0
913 169 52 0 0
914 170 52 0 0
915 169 52 0 0
916 170 52 0 0
917 170 53 0 0
918 171 53 0 0
919 170 53 0 0
920 171 53 0 0
921 170 53 0 0
922 171 53 0 0
923 170 53 0 0
924 171 53 0 0
925 172 53 0 0
926 171 53 0 0
927 172 53 0 0
928 171 53 0 0
929 172 53 0 0
930 173 53 0 0
931 172 53 0 0
932 173 53 0 0
933 174 53 0 0
934 173 53 0 0
935 173 54 0 0
936 174 54 0 0
937 173 54 0 0
938 174 54 0 0
939 175 54 0 0
940 174 54 0 0
941 175 54 0 0
942 174 54 0 0
943 175 54 0 0
944 176 54 0 0
945 175 54 0 0
946 176 54 0 0
947 177 54 0 0
948 176 54 0 0
949 177 54 0 0
950 176 54 0 0
951 176 55 0 0
952 177 55 0 0
953 178 55 0 0
954 177 55 0 0
955 178 55 0 0
956 177 55 0 0
957 178 55 0 0
958 179 55 0 0
959 178 55 0 0
960 179 55 0 0
961 178 55 0 0
962 179 55 0 0
963 180 55 0 0
964 179 55 0 0
965 180 55 0 0
966 180 56 0 0
967 181 56 0 0
968 180 56 0 0
969 181 56 0 0
970 180 56 0 0
971 181 56 0 0
972 182 56 0 0
973 181 56 0 0
974 182 56 0 0
975 183 56 0 0
976 182 56 0 0
977 183 56 0 0
978 182 56 0 0
979 183 56 0 0
980 184 56 0 0
981 183 56 0 0
982 183 57 0 0
983 184 57 0 0
984 183 57 0 0
985 184 57 0 0
986 185 57 0 0
987 184 57 0 0
988 185 57 0 0
989 186 57 0 0
990 185 57 0 0
991 186 57 0 0
992 187 57 0 0
993 186 57 0 0
994 187 57 0 0
995 186 57 0 0
996 187 57 0 0
997 188 57 0 0
998 187 57 0 0
999 188 57 0 0
1000 189 57 0 0
1001 188 57 0 0
1002 189 57 0 0
1003 188 57 0 0
1004 189 57 0 0
1005 190 57 0 0
1006 189 57 0 0
1007 189 58 0 0
1008 190 58 0 0
1009 191 58 0 0
1010 190 58 0 0
1011 191 58 0 0
1012 190 58 0 0
1013 191 58 0 0
1014 192 58 0 0
1015 191 58 0 0
1016 192 58 0 0
1017 191 58 0 0
1018 192 58 0 0
1019 193 58 0 0
1020 192 58 0 0
1021 193 58 0 0
1022 194 58 0 0
1023 193 58 0 0
1024 194 58 0 0
1025 193 58 0 0
1026 194 58 0 0
