0 194 66 0 0
1 193 66 0 0
2 192 66 0 0
3 193 66 0 0
4 192 66 0 0
5 191 66 0 0
6 192 66 0 0
7 191 66 0 0
8 190 66 0 0
9 191 66 0 0
10 190 66 0 0
11 189 66 0 0
12 188 66 0 0
13 189 66 0 0
14 188 66 0 0
15 187 66 0 0
16 188 66 0 0
17 187 66 0 0
18 186 66 0 0
19 187 66 0 0
20 186 66 0 0
21 186 65 0 0
22 185 65 0 0
23 186 65 0 0
24 185 65 0 0
25 186 65 0 0
26 185 65 0 0
27 184 65 0 0
28 185 65 0 0
29 184 65 0 0
30 183 65 0 0
31 184 65 0 0
32 183 65 0 0
33 182 65 0 0
34 183 65 0 0
35 182 65 0 0
36 181 65 0 0
37 181 64 0 0
38 182 64 0 0
39 181 64 0 0
40 180 64 0 0
41 181 64 0 0
42 180 64 0 0
43 181 64 0 0
44 180 64 0 0
45 179 64 0 0
46 180 64 0 0
47 179 64 0 0
48 178 64 0 0
49 179 64 0 0
50 178 64 0 0
51 177 64 0 0
52 177 63 0 0
53 178 63 0 0
54 177 63 0 0
55 178 63 0 0
56 177 63 0 0
57 176 63 0 0
58 177 63 0 0
59 176 63 0 0
60 175 63 0 0
61 176 63 0 0
62 175 63 0 0
63 174 63 0 0
64 175 63 0 0
65 174 63 0 0
66 173 63 0 0
67 174 63 0 0
68 173 63 0 0
69 174 63 0 0
70 173 63 0 0
71 173 62 0 0
72 172 62 0 0
73 173 62 0 0
74 172 62 0 0
75 171 62 0 0
76 172 62 0 0
77 171 62 0 0
78 170 62 0 0
79 171 62 0 0
80 170 62 0 0
81 169 62 0 0
82 170 62 0 0
83 169 62 0 0
84 170 62 0 0
85 169 62 0 0
86 168 62 0 0
87 169 62 0 0
88 168 62 0 0
89 169 62 0 0
90 168 62 0 0
91 168 61 0 0
92 167 61 0 0
93 168 61 0 0
94 167 61 0 0
95 166 61 0 0
96 167 61 0 0
97 166 61 0 0
98 165 61 0 0
99 166 61 0 0
100 165 61 0 0
101 166 61 0 0
102 165 61 0 0
103 164 61 0 0
104 164 60 0 0
105 163 60 0 0
106 164 60 0 0
107 163 60 0 0
108 164 60 0 0
109 163 60 0 0
110 162 60 0 0
111 163 60 0 0
112 162 60 0 0
113 161 60 0 0
114 162 60 0 0
115 161 60 0 0
116 161 59 0 0
117 160 59 0 0
118 161 59 0 0
119 160 59 0 0
120 159 59 0 0
121 160 59 0 0
122 159 59 0 0
123 158 59 0 0
124 159 59 0 0
125 158 59 0 0
126 158 58 0 0
127 159 58 0 0
128 158 58 0 0
129 157 58 0 0
130 158 58 0 0
131 157 58 0 0
132 156 58 0 0
133 157 58 0 0
134 156 58 0 0
135 156 57 0 0
136 155 57 0 0
137 156 57 0 0
138 155 57 0 0
139 156 57 0 0
140 155 57 0 0
141 155 56 0 0
142 154 56 0 0
143 155 56 0 0
144 154 56 0 0
145 153 56 0 0
146 154 56 0 0
147 153 56 0 0
148 153 55 0 0
149 152 55 0 0
150 153 55 0 0
151 152 55 0 0
152 151 55 0 0
153 152 55 0 0
154 151 55 0 0
155 150 55 0 0
156 151 55 0 0
157 150 55 0 0
158 149 55 0 0
159 149 54 0 0
160 150 54 0 0
161 149 54 0 0
162 148 54 0 0
163 147 54 0 0
164 148 54 0 0
165 147 54 0 0
166 148 54 0 0
167 147 54 0 0
168 146 54 0 0
169 146 53 0 0
170 147 53 0 0
171 146 53 0 0
172 145 53 0 0
173 146 53 0 0
174 145 53 0 0
175 146 53 0 0
176 145 53 0 0
177 145 52 0 0
178 144 52 0 0
179 145 52 0 0
180 144 52 0 0
181 145 52 0 0
182 144 52 0 0
183 145 52 0 0
184 144 52 0 0
185 145 52 0 0
186 144 52 0 0
187 145 52 0 0
188 144 52 0 0
189 145 52 0 0
190 144 52 0 0
191 145 52 0 0
192 144 52 0 0
193 145 52 0 0
194 144 52 0 0
195 145 52 0 0
196 144 52 0 0
197 145 52 0 0
198 144 52 0 0
199 144 51 0 0
200 143 51 0 0
201 142 51 0 0
202 142 50 0 0
203 141 50 0 0
204 141 49 0 0
205 140 49 0 0
206 140 48 0 0
207 139 48 0 0
208 138 48 0 0
209 139 48 0 0
210 138 48 0 0
211 139 48 0 0
212 138 48 0 0
213 138 47 0 0
214 137 47 0 0
215 136 47 0 0
216 136 46 0 0
217 135 46 0 0
218 134 46 0 0
219 133 46 0 0
220 134 46 0 0
221 133 46 0 0
222 133 45 0 0
223 134 45 0 0
224 133 45 0 0
225 132 45 0 0
226 133 45 0 0
227 132 45 0 0
228 133 45 0 0
229 132 45 0 0
230 131 45 0 0
231 132 45 0 0
232 131 45 0 0
233 132 45 0 0
234 131 45 0 0
235 130 45 0 0
236 130 44 0 0
237 131 44 0 0
238 130 44 0 0
239 131 44 0 0
240 130 44 0 0
241 129 44 0 0
242 130 44 0 0
243 129 44 0 0
244 128 44 0 0
245 129 44 0 0
246 128 44 0 0
247 129 44 0 0
248 128 44 0 0
249 127 44 0 0
250 127 43 0 0
251 128 43 0 0
252 127 43 0 0
253 128 43 0 0
254 127 43 0 0
255 126 43 0 0
256 127 43 0 0
257 126 43 0 0
258 125 43 0 0
259 126 43 0 0
260 125 43 0 0
261 124 43 0 0
262 124 42 0 0
263 125 42 0 0
264 124 42 0 0
265 123 42 0 0
266 124 42 0 0
267 123 42 0 0
268 124 42 0 0
269 123 42 0 0
270 122 42 0 0
271 123 42 0 0
272 122 42 0 0
273 121 42 0 0
274 122 42 0 0
275 121 42 0 0
276 121 41 0 0
277 122 41 0 0
278 121 41 0 0
279 120 41 0 0
280 121 41 0 0
281 120 41 0 0
282 119 41 0 0
283 118 41 0 0
284 117 41 0 0
285 116 41 0 0
286 117 41 0 0
287 116 41 0 0
288 115 41 0 0
289 114 41 0 0
290 113 41 0 0
291 114 41 0 0
292 113 41 0 0
293 112 41 0 0
294 111 41 0 0
295 112 41 0 0
296 111 41 0 0
297 111 40 0 0
298 112 40 0 0
299 111 40 0 0
300 110 40 0 0
301 111 40 0 0
302 110 40 0 0
303 111 40 0 0
304 110 40 0 0
305 109 40 0 0
306 110 40 0 0
307 109 40 0 0
308 108 40 0 0
309 109 40 0 0
310 108 40 0 0
311 108 39 0 0
312 109 39 0 0
313 108 39 0 0
314 107 39 0 0
315 108 39 0 0
316 107 39 0 0
317 106 39 0 0
318 107 39 0 0
319 106 39 0 0
320 105 39 0 0
321 106 39 0 0
322 105 39 0 0
323 106 39 0 0
324 105 39 0 0
325 105 38 0 0
326 104 38 0 0
327 105 38 0 0
328 104 38 0 0
329 103 38 0 0
330 104 38 0 0
331 103 38 0 0
332 104 38 0 0
333 103 38 0 0
334 102 38 0 0
335 103 38 0 0
336 102 38 0 0
337 103 38 0 0
338 102 38 0 0
339 102 37 0 0
340 101 37 0 0
341 102 37 0 0
342 101 37 0 0
343 100 37 0 0
344 101 37 0 0
345 100 37 0 0
346 99 37 0 0
347 100 37 0 0
348 99 37 0 0
349 98 37 0 0
350 99 37 0 0
351 98 37 0 0
352 97 37 0 0
353 98 37 0 0
354 97 37 0 0
355 96 37 0 0
356 97 37 0 0
357 96 37 0 0
358 95 37 0 0
359 96 37 0 0
360 95 37 0 0
361 94 37 0 0
362 95 37 0 0
363 94 37 0 0
364 93 37 0 0
365 94 37 0 0
366 93 37 0 0
367 92 37 0 0
368 93 37 0 0
369 92 37 0 0
370 92 36 0 0
371 91 36 0 0
372 92 36 0 0
373 91 36 0 0
374 92 36 0 0
375 91 36 0 0
376 92 36 0 0
377 91 36 0 0
378 90 36 0 0
379 91 36 0 0
380 90 36 0 0
381 91 36 0 0
382 90 36 0 0
383 91 36 0 0
384 90 36 0 0
385 89 36 0 0
386 90 36 0 0
387 89 36 0 0
388 90 36 0 0
389 89 36 0 0
390 88 36 0 0
391 89 36 0 0
392 88 36 0 0
393 89 36 0 0
394 88 36 0 0
395 89 36 0 0
396 88 36 0 0
397 87 36 0 0
398 88 36 0 0
399 87 36 0 0
400 88 36 0 0
401 87 36 0 0
402 86 36 0 0
403 87 36 0 0
404 86 36 0 0
405 87 36 0 0
406 86 36 0 0
407 85 36 0 0
408 86 36 0 0
409 85 36 0 0
410 84 36 0 0
411 85 36 0 0
412 84 36 0 0
413 83 36 0 0
414 84 36 0 0
415 83 36 0 0
416 82 36 0 0
417 81 36 0 0
418 82 36 0 0
419 81 36 0 0
420 82 36 0 0
421 81 36 0 0
422 80 36 0 0
423 81 36 0 0
424 80 36 0 0
425 79 36 0 0
426 78 36 0 0
427 79 36 0 0
428 78 36 0 0
429 77 36 0 0
430 78 36 0 0
431 77 36 0 0
432 76 36 0 0
433 77 36 0 0
434 76 36 0 0
435 75 36 0 0
436 76 36 0 0
437 75 36 0 0
438 76 36 0 0
439 75 36 0 0
440 74 36 0 0
441 75 36 0 0
442 74 36 0 0
443 73 36 0 0
444 74 36 0 0
445 73 36 0 0
446 74 36 0 0
447 73 36 0 0
448 72 36 0 0
449 73 36 0 0
450 72 36 0 0
451 71 36 0 0
452 72 36 0 0
453 71 36 0 0
454 72 36 0 0
455 71 36 0 0
456 70 36 0 0
457 71 36 0 0
458 70 36 0 0
459 69 36 0 0
460 70 36 0 0
461 69 36 0 0
462 70 36 0 0
463 69 36 0 0
464 68 36 0 0
465 69 36 0 0
466 68 36 0 0
467 69 36 0 0
468 68 36 0 0
469 67 36 0 0
470 68 36 0 0
471 67 36 0 0
472 68 36 0 0
473 67 36 0 0
474 66 36 0 0
475 67 36 0 0
476 66 36 0 0
477 67 36 0 0
478 66 36 0 0
479 65 36 0 0
480 66 36 0 0
481 65 36 0 0
482 66 36 0 0
483 65 36 0 0
484 64 36 0 0
485 65 36 0 0
486 64 36 0 0
487 65 36 0 0
488 64 36 0 0
489 63 36 0 0
490 64 36 0 0
491 63 36 0 0
492 64 36 0 0
493 63 36 0 0
494 62 36 0 0
495 63 36 0 0
496 62 36 0 0
497 61 36 0 0
498 62 36 0 0
499 61 36 0 0
500 62 36 0 0
501 61 36 0 0
502 60 36 0 0
503 61 36 0 0
504 60 36 0 0
505 59 36 0 0
506 60 36 0 0
507 59 36 0 0
508 59 35 0 0
509 58 35 0 0
510 59 35 0 0
511 58 35 0 0
512 57 35 0 0
513 58 35 0 0
514 57 35 0 0
515 56 35 0 0
516 57 35 0 0
517 56 35 0 0
518 55 35 0 0
519 56 35 0 0
520 55 35 0 0
521 55 34 0 0
522 54 34 0 0
523 55 34 0 0
524 54 34 0 0
525 53 34 0 0
526 54 34 0 0
527 53 34 0 0
528 52 34 0 0
529 51 34 0 0
530 52 34 0 0
531 51 34 0 0
532 51 33 0 0
533 52 33 0 0
534 51 33 0 0
535 50 33 0 0
536 51 33 0 0
537 50 33 0 0
538 51 33 0 0
539 50 33 0 0
540 51 33 0 0
541 50 33 0 0
542 50 32 0 0
543 51 32 0 0
544 50 32 0 0
545 49 32 0 0
546 50 32 0 0
547 49 32 0 0
548 50 32 0 0
549 49 32 0 0
550 50 32 0 0
551 49 32 0 0
552 49 31 0 0
553 50 31 0 0
554 49 31 0 0
555 48 31 0 0
556 49 31 0 0
557 48 31 0 0
558 47 31 0 0
559 48 31 0 0
560 47 31 0 0
561 48 31 0 0
562 47 31 0 0
563 46 31 0 0
564 47 31 0 0
565 46 31 0 0
566 45 31 0 0
567 45 30 0 0
568 46 30 0 0
569 45 30 0 0
570 46 30 0 0
571 45 30 0 0
572 44 30 0 0
573 45 30 0 0
574 44 30 0 0
575 45 30 0 0
576 44 30 0 0
577 43 30 0 0
578 44 30 0 0
579 43 30 0 0
580 42 30 0 0
581 43 30 0 0
582 42 30 0 0
583 42 29 0 0
584 43 29 0 0
585 42 29 0 0
586 41 29 0 0
587 42 29 0 0
588 41 29 0 0
589 42 29 0 0
590 41 29 0 0
591 42 29 0 0
592 41 29 0 0
593 40 29 0 0
594 41 29 0 0
595 40 29 0 0
596 41 29 0 0
597 40 29 0 0
598 39 29 0 0
599 39 28 0 0
600 40 28 0 0
601 39 28 0 0
602 40 28 0 0
603 39 28 0 0
604 40 28 0 0
605 39 28 0 0
606 40 28 0 0
607 39 28 0 0
608 38 28 0 0
609 39 28 0 0
610 38 28 0 0
611 39 28 0 0
612 38 28 0 0
613 38 27 0 0
614 37 27 0 0
615 38 27 0 0
616 37 27 0 0
617 38 27 0 0
618 37 27 0 0
619 38 27 0 0
620 37 27 0 0
621 36 27 0 0
622 37 27 0 0
623 36 27 0 0
624 36 26 0 0
625 37 26 0 0
626 36 26 0 0
627 37 26 0 0
628 36 26 0 0
629 35 26 0 0
630 35 25 0 0
631 36 25 0 0
632 35 25 0 0
633 36 25 0 0
634 35 25 0 0
635 34 25 0 0
636 34 24 0 0
637 35 24 0 0
638 34 24 0 0
639 35 24 0 0
640 34 24 0 0
641 35 24 0 0
642 34 24 0 0
643 34 23 0 0
644 33 23 0 0
645 34 23 0 0
646 33 23 0 0
647 32 23 0 0
648 33 23 0 0
649 32 23 0 0
650 32 22 0 0
651 33 22 0 0
652 32 22 0 0
653 33 22 0 0
654 32 22 0 0
655 31 22 0 0
656 31 21 0 0
657 32 21 0 0
658 31 21 0 0
659 32 21 0 0
660 31 21 0 0
661 32 21 0 0
662 31 21 0 0
663 31 20 0 0
664 30 20 0 0
665 31 20 0 0
666 30 20 0 0
667 31 20 0 0
668 30 20 0 0
669 29 20 0 0
670 29 19 0 0
671 30 19 0 0
672 29 19 0 0
673 30 19 0 0
674 29 19 0 0
675 30 19 0 0
676 29 19 0 0
677 29 18 0 0
678 30 18 0 0
679 29 18 0 0
680 28 18 0 0
681 29 18 0 0
682 28 18 0 0
683 28 17 0 0
684 29 17 0 0
685 28 17 0 0
686 29 17 0 0
687 28 17 0 0
688 29 17 0 0
689 28 17 0 0
690 28 16 0 0
691 27 16 0 0
692 28 16 0 0
693 27 16 0 0
694 28 16 0 0
695 27 16 0 0
696 28 16 0 0
697 27 16 0 0
698 27 15 0 0
699 26 15 0 0
700 27 15 0 0
701 26 15 0 0
702 27 15 0 0
703 26 15 0 0
704 26 14 0 0
705 27 14 0 0
706 26 14 0 0
707 27 14 0 0
708 26 14 0 0
709 25 14 0 0
710 25 13 0 0
711 26 13 0 0
712 25 13 0 0
713 26 13 0 0
714 25 13 0 0
715 26 13 0 0
716 25 13 0 0
717 25 12 0 0
718 26 12 0 0
719 25 12 0 0
720 24 12 0 0
721 25 12 0 0
722 24 12 0 0
723 24 11 0 0
724 25 11 0 0
725 24 11 0 0
726 25 11 0 0
727 24 11 0 0
728 25 11 0 0
729 24 11 0 0
730 24 10 0 0
731 25 10 0 0
732 24 10 0 0
733 23 10 0 0
734 23 9 0 0
735 24 9 0 0
736 23 9 0 0
737 24 9 0 0
738 23 9 0 0
739 23 8 0 0
740 22 8 0 0
741 23 8 0 0
742 22 8 0 0
743 23 8 0 0
744 22 8 0 0
745 22 7 0 0
746 23 7 0 0
747 22 7 0 0
748 21 7 0 0
749 21 6 0 0
750 22 6 0 0
751 21 6 0 0
752 22 6 0 0
753 21 6 0 0
754 22 6 0 0
755 21 6 0 0
756 22 6 0 0
757 21 6 0 0
758 22 6 0 0
759 21 6 0 0
760 21 5 0 0
761 22 5 0 0
762 21 5 0 0
763 22 5 0 0
764 21 5 0 0
765 22 5 0 0
766 21 5 0 0
767 22 5 0 0
768 21 5 0 0
769 21 4 0 0
770 22 4 0 0
771 21 4 0 0
772 22 4 0 0
773 21 4 0 0
774 22 4 0 0
775 21 4 0 0
776 22 4 0 0
777 21 4 0 0
778 22 4 0 0
779 21 4 0 0
780 22 4 0 0
781 21 4 0 0
782 22 4 0 0
783 21 4 0 0
784 22 4 0 0
785 21 4 0 0
786 22 4 0 0
787 21 4 0 0
788 22 4 0 0
789 21 4 0 0
790 22 4 0 0
791 21 4 0 0
792 22 4 0 0
793 21 4 0 0
794 22 4 0 0
795 21 4 0 0
796 22 4 0 0
797 21 4 0 0
798 22 4 0 0
799 21 4 0 0
800 22 4 0 0
801 21 4 0 0
802 22 4 0 0
803 21 4 0 0
804 22 4 0 0
805 21 4 0 0
806 22 4 0 0
807 21 4 0 0
808 22 4 0 0
809 21 4 0 0
810 22 4 0 0
811 21 4 0 0
812 22 4 0 0
813 21 4 0 0
814 22 4 0 0
815 21 4 0 0
816 22 4 0 0
817 21 4 0 0
818 22 4 0 0
819 21 4 0 0
820 22 4 0 0
821 21 4 0 0
822 22 4 0 0
823 21 4 0 0
824 22 4 0 0
825 21 4 0 0
826 22 4 0 0
827 21 4 0 0
828 22 4 0 0
829 21 4 0 0
830 22 4 0 0
831 21 4 0 0
832 22 4 0 0
833 21 4 0 0
834 22 4 0 0
835 21 4 0 0
836 22 4 0 0
837 21 4 0 0
838 22 4 0 0
839 21 4 0 0
840 22 4 0 0
841 21 4 0 0
842 22 4 0 0
843 21 4 0 0
844 22 4 0 0
845 21 4 0 0
846 22 4 0 0
847 21 4 0 0
848 20 4 0 0
849 21 4 0 0
850 20 4 0 0
851 21 4 0 0
852 20 4 0 0
853 21 4 0 0
854 20 4 0 0
855 21 4 0 0
856 20 4 0 0
857 21 4 0 0
858 20 4 0 0
859 21 4 0 0
860 20 4 0 0
861 21 4 0 0
862 20 4 0 0
863 21 4 0 0
864 20 4 0 0
865 21 4 0 0
866 20 4 0 0
867 21 4 0 0
868 20 4 0 0
869 21 4 0 0
870 20 4 0 0
871 21 4 0 0
872 20 4 0 0
873 21 4 0 0
874 20 4 0 0
875 21 4 0 0
876 20 4 0 0
877 21 4 0 0
878 20 4 0 0
879 21 4 0 0
880 20 4 0 0
881 21 4 0 0
882 20 4 0 0
883 21 4 0 0
884 20 4 0 0
885 21 4 0 0
886 20 4 0 0
887 21 4 0 0
888 20 4 0 0
889 21 4 0 0
890 20 4 0 0
891 21 4 0 0
892 20 4 0 0
893 21 4 0 0
894 20 4 0 0
895 21 4 0 0
896 20 4 0 0
897 21 4 0 0
898 20 4 0 0
899 21 4 0 0
900 20 4 0 0
901 21 4 0 0
902 20 4 0 0
903 21 4 0 0
904 20 4 0 0
905 21 4 0 0
906 20 4 0 0
907 21 4 0 0
908 20 4 0 0
909 21 4 0 0
910 20 4 0 0
911 21 4 0 0
912 20 4 0 0
913 21 4 0 0
914 20 4 0 0
915 21 4 0 0
916 20 4 0 0
917 21 4 0 0
918 20 4 0 0
919 21 4 0 0
920 20 4 0 0
921 21 4 0 0
922 20 4 0 0
923 21 4 0 0
924 20 4 0 0
925 21 4 0 0
926 20 4 0 0
927 21 4 0 0
928 20 4 0 0
929 21 4 0 0
930 20 4 0 0
931 21 4 0 0
932 20 4 0 0
933 21 4 0 0
934 20 4 0 0
935 21 4 0 0
936 20 4 0 0
937 21 4 0 0
938 20 4 0 0
939 21 4 0 0
940 20 4 0 0
941 21 4 0 0
942 20 4 0 0
943 21 4 0 0
944 20 4 0 0
945 21 4 0 0
946 20 4 0 0
947 21 4 0 0
948 20 4 0 0
949 21 4 0 0
950 20 4 0 0
951 21 4 0 0
952 20 4 0 0
953 21 4 0 0
954 20 4 0 0
955 21 4 0 0
956 20 4 0 0
957 21 4 0 0
958 20 4 0 0
959 21 4 0 0
960 20 4 0 0
961 21 4 0 0
962 20 4 0 0
963 21 4 0 0
964 20 4 0 0
965 21 4 0 0
966 20 4 0 0
967 21 4 0 0
968 20 4 0 0
969 21 4 0 0
970 20 4 0 0
971 21 4 0 0
972 20 4 0 0
973 21 4 0 0
974 20 4 0 0
975 21 4 0 0
976 20 4 0 0
977 21 4 0 0
978 20 4 0 0
979 21 4 0 0
980 20 4 0 0
981 21 4 0 0
982 20 4 0 0
983 21 4 0 0
984 20 4 0 0
985 21 4 0 0
986 20 4 0 0
987 21 4 0 0
988 20 4 0 0
989 21 4 0 0
990 20 4 0 0
991 21 4 0 0
992 20 4 0 0
993 21 4 0 0
994 20 4 0 0
995 21 4 0 0
996 20 4 0 0
997 21 4 0 0
998 20 4 0 0
999 21 4 0 0
1000 20 4 0 0
1001 21 4 0 0
1002 20 4 0 0
1003 21 4 0 0
1004 20 4 0 0
1005 21 4 0 0
1006 20 4 0 0
1007 21 4 0 0
1008 20 4 0 0
1009 21 4 0 0
1010 20 4 0 0
1011 21 4 0 0
1012 20 4 0 0
1013 21 4 0 0
1014 20 4 0 0
1015 21 4 0 0
1016 20 4 0 0
1017 21 4 0 0
1018 20 4 0 0
1019 21 4 0 0
1020 20 4 0 0
1021 21 4 0 0
1022 20 4 0 0
1023 21 4 0 0
1024 20 4 0 0
1025 21 4 0 0
1026 20 4 0 0
1027 21 4 0 0
1028 20 4 0 0
1029 21 4 0 0
1030 20 4 0 0
1031 21 4 0 0
1032 20 4 0 0
1033 21 4 0 0
1034 20 4 0 0
1035 21 4 0 0
1036 20 4 0 0
1037 21 4 0 0
1038 20 4 0 0
1039 21 4 0 0
1040 20 4 0 0
1041 21 4 0 0
1042 20 4 0 0
1043 21 4 0 0
1044 20 4 0 0
1045 21 4 0 0
1046 20 4 0 0
1047 21 4 0 0
1048 20 4 0 0
1049 21 4 0 0
1050 20 4 0 0
1051 21 4 0 0
1052 20 4 0 0
1053 21 4 0 0
1054 20 4 0 0
1055 21 4 0 0
1056 20 4 0 0
1057 21 4 0 0
1058 20 4 0 0
1059 21 4 0 0
1060 20 4 0 0
1061 21 4 0 0
1062 20 4 0 0
1063 21 4 0 0
1064 20 4 0 0
1065 21 4 0 0
1066 20 4 0 0
1067 21 4 0 0
1068 20 4 0 0
1069 21 4 0 0
1070 20 4 0 0
1071 21 4 0 0
1072 20 4 0 0
1073 21 4 0 0
1074 20 4 0 0
1075 21 4 0 0
1076 20 4 0 0
1077 21 4 0 0
1078 20 4 0 0
1079 21 4 0 0
1080 20 4 0 0
1081 21 4 0 0
1082 20 4 0 0
1083 21 4 0 0
1084 20 4 0 0
1085 21 4 0 0
1086 20 4 0 0
1087 21 4 0 0
1088 20 4 0 0
1089 21 4 0 0
1090 20 4 0 0
1091 21 4 0 0
1092 20 4 0 0
1093 21 4 0 0
1094 20 4 0 0
1095 21 4 0 0
1096 20 4 0 0
1097 21 4 0 0
1098 20 4 0 0
1099 21 4 0 0
1100 20 4 0 0
1101 21 4 0 0
1102 20 4 0 0
1103 21 4 0 0
1104 20 4 0 0
1105 21 4 0 0
1106 20 4 0 0
1107 21 4 0 0
1108 20 4 0 0
1109 21 4 0 0
1110 20 4 0 0
1111 21 4 0 0
1112 20 4 0 0
1113 21 4 0 0
1114 20 4 0 0
1115 21 4 0 0
1116 20 4 0 0
1117 21 4 0 0
1118 20 4 0 0
1119 21 4 0 0
1120 20 4 0 0
1121 21 4 0 0
1122 20 4 0 0
1123 21 4 0 0
1124 20 4 0 0
1125 21 4 0 0
1126 20 4 0 0
1127 21 4 0 0
1128 20 4 0 0
1129 21 4 0 0
1130 20 4 0 0
1131 21 4 0 0
1132 20 4 0 0
1133 21 4 0 0
1134 20 4 0 0
1135 21 4 0 0
1136 20 4 0 0
1137 21 4 0 0
1138 20 4 0 0
1139 21 4 0 0
1140 20 4 0 0
1141 21 4 0 0
1142 20 4 0 0
1143 21 4 0 0
1144 20 4 0 0
1145 21 4 0 0
1146 20 4 0 0
1147 21 4 0 0
1148 20 4 0 0
1149 21 4 0 0
1150 20 4 0 0
1151 21 4 0 0
1152 20 4 0 0
1153 21 4 0 0
1154 20 4 0 0
1155 21 4 0 0
1156 20 4 0 0
1157 21 4 0 0
1158 20 4 0 0
1159 21 4 0 0
1160 20 4 0 0
1161 21 4 0 0
1162 20 4 0 0
1163 21 4 0 0
1164 20 4 0 0
1165 21 4 0 0
1166 20 4 0 0
1167 21 4 0 0
1168 20 4 0 0
1169 21 4 0 0
1170 20 4 0 0
1171 21 4 0 0
1172 20 4 0 0
1173 21 4 0 0
1174 20 4 0 0
1175 21 4 0 0
1176 20 4 0 0
1177 21 4 0 0
1178 20 4 0 0
1179 21 4 0 0
1180 20 4 0 0
1181 21 4 0 0
1182 20 4 0 0
1183 21 4 0 0
1184 20 4 0 0
1185 21 4 0 0
1186 20 4 0 0
1187 21 4 0 0
1188 20 4 0 0
1189 21 4 0 0
1190 20 4 0 0
1191 21 4 0 0
1192 20 4 0 0
1193 21 4 0 0
1194 20 4 0 0
1195 21 4 0 0
1196 20 4 0 0
1197 21 4 0 0
1198 20 4 0 0
1199 21 4 0 0
1200 20 4 0 0
1201 21 4 0 0
1202 20 4 0 0
1203 21 4 0 0
1204 20 4 0 0
1205 21 4 0 0
1206 20 4 0 0
1207 21 4 0 0
1208 20 4 0 0
1209 21 4 0 0
1210 20 4 0 0
1211 21 4 0 0
1212 20 4 0 0
1213 21 4 0 0
1214 20 4 0 0
1215 21 4 0 0
1216 20 4 0 0
1217 21 4 0 0
1218 20 4 0 0
1219 21 4 0 0
1220 20 4 0 0
1221 21 4 0 0
1222 20 4 0 0
1223 21 4 0 0
1224 20 4 0 0
1225 21 4 0 0
1226 20 4 0 0
1227 21 4 0 0
1228 20 4 0 0
1229 21 4 0 0
1230 20 4 0 0
1231 21 4 0 0
1232 20 4 0 0
1233 21 4 0 0
1234 20 4 0 0
1235 21 4 0 0
1236 20 4 0 0
1237 21 4 0 0
1238 20 4 0 0
1239 21 4 0 0
1240 20 4 0 0
1241 21 4 0 0
1242 20 4 0 0
1243 21 4 0 0
1244 20 4 0 0
1245 21 4 0 0
1246 20 4 0 0
1247 21 4 0 0
1248 20 4 0 0
1249 21 4 0 0
1250 20 4 0 0
1251 21 4 0 0
1252 20 4 0 0
1253 21 4 0 0
1254 20 4 0 0
1255 21 4 0 0
1256 20 4 0 0
1257 21 4 0 0
1258 20 4 0 0
1259 21 4 0 0
1260 20 4 0 0
1261 21 4 0 0
1262 20 4 0 0
1263 21 4 0 0
1264 20 4 0 0
1265 21 4 0 0
1266 20 4 0 0
1267 21 4 0 0
1268 20 4 0 0
1269 21 4 0 0
1270 20 4 0 0
1271 21 4 0 0
1272 20 4 0 0
1273 21 4 0 0
1274 20 4 0 0
1275 21 4 0 0
1276 20 4 0 0
1277 21 4 0 0
1278 20 4 0 0
1279 21 4 0 0
1280 20 4 0 0
1281 21 4 0 0
1282 20 4 0 0
1283 21 4 0 0
1284 20 4 0 0
1285 21 4 0 0
1286 20 4 0 0
1287 21 4 0 0
1288 20 4 0 0
1289 21 4 0 0
1290 20 4 0 0
1291 21 4 0 0
1292 20 4 0 0
1293 21 4 0 0
1294 20 4 0 0
1295 21 4 0 0
1296 20 4 0 0
1297 21 4 0 0
1298 20 4 0 0
1299 21 4 0 0
1300 20 4 0 0
1301 21 4 0 0
1302 20 4 0 0
1303 21 4 0 0
1304 20 4 0 0
1305 21 4 0 0
1306 20 4 0 0
1307 21 4 0 0
1308 20 4 0 0
1309 21 4 0 0
1310 20 4 0 0
1311 21 4 0 0
1312 20 4 0 0
1313 21 4 0 0
1314 20 4 0 0
1315 21 4 0 0
1316 20 4 0 0
1317 21 4 0 0
1318 20 4 0 0
1319 21 4 0 0
1320 20 4 0 0
1321 21 4 0 0
1322 20 4 0 0
1323 21 4 0 0
1324 20 4 0 0
1325 21 4 0 0
1326 20 4 0 0
1327 21 4 0 0
1328 20 4 0 0
1329 21 4 0 0
1330 20 4 0 0
1331 21 4 0 0
1332 20 4 0 0
1333 21 4 0 0
1334 20 4 0 0
1335 21 4 0 0
1336 20 4 0 0
1337 21 4 0 0
1338 20 4 0 0
1339 21 4 0 0
1340 20 4 0 0
1341 21 4 0 0
1342 20 4 0 0
1343 21 4 0 0
1344 20 4 0 0
1345 21 4 0 0
1346 20 4 0 0
1347 21 4 0 0
1348 20 4 0 0
1349 21 4 0 0
1350 20 4 0 0
1351 21 4 0 0
1352 20 4 0 0
1353 21 4 0 0
1354 20 4 0 0
1355 21 4 0 0
1356 20 4 0 0
1357 21 4 0 0
1358 20 4 0 0
1359 21 4 0 0
1360 20 4 0 0
1361 21 4 0 0
1362 20 4 0 0
1363 21 4 0 0
1364 20 4 0 0
1365 21 4 0 0
1366 20 4 0 0
1367 21 4 0 0
1368 20 4 0 0
1369 21 4 0 0
1370 20 4 0 0
1371 21 4 0 0
1372 20 4 0 0
1373 21 4 0 0
1374 20 4 0 0
1375 21 4 0 0
1376 20 4 0 0
1377 21 4 0 0
1378 20 4 0 0
1379 21 4 0 0
1380 20 4 0 0
1381 21 4 0 0
1382 20 4 0 0
1383 21 4 0 0
1384 20 4 0 0
1385 19 4 0 0
1386 20 4 0 0
1387 19 4 0 0
1388 20 4 0 0
1389 19 4 0 0
1390 20 4 0 0
1391 19 4 0 0
1392 20 4 0 0
1393 19 4 0 0
1394 20 4 0 0
1395 19 4 0 0
1396 20 4 0 0
1397 19 4 0 0
1398 20 4 0 0
1399 19 4 0 0
1400 20 4 0 0
1401 19 4 0 0
1402 20 4 0 0
1403 19 4 0 0
1404 20 4 0 0
1405 19 4 0 0
1406 20 4 0 0
1407 19 4 0 0
1408 20 4 0 0
1409 19 4 0 0
1410 20 4 0 0
1411 19 4 0 0
1412 20 4 0 0
1413 19 4 0 0
1414 20 4 0 0
1415 19 4 0 0
1416 20 4 0 0
1417 19 4 0 0
1418 20 4 0 0
1419 19 4 0 0
1420 20 4 0 0
1421 19 4 0 0
1422 20 4 0 0
1423 19 4 0 0
1424 20 4 0 0
1425 19 4 0 0
1426 20 4 0 0
1427 19 4 0 0
1428 20 4 0 0
1429 19 4 0 0
1430 20 4 0 0
1431 19 4 0 0
1432 20 4 0 0
1433 19 4 0 0
1434 20 4 0 0
1435 19 4 0 0
1436 20 4 0 0
1437 19 4 0 0
1438 20 4 0 0
1439 19 4 0 0
1440 20 4 0 0
1441 19 4 0 0
1442 20 4 0 0
1443 19 4 0 0
1444 20 4 0 0
1445 19 4 0 0
1446 20 4 0 0
1447 19 4 0 0
1448 20 4 0 0
1449 19 4 0 0
1450 20 4 0 0
1451 19 4 0 0
1452 20 4 0 0
1453 19 4 0 0
1454 20 4 0 0
1455 19 4 0 0
1456 20 4 0 0
1457 19 4 0 0
1458 20 4 0 0
1459 19 4 0 0
1460 20 4 0 0
1461 19 4 0 0
1462 20 4 0 0
1463 19 4 0 0
1464 20 4 0 0
1465 19 4 0 0
1466 20 4 0 0
1467 19 4 0 0
1468 20 4 0 0
1469 19 4 0 0
1470 20 4 0 0
1471 19 4 0 0
1472 20 4 0 0
1473 19 4 0 0
1474 20 4 0 0
1475 19 4 0 0
1476 20 4 0 0
1477 19 4 0 0
1478 20 4 0 0
1479 19 4 0 0
1480 20 4 0 0
1481 19 4 0 0
1482 20 4 0 0
1483 19 4 0 0
1484 20 4 0 0
1485 19 4 0 0
1486 20 4 0 0
1487 19 4 0 0
1488 20 4 0 0
1489 19 4 0 0
1490 20 4 0 0
1491 19 4 0 0
1492 20 4 0 0
1493 19 4 0 0
1494 20 4 0 0
1495 19 4 0 0
1496 20 4 0 0
1497 19 4 0 0
1498 20 4 0 0
1499 19 4 0 0
1500 20 4 0 0
1501 19 4 0 0
1502 20 4 0 0
1503 19 4 0 0
1504 20 4 0 0
1505 19 4 0 0
1506 20 4 0 0
1507 19 4 0 0
1508 20 4 0 0
1509 19 4 0 0
1510 20 4 0 0
1511 19 4 0 0
1512 20 4 0 0
1513 19 4 0 0
1514 20 4 0 0
1515 19 4 0 0
1516 20 4 0 0
1517 19 4 0 0
1518 20 4 0 0
1519 19 4 0 0
1520 20 4 0 0
1521 19 4 0 0
1522 20 4 0 0
1523 19 4 0 0
1524 20 4 0 0
1525 19 4 0 0
1526 20 4 0 0
1527 19 4 0 0
1528 20 4 0 0
1529 19 4 0 0
1530 20 4 0 0
1531 19 4 0 0
1532 20 4 0 0
1533 19 4 0 0
1534 20 4 0 0
1535 19 4 0 0
1536 20 4 0 0
1537 19 4 0 0
1538 20 4 0 0
1539 19 4 0 0
1540 20 4 0 0
1541 19 4 0 0
1542 20 4 0 0
1543 19 4 0 0
1544 20 4 0 0
1545 19 4 0 0
1546 20 4 0 0
1547 19 4 0 0
1548 20 4 0 0
1549 19 4 0 0
1550 20 4 0 0
1551 19 4 0 0
1552 20 4 0 0
1553 19 4 0 0
1554 20 4 0 0
1555 19 4 0 0
1556 20 4 0 0
1557 19 4 0 0
1558 20 4 0 0
1559 19 4 0 0
1560 20 4 0 0
1561 19 4 0 0
1562 20 4 0 0
1563 19 4 0 0
1564 20 4 0 0
1565 19 4 0 0
1566 20 4 0 0
1567 19 4 0 0
1568 20 4 0 0
1569 19 4 0 0
1570 20 4 0 0
1571 19 4 0 0
1572 20 4 0 0
1573 19 4 0 0
1574 20 4 0 0
1575 19 4 0 0
1576 20 4 0 0
1577 19 4 0 0
1578 20 4 0 0
1579 19 4 0 0
1580 20 4 0 0
1581 19 4 0 0
1582 20 4 0 0
1583 19 4 0 0
1584 20 4 0 0
1585 19 4 0 0
1586 20 4 0 0
1587 19 4 0 0
1588 20 4 0 0
1589 19 4 0 0
1590 20 4 0 0
1591 19 4 0 0
1592 20 4 0 0
1593 19 4 0 0
1594 20 4 0 0
1595 19 4 0 0
1596 20 4 0 0
1597 19 4 0 0
1598 20 4 0 0
1599 19 4 0 0
1600 20 4 0 0
1601 19 4 0 0
1602 20 4 0 0
1603 19 4 0 0
1604 20 4 0 0
1605 19 4 0 0
1606 20 4 0 0
1607 19 4 0 0
1608 20 4 0 0
1609 19 4 0 0
1610 20 4 0 0
1611 19 4 0 0
1612 20 4 0 0
1613 19 4 0 0
1614 20 4 0 0
1615 19 4 0 0
1616 20 4 0 0
1617 19 4 0 0
1618 20 4 0 0
1619 19 4 0 0
1620 20 4 0 0
1621 19 4 0 0
1622 20 4 0 0
1623 19 4 0 0
1624 20 4 0 0
1625 19 4 0 0
1626 20 4 0 0
1627 19 4 0 0
1628 20 4 0 0
1629 19 4 0 0
1630 20 4 0 0
1631 19 4 0 0
1632 20 4 0 0
1633 19 4 0 0
1634 20 4 0 0
1635 19 4 0 0
1636 20 4 0 0
1637 19 4 0 0
1638 20 4 0 0
1639 19 4 0 0
1640 20 4 0 0
1641 19 4 0 0
1642 20 4 0 0
1643 19 4 0 0
1644 20 4 0 0
1645 19 4 0 0
1646 20 4 0 0
1647 19 4 0 0
1648 20 4 0 0
1649 19 4 0 0
1650 20 4 0 0
1651 19 4 0 0
1652 20 4 0 0
1653 19 4 0 0
1654 20 4 0 0
1655 19 4 0 0
1656 20 4 0 0
1657 19 4 0 0
1658 20 4 0 0
1659 19 4 0 0
1660 20 4 0 0
1661 19 4 0 0
1662 20 4 0 0
1663 19 4 0 0
1664 20 4 0 0
1665 19 4 0 0
1666 20 4 0 0
1667 19 4 0 0
1668 20 4 0 0
1669 19 4 0 0
1670 20 4 0 0
1671 19 4 0 0
1672 20 4 0 0
1673 19 4 0 0
1674 20 4 0 0
1675 19 4 0 0
1676 20 4 0 0
1677 19 4 0 0
1678 20 4 0 0
1679 19 4 0 0
1680 20 4 0 0
1681 19 4 0 0
1682 20 4 0 0
1683 19 4 0 0
1684 20 4 0 0
1685 19 4 0 0
1686 20 4 0 0
1687 19 4 0 0
1688 20 4 0 0
1689 19 4 0 0
1690 20 4 0 0
1691 19 4 0 0
1692 20 4 0 0
1693 19 4 0 0
1694 20 4 0 0
1695 19 4 0 0
1696 20 4 0 0
1697 19 4 0 0
1698 20 4 0 0
1699 19 4 0 0
1700 20 4 0 0
1701 19 4 0 0
1702 20 4 0 0
1703 19 4 0 0
1704 20 4 0 0
1705 19 4 0 0
1706 20 4 0 0
1707 19 4 0 0
1708 20 4 0 0
1709 19 4 0 0
1710 20 4 0 0
1711 19 4 0 0
1712 20 4 0 0
1713 19 4 0 0
1714 20 4 0 0
1715 19 4 0 0
1716 20 4 0 0
1717 19 4 0 0
1718 20 4 0 0
1719 19 4 0 0
1720 20 4 0 0
1721 19 4 0 0
1722 20 4 0 0
1723 19 4 0 0
1724 20 4 0 0
1725 19 4 0 0
1726 20 4 0 0
1727 19 4 0 0
1728 20 4 0 0
1729 19 4 0 0
1730 20 4 0 0
1731 19 4 0 0
1732 20 4 0 0
1733 19 4 0 0
1734 20 4 0 0
1735 19 4 0 0
1736 20 4 0 0
1737 19 4 0 0
1738 20 4 0 0
1739 19 4 0 0
1740 20 4 0 0
1741 19 4 0 0
1742 20 4 0 0
1743 19 4 0 0
1744 20 4 0 0
1745 19 4 0 0
1746 20 4 0 0
1747 19 4 0 0
1748 20 4 0 0
1749 19 4 0 0
1750 20 4 0 0
1751 19 4 0 0
1752 20 4 0 0
1753 19 4 0 0
1754 20 4 0 0
1755 19 4 0 0
1756 20 4 0 0
1757 19 4 0 0
1758 20 4 0 0
1759 19 4 0 0
1760 20 4 0 0
1761 19 4 0 0
1762 20 4 0 0
1763 19 4 0 0
1764 20 4 0 0
1765 19 4 0 0
1766 20 4 0 0
1767 19 4 0 0
1768 18 4 0 0
1769 19 4 0 0
1770 18 4 0 0
1771 19 4 0 0
1772 18 4 0 0
1773 19 4 0 0
1774 18 4 0 0
1775 19 4 0 0
1776 18 4 0 0
1777 19 4 0 0
1778 18 4 0 0
1779 19 4 0 0
1780 18 4 0 0
1781 19 4 0 0
1782 18 4 0 0
1783 18 5 0 0
1784 19 5 0 0
1785 18 5 0 0
1786 17 5 0 0
1787 18 5 0 0
1788 17 5 0 0
1789 17 6 0 0
1790 18 6 0 0
1791 17 6 0 0
1792 16 6 0 0
1793 16 7 0 0
1794 17 7 0 0
1795 16 7 0 0
1796 17 7 0 0
1797 16 7 0 0
1798 17 7 0 0
1799 16 7 0 0
1800 16 8 0 0
1801 15 8 0 0
1802 16 8 0 0
1803 15 8 0 0
1804 15 9 0 0
1805 16 9 0 0
1806 15 9 0 0
1807 16 9 0 0
1808 15 9 0 0
1809 14 9 0 0
1810 14 10 0 0
1811 15 10 0 0
1812 14 10 0 0
1813 15 10 0 0
1814 14 10 0 0
1815 14 11 0 0
1816 13 11 0 0
1817 14 11 0 0
1818 13 11 0 0
1819 14 11 0 0
1820 13 11 0 0
1821 13 12 0 0
1822 14 12 0 0
1823 13 12 0 0
1824 12 12 0 0
1825 13 12 0 0
1826 12 12 0 0
1827 12 13 0 0
1828 13 13 0 0
1829 12 13 0 0
1830 11 13 0 0
1831 11 14 0 0
1832 12 14 0 0
1833 11 14 0 0
1834 12 14 0 0
1835 11 14 0 0
1836 12 14 0 0
1837 11 14 0 0
1838 11 15 0 0
1839 10 15 0 0
1840 11 15 0 0
1841 10 15 0 0
1842 10 16 0 0
1843 11 16 0 0
1844 10 16 0 0
1845 11 16 0 0
1846 10 16 0 0
1847 9 16 0 0
1848 9 17 0 0
1849 10 17 0 0
1850 9 17 0 0
1851 10 17 0 0
1852 9 17 0 0
1853 9 18 0 0
1854 8 18 0 0
1855 9 18 0 0
1856 8 18 0 0
1857 9 18 0 0
1858 8 18 0 0
1859 8 19 0 0
1860 9 19 0 0
1861 8 19 0 0
1862 7 19 0 0
1863 8 19 0 0
1864 7 19 0 0
1865 7 20 0 0
1866 8 20 0 0
1867 7 20 0 0
1868 6 20 0 0
1869 7 20 0 0
1870 6 20 0 0
1871 5 20 0 0
1872 6 20 0 0
1873 5 20 0 0
1874 4 20 0 0
1875 4 21 0 0
1876 5 21 0 0
1877 4 21 0 0
1878 3 21 0 0
1879 4 21 0 0
1880 3 21 0 0
1881 4 21 0 0
1882 3 21 0 0
1883 4 21 0 0
1884 3 21 0 0
1885 3 22 0 0
1886 2 22 0 0
1887 3 22 0 0
1888 2 22 0 0
1889 3 22 0 0
1890 2 22 0 0
1891 3 22 0 0
1892 2 22 0 0
