0 39200 13000 0 0
1 39000 13000 0 0
2 38800 13000 0 0
3 38600 13000 0 0
4 38400 13000 0 0
5 38200 13000 0 0
6 38000 13000 0 0
7 37800 13000 0 0
8 37800 12800 0 0
9 37600 12800 0 0
10 37400 12800 0 0
11 37200 12800 0 0
12 37000 12800 0 0
13 36800 12800 0 0
14 36600 12800 0 0
15 36400 12800 0 0
16 36200 12800 0 0
17 36000 12800 0 0
18 35800 12800 0 0
19 35600 12800 0 0
20 35400 12800 0 0
21 35200 12800 0 0
22 35000 12800 0 0
23 35000 13000 0 0
24 34800 13000 0 0
25 34600 13000 0 0
26 34400 13000 0 0
27 34200 13000 0 0
28 34000 13000 0 0
29 33800 13000 0 0
30 33600 13000 0 0
31 33400 13000 0 0
32 33200 13000 0 0
33 33000 13000 0 0
34 32800 13000 0 0
35 32600 13000 0 0
36 32400 13000 0 0
37 32200 13000 0 0
38 32000 13000 0 0
39 32000 12800 0 0
40 31800 12800 0 0
41 31600 12800 0 0
42 31400 12800 0 0
43 31200 12800 0 0
44 31000 12800 0 0
45 30800 12800 0 0
46 30600 12800 0 0
47 30600 12600 0 0
48 30400 12600 0 0
49 30200 12600 0 0
50 30000 12600 0 0
51 29800 12600 0 0
52 29600 12600 0 0
53 29600 12400 0 0
54 29400 12400 0 0
55 29200 12400 0 0
56 29000 12400 0 0
57 28800 12400 0 0
58 28600 12400 0 0
59 28400 12400 0 0
60 28200 12400 0 0
61 28000 12400 0 0
62 27800 12400 0 0
63 27600 12400 0 0
64 27400 12400 0 0
65 27200 12400 0 0
66 27200 12200 0 0
67 27000 12200 0 0
68 26800 12200 0 0
69 26600 12200 0 0
70 26400 12200 0 0
71 26200 12200 0 0
72 26000 12200 0 0
73 25800 12200 0 0
74 25600 12200 0 0
75 25400 12200 0 0
76 25200 12200 0 0
77 25000 12200 0 0
78 24800 12200 0 0
79 24600 12200 0 0
80 24400 12200 0 0
81 24400 12000 0 0
82 24200 12000 0 0
83 24000 12000 0 0
84 23800 12000 0 0
85 23600 12000 0 0
86 23400 12000 0 0
87 23200 12000 0 0
88 23000 12000 0 0
89 22800 12000 0 0
90 22600 12000 0 0
91 22400 12000 0 0
92 22200 12000 0 0
93 22000 12000 0 0
94 21800 12000 0 0
95 21600 12000 0 0
96 21600 11800 0 0
97 21400 11800 0 0
98 21200 11800 0 0
99 21000 11800 0 0
100 20800 11800 0 0
101 20600 11800 0 0
102 20400 11800 0 0
103 20200 11800 0 0
104 20000 11800 0 0
105 20000 11600 0 0
106 19800 11600 0 0
107 19600 11600 0 0
108 19400 11600 0 0
109 19200 11600 0 0
110 19000 11600 0 0
111 18800 11600 0 0
112 18600 11600 0 0
113 18400 11600 0 0
114 18400 11400 0 0
115 18200 11400 0 0
116 18000 11400 0 0
117 17800 11400 0 0
118 17600 11400 0 0
119 17400 11400 0 0
120 17200 11400 0 0
121 17000 11400 0 0
122 17000 11200 0 0
123 16800 11200 0 0
124 16600 11200 0 0
125 16400 11200 0 0
126 16200 11200 0 0
127 16000 11200 0 0
128 15800 11200 0 0
129 15600 11200 0 0
130 15400 11200 0 0
131 15400 11000 0 0
132 15200 11000 0 0
133 15000 11000 0 0
134 14800 11000 0 0
135 14600 11000 0 0
136 14400 11000 0 0
137 14200 11000 0 0
138 14200 10800 0 0
139 14000 10800 0 0
140 13800 10800 0 0
141 13600 10800 0 0
142 13400 10800 0 0
143 13200 10800 0 0
144 13000 10800 0 0
145 12800 10800 0 0
146 12600 10800 0 0
147 12600 10600 0 0
148 12400 10600 0 0
149 12200 10600 0 0
150 12000 10600 0 0
151 11800 10600 0 0
152 11600 10600 0 0
153 11400 10600 0 0
154 11200 10600 0 0
155 11000 10600 0 0
156 11000 10400 0 0
157 10800 10400 0 0
158 10600 10400 0 0
159 10400 10400 0 0
160 10200 10400 0 0
161 10000 10400 0 0
162 9800 10400 0 0
163 9800 10200 0 0
164 9600 10200 0 0
165 9400 10200 0 0
166 9200 10200 0 0
167 9000 10200 0 0
168 8800 10200 0 0
169 8600 10200 0 0
170 8400 10200 0 0
171 8200 10200 0 0
172 8000 10200 0 0
173 8000 10000 0 0
174 7800 10000 0 0
175 7600 10000 0 0
176 7400 10000 0 0
177 7400 9800 0 0
178 7200 9800 0 0
179 7000 9800 0 0
180 7000 9600 0 0
181 6800 9600 0 0
182 6600 9600 0 0
183 6600 9400 0 0
184 6400 9400 0 0
185 6200 9400 0 0
186 6000 9400 0 0
187 6000 9200 0 0
188 5800 9200 0 0
189 5600 9200 0 0
190 5600 9000 0 0
191 5400 9000 0 0
192 5200 9000 0 0
193 5000 9000 0 0
194 5000 8800 0 0
195 4800 8800 0 0
196 4600 8800 0 0
197 4600 8600 0 0
198 4400 8600 0 0
199 4200 8600 0 0
200 4000 8600 0 0
201 4000 8400 0 0
202 3800 8400 0 0
203 3600 8400 0 0
204 3600 8200 0 0
205 3400 8200 0 0
206 3200 8200 0 0
207 3200 8000 0 0
208 3000 8000 0 0
209 2800 8000 0 0
210 2800 7800 0 0
211 2600 7800 0 0
212 2400 7800 0 0
213 2400 7600 0 0
214 2200 7600 0 0
215 2200 7400 0 0
216 2000 7400 0 0
217 2000 7200 0 0
218 1800 7200 0 0
219 1600 7200 0 0
220 1600 7000 0 0
221 1400 7000 0 0
222 1400 6800 0 0
223 1200 6800 0 0
224 1000 6800 0 0
225 1000 6600 0 0
226 800 6600 0 0
227 600 6600 0 0
