0 195 61 0 0
1 195 62 0 0
2 194 62 0 0
3 193 62 0 0
4 192 62 0 0
5 191 62 0 0
6 190 62 0 0
7 189 62 0 0
8 188 62 0 0
9 187 62 0 0
10 186 62 0 0
11 185 62 0 0
12 184 62 0 0
13 184 61 0 0
14 183 61 0 0
15 182 61 0 0
16 181 61 0 0
17 180 61 0 0
18 179 61 0 0
19 178 61 0 0
20 177 61 0 0
21 176 61 0 0
22 175 61 0 0
23 174 61 0 0
24 173 61 0 0
25 172 61 0 0
26 172 60 0 0
27 171 60 0 0
28 170 60 0 0
29 169 60 0 0
30 168 60 0 0
31 167 60 0 0
32 166 60 0 0
33 165 60 0 0
34 164 60 0 0
35 163 60 0 0
36 163 59 0 0
37 162 59 0 0
38 161 59 0 0
39 160 59 0 0
40 159 59 0 0
41 159 58 0 0
42 158 58 0 0
43 157 58 0 0
44 156 58 0 0
45 155 58 0 0
46 155 57 0 0
47 154 57 0 0
48 153 57 0 0
49 152 57 0 0
50 152 56 0 0
51 151 56 0 0
52 150 56 0 0
53 149 56 0 0
54 148 56 0 0
55 148 55 0 0
56 147 55 0 0
57 146 55 0 0
58 146 54 0 0
59 145 54 0 0
60 145 53 0 0
61 144 53 0 0
62 143 53 0 0
63 143 52 0 0
64 142 52 0 0
65 141 52 0 0
66 141 51 0 0
67 140 51 0 0
68 140 50 0 0
69 139 50 0 0
70 139 49 0 0
71 138 49 0 0
72 137 49 0 0
73 137 48 0 0
74 136 48 0 0
75 135 48 0 0
76 135 47 0 0
77 134 47 0 0
78 134 46 0 0
79 133 46 0 0
80 132 46 0 0
81 132 45 0 0
82 131 45 0 0
83 130 45 0 0
84 130 44 0 0
85 129 44 0 0
86 128 44 0 0
87 128 43 0 0
88 127 43 0 0
89 126 43 0 0
90 126 42 0 0
91 125 42 0 0
92 124 42 0 0
93 123 42 0 0
94 123 41 0 0
95 122 41 0 0
96 122 40 0 0
97 121 40 0 0
98 120 40 0 0
99 119 40 0 0
100 119 39 0 0
101 118 39 0 0
102 117 39 0 0
103 116 39 0 0
104 116 38 0 0
105 115 38 0 0
106 114 38 0 0
107 113 38 0 0
108 113 37 0 0
109 112 37 0 0
110 111 37 0 0
111 110 37 0 0
112 109 37 0 0
113 109 36 0 0
114 108 36 0 0
115 107 36 0 0
116 106 36 0 0
117 106 35 0 0
118 105 35 0 0
119 104 35 0 0
120 103 35 0 0
121 103 34 0 0
122 102 34 0 0
123 101 34 0 0
124 100 34 0 0
125 99 34 0 0
126 98 34 0 0
127 97 34 0 0
128 96 34 0 0
129 95 34 0 0
130 94 34 0 0
131 93 34 0 0
132 92 34 0 0
133 91 34 0 0
134 90 34 0 0
135 89 34 0 0
136 88 34 0 0
137 87 34 0 0
138 86 34 0 0
139 85 34 0 0
140 84 34 0 0
141 83 34 0 0
142 82 34 0 0
143 81 34 0 0
144 80 34 0 0
145 79 34 0 0
146 78 34 0 0
147 77 34 0 0
148 76 34 0 0
149 75 34 0 0
150 74 34 0 0
151 73 34 0 0
152 72 34 0 0
153 71 34 0 0
154 70 34 0 0
155 69 34 0 0
156 68 34 0 0
157 68 33 0 0
158 67 33 0 0
159 66 33 0 0
160 65 33 0 0
161 64 33 0 0
162 63 33 0 0
163 62 33 0 0
164 61 33 0 0
165 61 32 0 0
166 60 32 0 0
167 59 32 0 0
168 58 32 0 0
169 57 32 0 0
170 56 32 0 0
171 55 32 0 0
172 55 31 0 0
173 54 31 0 0
174 53 31 0 0
175 52 31 0 0
176 51 31 0 0
177 50 31 0 0
178 49 31 0 0
179 49 30 0 0
180 48 30 0 0
181 47 30 0 0
182 46 30 0 0
183 46 29 0 0
184 45 29 0 0
185 44 29 0 0
186 43 29 0 0
187 42 29 0 0
188 42 28 0 0
189 41 28 0 0
190 40 28 0 0
191 39 28 0 0
192 39 27 0 0
193 38 27 0 0
194 37 27 0 0
195 37 26 0 0
196 36 26 0 0
197 35 26 0 0
198 34 26 0 0
199 34 25 0 0
200 33 25 0 0
201 32 25 0 0
202 32 24 0 0
203 31 24 0 0
204 31 23 0 0
205 30 23 0 0
206 29 23 0 0
207 29 22 0 0
208 28 22 0 0
209 28 21 0 0
210 27 21 0 0
211 26 21 0 0
212 26 20 0 0
213 25 20 0 0
214 25 19 0 0
215 24 19 0 0
216 23 19 0 0
217 23 18 0 0
218 23 17 0 0
219 22 17 0 0
220 22 16 0 0
221 21 16 0 0
222 21 15 0 0
223 20 15 0 0
224 20 14 0 0
225 19 14 0 0
226 19 13 0 0
227 19 12 0 0
228 18 12 0 0
229 18 11 0 0
230 17 11 0 0
231 17 10 0 0
232 16 10 0 0
233 16 9 0 0
234 16 8 0 0
235 15 8 0 0
236 15 7 0 0
