0 39000 12600 0 0
1 38800 12600 0 0
2 38600 12600 0 0
3 38400 12600 0 0
4 38200 12600 0 0
5 38000 12600 0 0
6 37800 12600 0 0
7 37600 12600 0 0
8 37600 12800 0 0
9 37400 12800 0 0
10 37200 12800 0 0
11 37000 12800 0 0
12 36800 12800 0 0
13 36600 12800 0 0
14 36600 12600 0 0
15 36400 12600 0 0
16 36200 12600 0 0
17 36000 12600 0 0
18 35800 12600 0 0
19 35600 12600 0 0
20 35400 12600 0 0
21 35200 12600 0 0
22 35000 12600 0 0
23 34800 12600 0 0
24 34600 12600 0 0
25 34600 12400 0 0
26 34400 12400 0 0
27 34200 12400 0 0
28 34000 12400 0 0
29 34000 12200 0 0
30 33800 12200 0 0
31 33600 12200 0 0
32 33400 12200 0 0
33 33200 12200 0 0
34 33200 12000 0 0
35 33000 12000 0 0
36 32800 12000 0 0
37 32600 12000 0 0
38 32400 12000 0 0
39 32400 11800 0 0
40 32200 11800 0 0
41 32000 11800 0 0
42 31800 11800 0 0
43 31600 11800 0 0
44 31600 11600 0 0
45 31400 11600 0 0
46 31200 11600 0 0
47 31000 11600 0 0
48 30800 11600 0 0
49 30600 11600 0 0
50 30600 11400 0 0
51 30400 11400 0 0
52 30200 11400 0 0
53 30200 11200 0 0
54 30000 11200 0 0
55 29800 11200 0 0
56 29600 11200 0 0
57 29600 11000 0 0
58 29400 11000 0 0
59 29200 11000 0 0
60 29200 10800 0 0
61 29000 10800 0 0
62 28800 10800 0 0
63 28800 10600 0 0
64 28600 10600 0 0
65 28400 10600 0 0
66 28200 10600 0 0
67 28200 10400 0 0
68 28000 10400 0 0
69 28000 10200 0 0
70 27800 10200 0 0
71 27600 10200 0 0
72 27600 10000 0 0
73 27400 10000 0 0
74 27400 9800 0 0
75 27200 9800 0 0
76 27200 9600 0 0
77 27000 9600 0 0
78 26800 9600 0 0
79 26800 9400 0 0
80 26600 9400 0 0
81 26400 9400 0 0
82 26400 9200 0 0
83 26200 9200 0 0
84 26200 9000 0 0
85 26000 9000 0 0
86 25800 9000 0 0
87 25600 9000 0 0
88 25600 8800 0 0
89 25400 8800 0 0
90 25200 8800 0 0
91 25200 8600 0 0
92 25000 8600 0 0
93 24800 8600 0 0
94 24800 8400 0 0
95 24600 8400 0 0
96 24400 8400 0 0
97 24200 8400 0 0
98 24200 8200 0 0
99 24000 8200 0 0
100 23800 8200 0 0
101 23600 8200 0 0
102 23600 8000 0 0
103 23400 8000 0 0
104 23200 8000 0 0
105 23200 7800 0 0
106 23000 7800 0 0
107 22800 7800 0 0
108 22600 7800 0 0
109 22400 7800 0 0
110 22400 7600 0 0
111 22200 7600 0 0
112 22000 7600 0 0
113 21800 7600 0 0
114 21800 7400 0 0
115 21600 7400 0 0
116 21400 7400 0 0
117 21200 7400 0 0
118 21000 7400 0 0
119 21000 7200 0 0
120 20800 7200 0 0
121 20600 7200 0 0
122 20400 7200 0 0
123 20200 7200 0 0
124 20200 7000 0 0
125 20000 7000 0 0
126 19800 7000 0 0
127 19600 7000 0 0
128 19600 6800 0 0
129 19400 6800 0 0
130 19200 6800 0 0
131 19000 6800 0 0
132 18800 6800 0 0
133 18600 6800 0 0
134 18600 6600 0 0
135 18400 6600 0 0
136 18200 6600 0 0
137 18000 6600 0 0
138 17800 6600 0 0
139 17600 6600 0 0
140 17400 6600 0 0
141 17400 6400 0 0
142 17200 6400 0 0
143 17000 6400 0 0
144 16800 6400 0 0
145 16600 6400 0 0
146 16400 6400 0 0
147 16200 6400 0 0
148 16200 6200 0 0
149 16000 6200 0 0
150 15800 6200 0 0
151 15600 6200 0 0
152 15400 6200 0 0
153 15200 6200 0 0
154 15000 6200 0 0
155 15000 6000 0 0
156 14800 6000 0 0
157 14600 6000 0 0
158 14400 6000 0 0
159 14200 6000 0 0
160 14000 6000 0 0
161 13800 6000 0 0
162 13800 5800 0 0
163 13600 5800 0 0
164 13400 5800 0 0
165 13200 5800 0 0
166 13000 5800 0 0
167 12800 5800 0 0
168 12600 5800 0 0
169 12400 5800 0 0
170 12200 5800 0 0
171 12200 5600 0 0
172 12000 5600 0 0
173 11800 5600 0 0
174 11600 5600 0 0
175 11400 5600 0 0
176 11200 5600 0 0
177 11000 5600 0 0
178 11000 5400 0 0
179 10800 5400 0 0
180 10600 5400 0 0
181 10400 5400 0 0
182 10200 5400 0 0
183 10000 5400 0 0
184 9800 5400 0 0
185 9800 5200 0 0
186 9600 5200 0 0
187 9400 5200 0 0
188 9200 5200 0 0
189 9200 5000 0 0
190 9000 5000 0 0
191 8800 5000 0 0
192 8800 4800 0 0
193 8600 4800 0 0
194 8400 4800 0 0
195 8400 4600 0 0
196 8200 4600 0 0
197 8000 4600 0 0
198 8000 4400 0 0
199 7800 4400 0 0
200 7600 4400 0 0
201 7600 4200 0 0
202 7400 4200 0 0
203 7200 4200 0 0
204 7200 4000 0 0
205 7000 4000 0 0
206 6800 4000 0 0
207 6600 4000 0 0
208 6600 3800 0 0
209 6400 3800 0 0
210 6400 3600 0 0
211 6200 3600 0 0
212 6000 3600 0 0
213 6000 3400 0 0
214 5800 3400 0 0
215 5600 3400 0 0
216 5600 3200 0 0
217 5400 3200 0 0
218 5200 3200 0 0
219 5200 3000 0 0
220 5000 3000 0 0
221 4800 3000 0 0
222 4600 3000 0 0
223 4600 2800 0 0
224 4400 2800 0 0
225 4400 2600 0 0
226 4200 2600 0 0
227 4000 2600 0 0
228 4000 2400 0 0
229 3800 2400 0 0
230 3600 2400 0 0
231 3400 2400 0 0
232 3400 2200 0 0
233 3200 2200 0 0
234 3200 2000 0 0
235 3000 2000 0 0
236 2800 2000 0 0
237 2800 1800 0 0
238 2600 1800 0 0
239 2400 1800 0 0
240 2200 1800 0 0
241 2200 1600 0 0
242 2000 1600 0 0
243 1800 1600 0 0
244 1800 1400 0 0
245 1600 1400 0 0
246 1400 1400 0 0
247 1400 1200 0 0
248 1200 1200 0 0
249 1000 1200 0 0
250 1000 1000 0 0
251 800 1000 0 0
252 600 1000 0 0
253 600 800 0 0
254 400 800 0 0
