0 194 63 0 0
1 194 64 0 0
2 193 64 0 0
3 192 64 0 0
4 193 64 0 0
5 192 64 0 0
6 191 64 0 0
7 190 64 0 0
8 191 64 0 0
9 190 64 0 0
10 189 64 0 0
11 188 64 0 0
12 187 64 0 0
13 188 64 0 0
14 187 64 0 0
15 186 64 0 0
16 185 64 0 0
17 184 64 0 0
18 185 64 0 0
19 184 64 0 0
20 183 64 0 0
21 184 64 0 0
22 183 64 0 0
23 182 64 0 0
24 181 64 0 0
25 182 64 0 0
26 181 64 0 0
27 180 64 0 0
28 179 64 0 0
29 180 64 0 0
30 179 64 0 0
31 178 64 0 0
32 179 64 0 0
33 178 64 0 0
34 177 64 0 0
35 176 64 0 0
36 177 64 0 0
37 176 64 0 0
38 175 64 0 0
39 174 64 0 0
40 175 64 0 0
41 174 64 0 0
42 173 64 0 0
43 174 64 0 0
44 173 64 0 0
45 172 64 0 0
46 171 64 0 0
47 172 64 0 0
48 171 64 0 0
49 171 63 0 0
50 170 63 0 0
51 169 63 0 0
52 170 63 0 0
53 169 63 0 0
54 168 63 0 0
55 169 63 0 0
56 168 63 0 0
57 167 63 0 0
58 166 63 0 0
59 166 62 0 0
60 167 62 0 0
61 166 62 0 0
62 165 62 0 0
63 164 62 0 0
64 165 62 0 0
65 164 62 0 0
66 163 62 0 0
67 162 62 0 0
68 163 62 0 0
69 162 62 0 0
70 162 61 0 0
71 161 61 0 0
72 162 61 0 0
73 161 61 0 0
74 160 61 0 0
75 159 61 0 0
76 160 61 0 0
77 159 61 0 0
78 158 61 0 0
79 157 61 0 0
80 157 60 0 0
81 158 60 0 0
82 157 60 0 0
83 156 60 0 0
84 157 60 0 0
85 156 60 0 0
86 156 59 0 0
87 155 59 0 0
88 156 59 0 0
89 155 59 0 0
90 154 59 0 0
91 154 58 0 0
92 153 58 0 0
93 154 58 0 0
94 153 58 0 0
95 152 58 0 0
96 153 58 0 0
97 152 58 0 0
98 152 57 0 0
99 151 57 0 0
100 152 57 0 0
101 151 57 0 0
102 150 57 0 0
103 150 56 0 0
104 149 56 0 0
105 150 56 0 0
106 149 56 0 0
107 148 56 0 0
108 148 55 0 0
109 147 55 0 0
110 148 55 0 0
111 147 55 0 0
112 146 55 0 0
113 146 54 0 0
114 147 54 0 0
115 146 54 0 0
116 145 54 0 0
117 144 54 0 0
118 145 54 0 0
119 144 54 0 0
120 144 53 0 0
121 143 53 0 0
122 144 53 0 0
123 143 53 0 0
124 142 53 0 0
125 142 52 0 0
126 141 52 0 0
127 142 52 0 0
128 141 52 0 0
129 140 52 0 0
130 140 51 0 0
131 141 51 0 0
132 140 51 0 0
133 139 51 0 0
134 139 50 0 0
135 140 50 0 0
136 139 50 0 0
137 138 50 0 0
138 137 50 0 0
139 137 49 0 0
140 138 49 0 0
141 137 49 0 0
142 136 49 0 0
143 137 49 0 0
144 136 49 0 0
145 136 48 0 0
146 135 48 0 0
147 134 48 0 0
148 135 48 0 0
149 134 48 0 0
150 134 47 0 0
151 133 47 0 0
152 132 47 0 0
153 131 47 0 0
154 131 46 0 0
155 132 46 0 0
156 131 46 0 0
157 130 46 0 0
158 130 45 0 0
159 129 45 0 0
160 128 45 0 0
161 127 45 0 0
162 127 44 0 0
163 128 44 0 0
164 127 44 0 0
165 126 44 0 0
166 126 43 0 0
167 125 43 0 0
168 124 43 0 0
169 125 43 0 0
170 124 43 0 0
171 124 42 0 0
172 123 42 0 0
173 122 42 0 0
174 122 41 0 0
175 121 41 0 0
176 120 41 0 0
177 121 41 0 0
178 120 41 0 0
179 119 41 0 0
180 119 40 0 0
181 120 40 0 0
182 119 40 0 0
183 118 40 0 0
184 117 40 0 0
185 118 40 0 0
186 117 40 0 0
187 116 40 0 0
188 115 40 0 0
189 115 39 0 0
190 116 39 0 0
191 115 39 0 0
192 114 39 0 0
193 115 39 0 0
194 114 39 0 0
195 113 39 0 0
196 112 39 0 0
197 113 39 0 0
198 112 39 0 0
199 112 38 0 0
200 111 38 0 0
201 112 38 0 0
202 111 38 0 0
203 110 38 0 0
204 109 38 0 0
205 110 38 0 0
206 109 38 0 0
207 108 38 0 0
208 108 37 0 0
209 107 37 0 0
210 106 37 0 0
211 107 37 0 0
212 106 37 0 0
213 105 37 0 0
214 104 37 0 0
215 105 37 0 0
216 104 37 0 0
217 104 36 0 0
218 103 36 0 0
219 102 36 0 0
220 101 36 0 0
221 102 36 0 0
222 101 36 0 0
223 100 36 0 0
224 99 36 0 0
225 100 36 0 0
226 99 36 0 0
227 99 35 0 0
228 98 35 0 0
229 97 35 0 0
230 98 35 0 0
231 97 35 0 0
232 96 35 0 0
233 95 35 0 0
234 94 35 0 0
235 93 35 0 0
236 92 35 0 0
237 93 35 0 0
238 92 35 0 0
239 91 35 0 0
240 90 35 0 0
241 89 35 0 0
242 90 35 0 0
243 89 35 0 0
244 88 35 0 0
245 87 35 0 0
246 87 34 0 0
247 86 34 0 0
248 85 34 0 0
249 84 34 0 0
250 85 34 0 0
251 84 34 0 0
252 83 34 0 0
253 82 34 0 0
254 81 34 0 0
255 82 34 0 0
256 81 34 0 0
257 80 34 0 0
258 79 34 0 0
259 78 34 0 0
260 77 34 0 0
261 78 34 0 0
262 77 34 0 0
263 76 34 0 0
264 75 34 0 0
265 76 34 0 0
266 75 34 0 0
267 74 34 0 0
268 73 34 0 0
269 72 34 0 0
270 73 34 0 0
271 72 34 0 0
272 71 34 0 0
273 71 33 0 0
274 70 33 0 0
275 69 33 0 0
276 70 33 0 0
277 69 33 0 0
278 68 33 0 0
279 67 33 0 0
280 66 33 0 0
281 67 33 0 0
282 66 33 0 0
283 65 33 0 0
284 64 33 0 0
285 65 33 0 0
286 64 33 0 0
287 63 33 0 0
288 62 33 0 0
289 62 32 0 0
290 61 32 0 0
291 62 32 0 0
292 61 32 0 0
293 60 32 0 0
294 59 32 0 0
295 60 32 0 0
296 59 32 0 0
297 58 32 0 0
298 57 32 0 0
299 56 32 0 0
300 57 32 0 0
301 56 32 0 0
302 56 31 0 0
303 55 31 0 0
304 54 31 0 0
305 55 31 0 0
306 54 31 0 0
307 53 31 0 0
308 52 31 0 0
309 53 31 0 0
310 52 31 0 0
311 51 31 0 0
312 50 31 0 0
313 51 31 0 0
314 50 31 0 0
315 49 31 0 0
316 48 31 0 0
317 48 30 0 0
318 49 30 0 0
319 48 30 0 0
320 47 30 0 0
321 46 30 0 0
322 47 30 0 0
323 46 30 0 0
324 45 30 0 0
325 44 30 0 0
326 45 30 0 0
327 44 30 0 0
328 43 30 0 0
329 42 30 0 0
330 43 30 0 0
331 42 30 0 0
332 42 29 0 0
333 41 29 0 0
334 40 29 0 0
335 41 29 0 0
336 40 29 0 0
337 39 29 0 0
338 40 29 0 0
339 39 29 0 0
340 38 29 0 0
341 37 29 0 0
342 38 29 0 0
343 37 29 0 0
344 37 28 0 0
345 36 28 0 0
346 35 28 0 0
347 36 28 0 0
348 35 28 0 0
349 35 27 0 0
350 34 27 0 0
351 33 27 0 0
352 32 27 0 0
353 33 27 0 0
354 32 27 0 0
355 32 26 0 0
356 31 26 0 0
357 32 26 0 0
358 31 26 0 0
359 30 26 0 0
360 29 26 0 0
361 29 25 0 0
362 30 25 0 0
363 29 25 0 0
364 28 25 0 0
365 27 25 0 0
366 26 25 0 0
367 27 25 0 0
368 26 25 0 0
369 26 24 0 0
370 25 24 0 0
371 24 24 0 0
372 25 24 0 0
373 24 24 0 0
374 24 23 0 0
375 23 23 0 0
376 24 23 0 0
377 23 23 0 0
378 22 23 0 0
379 22 22 0 0
380 23 22 0 0
381 22 22 0 0
382 21 22 0 0
383 22 22 0 0
384 21 22 0 0
385 21 21 0 0
386 20 21 0 0
387 21 21 0 0
388 20 21 0 0
389 20 20 0 0
390 19 20 0 0
391 20 20 0 0
392 19 20 0 0
393 18 20 0 0
394 18 19 0 0
395 19 19 0 0
396 18 19 0 0
397 17 19 0 0
398 18 19 0 0
399 17 19 0 0
400 17 18 0 0
401 16 18 0 0
402 17 18 0 0
403 16 18 0 0
404 17 18 0 0
405 16 18 0 0
406 16 17 0 0
407 15 17 0 0
408 16 17 0 0
409 15 17 0 0
410 15 16 0 0
411 14 16 0 0
412 15 16 0 0
413 14 16 0 0
414 13 16 0 0
415 13 15 0 0
416 14 15 0 0
417 13 15 0 0
418 12 15 0 0
419 13 15 0 0
420 12 15 0 0
421 12 14 0 0
422 11 14 0 0
423 12 14 0 0
424 11 14 0 0
425 10 14 0 0
426 10 13 0 0
427 11 13 0 0
428 10 13 0 0
429 9 13 0 0
430 9 12 0 0
431 10 12 0 0
432 9 12 0 0
433 8 12 0 0
434 9 12 0 0
435 8 12 0 0
436 8 11 0 0
437 7 11 0 0
438 8 11 0 0
439 7 11 0 0
440 6 11 0 0
441 6 10 0 0
442 5 10 0 0
443 6 10 0 0
444 5 10 0 0
445 5 9 0 0
446 4 9 0 0
447 5 9 0 0
448 4 9 0 0
449 3 9 0 0
450 4 9 0 0
451 3 9 0 0
452 4 9 0 0
453 3 9 0 0
454 2 9 0 0
455 3 9 0 0
456 2 9 0 0
457 3 9 0 0
458 2 9 0 0
459 2 8 0 0
