0 29 4 0 0
1 30 4 0 0
2 30 5 0 0
3 31 5 0 0
4 31 6 0 0
5 31 7 0 0
6 32 7 0 0
7 32 8 0 0
8 33 8 0 0
9 33 9 0 0
10 34 9 0 0
11 34 10 0 0
12 35 10 0 0
13 35 11 0 0
14 36 11 0 0
15 36 12 0 0
16 36 13 0 0
17 37 13 0 0
18 37 14 0 0
19 38 14 0 0
20 38 15 0 0
21 39 15 0 0
22 39 16 0 0
23 40 16 0 0
24 41 16 0 0
25 41 17 0 0
26 42 17 0 0
27 43 17 0 0
28 43 18 0 0
29 44 18 0 0
30 44 19 0 0
31 45 19 0 0
32 46 19 0 0
33 46 20 0 0
34 47 20 0 0
35 47 21 0 0
36 48 21 0 0
37 49 21 0 0
38 49 22 0 0
39 50 22 0 0
40 51 22 0 0
41 51 23 0 0
42 52 23 0 0
43 52 24 0 0
44 53 24 0 0
45 53 25 0 0
46 54 25 0 0
47 55 25 0 0
48 55 26 0 0
49 56 26 0 0
50 57 26 0 0
51 58 26 0 0
52 59 26 0 0
53 60 26 0 0
54 61 26 0 0
55 61 27 0 0
56 62 27 0 0
57 63 27 0 0
58 64 27 0 0
59 65 27 0 0
60 66 27 0 0
61 67 27 0 0
62 68 27 0 0
63 68 28 0 0
64 69 28 0 0
65 70 28 0 0
66 71 28 0 0
67 72 28 0 0
68 73 28 0 0
69 74 28 0 0
70 75 28 0 0
71 76 28 0 0
72 77 28 0 0
73 78 28 0 0
74 79 28 0 0
75 80 28 0 0
76 81 28 0 0
77 81 29 0 0
78 82 29 0 0
79 83 29 0 0
80 84 29 0 0
81 85 29 0 0
82 86 29 0 0
83 87 29 0 0
84 88 29 0 0
85 89 29 0 0
86 90 29 0 0
87 91 29 0 0
88 92 29 0 0
89 93 29 0 0
90 94 29 0 0
91 95 29 0 0
92 96 29 0 0
93 97 29 0 0
94 98 29 0 0
95 99 29 0 0
96 100 29 0 0
97 101 29 0 0
98 102 29 0 0
99 103 29 0 0
100 104 29 0 0
101 105 29 0 0
102 106 29 0 0
103 107 29 0 0
104 108 29 0 0
105 109 29 0 0
106 110 29 0 0
107 111 29 0 0
108 112 29 0 0
109 113 29 0 0
110 114 29 0 0
111 115 29 0 0
112 116 29 0 0
113 116 30 0 0
114 117 30 0 0
115 118 30 0 0
116 119 30 0 0
117 120 30 0 0
118 121 30 0 0
119 122 30 0 0
120 123 30 0 0
121 124 30 0 0
122 124 31 0 0
123 125 31 0 0
124 125 32 0 0
125 126 32 0 0
126 127 32 0 0
127 127 33 0 0
128 128 33 0 0
129 129 33 0 0
130 129 34 0 0
131 130 34 0 0
132 131 34 0 0
133 131 35 0 0
134 132 35 0 0
135 133 35 0 0
136 133 36 0 0
137 134 36 0 0
138 135 36 0 0
139 135 37 0 0
140 136 37 0 0
141 137 37 0 0
142 138 37 0 0
143 138 38 0 0
144 139 38 0 0
145 140 38 0 0
146 140 39 0 0
147 141 39 0 0
148 142 39 0 0
149 142 40 0 0
150 143 40 0 0
151 144 40 0 0
152 144 41 0 0
153 145 41 0 0
154 146 41 0 0
155 146 42 0 0
156 147 42 0 0
157 147 43 0 0
158 148 43 0 0
159 149 43 0 0
160 150 43 0 0
161 150 44 0 0
162 151 44 0 0
163 152 44 0 0
164 152 45 0 0
165 153 45 0 0
166 154 45 0 0
167 154 46 0 0
168 155 46 0 0
169 156 46 0 0
170 156 47 0 0
171 157 47 0 0
172 157 48 0 0
173 158 48 0 0
174 159 48 0 0
175 159 49 0 0
176 160 49 0 0
177 161 49 0 0
178 161 50 0 0
179 162 50 0 0
180 163 50 0 0
181 163 51 0 0
182 164 51 0 0
183 165 51 0 0
184 165 52 0 0
185 166 52 0 0
186 167 52 0 0
187 168 52 0 0
188 169 52 0 0
189 169 53 0 0
190 170 53 0 0
191 171 53 0 0
192 172 53 0 0
193 173 53 0 0
194 174 53 0 0
195 174 54 0 0
196 175 54 0 0
197 176 54 0 0
198 177 54 0 0
199 178 54 0 0
200 179 54 0 0
201 180 54 0 0
202 181 54 0 0
203 182 54 0 0
204 182 55 0 0
205 183 55 0 0
206 184 55 0 0
207 185 55 0 0
208 186 55 0 0
209 187 55 0 0
210 188 55 0 0
211 189 55 0 0
212 190 55 0 0
213 191 55 0 0
214 192 55 0 0
