0 193 60 0 0
1 194 60 0 0
2 193 60 0 0
3 194 60 0 0
4 193 60 0 0
5 194 60 0 0
6 193 60 0 0
7 194 60 0 0
8 193 60 0 0
9 194 60 0 0
10 193 60 0 0
11 192 60 0 0
12 193 60 0 0
13 192 60 0 0
14 193 60 0 0
15 192 60 0 0
16 193 60 0 0
17 192 60 0 0
18 193 60 0 0
19 192 60 0 0
20 191 60 0 0
21 192 60 0 0
22 191 60 0 0
23 190 60 0 0
24 190 59 0 0
25 191 59 0 0
26 190 59 0 0
27 189 59 0 0
28 190 59 0 0
29 189 59 0 0
30 188 59 0 0
31 187 59 0 0
32 188 59 0 0
33 187 59 0 0
34 186 59 0 0
35 187 59 0 0
36 186 59 0 0
37 185 59 0 0
38 184 59 0 0
39 185 59 0 0
40 184 59 0 0
41 183 59 0 0
42 183 58 0 0
43 184 58 0 0
44 183 58 0 0
45 182 58 0 0
46 183 58 0 0
47 182 58 0 0
48 181 58 0 0
49 182 58 0 0
50 181 58 0 0
51 180 58 0 0
52 179 58 0 0
53 180 58 0 0
54 179 58 0 0
55 178 58 0 0
56 179 58 0 0
57 178 58 0 0
58 177 58 0 0
59 176 58 0 0
60 177 58 0 0
61 176 58 0 0
62 175 58 0 0
63 176 58 0 0
64 175 58 0 0
65 174 58 0 0
66 174 57 0 0
67 173 57 0 0
68 174 57 0 0
69 173 57 0 0
70 172 57 0 0
71 173 57 0 0
72 172 57 0 0
73 171 57 0 0
74 170 57 0 0
75 171 57 0 0
76 170 57 0 0
77 169 57 0 0
78 170 57 0 0
79 169 57 0 0
80 168 57 0 0
81 169 57 0 0
82 168 57 0 0
83 167 57 0 0
84 167 56 0 0
85 166 56 0 0
86 167 56 0 0
87 166 56 0 0
88 165 56 0 0
89 166 56 0 0
90 165 56 0 0
91 164 56 0 0
92 165 56 0 0
93 164 56 0 0
94 163 56 0 0
95 162 56 0 0
96 163 56 0 0
97 162 56 0 0
98 161 56 0 0
99 162 56 0 0
100 161 56 0 0
101 160 56 0 0
102 160 55 0 0
103 161 55 0 0
104 160 55 0 0
105 159 55 0 0
106 158 55 0 0
107 159 55 0 0
108 158 55 0 0
109 157 55 0 0
110 158 55 0 0
111 157 55 0 0
112 156 55 0 0
113 156 54 0 0
114 157 54 0 0
115 156 54 0 0
116 155 54 0 0
117 156 54 0 0
118 155 54 0 0
119 154 54 0 0
120 153 54 0 0
121 153 53 0 0
122 154 53 0 0
123 153 53 0 0
124 152 53 0 0
125 153 53 0 0
126 152 53 0 0
127 153 53 0 0
128 152 53 0 0
129 152 52 0 0
130 151 52 0 0
131 150 52 0 0
132 151 52 0 0
133 150 52 0 0
134 149 52 0 0
135 149 51 0 0
136 150 51 0 0
137 149 51 0 0
138 148 51 0 0
139 149 51 0 0
140 148 51 0 0
141 147 51 0 0
142 148 51 0 0
143 147 51 0 0
144 146 51 0 0
145 146 50 0 0
146 147 50 0 0
147 146 50 0 0
148 145 50 0 0
149 144 50 0 0
150 145 50 0 0
151 144 50 0 0
152 144 49 0 0
153 143 49 0 0
154 144 49 0 0
155 143 49 0 0
156 142 49 0 0
157 143 49 0 0
158 142 49 0 0
159 142 48 0 0
160 141 48 0 0
161 142 48 0 0
162 141 48 0 0
163 140 48 0 0
164 141 48 0 0
165 140 48 0 0
166 139 48 0 0
167 139 47 0 0
168 140 47 0 0
169 139 47 0 0
170 138 47 0 0
171 139 47 0 0
172 138 47 0 0
173 137 47 0 0
174 137 46 0 0
175 136 46 0 0
176 137 46 0 0
177 136 46 0 0
178 137 46 0 0
179 136 46 0 0
180 135 46 0 0
181 135 45 0 0
182 136 45 0 0
183 135 45 0 0
184 134 45 0 0
185 133 45 0 0
186 134 45 0 0
187 133 45 0 0
188 132 45 0 0
189 133 45 0 0
190 132 45 0 0
191 132 44 0 0
192 131 44 0 0
193 132 44 0 0
194 131 44 0 0
195 130 44 0 0
196 131 44 0 0
197 130 44 0 0
198 130 43 0 0
199 129 43 0 0
200 130 43 0 0
201 129 43 0 0
202 128 43 0 0
203 129 43 0 0
204 128 43 0 0
205 127 43 0 0
206 127 42 0 0
207 128 42 0 0
208 127 42 0 0
209 126 42 0 0
210 127 42 0 0
211 126 42 0 0
212 125 42 0 0
213 125 41 0 0
214 126 41 0 0
215 125 41 0 0
216 124 41 0 0
217 123 41 0 0
218 124 41 0 0
219 123 41 0 0
220 123 40 0 0
221 122 40 0 0
222 123 40 0 0
223 122 40 0 0
224 121 40 0 0
225 122 40 0 0
226 121 40 0 0
227 121 39 0 0
228 120 39 0 0
229 121 39 0 0
230 120 39 0 0
231 119 39 0 0
232 120 39 0 0
233 119 39 0 0
234 118 39 0 0
235 118 38 0 0
236 119 38 0 0
237 118 38 0 0
238 117 38 0 0
239 116 38 0 0
240 117 38 0 0
241 116 38 0 0
242 116 37 0 0
243 115 37 0 0
244 116 37 0 0
245 115 37 0 0
246 114 37 0 0
247 115 37 0 0
248 114 37 0 0
249 113 37 0 0
250 112 37 0 0
251 113 37 0 0
252 112 37 0 0
253 111 37 0 0
254 110 37 0 0
255 110 36 0 0
256 111 36 0 0
257 110 36 0 0
258 109 36 0 0
259 108 36 0 0
260 109 36 0 0
261 108 36 0 0
262 107 36 0 0
263 106 36 0 0
264 107 36 0 0
265 106 36 0 0
266 105 36 0 0
267 105 35 0 0
268 106 35 0 0
269 105 35 0 0
270 104 35 0 0
271 103 35 0 0
272 104 35 0 0
273 103 35 0 0
274 102 35 0 0
275 103 35 0 0
276 102 35 0 0
277 101 35 0 0
278 100 35 0 0
279 100 34 0 0
280 101 34 0 0
281 100 34 0 0
282 99 34 0 0
283 98 34 0 0
284 99 34 0 0
285 98 34 0 0
286 97 34 0 0
287 96 34 0 0
288 97 34 0 0
289 96 34 0 0
290 95 34 0 0
291 95 33 0 0
292 94 33 0 0
293 95 33 0 0
294 94 33 0 0
295 93 33 0 0
296 92 33 0 0
297 93 33 0 0
298 92 33 0 0
299 91 33 0 0
300 90 33 0 0
301 91 33 0 0
302 90 33 0 0
303 90 32 0 0
304 89 32 0 0
305 90 32 0 0
306 89 32 0 0
307 88 32 0 0
308 89 32 0 0
309 88 32 0 0
310 87 32 0 0
311 86 32 0 0
312 87 32 0 0
313 86 32 0 0
314 85 32 0 0
315 86 32 0 0
316 85 32 0 0
317 84 32 0 0
318 85 32 0 0
319 84 32 0 0
320 83 32 0 0
321 84 32 0 0
322 83 32 0 0
323 82 32 0 0
324 83 32 0 0
325 82 32 0 0
326 81 32 0 0
327 82 32 0 0
328 81 32 0 0
329 80 32 0 0
330 81 32 0 0
331 80 32 0 0
332 79 32 0 0
333 80 32 0 0
334 79 32 0 0
335 78 32 0 0
336 79 32 0 0
337 78 32 0 0
338 78 31 0 0
339 77 31 0 0
340 78 31 0 0
341 77 31 0 0
342 76 31 0 0
343 75 31 0 0
344 76 31 0 0
345 75 31 0 0
346 74 31 0 0
347 75 31 0 0
348 74 31 0 0
349 73 31 0 0
350 74 31 0 0
351 73 31 0 0
352 72 31 0 0
353 73 31 0 0
354 72 31 0 0
355 71 31 0 0
356 72 31 0 0
357 71 31 0 0
358 70 31 0 0
359 69 31 0 0
360 69 30 0 0
361 70 30 0 0
362 69 30 0 0
363 68 30 0 0
364 69 30 0 0
365 68 30 0 0
366 67 30 0 0
367 68 30 0 0
368 67 30 0 0
369 66 30 0 0
370 67 30 0 0
371 66 30 0 0
372 65 30 0 0
373 66 30 0 0
374 65 30 0 0
375 64 30 0 0
376 63 30 0 0
377 64 30 0 0
378 63 30 0 0
379 63 29 0 0
380 62 29 0 0
381 63 29 0 0
382 62 29 0 0
383 61 29 0 0
384 62 29 0 0
385 61 29 0 0
386 60 29 0 0
387 61 29 0 0
388 60 29 0 0
389 59 29 0 0
390 58 29 0 0
391 59 29 0 0
392 58 29 0 0
393 57 29 0 0
394 58 29 0 0
395 57 29 0 0
396 56 29 0 0
397 57 29 0 0
398 56 29 0 0
399 55 29 0 0
400 56 29 0 0
401 55 29 0 0
402 54 29 0 0
403 54 28 0 0
404 53 28 0 0
405 54 28 0 0
406 53 28 0 0
407 52 28 0 0
408 53 28 0 0
409 52 28 0 0
410 51 28 0 0
411 50 28 0 0
412 51 28 0 0
413 50 28 0 0
414 49 28 0 0
415 48 28 0 0
416 49 28 0 0
417 48 28 0 0
418 48 27 0 0
419 47 27 0 0
420 48 27 0 0
421 47 27 0 0
422 46 27 0 0
423 45 27 0 0
424 46 27 0 0
425 45 27 0 0
426 44 27 0 0
427 43 27 0 0
428 44 27 0 0
429 43 27 0 0
430 43 26 0 0
431 42 26 0 0
432 43 26 0 0
433 42 26 0 0
434 41 26 0 0
435 40 26 0 0
436 41 26 0 0
437 40 26 0 0
438 39 26 0 0
439 38 26 0 0
440 39 26 0 0
441 38 26 0 0
442 38 25 0 0
443 37 25 0 0
444 38 25 0 0
445 37 25 0 0
446 36 25 0 0
447 35 25 0 0
448 36 25 0 0
449 35 25 0 0
450 34 25 0 0
451 33 25 0 0
452 33 24 0 0
453 34 24 0 0
454 33 24 0 0
455 32 24 0 0
456 31 24 0 0
457 32 24 0 0
458 31 24 0 0
459 30 24 0 0
460 31 24 0 0
461 30 24 0 0
462 29 24 0 0
463 28 24 0 0
464 28 23 0 0
465 29 23 0 0
466 28 23 0 0
467 27 23 0 0
468 28 23 0 0
469 27 23 0 0
470 26 23 0 0
471 25 23 0 0
472 26 23 0 0
473 25 23 0 0
474 24 23 0 0
475 23 23 0 0
476 23 22 0 0
477 24 22 0 0
478 23 22 0 0
479 22 22 0 0
480 21 22 0 0
481 22 22 0 0
482 21 22 0 0
483 20 22 0 0
484 21 22 0 0
485 20 22 0 0
486 20 21 0 0
487 19 21 0 0
488 20 21 0 0
489 19 21 0 0
490 18 21 0 0
491 19 21 0 0
492 18 21 0 0
493 18 20 0 0
494 19 20 0 0
495 18 20 0 0
496 17 20 0 0
497 16 20 0 0
498 16 19 0 0
499 17 19 0 0
500 16 19 0 0
501 17 19 0 0
502 16 19 0 0
503 15 19 0 0
504 16 19 0 0
505 15 19 0 0
506 14 19 0 0
507 15 19 0 0
508 14 19 0 0
509 14 18 0 0
510 13 18 0 0
511 14 18 0 0
512 13 18 0 0
513 14 18 0 0
514 13 18 0 0
515 12 18 0 0
516 11 18 0 0
517 12 18 0 0
518 11 18 0 0
519 12 18 0 0
520 11 18 0 0
521 10 18 0 0
522 11 18 0 0
523 10 18 0 0
524 9 18 0 0
525 10 18 0 0
526 9 18 0 0
527 8 18 0 0
528 8 17 0 0
529 9 17 0 0
530 8 17 0 0
531 7 17 0 0
532 8 17 0 0
533 7 17 0 0
534 6 17 0 0
535 7 17 0 0
536 6 17 0 0
537 7 17 0 0
538 6 17 0 0
539 5 17 0 0
540 6 17 0 0
541 5 17 0 0
542 6 17 0 0
543 5 17 0 0
544 4 17 0 0
545 5 17 0 0
546 4 17 0 0
547 5 17 0 0
548 4 17 0 0
