0 196 68 0 0
1 195 68 0 0
2 196 68 0 0
3 195 68 0 0
4 196 68 0 0
5 195 68 0 0
6 194 68 0 0
7 195 68 0 0
8 194 68 0 0
9 193 68 0 0
10 194 68 0 0
11 193 68 0 0
12 194 68 0 0
13 193 68 0 0
14 192 68 0 0
15 193 68 0 0
16 192 68 0 0
17 191 68 0 0
18 192 68 0 0
19 191 68 0 0
20 191 67 0 0
21 192 67 0 0
22 191 67 0 0
23 190 67 0 0
24 191 67 0 0
25 190 67 0 0
26 191 67 0 0
27 190 67 0 0
28 189 67 0 0
29 190 67 0 0
30 189 67 0 0
31 190 67 0 0
32 189 67 0 0
33 188 67 0 0
34 189 67 0 0
35 188 67 0 0
36 189 67 0 0
37 188 67 0 0
38 187 67 0 0
39 188 67 0 0
40 187 67 0 0
41 186 67 0 0
42 187 67 0 0
43 186 67 0 0
44 187 67 0 0
45 186 67 0 0
46 185 67 0 0
47 186 67 0 0
48 185 67 0 0
49 186 67 0 0
50 185 67 0 0
51 184 67 0 0
52 185 67 0 0
53 184 67 0 0
54 185 67 0 0
55 184 67 0 0
56 183 67 0 0
57 184 67 0 0
58 183 67 0 0
59 184 67 0 0
60 183 67 0 0
61 182 67 0 0
62 183 67 0 0
63 182 67 0 0
64 183 67 0 0
65 182 67 0 0
66 181 67 0 0
67 182 67 0 0
68 181 67 0 0
69 180 67 0 0
70 181 67 0 0
71 180 67 0 0
72 181 67 0 0
73 180 67 0 0
74 179 67 0 0
75 180 67 0 0
76 179 67 0 0
77 179 66 0 0
78 178 66 0 0
79 179 66 0 0
80 178 66 0 0
81 179 66 0 0
82 178 66 0 0
83 177 66 0 0
84 178 66 0 0
85 177 66 0 0
86 176 66 0 0
87 177 66 0 0
88 176 66 0 0
89 177 66 0 0
90 176 66 0 0
91 175 66 0 0
92 176 66 0 0
93 175 66 0 0
94 176 66 0 0
95 175 66 0 0
96 174 66 0 0
97 175 66 0 0
98 174 66 0 0
99 175 66 0 0
100 174 66 0 0
101 174 65 0 0
102 173 65 0 0
103 174 65 0 0
104 173 65 0 0
105 174 65 0 0
106 173 65 0 0
107 172 65 0 0
108 173 65 0 0
109 172 65 0 0
110 171 65 0 0
111 172 65 0 0
112 171 65 0 0
113 172 65 0 0
114 171 65 0 0
115 170 65 0 0
116 171 65 0 0
117 170 65 0 0
118 171 65 0 0
119 170 65 0 0
120 169 65 0 0
121 170 65 0 0
122 169 65 0 0
123 168 65 0 0
124 168 64 0 0
125 169 64 0 0
126 168 64 0 0
127 169 64 0 0
128 168 64 0 0
129 167 64 0 0
130 168 64 0 0
131 167 64 0 0
132 168 64 0 0
133 167 64 0 0
134 167 63 0 0
135 166 63 0 0
136 167 63 0 0
137 166 63 0 0
138 167 63 0 0
139 166 63 0 0
140 165 63 0 0
141 165 62 0 0
142 166 62 0 0
143 165 62 0 0
144 166 62 0 0
145 165 62 0 0
146 166 62 0 0
147 165 62 0 0
148 164 62 0 0
149 165 62 0 0
150 164 62 0 0
151 164 61 0 0
152 163 61 0 0
153 164 61 0 0
154 163 61 0 0
155 164 61 0 0
156 163 61 0 0
157 164 61 0 0
158 163 61 0 0
159 162 61 0 0
160 163 61 0 0
161 162 61 0 0
162 162 60 0 0
163 163 60 0 0
164 162 60 0 0
165 161 60 0 0
166 162 60 0 0
167 161 60 0 0
168 162 60 0 0
169 161 60 0 0
170 161 59 0 0
171 160 59 0 0
172 161 59 0 0
173 160 59 0 0
174 161 59 0 0
175 160 59 0 0
176 161 59 0 0
177 160 59 0 0
178 159 59 0 0
179 159 58 0 0
180 160 58 0 0
181 159 58 0 0
182 158 58 0 0
183 159 58 0 0
184 158 58 0 0
185 159 58 0 0
186 158 58 0 0
187 158 57 0 0
188 159 57 0 0
189 158 57 0 0
190 157 57 0 0
191 158 57 0 0
192 157 57 0 0
193 158 57 0 0
194 157 57 0 0
195 156 57 0 0
196 156 56 0 0
197 157 56 0 0
198 156 56 0 0
199 157 56 0 0
200 156 56 0 0
201 155 56 0 0
202 156 56 0 0
203 155 56 0 0
204 155 55 0 0
205 156 55 0 0
206 155 55 0 0
207 154 55 0 0
208 155 55 0 0
209 154 55 0 0
210 155 55 0 0
211 154 55 0 0
212 153 55 0 0
213 153 54 0 0
214 154 54 0 0
215 153 54 0 0
216 154 54 0 0
217 153 54 0 0
218 154 54 0 0
219 153 54 0 0
220 152 54 0 0
221 153 54 0 0
222 152 54 0 0
223 152 53 0 0
224 151 53 0 0
225 152 53 0 0
226 151 53 0 0
227 152 53 0 0
228 151 53 0 0
229 152 53 0 0
230 151 53 0 0
231 150 53 0 0
232 150 52 0 0
233 151 52 0 0
234 150 52 0 0
235 151 52 0 0
236 150 52 0 0
237 149 52 0 0
238 150 52 0 0
239 149 52 0 0
240 149 51 0 0
241 150 51 0 0
242 149 51 0 0
243 148 51 0 0
244 149 51 0 0
245 148 51 0 0
246 149 51 0 0
247 148 51 0 0
248 149 51 0 0
249 148 51 0 0
250 148 50 0 0
251 147 50 0 0
252 148 50 0 0
253 147 50 0 0
254 146 50 0 0
255 147 50 0 0
256 146 50 0 0
257 146 49 0 0
258 147 49 0 0
259 146 49 0 0
260 147 49 0 0
261 146 49 0 0
262 145 49 0 0
263 146 49 0 0
264 145 49 0 0
265 145 48 0 0
266 146 48 0 0
267 145 48 0 0
268 144 48 0 0
269 145 48 0 0
270 144 48 0 0
271 143 48 0 0
272 144 48 0 0
273 143 48 0 0
274 144 48 0 0
275 143 48 0 0
276 142 48 0 0
277 143 48 0 0
278 142 48 0 0
279 141 48 0 0
280 141 47 0 0
281 142 47 0 0
282 141 47 0 0
283 142 47 0 0
284 141 47 0 0
285 140 47 0 0
286 141 47 0 0
287 140 47 0 0
288 141 47 0 0
289 140 47 0 0
290 139 47 0 0
291 140 47 0 0
292 139 47 0 0
293 139 46 0 0
294 138 46 0 0
295 139 46 0 0
296 138 46 0 0
297 139 46 0 0
298 138 46 0 0
299 137 46 0 0
300 138 46 0 0
301 137 46 0 0
302 136 46 0 0
303 136 45 0 0
304 137 45 0 0
305 136 45 0 0
306 137 45 0 0
307 136 45 0 0
308 135 45 0 0
309 136 45 0 0
310 135 45 0 0
311 134 45 0 0
312 135 45 0 0
313 134 45 0 0
314 133 45 0 0
315 133 44 0 0
316 134 44 0 0
317 133 44 0 0
318 134 44 0 0
319 133 44 0 0
320 132 44 0 0
321 133 44 0 0
322 132 44 0 0
323 133 44 0 0
324 132 44 0 0
325 131 44 0 0
326 132 44 0 0
327 131 44 0 0
328 131 43 0 0
329 130 43 0 0
330 131 43 0 0
331 130 43 0 0
332 131 43 0 0
333 130 43 0 0
334 129 43 0 0
335 130 43 0 0
336 129 43 0 0
337 128 43 0 0
338 128 42 0 0
339 129 42 0 0
340 128 42 0 0
341 129 42 0 0
342 128 42 0 0
343 127 42 0 0
344 128 42 0 0
345 127 42 0 0
346 126 42 0 0
347 127 42 0 0
348 126 42 0 0
349 125 42 0 0
350 126 42 0 0
351 125 42 0 0
352 126 42 0 0
353 125 42 0 0
354 125 41 0 0
355 124 41 0 0
356 125 41 0 0
357 124 41 0 0
358 123 41 0 0
359 124 41 0 0
360 123 41 0 0
361 122 41 0 0
362 123 41 0 0
363 122 41 0 0
364 121 41 0 0
365 122 41 0 0
366 121 41 0 0
367 122 41 0 0
368 121 41 0 0
369 120 41 0 0
370 121 41 0 0
371 120 41 0 0
372 119 41 0 0
373 120 41 0 0
374 119 41 0 0
375 120 41 0 0
376 119 41 0 0
377 118 41 0 0
378 119 41 0 0
379 118 41 0 0
380 118 40 0 0
381 117 40 0 0
382 118 40 0 0
383 117 40 0 0
384 116 40 0 0
385 117 40 0 0
386 116 40 0 0
387 117 40 0 0
388 116 40 0 0
389 115 40 0 0
390 116 40 0 0
391 115 40 0 0
392 114 40 0 0
393 115 40 0 0
394 114 40 0 0
395 115 40 0 0
396 114 40 0 0
397 113 40 0 0
398 113 39 0 0
399 114 39 0 0
400 113 39 0 0
401 112 39 0 0
402 113 39 0 0
403 112 39 0 0
404 111 39 0 0
405 112 39 0 0
406 111 39 0 0
407 112 39 0 0
408 111 39 0 0
409 110 39 0 0
410 111 39 0 0
411 110 39 0 0
412 109 39 0 0
413 110 39 0 0
414 109 39 0 0
415 109 38 0 0
416 110 38 0 0
417 109 38 0 0
418 108 38 0 0
419 109 38 0 0
420 108 38 0 0
421 107 38 0 0
422 108 38 0 0
423 107 38 0 0
424 108 38 0 0
425 107 38 0 0
426 106 38 0 0
427 107 38 0 0
428 106 38 0 0
429 105 38 0 0
430 106 38 0 0
431 105 38 0 0
432 104 38 0 0
433 105 38 0 0
434 104 38 0 0
435 104 37 0 0
436 105 37 0 0
437 104 37 0 0
438 103 37 0 0
439 104 37 0 0
440 103 37 0 0
441 102 37 0 0
442 103 37 0 0
443 102 37 0 0
444 101 37 0 0
445 102 37 0 0
446 101 37 0 0
447 102 37 0 0
448 101 37 0 0
449 100 37 0 0
450 101 37 0 0
451 100 37 0 0
452 99 37 0 0
453 100 37 0 0
454 99 37 0 0
455 99 36 0 0
456 100 36 0 0
457 99 36 0 0
458 98 36 0 0
459 99 36 0 0
460 98 36 0 0
461 97 36 0 0
462 98 36 0 0
463 97 36 0 0
464 96 36 0 0
465 97 36 0 0
466 96 36 0 0
467 95 36 0 0
468 96 36 0 0
469 95 36 0 0
470 96 36 0 0
471 95 36 0 0
472 94 36 0 0
473 95 36 0 0
474 94 36 0 0
475 93 36 0 0
476 94 36 0 0
477 93 36 0 0
478 92 36 0 0
479 93 36 0 0
480 92 36 0 0
481 91 36 0 0
482 92 36 0 0
483 91 36 0 0
484 90 36 0 0
485 91 36 0 0
486 90 36 0 0
487 90 35 0 0
488 89 35 0 0
489 90 35 0 0
490 89 35 0 0
491 88 35 0 0
492 89 35 0 0
493 88 35 0 0
494 89 35 0 0
495 88 35 0 0
496 87 35 0 0
497 86 35 0 0
498 87 35 0 0
499 86 35 0 0
500 87 35 0 0
501 86 35 0 0
502 85 35 0 0
503 86 35 0 0
504 85 35 0 0
505 84 35 0 0
506 85 35 0 0
507 84 35 0 0
508 83 35 0 0
509 84 35 0 0
510 83 35 0 0
511 82 35 0 0
512 83 35 0 0
513 82 35 0 0
514 81 35 0 0
515 82 35 0 0
516 81 35 0 0
517 80 35 0 0
518 81 35 0 0
519 80 35 0 0
520 81 35 0 0
521 80 35 0 0
522 79 35 0 0
523 78 35 0 0
524 78 34 0 0
525 79 34 0 0
526 78 34 0 0
527 79 34 0 0
528 78 34 0 0
529 77 34 0 0
530 78 34 0 0
531 77 34 0 0
532 76 34 0 0
533 77 34 0 0
534 76 34 0 0
535 77 34 0 0
536 76 34 0 0
537 75 34 0 0
538 76 34 0 0
539 75 34 0 0
540 74 34 0 0
541 75 34 0 0
542 74 34 0 0
543 75 34 0 0
544 74 34 0 0
545 73 34 0 0
546 74 34 0 0
547 73 34 0 0
548 72 34 0 0
549 73 34 0 0
550 72 34 0 0
551 71 34 0 0
552 72 34 0 0
553 71 34 0 0
554 72 34 0 0
555 71 34 0 0
556 70 34 0 0
557 71 34 0 0
558 70 34 0 0
559 71 34 0 0
560 70 34 0 0
561 69 34 0 0
562 70 34 0 0
563 69 34 0 0
564 68 34 0 0
565 69 34 0 0
566 68 34 0 0
567 69 34 0 0
568 68 34 0 0
569 67 34 0 0
570 68 34 0 0
571 67 34 0 0
572 66 34 0 0
573 67 34 0 0
574 66 34 0 0
575 67 34 0 0
576 66 34 0 0
577 65 34 0 0
578 66 34 0 0
579 65 34 0 0
580 64 34 0 0
581 65 34 0 0
582 64 34 0 0
583 63 34 0 0
584 64 34 0 0
585 63 34 0 0
586 64 34 0 0
587 63 34 0 0
588 62 34 0 0
589 63 34 0 0
590 62 34 0 0
591 61 34 0 0
592 62 34 0 0
593 61 34 0 0
594 62 34 0 0
595 61 34 0 0
596 60 34 0 0
597 60 33 0 0
598 61 33 0 0
599 60 33 0 0
600 61 33 0 0
601 60 33 0 0
602 59 33 0 0
603 60 33 0 0
604 59 33 0 0
605 58 33 0 0
606 59 33 0 0
607 58 33 0 0
608 59 33 0 0
609 58 33 0 0
610 57 33 0 0
611 58 33 0 0
612 57 33 0 0
613 56 33 0 0
614 57 33 0 0
615 56 33 0 0
616 55 33 0 0
617 56 33 0 0
618 55 33 0 0
619 56 33 0 0
620 55 33 0 0
621 54 33 0 0
622 55 33 0 0
623 54 33 0 0
624 53 33 0 0
625 54 33 0 0
626 53 33 0 0
627 54 33 0 0
628 53 33 0 0
629 52 33 0 0
630 52 32 0 0
631 53 32 0 0
632 52 32 0 0
633 51 32 0 0
634 52 32 0 0
635 51 32 0 0
636 52 32 0 0
637 51 32 0 0
638 50 32 0 0
639 51 32 0 0
640 50 32 0 0
641 51 32 0 0
642 50 32 0 0
643 49 32 0 0
644 50 32 0 0
645 49 32 0 0
646 48 32 0 0
647 49 32 0 0
648 48 32 0 0
649 49 32 0 0
650 48 32 0 0
651 47 32 0 0
652 48 32 0 0
653 47 32 0 0
654 46 32 0 0
655 46 31 0 0
656 47 31 0 0
657 46 31 0 0
658 45 31 0 0
659 46 31 0 0
660 45 31 0 0
661 46 31 0 0
662 45 31 0 0
663 44 31 0 0
664 45 31 0 0
665 44 31 0 0
666 43 31 0 0
667 44 31 0 0
668 43 31 0 0
669 44 31 0 0
670 43 31 0 0
671 42 31 0 0
672 43 31 0 0
673 42 31 0 0
674 41 31 0 0
675 42 31 0 0
676 41 31 0 0
677 42 31 0 0
678 41 31 0 0
679 41 30 0 0
680 40 30 0 0
681 41 30 0 0
682 40 30 0 0
683 41 30 0 0
684 40 30 0 0
685 39 30 0 0
686 40 30 0 0
687 39 30 0 0
688 38 30 0 0
689 39 30 0 0
690 38 30 0 0
691 37 30 0 0
692 38 30 0 0
693 37 30 0 0
694 36 30 0 0
695 36 29 0 0
696 37 29 0 0
697 36 29 0 0
698 37 29 0 0
699 36 29 0 0
700 35 29 0 0
701 36 29 0 0
702 35 29 0 0
703 36 29 0 0
704 35 29 0 0
705 34 29 0 0
706 35 29 0 0
707 34 29 0 0
708 33 29 0 0
709 34 29 0 0
710 33 29 0 0
711 34 29 0 0
712 33 29 0 0
713 33 28 0 0
714 32 28 0 0
715 33 28 0 0
716 32 28 0 0
717 31 28 0 0
718 32 28 0 0
719 31 28 0 0
720 30 28 0 0
721 31 28 0 0
722 30 28 0 0
723 31 28 0 0
724 30 28 0 0
725 29 28 0 0
726 30 28 0 0
727 29 28 0 0
728 29 27 0 0
729 28 27 0 0
730 29 27 0 0
731 28 27 0 0
732 29 27 0 0
733 28 27 0 0
734 27 27 0 0
735 26 27 0 0
736 27 27 0 0
737 26 27 0 0
738 27 27 0 0
739 26 27 0 0
740 25 27 0 0
741 26 27 0 0
742 25 27 0 0
743 25 26 0 0
744 26 26 0 0
745 25 26 0 0
746 24 26 0 0
747 23 26 0 0
748 24 26 0 0
749 23 26 0 0
750 24 26 0 0
751 23 26 0 0
752 22 26 0 0
753 23 26 0 0
754 22 26 0 0
755 21 26 0 0
756 22 26 0 0
757 21 26 0 0
758 21 25 0 0
759 20 25 0 0
760 21 25 0 0
761 20 25 0 0
762 21 25 0 0
763 20 25 0 0
764 19 25 0 0
765 20 25 0 0
766 19 25 0 0
767 18 25 0 0
768 19 25 0 0
769 18 25 0 0
770 17 25 0 0
771 18 25 0 0
772 17 25 0 0
773 16 25 0 0
774 17 25 0 0
775 16 25 0 0
776 17 25 0 0
777 16 25 0 0
778 16 24 0 0
779 15 24 0 0
780 16 24 0 0
781 15 24 0 0
782 14 24 0 0
783 15 24 0 0
784 14 24 0 0
785 13 24 0 0
786 14 24 0 0
787 13 24 0 0
788 14 24 0 0
789 13 24 0 0
790 12 24 0 0
791 13 24 0 0
792 12 24 0 0
793 12 23 0 0
794 11 23 0 0
795 12 23 0 0
796 11 23 0 0
797 10 23 0 0
798 11 23 0 0
799 10 23 0 0
800 11 23 0 0
801 10 23 0 0
802 9 23 0 0
803 10 23 0 0
804 9 23 0 0
805 8 23 0 0
806 8 22 0 0
807 9 22 0 0
808 8 22 0 0
809 7 22 0 0
810 8 22 0 0
811 7 22 0 0
812 8 22 0 0
813 7 22 0 0
814 6 22 0 0
815 7 22 0 0
816 6 22 0 0
817 7 22 0 0
818 6 22 0 0
819 5 22 0 0
820 6 22 0 0
821 5 22 0 0
822 6 22 0 0
823 5 22 0 0
824 4 22 0 0
825 5 22 0 0
826 4 22 0 0
827 3 22 0 0
828 4 22 0 0
829 3 22 0 0
830 4 22 0 0
831 3 22 0 0
832 2 22 0 0
833 3 22 0 0
834 2 22 0 0
835 3 22 0 0
836 2 22 0 0
