0 197 97 0 0
1 196 97 0 0
2 195 97 0 0
3 194 97 0 0
4 193 97 0 0
5 192 97 0 0
6 191 97 0 0
7 190 97 0 0
8 189 97 0 0
9 188 97 0 0
10 187 97 0 0
11 186 97 0 0
12 185 97 0 0
13 184 97 0 0
14 183 97 0 0
15 182 97 0 0
16 181 97 0 0
17 180 97 0 0
18 179 97 0 0
19 178 97 0 0
20 177 97 0 0
21 176 97 0 0
22 175 97 0 0
23 174 97 0 0
24 173 97 0 0
25 172 97 0 0
26 171 97 0 0
27 170 97 0 0
28 169 97 0 0
29 168 97 0 0
30 168 98 0 0
31 167 98 0 0
32 166 98 0 0
33 165 98 0 0
34 164 98 0 0
35 163 98 0 0
36 162 98 0 0
37 161 98 0 0
38 160 98 0 0
39 159 98 0 0
40 158 98 0 0
41 157 98 0 0
42 156 98 0 0
43 155 98 0 0
44 154 98 0 0
45 153 98 0 0
46 152 98 0 0
47 151 98 0 0
48 150 98 0 0
49 149 98 0 0
50 148 98 0 0
51 147 98 0 0
52 146 98 0 0
53 145 98 0 0
54 145 99 0 0
55 144 99 0 0
56 143 99 0 0
57 142 99 0 0
58 141 99 0 0
59 140 99 0 0
60 139 99 0 0
61 138 99 0 0
62 137 99 0 0
63 136 99 0 0
64 135 99 0 0
65 134 99 0 0
66 133 99 0 0
67 132 99 0 0
68 131 99 0 0
69 130 99 0 0
70 129 99 0 0
71 128 99 0 0
72 127 99 0 0
73 126 99 0 0
74 125 99 0 0
75 124 99 0 0
76 123 99 0 0
77 122 99 0 0
78 121 99 0 0
79 120 99 0 0
80 119 99 0 0
81 118 99 0 0
82 117 99 0 0
83 116 99 0 0
84 115 99 0 0
85 114 99 0 0
86 113 99 0 0
87 112 99 0 0
88 111 99 0 0
89 110 99 0 0
90 109 99 0 0
91 108 99 0 0
92 107 99 0 0
93 106 99 0 0
94 105 99 0 0
95 104 99 0 0
96 103 99 0 0
97 102 99 0 0
98 101 99 0 0
99 100 99 0 0
100 99 99 0 0
101 98 99 0 0
102 97 99 0 0
103 96 99 0 0
104 95 99 0 0
105 94 99 0 0
106 93 99 0 0
107 92 99 0 0
108 91 99 0 0
109 90 99 0 0
110 90 98 0 0
111 90 99 0 0
112 89 99 0 0
113 88 99 0 0
114 87 99 0 0
115 86 99 0 0
116 85 99 0 0
117 84 99 0 0
118 83 99 0 0
119 82 99 0 0
120 81 99 0 0
121 80 99 0 0
122 79 99 0 0
123 78 99 0 0
124 77 99 0 0
125 76 99 0 0
126 75 99 0 0
127 74 99 0 0
128 73 99 0 0
129 72 99 0 0
130 71 99 0 0
131 70 99 0 0
132 69 99 0 0
133 68 99 0 0
134 67 99 0 0
135 66 99 0 0
136 65 99 0 0
137 65 98 0 0
138 64 98 0 0
139 63 98 0 0
140 62 98 0 0
141 61 98 0 0
142 60 98 0 0
143 59 98 0 0
144 58 98 0 0
145 57 98 0 0
146 56 98 0 0
147 55 98 0 0
148 54 98 0 0
149 53 98 0 0
150 52 98 0 0
151 51 98 0 0
152 50 98 0 0
153 49 98 0 0
154 48 98 0 0
155 47 98 0 0
156 46 98 0 0
157 46 97 0 0
158 45 97 0 0
159 44 97 0 0
160 43 97 0 0
161 42 97 0 0
162 41 97 0 0
163 40 97 0 0
164 39 97 0 0
165 38 97 0 0
166 37 97 0 0
167 36 97 0 0
168 35 97 0 0
169 34 97 0 0
170 33 97 0 0
171 32 97 0 0
172 31 97 0 0
173 30 97 0 0
174 29 97 0 0
175 28 97 0 0
176 27 97 0 0
177 26 97 0 0
178 25 97 0 0
179 25 96 0 0
180 24 96 0 0
181 23 96 0 0
182 22 96 0 0
183 21 96 0 0
184 20 96 0 0
185 19 96 0 0
186 18 96 0 0
187 17 96 0 0
188 16 96 0 0
189 15 96 0 0
190 14 96 0 0
191 13 96 0 0
192 12 96 0 0
193 11 96 0 0
194 10 96 0 0
195 9 96 0 0
196 8 96 0 0
197 8 95 0 0
198 7 95 0 0
199 6 95 0 0
200 5 95 0 0
201 4 95 0 0
202 3 95 0 0
203 2 95 0 0
204 1 95 0 0
