0 196 86 0 0
1 195 86 0 0
2 196 86 0 0
3 195 86 0 0
4 196 86 0 0
5 195 86 0 0
6 196 86 0 0
7 195 86 0 0
8 196 86 0 0
9 195 86 0 0
10 194 86 0 0
11 194 87 0 0
12 195 87 0 0
13 194 87 0 0
14 195 87 0 0
15 194 87 0 0
16 193 87 0 0
17 194 87 0 0
18 193 87 0 0
19 192 87 0 0
20 191 87 0 0
21 190 87 0 0
22 189 87 0 0
23 188 87 0 0
24 189 87 0 0
25 188 87 0 0
26 187 87 0 0
27 186 87 0 0
28 186 88 0 0
29 187 88 0 0
30 186 88 0 0
31 185 88 0 0
32 184 88 0 0
33 185 88 0 0
34 184 88 0 0
35 183 88 0 0
36 182 88 0 0
37 183 88 0 0
38 182 88 0 0
39 181 88 0 0
40 181 89 0 0
41 180 89 0 0
42 181 89 0 0
43 180 89 0 0
44 179 89 0 0
45 178 89 0 0
46 179 89 0 0
47 178 89 0 0
48 177 89 0 0
49 176 89 0 0
50 177 89 0 0
51 176 89 0 0
52 175 89 0 0
53 174 89 0 0
54 174 90 0 0
55 175 90 0 0
56 174 90 0 0
57 173 90 0 0
58 172 90 0 0
59 171 90 0 0
60 172 90 0 0
61 171 90 0 0
62 170 90 0 0
63 171 90 0 0
64 170 90 0 0
65 169 90 0 0
66 169 91 0 0
67 168 91 0 0
68 169 91 0 0
69 168 91 0 0
70 167 91 0 0
71 167 92 0 0
72 166 92 0 0
73 165 92 0 0
74 164 92 0 0
75 164 93 0 0
76 163 93 0 0
77 162 93 0 0
78 163 93 0 0
79 162 93 0 0
80 161 93 0 0
81 160 93 0 0
82 161 93 0 0
83 160 93 0 0
84 159 93 0 0
85 160 93 0 0
86 159 93 0 0
87 158 93 0 0
88 157 93 0 0
89 158 93 0 0
90 157 93 0 0
91 157 94 0 0
92 156 94 0 0
93 155 94 0 0
94 156 94 0 0
95 155 94 0 0
96 154 94 0 0
97 153 94 0 0
98 152 94 0 0
99 153 94 0 0
100 152 94 0 0
101 151 94 0 0
102 151 95 0 0
103 152 95 0 0
104 151 95 0 0
105 150 95 0 0
106 149 95 0 0
107 150 95 0 0
108 149 95 0 0
109 148 95 0 0
110 147 95 0 0
111 148 95 0 0
112 147 95 0 0
113 146 95 0 0
114 146 96 0 0
115 145 96 0 0
116 144 96 0 0
117 143 96 0 0
118 142 96 0 0
119 143 96 0 0
120 142 96 0 0
121 141 96 0 0
122 142 96 0 0
123 141 96 0 0
124 140 96 0 0
125 141 96 0 0
126 140 96 0 0
127 139 96 0 0
128 140 96 0 0
129 139 96 0 0
130 138 96 0 0
131 137 96 0 0
132 138 96 0 0
133 137 96 0 0
134 136 96 0 0
135 135 96 0 0
136 134 96 0 0
137 135 96 0 0
138 134 96 0 0
139 133 96 0 0
140 133 95 0 0
141 132 95 0 0
142 132 96 0 0
143 131 96 0 0
144 132 96 0 0
145 131 96 0 0
146 130 96 0 0
147 129 96 0 0
148 130 96 0 0
149 129 96 0 0
150 128 96 0 0
151 127 96 0 0
152 128 96 0 0
153 127 96 0 0
154 126 96 0 0
155 127 96 0 0
156 126 96 0 0
157 125 96 0 0
158 125 97 0 0
159 124 97 0 0
160 123 97 0 0
161 122 97 0 0
162 121 97 0 0
163 122 97 0 0
164 121 97 0 0
165 120 97 0 0
166 121 97 0 0
167 120 97 0 0
168 119 97 0 0
169 119 96 0 0
170 120 96 0 0
171 119 96 0 0
172 119 97 0 0
173 118 97 0 0
174 119 97 0 0
175 118 97 0 0
176 117 97 0 0
177 116 97 0 0
178 117 97 0 0
179 116 97 0 0
180 115 97 0 0
181 114 97 0 0
182 115 97 0 0
183 114 97 0 0
184 113 97 0 0
185 112 97 0 0
186 113 97 0 0
187 112 97 0 0
188 111 97 0 0
189 110 97 0 0
190 111 97 0 0
191 110 97 0 0
192 109 97 0 0
193 108 97 0 0
194 109 97 0 0
195 108 97 0 0
196 107 97 0 0
197 106 97 0 0
198 107 97 0 0
199 106 97 0 0
200 105 97 0 0
201 104 97 0 0
202 104 98 0 0
203 103 98 0 0
204 102 98 0 0
205 103 98 0 0
206 102 98 0 0
207 101 98 0 0
208 101 97 0 0
209 102 97 0 0
210 101 97 0 0
211 100 97 0 0
212 101 97 0 0
213 100 97 0 0
214 100 96 0 0
215 99 96 0 0
216 98 96 0 0
217 99 96 0 0
218 98 96 0 0
219 97 96 0 0
220 98 96 0 0
221 97 96 0 0
222 96 96 0 0
223 96 97 0 0
224 95 97 0 0
225 96 97 0 0
226 95 97 0 0
227 94 97 0 0
228 95 97 0 0
229 94 97 0 0
230 93 97 0 0
231 92 97 0 0
232 93 97 0 0
233 92 97 0 0
234 91 97 0 0
235 92 97 0 0
236 91 97 0 0
237 90 97 0 0
238 89 97 0 0
239 90 97 0 0
240 89 97 0 0
241 88 97 0 0
242 89 97 0 0
243 88 97 0 0
244 87 97 0 0
245 86 97 0 0
246 87 97 0 0
247 86 97 0 0
248 85 97 0 0
249 84 97 0 0
250 85 97 0 0
251 84 97 0 0
252 83 97 0 0
253 82 97 0 0
254 81 97 0 0
255 82 97 0 0
256 81 97 0 0
257 80 97 0 0
258 80 98 0 0
259 81 98 0 0
260 80 98 0 0
261 79 98 0 0
262 78 98 0 0
263 79 98 0 0
264 78 98 0 0
265 77 98 0 0
266 78 98 0 0
267 77 98 0 0
268 76 98 0 0
269 75 98 0 0
270 76 98 0 0
271 75 98 0 0
272 74 98 0 0
273 73 98 0 0
274 74 98 0 0
275 73 98 0 0
276 72 98 0 0
277 73 98 0 0
278 72 98 0 0
279 71 98 0 0
280 70 98 0 0
281 71 98 0 0
282 70 98 0 0
283 69 98 0 0
284 68 98 0 0
285 69 98 0 0
286 68 98 0 0
287 67 98 0 0
288 68 98 0 0
289 67 98 0 0
290 68 98 0 0
291 67 98 0 0
292 66 98 0 0
293 67 98 0 0
294 66 98 0 0
295 65 98 0 0
296 64 98 0 0
297 65 98 0 0
298 64 98 0 0
299 63 98 0 0
300 62 98 0 0
301 61 98 0 0
302 62 98 0 0
303 61 98 0 0
304 60 98 0 0
305 60 97 0 0
306 59 97 0 0
307 59 98 0 0
308 60 98 0 0
309 59 98 0 0
310 58 98 0 0
311 59 98 0 0
312 58 98 0 0
313 57 98 0 0
314 58 98 0 0
315 57 98 0 0
316 56 98 0 0
317 55 98 0 0
318 56 98 0 0
319 55 98 0 0
320 54 98 0 0
321 54 97 0 0
322 55 97 0 0
323 54 97 0 0
324 53 97 0 0
325 52 97 0 0
326 53 97 0 0
327 52 97 0 0
328 51 97 0 0
329 50 97 0 0
330 49 97 0 0
331 50 97 0 0
332 49 97 0 0
333 48 97 0 0
334 47 97 0 0
335 48 97 0 0
336 47 97 0 0
337 46 97 0 0
338 45 97 0 0
339 46 97 0 0
340 45 97 0 0
341 44 97 0 0
342 43 97 0 0
343 44 97 0 0
344 43 97 0 0
345 42 97 0 0
346 43 97 0 0
347 42 97 0 0
348 41 97 0 0
349 42 97 0 0
350 41 97 0 0
351 41 98 0 0
352 40 98 0 0
353 39 98 0 0
354 40 98 0 0
355 39 98 0 0
356 38 98 0 0
357 37 98 0 0
358 37 97 0 0
359 38 97 0 0
360 37 97 0 0
361 37 98 0 0
362 36 98 0 0
363 37 98 0 0
364 36 98 0 0
365 36 97 0 0
366 35 97 0 0
367 35 98 0 0
368 34 98 0 0
369 34 97 0 0
370 35 97 0 0
371 34 97 0 0
372 33 97 0 0
373 33 98 0 0
374 32 98 0 0
375 32 97 0 0
376 33 97 0 0
377 32 97 0 0
378 31 97 0 0
379 30 97 0 0
380 29 97 0 0
381 30 97 0 0
382 29 97 0 0
383 28 97 0 0
384 27 97 0 0
385 26 97 0 0
386 27 97 0 0
387 26 97 0 0
388 25 97 0 0
389 26 97 0 0
390 25 97 0 0
391 24 97 0 0
392 25 97 0 0
393 24 97 0 0
394 23 97 0 0
395 22 97 0 0
396 23 97 0 0
397 22 97 0 0
398 21 97 0 0
399 20 97 0 0
400 21 97 0 0
401 20 97 0 0
402 19 97 0 0
403 18 97 0 0
404 19 97 0 0
405 18 97 0 0
406 18 98 0 0
407 17 98 0 0
408 16 98 0 0
409 16 97 0 0
410 17 97 0 0
411 16 97 0 0
412 15 97 0 0
413 14 97 0 0
414 15 97 0 0
415 14 97 0 0
416 13 97 0 0
417 14 97 0 0
418 13 97 0 0
419 12 97 0 0
420 13 97 0 0
421 12 97 0 0
422 11 97 0 0
423 12 97 0 0
424 11 97 0 0
425 10 97 0 0
426 9 97 0 0
427 10 97 0 0
428 9 97 0 0
429 8 97 0 0
430 9 97 0 0
431 8 97 0 0
432 7 97 0 0
433 8 97 0 0
434 7 97 0 0
435 6 97 0 0
436 7 97 0 0
437 6 97 0 0
438 5 97 0 0
439 4 97 0 0
440 5 97 0 0
441 4 97 0 0
442 5 97 0 0
443 4 97 0 0
444 3 97 0 0
445 4 97 0 0
446 3 97 0 0
447 2 97 0 0
448 3 97 0 0
449 2 97 0 0
450 3 97 0 0
451 2 97 0 0
