0 0 83 0 0
1 1 83 0 0
2 0 83 0 0
3 1 83 0 0
4 2 83 0 0
5 1 83 0 0
6 2 83 0 0
7 1 83 0 0
8 2 83 0 0
9 3 83 0 0
10 2 83 0 0
11 3 83 0 0
12 2 83 0 0
13 3 83 0 0
14 2 83 0 0
15 3 83 0 0
16 4 83 0 0
17 3 83 0 0
18 4 83 0 0
19 3 83 0 0
20 4 83 0 0
21 5 83 0 0
22 4 83 0 0
23 5 83 0 0
24 4 83 0 0
25 5 83 0 0
26 4 83 0 0
27 5 83 0 0
28 6 83 0 0
29 5 83 0 0
30 6 83 0 0
31 5 83 0 0
32 6 83 0 0
33 7 83 0 0
34 6 83 0 0
35 7 83 0 0
36 8 83 0 0
37 7 83 0 0
38 8 83 0 0
39 9 83 0 0
40 8 83 0 0
41 8 82 0 0
42 9 82 0 0
43 10 82 0 0
44 10 83 0 0
45 11 83 0 0
46 10 83 0 0
47 11 83 0 0
48 12 83 0 0
49 13 83 0 0
50 12 83 0 0
51 13 83 0 0
52 14 83 0 0
53 13 83 0 0
54 14 83 0 0
55 15 83 0 0
56 15 82 0 0
57 16 82 0 0
58 15 82 0 0
59 16 82 0 0
60 17 82 0 0
61 18 82 0 0
62 17 82 0 0
63 18 82 0 0
64 19 82 0 0
65 18 82 0 0
66 19 82 0 0
67 20 82 0 0
68 19 82 0 0
69 20 82 0 0
70 21 82 0 0
71 22 82 0 0
72 21 82 0 0
73 22 82 0 0
74 23 82 0 0
75 22 82 0 0
76 23 82 0 0
77 24 82 0 0
78 25 82 0 0
79 24 82 0 0
80 25 82 0 0
81 26 82 0 0
82 27 82 0 0
83 26 82 0 0
84 27 82 0 0
85 28 82 0 0
86 27 82 0 0
87 28 82 0 0
88 29 82 0 0
89 28 82 0 0
90 29 82 0 0
91 30 82 0 0
92 29 82 0 0
93 30 82 0 0
94 31 82 0 0
95 32 82 0 0
96 31 82 0 0
97 32 82 0 0
98 33 82 0 0
99 32 82 0 0
100 33 82 0 0
101 34 82 0 0
102 33 82 0 0
103 34 82 0 0
104 35 82 0 0
105 34 82 0 0
106 35 82 0 0
107 35 81 0 0
108 36 81 0 0
109 36 82 0 0
110 37 82 0 0
111 36 82 0 0
112 37 82 0 0
113 38 82 0 0
114 37 82 0 0
115 38 82 0 0
116 39 82 0 0
117 38 82 0 0
118 39 82 0 0
119 40 82 0 0
120 41 82 0 0
121 40 82 0 0
122 41 82 0 0
123 42 82 0 0
124 41 82 0 0
125 42 82 0 0
126 43 82 0 0
127 42 82 0 0
128 43 82 0 0
129 44 82 0 0
130 43 82 0 0
131 44 82 0 0
132 45 82 0 0
133 46 82 0 0
134 45 82 0 0
135 46 82 0 0
136 47 82 0 0
137 46 82 0 0
138 47 82 0 0
139 48 82 0 0
140 47 82 0 0
141 48 82 0 0
142 49 82 0 0
143 50 82 0 0
144 49 82 0 0
145 50 82 0 0
146 51 82 0 0
147 52 82 0 0
148 51 82 0 0
149 52 82 0 0
150 53 82 0 0
151 52 82 0 0
152 53 82 0 0
153 53 83 0 0
154 54 83 0 0
155 55 83 0 0
156 54 83 0 0
157 55 83 0 0
158 56 83 0 0
159 55 83 0 0
160 56 83 0 0
161 57 83 0 0
162 56 83 0 0
163 57 83 0 0
164 58 83 0 0
165 57 83 0 0
166 58 83 0 0
167 59 83 0 0
168 60 83 0 0
169 59 83 0 0
170 60 83 0 0
171 61 83 0 0
172 61 84 0 0
173 62 84 0 0
174 61 84 0 0
175 62 84 0 0
176 63 84 0 0
177 62 84 0 0
178 63 84 0 0
179 64 84 0 0
180 63 84 0 0
181 64 84 0 0
182 65 84 0 0
183 64 84 0 0
184 65 84 0 0
185 66 84 0 0
186 65 84 0 0
187 66 84 0 0
188 67 84 0 0
189 66 84 0 0
190 67 84 0 0
191 68 84 0 0
192 67 84 0 0
193 68 84 0 0
194 69 84 0 0
195 68 84 0 0
196 69 84 0 0
197 70 84 0 0
198 69 84 0 0
199 69 85 0 0
200 70 85 0 0
201 71 85 0 0
202 70 85 0 0
203 71 85 0 0
204 72 85 0 0
205 73 85 0 0
206 72 85 0 0
207 73 85 0 0
208 74 85 0 0
209 73 85 0 0
210 74 85 0 0
211 75 85 0 0
212 76 85 0 0
213 75 85 0 0
214 76 85 0 0
215 77 85 0 0
216 76 85 0 0
217 77 85 0 0
218 77 86 0 0
219 78 86 0 0
220 77 86 0 0
221 78 86 0 0
222 79 86 0 0
223 78 86 0 0
224 79 86 0 0
225 80 86 0 0
226 81 86 0 0
227 80 86 0 0
228 81 86 0 0
229 82 86 0 0
230 81 86 0 0
231 82 86 0 0
232 83 86 0 0
233 82 86 0 0
234 83 86 0 0
235 84 86 0 0
236 85 86 0 0
237 84 86 0 0
238 85 86 0 0
239 86 86 0 0
240 87 86 0 0
241 86 86 0 0
242 87 86 0 0
243 88 86 0 0
244 87 86 0 0
245 88 86 0 0
246 89 86 0 0
247 88 86 0 0
248 89 86 0 0
249 90 86 0 0
250 91 86 0 0
251 90 86 0 0
252 90 87 0 0
253 91 87 0 0
254 92 87 0 0
255 91 87 0 0
256 92 87 0 0
257 93 87 0 0
258 92 87 0 0
259 93 87 0 0
260 94 87 0 0
261 95 87 0 0
262 94 87 0 0
263 95 87 0 0
264 96 87 0 0
265 95 87 0 0
266 96 87 0 0
267 97 87 0 0
268 98 87 0 0
269 97 87 0 0
270 98 87 0 0
271 98 86 0 0
272 99 86 0 0
273 98 86 0 0
274 98 87 0 0
275 99 87 0 0
276 100 87 0 0
277 99 87 0 0
278 100 87 0 0
279 101 87 0 0
280 102 87 0 0
281 101 87 0 0
282 102 87 0 0
283 103 87 0 0
284 102 87 0 0
285 103 87 0 0
286 104 87 0 0
287 103 87 0 0
288 104 87 0 0
289 105 87 0 0
290 104 87 0 0
291 105 87 0 0
292 106 87 0 0
293 105 87 0 0
294 106 87 0 0
295 107 87 0 0
296 108 87 0 0
297 107 87 0 0
298 108 87 0 0
299 109 87 0 0
300 108 87 0 0
301 108 86 0 0
302 109 86 0 0
303 110 86 0 0
304 109 86 0 0
305 110 86 0 0
306 111 86 0 0
307 110 86 0 0
308 111 86 0 0
309 112 86 0 0
310 113 86 0 0
311 112 86 0 0
312 113 86 0 0
313 114 86 0 0
314 113 86 0 0
315 114 86 0 0
316 115 86 0 0
317 114 86 0 0
318 115 86 0 0
319 116 86 0 0
320 115 86 0 0
321 116 86 0 0
322 117 86 0 0
323 118 86 0 0
324 117 86 0 0
325 118 86 0 0
326 119 86 0 0
327 118 86 0 0
328 119 86 0 0
329 120 86 0 0
330 119 86 0 0
331 120 86 0 0
332 121 86 0 0
333 120 86 0 0
334 121 86 0 0
335 122 86 0 0
336 123 86 0 0
337 122 86 0 0
338 123 86 0 0
339 124 86 0 0
340 123 86 0 0
341 124 86 0 0
342 125 86 0 0
343 124 86 0 0
344 125 86 0 0
345 126 86 0 0
346 125 86 0 0
347 126 86 0 0
348 127 86 0 0
349 126 86 0 0
350 127 86 0 0
351 127 85 0 0
352 128 85 0 0
353 129 85 0 0
354 128 85 0 0
355 129 85 0 0
356 130 85 0 0
357 129 85 0 0
358 130 85 0 0
359 131 85 0 0
360 130 85 0 0
361 131 85 0 0
362 132 85 0 0
363 133 85 0 0
364 132 85 0 0
365 133 85 0 0
366 134 85 0 0
367 133 85 0 0
368 134 85 0 0
369 135 85 0 0
370 134 85 0 0
371 135 85 0 0
372 136 85 0 0
373 135 85 0 0
374 136 85 0 0
375 137 85 0 0
376 138 85 0 0
377 137 85 0 0
378 138 85 0 0
379 139 85 0 0
380 138 85 0 0
381 139 85 0 0
382 140 85 0 0
383 139 85 0 0
384 140 85 0 0
385 141 85 0 0
386 142 85 0 0
387 141 85 0 0
388 142 85 0 0
389 142 84 0 0
390 143 84 0 0
391 142 84 0 0
392 143 84 0 0
393 144 84 0 0
394 143 84 0 0
395 144 84 0 0
396 145 84 0 0
397 144 84 0 0
398 145 84 0 0
399 146 84 0 0
400 145 84 0 0
401 146 84 0 0
402 147 84 0 0
403 146 84 0 0
404 147 84 0 0
405 148 84 0 0
406 149 84 0 0
407 148 84 0 0
408 149 84 0 0
409 150 84 0 0
410 149 84 0 0
411 150 84 0 0
412 151 84 0 0
413 150 84 0 0
414 151 84 0 0
415 152 84 0 0
416 153 84 0 0
417 152 84 0 0
418 153 84 0 0
419 154 84 0 0
420 153 84 0 0
421 154 84 0 0
422 155 84 0 0
423 154 84 0 0
424 155 84 0 0
425 156 84 0 0
426 155 84 0 0
427 156 84 0 0
428 157 84 0 0
429 156 84 0 0
430 157 84 0 0
431 158 84 0 0
432 158 83 0 0
433 159 83 0 0
434 158 83 0 0
435 159 83 0 0
436 160 83 0 0
437 159 83 0 0
438 160 83 0 0
439 161 83 0 0
440 160 83 0 0
441 161 83 0 0
442 162 83 0 0
443 163 83 0 0
444 162 83 0 0
445 163 83 0 0
446 164 83 0 0
447 163 83 0 0
448 164 83 0 0
449 165 83 0 0
450 164 83 0 0
451 165 83 0 0
452 166 83 0 0
453 165 83 0 0
454 166 83 0 0
455 167 83 0 0
456 166 83 0 0
457 167 83 0 0
458 168 83 0 0
459 169 83 0 0
460 168 83 0 0
461 169 83 0 0
462 170 83 0 0
463 169 83 0 0
464 170 83 0 0
465 171 83 0 0
466 170 83 0 0
467 171 83 0 0
468 172 83 0 0
469 173 83 0 0
470 172 83 0 0
471 173 83 0 0
472 174 83 0 0
473 173 83 0 0
474 174 83 0 0
475 175 83 0 0
476 174 83 0 0
477 175 83 0 0
478 175 82 0 0
479 176 82 0 0
480 175 82 0 0
481 176 82 0 0
482 177 82 0 0
483 176 82 0 0
484 177 82 0 0
485 178 82 0 0
486 179 82 0 0
487 178 82 0 0
488 179 82 0 0
489 180 82 0 0
490 179 82 0 0
491 180 82 0 0
492 181 82 0 0
493 180 82 0 0
494 181 82 0 0
495 182 82 0 0
496 183 82 0 0
497 182 82 0 0
498 183 82 0 0
499 184 82 0 0
500 183 82 0 0
501 184 82 0 0
502 185 82 0 0
503 184 82 0 0
504 185 82 0 0
505 186 82 0 0
506 185 82 0 0
507 186 82 0 0
508 187 82 0 0
509 186 82 0 0
510 187 82 0 0
511 188 82 0 0
512 189 82 0 0
513 188 82 0 0
514 189 82 0 0
515 190 82 0 0
516 189 82 0 0
517 190 82 0 0
518 191 82 0 0
519 190 82 0 0
520 191 82 0 0
521 192 82 0 0
522 192 81 0 0
523 193 81 0 0
524 192 81 0 0
525 192 82 0 0
526 193 82 0 0
527 192 82 0 0
528 193 82 0 0
529 194 82 0 0
530 193 82 0 0
531 194 82 0 0
532 193 82 0 0
533 194 82 0 0
534 195 82 0 0
535 194 82 0 0
536 195 82 0 0
537 196 82 0 0
538 195 82 0 0
539 196 82 0 0
540 195 82 0 0
541 196 82 0 0
