0 5400 21800 0 0
1 5200 21800 0 0
2 5200 21600 0 0
3 5000 21600 0 0
4 4800 21600 0 0
5 4600 21600 0 0
6 4400 21600 0 0
7 4200 21600 0 0
8 4000 21600 0 0
9 3800 21600 0 0
10 3600 21600 0 0
11 3600 21400 0 0
12 3400 21400 0 0
13 3200 21400 0 0
14 3000 21400 0 0
15 2800 21400 0 0
16 2600 21400 0 0
17 2400 21400 0 0
18 2400 21200 0 0
19 2200 21200 0 0
20 2000 21200 0 0
21 1800 21200 0 0
22 1600 21200 0 0
23 1400 21200 0 0
24 1400 21000 0 0
25 1200 21000 0 0
26 1000 21000 0 0
27 800 21000 0 0
28 800 20800 0 0
29 600 20800 0 0
30 400 20800 0 0
31 400 20600 0 0
32 200 20600 0 0
33 200 20400 0 0
34 0 20400 0 0
