0 39200 13200 0 0
1 39200 13400 0 0
2 39200 13600 0 0
3 39000 13600 0 0
4 38800 13600 0 0
5 38600 13600 0 0
6 38400 13600 0 0
7 38200 13600 0 0
8 38000 13600 0 0
9 38000 13400 0 0
10 37800 13400 0 0
11 37600 13400 0 0
12 37400 13400 0 0
13 37200 13400 0 0
14 37000 13400 0 0
15 36800 13400 0 0
16 36600 13400 0 0
17 36400 13400 0 0
18 36200 13400 0 0
19 36200 13600 0 0
20 36000 13600 0 0
21 35800 13600 0 0
22 35600 13600 0 0
23 35400 13600 0 0
24 35200 13600 0 0
25 35000 13600 0 0
26 35000 13800 0 0
27 34800 13800 0 0
28 34600 13800 0 0
29 34400 13800 0 0
30 34200 13800 0 0
31 34000 13800 0 0
32 33800 13800 0 0
33 33600 13800 0 0
34 33400 13800 0 0
35 33200 13800 0 0
36 33000 13800 0 0
37 33000 14000 0 0
38 32800 14000 0 0
39 32600 14000 0 0
40 32400 14000 0 0
41 32200 14000 0 0
42 32000 14000 0 0
43 32000 14200 0 0
44 31800 14200 0 0
45 31600 14200 0 0
46 31400 14200 0 0
47 31200 14200 0 0
48 31000 14200 0 0
49 30800 14200 0 0
50 30800 14400 0 0
51 30600 14400 0 0
52 30400 14400 0 0
53 30200 14400 0 0
54 30000 14400 0 0
55 29800 14400 0 0
56 29800 14600 0 0
57 29600 14600 0 0
58 29400 14600 0 0
59 29200 14600 0 0
60 29000 14600 0 0
61 28800 14600 0 0
62 28600 14600 0 0
63 28600 14800 0 0
64 28400 14800 0 0
65 28200 14800 0 0
66 28000 14800 0 0
67 27800 14800 0 0
68 27600 14800 0 0
69 27600 15000 0 0
70 27400 15000 0 0
71 27200 15000 0 0
72 27000 15000 0 0
73 26800 15000 0 0
74 26600 15000 0 0
75 26400 15000 0 0
76 26400 15200 0 0
77 26200 15200 0 0
78 26000 15200 0 0
79 25800 15200 0 0
80 25600 15200 0 0
81 25400 15200 0 0
82 25200 15200 0 0
83 25000 15200 0 0
84 25000 15400 0 0
85 24800 15400 0 0
86 24600 15400 0 0
87 24400 15400 0 0
88 24200 15400 0 0
89 24000 15400 0 0
90 23800 15400 0 0
91 23600 15400 0 0
92 23400 15400 0 0
93 23200 15400 0 0
94 23000 15400 0 0
95 23000 15600 0 0
96 22800 15600 0 0
97 22600 15600 0 0
98 22400 15600 0 0
99 22200 15600 0 0
100 22000 15600 0 0
101 21800 15600 0 0
102 21600 15600 0 0
103 21400 15600 0 0
104 21200 15600 0 0
105 21000 15600 0 0
106 20800 15600 0 0
107 20800 15800 0 0
108 20600 15800 0 0
109 20400 15800 0 0
110 20200 15800 0 0
111 20000 15800 0 0
112 19800 15800 0 0
113 19600 15800 0 0
114 19400 15800 0 0
115 19200 15800 0 0
116 19000 15800 0 0
117 18800 15800 0 0
118 18600 15800 0 0
119 18600 16000 0 0
120 18400 16000 0 0
121 18200 16000 0 0
122 18000 16000 0 0
123 17800 16000 0 0
124 17600 16000 0 0
125 17400 16000 0 0
126 17200 16000 0 0
127 17000 16000 0 0
128 16800 16000 0 0
129 16800 16200 0 0
130 16600 16200 0 0
131 16400 16200 0 0
132 16200 16200 0 0
133 16000 16200 0 0
134 15800 16200 0 0
135 15600 16200 0 0
136 15600 16400 0 0
137 15400 16400 0 0
138 15200 16400 0 0
139 15000 16400 0 0
140 14800 16400 0 0
141 14600 16400 0 0
142 14400 16400 0 0
143 14200 16400 0 0
144 14000 16400 0 0
145 14000 16600 0 0
146 13800 16600 0 0
147 13600 16600 0 0
148 13400 16600 0 0
149 13200 16600 0 0
150 13000 16600 0 0
151 12800 16600 0 0
152 12800 16800 0 0
153 12600 16800 0 0
154 12400 16800 0 0
155 12200 16800 0 0
156 12000 16800 0 0
157 11800 16800 0 0
158 11600 16800 0 0
159 11600 17000 0 0
160 11400 17000 0 0
161 11200 17000 0 0
162 11000 17000 0 0
163 10800 17000 0 0
164 10600 17000 0 0
165 10400 17000 0 0
166 10400 17200 0 0
167 10200 17200 0 0
168 10000 17200 0 0
169 9800 17200 0 0
170 9800 17400 0 0
171 9600 17400 0 0
172 9400 17400 0 0
173 9200 17400 0 0
174 9200 17600 0 0
175 9000 17600 0 0
176 8800 17600 0 0
177 8800 17800 0 0
178 8600 17800 0 0
179 8400 17800 0 0
180 8200 17800 0 0
181 8000 17800 0 0
182 8000 18000 0 0
183 7800 18000 0 0
184 7600 18000 0 0
185 7600 18200 0 0
186 7400 18200 0 0
187 7200 18200 0 0
188 7200 18400 0 0
189 7000 18400 0 0
190 6800 18400 0 0
191 6600 18400 0 0
192 6600 18600 0 0
193 6400 18600 0 0
194 6200 18600 0 0
195 6200 18800 0 0
196 6000 18800 0 0
197 5800 18800 0 0
198 5800 19000 0 0
199 5600 19000 0 0
200 5600 19200 0 0
201 5400 19200 0 0
202 5400 19400 0 0
203 5200 19400 0 0
204 5200 19600 0 0
205 5000 19600 0 0
206 4800 19600 0 0
207 4800 19800 0 0
208 4600 19800 0 0
209 4600 20000 0 0
210 4400 20000 0 0
211 4400 20200 0 0
212 4200 20200 0 0
213 4200 20400 0 0
214 4000 20400 0 0
215 4000 20600 0 0
216 3800 20600 0 0
217 3800 20800 0 0
218 3600 20800 0 0
219 3600 21000 0 0
220 3400 21000 0 0
221 3400 21200 0 0
222 3400 21400 0 0
223 3200 21400 0 0
224 3200 21600 0 0
225 3200 21800 0 0
226 3000 21800 0 0
227 3000 22000 0 0
228 3000 22200 0 0
229 2800 22200 0 0
230 2800 22400 0 0
231 2600 22400 0 0
232 2600 22600 0 0
233 2400 22600 0 0
234 2400 22800 0 0
235 2400 23000 0 0
236 2200 23000 0 0
237 2200 23200 0 0
238 2200 23400 0 0
239 2000 23400 0 0
240 2000 23600 0 0
241 2000 23800 0 0
242 2000 24000 0 0
243 2000 24200 0 0
244 1800 24200 0 0
245 1800 24400 0 0
246 1800 24600 0 0
247 1800 24800 0 0
248 1800 25000 0 0
249 1600 25000 0 0
250 1600 25200 0 0
251 1400 25200 0 0
252 1400 25400 0 0
253 1400 25600 0 0
254 1200 25600 0 0
255 1200 25800 0 0
256 1000 25800 0 0
257 1000 26000 0 0
258 800 26000 0 0
259 800 26200 0 0
260 800 26400 0 0
261 600 26400 0 0
262 600 26600 0 0
263 400 26600 0 0
264 400 26800 0 0
