0 194 67 0 0
1 195 67 0 0
2 194 67 0 0
3 193 67 0 0
4 194 67 0 0
5 193 67 0 0
6 192 67 0 0
7 193 67 0 0
8 192 67 0 0
9 191 67 0 0
10 192 67 0 0
11 191 67 0 0
12 190 67 0 0
13 191 67 0 0
14 190 67 0 0
15 190 66 0 0
16 191 66 0 0
17 190 66 0 0
18 189 66 0 0
19 188 66 0 0
20 187 66 0 0
21 188 66 0 0
22 187 66 0 0
23 186 66 0 0
24 185 66 0 0
25 184 66 0 0
26 185 66 0 0
27 184 66 0 0
28 183 66 0 0
29 182 66 0 0
30 181 66 0 0
31 182 66 0 0
32 181 66 0 0
33 180 66 0 0
34 179 66 0 0
35 178 66 0 0
36 179 66 0 0
37 178 66 0 0
38 177 66 0 0
39 176 66 0 0
40 175 66 0 0
41 176 66 0 0
42 175 66 0 0
43 174 66 0 0
44 173 66 0 0
45 174 66 0 0
46 173 66 0 0
47 172 66 0 0
48 172 65 0 0
49 173 65 0 0
50 172 65 0 0
51 171 65 0 0
52 170 65 0 0
53 171 65 0 0
54 170 65 0 0
55 170 64 0 0
56 169 64 0 0
57 170 64 0 0
58 169 64 0 0
59 168 64 0 0
60 167 64 0 0
61 167 63 0 0
62 168 63 0 0
63 167 63 0 0
64 166 63 0 0
65 167 63 0 0
66 166 63 0 0
67 165 63 0 0
68 164 63 0 0
69 164 62 0 0
70 165 62 0 0
71 164 62 0 0
72 163 62 0 0
73 164 62 0 0
74 163 62 0 0
75 162 62 0 0
76 162 61 0 0
77 161 61 0 0
78 160 61 0 0
79 161 61 0 0
80 160 61 0 0
81 159 61 0 0
82 158 61 0 0
83 158 60 0 0
84 159 60 0 0
85 158 60 0 0
86 157 60 0 0
87 158 60 0 0
88 157 60 0 0
89 156 60 0 0
90 156 59 0 0
91 155 59 0 0
92 156 59 0 0
93 155 59 0 0
94 154 59 0 0
95 153 59 0 0
96 154 59 0 0
97 153 59 0 0
98 153 58 0 0
99 152 58 0 0
100 151 58 0 0
101 150 58 0 0
102 151 58 0 0
103 150 58 0 0
104 149 58 0 0
105 149 57 0 0
106 148 57 0 0
107 149 57 0 0
108 148 57 0 0
109 147 57 0 0
110 147 56 0 0
111 146 56 0 0
112 147 56 0 0
113 146 56 0 0
114 146 55 0 0
115 145 55 0 0
116 146 55 0 0
117 145 55 0 0
118 145 54 0 0
119 144 54 0 0
120 143 54 0 0
121 143 53 0 0
122 144 53 0 0
123 143 53 0 0
124 142 53 0 0
125 141 53 0 0
126 141 52 0 0
127 142 52 0 0
128 141 52 0 0
129 140 52 0 0
130 140 51 0 0
131 139 51 0 0
132 140 51 0 0
133 139 51 0 0
134 139 50 0 0
135 138 50 0 0
136 137 50 0 0
137 138 50 0 0
138 137 50 0 0
139 137 49 0 0
140 136 49 0 0
141 137 49 0 0
142 136 49 0 0
143 135 49 0 0
144 136 49 0 0
145 135 49 0 0
146 135 48 0 0
147 134 48 0 0
148 133 48 0 0
149 134 48 0 0
150 133 48 0 0
151 133 47 0 0
152 132 47 0 0
153 133 47 0 0
154 132 47 0 0
155 131 47 0 0
156 131 46 0 0
157 132 46 0 0
158 131 46 0 0
159 130 46 0 0
160 131 46 0 0
161 130 46 0 0
162 129 46 0 0
163 129 45 0 0
164 130 45 0 0
165 129 45 0 0
166 128 45 0 0
167 129 45 0 0
168 128 45 0 0
169 128 44 0 0
170 127 44 0 0
171 128 44 0 0
172 127 44 0 0
173 126 44 0 0
174 126 43 0 0
175 127 43 0 0
176 126 43 0 0
177 125 43 0 0
178 124 43 0 0
179 123 43 0 0
180 124 43 0 0
181 123 43 0 0
182 123 42 0 0
183 122 42 0 0
184 121 42 0 0
185 122 42 0 0
186 121 42 0 0
187 121 41 0 0
188 120 41 0 0
189 121 41 0 0
190 120 41 0 0
191 119 41 0 0
192 119 40 0 0
193 118 40 0 0
194 119 40 0 0
195 118 40 0 0
196 117 40 0 0
197 117 39 0 0
198 116 39 0 0
199 117 39 0 0
200 116 39 0 0
201 115 39 0 0
202 115 38 0 0
203 116 38 0 0
204 115 38 0 0
205 114 38 0 0
206 113 38 0 0
207 113 37 0 0
208 114 37 0 0
209 113 37 0 0
210 112 37 0 0
211 111 37 0 0
212 110 37 0 0
213 109 37 0 0
214 108 37 0 0
215 109 37 0 0
216 108 37 0 0
217 107 37 0 0
218 107 36 0 0
219 106 36 0 0
220 105 36 0 0
221 106 36 0 0
222 105 36 0 0
223 104 36 0 0
224 103 36 0 0
225 102 36 0 0
226 101 36 0 0
227 100 36 0 0
228 101 36 0 0
229 100 36 0 0
230 99 36 0 0
231 99 35 0 0
232 98 35 0 0
233 97 35 0 0
234 96 35 0 0
235 97 35 0 0
236 96 35 0 0
237 95 35 0 0
238 96 35 0 0
239 95 35 0 0
240 94 35 0 0
241 94 34 0 0
242 95 34 0 0
243 94 34 0 0
244 93 34 0 0
245 94 34 0 0
246 93 34 0 0
247 92 34 0 0
248 93 34 0 0
249 92 34 0 0
250 91 34 0 0
251 92 34 0 0
252 91 34 0 0
253 90 34 0 0
254 90 33 0 0
255 91 33 0 0
256 90 33 0 0
257 89 33 0 0
258 90 33 0 0
259 89 33 0 0
260 88 33 0 0
261 89 33 0 0
262 88 33 0 0
263 87 33 0 0
264 86 33 0 0
265 86 32 0 0
266 87 32 0 0
267 86 32 0 0
268 85 32 0 0
269 86 32 0 0
270 85 32 0 0
271 84 32 0 0
272 83 32 0 0
273 84 32 0 0
274 83 32 0 0
275 82 32 0 0
276 81 32 0 0
277 82 32 0 0
278 81 32 0 0
279 80 32 0 0
280 79 32 0 0
281 78 32 0 0
282 79 32 0 0
283 78 32 0 0
284 77 32 0 0
285 78 32 0 0
286 77 32 0 0
287 76 32 0 0
288 75 32 0 0
289 74 32 0 0
290 75 32 0 0
291 74 32 0 0
292 73 32 0 0
293 72 32 0 0
294 71 32 0 0
295 72 32 0 0
296 71 32 0 0
297 70 32 0 0
298 69 32 0 0
299 70 32 0 0
300 69 32 0 0
301 68 32 0 0
302 67 32 0 0
303 67 31 0 0
304 66 31 0 0
305 67 31 0 0
306 66 31 0 0
307 65 31 0 0
308 64 31 0 0
309 65 31 0 0
310 64 31 0 0
311 63 31 0 0
312 62 31 0 0
313 61 31 0 0
314 62 31 0 0
315 61 31 0 0
316 60 31 0 0
317 61 31 0 0
318 60 31 0 0
319 59 31 0 0
320 59 30 0 0
321 58 30 0 0
322 57 30 0 0
323 58 30 0 0
324 57 30 0 0
325 56 30 0 0
326 55 30 0 0
327 56 30 0 0
328 55 30 0 0
329 54 30 0 0
330 53 30 0 0
331 54 30 0 0
332 53 30 0 0
333 52 30 0 0
334 53 30 0 0
335 52 30 0 0
336 51 30 0 0
337 50 30 0 0
338 51 30 0 0
339 50 30 0 0
340 49 30 0 0
341 48 30 0 0
342 48 29 0 0
343 49 29 0 0
344 48 29 0 0
345 47 29 0 0
346 46 29 0 0
347 47 29 0 0
348 46 29 0 0
349 45 29 0 0
350 46 29 0 0
351 45 29 0 0
352 44 29 0 0
353 43 29 0 0
354 44 29 0 0
355 43 29 0 0
356 42 29 0 0
357 41 29 0 0
358 42 29 0 0
359 41 29 0 0
360 41 28 0 0
361 40 28 0 0
362 41 28 0 0
363 40 28 0 0
364 39 28 0 0
365 38 28 0 0
366 37 28 0 0
367 38 28 0 0
368 37 28 0 0
369 36 28 0 0
370 35 28 0 0
371 35 27 0 0
372 36 27 0 0
373 35 27 0 0
374 34 27 0 0
375 33 27 0 0
376 34 27 0 0
377 33 27 0 0
378 32 27 0 0
379 31 27 0 0
380 30 27 0 0
381 31 27 0 0
382 30 27 0 0
383 29 27 0 0
384 29 26 0 0
385 28 26 0 0
386 29 26 0 0
387 28 26 0 0
388 27 26 0 0
389 26 26 0 0
390 25 26 0 0
391 26 26 0 0
392 25 26 0 0
393 24 26 0 0
394 24 25 0 0
395 23 25 0 0
396 24 25 0 0
397 23 25 0 0
398 22 25 0 0
399 21 25 0 0
400 22 25 0 0
401 21 25 0 0
402 21 24 0 0
403 20 24 0 0
404 21 24 0 0
405 20 24 0 0
406 19 24 0 0
407 18 24 0 0
408 19 24 0 0
409 18 24 0 0
410 18 23 0 0
411 17 23 0 0
412 16 23 0 0
413 17 23 0 0
414 16 23 0 0
415 15 23 0 0
416 16 23 0 0
417 15 23 0 0
418 14 23 0 0
419 13 23 0 0
420 13 22 0 0
421 14 22 0 0
422 13 22 0 0
423 12 22 0 0
424 13 22 0 0
425 12 22 0 0
426 11 22 0 0
427 12 22 0 0
428 11 22 0 0
429 10 22 0 0
430 9 22 0 0
431 9 21 0 0
432 10 21 0 0
433 9 21 0 0
434 8 21 0 0
435 9 21 0 0
436 8 21 0 0
437 7 21 0 0
438 8 21 0 0
439 7 21 0 0
440 6 21 0 0
441 7 21 0 0
442 6 21 0 0
443 5 21 0 0
444 4 21 0 0
445 4 20 0 0
446 5 20 0 0
447 4 20 0 0
448 3 20 0 0
449 4 20 0 0
450 3 20 0 0
