0 5600 400 0 0
1 5600 600 0 0
2 5800 600 0 0
3 5800 800 0 0
4 6000 800 0 0
5 6000 1000 0 0
6 6000 1200 0 0
7 6200 1200 0 0
8 6200 1400 0 0
9 6200 1600 0 0
10 6400 1600 0 0
11 6400 1800 0 0
12 6600 1800 0 0
13 6600 2000 0 0
14 6800 2000 0 0
15 6800 2200 0 0
16 7000 2200 0 0
17 7000 2400 0 0
18 7000 2600 0 0
19 7200 2600 0 0
20 7200 2800 0 0
21 7400 2800 0 0
22 7600 2800 0 0
23 7600 3000 0 0
24 7800 3000 0 0
25 8000 3000 0 0
26 8000 3200 0 0
27 8200 3200 0 0
28 8200 3400 0 0
29 8400 3400 0 0
30 8600 3400 0 0
31 8600 3600 0 0
32 8800 3600 0 0
33 9000 3600 0 0
34 9000 3800 0 0
35 9200 3800 0 0
36 9400 3800 0 0
37 9400 4000 0 0
38 9600 4000 0 0
39 9800 4000 0 0
40 10000 4000 0 0
41 10000 4200 0 0
42 10200 4200 0 0
43 10400 4200 0 0
44 10400 4400 0 0
45 10600 4400 0 0
46 10800 4400 0 0
47 11000 4400 0 0
48 11000 4600 0 0
49 11200 4600 0 0
50 11400 4600 0 0
51 11200 4600 0 0
52 11400 4600 0 0
53 11600 4600 0 0
54 11800 4600 0 0
55 12000 4600 0 0
56 12000 4800 0 0
57 12200 4800 0 0
58 12400 4800 0 0
59 12400 5000 0 0
60 12600 5000 0 0
61 12800 5000 0 0
62 13000 5000 0 0
63 13200 5000 0 0
64 13400 5000 0 0
65 13600 5000 0 0
66 13800 5000 0 0
67 14000 5000 0 0
68 14200 5000 0 0
69 14400 5000 0 0
70 14600 5000 0 0
71 14800 5000 0 0
72 15000 5000 0 0
73 15200 5000 0 0
74 15200 5200 0 0
75 15400 5200 0 0
76 15600 5200 0 0
77 15800 5200 0 0
78 15800 5400 0 0
79 16000 5400 0 0
80 16000 5200 0 0
81 16000 5400 0 0
82 16200 5400 0 0
83 16400 5400 0 0
84 16600 5400 0 0
85 16800 5400 0 0
86 17000 5400 0 0
87 17200 5400 0 0
88 17400 5400 0 0
89 17600 5400 0 0
90 17800 5400 0 0
91 18000 5400 0 0
92 18200 5400 0 0
93 18400 5400 0 0
94 18600 5400 0 0
95 18800 5400 0 0
96 19000 5400 0 0
97 19200 5400 0 0
98 19400 5400 0 0
99 19600 5400 0 0
100 19600 5600 0 0
101 19800 5600 0 0
102 20000 5600 0 0
103 20200 5600 0 0
104 20400 5600 0 0
105 20600 5600 0 0
106 20600 5800 0 0
107 20800 5800 0 0
108 21000 5800 0 0
109 21200 5800 0 0
110 21400 5800 0 0
111 21600 5800 0 0
112 21800 5800 0 0
113 22000 5800 0 0
114 22000 6000 0 0
115 22200 6000 0 0
116 22400 6000 0 0
117 22600 6000 0 0
118 22800 6000 0 0
119 23000 6000 0 0
120 23000 6200 0 0
121 23200 6200 0 0
122 23400 6200 0 0
123 23600 6200 0 0
124 23800 6200 0 0
125 24000 6200 0 0
126 24200 6200 0 0
127 24200 6400 0 0
128 24400 6400 0 0
129 24400 6600 0 0
130 24600 6600 0 0
131 24600 6800 0 0
132 24800 6800 0 0
133 25000 6800 0 0
134 25200 6800 0 0
135 25200 7000 0 0
136 25400 7000 0 0
137 25600 7000 0 0
138 25600 7200 0 0
139 25800 7200 0 0
140 26000 7200 0 0
141 26000 7400 0 0
142 26200 7400 0 0
143 26400 7400 0 0
144 26400 7600 0 0
145 26600 7600 0 0
146 26600 7800 0 0
147 26800 7800 0 0
148 27000 7800 0 0
149 27000 8000 0 0
150 27200 8000 0 0
151 27200 8200 0 0
152 27400 8200 0 0
153 27600 8200 0 0
154 27600 8400 0 0
155 27800 8400 0 0
156 28000 8400 0 0
157 28000 8600 0 0
158 28200 8600 0 0
159 28400 8600 0 0
160 28400 8800 0 0
161 28600 8800 0 0
162 28800 8800 0 0
163 28800 9000 0 0
164 29000 9000 0 0
165 29200 9000 0 0
166 29200 9200 0 0
167 29400 9200 0 0
168 29400 9400 0 0
169 29600 9400 0 0
170 29800 9400 0 0
171 29800 9600 0 0
172 30000 9600 0 0
173 30200 9600 0 0
174 30200 9800 0 0
175 30400 9800 0 0
176 30600 9800 0 0
177 30600 10000 0 0
178 30800 10000 0 0
179 31000 10000 0 0
180 31200 10000 0 0
181 31400 10000 0 0
182 31400 10200 0 0
183 31600 10200 0 0
184 31800 10200 0 0
185 32000 10200 0 0
186 32200 10200 0 0
187 32400 10200 0 0
188 32600 10200 0 0
189 32600 10400 0 0
190 32800 10400 0 0
191 33000 10400 0 0
192 33200 10400 0 0
193 33400 10400 0 0
194 33600 10400 0 0
195 33600 10600 0 0
196 33800 10600 0 0
197 34000 10600 0 0
198 34200 10600 0 0
199 34400 10600 0 0
200 34600 10600 0 0
201 34800 10600 0 0
202 35000 10600 0 0
203 35200 10600 0 0
204 35400 10600 0 0
205 35600 10600 0 0
206 35800 10600 0 0
207 36000 10600 0 0
208 36200 10600 0 0
209 36400 10600 0 0
210 36600 10600 0 0
211 36800 10600 0 0
212 37000 10600 0 0
213 37200 10600 0 0
214 37400 10600 0 0
215 37600 10600 0 0
216 37800 10600 0 0
217 38000 10600 0 0
218 38200 10600 0 0
219 38400 10600 0 0
220 38600 10600 0 0
221 38600 10800 0 0
222 38800 10800 0 0
