0 26 2 0 0
1 26 3 0 0
2 27 3 0 0
3 28 3 0 0
4 27 3 0 0
5 27 4 0 0
6 28 4 0 0
7 27 4 0 0
8 28 4 0 0
9 29 4 0 0
10 28 4 0 0
11 28 5 0 0
12 29 5 0 0
13 28 5 0 0
14 29 5 0 0
15 28 5 0 0
16 28 6 0 0
17 29 6 0 0
18 30 6 0 0
19 29 6 0 0
20 30 6 0 0
21 29 6 0 0
22 29 7 0 0
23 30 7 0 0
24 29 7 0 0
25 30 7 0 0
26 31 7 0 0
27 30 7 0 0
28 30 8 0 0
29 31 8 0 0
30 30 8 0 0
31 31 8 0 0
32 32 8 0 0
33 31 8 0 0
34 31 9 0 0
35 32 9 0 0
36 31 9 0 0
37 32 9 0 0
38 31 9 0 0
39 32 9 0 0
40 32 10 0 0
41 33 10 0 0
42 32 10 0 0
43 33 10 0 0
44 32 10 0 0
45 32 11 0 0
46 33 11 0 0
47 32 11 0 0
48 33 11 0 0
49 34 11 0 0
50 33 11 0 0
51 33 12 0 0
52 34 12 0 0
53 33 12 0 0
54 34 12 0 0
55 35 12 0 0
56 34 12 0 0
57 34 13 0 0
58 35 13 0 0
59 34 13 0 0
60 35 13 0 0
61 34 13 0 0
62 34 14 0 0
63 35 14 0 0
64 36 14 0 0
65 35 14 0 0
66 36 14 0 0
67 35 14 0 0
68 35 15 0 0
69 36 15 0 0
70 37 15 0 0
71 36 15 0 0
72 37 15 0 0
73 36 15 0 0
74 36 16 0 0
75 37 16 0 0
76 38 16 0 0
77 37 16 0 0
78 38 16 0 0
79 39 16 0 0
80 38 16 0 0
81 39 16 0 0
82 39 17 0 0
83 40 17 0 0
84 39 17 0 0
85 40 17 0 0
86 39 17 0 0
87 40 17 0 0
88 41 17 0 0
89 40 17 0 0
90 41 17 0 0
91 41 18 0 0
92 42 18 0 0
93 41 18 0 0
94 42 18 0 0
95 43 18 0 0
96 42 18 0 0
97 43 18 0 0
98 43 19 0 0
99 44 19 0 0
100 43 19 0 0
101 44 19 0 0
102 45 19 0 0
103 44 19 0 0
104 45 19 0 0
105 46 19 0 0
106 45 19 0 0
107 45 20 0 0
108 46 20 0 0
109 45 20 0 0
110 46 20 0 0
111 47 20 0 0
112 46 20 0 0
113 47 20 0 0
114 47 21 0 0
115 48 21 0 0
116 47 21 0 0
117 48 21 0 0
118 49 21 0 0
119 48 21 0 0
120 49 21 0 0
121 50 21 0 0
122 49 21 0 0
123 49 22 0 0
124 50 22 0 0
125 51 22 0 0
126 50 22 0 0
127 51 22 0 0
128 52 22 0 0
129 51 22 0 0
130 52 22 0 0
131 53 22 0 0
132 52 22 0 0
133 52 23 0 0
134 53 23 0 0
135 54 23 0 0
136 53 23 0 0
137 54 23 0 0
138 55 23 0 0
139 54 23 0 0
140 55 23 0 0
141 56 23 0 0
142 55 23 0 0
143 56 23 0 0
144 57 23 0 0
145 56 23 0 0
146 57 23 0 0
147 57 24 0 0
148 58 24 0 0
149 57 24 0 0
150 58 24 0 0
151 59 24 0 0
152 58 24 0 0
153 59 24 0 0
154 60 24 0 0
155 59 24 0 0
156 60 24 0 0
157 60 25 0 0
158 61 25 0 0
159 62 25 0 0
160 61 25 0 0
161 62 25 0 0
162 61 25 0 0
163 62 25 0 0
164 63 25 0 0
165 62 25 0 0
166 63 25 0 0
167 63 26 0 0
168 64 26 0 0
169 65 26 0 0
170 64 26 0 0
171 65 26 0 0
172 64 26 0 0
173 65 26 0 0
174 65 25 0 0
175 66 25 0 0
176 65 25 0 0
177 66 25 0 0
178 67 25 0 0
179 68 25 0 0
180 67 25 0 0
181 68 25 0 0
182 67 25 0 0
183 68 25 0 0
184 69 25 0 0
185 70 25 0 0
186 69 25 0 0
187 70 25 0 0
188 71 25 0 0
189 70 25 0 0
190 71 25 0 0
191 72 25 0 0
192 71 25 0 0
193 72 25 0 0
194 72 26 0 0
195 73 26 0 0
196 72 26 0 0
197 73 26 0 0
198 74 26 0 0
199 73 26 0 0
200 74 26 0 0
201 75 26 0 0
202 74 26 0 0
203 75 26 0 0
204 76 26 0 0
205 77 26 0 0
206 76 26 0 0
207 77 26 0 0
208 78 26 0 0
209 77 26 0 0
210 78 26 0 0
211 79 26 0 0
212 78 26 0 0
213 79 26 0 0
214 79 27 0 0
215 80 27 0 0
216 79 27 0 0
217 80 27 0 0
218 81 27 0 0
219 80 27 0 0
220 81 27 0 0
221 82 27 0 0
222 81 27 0 0
223 82 27 0 0
224 83 27 0 0
225 82 27 0 0
226 83 27 0 0
227 84 27 0 0
228 83 27 0 0
229 84 27 0 0
230 85 27 0 0
231 84 27 0 0
232 85 27 0 0
233 85 28 0 0
234 86 28 0 0
235 87 28 0 0
236 86 28 0 0
237 87 28 0 0
238 88 28 0 0
239 87 28 0 0
240 88 28 0 0
241 87 28 0 0
242 88 28 0 0
243 89 28 0 0
244 90 28 0 0
245 89 28 0 0
246 90 28 0 0
247 91 28 0 0
248 90 28 0 0
249 91 28 0 0
250 92 28 0 0
251 91 28 0 0
252 92 28 0 0
253 92 29 0 0
254 93 29 0 0
255 92 29 0 0
256 93 29 0 0
257 94 29 0 0
258 93 29 0 0
259 94 29 0 0
260 95 29 0 0
261 94 29 0 0
262 95 29 0 0
263 96 29 0 0
264 95 29 0 0
265 96 29 0 0
266 97 29 0 0
267 98 29 0 0
268 97 29 0 0
269 98 29 0 0
270 97 29 0 0
271 98 29 0 0
272 99 29 0 0
273 100 29 0 0
274 99 29 0 0
275 100 29 0 0
276 101 29 0 0
277 100 29 0 0
278 101 29 0 0
279 101 30 0 0
280 102 30 0 0
281 101 30 0 0
282 102 30 0 0
283 103 30 0 0
284 102 30 0 0
285 103 30 0 0
286 104 30 0 0
287 103 30 0 0
288 104 30 0 0
289 105 30 0 0
290 104 30 0 0
291 105 30 0 0
292 106 30 0 0
293 107 30 0 0
294 106 30 0 0
295 107 30 0 0
296 108 30 0 0
297 107 30 0 0
298 108 30 0 0
299 108 31 0 0
300 109 31 0 0
301 108 31 0 0
302 109 31 0 0
303 110 31 0 0
304 109 31 0 0
305 110 31 0 0
306 111 31 0 0
307 112 31 0 0
308 111 31 0 0
309 112 31 0 0
310 113 31 0 0
311 112 31 0 0
312 113 31 0 0
313 112 31 0 0
314 113 31 0 0
315 114 31 0 0
316 115 31 0 0
317 114 31 0 0
318 115 31 0 0
319 115 32 0 0
320 116 32 0 0
321 115 32 0 0
322 116 32 0 0
323 115 32 0 0
324 116 32 0 0
325 117 32 0 0
326 118 32 0 0
327 117 32 0 0
328 118 32 0 0
329 119 32 0 0
330 118 32 0 0
331 118 33 0 0
332 119 33 0 0
333 120 33 0 0
334 119 33 0 0
335 120 33 0 0
336 121 33 0 0
337 120 33 0 0
338 121 33 0 0
339 122 33 0 0
340 121 33 0 0
341 122 33 0 0
342 123 33 0 0
343 122 33 0 0
344 122 34 0 0
345 123 34 0 0
346 124 34 0 0
347 123 34 0 0
348 124 34 0 0
349 125 34 0 0
350 124 34 0 0
351 124 35 0 0
352 125 35 0 0
353 126 35 0 0
354 127 35 0 0
355 126 35 0 0
356 127 35 0 0
357 126 35 0 0
358 126 36 0 0
359 127 36 0 0
360 128 36 0 0
361 129 36 0 0
362 128 36 0 0
363 129 36 0 0
364 129 37 0 0
365 130 37 0 0
366 129 37 0 0
367 130 37 0 0
368 129 37 0 0
369 130 37 0 0
370 131 37 0 0
371 132 37 0 0
372 131 37 0 0
373 132 37 0 0
374 132 38 0 0
375 133 38 0 0
376 132 38 0 0
377 133 38 0 0
378 134 38 0 0
379 133 38 0 0
380 134 38 0 0
381 134 39 0 0
382 135 39 0 0
383 134 39 0 0
384 135 39 0 0
385 136 39 0 0
386 137 39 0 0
387 136 39 0 0
388 136 40 0 0
389 137 40 0 0
390 138 40 0 0
391 137 40 0 0
392 138 40 0 0
393 138 41 0 0
394 139 41 0 0
395 140 41 0 0
396 139 41 0 0
397 140 41 0 0
398 141 41 0 0
399 140 41 0 0
400 140 42 0 0
401 141 42 0 0
402 142 42 0 0
403 143 42 0 0
404 142 42 0 0
405 143 42 0 0
406 143 43 0 0
407 144 43 0 0
408 143 43 0 0
409 144 43 0 0
410 145 43 0 0
411 144 43 0 0
412 145 43 0 0
413 146 43 0 0
414 146 44 0 0
415 147 44 0 0
416 146 44 0 0
417 147 44 0 0
418 148 44 0 0
419 147 44 0 0
420 148 44 0 0
421 148 45 0 0
422 149 45 0 0
423 150 45 0 0
424 149 45 0 0
425 150 45 0 0
426 151 45 0 0
427 151 46 0 0
428 152 46 0 0
429 151 46 0 0
430 152 46 0 0
431 153 46 0 0
432 152 46 0 0
433 153 46 0 0
434 153 47 0 0
435 154 47 0 0
436 153 47 0 0
437 154 47 0 0
438 155 47 0 0
439 154 47 0 0
440 155 47 0 0
441 156 47 0 0
442 156 48 0 0
443 157 48 0 0
444 156 48 0 0
445 157 48 0 0
446 158 48 0 0
447 157 48 0 0
448 158 48 0 0
449 158 49 0 0
450 159 49 0 0
451 160 49 0 0
452 159 49 0 0
453 160 49 0 0
454 161 49 0 0
455 160 49 0 0
456 161 49 0 0
457 161 50 0 0
458 162 50 0 0
459 163 50 0 0
460 162 50 0 0
461 163 50 0 0
462 164 50 0 0
463 163 50 0 0
464 164 50 0 0
465 165 50 0 0
466 164 50 0 0
467 165 50 0 0
468 166 50 0 0
469 165 50 0 0
470 166 50 0 0
471 167 50 0 0
472 168 50 0 0
473 167 50 0 0
474 168 50 0 0
475 168 51 0 0
476 169 51 0 0
477 168 51 0 0
478 169 51 0 0
479 170 51 0 0
480 169 51 0 0
481 170 51 0 0
482 171 51 0 0
483 170 51 0 0
484 171 51 0 0
485 171 52 0 0
486 172 52 0 0
487 173 52 0 0
488 172 52 0 0
489 173 52 0 0
490 174 52 0 0
491 173 52 0 0
492 174 52 0 0
493 175 52 0 0
494 174 52 0 0
495 175 52 0 0
496 175 53 0 0
497 176 53 0 0
498 177 53 0 0
499 176 53 0 0
500 177 53 0 0
501 178 53 0 0
502 179 53 0 0
503 180 53 0 0
504 181 53 0 0
505 182 53 0 0
506 181 53 0 0
507 182 53 0 0
508 183 53 0 0
509 182 53 0 0
510 183 53 0 0
511 184 53 0 0
512 185 53 0 0
513 184 53 0 0
514 185 53 0 0
515 186 53 0 0
516 185 53 0 0
517 186 53 0 0
518 187 53 0 0
519 188 53 0 0
520 187 53 0 0
521 188 53 0 0
522 189 53 0 0
523 188 53 0 0
524 189 53 0 0
525 190 53 0 0
526 189 53 0 0
527 190 53 0 0
528 191 53 0 0
529 190 53 0 0
530 191 53 0 0
531 192 53 0 0
532 193 53 0 0
533 192 53 0 0
534 193 53 0 0
535 192 53 0 0
536 193 53 0 0
537 192 53 0 0
538 193 53 0 0
