0 193 64 0 0
1 193 65 0 0
2 192 65 0 0
3 191 65 0 0
4 190 65 0 0
5 189 65 0 0
6 190 65 0 0
7 189 65 0 0
8 188 65 0 0
9 187 65 0 0
10 186 65 0 0
11 187 65 0 0
12 186 65 0 0
13 185 65 0 0
14 184 65 0 0
15 184 66 0 0
16 185 66 0 0
17 184 66 0 0
18 183 66 0 0
19 182 66 0 0
20 183 66 0 0
21 182 66 0 0
22 181 66 0 0
23 182 66 0 0
24 181 66 0 0
25 182 66 0 0
26 181 66 0 0
27 180 66 0 0
28 179 66 0 0
29 180 66 0 0
30 179 66 0 0
31 178 66 0 0
32 179 66 0 0
33 178 66 0 0
34 179 66 0 0
35 178 66 0 0
36 177 66 0 0
37 176 66 0 0
38 177 66 0 0
39 176 66 0 0
40 177 66 0 0
41 176 66 0 0
42 176 67 0 0
43 175 67 0 0
44 174 67 0 0
45 173 67 0 0
46 172 67 0 0
47 173 67 0 0
48 172 67 0 0
49 171 67 0 0
50 170 67 0 0
51 169 67 0 0
52 170 67 0 0
53 169 67 0 0
54 168 67 0 0
55 167 67 0 0
56 168 67 0 0
57 167 67 0 0
58 166 67 0 0
59 165 67 0 0
60 164 67 0 0
61 165 67 0 0
62 164 67 0 0
63 163 67 0 0
64 162 67 0 0
65 161 67 0 0
66 162 67 0 0
67 161 67 0 0
68 160 67 0 0
69 159 67 0 0
70 159 68 0 0
71 158 68 0 0
72 159 68 0 0
73 158 68 0 0
74 157 68 0 0
75 156 68 0 0
76 157 68 0 0
77 156 68 0 0
78 155 68 0 0
79 154 68 0 0
80 155 68 0 0
81 154 68 0 0
82 153 68 0 0
83 153 69 0 0
84 152 69 0 0
85 153 69 0 0
86 152 69 0 0
87 151 69 0 0
88 152 69 0 0
89 151 69 0 0
90 151 70 0 0
91 150 70 0 0
92 149 70 0 0
93 150 70 0 0
94 149 70 0 0
95 148 70 0 0
96 148 71 0 0
97 147 71 0 0
98 148 71 0 0
99 147 71 0 0
100 146 71 0 0
101 145 71 0 0
102 146 71 0 0
103 145 71 0 0
104 144 71 0 0
105 145 71 0 0
106 144 71 0 0
107 143 71 0 0
108 142 71 0 0
109 143 71 0 0
110 142 71 0 0
111 141 71 0 0
112 142 71 0 0
113 141 71 0 0
114 141 72 0 0
115 140 72 0 0
116 139 72 0 0
117 140 72 0 0
118 139 72 0 0
119 138 72 0 0
120 137 72 0 0
121 138 72 0 0
122 137 72 0 0
123 136 72 0 0
124 137 72 0 0
125 136 72 0 0
126 136 73 0 0
127 135 73 0 0
128 136 73 0 0
129 135 73 0 0
130 134 73 0 0
131 135 73 0 0
132 134 73 0 0
133 133 73 0 0
134 134 73 0 0
135 133 73 0 0
136 133 74 0 0
137 132 74 0 0
138 133 74 0 0
139 132 74 0 0
140 131 74 0 0
141 132 74 0 0
142 131 74 0 0
143 130 74 0 0
144 131 74 0 0
145 130 74 0 0
146 130 75 0 0
147 129 75 0 0
148 130 75 0 0
149 129 75 0 0
150 128 75 0 0
151 127 75 0 0
152 126 75 0 0
153 127 75 0 0
154 126 75 0 0
155 125 75 0 0
156 124 75 0 0
157 123 75 0 0
158 123 76 0 0
159 122 76 0 0
160 123 76 0 0
161 122 76 0 0
162 121 76 0 0
163 120 76 0 0
164 119 76 0 0
165 120 76 0 0
166 119 76 0 0
167 118 76 0 0
168 117 76 0 0
169 117 77 0 0
170 118 77 0 0
171 117 77 0 0
172 116 77 0 0
173 117 77 0 0
174 116 77 0 0
175 115 77 0 0
176 114 77 0 0
177 115 77 0 0
178 114 77 0 0
179 114 78 0 0
180 113 78 0 0
181 114 78 0 0
182 113 78 0 0
183 112 78 0 0
184 113 78 0 0
185 112 78 0 0
186 111 78 0 0
187 112 78 0 0
188 111 78 0 0
189 111 79 0 0
190 110 79 0 0
191 109 79 0 0
192 110 79 0 0
193 109 79 0 0
194 108 79 0 0
195 109 79 0 0
196 108 79 0 0
197 107 79 0 0
198 107 80 0 0
199 108 80 0 0
200 107 80 0 0
201 106 80 0 0
202 107 80 0 0
203 106 80 0 0
204 105 80 0 0
205 106 80 0 0
206 105 80 0 0
207 104 80 0 0
208 105 80 0 0
209 104 80 0 0
210 104 81 0 0
211 103 81 0 0
212 104 81 0 0
213 103 81 0 0
214 102 81 0 0
215 101 81 0 0
216 102 81 0 0
217 101 81 0 0
218 100 81 0 0
219 101 81 0 0
220 100 81 0 0
221 100 82 0 0
222 99 82 0 0
223 100 82 0 0
224 99 82 0 0
225 98 82 0 0
226 97 82 0 0
227 98 82 0 0
228 97 82 0 0
229 96 82 0 0
230 97 82 0 0
231 96 82 0 0
232 95 82 0 0
233 95 83 0 0
234 96 83 0 0
235 95 83 0 0
236 94 83 0 0
237 95 83 0 0
238 94 83 0 0
239 93 83 0 0
240 92 83 0 0
241 93 83 0 0
242 92 83 0 0
243 91 83 0 0
244 91 84 0 0
245 92 84 0 0
246 91 84 0 0
247 90 84 0 0
248 89 84 0 0
249 90 84 0 0
250 89 84 0 0
251 89 85 0 0
252 88 85 0 0
253 87 85 0 0
254 88 85 0 0
255 87 85 0 0
256 86 85 0 0
257 86 86 0 0
258 87 86 0 0
259 86 86 0 0
260 85 86 0 0
261 84 86 0 0
262 85 86 0 0
263 84 86 0 0
264 84 87 0 0
265 83 87 0 0
266 82 87 0 0
267 83 87 0 0
268 82 87 0 0
269 81 87 0 0
270 82 87 0 0
271 81 87 0 0
272 81 88 0 0
273 80 88 0 0
274 79 88 0 0
275 80 88 0 0
276 79 88 0 0
277 80 88 0 0
278 79 88 0 0
279 78 88 0 0
280 78 89 0 0
281 79 89 0 0
282 78 89 0 0
283 77 89 0 0
284 78 89 0 0
285 77 89 0 0
286 76 89 0 0
287 77 89 0 0
288 76 89 0 0
289 76 90 0 0
290 75 90 0 0
291 76 90 0 0
292 75 90 0 0
293 74 90 0 0
294 75 90 0 0
295 74 90 0 0
296 73 90 0 0
297 74 90 0 0
298 73 90 0 0
299 72 90 0 0
300 72 91 0 0
301 73 91 0 0
302 72 91 0 0
303 71 91 0 0
304 70 91 0 0
305 71 91 0 0
306 70 91 0 0
307 69 91 0 0
308 70 91 0 0
309 69 91 0 0
310 69 92 0 0
311 68 92 0 0
312 67 92 0 0
313 66 92 0 0
314 67 92 0 0
315 66 92 0 0
316 65 92 0 0
317 64 92 0 0
318 64 93 0 0
319 65 93 0 0
320 64 93 0 0
321 63 93 0 0
322 62 93 0 0
323 63 93 0 0
324 62 93 0 0
325 61 93 0 0
326 60 93 0 0
327 60 94 0 0
328 59 94 0 0
329 60 94 0 0
330 59 94 0 0
331 58 94 0 0
332 57 94 0 0
333 58 94 0 0
334 57 94 0 0
335 56 94 0 0
336 57 94 0 0
337 56 94 0 0
338 55 94 0 0
339 54 94 0 0
340 55 94 0 0
341 54 94 0 0
342 53 94 0 0
343 54 94 0 0
344 53 94 0 0
345 52 94 0 0
346 51 94 0 0
347 52 94 0 0
348 51 94 0 0
349 50 94 0 0
350 51 94 0 0
351 50 94 0 0
352 49 94 0 0
353 48 94 0 0
354 49 94 0 0
355 48 94 0 0
356 47 94 0 0
357 46 94 0 0
358 47 94 0 0
359 46 94 0 0
360 45 94 0 0
361 45 93 0 0
362 46 93 0 0
363 45 93 0 0
364 45 94 0 0
365 44 94 0 0
366 43 94 0 0
367 44 94 0 0
368 43 94 0 0
369 42 94 0 0
370 43 94 0 0
371 42 94 0 0
372 41 94 0 0
373 42 94 0 0
374 41 94 0 0
375 40 94 0 0
376 41 94 0 0
377 40 94 0 0
378 39 94 0 0
379 38 94 0 0
380 39 94 0 0
381 38 94 0 0
382 37 94 0 0
383 36 94 0 0
384 37 94 0 0
385 36 94 0 0
386 35 94 0 0
387 36 94 0 0
388 35 94 0 0
389 34 94 0 0
390 35 94 0 0
391 34 94 0 0
392 33 94 0 0
393 33 95 0 0
394 34 95 0 0
395 33 95 0 0
396 32 95 0 0
397 33 95 0 0
398 32 95 0 0
399 31 95 0 0
400 31 96 0 0
401 32 96 0 0
402 31 96 0 0
403 30 96 0 0
404 31 96 0 0
405 30 96 0 0
406 29 96 0 0
407 29 97 0 0
408 28 97 0 0
409 29 97 0 0
410 28 97 0 0
411 29 97 0 0
412 28 97 0 0
413 27 97 0 0
414 27 98 0 0
415 28 98 0 0
416 27 98 0 0
417 26 98 0 0
418 27 98 0 0
419 26 98 0 0
420 25 98 0 0
421 26 98 0 0
422 25 98 0 0
423 25 99 0 0
424 24 99 0 0
425 23 99 0 0
426 24 99 0 0
427 23 99 0 0
428 23 100 0 0
429 24 100 0 0
430 23 100 0 0
431 22 100 0 0
432 23 100 0 0
433 22 100 0 0
434 23 100 0 0
435 22 100 0 0
436 22 101 0 0
437 21 101 0 0
438 22 101 0 0
439 21 101 0 0
440 21 102 0 0
441 22 102 0 0
442 21 102 0 0
443 22 102 0 0
444 21 102 0 0
445 20 102 0 0
446 20 103 0 0
447 21 103 0 0
448 20 103 0 0
449 21 103 0 0
450 20 103 0 0
451 19 103 0 0
452 19 104 0 0
453 20 104 0 0
454 19 104 0 0
455 20 104 0 0
456 19 104 0 0
457 19 105 0 0
458 18 105 0 0
459 19 105 0 0
460 18 105 0 0
461 19 105 0 0
462 18 105 0 0
463 18 106 0 0
464 19 106 0 0
465 18 106 0 0
466 17 106 0 0
467 18 106 0 0
468 17 106 0 0
469 17 107 0 0
470 18 107 0 0
471 17 107 0 0
472 16 107 0 0
473 16 108 0 0
474 17 108 0 0
475 16 108 0 0
476 17 108 0 0
477 16 108 0 0
478 16 109 0 0
479 17 109 0 0
480 16 109 0 0
481 17 109 0 0
482 16 109 0 0
483 16 110 0 0
484 15 110 0 0
485 16 110 0 0
486 15 110 0 0
487 15 111 0 0
488 16 111 0 0
489 15 111 0 0
490 16 111 0 0
491 15 111 0 0
492 15 112 0 0
493 16 112 0 0
494 15 112 0 0
495 16 112 0 0
496 15 112 0 0
497 15 113 0 0
498 14 113 0 0
499 15 113 0 0
500 14 113 0 0
501 14 114 0 0
502 15 114 0 0
503 14 114 0 0
504 15 114 0 0
505 14 114 0 0
506 13 114 0 0
507 13 115 0 0
508 14 115 0 0
509 13 115 0 0
510 14 115 0 0
511 13 115 0 0
512 13 116 0 0
513 14 116 0 0
514 13 116 0 0
515 14 116 0 0
516 13 116 0 0
517 13 117 0 0
518 12 117 0 0
519 13 117 0 0
520 12 117 0 0
521 13 117 0 0
522 12 117 0 0
523 12 118 0 0
524 13 118 0 0
525 12 118 0 0
526 11 118 0 0
527 11 119 0 0
528 12 119 0 0
529 11 119 0 0
530 12 119 0 0
531 11 119 0 0
532 12 119 0 0
533 11 119 0 0
534 11 120 0 0
535 12 120 0 0
536 11 120 0 0
537 10 120 0 0
538 11 120 0 0
539 10 120 0 0
540 10 121 0 0
541 11 121 0 0
542 10 121 0 0
543 11 121 0 0
544 10 121 0 0
545 9 121 0 0
546 9 122 0 0
547 10 122 0 0
548 9 122 0 0
549 10 122 0 0
550 9 122 0 0
551 10 122 0 0
552 9 122 0 0
553 9 123 0 0
554 8 123 0 0
555 9 123 0 0
556 8 123 0 0
557 8 124 0 0
558 9 124 0 0
559 8 124 0 0
560 9 124 0 0
561 8 124 0 0
562 9 124 0 0
563 8 124 0 0
564 8 125 0 0
565 7 125 0 0
566 8 125 0 0
567 7 125 0 0
568 8 125 0 0
569 7 125 0 0
570 7 126 0 0
571 8 126 0 0
572 7 126 0 0
573 8 126 0 0
574 7 126 0 0
575 7 127 0 0
576 6 127 0 0
577 7 127 0 0
578 6 127 0 0
579 7 127 0 0
580 6 127 0 0
581 6 128 0 0
582 7 128 0 0
583 6 128 0 0
584 5 128 0 0
585 6 128 0 0
586 5 128 0 0
587 5 129 0 0
588 6 129 0 0
589 5 129 0 0
590 6 129 0 0
591 5 129 0 0
592 4 129 0 0
593 4 130 0 0
594 5 130 0 0
595 4 130 0 0
596 5 130 0 0
597 4 130 0 0
598 4 131 0 0
599 5 131 0 0
600 4 131 0 0
601 5 131 0 0
602 4 131 0 0
603 3 131 0 0
604 3 132 0 0
605 4 132 0 0
606 3 132 0 0
607 4 132 0 0
608 3 132 0 0
609 4 132 0 0
610 3 132 0 0
611 3 133 0 0
