0 196 61 0 0
1 195 61 0 0
2 196 61 0 0
3 195 61 0 0
4 196 61 0 0
5 195 61 0 0
6 194 61 0 0
7 195 61 0 0
8 194 61 0 0
9 195 61 0 0
10 194 61 0 0
11 195 61 0 0
12 194 61 0 0
13 193 61 0 0
14 194 61 0 0
15 193 61 0 0
16 194 61 0 0
17 193 61 0 0
18 192 61 0 0
19 193 61 0 0
20 192 61 0 0
21 191 61 0 0
22 192 61 0 0
23 191 61 0 0
24 190 61 0 0
25 191 61 0 0
26 190 61 0 0
27 189 61 0 0
28 188 61 0 0
29 189 61 0 0
30 188 61 0 0
31 187 61 0 0
32 187 60 0 0
33 188 60 0 0
34 187 60 0 0
35 186 60 0 0
36 187 60 0 0
37 186 60 0 0
38 185 60 0 0
39 186 60 0 0
40 185 60 0 0
41 184 60 0 0
42 185 60 0 0
43 184 60 0 0
44 183 60 0 0
45 182 60 0 0
46 183 60 0 0
47 182 60 0 0
48 182 59 0 0
49 183 59 0 0
50 182 59 0 0
51 181 59 0 0
52 182 59 0 0
53 181 59 0 0
54 180 59 0 0
55 179 59 0 0
56 180 59 0 0
57 179 59 0 0
58 180 59 0 0
59 179 59 0 0
60 178 59 0 0
61 177 59 0 0
62 178 59 0 0
63 177 59 0 0
64 176 59 0 0
65 176 58 0 0
66 177 58 0 0
67 176 58 0 0
68 177 58 0 0
69 176 58 0 0
70 175 58 0 0
71 174 58 0 0
72 175 58 0 0
73 174 58 0 0
74 173 58 0 0
75 174 58 0 0
76 173 58 0 0
77 172 58 0 0
78 173 58 0 0
79 172 58 0 0
80 171 58 0 0
81 172 58 0 0
82 171 58 0 0
83 170 58 0 0
84 171 58 0 0
85 170 58 0 0
86 169 58 0 0
87 169 57 0 0
88 170 57 0 0
89 169 57 0 0
90 168 57 0 0
91 169 57 0 0
92 168 57 0 0
93 167 57 0 0
94 168 57 0 0
95 167 57 0 0
96 166 57 0 0
97 167 57 0 0
98 166 57 0 0
99 165 57 0 0
100 166 57 0 0
101 165 57 0 0
102 165 56 0 0
103 164 56 0 0
104 165 56 0 0
105 164 56 0 0
106 163 56 0 0
107 162 56 0 0
108 163 56 0 0
109 162 56 0 0
110 163 56 0 0
111 162 56 0 0
112 161 56 0 0
113 161 55 0 0
114 162 55 0 0
115 161 55 0 0
116 160 55 0 0
117 159 55 0 0
118 160 55 0 0
119 159 55 0 0
120 160 55 0 0
121 159 55 0 0
122 158 55 0 0
123 157 55 0 0
124 157 54 0 0
125 158 54 0 0
126 157 54 0 0
127 156 54 0 0
128 157 54 0 0
129 156 54 0 0
130 155 54 0 0
131 156 54 0 0
132 155 54 0 0
133 154 54 0 0
134 155 54 0 0
135 154 54 0 0
136 153 54 0 0
137 153 53 0 0
138 154 53 0 0
139 153 53 0 0
140 152 53 0 0
141 153 53 0 0
142 152 53 0 0
143 151 53 0 0
144 152 53 0 0
145 151 53 0 0
146 150 53 0 0
147 151 53 0 0
148 150 53 0 0
149 150 52 0 0
150 149 52 0 0
151 150 52 0 0
152 149 52 0 0
153 148 52 0 0
154 149 52 0 0
155 148 52 0 0
156 147 52 0 0
157 147 51 0 0
158 148 51 0 0
159 147 51 0 0
160 146 51 0 0
161 147 51 0 0
162 146 51 0 0
163 145 51 0 0
164 145 50 0 0
165 146 50 0 0
166 145 50 0 0
167 144 50 0 0
168 145 50 0 0
169 144 50 0 0
170 145 50 0 0
171 144 50 0 0
172 144 49 0 0
173 143 49 0 0
174 144 49 0 0
175 143 49 0 0
176 142 49 0 0
177 143 49 0 0
178 142 49 0 0
179 141 49 0 0
180 141 48 0 0
181 142 48 0 0
182 141 48 0 0
183 140 48 0 0
184 141 48 0 0
185 140 48 0 0
186 139 48 0 0
187 139 47 0 0
188 140 47 0 0
189 139 47 0 0
190 138 47 0 0
191 139 47 0 0
192 138 47 0 0
193 139 47 0 0
194 138 47 0 0
195 138 46 0 0
196 137 46 0 0
197 136 46 0 0
198 137 46 0 0
199 136 46 0 0
200 137 46 0 0
201 136 46 0 0
202 135 46 0 0
203 135 45 0 0
204 136 45 0 0
205 135 45 0 0
206 134 45 0 0
207 133 45 0 0
208 134 45 0 0
209 133 45 0 0
210 134 45 0 0
211 133 45 0 0
212 133 44 0 0
213 132 44 0 0
214 133 44 0 0
215 132 44 0 0
216 131 44 0 0
217 132 44 0 0
218 131 44 0 0
219 130 44 0 0
220 131 44 0 0
221 130 44 0 0
222 130 43 0 0
223 129 43 0 0
224 130 43 0 0
225 129 43 0 0
226 128 43 0 0
227 129 43 0 0
228 128 43 0 0
229 127 43 0 0
230 127 42 0 0
231 126 42 0 0
232 127 42 0 0
233 126 42 0 0
234 127 42 0 0
235 126 42 0 0
236 125 42 0 0
237 126 42 0 0
238 125 42 0 0
239 125 41 0 0
240 124 41 0 0
241 125 41 0 0
242 124 41 0 0
243 123 41 0 0
244 124 41 0 0
245 123 41 0 0
246 122 41 0 0
247 122 40 0 0
248 123 40 0 0
249 122 40 0 0
250 121 40 0 0
251 122 40 0 0
252 121 40 0 0
253 120 40 0 0
254 120 39 0 0
255 121 39 0 0
256 120 39 0 0
257 119 39 0 0
258 120 39 0 0
259 119 39 0 0
260 118 39 0 0
261 119 39 0 0
262 118 39 0 0
263 118 38 0 0
264 117 38 0 0
265 116 38 0 0
266 117 38 0 0
267 116 38 0 0
268 115 38 0 0
269 115 37 0 0
270 116 37 0 0
271 115 37 0 0
272 114 37 0 0
273 115 37 0 0
274 114 37 0 0
275 113 37 0 0
276 114 37 0 0
277 113 37 0 0
278 113 36 0 0
279 112 36 0 0
280 113 36 0 0
281 112 36 0 0
282 111 36 0 0
283 112 36 0 0
284 111 36 0 0
285 110 36 0 0
286 110 35 0 0
287 111 35 0 0
288 110 35 0 0
289 109 35 0 0
290 110 35 0 0
291 109 35 0 0
292 108 35 0 0
293 109 35 0 0
294 108 35 0 0
295 107 35 0 0
296 108 35 0 0
297 107 35 0 0
298 107 34 0 0
299 106 34 0 0
300 107 34 0 0
301 106 34 0 0
302 105 34 0 0
303 106 34 0 0
304 105 34 0 0
305 104 34 0 0
306 105 34 0 0
307 104 34 0 0
308 103 34 0 0
309 104 34 0 0
310 103 34 0 0
311 102 34 0 0
312 103 34 0 0
313 102 34 0 0
314 101 34 0 0
315 102 34 0 0
316 101 34 0 0
317 101 33 0 0
318 100 33 0 0
319 101 33 0 0
320 100 33 0 0
321 101 33 0 0
322 100 33 0 0
323 99 33 0 0
324 98 33 0 0
325 99 33 0 0
326 98 33 0 0
327 99 33 0 0
328 98 33 0 0
329 97 33 0 0
330 96 33 0 0
331 97 33 0 0
332 96 33 0 0
333 97 33 0 0
334 96 33 0 0
335 95 33 0 0
336 96 33 0 0
337 95 33 0 0
338 95 32 0 0
339 94 32 0 0
340 95 32 0 0
341 94 32 0 0
342 93 32 0 0
343 94 32 0 0
344 93 32 0 0
345 92 32 0 0
346 93 32 0 0
347 92 32 0 0
348 91 32 0 0
349 92 32 0 0
350 91 32 0 0
351 90 32 0 0
352 91 32 0 0
353 90 32 0 0
354 89 32 0 0
355 90 32 0 0
356 89 32 0 0
357 89 31 0 0
358 88 31 0 0
359 89 31 0 0
360 88 31 0 0
361 87 31 0 0
362 86 31 0 0
363 87 31 0 0
364 86 31 0 0
365 87 31 0 0
366 86 31 0 0
367 85 31 0 0
368 86 31 0 0
369 85 31 0 0
370 84 31 0 0
371 84 30 0 0
372 83 30 0 0
373 84 30 0 0
374 83 30 0 0
375 82 30 0 0
376 83 30 0 0
377 82 30 0 0
378 83 30 0 0
379 82 30 0 0
380 81 30 0 0
381 80 30 0 0
382 81 30 0 0
383 80 30 0 0
384 79 30 0 0
385 80 30 0 0
386 79 30 0 0
387 79 29 0 0
388 78 29 0 0
389 79 29 0 0
390 78 29 0 0
391 77 29 0 0
392 78 29 0 0
393 77 29 0 0
394 76 29 0 0
395 77 29 0 0
396 76 29 0 0
397 75 29 0 0
398 76 29 0 0
399 75 29 0 0
400 74 29 0 0
401 75 29 0 0
402 74 29 0 0
403 73 29 0 0
404 74 29 0 0
405 73 29 0 0
406 73 28 0 0
407 72 28 0 0
408 71 28 0 0
409 72 28 0 0
410 71 28 0 0
411 72 28 0 0
412 71 28 0 0
413 70 28 0 0
414 71 28 0 0
415 70 28 0 0
416 69 28 0 0
417 70 28 0 0
418 69 28 0 0
419 68 28 0 0
420 69 28 0 0
421 68 28 0 0
422 69 28 0 0
423 68 28 0 0
424 67 28 0 0
425 68 28 0 0
426 67 28 0 0
427 66 28 0 0
428 67 28 0 0
429 66 28 0 0
430 65 28 0 0
431 65 27 0 0
432 66 27 0 0
433 65 27 0 0
434 66 27 0 0
435 65 27 0 0
436 64 27 0 0
437 65 27 0 0
438 64 27 0 0
439 63 27 0 0
440 64 27 0 0
441 63 27 0 0
442 62 27 0 0
443 63 27 0 0
444 62 27 0 0
445 61 27 0 0
446 62 27 0 0
447 61 27 0 0
448 62 27 0 0
449 61 27 0 0
450 60 27 0 0
451 61 27 0 0
452 60 27 0 0
453 59 27 0 0
454 60 27 0 0
455 59 27 0 0
456 59 26 0 0
457 58 26 0 0
458 59 26 0 0
459 58 26 0 0
460 57 26 0 0
461 58 26 0 0
462 57 26 0 0
463 56 26 0 0
464 57 26 0 0
465 56 26 0 0
466 55 26 0 0
467 56 26 0 0
468 55 26 0 0
469 56 26 0 0
470 55 26 0 0
471 54 26 0 0
472 53 26 0 0
473 54 26 0 0
474 53 26 0 0
475 54 26 0 0
476 53 26 0 0
477 52 26 0 0
478 53 26 0 0
479 52 26 0 0
480 51 26 0 0
481 52 26 0 0
482 51 26 0 0
483 51 25 0 0
484 50 25 0 0
485 51 25 0 0
486 50 25 0 0
487 49 25 0 0
488 50 25 0 0
489 49 25 0 0
490 48 25 0 0
491 49 25 0 0
492 48 25 0 0
493 47 25 0 0
494 48 25 0 0
495 47 25 0 0
496 46 25 0 0
497 47 25 0 0
498 46 25 0 0
499 45 25 0 0
500 46 25 0 0
501 45 25 0 0
502 46 25 0 0
503 45 25 0 0
504 44 25 0 0
505 45 25 0 0
506 44 25 0 0
507 44 24 0 0
508 43 24 0 0
509 44 24 0 0
510 43 24 0 0
511 42 24 0 0
512 43 24 0 0
513 42 24 0 0
514 41 24 0 0
515 42 24 0 0
516 41 24 0 0
517 40 24 0 0
518 41 24 0 0
519 40 24 0 0
520 41 24 0 0
521 40 24 0 0
522 39 24 0 0
523 40 24 0 0
524 39 24 0 0
525 39 23 0 0
526 38 23 0 0
527 39 23 0 0
528 38 23 0 0
529 37 23 0 0
530 38 23 0 0
531 37 23 0 0
532 36 23 0 0
533 37 23 0 0
534 36 23 0 0
535 35 23 0 0
536 36 23 0 0
537 35 23 0 0
538 36 23 0 0
539 35 23 0 0
540 34 23 0 0
541 34 22 0 0
542 35 22 0 0
543 34 22 0 0
544 33 22 0 0
545 34 22 0 0
546 33 22 0 0
547 32 22 0 0
548 33 22 0 0
549 32 22 0 0
550 33 22 0 0
551 32 22 0 0
552 31 22 0 0
553 32 22 0 0
554 31 22 0 0
555 30 22 0 0
556 31 22 0 0
557 30 22 0 0
558 29 22 0 0
559 29 21 0 0
560 30 21 0 0
561 29 21 0 0
562 28 21 0 0
563 29 21 0 0
564 28 21 0 0
565 27 21 0 0
566 28 21 0 0
567 27 21 0 0
568 28 21 0 0
569 27 21 0 0
570 26 21 0 0
571 27 21 0 0
572 26 21 0 0
573 25 21 0 0
574 26 21 0 0
575 25 21 0 0
576 24 21 0 0
577 25 21 0 0
578 24 21 0 0
579 23 21 0 0
580 24 21 0 0
581 23 21 0 0
582 23 20 0 0
583 24 20 0 0
584 23 20 0 0
585 22 20 0 0
586 23 20 0 0
587 22 20 0 0
588 21 20 0 0
589 21 19 0 0
590 22 19 0 0
591 21 19 0 0
592 22 19 0 0
593 21 19 0 0
594 20 19 0 0
595 21 19 0 0
596 20 19 0 0
597 20 18 0 0
598 21 18 0 0
599 20 18 0 0
600 19 18 0 0
601 20 18 0 0
602 19 18 0 0
603 19 17 0 0
604 18 17 0 0
605 19 17 0 0
606 18 17 0 0
607 19 17 0 0
608 18 17 0 0
609 17 17 0 0
610 17 16 0 0
611 18 16 0 0
612 17 16 0 0
613 16 16 0 0
614 17 16 0 0
615 16 16 0 0
616 16 15 0 0
617 17 15 0 0
618 16 15 0 0
619 15 15 0 0
620 16 15 0 0
621 15 15 0 0
622 16 15 0 0
623 15 15 0 0
624 14 15 0 0
625 14 14 0 0
626 15 14 0 0
627 14 14 0 0
628 13 14 0 0
629 14 14 0 0
630 13 14 0 0
631 14 14 0 0
632 13 14 0 0
633 13 13 0 0
634 12 13 0 0
635 13 13 0 0
636 12 13 0 0
637 11 13 0 0
638 11 12 0 0
639 12 12 0 0
640 11 12 0 0
641 12 12 0 0
642 11 12 0 0
643 10 12 0 0
644 11 12 0 0
645 10 12 0 0
646 10 11 0 0
647 11 11 0 0
648 10 11 0 0
649 9 11 0 0
650 10 11 0 0
651 9 11 0 0
652 10 11 0 0
653 9 11 0 0
654 9 10 0 0
655 8 10 0 0
656 9 10 0 0
657 8 10 0 0
658 9 10 0 0
659 8 10 0 0
660 7 10 0 0
661 7 9 0 0
662 8 9 0 0
663 7 9 0 0
664 6 9 0 0
665 7 9 0 0
666 6 9 0 0
667 6 8 0 0
668 7 8 0 0
669 6 8 0 0
670 5 8 0 0
671 6 8 0 0
672 5 8 0 0
673 6 8 0 0
674 5 8 0 0
675 5 7 0 0
676 4 7 0 0
677 5 7 0 0
678 4 7 0 0
679 5 7 0 0
680 4 7 0 0
681 4 6 0 0
682 3 6 0 0
683 4 6 0 0
684 3 6 0 0
685 4 6 0 0
686 3 6 0 0
687 3 5 0 0
688 2 5 0 0
689 3 5 0 0
690 2 5 0 0
691 3 5 0 0
692 2 5 0 0
693 2 4 0 0
