0 24 3 0 0
1 25 3 0 0
2 24 3 0 0
3 25 3 0 0
4 24 3 0 0
5 24 4 0 0
6 25 4 0 0
7 24 4 0 0
8 25 4 0 0
9 24 4 0 0
10 25 4 0 0
11 24 4 0 0
12 24 5 0 0
13 25 5 0 0
14 24 5 0 0
15 25 5 0 0
16 24 5 0 0
17 25 5 0 0
18 24 5 0 0
19 24 6 0 0
20 25 6 0 0
21 24 6 0 0
22 25 6 0 0
23 24 6 0 0
24 25 6 0 0
25 24 6 0 0
26 24 7 0 0
27 25 7 0 0
28 24 7 0 0
29 25 7 0 0
30 24 7 0 0
31 24 8 0 0
32 25 8 0 0
33 24 8 0 0
34 25 8 0 0
35 24 8 0 0
36 25 8 0 0
37 24 8 0 0
38 24 9 0 0
39 25 9 0 0
40 24 9 0 0
41 25 9 0 0
42 24 9 0 0
43 24 10 0 0
44 25 10 0 0
45 24 10 0 0
46 25 10 0 0
47 24 10 0 0
48 24 11 0 0
49 25 11 0 0
50 24 11 0 0
51 25 11 0 0
52 24 11 0 0
53 24 12 0 0
54 25 12 0 0
55 24 12 0 0
56 25 12 0 0
57 24 12 0 0
58 24 13 0 0
59 25 13 0 0
60 24 13 0 0
61 25 13 0 0
62 24 13 0 0
63 24 14 0 0
64 25 14 0 0
65 24 14 0 0
66 25 14 0 0
67 24 14 0 0
68 24 15 0 0
69 25 15 0 0
70 24 15 0 0
71 25 15 0 0
72 24 15 0 0
73 24 16 0 0
74 25 16 0 0
75 24 16 0 0
76 25 16 0 0
77 24 16 0 0
78 24 17 0 0
79 25 17 0 0
80 24 17 0 0
81 25 17 0 0
82 24 17 0 0
83 24 18 0 0
84 25 18 0 0
85 24 18 0 0
86 25 18 0 0
87 24 18 0 0
88 24 19 0 0
89 25 19 0 0
90 24 19 0 0
91 25 19 0 0
92 24 19 0 0
93 24 20 0 0
94 25 20 0 0
95 24 20 0 0
96 25 20 0 0
97 24 20 0 0
98 24 21 0 0
99 23 21 0 0
100 24 21 0 0
101 23 21 0 0
102 23 22 0 0
103 24 22 0 0
104 23 22 0 0
105 24 22 0 0
106 23 22 0 0
107 23 23 0 0
108 24 23 0 0
109 23 23 0 0
110 24 23 0 0
111 23 23 0 0
112 23 24 0 0
113 24 24 0 0
114 23 24 0 0
115 24 24 0 0
116 23 24 0 0
117 23 25 0 0
118 24 25 0 0
119 23 25 0 0
120 24 25 0 0
121 23 25 0 0
122 23 26 0 0
123 24 26 0 0
124 23 26 0 0
125 24 26 0 0
126 23 26 0 0
127 23 27 0 0
128 24 27 0 0
129 23 27 0 0
130 24 27 0 0
131 23 27 0 0
132 23 28 0 0
133 24 28 0 0
134 23 28 0 0
135 24 28 0 0
136 23 28 0 0
137 23 29 0 0
138 24 29 0 0
139 23 29 0 0
140 24 29 0 0
141 23 29 0 0
142 24 29 0 0
143 23 29 0 0
144 23 30 0 0
145 24 30 0 0
146 23 30 0 0
147 24 30 0 0
148 23 30 0 0
149 23 31 0 0
150 24 31 0 0
151 23 31 0 0
152 24 31 0 0
153 23 31 0 0
154 23 32 0 0
155 24 32 0 0
156 23 32 0 0
157 24 32 0 0
158 23 32 0 0
159 23 33 0 0
160 24 33 0 0
161 23 33 0 0
162 24 33 0 0
163 23 33 0 0
164 23 34 0 0
165 24 34 0 0
166 23 34 0 0
167 24 34 0 0
168 23 34 0 0
169 23 35 0 0
170 24 35 0 0
171 23 35 0 0
172 24 35 0 0
173 23 35 0 0
174 23 36 0 0
175 24 36 0 0
176 23 36 0 0
177 24 36 0 0
178 23 36 0 0
179 23 37 0 0
180 24 37 0 0
181 23 37 0 0
182 24 37 0 0
183 23 37 0 0
184 24 37 0 0
185 23 37 0 0
186 23 38 0 0
187 24 38 0 0
188 23 38 0 0
189 24 38 0 0
190 23 38 0 0
191 23 39 0 0
192 24 39 0 0
193 23 39 0 0
194 24 39 0 0
195 23 39 0 0
196 23 40 0 0
197 24 40 0 0
198 23 40 0 0
199 24 40 0 0
200 23 40 0 0
201 23 41 0 0
202 24 41 0 0
203 23 41 0 0
204 24 41 0 0
205 23 41 0 0
206 24 41 0 0
207 23 41 0 0
208 23 42 0 0
209 24 42 0 0
210 23 42 0 0
211 24 42 0 0
212 23 42 0 0
213 23 43 0 0
214 24 43 0 0
215 23 43 0 0
216 24 43 0 0
217 23 43 0 0
218 24 43 0 0
219 23 43 0 0
220 23 44 0 0
221 22 44 0 0
222 23 44 0 0
223 22 44 0 0
224 22 45 0 0
225 23 45 0 0
226 22 45 0 0
227 23 45 0 0
228 22 45 0 0
229 22 46 0 0
230 23 46 0 0
231 22 46 0 0
232 23 46 0 0
233 22 46 0 0
234 22 47 0 0
235 23 47 0 0
236 22 47 0 0
237 23 47 0 0
238 22 47 0 0
239 22 48 0 0
240 23 48 0 0
241 22 48 0 0
242 23 48 0 0
243 22 48 0 0
244 22 49 0 0
245 23 49 0 0
246 22 49 0 0
247 23 49 0 0
248 22 49 0 0
249 22 50 0 0
250 23 50 0 0
251 22 50 0 0
252 23 50 0 0
253 22 50 0 0
254 22 51 0 0
255 23 51 0 0
256 22 51 0 0
257 23 51 0 0
258 22 51 0 0
259 22 52 0 0
260 23 52 0 0
261 22 52 0 0
262 23 52 0 0
263 22 52 0 0
264 22 53 0 0
265 23 53 0 0
266 22 53 0 0
267 23 53 0 0
268 22 53 0 0
269 22 54 0 0
270 23 54 0 0
271 22 54 0 0
272 23 54 0 0
273 22 54 0 0
274 21 54 0 0
275 21 55 0 0
276 22 55 0 0
277 21 55 0 0
278 22 55 0 0
279 21 55 0 0
280 21 56 0 0
281 22 56 0 0
282 21 56 0 0
283 22 56 0 0
284 21 56 0 0
285 21 57 0 0
286 22 57 0 0
287 21 57 0 0
288 22 57 0 0
289 21 57 0 0
290 21 58 0 0
291 22 58 0 0
292 21 58 0 0
293 22 58 0 0
294 21 58 0 0
295 21 59 0 0
296 22 59 0 0
297 21 59 0 0
298 22 59 0 0
299 21 59 0 0
300 21 60 0 0
301 22 60 0 0
302 21 60 0 0
303 22 60 0 0
304 21 60 0 0
305 21 61 0 0
306 22 61 0 0
307 21 61 0 0
308 22 61 0 0
309 21 61 0 0
310 21 62 0 0
311 20 62 0 0
312 21 62 0 0
313 20 62 0 0
314 21 62 0 0
315 20 62 0 0
316 20 63 0 0
317 21 63 0 0
318 20 63 0 0
319 21 63 0 0
320 20 63 0 0
321 20 64 0 0
322 21 64 0 0
323 20 64 0 0
324 21 64 0 0
325 20 64 0 0
326 20 65 0 0
327 21 65 0 0
328 20 65 0 0
329 21 65 0 0
330 20 65 0 0
331 20 66 0 0
332 21 66 0 0
333 20 66 0 0
334 21 66 0 0
335 20 66 0 0
336 20 67 0 0
337 21 67 0 0
338 20 67 0 0
339 21 67 0 0
340 20 67 0 0
341 20 68 0 0
342 21 68 0 0
343 20 68 0 0
344 21 68 0 0
345 20 68 0 0
346 20 69 0 0
347 21 69 0 0
348 20 69 0 0
349 21 69 0 0
350 20 69 0 0
351 20 70 0 0
352 21 70 0 0
353 20 70 0 0
354 21 70 0 0
355 20 70 0 0
356 20 71 0 0
357 19 71 0 0
358 20 71 0 0
359 19 71 0 0
360 20 71 0 0
361 19 71 0 0
362 19 72 0 0
363 20 72 0 0
364 19 72 0 0
365 20 72 0 0
366 19 72 0 0
367 19 73 0 0
368 20 73 0 0
369 19 73 0 0
370 20 73 0 0
371 19 73 0 0
372 19 74 0 0
373 20 74 0 0
374 19 74 0 0
375 20 74 0 0
376 19 74 0 0
377 19 75 0 0
378 20 75 0 0
379 19 75 0 0
380 20 75 0 0
381 19 75 0 0
382 19 76 0 0
383 20 76 0 0
384 19 76 0 0
385 20 76 0 0
386 19 76 0 0
387 20 76 0 0
388 19 76 0 0
389 19 77 0 0
390 20 77 0 0
391 19 77 0 0
392 19 78 0 0
393 20 78 0 0
394 19 78 0 0
395 20 78 0 0
396 19 78 0 0
397 19 79 0 0
398 20 79 0 0
399 19 79 0 0
400 20 79 0 0
401 19 79 0 0
402 20 79 0 0
403 19 79 0 0
404 19 80 0 0
405 20 80 0 0
406 19 80 0 0
407 20 80 0 0
408 19 80 0 0
409 19 81 0 0
410 20 81 0 0
411 19 81 0 0
412 20 81 0 0
413 19 81 0 0
414 19 82 0 0
415 20 82 0 0
416 19 82 0 0
417 20 82 0 0
418 19 82 0 0
419 19 83 0 0
420 20 83 0 0
421 21 83 0 0
422 20 83 0 0
423 20 84 0 0
424 21 84 0 0
425 20 84 0 0
426 21 84 0 0
427 20 84 0 0
428 20 85 0 0
429 21 85 0 0
430 20 85 0 0
431 21 85 0 0
432 20 85 0 0
433 21 85 0 0
434 20 85 0 0
435 20 86 0 0
436 21 86 0 0
437 20 86 0 0
438 21 86 0 0
439 20 86 0 0
440 20 87 0 0
441 21 87 0 0
442 20 87 0 0
443 20 88 0 0
444 21 88 0 0
445 20 88 0 0
446 21 88 0 0
447 20 88 0 0
448 20 89 0 0
449 21 89 0 0
450 20 89 0 0
451 21 89 0 0
452 20 89 0 0
453 20 90 0 0
454 21 90 0 0
455 20 90 0 0
456 21 90 0 0
457 20 90 0 0
458 20 91 0 0
459 21 91 0 0
460 20 91 0 0
461 19 91 0 0
462 19 92 0 0
463 20 92 0 0
464 19 92 0 0
465 20 92 0 0
466 19 92 0 0
467 19 93 0 0
468 20 93 0 0
469 19 93 0 0
470 20 93 0 0
471 19 93 0 0
472 19 94 0 0
473 20 94 0 0
474 19 94 0 0
475 19 95 0 0
476 20 95 0 0
477 19 95 0 0
478 20 95 0 0
479 19 95 0 0
480 19 96 0 0
481 20 96 0 0
482 19 96 0 0
483 20 96 0 0
484 19 96 0 0
485 20 96 0 0
486 19 96 0 0
487 19 97 0 0
488 20 97 0 0
489 19 97 0 0
490 19 98 0 0
491 20 98 0 0
492 19 98 0 0
493 20 98 0 0
494 19 98 0 0
495 19 99 0 0
496 18 99 0 0
497 19 99 0 0
498 18 99 0 0
499 18 100 0 0
500 19 100 0 0
501 18 100 0 0
502 19 100 0 0
503 18 100 0 0
504 18 101 0 0
505 19 101 0 0
506 18 101 0 0
507 19 101 0 0
508 18 101 0 0
509 18 102 0 0
510 19 102 0 0
511 18 102 0 0
512 18 103 0 0
513 19 103 0 0
514 18 103 0 0
515 19 103 0 0
516 18 103 0 0
517 18 104 0 0
518 19 104 0 0
519 18 104 0 0
520 19 104 0 0
521 18 104 0 0
522 18 105 0 0
523 19 105 0 0
524 18 105 0 0
525 19 105 0 0
526 18 105 0 0
527 18 106 0 0
528 19 106 0 0
529 18 106 0 0
530 19 106 0 0
531 18 106 0 0
532 18 107 0 0
533 19 107 0 0
534 18 107 0 0
535 19 107 0 0
536 18 107 0 0
537 18 108 0 0
538 17 108 0 0
539 18 108 0 0
540 17 108 0 0
541 17 109 0 0
542 18 109 0 0
543 17 109 0 0
544 17 110 0 0
545 18 110 0 0
546 17 110 0 0
547 18 110 0 0
548 17 110 0 0
549 17 111 0 0
550 18 111 0 0
551 17 111 0 0
552 18 111 0 0
553 17 111 0 0
554 17 112 0 0
555 18 112 0 0
556 17 112 0 0
557 18 112 0 0
558 17 112 0 0
559 17 113 0 0
560 18 113 0 0
561 17 113 0 0
562 18 113 0 0
563 17 113 0 0
564 17 114 0 0
565 18 114 0 0
566 17 114 0 0
567 17 115 0 0
568 18 115 0 0
569 17 115 0 0
570 18 115 0 0
571 17 115 0 0
572 18 115 0 0
573 17 115 0 0
574 17 116 0 0
575 18 116 0 0
576 17 116 0 0
577 17 117 0 0
578 16 117 0 0
579 17 117 0 0
580 16 117 0 0
581 16 118 0 0
582 17 118 0 0
583 16 118 0 0
584 17 118 0 0
585 16 118 0 0
586 16 119 0 0
587 17 119 0 0
588 16 119 0 0
589 17 119 0 0
590 16 119 0 0
591 16 120 0 0
592 17 120 0 0
593 16 120 0 0
594 17 120 0 0
595 16 120 0 0
596 16 121 0 0
597 17 121 0 0
598 16 121 0 0
599 16 122 0 0
600 17 122 0 0
601 16 122 0 0
602 17 122 0 0
603 16 122 0 0
604 17 122 0 0
605 16 122 0 0
606 16 123 0 0
607 17 123 0 0
608 16 123 0 0
609 16 124 0 0
610 17 124 0 0
611 16 124 0 0
612 17 124 0 0
613 16 124 0 0
614 16 125 0 0
615 17 125 0 0
616 16 125 0 0
617 15 125 0 0
618 15 126 0 0
619 16 126 0 0
620 15 126 0 0
621 16 126 0 0
622 15 126 0 0
623 15 127 0 0
624 16 127 0 0
625 15 127 0 0
626 16 127 0 0
627 15 127 0 0
628 15 128 0 0
629 16 128 0 0
630 15 128 0 0
631 15 129 0 0
632 16 129 0 0
633 15 129 0 0
634 16 129 0 0
635 15 129 0 0
636 16 129 0 0
637 15 129 0 0
638 15 130 0 0
639 16 130 0 0
640 15 130 0 0
641 15 131 0 0
642 16 131 0 0
643 15 131 0 0
644 16 131 0 0
645 15 131 0 0
646 15 132 0 0
647 16 132 0 0
648 15 132 0 0
649 16 132 0 0
650 15 132 0 0
651 15 133 0 0
652 16 133 0 0
653 15 133 0 0
654 16 133 0 0
655 15 133 0 0
656 15 134 0 0
657 16 134 0 0
658 15 134 0 0
659 16 134 0 0
660 15 134 0 0
661 15 135 0 0
662 14 135 0 0
663 15 135 0 0
664 14 135 0 0
665 14 136 0 0
666 15 136 0 0
667 14 136 0 0
668 15 136 0 0
669 14 136 0 0
670 14 137 0 0
671 15 137 0 0
672 14 137 0 0
673 15 137 0 0
674 14 137 0 0
675 14 138 0 0
676 15 138 0 0
677 14 138 0 0
678 15 138 0 0
679 14 138 0 0
680 14 139 0 0
681 15 139 0 0
682 14 139 0 0
683 15 139 0 0
684 14 139 0 0
685 14 140 0 0
686 15 140 0 0
687 14 140 0 0
688 15 140 0 0
689 14 140 0 0
690 15 140 0 0
691 14 140 0 0
692 14 141 0 0
693 15 141 0 0
694 14 141 0 0
695 15 141 0 0
696 14 141 0 0
697 14 142 0 0
698 15 142 0 0
699 14 142 0 0
700 15 142 0 0
701 14 142 0 0
702 14 143 0 0
703 15 143 0 0
704 14 143 0 0
705 15 143 0 0
