0 175 150 0 0
1 176 150 0 0
2 175 150 0 0
3 174 150 0 0
4 173 150 0 0
5 174 150 0 0
6 173 150 0 0
7 173 149 0 0
8 172 149 0 0
9 173 149 0 0
10 172 149 0 0
11 171 149 0 0
12 171 148 0 0
13 172 148 0 0
14 171 148 0 0
15 170 148 0 0
16 171 148 0 0
17 170 148 0 0
18 169 148 0 0
19 169 147 0 0
20 168 147 0 0
21 169 147 0 0
22 168 147 0 0
23 167 147 0 0
24 167 146 0 0
25 168 146 0 0
26 167 146 0 0
27 166 146 0 0
28 167 146 0 0
29 166 146 0 0
30 165 146 0 0
31 165 145 0 0
32 166 145 0 0
33 165 145 0 0
34 164 145 0 0
35 163 145 0 0
36 164 145 0 0
37 163 145 0 0
38 163 144 0 0
39 162 144 0 0
40 163 144 0 0
41 162 144 0 0
42 161 144 0 0
43 161 143 0 0
44 162 143 0 0
45 161 143 0 0
46 160 143 0 0
47 161 143 0 0
48 160 143 0 0
49 160 142 0 0
50 159 142 0 0
51 160 142 0 0
52 159 142 0 0
53 158 142 0 0
54 158 141 0 0
55 159 141 0 0
56 158 141 0 0
57 157 141 0 0
58 158 141 0 0
59 157 141 0 0
60 157 140 0 0
61 156 140 0 0
62 157 140 0 0
63 156 140 0 0
64 155 140 0 0
65 155 139 0 0
66 156 139 0 0
67 155 139 0 0
68 154 139 0 0
69 155 139 0 0
70 154 139 0 0
71 154 138 0 0
72 153 138 0 0
73 154 138 0 0
74 153 138 0 0
75 152 138 0 0
76 153 138 0 0
77 152 138 0 0
78 152 137 0 0
79 151 137 0 0
80 152 137 0 0
81 151 137 0 0
82 150 137 0 0
83 150 136 0 0
84 151 136 0 0
85 150 136 0 0
86 149 136 0 0
87 150 136 0 0
88 149 136 0 0
89 149 135 0 0
90 148 135 0 0
91 149 135 0 0
92 148 135 0 0
93 147 135 0 0
94 147 134 0 0
95 148 134 0 0
96 147 134 0 0
97 146 134 0 0
98 146 133 0 0
99 145 133 0 0
100 146 133 0 0
101 145 133 0 0
102 145 132 0 0
103 146 132 0 0
104 145 132 0 0
105 144 132 0 0
106 144 131 0 0
107 145 131 0 0
108 144 131 0 0
109 143 131 0 0
110 143 130 0 0
111 142 130 0 0
112 143 130 0 0
113 142 130 0 0
114 142 129 0 0
115 141 129 0 0
116 142 129 0 0
117 141 129 0 0
118 140 129 0 0
119 140 128 0 0
120 141 128 0 0
121 140 128 0 0
122 139 128 0 0
123 139 127 0 0
124 140 127 0 0
125 139 127 0 0
126 138 127 0 0
127 138 126 0 0
128 139 126 0 0
129 138 126 0 0
130 137 126 0 0
131 137 125 0 0
132 138 125 0 0
133 137 125 0 0
134 136 125 0 0
135 136 124 0 0
136 137 124 0 0
137 136 124 0 0
138 135 124 0 0
139 135 123 0 0
140 136 123 0 0
141 135 123 0 0
142 134 123 0 0
143 134 122 0 0
144 135 122 0 0
145 134 122 0 0
146 133 122 0 0
147 134 122 0 0
148 133 122 0 0
149 133 121 0 0
150 132 121 0 0
151 133 121 0 0
152 132 121 0 0
153 132 120 0 0
154 131 120 0 0
155 132 120 0 0
156 131 120 0 0
157 131 119 0 0
158 130 119 0 0
159 131 119 0 0
160 130 119 0 0
161 130 118 0 0
162 129 118 0 0
163 130 118 0 0
164 129 118 0 0
165 129 117 0 0
166 128 117 0 0
167 129 117 0 0
168 128 117 0 0
169 127 117 0 0
170 127 116 0 0
171 128 116 0 0
172 127 116 0 0
173 126 116 0 0
174 126 115 0 0
175 127 115 0 0
176 126 115 0 0
177 125 115 0 0
178 125 114 0 0
179 124 114 0 0
180 125 114 0 0
181 124 114 0 0
182 124 113 0 0
183 123 113 0 0
184 124 113 0 0
185 123 113 0 0
186 123 112 0 0
187 122 112 0 0
188 123 112 0 0
189 122 112 0 0
190 121 112 0 0
191 121 111 0 0
192 122 111 0 0
193 121 111 0 0
194 120 111 0 0
195 120 110 0 0
196 121 110 0 0
197 120 110 0 0
198 119 110 0 0
199 119 109 0 0
200 120 109 0 0
201 119 109 0 0
202 118 109 0 0
203 118 108 0 0
204 119 108 0 0
205 118 108 0 0
206 117 108 0 0
207 118 108 0 0
208 117 108 0 0
209 117 107 0 0
210 118 107 0 0
211 117 107 0 0
212 116 107 0 0
213 116 106 0 0
214 117 106 0 0
215 116 106 0 0
216 115 106 0 0
217 115 105 0 0
218 116 105 0 0
219 115 105 0 0
220 114 105 0 0
221 114 104 0 0
222 115 104 0 0
223 114 104 0 0
224 115 104 0 0
225 114 104 0 0
226 113 104 0 0
227 113 103 0 0
228 114 103 0 0
229 113 103 0 0
230 112 103 0 0
231 113 103 0 0
232 112 103 0 0
233 112 102 0 0
234 111 102 0 0
235 112 102 0 0
236 111 102 0 0
237 111 101 0 0
238 112 101 0 0
239 111 101 0 0
240 110 101 0 0
241 110 100 0 0
242 109 100 0 0
243 110 100 0 0
244 109 100 0 0
245 109 99 0 0
246 110 99 0 0
247 109 99 0 0
248 108 99 0 0
249 108 98 0 0
250 109 98 0 0
251 108 98 0 0
252 107 98 0 0
253 108 98 0 0
254 107 98 0 0
255 107 97 0 0
256 106 97 0 0
257 107 97 0 0
258 106 97 0 0
259 106 96 0 0
260 107 96 0 0
261 106 96 0 0
262 105 96 0 0
263 106 96 0 0
264 105 96 0 0
265 105 95 0 0
266 104 95 0 0
267 105 95 0 0
268 104 95 0 0
269 104 94 0 0
270 103 94 0 0
271 104 94 0 0
272 103 94 0 0
273 103 93 0 0
274 102 93 0 0
275 103 93 0 0
276 102 93 0 0
277 102 92 0 0
278 103 92 0 0
279 102 92 0 0
280 101 92 0 0
281 102 92 0 0
282 101 92 0 0
283 101 91 0 0
284 100 91 0 0
285 101 91 0 0
286 100 91 0 0
287 100 90 0 0
288 99 90 0 0
289 100 90 0 0
290 99 90 0 0
291 99 89 0 0
292 98 89 0 0
293 99 89 0 0
294 98 89 0 0
295 97 89 0 0
296 97 88 0 0
297 98 88 0 0
298 97 88 0 0
299 98 88 0 0
300 97 88 0 0
301 97 87 0 0
302 96 87 0 0
303 97 87 0 0
304 96 87 0 0
305 95 87 0 0
306 95 86 0 0
307 96 86 0 0
308 95 86 0 0
309 94 86 0 0
310 94 85 0 0
311 95 85 0 0
312 94 85 0 0
313 95 85 0 0
314 94 85 0 0
315 94 84 0 0
316 93 84 0 0
317 94 84 0 0
318 93 84 0 0
319 93 83 0 0
320 92 83 0 0
321 93 83 0 0
322 92 83 0 0
323 93 83 0 0
324 92 83 0 0
325 92 82 0 0
326 91 82 0 0
327 92 82 0 0
328 91 82 0 0
329 90 82 0 0
330 90 81 0 0
331 91 81 0 0
332 90 81 0 0
333 91 81 0 0
334 90 81 0 0
335 90 80 0 0
336 89 80 0 0
337 90 80 0 0
338 89 80 0 0
339 89 79 0 0
340 88 79 0 0
341 89 79 0 0
342 88 79 0 0
343 87 79 0 0
344 87 78 0 0
345 88 78 0 0
346 87 78 0 0
347 88 78 0 0
348 87 78 0 0
349 87 77 0 0
350 86 77 0 0
351 87 77 0 0
352 86 77 0 0
353 86 76 0 0
354 87 76 0 0
355 86 76 0 0
356 85 76 0 0
357 86 76 0 0
358 85 76 0 0
359 85 75 0 0
360 84 75 0 0
361 85 75 0 0
362 84 75 0 0
363 85 75 0 0
364 84 75 0 0
365 84 74 0 0
366 83 74 0 0
367 84 74 0 0
368 83 74 0 0
369 83 73 0 0
370 82 73 0 0
371 83 73 0 0
372 82 73 0 0
373 82 72 0 0
374 83 72 0 0
375 82 72 0 0
376 81 72 0 0
377 82 72 0 0
378 81 72 0 0
379 81 71 0 0
380 82 71 0 0
381 81 71 0 0
382 80 71 0 0
383 80 70 0 0
384 81 70 0 0
385 80 70 0 0
386 79 70 0 0
387 79 69 0 0
388 80 69 0 0
389 79 69 0 0
390 78 69 0 0
391 79 69 0 0
392 78 69 0 0
393 78 68 0 0
394 79 68 0 0
395 78 68 0 0
396 77 68 0 0
397 78 68 0 0
398 77 68 0 0
399 77 67 0 0
400 76 67 0 0
401 77 67 0 0
402 76 67 0 0
403 76 66 0 0
404 77 66 0 0
405 76 66 0 0
406 75 66 0 0
407 75 65 0 0
408 76 65 0 0
409 75 65 0 0
410 74 65 0 0
411 75 65 0 0
412 74 65 0 0
413 74 64 0 0
414 75 64 0 0
415 74 64 0 0
416 73 64 0 0
417 73 63 0 0
418 74 63 0 0
419 73 63 0 0
420 72 63 0 0
421 72 62 0 0
422 73 62 0 0
423 72 62 0 0
424 73 62 0 0
425 72 62 0 0
426 71 62 0 0
427 71 61 0 0
428 72 61 0 0
429 71 61 0 0
430 70 61 0 0
431 71 61 0 0
432 70 61 0 0
433 70 60 0 0
434 71 60 0 0
435 70 60 0 0
436 69 60 0 0
437 69 59 0 0
438 70 59 0 0
439 69 59 0 0
440 70 59 0 0
441 69 59 0 0
442 69 58 0 0
443 68 58 0 0
444 69 58 0 0
445 68 58 0 0
446 67 58 0 0
447 67 57 0 0
448 68 57 0 0
449 67 57 0 0
450 68 57 0 0
451 67 57 0 0
452 67 56 0 0
453 66 56 0 0
454 67 56 0 0
455 66 56 0 0
456 65 56 0 0
457 65 55 0 0
458 66 55 0 0
459 65 55 0 0
460 66 55 0 0
461 65 55 0 0
462 65 54 0 0
463 64 54 0 0
464 65 54 0 0
465 64 54 0 0
466 65 54 0 0
467 64 54 0 0
468 64 53 0 0
469 63 53 0 0
470 64 53 0 0
471 63 53 0 0
472 62 53 0 0
473 62 52 0 0
474 63 52 0 0
475 62 52 0 0
476 63 52 0 0
477 62 52 0 0
478 62 51 0 0
479 61 51 0 0
480 62 51 0 0
481 61 51 0 0
482 61 50 0 0
483 62 50 0 0
484 61 50 0 0
485 60 50 0 0
486 61 50 0 0
487 60 50 0 0
488 60 49 0 0
489 61 49 0 0
490 60 49 0 0
491 59 49 0 0
492 59 48 0 0
493 60 48 0 0
494 59 48 0 0
495 60 48 0 0
496 59 48 0 0
497 58 48 0 0
498 58 47 0 0
499 59 47 0 0
500 58 47 0 0
501 57 47 0 0
502 57 46 0 0
503 58 46 0 0
504 57 46 0 0
505 58 46 0 0
506 57 46 0 0
507 56 46 0 0
508 56 45 0 0
509 57 45 0 0
510 56 45 0 0
511 57 45 0 0
512 56 45 0 0
513 55 45 0 0
514 55 44 0 0
515 56 44 0 0
516 55 44 0 0
517 54 44 0 0
518 54 43 0 0
519 55 43 0 0
520 54 43 0 0
521 55 43 0 0
522 54 43 0 0
523 54 42 0 0
524 53 42 0 0
525 54 42 0 0
526 53 42 0 0
527 52 42 0 0
528 52 41 0 0
529 53 41 0 0
530 52 41 0 0
531 53 41 0 0
532 52 41 0 0
533 52 40 0 0
534 51 40 0 0
535 52 40 0 0
536 51 40 0 0
537 50 40 0 0
538 51 40 0 0
539 50 40 0 0
540 50 39 0 0
541 49 39 0 0
542 50 39 0 0
543 49 39 0 0
544 48 39 0 0
545 48 38 0 0
546 49 38 0 0
547 48 38 0 0
548 47 38 0 0
549 48 38 0 0
550 47 38 0 0
551 47 37 0 0
552 48 37 0 0
553 47 37 0 0
554 46 37 0 0
555 47 37 0 0
556 46 37 0 0
557 46 36 0 0
558 45 36 0 0
559 46 36 0 0
560 45 36 0 0
561 45 35 0 0
562 44 35 0 0
563 45 35 0 0
564 44 35 0 0
565 45 35 0 0
566 44 35 0 0
567 44 34 0 0
568 43 34 0 0
569 42 34 0 0
570 43 34 0 0
571 42 34 0 0
572 42 33 0 0
573 43 33 0 0
574 42 33 0 0
575 41 33 0 0
576 42 33 0 0
577 41 33 0 0
578 40 33 0 0
579 40 32 0 0
580 41 32 0 0
581 40 32 0 0
582 39 32 0 0
583 39 31 0 0
584 40 31 0 0
585 39 31 0 0
586 40 31 0 0
587 39 31 0 0
588 38 31 0 0
589 38 30 0 0
590 37 30 0 0
591 38 30 0 0
592 37 30 0 0
593 38 30 0 0
594 37 30 0 0
595 37 29 0 0
596 36 29 0 0
597 37 29 0 0
598 36 29 0 0
599 35 29 0 0
600 35 28 0 0
601 36 28 0 0
602 35 28 0 0
603 34 28 0 0
604 35 28 0 0
605 34 28 0 0
606 34 27 0 0
607 35 27 0 0
608 34 27 0 0
609 33 27 0 0
610 33 26 0 0
611 34 26 0 0
612 33 26 0 0
613 32 26 0 0
614 33 26 0 0
615 32 26 0 0
616 31 26 0 0
617 31 25 0 0
618 32 25 0 0
619 31 25 0 0
620 30 25 0 0
621 30 24 0 0
622 29 24 0 0
623 30 24 0 0
624 29 24 0 0
625 29 23 0 0
626 28 23 0 0
627 29 23 0 0
628 28 23 0 0
629 27 23 0 0
630 27 22 0 0
631 28 22 0 0
632 27 22 0 0
633 26 22 0 0
634 26 21 0 0
635 27 21 0 0
636 26 21 0 0
637 25 21 0 0
638 25 20 0 0
639 24 20 0 0
640 25 20 0 0
641 24 20 0 0
642 24 19 0 0
643 23 19 0 0
644 24 19 0 0
645 23 19 0 0
646 22 19 0 0
647 23 19 0 0
648 22 19 0 0
649 22 18 0 0
650 21 18 0 0
651 22 18 0 0
652 21 18 0 0
653 21 17 0 0
654 20 17 0 0
655 21 17 0 0
656 20 17 0 0
657 20 16 0 0
658 19 16 0 0
659 20 16 0 0
660 19 16 0 0
661 19 15 0 0
662 18 15 0 0
663 17 15 0 0
664 18 15 0 0
665 17 15 0 0
666 17 14 0 0
667 16 14 0 0
668 17 14 0 0
669 16 14 0 0
670 16 13 0 0
671 15 13 0 0
672 16 13 0 0
673 15 13 0 0
674 15 12 0 0
675 14 12 0 0
676 15 12 0 0
677 14 12 0 0
678 13 12 0 0
679 13 11 0 0
680 14 11 0 0
681 13 11 0 0
682 12 11 0 0
683 11 11 0 0
684 12 11 0 0
685 11 11 0 0
686 11 10 0 0
687 10 10 0 0
688 9 10 0 0
689 8 10 0 0
690 9 10 0 0
691 8 10 0 0
692 8 9 0 0
693 7 9 0 0
694 8 9 0 0
695 7 9 0 0
696 6 9 0 0
697 6 8 0 0
698 5 8 0 0
699 6 8 0 0
700 5 8 0 0
701 4 8 0 0
702 4 7 0 0
703 5 7 0 0
704 4 7 0 0
705 3 7 0 0
706 4 7 0 0
707 3 7 0 0
708 3 6 0 0
709 2 6 0 0
