0 196 66 0 0
1 195 66 0 0
2 196 66 0 0
3 195 66 0 0
4 196 66 0 0
5 195 66 0 0
6 194 66 0 0
7 195 66 0 0
8 194 66 0 0
9 195 66 0 0
10 194 66 0 0
11 195 66 0 0
12 194 66 0 0
13 193 66 0 0
14 192 66 0 0
15 193 66 0 0
16 192 66 0 0
17 193 66 0 0
18 192 66 0 0
19 191 66 0 0
20 192 66 0 0
21 191 66 0 0
22 190 66 0 0
23 190 65 0 0
24 191 65 0 0
25 190 65 0 0
26 189 65 0 0
27 190 65 0 0
28 189 65 0 0
29 188 65 0 0
30 189 65 0 0
31 188 65 0 0
32 187 65 0 0
33 188 65 0 0
34 187 65 0 0
35 188 65 0 0
36 187 65 0 0
37 186 65 0 0
38 187 65 0 0
39 186 65 0 0
40 185 65 0 0
41 186 65 0 0
42 185 65 0 0
43 184 65 0 0
44 185 65 0 0
45 184 65 0 0
46 183 65 0 0
47 184 65 0 0
48 183 65 0 0
49 182 65 0 0
50 183 65 0 0
51 182 65 0 0
52 183 65 0 0
53 182 65 0 0
54 181 65 0 0
55 182 65 0 0
56 181 65 0 0
57 180 65 0 0
58 181 65 0 0
59 180 65 0 0
60 179 65 0 0
61 179 64 0 0
62 180 64 0 0
63 179 64 0 0
64 178 64 0 0
65 179 64 0 0
66 178 64 0 0
67 177 64 0 0
68 178 64 0 0
69 177 64 0 0
70 178 64 0 0
71 177 64 0 0
72 176 64 0 0
73 177 64 0 0
74 176 64 0 0
75 175 64 0 0
76 176 64 0 0
77 175 64 0 0
78 174 64 0 0
79 175 64 0 0
80 174 64 0 0
81 173 64 0 0
82 174 64 0 0
83 173 64 0 0
84 172 64 0 0
85 173 64 0 0
86 172 64 0 0
87 173 64 0 0
88 172 64 0 0
89 171 64 0 0
90 172 64 0 0
91 171 64 0 0
92 170 64 0 0
93 171 64 0 0
94 170 64 0 0
95 169 64 0 0
96 170 64 0 0
97 169 64 0 0
98 168 64 0 0
99 168 63 0 0
100 169 63 0 0
101 168 63 0 0
102 167 63 0 0
103 168 63 0 0
104 167 63 0 0
105 168 63 0 0
106 167 63 0 0
107 166 63 0 0
108 165 63 0 0
109 166 63 0 0
110 165 63 0 0
111 166 63 0 0
112 165 63 0 0
113 164 63 0 0
114 165 63 0 0
115 164 63 0 0
116 163 63 0 0
117 164 63 0 0
118 163 63 0 0
119 163 62 0 0
120 162 62 0 0
121 163 62 0 0
122 162 62 0 0
123 163 62 0 0
124 162 62 0 0
125 161 62 0 0
126 162 62 0 0
127 161 62 0 0
128 162 62 0 0
129 161 62 0 0
130 161 61 0 0
131 160 61 0 0
132 161 61 0 0
133 160 61 0 0
134 159 61 0 0
135 160 61 0 0
136 159 61 0 0
137 159 60 0 0
138 158 60 0 0
139 159 60 0 0
140 158 60 0 0
141 157 60 0 0
142 158 60 0 0
143 157 60 0 0
144 158 60 0 0
145 157 60 0 0
146 157 59 0 0
147 156 59 0 0
148 157 59 0 0
149 156 59 0 0
150 157 59 0 0
151 156 59 0 0
152 155 59 0 0
153 155 58 0 0
154 156 58 0 0
155 155 58 0 0
156 154 58 0 0
157 155 58 0 0
158 154 58 0 0
159 153 58 0 0
160 154 58 0 0
161 153 58 0 0
162 153 57 0 0
163 152 57 0 0
164 153 57 0 0
165 152 57 0 0
166 153 57 0 0
167 152 57 0 0
168 151 57 0 0
169 151 56 0 0
170 152 56 0 0
171 151 56 0 0
172 150 56 0 0
173 151 56 0 0
174 150 56 0 0
175 149 56 0 0
176 150 56 0 0
177 149 56 0 0
178 149 55 0 0
179 150 55 0 0
180 149 55 0 0
181 148 55 0 0
182 149 55 0 0
183 148 55 0 0
184 147 55 0 0
185 147 54 0 0
186 148 54 0 0
187 147 54 0 0
188 148 54 0 0
189 147 54 0 0
190 146 54 0 0
191 147 54 0 0
192 146 54 0 0
193 145 54 0 0
194 146 54 0 0
195 145 54 0 0
196 145 53 0 0
197 144 53 0 0
198 145 53 0 0
199 144 53 0 0
200 145 53 0 0
201 144 53 0 0
202 143 53 0 0
203 144 53 0 0
204 143 53 0 0
205 143 52 0 0
206 142 52 0 0
207 143 52 0 0
208 142 52 0 0
209 141 52 0 0
210 142 52 0 0
211 141 52 0 0
212 141 51 0 0
213 140 51 0 0
214 141 51 0 0
215 140 51 0 0
216 139 51 0 0
217 140 51 0 0
218 139 51 0 0
219 140 51 0 0
220 139 51 0 0
221 139 50 0 0
222 138 50 0 0
223 139 50 0 0
224 138 50 0 0
225 137 50 0 0
226 138 50 0 0
227 137 50 0 0
228 137 49 0 0
229 136 49 0 0
230 137 49 0 0
231 136 49 0 0
232 135 49 0 0
233 136 49 0 0
234 135 49 0 0
235 134 49 0 0
236 134 48 0 0
237 135 48 0 0
238 134 48 0 0
239 135 48 0 0
240 134 48 0 0
241 133 48 0 0
242 132 48 0 0
243 132 47 0 0
244 133 47 0 0
245 132 47 0 0
246 133 47 0 0
247 132 47 0 0
248 131 47 0 0
249 132 47 0 0
250 131 47 0 0
251 130 47 0 0
252 131 47 0 0
253 130 47 0 0
254 129 47 0 0
255 129 46 0 0
256 130 46 0 0
257 129 46 0 0
258 130 46 0 0
259 129 46 0 0
260 128 46 0 0
261 127 46 0 0
262 128 46 0 0
263 127 46 0 0
264 128 46 0 0
265 127 46 0 0
266 127 45 0 0
267 126 45 0 0
268 127 45 0 0
269 126 45 0 0
270 127 45 0 0
271 126 45 0 0
272 125 45 0 0
273 124 45 0 0
274 124 44 0 0
275 125 44 0 0
276 124 44 0 0
277 125 44 0 0
278 124 44 0 0
279 123 44 0 0
280 124 44 0 0
281 123 44 0 0
282 122 44 0 0
283 123 44 0 0
284 122 44 0 0
285 122 43 0 0
286 121 43 0 0
287 122 43 0 0
288 121 43 0 0
289 122 43 0 0
290 121 43 0 0
291 120 43 0 0
292 121 43 0 0
293 120 43 0 0
294 120 42 0 0
295 119 42 0 0
296 120 42 0 0
297 119 42 0 0
298 118 42 0 0
299 119 42 0 0
300 118 42 0 0
301 117 42 0 0
302 118 42 0 0
303 117 42 0 0
304 116 42 0 0
305 117 42 0 0
306 116 42 0 0
307 115 42 0 0
308 116 42 0 0
309 115 42 0 0
310 115 41 0 0
311 114 41 0 0
312 115 41 0 0
313 114 41 0 0
314 115 41 0 0
315 114 41 0 0
316 113 41 0 0
317 112 41 0 0
318 113 41 0 0
319 112 41 0 0
320 113 41 0 0
321 112 41 0 0
322 111 41 0 0
323 112 41 0 0
324 111 41 0 0
325 110 41 0 0
326 111 41 0 0
327 110 41 0 0
328 109 41 0 0
329 110 41 0 0
330 109 41 0 0
331 109 40 0 0
332 108 40 0 0
333 109 40 0 0
334 108 40 0 0
335 107 40 0 0
336 108 40 0 0
337 107 40 0 0
338 106 40 0 0
339 107 40 0 0
340 106 40 0 0
341 105 40 0 0
342 106 40 0 0
343 105 40 0 0
344 104 40 0 0
345 104 39 0 0
346 105 39 0 0
347 104 39 0 0
348 103 39 0 0
349 104 39 0 0
350 103 39 0 0
351 102 39 0 0
352 103 39 0 0
353 102 39 0 0
354 101 39 0 0
355 102 39 0 0
356 101 39 0 0
357 100 39 0 0
358 101 39 0 0
359 100 39 0 0
360 99 39 0 0
361 99 38 0 0
362 100 38 0 0
363 99 38 0 0
364 98 38 0 0
365 99 38 0 0
366 98 38 0 0
367 97 38 0 0
368 98 38 0 0
369 97 38 0 0
370 96 38 0 0
371 97 38 0 0
372 96 38 0 0
373 97 38 0 0
374 96 38 0 0
375 95 38 0 0
376 94 38 0 0
377 94 37 0 0
378 95 37 0 0
379 94 37 0 0
380 95 37 0 0
381 94 37 0 0
382 93 37 0 0
383 94 37 0 0
384 93 37 0 0
385 92 37 0 0
386 93 37 0 0
387 92 37 0 0
388 91 37 0 0
389 92 37 0 0
390 91 37 0 0
391 90 37 0 0
392 91 37 0 0
393 90 37 0 0
394 89 37 0 0
395 89 36 0 0
396 90 36 0 0
397 89 36 0 0
398 88 36 0 0
399 89 36 0 0
400 88 36 0 0
401 87 36 0 0
402 88 36 0 0
403 87 36 0 0
404 88 36 0 0
405 87 36 0 0
406 86 36 0 0
407 87 36 0 0
408 86 36 0 0
409 85 36 0 0
410 86 36 0 0
411 85 36 0 0
412 84 36 0 0
413 84 35 0 0
414 85 35 0 0
415 84 35 0 0
416 83 35 0 0
417 84 35 0 0
418 83 35 0 0
419 82 35 0 0
420 83 35 0 0
421 82 35 0 0
422 81 35 0 0
423 82 35 0 0
424 81 35 0 0
425 80 35 0 0
426 81 35 0 0
427 80 35 0 0
428 79 35 0 0
429 80 35 0 0
430 79 35 0 0
431 79 34 0 0
432 80 34 0 0
433 79 34 0 0
434 78 34 0 0
435 77 34 0 0
436 78 34 0 0
437 77 34 0 0
438 78 34 0 0
439 77 34 0 0
440 76 34 0 0
441 77 34 0 0
442 76 34 0 0
443 75 34 0 0
444 76 34 0 0
445 75 34 0 0
446 74 34 0 0
447 75 34 0 0
448 74 34 0 0
449 73 34 0 0
450 74 34 0 0
451 73 34 0 0
452 72 34 0 0
453 73 34 0 0
454 72 34 0 0
455 73 34 0 0
456 72 34 0 0
457 71 34 0 0
458 72 34 0 0
459 71 34 0 0
460 70 34 0 0
461 71 34 0 0
462 70 34 0 0
463 69 34 0 0
464 70 34 0 0
465 69 34 0 0
466 68 34 0 0
467 69 34 0 0
468 68 34 0 0
469 67 34 0 0
470 68 34 0 0
471 67 34 0 0
472 66 34 0 0
473 67 34 0 0
474 66 34 0 0
475 65 34 0 0
476 66 34 0 0
477 65 34 0 0
478 66 34 0 0
479 65 34 0 0
480 64 34 0 0
481 65 34 0 0
482 64 34 0 0
483 63 34 0 0
484 64 34 0 0
485 63 34 0 0
486 62 34 0 0
487 63 34 0 0
488 62 34 0 0
489 61 34 0 0
490 62 34 0 0
491 61 34 0 0
492 62 34 0 0
493 61 34 0 0
494 60 34 0 0
495 59 34 0 0
496 60 34 0 0
497 59 34 0 0
498 60 34 0 0
499 59 34 0 0
500 58 34 0 0
501 59 34 0 0
502 58 34 0 0
503 57 34 0 0
504 58 34 0 0
505 57 34 0 0
506 56 34 0 0
507 57 34 0 0
508 56 34 0 0
509 55 34 0 0
510 55 33 0 0
511 56 33 0 0
512 55 33 0 0
513 54 33 0 0
514 55 33 0 0
515 54 33 0 0
516 55 33 0 0
517 54 33 0 0
518 53 33 0 0
519 54 33 0 0
520 53 33 0 0
521 52 33 0 0
522 53 33 0 0
523 52 33 0 0
524 51 33 0 0
525 52 33 0 0
526 51 33 0 0
527 52 33 0 0
528 51 33 0 0
529 50 33 0 0
530 51 33 0 0
531 50 33 0 0
532 49 33 0 0
533 50 33 0 0
534 49 33 0 0
535 48 33 0 0
536 49 33 0 0
537 48 33 0 0
538 47 33 0 0
539 48 33 0 0
540 47 33 0 0
541 48 33 0 0
542 47 33 0 0
543 46 33 0 0
544 47 33 0 0
545 46 33 0 0
546 45 33 0 0
547 46 33 0 0
548 45 33 0 0
549 44 33 0 0
550 44 32 0 0
551 45 32 0 0
552 44 32 0 0
553 45 32 0 0
554 44 32 0 0
555 43 32 0 0
556 44 32 0 0
557 43 32 0 0
558 42 32 0 0
559 43 32 0 0
560 42 32 0 0
561 41 32 0 0
562 42 32 0 0
563 41 32 0 0
564 40 32 0 0
565 41 32 0 0
566 40 32 0 0
567 41 32 0 0
568 40 32 0 0
569 39 32 0 0
570 40 32 0 0
571 39 32 0 0
572 38 32 0 0
573 39 32 0 0
574 38 32 0 0
575 39 32 0 0
576 38 32 0 0
577 37 32 0 0
578 38 32 0 0
579 37 32 0 0
580 36 32 0 0
581 36 31 0 0
582 37 31 0 0
583 36 31 0 0
584 35 31 0 0
585 36 31 0 0
586 35 31 0 0
587 36 31 0 0
588 35 31 0 0
589 34 31 0 0
590 35 31 0 0
591 34 31 0 0
592 33 31 0 0
593 34 31 0 0
594 33 31 0 0
595 32 31 0 0
596 33 31 0 0
597 32 31 0 0
598 33 31 0 0
599 32 31 0 0
600 31 31 0 0
601 32 31 0 0
602 31 31 0 0
603 30 31 0 0
604 31 31 0 0
605 30 31 0 0
606 29 31 0 0
607 30 31 0 0
608 29 31 0 0
609 28 31 0 0
610 28 30 0 0
611 29 30 0 0
612 28 30 0 0
613 29 30 0 0
614 28 30 0 0
615 27 30 0 0
616 28 30 0 0
617 27 30 0 0
618 26 30 0 0
619 27 30 0 0
620 26 30 0 0
621 25 30 0 0
622 26 30 0 0
623 25 30 0 0
624 26 30 0 0
625 25 30 0 0
626 24 30 0 0
627 25 30 0 0
628 24 30 0 0
629 23 30 0 0
630 24 30 0 0
631 23 30 0 0
632 22 30 0 0
633 23 30 0 0
634 22 30 0 0
635 21 30 0 0
636 22 30 0 0
637 21 30 0 0
638 22 30 0 0
639 21 30 0 0
640 21 29 0 0
641 20 29 0 0
642 21 29 0 0
643 20 29 0 0
644 19 29 0 0
645 20 29 0 0
646 19 29 0 0
647 20 29 0 0
648 19 29 0 0
649 18 29 0 0
650 19 29 0 0
651 18 29 0 0
652 19 29 0 0
653 18 29 0 0
654 17 29 0 0
655 18 29 0 0
656 17 29 0 0
657 18 29 0 0
658 17 29 0 0
659 16 29 0 0
660 17 29 0 0
661 16 29 0 0
662 15 29 0 0
663 15 28 0 0
664 16 28 0 0
665 15 28 0 0
666 16 28 0 0
667 15 28 0 0
668 14 28 0 0
669 15 28 0 0
670 14 28 0 0
671 15 28 0 0
672 14 28 0 0
673 13 28 0 0
674 14 28 0 0
675 13 28 0 0
676 12 28 0 0
677 13 28 0 0
678 12 28 0 0
679 13 28 0 0
680 12 28 0 0
681 12 27 0 0
682 11 27 0 0
683 12 27 0 0
684 11 27 0 0
685 12 27 0 0
686 11 27 0 0
687 10 27 0 0
688 11 27 0 0
689 10 27 0 0
690 11 27 0 0
691 10 27 0 0
692 9 27 0 0
693 10 27 0 0
694 9 27 0 0
695 10 27 0 0
696 9 27 0 0
697 8 27 0 0
698 8 26 0 0
699 9 26 0 0
700 8 26 0 0
701 7 26 0 0
702 8 26 0 0
703 7 26 0 0
704 8 26 0 0
705 7 26 0 0
706 6 26 0 0
707 7 26 0 0
708 6 26 0 0
709 7 26 0 0
710 6 26 0 0
711 5 26 0 0
712 6 26 0 0
713 5 26 0 0
714 4 26 0 0
715 4 25 0 0
716 5 25 0 0
717 4 25 0 0
718 5 25 0 0
719 4 25 0 0
720 3 25 0 0
721 4 25 0 0
722 3 25 0 0
723 4 25 0 0
724 3 25 0 0
725 2 25 0 0
726 3 25 0 0
727 2 25 0 0
728 3 25 0 0
729 2 25 0 0
730 3 25 0 0
731 2 25 0 0
732 3 25 0 0
733 2 25 0 0
734 2 24 0 0
