0 29 4 0 0
1 30 4 0 0
2 29 4 0 0
3 30 4 0 0
4 29 4 0 0
5 30 4 0 0
6 31 4 0 0
7 30 4 0 0
8 31 4 0 0
9 30 4 0 0
10 31 4 0 0
11 30 4 0 0
12 30 5 0 0
13 31 5 0 0
14 30 5 0 0
15 31 5 0 0
16 32 5 0 0
17 31 5 0 0
18 31 6 0 0
19 32 6 0 0
20 31 6 0 0
21 32 6 0 0
22 31 6 0 0
23 32 6 0 0
24 31 6 0 0
25 31 7 0 0
26 32 7 0 0
27 33 7 0 0
28 32 7 0 0
29 33 7 0 0
30 32 7 0 0
31 33 7 0 0
32 32 7 0 0
33 32 8 0 0
34 33 8 0 0
35 34 8 0 0
36 33 8 0 0
37 34 8 0 0
38 33 8 0 0
39 34 8 0 0
40 33 8 0 0
41 33 9 0 0
42 34 9 0 0
43 35 9 0 0
44 34 9 0 0
45 35 9 0 0
46 34 9 0 0
47 34 10 0 0
48 35 10 0 0
49 34 10 0 0
50 35 10 0 0
51 34 10 0 0
52 35 10 0 0
53 36 10 0 0
54 35 10 0 0
55 35 11 0 0
56 36 11 0 0
57 35 11 0 0
58 36 11 0 0
59 35 11 0 0
60 36 11 0 0
61 36 12 0 0
62 37 12 0 0
63 36 12 0 0
64 37 12 0 0
65 36 12 0 0
66 37 12 0 0
67 36 12 0 0
68 37 12 0 0
69 36 12 0 0
70 36 13 0 0
71 37 13 0 0
72 38 13 0 0
73 37 13 0 0
74 38 13 0 0
75 37 13 0 0
76 37 14 0 0
77 38 14 0 0
78 37 14 0 0
79 38 14 0 0
80 39 14 0 0
81 38 14 0 0
82 39 14 0 0
83 38 14 0 0
84 38 15 0 0
85 39 15 0 0
86 40 15 0 0
87 39 15 0 0
88 40 15 0 0
89 39 15 0 0
90 39 16 0 0
91 40 16 0 0
92 41 16 0 0
93 40 16 0 0
94 41 16 0 0
95 42 16 0 0
96 41 16 0 0
97 42 16 0 0
98 41 16 0 0
99 41 17 0 0
100 42 17 0 0
101 43 17 0 0
102 42 17 0 0
103 43 17 0 0
104 44 17 0 0
105 43 17 0 0
106 43 18 0 0
107 44 18 0 0
108 43 18 0 0
109 44 18 0 0
110 45 18 0 0
111 44 18 0 0
112 44 19 0 0
113 45 19 0 0
114 46 19 0 0
115 45 19 0 0
116 46 19 0 0
117 45 19 0 0
118 46 19 0 0
119 46 20 0 0
120 47 20 0 0
121 46 20 0 0
122 47 20 0 0
123 48 20 0 0
124 47 20 0 0
125 47 21 0 0
126 48 21 0 0
127 47 21 0 0
128 48 21 0 0
129 49 21 0 0
130 48 21 0 0
131 49 21 0 0
132 49 22 0 0
133 50 22 0 0
134 49 22 0 0
135 50 22 0 0
136 49 22 0 0
137 50 22 0 0
138 51 22 0 0
139 50 22 0 0
140 51 22 0 0
141 51 23 0 0
142 52 23 0 0
143 51 23 0 0
144 52 23 0 0
145 51 23 0 0
146 52 23 0 0
147 52 24 0 0
148 53 24 0 0
149 52 24 0 0
150 53 24 0 0
151 54 24 0 0
152 53 24 0 0
153 54 24 0 0
154 53 24 0 0
155 53 25 0 0
156 54 25 0 0
157 55 25 0 0
158 54 25 0 0
159 55 25 0 0
160 54 25 0 0
161 55 25 0 0
162 55 26 0 0
163 56 26 0 0
164 55 26 0 0
165 56 26 0 0
166 57 26 0 0
167 56 26 0 0
168 57 26 0 0
169 56 26 0 0
170 57 26 0 0
171 58 26 0 0
172 57 26 0 0
173 58 26 0 0
174 57 26 0 0
175 58 26 0 0
176 59 26 0 0
177 58 26 0 0
178 59 26 0 0
179 60 26 0 0
180 59 26 0 0
181 60 26 0 0
182 59 26 0 0
183 60 26 0 0
184 61 26 0 0
185 60 26 0 0
186 61 26 0 0
187 62 26 0 0
188 61 26 0 0
189 61 27 0 0
190 62 27 0 0
191 61 27 0 0
192 62 27 0 0
193 63 27 0 0
194 62 27 0 0
195 63 27 0 0
196 62 27 0 0
197 63 27 0 0
198 64 27 0 0
199 63 27 0 0
200 64 27 0 0
201 65 27 0 0
202 64 27 0 0
203 65 27 0 0
204 66 27 0 0
205 65 27 0 0
206 66 27 0 0
207 65 27 0 0
208 66 27 0 0
209 67 27 0 0
210 66 27 0 0
211 67 27 0 0
212 68 27 0 0
213 67 27 0 0
214 68 27 0 0
215 67 27 0 0
216 68 27 0 0
217 68 28 0 0
218 69 28 0 0
219 68 28 0 0
220 69 28 0 0
221 70 28 0 0
222 69 28 0 0
223 70 28 0 0
224 69 28 0 0
225 70 28 0 0
226 71 28 0 0
227 70 28 0 0
228 71 28 0 0
229 72 28 0 0
230 71 28 0 0
231 72 28 0 0
232 73 28 0 0
233 72 28 0 0
234 73 28 0 0
235 72 28 0 0
236 73 28 0 0
237 74 28 0 0
238 73 28 0 0
239 74 28 0 0
240 75 28 0 0
241 74 28 0 0
242 75 28 0 0
243 76 28 0 0
244 75 28 0 0
245 76 28 0 0
246 77 28 0 0
247 76 28 0 0
248 77 28 0 0
249 76 28 0 0
250 77 28 0 0
251 78 28 0 0
252 79 28 0 0
253 78 28 0 0
254 79 28 0 0
255 78 28 0 0
256 79 28 0 0
257 80 28 0 0
258 79 28 0 0
259 80 28 0 0
260 79 28 0 0
261 80 28 0 0
262 81 28 0 0
263 81 29 0 0
264 82 29 0 0
265 81 29 0 0
266 82 29 0 0
267 81 29 0 0
268 82 29 0 0
269 83 29 0 0
270 82 29 0 0
271 83 29 0 0
272 82 29 0 0
273 83 29 0 0
274 84 29 0 0
275 85 29 0 0
276 84 29 0 0
277 85 29 0 0
278 84 29 0 0
279 85 29 0 0
280 86 29 0 0
281 85 29 0 0
282 86 29 0 0
283 87 29 0 0
284 86 29 0 0
285 87 29 0 0
286 88 29 0 0
287 87 29 0 0
288 88 29 0 0
289 87 29 0 0
290 88 29 0 0
291 89 29 0 0
292 88 29 0 0
293 89 29 0 0
294 90 29 0 0
295 89 29 0 0
296 90 29 0 0
297 91 29 0 0
298 90 29 0 0
299 91 29 0 0
300 92 29 0 0
301 91 29 0 0
302 92 29 0 0
303 91 29 0 0
304 92 29 0 0
305 93 29 0 0
306 92 29 0 0
307 93 29 0 0
308 94 29 0 0
309 93 29 0 0
310 94 29 0 0
311 93 29 0 0
312 94 29 0 0
313 95 29 0 0
314 94 29 0 0
315 95 29 0 0
316 94 29 0 0
317 95 29 0 0
318 96 29 0 0
319 95 29 0 0
320 96 29 0 0
321 95 29 0 0
322 96 29 0 0
323 97 29 0 0
324 96 29 0 0
325 97 29 0 0
326 98 29 0 0
327 97 29 0 0
328 98 29 0 0
329 97 29 0 0
330 98 29 0 0
331 99 29 0 0
332 98 29 0 0
333 99 29 0 0
334 100 29 0 0
335 99 29 0 0
336 100 29 0 0
337 99 29 0 0
338 100 29 0 0
339 101 29 0 0
340 100 29 0 0
341 101 29 0 0
342 102 29 0 0
343 101 29 0 0
344 102 29 0 0
345 101 29 0 0
346 102 29 0 0
347 103 29 0 0
348 102 29 0 0
349 103 29 0 0
350 104 29 0 0
351 103 29 0 0
352 104 29 0 0
353 103 29 0 0
354 104 29 0 0
355 105 29 0 0
356 104 29 0 0
357 105 29 0 0
358 104 29 0 0
359 105 29 0 0
360 106 29 0 0
361 105 29 0 0
362 106 29 0 0
363 105 29 0 0
364 106 29 0 0
365 107 29 0 0
366 106 29 0 0
367 107 29 0 0
368 106 29 0 0
369 107 29 0 0
370 108 29 0 0
371 107 29 0 0
372 108 29 0 0
373 107 29 0 0
374 108 29 0 0
375 109 29 0 0
376 108 29 0 0
377 109 29 0 0
378 110 29 0 0
379 109 29 0 0
380 110 29 0 0
381 109 29 0 0
382 110 29 0 0
383 111 29 0 0
384 110 29 0 0
385 111 29 0 0
386 112 29 0 0
387 111 29 0 0
388 112 29 0 0
389 111 29 0 0
390 112 29 0 0
391 113 29 0 0
392 112 29 0 0
393 113 29 0 0
394 112 29 0 0
395 113 29 0 0
396 114 29 0 0
397 113 29 0 0
398 114 29 0 0
399 113 29 0 0
400 114 29 0 0
401 115 29 0 0
402 114 29 0 0
403 115 29 0 0
404 114 29 0 0
405 115 29 0 0
406 116 29 0 0
407 115 29 0 0
408 116 29 0 0
409 116 30 0 0
410 117 30 0 0
411 116 30 0 0
412 117 30 0 0
413 116 30 0 0
414 117 30 0 0
415 118 30 0 0
416 117 30 0 0
417 118 30 0 0
418 117 30 0 0
419 118 30 0 0
420 117 30 0 0
421 118 30 0 0
422 119 30 0 0
423 118 30 0 0
424 119 30 0 0
425 120 30 0 0
426 119 30 0 0
427 120 30 0 0
428 119 30 0 0
429 120 30 0 0
430 121 30 0 0
431 120 30 0 0
432 121 30 0 0
433 120 30 0 0
434 121 30 0 0
435 122 30 0 0
436 121 30 0 0
437 122 30 0 0
438 121 30 0 0
439 122 30 0 0
440 123 30 0 0
441 122 30 0 0
442 123 30 0 0
443 122 30 0 0
444 123 30 0 0
445 124 30 0 0
446 123 30 0 0
447 124 30 0 0
448 124 31 0 0
449 125 31 0 0
450 124 31 0 0
451 125 31 0 0
452 124 31 0 0
453 125 31 0 0
454 126 31 0 0
455 125 31 0 0
456 125 32 0 0
457 126 32 0 0
458 127 32 0 0
459 126 32 0 0
460 127 32 0 0
461 126 32 0 0
462 127 32 0 0
463 128 32 0 0
464 127 32 0 0
465 127 33 0 0
466 128 33 0 0
467 129 33 0 0
468 128 33 0 0
469 129 33 0 0
470 128 33 0 0
471 129 33 0 0
472 130 33 0 0
473 129 33 0 0
474 129 34 0 0
475 130 34 0 0
476 131 34 0 0
477 130 34 0 0
478 131 34 0 0
479 132 34 0 0
480 131 34 0 0
481 132 34 0 0
482 131 34 0 0
483 131 35 0 0
484 132 35 0 0
485 133 35 0 0
486 132 35 0 0
487 133 35 0 0
488 132 35 0 0
489 133 35 0 0
490 134 35 0 0
491 133 35 0 0
492 133 36 0 0
493 134 36 0 0
494 135 36 0 0
495 134 36 0 0
496 135 36 0 0
497 134 36 0 0
498 135 36 0 0
499 136 36 0 0
500 135 36 0 0
501 135 37 0 0
502 136 37 0 0
503 137 37 0 0
504 136 37 0 0
505 137 37 0 0
506 136 37 0 0
507 137 37 0 0
508 138 37 0 0
509 137 37 0 0
510 138 37 0 0
511 138 38 0 0
512 139 38 0 0
513 138 38 0 0
514 139 38 0 0
515 138 38 0 0
516 139 38 0 0
517 140 38 0 0
518 139 38 0 0
519 140 38 0 0
520 140 39 0 0
521 141 39 0 0
522 140 39 0 0
523 141 39 0 0
524 140 39 0 0
525 141 39 0 0
526 142 39 0 0
527 141 39 0 0
528 142 39 0 0
529 142 40 0 0
530 143 40 0 0
531 142 40 0 0
532 143 40 0 0
533 142 40 0 0
534 143 40 0 0
535 144 40 0 0
536 143 40 0 0
537 144 40 0 0
538 144 41 0 0
539 145 41 0 0
540 144 41 0 0
541 145 41 0 0
542 144 41 0 0
543 145 41 0 0
544 146 41 0 0
545 145 41 0 0
546 146 41 0 0
547 146 42 0 0
548 147 42 0 0
549 146 42 0 0
550 147 42 0 0
551 146 42 0 0
552 147 42 0 0
553 148 42 0 0
554 147 42 0 0
555 147 43 0 0
556 148 43 0 0
557 149 43 0 0
558 148 43 0 0
559 149 43 0 0
560 148 43 0 0
561 149 43 0 0
562 150 43 0 0
563 149 43 0 0
564 150 43 0 0
565 151 43 0 0
566 150 43 0 0
567 150 44 0 0
568 151 44 0 0
569 152 44 0 0
570 151 44 0 0
571 152 44 0 0
572 151 44 0 0
573 152 44 0 0
574 151 44 0 0
575 152 44 0 0
576 152 45 0 0
577 153 45 0 0
578 152 45 0 0
579 153 45 0 0
580 154 45 0 0
581 153 45 0 0
582 154 45 0 0
583 153 45 0 0
584 154 45 0 0
585 154 46 0 0
586 155 46 0 0
587 154 46 0 0
588 155 46 0 0
589 154 46 0 0
590 155 46 0 0
591 156 46 0 0
592 155 46 0 0
593 156 46 0 0
594 156 47 0 0
595 157 47 0 0
596 156 47 0 0
597 157 47 0 0
598 156 47 0 0
599 157 47 0 0
600 156 47 0 0
601 157 47 0 0
602 158 47 0 0
603 157 47 0 0
604 157 48 0 0
605 158 48 0 0
606 157 48 0 0
607 158 48 0 0
608 159 48 0 0
609 158 48 0 0
610 159 48 0 0
611 160 48 0 0
612 159 48 0 0
613 159 49 0 0
614 160 49 0 0
615 159 49 0 0
616 160 49 0 0
617 161 49 0 0
618 160 49 0 0
619 161 49 0 0
620 162 49 0 0
621 161 49 0 0
622 161 50 0 0
623 162 50 0 0
624 161 50 0 0
625 162 50 0 0
626 161 50 0 0
627 162 50 0 0
628 163 50 0 0
629 162 50 0 0
630 163 50 0 0
631 162 50 0 0
632 163 50 0 0
633 164 50 0 0
634 163 50 0 0
635 163 51 0 0
636 164 51 0 0
637 165 51 0 0
638 164 51 0 0
639 165 51 0 0
640 164 51 0 0
641 165 51 0 0
642 166 51 0 0
643 165 51 0 0
644 165 52 0 0
645 166 52 0 0
646 167 52 0 0
647 166 52 0 0
648 167 52 0 0
649 166 52 0 0
650 167 52 0 0
651 168 52 0 0
652 167 52 0 0
653 168 52 0 0
654 169 52 0 0
655 168 52 0 0
656 169 52 0 0
657 170 52 0 0
658 169 52 0 0
659 169 53 0 0
660 170 53 0 0
661 171 53 0 0
662 170 53 0 0
663 171 53 0 0
664 170 53 0 0
665 171 53 0 0
666 172 53 0 0
667 173 53 0 0
668 172 53 0 0
669 173 53 0 0
670 172 53 0 0
671 173 53 0 0
672 174 53 0 0
673 173 53 0 0
674 174 53 0 0
675 175 53 0 0
676 174 53 0 0
677 174 54 0 0
678 175 54 0 0
679 176 54 0 0
680 175 54 0 0
681 176 54 0 0
682 177 54 0 0
683 176 54 0 0
684 177 54 0 0
685 178 54 0 0
686 177 54 0 0
687 178 54 0 0
688 179 54 0 0
689 178 54 0 0
690 179 54 0 0
691 178 54 0 0
692 179 54 0 0
693 180 54 0 0
694 179 54 0 0
695 180 54 0 0
696 181 54 0 0
697 180 54 0 0
698 181 54 0 0
699 182 54 0 0
700 181 54 0 0
701 182 54 0 0
702 183 54 0 0
703 182 54 0 0
704 183 54 0 0
705 182 54 0 0
706 182 55 0 0
707 183 55 0 0
708 184 55 0 0
709 183 55 0 0
710 184 55 0 0
711 185 55 0 0
712 184 55 0 0
713 185 55 0 0
714 186 55 0 0
715 185 55 0 0
716 186 55 0 0
717 187 55 0 0
718 186 55 0 0
719 187 55 0 0
720 186 55 0 0
721 187 55 0 0
722 188 55 0 0
723 187 55 0 0
724 188 55 0 0
725 189 55 0 0
726 188 55 0 0
727 189 55 0 0
728 188 55 0 0
729 189 55 0 0
730 190 55 0 0
731 189 55 0 0
732 190 55 0 0
733 191 55 0 0
734 190 55 0 0
735 191 55 0 0
736 192 55 0 0
737 191 55 0 0
738 192 55 0 0
739 191 55 0 0
740 192 55 0 0
741 191 55 0 0
742 192 55 0 0
743 193 55 0 0
744 192 55 0 0
745 193 55 0 0
