0 30 2 0 0
1 30 3 0 0
2 31 3 0 0
3 30 3 0 0
4 31 3 0 0
5 32 3 0 0
6 31 3 0 0
7 31 4 0 0
8 32 4 0 0
9 31 4 0 0
10 32 4 0 0
11 31 4 0 0
12 32 4 0 0
13 32 5 0 0
14 33 5 0 0
15 32 5 0 0
16 33 5 0 0
17 32 5 0 0
18 33 5 0 0
19 32 5 0 0
20 33 5 0 0
21 32 5 0 0
22 32 6 0 0
23 33 6 0 0
24 34 6 0 0
25 33 6 0 0
26 34 6 0 0
27 33 6 0 0
28 33 7 0 0
29 34 7 0 0
30 33 7 0 0
31 34 7 0 0
32 35 7 0 0
33 34 7 0 0
34 34 8 0 0
35 35 8 0 0
36 34 8 0 0
37 35 8 0 0
38 34 8 0 0
39 35 8 0 0
40 36 8 0 0
41 35 8 0 0
42 36 8 0 0
43 35 8 0 0
44 35 9 0 0
45 36 9 0 0
46 35 9 0 0
47 36 9 0 0
48 37 9 0 0
49 36 9 0 0
50 36 10 0 0
51 37 10 0 0
52 36 10 0 0
53 37 10 0 0
54 36 10 0 0
55 37 10 0 0
56 37 11 0 0
57 38 11 0 0
58 37 11 0 0
59 38 11 0 0
60 37 11 0 0
61 38 11 0 0
62 37 11 0 0
63 38 11 0 0
64 37 11 0 0
65 37 12 0 0
66 38 12 0 0
67 39 12 0 0
68 38 12 0 0
69 39 12 0 0
70 38 12 0 0
71 38 13 0 0
72 39 13 0 0
73 38 13 0 0
74 39 13 0 0
75 40 13 0 0
76 39 13 0 0
77 39 14 0 0
78 40 14 0 0
79 39 14 0 0
80 40 14 0 0
81 39 14 0 0
82 40 14 0 0
83 41 14 0 0
84 40 14 0 0
85 40 15 0 0
86 41 15 0 0
87 40 15 0 0
88 41 15 0 0
89 40 15 0 0
90 41 15 0 0
91 40 15 0 0
92 40 16 0 0
93 41 16 0 0
94 42 16 0 0
95 41 16 0 0
96 42 16 0 0
97 41 16 0 0
98 42 16 0 0
99 42 17 0 0
100 43 17 0 0
101 42 17 0 0
102 43 17 0 0
103 42 17 0 0
104 43 17 0 0
105 42 17 0 0
106 43 17 0 0
107 44 17 0 0
108 43 17 0 0
109 44 17 0 0
110 43 17 0 0
111 43 18 0 0
112 44 18 0 0
113 45 18 0 0
114 44 18 0 0
115 45 18 0 0
116 44 18 0 0
117 45 18 0 0
118 46 18 0 0
119 45 18 0 0
120 46 18 0 0
121 45 18 0 0
122 46 18 0 0
123 46 19 0 0
124 47 19 0 0
125 46 19 0 0
126 47 19 0 0
127 46 19 0 0
128 47 19 0 0
129 48 19 0 0
130 47 19 0 0
131 48 19 0 0
132 47 19 0 0
133 48 19 0 0
134 47 19 0 0
135 48 19 0 0
136 48 20 0 0
137 49 20 0 0
138 48 20 0 0
139 49 20 0 0
140 50 20 0 0
141 49 20 0 0
142 50 20 0 0
143 49 20 0 0
144 50 20 0 0
145 49 20 0 0
146 50 20 0 0
147 51 20 0 0
148 50 20 0 0
149 50 21 0 0
150 51 21 0 0
151 52 21 0 0
152 51 21 0 0
153 52 21 0 0
154 51 21 0 0
155 52 21 0 0
156 51 21 0 0
157 52 21 0 0
158 53 21 0 0
159 52 21 0 0
160 53 21 0 0
161 52 21 0 0
162 52 22 0 0
163 53 22 0 0
164 54 22 0 0
165 53 22 0 0
166 54 22 0 0
167 53 22 0 0
168 54 22 0 0
169 55 22 0 0
170 54 22 0 0
171 55 22 0 0
172 54 22 0 0
173 55 22 0 0
174 56 22 0 0
175 55 22 0 0
176 55 23 0 0
177 56 23 0 0
178 55 23 0 0
179 56 23 0 0
180 57 23 0 0
181 56 23 0 0
182 57 23 0 0
183 58 23 0 0
184 57 23 0 0
185 58 23 0 0
186 57 23 0 0
187 58 23 0 0
188 59 23 0 0
189 58 23 0 0
190 59 23 0 0
191 60 23 0 0
192 59 23 0 0
193 60 23 0 0
194 59 23 0 0
195 60 23 0 0
196 61 23 0 0
197 60 23 0 0
198 61 23 0 0
199 62 23 0 0
200 61 23 0 0
201 62 23 0 0
202 63 23 0 0
203 62 23 0 0
204 63 23 0 0
205 62 23 0 0
206 63 23 0 0
207 64 23 0 0
208 63 23 0 0
209 64 23 0 0
210 65 23 0 0
211 64 23 0 0
212 64 24 0 0
213 65 24 0 0
214 64 24 0 0
215 65 24 0 0
216 66 24 0 0
217 65 24 0 0
218 66 24 0 0
219 65 24 0 0
220 66 24 0 0
221 67 24 0 0
222 66 24 0 0
223 67 24 0 0
224 68 24 0 0
225 67 24 0 0
226 68 24 0 0
227 69 24 0 0
228 68 24 0 0
229 69 24 0 0
230 70 24 0 0
231 69 24 0 0
232 70 24 0 0
233 69 24 0 0
234 70 24 0 0
235 71 24 0 0
236 70 24 0 0
237 71 24 0 0
238 72 24 0 0
239 71 24 0 0
240 72 24 0 0
241 71 24 0 0
242 71 25 0 0
243 72 25 0 0
244 73 25 0 0
245 72 25 0 0
246 73 25 0 0
247 72 25 0 0
248 73 25 0 0
249 74 25 0 0
250 73 25 0 0
251 74 25 0 0
252 75 25 0 0
253 74 25 0 0
254 75 25 0 0
255 74 25 0 0
256 75 25 0 0
257 76 25 0 0
258 75 25 0 0
259 76 25 0 0
260 77 25 0 0
261 76 25 0 0
262 77 25 0 0
263 76 25 0 0
264 77 25 0 0
265 78 25 0 0
266 77 25 0 0
267 78 25 0 0
268 78 26 0 0
269 79 26 0 0
270 78 26 0 0
271 79 26 0 0
272 78 26 0 0
273 79 26 0 0
274 80 26 0 0
275 79 26 0 0
276 80 26 0 0
277 81 26 0 0
278 80 26 0 0
279 81 26 0 0
280 82 26 0 0
281 81 26 0 0
282 82 26 0 0
283 81 26 0 0
284 82 26 0 0
285 83 26 0 0
286 82 26 0 0
287 83 26 0 0
288 82 26 0 0
289 83 26 0 0
290 84 26 0 0
291 83 26 0 0
292 84 26 0 0
293 85 26 0 0
294 84 26 0 0
295 85 26 0 0
296 84 26 0 0
297 84 27 0 0
298 85 27 0 0
299 86 27 0 0
300 85 27 0 0
301 86 27 0 0
302 87 27 0 0
303 86 27 0 0
304 87 27 0 0
305 86 27 0 0
306 87 27 0 0
307 88 27 0 0
308 87 27 0 0
309 88 27 0 0
310 87 27 0 0
311 88 27 0 0
312 89 27 0 0
313 88 27 0 0
314 89 27 0 0
315 90 27 0 0
316 89 27 0 0
317 90 27 0 0
318 89 27 0 0
319 90 27 0 0
320 91 27 0 0
321 90 27 0 0
322 91 27 0 0
323 92 27 0 0
324 91 27 0 0
325 91 28 0 0
326 92 28 0 0
327 93 28 0 0
328 92 28 0 0
329 93 28 0 0
330 92 28 0 0
331 93 28 0 0
332 94 28 0 0
333 95 28 0 0
334 94 28 0 0
335 95 28 0 0
336 94 28 0 0
337 95 28 0 0
338 96 28 0 0
339 95 28 0 0
340 96 28 0 0
341 97 28 0 0
342 96 28 0 0
343 97 28 0 0
344 98 28 0 0
345 97 28 0 0
346 98 28 0 0
347 99 28 0 0
348 98 28 0 0
349 99 28 0 0
350 100 28 0 0
351 99 28 0 0
352 99 29 0 0
353 100 29 0 0
354 99 29 0 0
355 100 29 0 0
356 101 29 0 0
357 102 29 0 0
358 101 29 0 0
359 102 29 0 0
360 101 29 0 0
361 102 29 0 0
362 103 29 0 0
363 102 29 0 0
364 103 29 0 0
365 104 29 0 0
366 103 29 0 0
367 104 29 0 0
368 105 29 0 0
369 104 29 0 0
370 105 29 0 0
371 106 29 0 0
372 105 29 0 0
373 106 29 0 0
374 107 29 0 0
375 106 29 0 0
376 107 29 0 0
377 106 29 0 0
378 107 29 0 0
379 108 29 0 0
380 107 29 0 0
381 108 29 0 0
382 109 29 0 0
383 108 29 0 0
384 109 29 0 0
385 110 29 0 0
386 109 29 0 0
387 110 29 0 0
388 110 30 0 0
389 111 30 0 0
390 110 30 0 0
391 111 30 0 0
392 110 30 0 0
393 111 30 0 0
394 112 30 0 0
395 111 30 0 0
396 112 30 0 0
397 111 30 0 0
398 111 31 0 0
399 112 31 0 0
400 113 31 0 0
401 112 31 0 0
402 113 31 0 0
403 112 31 0 0
404 113 31 0 0
405 114 31 0 0
406 113 31 0 0
407 114 31 0 0
408 115 31 0 0
409 114 31 0 0
410 114 32 0 0
411 115 32 0 0
412 114 32 0 0
413 115 32 0 0
414 116 32 0 0
415 115 32 0 0
416 116 32 0 0
417 115 32 0 0
418 116 32 0 0
419 117 32 0 0
420 116 32 0 0
421 117 32 0 0
422 116 32 0 0
423 116 33 0 0
424 117 33 0 0
425 118 33 0 0
426 117 33 0 0
427 118 33 0 0
428 119 33 0 0
429 118 33 0 0
430 119 33 0 0
431 118 33 0 0
432 119 33 0 0
433 120 33 0 0
434 119 33 0 0
435 119 34 0 0
436 120 34 0 0
437 121 34 0 0
438 120 34 0 0
439 121 34 0 0
440 120 34 0 0
441 121 34 0 0
442 122 34 0 0
443 121 34 0 0
444 122 34 0 0
445 121 34 0 0
446 122 34 0 0
447 122 35 0 0
448 123 35 0 0
449 122 35 0 0
450 123 35 0 0
451 122 35 0 0
452 123 35 0 0
453 124 35 0 0
454 123 35 0 0
455 124 35 0 0
456 123 35 0 0
457 124 35 0 0
458 125 35 0 0
459 124 35 0 0
460 124 36 0 0
461 125 36 0 0
462 126 36 0 0
463 125 36 0 0
464 126 36 0 0
465 125 36 0 0
466 126 36 0 0
467 127 36 0 0
468 126 36 0 0
469 127 36 0 0
470 128 36 0 0
471 127 36 0 0
472 128 36 0 0
473 127 36 0 0
474 128 36 0 0
475 128 37 0 0
476 129 37 0 0
477 128 37 0 0
478 129 37 0 0
479 128 37 0 0
480 129 37 0 0
481 130 37 0 0
482 129 37 0 0
483 130 37 0 0
484 131 37 0 0
485 130 37 0 0
486 131 37 0 0
487 130 37 0 0
488 131 37 0 0
489 132 37 0 0
490 131 37 0 0
491 132 37 0 0
492 133 37 0 0
493 132 37 0 0
494 133 37 0 0
495 132 37 0 0
496 132 38 0 0
497 133 38 0 0
498 134 38 0 0
499 133 38 0 0
500 134 38 0 0
501 133 38 0 0
502 134 38 0 0
503 135 38 0 0
504 134 38 0 0
505 135 38 0 0
506 136 38 0 0
507 135 38 0 0
508 136 38 0 0
509 135 38 0 0
510 135 39 0 0
511 136 39 0 0
512 137 39 0 0
513 136 39 0 0
514 137 39 0 0
515 136 39 0 0
516 137 39 0 0
517 138 39 0 0
518 137 39 0 0
519 137 40 0 0
520 138 40 0 0
521 139 40 0 0
522 138 40 0 0
523 139 40 0 0
524 138 40 0 0
525 139 40 0 0
526 140 40 0 0
527 139 40 0 0
528 139 41 0 0
529 140 41 0 0
530 141 41 0 0
531 140 41 0 0
532 141 41 0 0
533 140 41 0 0
534 141 41 0 0
535 142 41 0 0
536 141 41 0 0
537 141 42 0 0
538 142 42 0 0
539 141 42 0 0
540 142 42 0 0
541 143 42 0 0
542 142 42 0 0
543 143 42 0 0
544 144 42 0 0
545 143 42 0 0
546 143 43 0 0
547 144 43 0 0
548 143 43 0 0
549 144 43 0 0
550 145 43 0 0
551 144 43 0 0
552 145 43 0 0
553 144 43 0 0
554 145 43 0 0
555 146 43 0 0
556 145 43 0 0
557 146 43 0 0
558 145 43 0 0
559 146 43 0 0
560 146 44 0 0
561 147 44 0 0
562 146 44 0 0
563 147 44 0 0
564 146 44 0 0
565 147 44 0 0
566 146 44 0 0
567 147 44 0 0
568 148 44 0 0
569 147 44 0 0
570 148 44 0 0
571 147 44 0 0
572 147 45 0 0
573 148 45 0 0
574 149 45 0 0
575 148 45 0 0
576 149 45 0 0
577 148 45 0 0
578 149 45 0 0
579 150 45 0 0
580 149 45 0 0
581 150 45 0 0
582 149 45 0 0
583 150 45 0 0
584 150 46 0 0
585 151 46 0 0
586 150 46 0 0
587 151 46 0 0
588 150 46 0 0
589 151 46 0 0
590 152 46 0 0
591 151 46 0 0
592 152 46 0 0
593 151 46 0 0
594 152 46 0 0
595 152 47 0 0
596 153 47 0 0
597 152 47 0 0
598 153 47 0 0
599 152 47 0 0
600 153 47 0 0
601 154 47 0 0
602 153 47 0 0
603 154 47 0 0
604 153 47 0 0
605 154 47 0 0
606 153 47 0 0
607 154 47 0 0
608 155 47 0 0
609 154 47 0 0
610 155 47 0 0
611 155 48 0 0
612 156 48 0 0
613 155 48 0 0
614 156 48 0 0
615 155 48 0 0
616 156 48 0 0
617 157 48 0 0
618 156 48 0 0
619 157 48 0 0
620 156 48 0 0
621 157 48 0 0
622 158 48 0 0
623 157 48 0 0
624 158 48 0 0
625 157 48 0 0
626 158 48 0 0
627 158 49 0 0
628 159 49 0 0
629 158 49 0 0
630 159 49 0 0
631 158 49 0 0
632 159 49 0 0
633 160 49 0 0
634 159 49 0 0
635 160 49 0 0
636 159 49 0 0
637 160 49 0 0
638 161 49 0 0
639 160 49 0 0
640 161 49 0 0
641 160 49 0 0
642 161 49 0 0
643 161 50 0 0
644 162 50 0 0
645 161 50 0 0
646 162 50 0 0
647 161 50 0 0
648 162 50 0 0
649 163 50 0 0
650 162 50 0 0
651 163 50 0 0
652 162 50 0 0
653 163 50 0 0
654 164 50 0 0
655 163 50 0 0
656 164 50 0 0
657 165 50 0 0
658 164 50 0 0
659 165 50 0 0
660 164 50 0 0
661 165 50 0 0
662 166 50 0 0
663 165 50 0 0
664 166 50 0 0
665 167 50 0 0
666 166 50 0 0
667 167 50 0 0
668 166 50 0 0
669 166 51 0 0
670 167 51 0 0
671 168 51 0 0
672 167 51 0 0
673 168 51 0 0
674 169 51 0 0
675 168 51 0 0
676 169 51 0 0
677 168 51 0 0
678 169 51 0 0
679 170 51 0 0
680 169 51 0 0
681 170 51 0 0
682 171 51 0 0
683 170 51 0 0
684 171 51 0 0
685 170 51 0 0
686 171 51 0 0
687 172 51 0 0
688 171 51 0 0
689 171 52 0 0
690 172 52 0 0
691 171 52 0 0
692 172 52 0 0
693 173 52 0 0
694 172 52 0 0
695 173 52 0 0
696 174 52 0 0
697 173 52 0 0
698 174 52 0 0
699 173 52 0 0
700 174 52 0 0
701 175 52 0 0
702 174 52 0 0
703 175 52 0 0
704 176 52 0 0
705 175 52 0 0
706 176 52 0 0
707 175 52 0 0
708 176 52 0 0
709 177 52 0 0
710 176 52 0 0
711 177 52 0 0
712 178 52 0 0
713 177 52 0 0
714 178 52 0 0
715 179 52 0 0
716 178 52 0 0
717 179 52 0 0
718 178 52 0 0
719 179 52 0 0
720 180 52 0 0
721 179 52 0 0
722 180 52 0 0
723 181 52 0 0
724 180 52 0 0
725 181 52 0 0
726 180 52 0 0
727 181 52 0 0
728 182 52 0 0
729 181 52 0 0
730 182 52 0 0
731 183 52 0 0
732 182 52 0 0
733 183 52 0 0
734 184 52 0 0
735 183 52 0 0
736 184 52 0 0
737 183 52 0 0
738 184 52 0 0
739 185 52 0 0
740 184 52 0 0
741 185 52 0 0
742 186 52 0 0
743 185 52 0 0
744 186 52 0 0
745 185 52 0 0
746 186 52 0 0
747 187 52 0 0
748 186 52 0 0
749 187 52 0 0
750 186 52 0 0
751 187 52 0 0
752 188 52 0 0
753 187 52 0 0
754 188 52 0 0
755 187 52 0 0
756 188 52 0 0
757 188 53 0 0
758 189 53 0 0
759 188 53 0 0
760 189 53 0 0
761 188 53 0 0
762 189 53 0 0
763 190 53 0 0
764 189 53 0 0
765 190 53 0 0
766 191 53 0 0
767 190 53 0 0
768 191 53 0 0
769 190 53 0 0
770 191 53 0 0
771 192 53 0 0
772 191 53 0 0
773 192 53 0 0
774 191 53 0 0
775 192 53 0 0
776 193 53 0 0
777 192 53 0 0
778 193 53 0 0
779 192 53 0 0
780 192 54 0 0
781 193 54 0 0
782 194 54 0 0
783 193 54 0 0
784 194 54 0 0
785 193 54 0 0
786 194 54 0 0
787 195 54 0 0
788 194 54 0 0
789 195 54 0 0
790 194 54 0 0
791 195 54 0 0
792 196 54 0 0
793 195 54 0 0
794 196 54 0 0
795 195 54 0 0
796 196 54 0 0
797 195 54 0 0
798 196 54 0 0
