0 19800 1400 0 0
1 19800 1600 0 0
2 19800 1800 0 0
3 19800 2000 0 0
4 19800 2200 0 0
5 19800 2400 0 0
6 19800 2600 0 0
7 19800 2800 0 0
8 19800 3000 0 0
9 20000 3000 0 0
10 20000 3200 0 0
11 20000 3400 0 0
12 20000 3600 0 0
13 20000 3800 0 0
14 20000 4000 0 0
15 20000 4200 0 0
16 20000 4400 0 0
17 20000 4600 0 0
18 20200 4600 0 0
19 20200 4800 0 0
20 20200 5000 0 0
21 20200 5200 0 0
22 20200 5400 0 0
23 20200 5600 0 0
24 20200 5800 0 0
25 20200 6000 0 0
26 20200 6200 0 0
27 20200 6400 0 0
28 20200 6600 0 0
29 20200 6800 0 0
30 20200 7000 0 0
31 20200 7200 0 0
32 20200 7400 0 0
33 20200 7600 0 0
34 20200 7800 0 0
35 20200 8000 0 0
36 20200 8200 0 0
37 20200 8400 0 0
38 20200 8600 0 0
39 20200 8800 0 0
40 20000 8800 0 0
41 20000 9000 0 0
42 20000 9200 0 0
43 20000 9400 0 0
44 20000 9600 0 0
45 20000 9800 0 0
46 20000 10000 0 0
47 20000 10200 0 0
48 20000 10400 0 0
49 20000 10600 0 0
50 20000 10800 0 0
51 20000 11000 0 0
52 20000 11200 0 0
53 20000 11400 0 0
54 20000 11600 0 0
55 20000 11800 0 0
56 20000 12000 0 0
57 20000 12200 0 0
58 20000 12400 0 0
59 20000 12600 0 0
60 20000 12800 0 0
61 20000 13000 0 0
62 20000 13200 0 0
63 20000 13400 0 0
64 20000 13600 0 0
65 20000 13800 0 0
66 20000 14000 0 0
67 20000 14200 0 0
68 20000 14400 0 0
69 20000 14600 0 0
70 20000 14800 0 0
71 20000 15000 0 0
72 20200 15000 0 0
73 20200 15200 0 0
74 20200 15400 0 0
75 20200 15600 0 0
76 20200 15800 0 0
77 20200 16000 0 0
78 20400 16000 0 0
79 20400 16200 0 0
80 20400 16400 0 0
81 20400 16600 0 0
82 20400 16800 0 0
83 20600 16800 0 0
84 20600 17000 0 0
85 20600 17200 0 0
86 20600 17400 0 0
87 20600 17600 0 0
88 20800 17600 0 0
89 20800 17800 0 0
90 20800 18000 0 0
91 20800 18200 0 0
92 21000 18200 0 0
93 21000 18400 0 0
94 21000 18600 0 0
95 21000 18800 0 0
96 21200 18800 0 0
97 21200 19000 0 0
98 21400 19000 0 0
99 21400 19200 0 0
100 21600 19200 0 0
101 21600 19400 0 0
102 21600 19600 0 0
103 21800 19600 0 0
104 21800 19800 0 0
105 21800 20000 0 0
106 22000 20000 0 0
107 22000 20200 0 0
108 22000 20400 0 0
109 22200 20400 0 0
110 22200 20600 0 0
111 22400 20600 0 0
112 22400 20800 0 0
113 22400 21000 0 0
114 22600 21000 0 0
115 22600 21200 0 0
116 22800 21200 0 0
117 23000 21200 0 0
118 23000 21400 0 0
119 23200 21400 0 0
120 23200 21600 0 0
121 23400 21600 0 0
122 23400 21800 0 0
123 23600 21800 0 0
124 23600 22000 0 0
125 23800 22000 0 0
126 23800 22200 0 0
127 24000 22200 0 0
128 24200 22200 0 0
129 24200 22400 0 0
130 24400 22400 0 0
131 24400 22600 0 0
132 24600 22600 0 0
133 24600 22800 0 0
134 24800 22800 0 0
135 25000 22800 0 0
136 25000 23000 0 0
137 25200 23000 0 0
138 25400 23000 0 0
139 25400 23200 0 0
140 25600 23200 0 0
141 25600 23400 0 0
142 25800 23400 0 0
143 26000 23400 0 0
144 26200 23400 0 0
145 26200 23600 0 0
146 26400 23600 0 0
147 26600 23600 0 0
148 26600 23800 0 0
149 26800 23800 0 0
150 27000 23800 0 0
151 27000 24000 0 0
152 27200 24000 0 0
153 27400 24000 0 0
154 27600 24000 0 0
155 27600 24200 0 0
156 27800 24200 0 0
157 28000 24200 0 0
158 28200 24200 0 0
159 28400 24200 0 0
160 28400 24400 0 0
161 28600 24400 0 0
162 28800 24400 0 0
163 29000 24400 0 0
164 29000 24600 0 0
165 29200 24600 0 0
166 29400 24600 0 0
167 29600 24600 0 0
168 29600 24800 0 0
169 29800 24800 0 0
170 30000 24800 0 0
171 30200 24800 0 0
172 30400 24800 0 0
173 30600 24800 0 0
174 30800 24800 0 0
175 31000 24800 0 0
176 31200 24800 0 0
177 31400 24800 0 0
178 31400 25000 0 0
179 31600 25000 0 0
180 31800 25000 0 0
181 32000 25000 0 0
182 32200 25000 0 0
183 32400 25000 0 0
184 32600 25000 0 0
185 32800 25000 0 0
186 32800 25200 0 0
187 33000 25200 0 0
188 33200 25200 0 0
189 33200 25400 0 0
190 33400 25400 0 0
191 33600 25400 0 0
192 33800 25400 0 0
193 34000 25400 0 0
194 34200 25400 0 0
195 34400 25400 0 0
196 34600 25400 0 0
197 34800 25400 0 0
198 35000 25400 0 0
199 35000 25200 0 0
200 35200 25200 0 0
201 35400 25200 0 0
202 35600 25200 0 0
203 35800 25200 0 0
204 36000 25200 0 0
205 36200 25200 0 0
206 36400 25200 0 0
207 36600 25200 0 0
208 36800 25200 0 0
209 37000 25200 0 0
210 37200 25200 0 0
211 37400 25200 0 0
212 37600 25200 0 0
213 37800 25200 0 0
214 37800 25000 0 0
215 38000 25000 0 0
216 38200 25000 0 0
217 38400 25000 0 0
218 38600 25000 0 0
