0 18200 1800 0 0
1 18200 2000 0 0
2 18000 2000 0 0
3 18000 2200 0 0
4 18000 2400 0 0
5 18000 2600 0 0
6 18000 2800 0 0
7 18000 3000 0 0
8 18000 3200 0 0
9 18000 3400 0 0
10 18000 3600 0 0
11 18000 3800 0 0
12 18000 4000 0 0
13 18000 4200 0 0
14 18000 4400 0 0
15 18000 4600 0 0
16 18000 4800 0 0
17 18000 5000 0 0
18 18000 5200 0 0
19 18000 5400 0 0
20 18000 5600 0 0
21 18000 5800 0 0
22 18000 6000 0 0
23 18000 6200 0 0
24 18000 6400 0 0
25 18000 6600 0 0
26 18000 6800 0 0
27 18000 7000 0 0
28 18000 7200 0 0
29 18000 7400 0 0
30 18000 7600 0 0
31 17800 7600 0 0
32 17800 7800 0 0
33 17800 8000 0 0
34 17800 8200 0 0
35 17800 8400 0 0
36 17800 8600 0 0
37 17800 8800 0 0
38 17800 9000 0 0
39 17800 9200 0 0
40 17800 9400 0 0
41 17800 9600 0 0
42 17800 9800 0 0
43 17800 10000 0 0
44 17800 10200 0 0
45 17800 10400 0 0
46 17800 10600 0 0
47 17800 10800 0 0
48 17800 11000 0 0
49 17800 11200 0 0
50 17800 11400 0 0
51 17800 11600 0 0
52 17800 11800 0 0
53 17600 11800 0 0
54 17600 12000 0 0
55 17600 12200 0 0
56 17600 12400 0 0
57 17600 12600 0 0
58 17600 12800 0 0
59 17600 13000 0 0
60 17600 13200 0 0
61 17600 13400 0 0
62 17600 13600 0 0
63 17600 13800 0 0
64 17600 14000 0 0
65 17600 14200 0 0
66 17600 14400 0 0
67 17600 14600 0 0
68 17600 14800 0 0
69 17800 14800 0 0
70 17800 15000 0 0
71 17800 15200 0 0
72 18000 15200 0 0
73 18000 15400 0 0
74 18000 15600 0 0
75 18200 15600 0 0
76 18200 15800 0 0
77 18200 16000 0 0
78 18200 16200 0 0
79 18400 16200 0 0
80 18400 16400 0 0
81 18400 16600 0 0
82 18600 16600 0 0
83 18600 16800 0 0
84 18600 17000 0 0
85 18600 17200 0 0
86 18800 17200 0 0
87 18800 17400 0 0
88 18800 17600 0 0
89 19000 17600 0 0
90 19000 17800 0 0
91 19000 18000 0 0
92 19000 18200 0 0
93 19200 18200 0 0
94 19200 18400 0 0
95 19200 18600 0 0
96 19200 18800 0 0
97 19400 18800 0 0
98 19400 19000 0 0
99 19600 19000 0 0
100 19600 19200 0 0
101 19600 19400 0 0
102 19600 19600 0 0
103 19600 19800 0 0
104 19800 19800 0 0
105 19800 20000 0 0
106 19800 20200 0 0
107 20000 20200 0 0
108 20000 20400 0 0
109 20000 20600 0 0
110 20200 20600 0 0
111 20200 20800 0 0
112 20400 20800 0 0
113 20400 21000 0 0
114 20600 21000 0 0
115 20600 21200 0 0
116 20800 21200 0 0
117 21000 21200 0 0
118 21000 21400 0 0
119 21200 21400 0 0
120 21200 21600 0 0
121 21400 21600 0 0
122 21400 21800 0 0
123 21600 21800 0 0
124 21800 21800 0 0
125 21800 22000 0 0
126 22000 22000 0 0
127 22000 22200 0 0
128 22200 22200 0 0
129 22400 22200 0 0
130 22400 22400 0 0
131 22600 22400 0 0
132 22600 22600 0 0
133 22800 22600 0 0
134 22800 22800 0 0
135 23000 22800 0 0
136 23200 22800 0 0
137 23200 23000 0 0
138 23400 23000 0 0
139 23400 23200 0 0
140 23600 23200 0 0
141 23600 23400 0 0
142 23800 23400 0 0
143 24000 23400 0 0
144 24000 23600 0 0
145 24200 23600 0 0
146 24200 23800 0 0
147 24400 23800 0 0
148 24400 24000 0 0
149 24600 24000 0 0
150 24800 24000 0 0
151 25000 24000 0 0
152 25200 24000 0 0
153 25400 24000 0 0
154 25600 24000 0 0
155 25800 24000 0 0
156 26000 24000 0 0
157 26000 24200 0 0
158 26200 24200 0 0
159 26400 24200 0 0
160 26600 24200 0 0
161 26800 24200 0 0
162 27000 24200 0 0
163 27200 24200 0 0
164 27400 24200 0 0
165 27400 24400 0 0
166 27600 24400 0 0
167 27800 24400 0 0
168 28000 24400 0 0
169 28200 24400 0 0
170 28400 24400 0 0
171 28600 24400 0 0
172 28800 24400 0 0
173 29000 24400 0 0
174 29200 24400 0 0
175 29400 24400 0 0
176 29600 24400 0 0
177 29800 24400 0 0
178 30000 24400 0 0
179 30200 24400 0 0
180 30400 24400 0 0
181 30600 24400 0 0
182 30800 24400 0 0
183 31000 24400 0 0
184 31200 24400 0 0
185 31400 24400 0 0
186 31600 24400 0 0
187 31600 24600 0 0
188 31800 24600 0 0
189 31800 24800 0 0
190 31800 25000 0 0
191 32000 25000 0 0
192 32000 25200 0 0
193 32000 25400 0 0
194 32200 25400 0 0
195 32400 25400 0 0
196 32600 25400 0 0
197 32800 25400 0 0
198 33000 25400 0 0
199 33200 25400 0 0
200 33400 25400 0 0
201 33600 25400 0 0
202 33800 25400 0 0
203 34000 25400 0 0
204 34200 25400 0 0
205 34400 25400 0 0
206 34600 25400 0 0
207 34800 25400 0 0
208 35000 25400 0 0
209 35200 25400 0 0
210 35400 25400 0 0
211 35600 25400 0 0
212 35800 25400 0 0
213 36000 25400 0 0
214 36000 25200 0 0
215 36200 25200 0 0
216 36400 25200 0 0
217 36600 25200 0 0
218 36800 25200 0 0
219 36800 25000 0 0
220 37000 25000 0 0
221 37200 25000 0 0
222 37400 25000 0 0
223 37600 25000 0 0
224 37800 25000 0 0
225 38000 25000 0 0
226 38200 25000 0 0
227 38400 25000 0 0
228 38600 25000 0 0
229 38800 25000 0 0
230 39000 25000 0 0
231 39200 25000 0 0
