0 194 65 0 0
1 193 65 0 0
2 192 65 0 0
3 191 65 0 0
4 190 65 0 0
5 189 65 0 0
6 188 65 0 0
7 187 65 0 0
8 186 65 0 0
9 185 65 0 0
10 184 65 0 0
11 183 65 0 0
12 182 65 0 0
13 181 65 0 0
14 180 65 0 0
15 179 65 0 0
16 178 65 0 0
17 177 65 0 0
18 176 65 0 0
19 175 65 0 0
20 174 65 0 0
21 173 65 0 0
22 172 65 0 0
23 171 65 0 0
24 170 65 0 0
25 169 65 0 0
26 168 65 0 0
27 167 65 0 0
28 166 65 0 0
29 165 65 0 0
30 164 65 0 0
31 162 65 0 0
32 161 65 0 0
33 160 65 0 0
34 159 65 0 0
35 158 65 0 0
36 157 65 0 0
37 157 64 0 0
38 156 64 0 0
39 155 64 0 0
40 154 64 0 0
41 153 64 0 0
42 152 64 0 0
43 151 64 0 0
44 149 64 0 0
45 148 64 0 0
46 147 64 0 0
47 147 63 0 0
48 146 63 0 0
49 145 63 0 0
50 144 63 0 0
51 143 63 0 0
52 142 63 0 0
53 141 63 0 0
54 140 63 0 0
55 139 63 0 0
56 138 63 0 0
57 137 63 0 0
58 137 62 0 0
59 136 62 0 0
60 135 62 0 0
61 134 62 0 0
62 133 62 0 0
63 132 62 0 0
64 131 62 0 0
65 130 62 0 0
66 129 62 0 0
67 128 62 0 0
68 127 62 0 0
69 126 62 0 0
70 126 61 0 0
71 125 61 0 0
72 124 61 0 0
73 123 61 0 0
74 122 61 0 0
75 121 61 0 0
76 120 61 0 0
77 119 61 0 0
78 118 61 0 0
79 117 61 0 0
80 116 61 0 0
81 116 60 0 0
82 115 60 0 0
83 114 60 0 0
84 113 60 0 0
85 112 60 0 0
86 111 60 0 0
87 110 60 0 0
88 109 60 0 0
89 108 60 0 0
90 108 59 0 0
91 107 59 0 0
92 105 59 0 0
93 104 59 0 0
94 103 59 0 0
95 102 59 0 0
96 102 58 0 0
97 101 58 0 0
98 100 58 0 0
99 99 58 0 0
100 98 58 0 0
101 97 58 0 0
102 96 58 0 0
103 95 58 0 0
104 94 58 0 0
105 93 58 0 0
106 93 57 0 0
107 92 57 0 0
108 91 57 0 0
109 90 57 0 0
110 89 57 0 0
111 88 57 0 0
112 87 57 0 0
113 86 57 0 0
114 86 56 0 0
115 85 56 0 0
116 84 56 0 0
117 83 56 0 0
118 82 56 0 0
119 81 56 0 0
120 80 56 0 0
121 79 56 0 0
122 79 55 0 0
123 78 55 0 0
124 77 55 0 0
125 76 55 0 0
126 75 55 0 0
127 74 55 0 0
128 74 54 0 0
129 73 54 0 0
130 72 54 0 0
131 72 53 0 0
132 71 53 0 0
133 70 53 0 0
134 70 52 0 0
135 69 52 0 0
136 69 51 0 0
137 68 51 0 0
138 67 51 0 0
139 67 50 0 0
140 66 50 0 0
141 65 50 0 0
142 64 50 0 0
143 64 49 0 0
144 63 49 0 0
145 63 48 0 0
146 62 48 0 0
147 61 48 0 0
148 61 47 0 0
149 60 47 0 0
150 60 46 0 0
151 59 46 0 0
152 58 46 0 0
153 58 45 0 0
154 57 45 0 0
155 56 45 0 0
156 56 44 0 0
157 55 44 0 0
158 55 43 0 0
159 54 43 0 0
160 53 43 0 0
161 52 43 0 0
162 52 42 0 0
163 51 42 0 0
164 51 41 0 0
165 51 40 0 0
166 50 40 0 0
167 50 39 0 0
168 49 39 0 0
169 49 38 0 0
170 48 38 0 0
171 48 37 0 0
172 47 37 0 0
173 47 36 0 0
174 46 36 0 0
175 46 35 0 0
176 46 34 0 0
177 45 34 0 0
178 45 33 0 0
179 44 33 0 0
180 44 32 0 0
181 43 32 0 0
182 43 31 0 0
183 42 31 0 0
184 42 30 0 0
185 42 29 0 0
186 41 29 0 0
187 41 28 0 0
188 40 28 0 0
189 40 27 0 0
190 39 27 0 0
191 39 26 0 0
192 38 26 0 0
193 38 25 0 0
194 37 25 0 0
195 37 24 0 0
196 37 23 0 0
197 36 23 0 0
198 36 22 0 0
199 35 22 0 0
200 35 21 0 0
201 35 20 0 0
202 35 19 0 0
203 34 19 0 0
204 34 18 0 0
205 33 18 0 0
206 33 17 0 0
207 33 16 0 0
208 32 16 0 0
209 32 15 0 0
210 32 14 0 0
211 31 14 0 0
212 31 13 0 0
213 31 12 0 0
214 31 11 0 0
215 30 11 0 0
216 30 10 0 0
217 29 10 0 0
218 29 9 0 0
219 29 8 0 0
220 28 8 0 0
221 28 7 0 0
