0 38800 13400 0 0
1 38600 13400 0 0
2 38400 13400 0 0
3 38200 13400 0 0
4 38000 13400 0 0
5 38000 13200 0 0
6 37800 13200 0 0
7 37600 13200 0 0
8 37400 13200 0 0
9 37200 13200 0 0
10 37000 13200 0 0
11 36800 13200 0 0
12 36600 13200 0 0
13 36400 13200 0 0
14 36200 13200 0 0
15 36000 13200 0 0
16 35800 13200 0 0
17 35600 13200 0 0
18 35400 13200 0 0
19 35200 13200 0 0
20 35000 13200 0 0
21 34800 13200 0 0
22 34600 13200 0 0
23 34400 13200 0 0
24 34400 13000 0 0
25 34200 13000 0 0
26 34000 13000 0 0
27 34000 12800 0 0
28 33800 12800 0 0
29 33600 12800 0 0
30 33400 12800 0 0
31 33400 12600 0 0
32 33200 12600 0 0
33 33000 12600 0 0
34 32800 12600 0 0
35 32800 12400 0 0
36 32600 12400 0 0
37 32400 12400 0 0
38 32400 12200 0 0
39 32200 12200 0 0
40 32000 12200 0 0
41 31800 12200 0 0
42 31600 12200 0 0
43 31600 12000 0 0
44 31400 12000 0 0
45 31200 12000 0 0
46 31200 11800 0 0
47 31000 11800 0 0
48 30800 11800 0 0
49 30600 11800 0 0
50 30600 11600 0 0
51 30400 11600 0 0
52 30200 11600 0 0
53 30000 11600 0 0
54 29800 11600 0 0
55 29800 11400 0 0
56 29600 11400 0 0
57 29400 11400 0 0
58 29400 11200 0 0
59 29200 11200 0 0
60 29200 11000 0 0
61 29000 11000 0 0
62 29000 10800 0 0
63 28800 10800 0 0
64 28600 10800 0 0
65 28600 10600 0 0
66 28400 10600 0 0
67 28200 10600 0 0
68 28200 10400 0 0
69 28000 10400 0 0
70 28000 10200 0 0
71 27800 10200 0 0
72 27800 10000 0 0
73 27600 10000 0 0
74 27400 10000 0 0
75 27400 9800 0 0
76 27200 9800 0 0
77 27000 9800 0 0
78 27000 9600 0 0
79 26800 9600 0 0
80 26600 9600 0 0
81 26600 9400 0 0
82 26400 9400 0 0
83 26200 9400 0 0
84 26200 9200 0 0
85 26000 9200 0 0
86 25800 9200 0 0
87 25800 9000 0 0
88 25600 9000 0 0
89 25600 8800 0 0
90 25400 8800 0 0
91 25200 8800 0 0
92 25200 8600 0 0
93 25000 8600 0 0
94 24800 8600 0 0
95 24600 8600 0 0
96 24600 8400 0 0
97 24400 8400 0 0
98 24200 8400 0 0
99 24200 8200 0 0
100 24000 8200 0 0
101 23800 8200 0 0
102 23800 8000 0 0
103 23600 8000 0 0
104 23400 8000 0 0
105 23400 7800 0 0
106 23200 7800 0 0
107 23000 7800 0 0
108 23000 7600 0 0
109 22800 7600 0 0
110 22600 7600 0 0
111 22600 7400 0 0
112 22400 7400 0 0
113 22200 7400 0 0
114 22000 7400 0 0
115 21800 7400 0 0
116 21600 7400 0 0
117 21400 7400 0 0
118 21400 7200 0 0
119 21200 7200 0 0
120 21000 7200 0 0
121 20800 7200 0 0
122 20600 7200 0 0
123 20400 7200 0 0
124 20200 7200 0 0
125 20000 7200 0 0
126 19800 7200 0 0
127 19800 7000 0 0
128 19600 7000 0 0
129 19400 7000 0 0
130 19200 7000 0 0
131 19000 7000 0 0
132 18800 7000 0 0
133 18800 6800 0 0
134 18600 6800 0 0
135 18400 6800 0 0
136 18200 6800 0 0
137 18000 6800 0 0
138 18000 6600 0 0
139 17800 6600 0 0
140 17600 6600 0 0
141 17400 6600 0 0
142 17200 6600 0 0
143 17200 6400 0 0
144 17000 6400 0 0
145 16800 6400 0 0
146 16600 6400 0 0
147 16400 6400 0 0
148 16200 6400 0 0
149 16000 6400 0 0
150 15800 6400 0 0
151 15600 6400 0 0
152 15400 6400 0 0
153 15200 6400 0 0
154 15000 6400 0 0
155 14800 6400 0 0
156 14600 6400 0 0
157 14400 6400 0 0
158 14200 6400 0 0
159 14000 6400 0 0
160 13800 6400 0 0
161 13600 6400 0 0
162 13400 6400 0 0
163 13400 6200 0 0
164 13200 6200 0 0
165 13000 6200 0 0
166 12800 6200 0 0
167 12600 6200 0 0
168 12400 6200 0 0
169 12200 6200 0 0
170 12000 6200 0 0
171 11800 6200 0 0
172 11800 6000 0 0
173 11600 6000 0 0
174 11400 6000 0 0
175 11200 6000 0 0
176 11000 6000 0 0
177 10800 6000 0 0
178 10600 6000 0 0
179 10400 6000 0 0
180 10200 6000 0 0
181 10000 6000 0 0
182 9800 6000 0 0
183 9600 6000 0 0
184 9600 5800 0 0
185 9400 5800 0 0
186 9200 5800 0 0
187 9000 5800 0 0
188 8800 5800 0 0
189 8600 5800 0 0
190 8400 5800 0 0
191 8200 5800 0 0
192 8200 5600 0 0
193 8000 5600 0 0
194 7800 5600 0 0
195 7600 5600 0 0
196 7400 5600 0 0
197 7200 5600 0 0
198 7000 5600 0 0
199 7000 5400 0 0
200 6800 5400 0 0
201 6600 5400 0 0
202 6400 5400 0 0
203 6200 5400 0 0
204 6000 5400 0 0
205 5800 5400 0 0
206 5800 5200 0 0
207 5600 5200 0 0
208 5400 5200 0 0
209 5200 5200 0 0
210 5000 5200 0 0
211 4800 5200 0 0
212 4800 5000 0 0
213 4600 5000 0 0
214 4400 5000 0 0
215 4200 5000 0 0
216 4200 4800 0 0
217 4000 4800 0 0
218 3800 4800 0 0
219 3600 4800 0 0
220 3600 4600 0 0
221 3400 4600 0 0
222 3200 4600 0 0
223 3000 4600 0 0
224 2800 4600 0 0
225 2600 4600 0 0
226 2600 4400 0 0
227 2400 4400 0 0
228 2200 4400 0 0
229 2000 4400 0 0
230 1800 4400 0 0
231 1800 4200 0 0
232 1600 4200 0 0
233 1400 4200 0 0
234 1200 4200 0 0
235 1000 4200 0 0
236 800 4200 0 0
237 800 4000 0 0
238 600 4000 0 0
