0 194 59 0 0
1 193 59 0 0
2 193 58 0 0
3 192 58 0 0
4 191 58 0 0
5 190 58 0 0
6 189 58 0 0
7 188 58 0 0
8 188 57 0 0
9 187 57 0 0
10 186 57 0 0
11 185 57 0 0
12 185 56 0 0
13 184 56 0 0
14 183 56 0 0
15 182 56 0 0
16 181 56 0 0
17 181 55 0 0
18 180 55 0 0
19 179 55 0 0
20 178 55 0 0
21 177 55 0 0
22 177 54 0 0
23 176 54 0 0
24 175 54 0 0
25 174 54 0 0
26 174 53 0 0
27 173 53 0 0
28 172 53 0 0
29 171 53 0 0
30 171 52 0 0
31 170 52 0 0
32 169 52 0 0
33 168 52 0 0
34 167 52 0 0
35 167 51 0 0
36 166 51 0 0
37 165 51 0 0
38 164 51 0 0
39 163 51 0 0
40 162 51 0 0
41 162 50 0 0
42 161 50 0 0
43 160 50 0 0
44 159 50 0 0
45 158 50 0 0
46 157 50 0 0
47 157 49 0 0
48 156 49 0 0
49 155 49 0 0
50 154 49 0 0
51 154 48 0 0
52 153 48 0 0
53 152 48 0 0
54 151 48 0 0
55 150 48 0 0
56 150 47 0 0
57 149 47 0 0
58 148 47 0 0
59 147 47 0 0
60 146 47 0 0
61 146 46 0 0
62 145 46 0 0
63 144 46 0 0
64 143 46 0 0
65 143 45 0 0
66 142 45 0 0
67 141 45 0 0
68 140 45 0 0
69 140 44 0 0
70 139 44 0 0
71 138 44 0 0
72 137 44 0 0
73 136 44 0 0
74 136 43 0 0
75 135 43 0 0
76 134 43 0 0
77 133 43 0 0
78 133 42 0 0
79 132 42 0 0
80 131 42 0 0
81 130 42 0 0
82 130 41 0 0
83 129 41 0 0
84 128 41 0 0
85 127 41 0 0
86 126 41 0 0
87 126 40 0 0
88 125 40 0 0
89 124 40 0 0
90 123 40 0 0
91 122 40 0 0
92 122 39 0 0
93 121 39 0 0
94 120 39 0 0
95 119 39 0 0
96 118 39 0 0
97 118 38 0 0
98 117 38 0 0
99 116 38 0 0
100 115 38 0 0
101 114 38 0 0
102 113 38 0 0
103 113 37 0 0
104 112 37 0 0
105 111 37 0 0
106 110 37 0 0
107 109 37 0 0
108 108 37 0 0
109 108 36 0 0
110 107 36 0 0
111 106 36 0 0
112 105 36 0 0
113 104 36 0 0
114 104 35 0 0
115 103 35 0 0
116 102 35 0 0
117 101 35 0 0
118 100 35 0 0
119 99 35 0 0
120 98 35 0 0
121 97 35 0 0
122 96 35 0 0
123 95 35 0 0
124 94 35 0 0
125 93 35 0 0
126 92 35 0 0
127 91 35 0 0
128 90 35 0 0
129 89 35 0 0
130 88 35 0 0
131 87 35 0 0
132 86 35 0 0
133 85 35 0 0
134 84 35 0 0
135 83 35 0 0
136 82 35 0 0
137 81 35 0 0
138 80 35 0 0
139 79 35 0 0
140 78 35 0 0
141 77 35 0 0
142 76 35 0 0
143 75 35 0 0
144 74 35 0 0
145 73 35 0 0
146 72 35 0 0
147 71 35 0 0
148 70 35 0 0
149 70 34 0 0
150 69 34 0 0
151 68 34 0 0
152 67 34 0 0
153 66 34 0 0
154 65 34 0 0
155 64 34 0 0
156 63 34 0 0
157 62 34 0 0
158 62 33 0 0
159 61 33 0 0
160 60 33 0 0
161 59 33 0 0
162 58 33 0 0
163 57 33 0 0
164 56 33 0 0
165 55 33 0 0
166 54 33 0 0
167 53 33 0 0
168 53 32 0 0
169 52 32 0 0
170 51 32 0 0
171 50 32 0 0
172 49 32 0 0
173 48 32 0 0
174 47 32 0 0
175 46 32 0 0
176 45 32 0 0
177 44 32 0 0
178 44 31 0 0
179 43 31 0 0
180 42 31 0 0
181 41 31 0 0
182 40 31 0 0
183 39 31 0 0
184 38 31 0 0
185 37 31 0 0
186 36 31 0 0
187 36 30 0 0
188 35 30 0 0
189 34 30 0 0
190 33 30 0 0
191 32 30 0 0
192 31 30 0 0
193 30 30 0 0
194 29 30 0 0
195 28 30 0 0
196 28 29 0 0
197 27 29 0 0
198 26 29 0 0
199 25 29 0 0
200 24 29 0 0
201 23 29 0 0
202 23 28 0 0
203 22 28 0 0
204 21 28 0 0
205 20 28 0 0
206 19 28 0 0
207 18 28 0 0
208 18 27 0 0
209 17 27 0 0
210 16 27 0 0
211 15 27 0 0
212 15 26 0 0
213 14 26 0 0
214 13 26 0 0
215 12 26 0 0
216 11 26 0 0
217 11 25 0 0
218 10 25 0 0
219 9 25 0 0
220 8 25 0 0
221 8 24 0 0
222 7 24 0 0
223 6 24 0 0
224 5 24 0 0
225 5 23 0 0
226 4 23 0 0
227 4 22 0 0
228 3 22 0 0
229 2 22 0 0
230 2 21 0 0
231 1 21 0 0
232 1 20 0 0
