0 5200 600 0 0
1 5200 800 0 0
2 5400 800 0 0
3 5400 1000 0 0
4 5600 1000 0 0
5 5600 1200 0 0
6 5800 1200 0 0
7 5800 1400 0 0
8 6000 1400 0 0
9 6000 1600 0 0
10 6200 1600 0 0
11 6200 1800 0 0
12 6400 1800 0 0
13 6400 2000 0 0
14 6600 2000 0 0
15 6600 2200 0 0
16 6800 2200 0 0
17 6800 2400 0 0
18 7000 2400 0 0
19 7000 2600 0 0
20 7200 2600 0 0
21 7200 2800 0 0
22 7200 3000 0 0
23 7400 3000 0 0
24 7400 3200 0 0
25 7600 3200 0 0
26 7600 3400 0 0
27 7800 3400 0 0
28 7800 3600 0 0
29 8000 3600 0 0
30 8000 3800 0 0
31 8200 3800 0 0
32 8400 3800 0 0
33 8400 4000 0 0
34 8600 4000 0 0
35 8800 4000 0 0
36 9000 4000 0 0
37 9000 4200 0 0
38 9200 4200 0 0
39 9400 4200 0 0
40 9600 4200 0 0
41 9600 4400 0 0
42 9800 4400 0 0
43 10000 4400 0 0
44 10200 4400 0 0
45 10400 4400 0 0
46 10400 4600 0 0
47 10600 4600 0 0
48 10800 4600 0 0
49 11000 4600 0 0
50 11200 4600 0 0
51 11200 4800 0 0
52 11400 4800 0 0
53 11600 4800 0 0
54 11800 4800 0 0
55 12000 4800 0 0
56 12200 4800 0 0
57 12400 4800 0 0
58 12600 4800 0 0
59 12800 4800 0 0
60 13000 4800 0 0
61 13200 4800 0 0
62 13400 4800 0 0
63 13600 4800 0 0
64 13800 4800 0 0
65 14000 4800 0 0
66 14000 5000 0 0
67 14200 5000 0 0
68 14400 5000 0 0
69 14600 5000 0 0
70 14800 5000 0 0
71 15000 5000 0 0
72 15200 5000 0 0
73 15400 5000 0 0
74 15600 5000 0 0
75 15800 5000 0 0
76 16000 5000 0 0
77 16200 5000 0 0
78 16400 5000 0 0
79 16400 5200 0 0
80 16600 5200 0 0
81 16800 5200 0 0
82 17000 5200 0 0
83 17200 5200 0 0
84 17200 5400 0 0
85 17400 5400 0 0
86 17600 5400 0 0
87 17800 5400 0 0
88 18000 5400 0 0
89 18000 5600 0 0
90 18200 5600 0 0
91 18400 5600 0 0
92 18600 5600 0 0
93 18800 5600 0 0
94 18800 5800 0 0
95 19000 5800 0 0
96 19200 5800 0 0
97 19400 5800 0 0
98 19600 5800 0 0
99 19800 5800 0 0
100 19800 6000 0 0
101 20000 6000 0 0
102 20200 6000 0 0
103 20400 6000 0 0
104 20400 6200 0 0
105 20600 6200 0 0
106 20800 6200 0 0
107 21000 6200 0 0
108 21200 6200 0 0
109 21200 6400 0 0
110 21400 6400 0 0
111 21600 6400 0 0
112 21800 6400 0 0
113 22000 6400 0 0
114 22200 6400 0 0
115 22200 6600 0 0
116 22400 6600 0 0
117 22600 6600 0 0
118 22800 6600 0 0
119 23000 6600 0 0
120 23000 6800 0 0
121 23200 6800 0 0
122 23400 6800 0 0
123 23600 6800 0 0
124 23800 6800 0 0
125 24000 6800 0 0
126 24000 7000 0 0
127 24200 7000 0 0
128 24400 7000 0 0
129 24400 7200 0 0
130 24600 7200 0 0
131 24800 7200 0 0
132 25000 7200 0 0
133 25200 7200 0 0
134 25200 7400 0 0
135 25400 7400 0 0
136 25600 7400 0 0
137 25600 7600 0 0
138 25800 7600 0 0
139 26000 7600 0 0
140 26000 7800 0 0
141 26200 7800 0 0
142 26400 7800 0 0
143 26600 7800 0 0
144 26600 8000 0 0
145 26800 8000 0 0
146 27000 8000 0 0
147 27000 8200 0 0
148 27200 8200 0 0
149 27400 8200 0 0
150 27400 8400 0 0
151 27600 8400 0 0
152 27800 8400 0 0
153 28000 8400 0 0
154 28000 8600 0 0
155 28200 8600 0 0
156 28400 8600 0 0
157 28600 8600 0 0
158 28600 8800 0 0
159 28800 8800 0 0
160 29000 8800 0 0
161 29000 9000 0 0
162 29200 9000 0 0
163 29400 9000 0 0
164 29400 9200 0 0
165 29600 9200 0 0
166 29800 9200 0 0
167 30000 9200 0 0
168 30000 9400 0 0
169 30200 9400 0 0
170 30400 9400 0 0
171 30400 9600 0 0
172 30600 9600 0 0
173 30800 9600 0 0
174 31000 9600 0 0
175 31000 9800 0 0
176 31200 9800 0 0
177 31200 10000 0 0
178 31400 10000 0 0
179 31600 10000 0 0
180 31800 10000 0 0
181 32000 10000 0 0
182 32000 10200 0 0
183 32200 10200 0 0
184 32200 10400 0 0
185 32400 10400 0 0
186 32600 10400 0 0
187 32800 10400 0 0
188 32800 10600 0 0
189 33000 10600 0 0
190 33200 10600 0 0
191 33400 10600 0 0
192 33400 10800 0 0
193 33600 10800 0 0
194 33800 10800 0 0
195 34000 10800 0 0
196 34000 11000 0 0
197 34200 11000 0 0
198 34400 11000 0 0
199 34600 11000 0 0
200 34800 11000 0 0
201 34800 11200 0 0
202 35000 11200 0 0
203 35200 11200 0 0
204 35400 11200 0 0
205 35400 11400 0 0
206 35600 11400 0 0
207 35800 11400 0 0
208 36000 11400 0 0
209 36000 11600 0 0
210 36200 11600 0 0
211 36400 11600 0 0
212 36600 11600 0 0
213 36800 11600 0 0
214 36800 11400 0 0
215 36800 11200 0 0
216 36800 11400 0 0
217 37000 11400 0 0
218 37200 11400 0 0
219 37400 11400 0 0
220 37600 11400 0 0
221 37600 11600 0 0
222 37800 11600 0 0
223 38000 11600 0 0
224 38200 11600 0 0
225 38200 11400 0 0
226 38400 11400 0 0
227 38600 11400 0 0
228 38800 11400 0 0
229 38800 11600 0 0
