0 1 101 0 0
1 2 101 0 0
2 3 101 0 0
3 2 101 0 0
4 3 101 0 0
5 4 101 0 0
6 3 101 0 0
7 4 101 0 0
8 5 101 0 0
9 4 101 0 0
10 5 101 0 0
11 6 101 0 0
12 5 101 0 0
13 6 101 0 0
14 7 101 0 0
15 6 101 0 0
16 7 101 0 0
17 6 101 0 0
18 7 101 0 0
19 8 101 0 0
20 7 101 0 0
21 8 101 0 0
22 8 100 0 0
23 9 100 0 0
24 8 100 0 0
25 9 100 0 0
26 10 100 0 0
27 9 100 0 0
28 10 100 0 0
29 9 100 0 0
30 10 100 0 0
31 11 100 0 0
32 10 100 0 0
33 11 100 0 0
34 12 100 0 0
35 11 100 0 0
36 12 100 0 0
37 13 100 0 0
38 12 100 0 0
39 13 100 0 0
40 14 100 0 0
41 13 100 0 0
42 14 100 0 0
43 15 100 0 0
44 14 100 0 0
45 15 100 0 0
46 14 100 0 0
47 15 100 0 0
48 16 100 0 0
49 15 100 0 0
50 16 100 0 0
51 17 100 0 0
52 16 100 0 0
53 17 100 0 0
54 18 100 0 0
55 17 100 0 0
56 18 100 0 0
57 19 100 0 0
58 18 100 0 0
59 19 100 0 0
60 20 100 0 0
61 19 100 0 0
62 20 100 0 0
63 19 100 0 0
64 20 100 0 0
65 21 100 0 0
66 22 100 0 0
67 21 100 0 0
68 22 100 0 0
69 21 100 0 0
70 21 99 0 0
71 22 99 0 0
72 23 99 0 0
73 22 99 0 0
74 23 99 0 0
75 24 99 0 0
76 23 99 0 0
77 24 99 0 0
78 25 99 0 0
79 24 99 0 0
80 25 99 0 0
81 24 99 0 0
82 25 99 0 0
83 26 99 0 0
84 25 99 0 0
85 26 99 0 0
86 27 99 0 0
87 26 99 0 0
88 27 99 0 0
89 28 99 0 0
90 27 99 0 0
91 28 99 0 0
92 29 99 0 0
93 28 99 0 0
94 29 99 0 0
95 30 99 0 0
96 29 99 0 0
97 30 99 0 0
98 29 99 0 0
99 30 99 0 0
100 31 99 0 0
101 30 99 0 0
102 31 99 0 0
103 32 99 0 0
104 31 99 0 0
105 32 99 0 0
106 33 99 0 0
107 32 99 0 0
108 33 99 0 0
109 34 99 0 0
110 33 99 0 0
111 34 99 0 0
112 35 99 0 0
113 34 99 0 0
114 35 99 0 0
115 34 99 0 0
116 35 99 0 0
117 35 98 0 0
118 36 98 0 0
119 35 98 0 0
120 36 98 0 0
121 37 98 0 0
122 36 98 0 0
123 37 98 0 0
124 38 98 0 0
125 37 98 0 0
126 38 98 0 0
127 37 98 0 0
128 38 98 0 0
129 39 98 0 0
130 40 98 0 0
131 39 98 0 0
132 40 98 0 0
133 39 98 0 0
134 40 98 0 0
135 41 98 0 0
136 40 98 0 0
137 41 98 0 0
138 42 98 0 0
139 41 98 0 0
140 42 98 0 0
141 43 98 0 0
142 42 98 0 0
143 43 98 0 0
144 42 98 0 0
145 43 98 0 0
146 43 97 0 0
147 44 97 0 0
148 43 97 0 0
149 44 97 0 0
150 45 97 0 0
151 44 97 0 0
152 45 97 0 0
153 44 97 0 0
154 45 97 0 0
155 46 97 0 0
156 45 97 0 0
157 45 96 0 0
158 46 96 0 0
159 47 96 0 0
160 46 96 0 0
161 47 96 0 0
162 48 96 0 0
163 47 96 0 0
164 48 96 0 0
165 47 96 0 0
166 48 96 0 0
167 48 95 0 0
168 49 95 0 0
169 48 95 0 0
170 49 95 0 0
171 50 95 0 0
172 49 95 0 0
173 50 95 0 0
174 49 95 0 0
175 50 95 0 0
176 51 95 0 0
177 50 95 0 0
178 51 95 0 0
179 50 95 0 0
180 50 94 0 0
181 51 94 0 0
182 52 94 0 0
183 51 94 0 0
184 52 94 0 0
185 53 94 0 0
186 52 94 0 0
187 53 94 0 0
188 52 94 0 0
189 53 94 0 0
190 53 93 0 0
191 54 93 0 0
192 53 93 0 0
193 54 93 0 0
194 55 93 0 0
195 54 93 0 0
196 55 93 0 0
197 56 93 0 0
198 55 93 0 0
199 56 93 0 0
200 55 93 0 0
201 55 92 0 0
202 56 92 0 0
203 57 92 0 0
204 56 92 0 0
205 57 92 0 0
206 58 92 0 0
207 57 92 0 0
208 58 92 0 0
209 57 92 0 0
210 58 92 0 0
211 59 92 0 0
212 58 92 0 0
213 58 91 0 0
214 59 91 0 0
215 60 91 0 0
216 59 91 0 0
217 60 91 0 0
218 59 91 0 0
219 60 91 0 0
220 61 91 0 0
221 60 91 0 0
222 61 91 0 0
223 61 90 0 0
224 62 90 0 0
225 61 90 0 0
226 62 90 0 0
227 63 90 0 0
228 62 90 0 0
229 63 90 0 0
230 62 90 0 0
231 63 90 0 0
232 64 90 0 0
233 63 90 0 0
234 63 89 0 0
235 64 89 0 0
236 65 89 0 0
237 64 89 0 0
238 65 89 0 0
239 64 89 0 0
240 65 89 0 0
241 66 89 0 0
242 65 89 0 0
243 66 89 0 0
244 67 89 0 0
245 66 89 0 0
246 66 88 0 0
247 67 88 0 0
248 66 88 0 0
249 67 88 0 0
250 68 88 0 0
251 67 88 0 0
252 68 88 0 0
253 69 88 0 0
254 68 88 0 0
255 69 88 0 0
256 69 87 0 0
257 70 87 0 0
258 69 87 0 0
259 70 87 0 0
260 69 87 0 0
261 70 87 0 0
262 71 87 0 0
263 70 87 0 0
264 71 87 0 0
265 70 87 0 0
266 71 87 0 0
267 72 87 0 0
268 71 87 0 0
269 71 86 0 0
270 72 86 0 0
271 73 86 0 0
272 72 86 0 0
273 73 86 0 0
274 72 86 0 0
275 73 86 0 0
276 74 86 0 0
277 73 86 0 0
278 74 86 0 0
279 74 85 0 0
280 75 85 0 0
281 74 85 0 0
282 75 85 0 0
283 74 85 0 0
284 75 85 0 0
285 76 85 0 0
286 75 85 0 0
287 76 85 0 0
288 77 85 0 0
289 76 85 0 0
290 76 84 0 0
291 77 84 0 0
292 78 84 0 0
293 77 84 0 0
294 78 84 0 0
295 77 84 0 0
296 78 84 0 0
297 79 84 0 0
298 78 84 0 0
299 79 84 0 0
300 80 84 0 0
301 79 84 0 0
302 79 83 0 0
303 80 83 0 0
304 79 83 0 0
305 80 83 0 0
306 81 83 0 0
307 80 83 0 0
308 81 83 0 0
309 82 83 0 0
310 81 83 0 0
311 82 83 0 0
312 81 83 0 0
313 82 83 0 0
314 83 83 0 0
315 82 83 0 0
316 83 83 0 0
317 83 82 0 0
318 84 82 0 0
319 83 82 0 0
320 84 82 0 0
321 85 82 0 0
322 84 82 0 0
323 84 81 0 0
324 85 81 0 0
325 84 81 0 0
326 85 81 0 0
327 86 81 0 0
328 85 81 0 0
329 86 81 0 0
330 87 81 0 0
331 86 81 0 0
332 87 81 0 0
333 86 81 0 0
334 87 81 0 0
335 88 81 0 0
336 87 81 0 0
337 87 80 0 0
338 88 80 0 0
339 87 80 0 0
340 88 80 0 0
341 89 80 0 0
342 88 80 0 0
343 89 80 0 0
344 88 80 0 0
345 89 80 0 0
346 90 80 0 0
347 89 80 0 0
348 90 80 0 0
349 89 80 0 0
350 90 80 0 0
351 90 79 0 0
352 91 79 0 0
353 90 79 0 0
354 91 79 0 0
355 90 79 0 0
356 91 79 0 0
357 92 79 0 0
358 91 79 0 0
359 92 79 0 0
360 93 79 0 0
361 92 79 0 0
362 93 79 0 0
363 92 79 0 0
364 93 79 0 0
365 93 78 0 0
366 94 78 0 0
367 93 78 0 0
368 94 78 0 0
369 95 78 0 0
370 94 78 0 0
371 95 78 0 0
372 94 78 0 0
373 95 78 0 0
374 96 78 0 0
375 95 78 0 0
376 96 78 0 0
377 95 78 0 0
378 96 78 0 0
379 95 78 0 0
380 96 78 0 0
381 96 77 0 0
382 97 77 0 0
383 96 77 0 0
384 97 77 0 0
385 98 77 0 0
386 97 77 0 0
387 98 77 0 0
388 97 77 0 0
389 98 77 0 0
390 99 77 0 0
391 98 77 0 0
392 99 77 0 0
393 100 77 0 0
394 99 77 0 0
395 99 76 0 0
396 100 76 0 0
397 99 76 0 0
398 100 76 0 0
399 101 76 0 0
400 100 76 0 0
401 101 76 0 0
402 102 76 0 0
403 101 76 0 0
404 102 76 0 0
405 101 76 0 0
406 102 76 0 0
407 101 76 0 0
408 102 76 0 0
409 103 76 0 0
410 102 76 0 0
411 103 76 0 0
412 102 76 0 0
413 103 76 0 0
414 104 76 0 0
415 103 76 0 0
416 104 76 0 0
417 103 76 0 0
418 104 76 0 0
419 105 76 0 0
420 104 76 0 0
421 105 76 0 0
422 104 76 0 0
423 105 76 0 0
424 105 77 0 0
425 106 77 0 0
426 105 77 0 0
427 106 77 0 0
428 105 77 0 0
429 106 77 0 0
430 107 77 0 0
431 106 77 0 0
432 107 77 0 0
433 106 77 0 0
434 107 77 0 0
435 108 77 0 0
436 107 77 0 0
437 108 77 0 0
438 107 77 0 0
439 108 77 0 0
440 109 77 0 0
441 108 77 0 0
442 109 77 0 0
443 110 77 0 0
444 109 77 0 0
445 110 77 0 0
446 109 77 0 0
447 110 77 0 0
448 111 77 0 0
449 110 77 0 0
450 111 77 0 0
451 110 77 0 0
452 111 77 0 0
453 112 77 0 0
454 111 77 0 0
455 111 78 0 0
456 112 78 0 0
457 111 78 0 0
458 112 78 0 0
459 111 78 0 0
460 112 78 0 0
461 111 78 0 0
462 112 78 0 0
463 113 78 0 0
464 112 78 0 0
465 113 78 0 0
466 112 78 0 0
467 112 79 0 0
468 113 79 0 0
469 112 79 0 0
470 113 79 0 0
471 112 79 0 0
472 113 79 0 0
473 114 79 0 0
474 113 79 0 0
475 114 79 0 0
476 113 79 0 0
477 114 79 0 0
478 113 79 0 0
479 113 80 0 0
480 114 80 0 0
481 113 80 0 0
482 114 80 0 0
483 115 80 0 0
484 114 80 0 0
485 115 80 0 0
486 114 80 0 0
487 115 80 0 0
488 114 80 0 0
489 115 80 0 0
490 114 80 0 0
491 114 81 0 0
492 115 81 0 0
493 116 81 0 0
494 115 81 0 0
495 116 81 0 0
496 115 81 0 0
497 116 81 0 0
498 115 81 0 0
499 116 81 0 0
500 115 81 0 0
501 116 81 0 0
502 117 81 0 0
503 116 81 0 0
504 116 82 0 0
505 117 82 0 0
506 116 82 0 0
507 117 82 0 0
508 116 82 0 0
509 117 82 0 0
510 116 82 0 0
511 117 82 0 0
512 118 82 0 0
513 117 82 0 0
514 118 82 0 0
515 117 82 0 0
516 117 83 0 0
517 118 83 0 0
518 117 83 0 0
519 118 83 0 0
520 117 83 0 0
521 118 83 0 0
522 119 83 0 0
523 118 83 0 0
524 119 83 0 0
525 118 83 0 0
526 119 83 0 0
527 118 83 0 0
528 118 84 0 0
529 119 84 0 0
530 118 84 0 0
531 119 84 0 0
532 120 84 0 0
533 119 84 0 0
534 120 84 0 0
535 119 84 0 0
536 120 84 0 0
537 119 84 0 0
538 120 84 0 0
539 121 84 0 0
540 120 84 0 0
541 120 85 0 0
542 121 85 0 0
543 120 85 0 0
544 121 85 0 0
545 120 85 0 0
546 121 85 0 0
547 120 85 0 0
548 121 85 0 0
549 120 85 0 0
550 121 85 0 0
551 122 85 0 0
552 121 85 0 0
553 121 86 0 0
554 122 86 0 0
555 121 86 0 0
556 122 86 0 0
557 121 86 0 0
558 122 86 0 0
559 123 86 0 0
560 122 86 0 0
561 123 86 0 0
562 122 86 0 0
563 123 86 0 0
564 122 86 0 0
565 122 87 0 0
566 123 87 0 0
567 122 87 0 0
568 123 87 0 0
569 124 87 0 0
570 123 87 0 0
571 124 87 0 0
572 123 87 0 0
573 124 87 0 0
574 123 87 0 0
575 124 87 0 0
576 123 87 0 0
577 124 87 0 0
578 123 87 0 0
579 123 88 0 0
580 124 88 0 0
581 125 88 0 0
582 124 88 0 0
583 125 88 0 0
584 124 88 0 0
585 125 88 0 0
586 124 88 0 0
587 125 88 0 0
588 126 88 0 0
589 125 88 0 0
590 126 88 0 0
591 125 88 0 0
592 126 88 0 0
593 125 88 0 0
594 125 89 0 0
595 126 89 0 0
596 125 89 0 0
597 126 89 0 0
598 127 89 0 0
599 126 89 0 0
600 127 89 0 0
601 126 89 0 0
602 127 89 0 0
603 126 89 0 0
604 127 89 0 0
605 126 89 0 0
606 127 89 0 0
607 126 89 0 0
608 127 89 0 0
609 127 90 0 0
610 128 90 0 0
611 127 90 0 0
612 128 90 0 0
613 127 90 0 0
614 128 90 0 0
615 127 90 0 0
616 128 90 0 0
617 129 90 0 0
618 128 90 0 0
619 129 90 0 0
620 128 90 0 0
621 129 90 0 0
622 128 90 0 0
623 128 91 0 0
624 129 91 0 0
625 128 91 0 0
626 129 91 0 0
627 128 91 0 0
628 129 91 0 0
629 130 91 0 0
630 129 91 0 0
631 130 91 0 0
632 129 91 0 0
633 130 91 0 0
634 129 91 0 0
635 130 91 0 0
636 131 91 0 0
637 130 91 0 0
638 130 92 0 0
639 131 92 0 0
640 130 92 0 0
641 131 92 0 0
642 130 92 0 0
643 131 92 0 0
644 130 92 0 0
645 131 92 0 0
646 132 92 0 0
647 131 92 0 0
648 132 92 0 0
649 131 92 0 0
650 132 92 0 0
651 131 92 0 0
652 132 92 0 0
653 131 92 0 0
654 131 93 0 0
655 132 93 0 0
656 133 93 0 0
657 132 93 0 0
658 133 93 0 0
659 132 93 0 0
660 133 93 0 0
661 132 93 0 0
662 133 93 0 0
663 132 93 0 0
664 133 93 0 0
665 134 93 0 0
666 133 93 0 0
667 134 93 0 0
668 133 93 0 0
669 134 93 0 0
670 133 93 0 0
671 134 93 0 0
672 133 93 0 0
673 134 93 0 0
674 135 93 0 0
675 134 93 0 0
676 135 93 0 0
677 134 93 0 0
678 135 93 0 0
679 134 93 0 0
680 135 93 0 0
681 136 93 0 0
682 135 93 0 0
683 136 93 0 0
684 135 93 0 0
685 135 92 0 0
686 136 92 0 0
687 135 92 0 0
688 135 93 0 0
689 136 93 0 0
690 135 93 0 0
691 136 93 0 0
692 135 93 0 0
693 136 93 0 0
694 137 93 0 0
695 136 93 0 0
696 137 93 0 0
697 136 93 0 0
698 137 93 0 0
699 136 93 0 0
700 137 93 0 0
701 136 93 0 0
702 136 94 0 0
703 137 94 0 0
704 136 94 0 0
705 137 94 0 0
706 138 94 0 0
707 137 94 0 0
708 138 94 0 0
709 137 94 0 0
710 138 94 0 0
711 137 94 0 0
712 138 94 0 0
713 137 94 0 0
714 138 94 0 0
715 139 94 0 0
716 138 94 0 0
717 138 95 0 0
718 139 95 0 0
719 138 95 0 0
720 139 95 0 0
721 138 95 0 0
722 139 95 0 0
723 138 95 0 0
724 139 95 0 0
725 138 95 0 0
726 139 95 0 0
727 140 95 0 0
728 139 95 0 0
729 140 95 0 0
730 139 95 0 0
731 139 96 0 0
732 140 96 0 0
733 139 96 0 0
734 140 96 0 0
735 139 96 0 0
736 140 96 0 0
737 141 96 0 0
738 140 96 0 0
739 141 96 0 0
740 140 96 0 0
741 141 96 0 0
742 140 96 0 0
743 141 96 0 0
744 140 96 0 0
745 141 96 0 0
746 140 96 0 0
747 140 97 0 0
748 141 97 0 0
749 142 97 0 0
750 141 97 0 0
751 142 97 0 0
752 141 97 0 0
753 142 97 0 0
754 143 97 0 0
755 142 97 0 0
756 143 97 0 0
757 142 97 0 0
758 143 97 0 0
759 142 97 0 0
760 143 97 0 0
761 142 97 0 0
762 143 97 0 0
763 144 97 0 0
764 143 97 0 0
765 144 97 0 0
766 143 97 0 0
767 144 97 0 0
768 143 97 0 0
769 144 97 0 0
770 143 97 0 0
771 144 97 0 0
772 145 97 0 0
773 144 97 0 0
774 145 97 0 0
775 144 97 0 0
776 145 97 0 0
777 144 97 0 0
778 145 97 0 0
779 146 97 0 0
780 145 97 0 0
781 146 97 0 0
782 145 97 0 0
783 145 98 0 0
784 146 98 0 0
785 145 98 0 0
786 146 98 0 0
787 145 98 0 0
788 146 98 0 0
789 147 98 0 0
790 146 98 0 0
791 147 98 0 0
792 146 98 0 0
793 147 98 0 0
794 146 98 0 0
795 147 98 0 0
796 146 98 0 0
797 147 98 0 0
798 148 98 0 0
799 147 98 0 0
800 148 98 0 0
801 147 98 0 0
802 148 98 0 0
803 147 98 0 0
804 148 98 0 0
805 149 98 0 0
806 148 98 0 0
807 149 98 0 0
808 148 98 0 0
809 149 98 0 0
810 148 98 0 0
811 149 98 0 0
812 150 98 0 0
813 149 98 0 0
814 150 98 0 0
815 149 98 0 0
816 150 98 0 0
817 151 98 0 0
818 150 98 0 0
819 151 98 0 0
820 150 98 0 0
821 151 98 0 0
822 150 98 0 0
823 151 98 0 0
824 152 98 0 0
825 151 98 0 0
826 152 98 0 0
827 151 98 0 0
828 151 99 0 0
829 152 99 0 0
830 151 99 0 0
831 152 99 0 0
832 153 99 0 0
833 152 99 0 0
834 153 99 0 0
835 152 99 0 0
836 153 99 0 0
837 152 99 0 0
838 153 99 0 0
839 154 99 0 0
840 153 99 0 0
841 154 99 0 0
842 153 99 0 0
843 154 99 0 0
844 153 99 0 0
845 154 99 0 0
846 155 99 0 0
847 154 99 0 0
848 155 99 0 0
849 154 99 0 0
850 155 99 0 0
851 156 99 0 0
852 155 99 0 0
853 156 99 0 0
854 155 99 0 0
855 156 99 0 0
856 157 99 0 0
857 156 99 0 0
858 157 99 0 0
859 156 99 0 0
860 157 99 0 0
861 158 99 0 0
862 157 99 0 0
863 157 100 0 0
864 158 100 0 0
865 159 100 0 0
866 158 100 0 0
867 159 100 0 0
868 160 100 0 0
869 159 100 0 0
870 160 100 0 0
871 161 100 0 0
872 160 100 0 0
873 161 100 0 0
874 160 100 0 0
875 161 100 0 0
876 160 100 0 0
877 161 100 0 0
878 162 100 0 0
879 161 100 0 0
880 162 100 0 0
881 163 100 0 0
882 162 100 0 0
883 162 101 0 0
884 163 101 0 0
885 162 101 0 0
886 163 101 0 0
887 164 101 0 0
888 163 101 0 0
889 164 101 0 0
890 163 101 0 0
891 164 101 0 0
892 165 101 0 0
893 164 101 0 0
894 165 101 0 0
895 164 101 0 0
896 165 101 0 0
897 166 101 0 0
898 165 101 0 0
899 166 101 0 0
900 165 101 0 0
901 166 101 0 0
902 167 101 0 0
903 166 101 0 0
904 167 101 0 0
905 166 101 0 0
906 167 101 0 0
907 168 101 0 0
908 167 101 0 0
909 167 102 0 0
910 168 102 0 0
911 167 102 0 0
912 168 102 0 0
913 169 102 0 0
914 168 102 0 0
915 169 102 0 0
916 168 102 0 0
917 169 102 0 0
918 170 102 0 0
919 169 102 0 0
920 170 102 0 0
921 171 102 0 0
922 170 102 0 0
923 171 102 0 0
924 170 102 0 0
925 171 102 0 0
926 172 102 0 0
927 171 102 0 0
928 172 102 0 0
929 173 102 0 0
930 172 102 0 0
931 173 102 0 0
932 172 102 0 0
933 173 102 0 0
934 174 102 0 0
935 173 102 0 0
936 174 102 0 0
937 173 102 0 0
938 174 102 0 0
939 174 103 0 0
940 175 103 0 0
941 174 103 0 0
942 175 103 0 0
943 176 103 0 0
944 175 103 0 0
945 176 103 0 0
946 175 103 0 0
947 176 103 0 0
948 177 103 0 0
949 176 103 0 0
950 177 103 0 0
951 176 103 0 0
952 177 103 0 0
953 178 103 0 0
954 177 103 0 0
955 178 103 0 0
956 179 103 0 0
957 178 103 0 0
958 179 103 0 0
959 178 103 0 0
960 179 103 0 0
961 180 103 0 0
962 179 103 0 0
963 180 103 0 0
964 181 103 0 0
965 180 103 0 0
966 181 103 0 0
967 182 103 0 0
968 181 103 0 0
969 182 103 0 0
970 183 103 0 0
971 182 103 0 0
972 183 103 0 0
973 182 103 0 0
974 183 103 0 0
975 184 103 0 0
976 183 103 0 0
977 184 103 0 0
978 185 103 0 0
979 184 103 0 0
980 185 103 0 0
981 186 103 0 0
982 185 103 0 0
983 186 103 0 0
984 187 103 0 0
985 186 103 0 0
986 187 103 0 0
987 186 103 0 0
988 187 103 0 0
989 188 103 0 0
990 189 103 0 0
991 188 103 0 0
992 189 103 0 0
993 188 103 0 0
994 189 103 0 0
995 190 103 0 0
996 189 103 0 0
997 190 103 0 0
998 191 103 0 0
999 190 103 0 0
1000 191 103 0 0
1001 192 103 0 0
1002 191 103 0 0
1003 192 103 0 0
1004 193 103 0 0
1005 192 103 0 0
1006 193 103 0 0
1007 192 103 0 0
1008 193 103 0 0
1009 194 103 0 0
1010 193 103 0 0
1011 194 103 0 0
1012 193 103 0 0
1013 194 103 0 0
