0 1 102 0 0
1 2 102 0 0
2 1 102 0 0
3 2 102 0 0
4 1 102 0 0
5 2 102 0 0
6 3 102 0 0
7 2 102 0 0
8 3 102 0 0
9 2 102 0 0
10 3 102 0 0
11 4 102 0 0
12 3 102 0 0
13 4 102 0 0
14 5 102 0 0
15 4 102 0 0
16 5 102 0 0
17 4 102 0 0
18 5 102 0 0
19 6 102 0 0
20 5 102 0 0
21 6 102 0 0
22 5 102 0 0
23 6 102 0 0
24 7 102 0 0
25 6 102 0 0
26 7 102 0 0
27 6 102 0 0
28 7 102 0 0
29 8 102 0 0
30 7 102 0 0
31 8 102 0 0
32 7 102 0 0
33 8 102 0 0
34 9 102 0 0
35 8 102 0 0
36 9 102 0 0
37 10 102 0 0
38 9 102 0 0
39 10 102 0 0
40 9 102 0 0
41 10 102 0 0
42 11 102 0 0
43 10 102 0 0
44 11 102 0 0
45 12 102 0 0
46 11 102 0 0
47 12 102 0 0
48 11 102 0 0
49 12 102 0 0
50 13 102 0 0
51 12 102 0 0
52 13 102 0 0
53 12 102 0 0
54 13 102 0 0
55 14 102 0 0
56 13 102 0 0
57 14 102 0 0
58 15 102 0 0
59 14 102 0 0
60 15 102 0 0
61 14 102 0 0
62 15 102 0 0
63 16 102 0 0
64 15 102 0 0
65 16 102 0 0
66 15 102 0 0
67 16 102 0 0
68 16 101 0 0
69 17 101 0 0
70 16 101 0 0
71 17 101 0 0
72 18 101 0 0
73 17 101 0 0
74 18 101 0 0
75 17 101 0 0
76 18 101 0 0
77 19 101 0 0
78 18 101 0 0
79 19 101 0 0
80 18 101 0 0
81 19 101 0 0
82 20 101 0 0
83 19 101 0 0
84 20 101 0 0
85 19 101 0 0
86 20 101 0 0
87 21 101 0 0
88 20 101 0 0
89 21 101 0 0
90 22 101 0 0
91 21 101 0 0
92 22 101 0 0
93 21 101 0 0
94 22 101 0 0
95 23 101 0 0
96 22 101 0 0
97 23 101 0 0
98 22 101 0 0
99 23 101 0 0
100 24 101 0 0
101 23 101 0 0
102 24 101 0 0
103 25 101 0 0
104 24 101 0 0
105 25 101 0 0
106 24 101 0 0
107 25 101 0 0
108 26 101 0 0
109 25 101 0 0
110 26 101 0 0
111 27 101 0 0
112 26 101 0 0
113 27 101 0 0
114 26 101 0 0
115 27 101 0 0
116 28 101 0 0
117 27 101 0 0
118 28 101 0 0
119 27 101 0 0
120 28 101 0 0
121 29 101 0 0
122 28 101 0 0
123 29 101 0 0
124 30 101 0 0
125 29 101 0 0
126 30 101 0 0
127 29 101 0 0
128 30 101 0 0
129 31 101 0 0
130 30 101 0 0
131 31 101 0 0
132 30 101 0 0
133 31 101 0 0
134 32 101 0 0
135 31 101 0 0
136 32 101 0 0
137 31 101 0 0
138 31 100 0 0
139 32 100 0 0
140 33 100 0 0
141 32 100 0 0
142 33 100 0 0
143 32 100 0 0
144 33 100 0 0
145 34 100 0 0
146 33 100 0 0
147 34 100 0 0
148 35 100 0 0
149 34 100 0 0
150 35 100 0 0
151 34 100 0 0
152 35 100 0 0
153 36 100 0 0
154 35 100 0 0
155 36 100 0 0
156 35 100 0 0
157 36 100 0 0
158 37 100 0 0
159 36 100 0 0
160 37 100 0 0
161 38 100 0 0
162 37 100 0 0
163 38 100 0 0
164 37 100 0 0
165 38 100 0 0
166 39 100 0 0
167 38 100 0 0
168 39 100 0 0
169 40 100 0 0
170 39 100 0 0
171 40 100 0 0
172 39 100 0 0
173 40 100 0 0
174 41 100 0 0
175 40 100 0 0
176 41 100 0 0
177 42 100 0 0
178 41 100 0 0
179 42 100 0 0
180 41 100 0 0
181 42 100 0 0
182 43 100 0 0
183 42 100 0 0
184 43 100 0 0
185 42 100 0 0
186 43 100 0 0
187 44 100 0 0
188 43 100 0 0
189 44 100 0 0
190 43 100 0 0
191 44 100 0 0
192 45 100 0 0
193 44 100 0 0
194 45 100 0 0
195 44 100 0 0
196 45 100 0 0
197 46 100 0 0
198 45 100 0 0
199 46 100 0 0
200 47 100 0 0
201 46 100 0 0
202 47 100 0 0
203 46 100 0 0
204 47 100 0 0
205 48 100 0 0
206 47 100 0 0
207 47 99 0 0
208 48 99 0 0
209 47 99 0 0
210 48 99 0 0
211 49 99 0 0
212 48 99 0 0
213 49 99 0 0
214 50 99 0 0
215 49 99 0 0
216 50 99 0 0
217 49 99 0 0
218 50 99 0 0
219 51 99 0 0
220 50 99 0 0
221 51 99 0 0
222 52 99 0 0
223 51 99 0 0
224 52 99 0 0
225 51 99 0 0
226 52 99 0 0
227 53 99 0 0
228 52 99 0 0
229 53 99 0 0
230 52 99 0 0
231 53 99 0 0
232 54 99 0 0
233 53 99 0 0
234 54 99 0 0
235 55 99 0 0
236 54 99 0 0
237 55 99 0 0
238 54 99 0 0
239 55 99 0 0
240 56 99 0 0
241 55 99 0 0
242 56 99 0 0
243 55 99 0 0
244 56 99 0 0
245 57 99 0 0
246 56 99 0 0
247 57 99 0 0
248 56 99 0 0
249 57 99 0 0
250 58 99 0 0
251 57 99 0 0
252 58 99 0 0
253 57 99 0 0
254 58 99 0 0
255 59 99 0 0
256 58 99 0 0
257 59 99 0 0
258 60 99 0 0
259 59 99 0 0
260 60 99 0 0
261 59 99 0 0
262 60 99 0 0
263 61 99 0 0
264 60 99 0 0
265 61 99 0 0
266 62 99 0 0
267 61 99 0 0
268 62 99 0 0
269 61 99 0 0
270 62 99 0 0
271 63 99 0 0
272 62 99 0 0
273 63 99 0 0
274 62 99 0 0
275 63 99 0 0
276 63 98 0 0
277 64 98 0 0
278 63 98 0 0
279 64 98 0 0
280 65 98 0 0
281 64 98 0 0
282 65 98 0 0
283 64 98 0 0
284 65 98 0 0
285 66 98 0 0
286 65 98 0 0
287 66 98 0 0
288 67 98 0 0
289 66 98 0 0
290 67 98 0 0
291 66 98 0 0
292 67 98 0 0
293 68 98 0 0
294 67 98 0 0
295 68 98 0 0
296 67 98 0 0
297 68 98 0 0
298 69 98 0 0
299 68 98 0 0
300 69 98 0 0
301 68 98 0 0
302 69 98 0 0
303 70 98 0 0
304 69 98 0 0
305 70 98 0 0
306 69 98 0 0
307 70 98 0 0
308 71 98 0 0
309 70 98 0 0
310 71 98 0 0
311 72 98 0 0
312 71 98 0 0
313 72 98 0 0
314 71 98 0 0
315 72 98 0 0
316 73 98 0 0
317 72 98 0 0
318 72 97 0 0
319 73 97 0 0
320 72 97 0 0
321 73 97 0 0
322 72 97 0 0
323 73 97 0 0
324 74 97 0 0
325 73 97 0 0
326 74 97 0 0
327 75 97 0 0
328 74 97 0 0
329 75 97 0 0
330 74 97 0 0
331 74 96 0 0
332 75 96 0 0
333 74 96 0 0
334 75 96 0 0
335 76 96 0 0
336 75 96 0 0
337 76 96 0 0
338 75 96 0 0
339 76 96 0 0
340 77 96 0 0
341 76 96 0 0
342 77 96 0 0
343 76 96 0 0
344 76 95 0 0
345 77 95 0 0
346 78 95 0 0
347 77 95 0 0
348 78 95 0 0
349 77 95 0 0
350 78 95 0 0
351 79 95 0 0
352 78 95 0 0
353 79 95 0 0
354 78 95 0 0
355 79 95 0 0
356 80 95 0 0
357 79 95 0 0
358 79 94 0 0
359 80 94 0 0
360 79 94 0 0
361 80 94 0 0
362 81 94 0 0
363 80 94 0 0
364 81 94 0 0
365 80 94 0 0
366 81 94 0 0
367 80 94 0 0
368 81 94 0 0
369 82 94 0 0
370 81 94 0 0
371 82 94 0 0
372 81 94 0 0
373 81 93 0 0
374 82 93 0 0
375 83 93 0 0
376 82 93 0 0
377 83 93 0 0
378 82 93 0 0
379 83 93 0 0
380 84 93 0 0
381 83 93 0 0
382 84 93 0 0
383 83 93 0 0
384 84 93 0 0
385 85 93 0 0
386 84 93 0 0
387 84 92 0 0
388 85 92 0 0
389 84 92 0 0
390 85 92 0 0
391 86 92 0 0
392 85 92 0 0
393 86 92 0 0
394 85 92 0 0
395 86 92 0 0
396 85 92 0 0
397 86 92 0 0
398 87 92 0 0
399 86 92 0 0
400 86 91 0 0
401 87 91 0 0
402 88 91 0 0
403 87 91 0 0
404 88 91 0 0
405 87 91 0 0
406 88 91 0 0
407 87 91 0 0
408 88 91 0 0
409 89 91 0 0
410 88 91 0 0
411 89 91 0 0
412 88 91 0 0
413 88 90 0 0
414 89 90 0 0
415 90 90 0 0
416 89 90 0 0
417 90 90 0 0
418 89 90 0 0
419 90 90 0 0
420 91 90 0 0
421 90 90 0 0
422 91 90 0 0
423 90 90 0 0
424 91 90 0 0
425 91 89 0 0
426 92 89 0 0
427 91 89 0 0
428 91 90 0 0
429 92 90 0 0
430 91 90 0 0
431 92 90 0 0
432 91 90 0 0
433 92 90 0 0
434 91 90 0 0
435 92 90 0 0
436 93 90 0 0
437 92 90 0 0
438 93 90 0 0
439 92 90 0 0
440 93 90 0 0
441 94 90 0 0
442 93 90 0 0
443 94 90 0 0
444 93 90 0 0
445 94 90 0 0
446 93 90 0 0
447 94 90 0 0
448 95 90 0 0
449 94 90 0 0
450 95 90 0 0
451 94 90 0 0
452 95 90 0 0
453 96 90 0 0
454 95 90 0 0
455 96 90 0 0
456 95 90 0 0
457 96 90 0 0
458 95 90 0 0
459 96 90 0 0
460 97 90 0 0
461 96 90 0 0
462 97 90 0 0
463 96 90 0 0
464 97 90 0 0
465 96 90 0 0
466 97 90 0 0
467 98 90 0 0
468 97 90 0 0
469 98 90 0 0
470 97 90 0 0
471 98 90 0 0
472 98 91 0 0
473 99 91 0 0
474 98 91 0 0
475 99 91 0 0
476 98 91 0 0
477 99 91 0 0
478 98 91 0 0
479 99 91 0 0
480 100 91 0 0
481 99 91 0 0
482 100 91 0 0
483 99 91 0 0
484 100 91 0 0
485 101 91 0 0
486 100 91 0 0
487 101 91 0 0
488 100 91 0 0
489 101 91 0 0
490 100 91 0 0
491 101 91 0 0
492 102 91 0 0
493 101 91 0 0
494 102 91 0 0
495 101 91 0 0
496 102 91 0 0
497 101 91 0 0
498 102 91 0 0
499 103 91 0 0
500 102 91 0 0
501 103 91 0 0
502 102 91 0 0
503 103 91 0 0
504 102 91 0 0
505 103 91 0 0
506 104 91 0 0
507 103 91 0 0
508 104 91 0 0
509 103 91 0 0
510 104 91 0 0
511 103 91 0 0
512 104 91 0 0
513 105 91 0 0
514 104 91 0 0
515 105 91 0 0
516 104 91 0 0
517 104 92 0 0
518 105 92 0 0
519 106 92 0 0
520 105 92 0 0
521 106 92 0 0
522 105 92 0 0
523 106 92 0 0
524 105 92 0 0
525 106 92 0 0
526 107 92 0 0
527 106 92 0 0
528 107 92 0 0
529 106 92 0 0
530 107 92 0 0
531 108 92 0 0
532 107 92 0 0
533 108 92 0 0
534 107 92 0 0
535 108 92 0 0
536 107 92 0 0
537 108 92 0 0
538 109 92 0 0
539 108 92 0 0
540 109 92 0 0
541 108 92 0 0
542 109 92 0 0
543 108 92 0 0
544 109 92 0 0
545 110 92 0 0
546 109 92 0 0
547 110 92 0 0
548 109 92 0 0
549 110 92 0 0
550 111 92 0 0
551 110 92 0 0
552 111 92 0 0
553 110 92 0 0
554 111 92 0 0
555 110 92 0 0
556 111 92 0 0
557 112 92 0 0
558 111 92 0 0
559 112 92 0 0
560 111 92 0 0
561 111 93 0 0
562 112 93 0 0
563 111 93 0 0
564 112 93 0 0
565 111 93 0 0
566 112 93 0 0
567 113 93 0 0
568 112 93 0 0
569 113 93 0 0
570 112 93 0 0
571 113 93 0 0
572 114 93 0 0
573 113 93 0 0
574 114 93 0 0
575 113 93 0 0
576 114 93 0 0
577 113 93 0 0
578 114 93 0 0
579 115 93 0 0
580 114 93 0 0
581 115 93 0 0
582 114 93 0 0
583 115 93 0 0
584 116 93 0 0
585 115 93 0 0
586 116 93 0 0
587 115 93 0 0
588 116 93 0 0
589 115 93 0 0
590 116 93 0 0
591 117 93 0 0
592 116 93 0 0
593 117 93 0 0
594 116 93 0 0
595 117 93 0 0
596 116 93 0 0
597 117 93 0 0
598 118 93 0 0
599 117 93 0 0
600 118 93 0 0
601 117 93 0 0
602 118 93 0 0
603 119 93 0 0
604 118 93 0 0
605 118 94 0 0
606 119 94 0 0
607 118 94 0 0
608 119 94 0 0
609 118 94 0 0
610 119 94 0 0
611 120 94 0 0
612 119 94 0 0
613 120 94 0 0
614 119 94 0 0
615 120 94 0 0
616 121 94 0 0
617 120 94 0 0
618 121 94 0 0
619 120 94 0 0
620 121 94 0 0
621 120 94 0 0
622 121 94 0 0
623 122 94 0 0
624 121 94 0 0
625 122 94 0 0
626 121 94 0 0
627 122 94 0 0
628 121 94 0 0
629 122 94 0 0
630 123 94 0 0
631 122 94 0 0
632 123 94 0 0
633 122 94 0 0
634 123 94 0 0
635 122 94 0 0
636 122 95 0 0
637 123 95 0 0
638 122 95 0 0
639 123 95 0 0
640 124 95 0 0
641 123 95 0 0
642 124 95 0 0
643 123 95 0 0
644 124 95 0 0
645 123 95 0 0
646 124 95 0 0
647 123 95 0 0
648 124 95 0 0
649 123 95 0 0
650 124 95 0 0
651 125 95 0 0
652 124 95 0 0
653 125 95 0 0
654 124 95 0 0
655 124 96 0 0
656 125 96 0 0
657 124 96 0 0
658 125 96 0 0
659 126 96 0 0
660 125 96 0 0
661 126 96 0 0
662 125 96 0 0
663 126 96 0 0
664 125 96 0 0
665 126 96 0 0
666 125 96 0 0
667 126 96 0 0
668 127 96 0 0
669 126 96 0 0
670 127 96 0 0
671 126 96 0 0
672 127 96 0 0
673 126 96 0 0
674 127 96 0 0
675 128 96 0 0
676 127 96 0 0
677 127 97 0 0
678 128 97 0 0
679 127 97 0 0
680 128 97 0 0
681 127 97 0 0
682 128 97 0 0
683 127 97 0 0
684 128 97 0 0
685 129 97 0 0
686 128 97 0 0
687 129 97 0 0
688 128 97 0 0
689 129 97 0 0
690 128 97 0 0
691 129 97 0 0
692 130 97 0 0
693 129 97 0 0
694 130 97 0 0
695 129 97 0 0
696 130 97 0 0
697 129 97 0 0
698 130 97 0 0
699 130 98 0 0
700 131 98 0 0
701 130 98 0 0
702 131 98 0 0
703 130 98 0 0
704 131 98 0 0
705 130 98 0 0
706 131 98 0 0
707 130 98 0 0
708 131 98 0 0
709 132 98 0 0
710 131 98 0 0
711 132 98 0 0
712 131 98 0 0
713 132 98 0 0
714 131 98 0 0
715 132 98 0 0
716 133 98 0 0
717 132 98 0 0
718 133 98 0 0
719 132 98 0 0
720 132 99 0 0
721 133 99 0 0
722 132 99 0 0
723 133 99 0 0
724 134 99 0 0
725 133 99 0 0
726 134 99 0 0
727 133 99 0 0
728 134 99 0 0
729 135 99 0 0
730 134 99 0 0
731 135 99 0 0
732 134 99 0 0
733 135 99 0 0
734 134 99 0 0
735 135 99 0 0
736 136 99 0 0
737 135 99 0 0
738 135 100 0 0
739 136 100 0 0
740 135 100 0 0
741 136 100 0 0
742 135 100 0 0
743 136 100 0 0
744 137 100 0 0
745 136 100 0 0
746 137 100 0 0
747 136 100 0 0
748 137 100 0 0
749 138 100 0 0
750 137 100 0 0
751 138 100 0 0
752 137 100 0 0
753 138 100 0 0
754 137 100 0 0
755 138 100 0 0
756 139 100 0 0
757 138 100 0 0
758 139 100 0 0
759 138 100 0 0
760 139 100 0 0
761 140 100 0 0
762 139 100 0 0
763 140 100 0 0
764 139 100 0 0
765 140 100 0 0
766 139 100 0 0
767 140 100 0 0
768 141 100 0 0
769 140 100 0 0
770 141 100 0 0
771 140 100 0 0
772 141 100 0 0
773 142 100 0 0
774 141 100 0 0
775 142 100 0 0
776 141 100 0 0
777 142 100 0 0
778 141 100 0 0
779 142 100 0 0
780 142 99 0 0
781 143 99 0 0
782 142 99 0 0
783 142 100 0 0
784 143 100 0 0
785 142 100 0 0
786 143 100 0 0
787 144 100 0 0
788 143 100 0 0
789 144 100 0 0
790 143 100 0 0
791 144 100 0 0
792 145 100 0 0
793 144 100 0 0
794 145 100 0 0
795 144 100 0 0
796 145 100 0 0
797 144 100 0 0
798 145 100 0 0
799 146 100 0 0
800 145 100 0 0
801 146 100 0 0
802 145 100 0 0
803 146 100 0 0
804 147 100 0 0
805 146 100 0 0
806 147 100 0 0
807 146 100 0 0
808 147 100 0 0
809 146 100 0 0
810 147 100 0 0
811 148 100 0 0
812 147 100 0 0
813 148 100 0 0
814 147 100 0 0
815 148 100 0 0
816 149 100 0 0
817 148 100 0 0
818 148 101 0 0
819 149 101 0 0
820 148 101 0 0
821 149 101 0 0
822 148 101 0 0
823 149 101 0 0
824 150 101 0 0
825 149 101 0 0
826 150 101 0 0
827 149 101 0 0
828 150 101 0 0
829 149 101 0 0
830 150 101 0 0
831 151 101 0 0
832 150 101 0 0
833 151 101 0 0
834 150 101 0 0
835 151 101 0 0
836 152 101 0 0
837 151 101 0 0
838 152 101 0 0
839 153 101 0 0
840 152 101 0 0
841 153 101 0 0
842 152 101 0 0
843 153 101 0 0
844 154 101 0 0
845 153 101 0 0
846 154 101 0 0
847 155 101 0 0
848 154 101 0 0
849 155 101 0 0
850 154 101 0 0
851 155 101 0 0
852 156 101 0 0
853 155 101 0 0
854 156 101 0 0
855 155 101 0 0
856 156 101 0 0
857 157 101 0 0
858 156 101 0 0
859 157 101 0 0
860 158 101 0 0
861 157 101 0 0
862 158 101 0 0
863 157 101 0 0
864 158 101 0 0
865 159 101 0 0
866 158 101 0 0
867 159 101 0 0
868 160 101 0 0
869 159 101 0 0
870 160 101 0 0
871 159 101 0 0
872 160 101 0 0
873 159 101 0 0
874 160 101 0 0
875 161 101 0 0
876 160 101 0 0
877 161 101 0 0
878 160 101 0 0
879 161 101 0 0
880 162 101 0 0
881 161 101 0 0
882 162 101 0 0
883 161 101 0 0
884 162 101 0 0
885 163 101 0 0
886 162 101 0 0
887 163 101 0 0
888 162 101 0 0
889 163 101 0 0
890 162 101 0 0
891 163 101 0 0
892 164 101 0 0
893 163 101 0 0
894 164 101 0 0
895 165 101 0 0
896 164 101 0 0
897 165 101 0 0
898 164 101 0 0
899 165 101 0 0
900 164 101 0 0
901 165 101 0 0
902 166 101 0 0
903 165 101 0 0
904 166 101 0 0
905 167 101 0 0
906 166 101 0 0
907 167 101 0 0
908 166 101 0 0
909 167 101 0 0
910 166 101 0 0
911 167 101 0 0
912 168 101 0 0
913 167 101 0 0
914 168 101 0 0
915 167 101 0 0
916 168 101 0 0
917 169 101 0 0
918 168 101 0 0
919 169 101 0 0
920 168 101 0 0
921 169 101 0 0
922 170 101 0 0
923 169 101 0 0
924 170 101 0 0
925 169 101 0 0
926 170 101 0 0
927 171 101 0 0
928 170 101 0 0
929 171 101 0 0
930 170 101 0 0
931 171 101 0 0
932 172 101 0 0
933 171 101 0 0
934 172 101 0 0
935 173 101 0 0
936 172 101 0 0
937 173 101 0 0
938 172 101 0 0
939 173 101 0 0
940 174 101 0 0
941 173 101 0 0
942 174 101 0 0
943 173 101 0 0
944 174 101 0 0
945 175 101 0 0
946 174 101 0 0
947 175 101 0 0
948 174 101 0 0
949 175 101 0 0
950 176 101 0 0
951 175 101 0 0
952 176 101 0 0
953 175 101 0 0
954 176 101 0 0
955 177 101 0 0
956 176 101 0 0
957 177 101 0 0
958 178 101 0 0
959 177 101 0 0
960 178 101 0 0
961 177 101 0 0
962 178 101 0 0
963 179 101 0 0
964 178 101 0 0
965 179 101 0 0
966 178 101 0 0
967 179 101 0 0
968 180 101 0 0
969 179 101 0 0
970 180 101 0 0
971 179 101 0 0
972 180 101 0 0
973 181 101 0 0
974 180 101 0 0
975 181 101 0 0
976 182 101 0 0
977 181 101 0 0
978 182 101 0 0
979 181 101 0 0
980 182 101 0 0
981 181 101 0 0
982 182 101 0 0
983 183 101 0 0
984 182 101 0 0
985 182 102 0 0
986 183 102 0 0
987 182 102 0 0
988 183 102 0 0
989 184 102 0 0
990 183 102 0 0
991 184 102 0 0
992 185 102 0 0
993 184 102 0 0
994 185 102 0 0
995 184 102 0 0
996 185 102 0 0
997 186 102 0 0
998 185 102 0 0
999 186 102 0 0
1000 187 102 0 0
1001 186 102 0 0
1002 187 102 0 0
1003 186 102 0 0
1004 187 102 0 0
1005 186 102 0 0
1006 187 102 0 0
1007 188 102 0 0
1008 187 102 0 0
1009 188 102 0 0
1010 189 102 0 0
1011 188 102 0 0
1012 189 102 0 0
1013 188 102 0 0
1014 189 102 0 0
1015 190 102 0 0
1016 189 102 0 0
1017 190 102 0 0
1018 189 102 0 0
1019 190 102 0 0
1020 191 102 0 0
1021 190 102 0 0
1022 191 102 0 0
1023 190 102 0 0
1024 191 102 0 0
1025 192 102 0 0
1026 191 102 0 0
1027 192 102 0 0
1028 191 102 0 0
1029 192 102 0 0
1030 193 102 0 0
1031 192 102 0 0
1032 193 102 0 0
1033 192 102 0 0
1034 193 102 0 0
1035 194 102 0 0
1036 193 102 0 0
1037 194 102 0 0
1038 193 102 0 0
1039 194 102 0 0
1040 195 102 0 0
1041 194 102 0 0
1042 195 102 0 0
1043 194 102 0 0
1044 195 102 0 0
