0 2 97 0 0
1 3 97 0 0
2 4 97 0 0
3 3 97 0 0
4 4 97 0 0
5 5 97 0 0
6 4 97 0 0
7 5 97 0 0
8 6 97 0 0
9 5 97 0 0
10 6 97 0 0
11 7 97 0 0
12 6 97 0 0
13 7 97 0 0
14 8 97 0 0
15 7 97 0 0
16 8 97 0 0
17 9 97 0 0
18 8 97 0 0
19 9 97 0 0
20 10 97 0 0
21 9 97 0 0
22 10 97 0 0
23 11 97 0 0
24 10 97 0 0
25 11 97 0 0
26 12 97 0 0
27 11 97 0 0
28 12 97 0 0
29 13 97 0 0
30 12 97 0 0
31 13 97 0 0
32 12 97 0 0
33 13 97 0 0
34 14 97 0 0
35 13 97 0 0
36 14 97 0 0
37 15 97 0 0
38 14 97 0 0
39 15 97 0 0
40 16 97 0 0
41 15 97 0 0
42 16 97 0 0
43 17 97 0 0
44 16 97 0 0
45 17 97 0 0
46 18 97 0 0
47 17 97 0 0
48 18 97 0 0
49 19 97 0 0
50 18 97 0 0
51 19 97 0 0
52 20 97 0 0
53 19 97 0 0
54 20 97 0 0
55 19 97 0 0
56 20 97 0 0
57 21 97 0 0
58 22 97 0 0
59 21 97 0 0
60 22 97 0 0
61 21 97 0 0
62 22 97 0 0
63 23 97 0 0
64 22 97 0 0
65 23 97 0 0
66 24 97 0 0
67 23 97 0 0
68 24 97 0 0
69 25 97 0 0
70 24 97 0 0
71 25 97 0 0
72 26 97 0 0
73 25 97 0 0
74 26 97 0 0
75 27 97 0 0
76 26 97 0 0
77 26 98 0 0
78 27 98 0 0
79 28 98 0 0
80 27 98 0 0
81 28 98 0 0
82 27 98 0 0
83 28 98 0 0
84 29 98 0 0
85 30 98 0 0
86 29 98 0 0
87 30 98 0 0
88 29 98 0 0
89 30 98 0 0
90 31 98 0 0
91 32 98 0 0
92 31 98 0 0
93 32 98 0 0
94 31 98 0 0
95 32 98 0 0
96 33 98 0 0
97 32 98 0 0
98 33 98 0 0
99 34 98 0 0
100 33 98 0 0
101 34 98 0 0
102 35 98 0 0
103 34 98 0 0
104 35 98 0 0
105 36 98 0 0
106 35 98 0 0
107 36 98 0 0
108 37 98 0 0
109 36 98 0 0
110 37 98 0 0
111 38 98 0 0
112 37 98 0 0
113 38 98 0 0
114 39 98 0 0
115 38 98 0 0
116 39 98 0 0
117 38 98 0 0
118 39 98 0 0
119 40 98 0 0
120 39 98 0 0
121 40 98 0 0
122 41 98 0 0
123 40 98 0 0
124 41 98 0 0
125 42 98 0 0
126 41 98 0 0
127 42 98 0 0
128 43 98 0 0
129 42 98 0 0
130 43 98 0 0
131 44 98 0 0
132 43 98 0 0
133 44 98 0 0
134 45 98 0 0
135 44 98 0 0
136 45 98 0 0
137 46 98 0 0
138 45 98 0 0
139 45 99 0 0
140 46 99 0 0
141 45 99 0 0
142 46 99 0 0
143 47 99 0 0
144 46 99 0 0
145 47 99 0 0
146 48 99 0 0
147 47 99 0 0
148 48 99 0 0
149 47 99 0 0
150 48 99 0 0
151 49 99 0 0
152 48 99 0 0
153 49 99 0 0
154 50 99 0 0
155 49 99 0 0
156 50 99 0 0
157 51 99 0 0
158 50 99 0 0
159 50 100 0 0
160 51 100 0 0
161 52 100 0 0
162 51 100 0 0
163 52 100 0 0
164 51 100 0 0
165 52 100 0 0
166 53 100 0 0
167 52 100 0 0
168 53 100 0 0
169 54 100 0 0
170 53 100 0 0
171 54 100 0 0
172 55 100 0 0
173 54 100 0 0
174 55 100 0 0
175 54 100 0 0
176 55 100 0 0
177 56 100 0 0
178 55 100 0 0
179 55 101 0 0
180 56 101 0 0
181 57 101 0 0
182 56 101 0 0
183 57 101 0 0
184 56 101 0 0
185 57 101 0 0
186 58 101 0 0
187 59 101 0 0
188 58 101 0 0
189 59 101 0 0
190 58 101 0 0
191 59 101 0 0
192 60 101 0 0
193 59 101 0 0
194 60 101 0 0
195 61 101 0 0
196 60 101 0 0
197 61 101 0 0
198 62 101 0 0
199 61 101 0 0
200 62 101 0 0
201 63 101 0 0
202 62 101 0 0
203 63 101 0 0
204 64 101 0 0
205 63 101 0 0
206 64 101 0 0
207 65 101 0 0
208 64 101 0 0
209 65 101 0 0
210 66 101 0 0
211 65 101 0 0
212 66 101 0 0
213 65 101 0 0
214 66 101 0 0
215 67 101 0 0
216 68 101 0 0
217 67 101 0 0
218 67 100 0 0
219 68 100 0 0
220 67 100 0 0
221 67 101 0 0
222 68 101 0 0
223 69 101 0 0
224 68 101 0 0
225 69 101 0 0
226 70 101 0 0
227 69 101 0 0
228 70 101 0 0
229 70 102 0 0
230 71 102 0 0
231 70 102 0 0
232 71 102 0 0
233 72 102 0 0
234 71 102 0 0
235 72 102 0 0
236 73 102 0 0
237 72 102 0 0
238 72 103 0 0
239 73 103 0 0
240 72 103 0 0
241 73 103 0 0
242 74 103 0 0
243 73 103 0 0
244 74 103 0 0
245 75 103 0 0
246 74 103 0 0
247 75 103 0 0
248 75 104 0 0
249 76 104 0 0
250 75 104 0 0
251 76 104 0 0
252 77 104 0 0
253 76 104 0 0
254 77 104 0 0
255 78 104 0 0
256 77 104 0 0
257 77 105 0 0
258 78 105 0 0
259 79 105 0 0
260 78 105 0 0
261 79 105 0 0
262 78 105 0 0
263 79 105 0 0
264 80 105 0 0
265 79 105 0 0
266 80 105 0 0
267 80 106 0 0
268 81 106 0 0
269 80 106 0 0
270 81 106 0 0
271 82 106 0 0
272 81 106 0 0
273 82 106 0 0
274 81 106 0 0
275 81 107 0 0
276 82 107 0 0
277 83 107 0 0
278 82 107 0 0
279 83 107 0 0
280 82 107 0 0
281 83 107 0 0
282 82 107 0 0
283 82 108 0 0
284 83 108 0 0
285 84 108 0 0
286 83 108 0 0
287 84 108 0 0
288 83 108 0 0
289 83 109 0 0
290 84 109 0 0
291 85 109 0 0
292 84 109 0 0
293 85 109 0 0
294 84 109 0 0
295 85 109 0 0
296 84 109 0 0
297 84 110 0 0
298 85 110 0 0
299 86 110 0 0
300 85 110 0 0
301 86 110 0 0
302 85 110 0 0
303 85 111 0 0
304 86 111 0 0
305 85 111 0 0
306 86 111 0 0
307 87 111 0 0
308 86 111 0 0
309 87 111 0 0
310 86 111 0 0
311 86 112 0 0
312 87 112 0 0
313 88 112 0 0
314 87 112 0 0
315 88 112 0 0
316 87 112 0 0
317 87 113 0 0
318 88 113 0 0
319 87 113 0 0
320 88 113 0 0
321 89 113 0 0
322 88 113 0 0
323 89 113 0 0
324 88 113 0 0
325 88 114 0 0
326 89 114 0 0
327 90 114 0 0
328 89 114 0 0
329 90 114 0 0
330 89 114 0 0
331 89 115 0 0
332 90 115 0 0
333 89 115 0 0
334 90 115 0 0
335 91 115 0 0
336 90 115 0 0
337 91 115 0 0
338 90 115 0 0
339 90 116 0 0
340 91 116 0 0
341 92 116 0 0
342 91 116 0 0
343 92 116 0 0
344 91 116 0 0
345 91 117 0 0
346 92 117 0 0
347 91 117 0 0
348 92 117 0 0
349 93 117 0 0
350 92 117 0 0
351 93 117 0 0
352 92 117 0 0
353 92 118 0 0
354 93 118 0 0
355 92 118 0 0
356 93 118 0 0
357 92 118 0 0
358 92 119 0 0
359 93 119 0 0
360 92 119 0 0
361 93 119 0 0
362 93 120 0 0
363 94 120 0 0
364 93 120 0 0
365 94 120 0 0
366 93 120 0 0
367 93 121 0 0
368 94 121 0 0
369 93 121 0 0
370 94 121 0 0
371 93 121 0 0
372 94 121 0 0
373 94 122 0 0
374 95 122 0 0
375 94 122 0 0
376 95 122 0 0
377 94 122 0 0
378 94 123 0 0
379 95 123 0 0
380 94 123 0 0
381 95 123 0 0
382 94 123 0 0
383 94 124 0 0
384 95 124 0 0
385 94 124 0 0
386 95 124 0 0
387 96 124 0 0
388 95 124 0 0
389 95 125 0 0
390 96 125 0 0
391 95 125 0 0
392 96 125 0 0
393 95 125 0 0
394 95 126 0 0
395 96 126 0 0
396 97 126 0 0
397 96 126 0 0
398 96 127 0 0
399 97 127 0 0
400 96 127 0 0
401 97 127 0 0
402 96 127 0 0
403 96 128 0 0
404 97 128 0 0
405 96 128 0 0
406 97 128 0 0
407 96 128 0 0
408 97 128 0 0
409 96 128 0 0
410 96 129 0 0
411 97 129 0 0
412 98 129 0 0
413 97 129 0 0
414 97 130 0 0
415 98 130 0 0
416 97 130 0 0
417 98 130 0 0
418 97 130 0 0
419 97 131 0 0
420 98 131 0 0
421 99 131 0 0
422 98 131 0 0
423 99 131 0 0
424 98 131 0 0
425 98 132 0 0
426 99 132 0 0
427 98 132 0 0
428 99 132 0 0
429 98 132 0 0
430 98 133 0 0
431 99 133 0 0
432 98 133 0 0
433 99 133 0 0
434 99 134 0 0
435 100 134 0 0
436 99 134 0 0
437 100 134 0 0
438 99 134 0 0
439 99 135 0 0
440 100 135 0 0
441 99 135 0 0
442 100 135 0 0
443 99 135 0 0
444 100 135 0 0
445 99 135 0 0
446 99 136 0 0
447 100 136 0 0
448 99 136 0 0
449 100 136 0 0
450 99 136 0 0
451 100 136 0 0
452 99 136 0 0
453 99 137 0 0
454 100 137 0 0
455 99 137 0 0
456 100 137 0 0
457 99 137 0 0
458 99 138 0 0
459 100 138 0 0
460 101 138 0 0
461 100 138 0 0
462 101 138 0 0
463 100 138 0 0
464 100 139 0 0
465 101 139 0 0
466 100 139 0 0
467 101 139 0 0
468 100 139 0 0
469 101 139 0 0
470 100 139 0 0
471 100 140 0 0
472 101 140 0 0
473 100 140 0 0
474 101 140 0 0
475 100 140 0 0
476 101 140 0 0
477 100 140 0 0
478 100 141 0 0
479 101 141 0 0
480 100 141 0 0
481 101 141 0 0
482 100 141 0 0
483 100 142 0 0
484 101 142 0 0
485 102 142 0 0
486 101 142 0 0
487 102 142 0 0
488 101 142 0 0
489 101 143 0 0
490 102 143 0 0
491 101 143 0 0
492 102 143 0 0
493 101 143 0 0
494 102 143 0 0
495 101 143 0 0
496 101 144 0 0
497 102 144 0 0
498 101 144 0 0
499 102 144 0 0
500 101 144 0 0
501 101 145 0 0
502 102 145 0 0
503 101 145 0 0
504 102 145 0 0
505 101 145 0 0
506 102 145 0 0
507 101 145 0 0
508 101 146 0 0
509 102 146 0 0
510 101 146 0 0
511 102 146 0 0
512 101 146 0 0
513 102 146 0 0
514 101 146 0 0
515 101 147 0 0
516 102 147 0 0
517 103 147 0 0
518 102 147 0 0
519 102 148 0 0
520 103 148 0 0
521 102 148 0 0
522 103 148 0 0
523 102 148 0 0
524 103 148 0 0
525 102 148 0 0
526 102 149 0 0
527 103 149 0 0
528 102 149 0 0
529 103 149 0 0
530 102 149 0 0
531 103 149 0 0
532 102 149 0 0
533 102 150 0 0
534 103 150 0 0
535 102 150 0 0
536 103 150 0 0
537 102 150 0 0
538 102 151 0 0
539 103 151 0 0
540 104 151 0 0
541 103 151 0 0
542 104 151 0 0
543 103 151 0 0
544 103 152 0 0
545 104 152 0 0
546 103 152 0 0
547 104 152 0 0
548 103 152 0 0
549 103 153 0 0
550 104 153 0 0
551 103 153 0 0
552 104 153 0 0
553 103 153 0 0
554 104 153 0 0
555 104 154 0 0
556 105 154 0 0
557 104 154 0 0
558 105 154 0 0
559 104 154 0 0
560 105 154 0 0
561 104 154 0 0
562 104 155 0 0
563 105 155 0 0
564 104 155 0 0
565 105 155 0 0
566 104 155 0 0
567 104 156 0 0
568 105 156 0 0
569 104 156 0 0
570 105 156 0 0
571 104 156 0 0
572 105 156 0 0
573 104 156 0 0
574 104 157 0 0
575 105 157 0 0
576 104 157 0 0
577 105 157 0 0
578 106 157 0 0
579 105 157 0 0
580 105 158 0 0
581 106 158 0 0
582 105 158 0 0
583 106 158 0 0
584 105 158 0 0
585 106 158 0 0
586 105 158 0 0
587 105 159 0 0
588 106 159 0 0
589 105 159 0 0
590 106 159 0 0
591 105 159 0 0
592 106 159 0 0
593 105 159 0 0
594 105 160 0 0
595 106 160 0 0
596 105 160 0 0
597 106 160 0 0
598 105 160 0 0
599 106 160 0 0
600 105 160 0 0
601 105 161 0 0
602 106 161 0 0
603 105 161 0 0
604 106 161 0 0
605 105 161 0 0
606 106 161 0 0
607 105 161 0 0
608 105 162 0 0
609 106 162 0 0
610 105 162 0 0
611 106 162 0 0
612 105 162 0 0
613 106 162 0 0
614 106 163 0 0
615 107 163 0 0
616 106 163 0 0
617 107 163 0 0
618 106 163 0 0
619 107 163 0 0
620 106 163 0 0
621 106 164 0 0
622 107 164 0 0
623 106 164 0 0
624 107 164 0 0
625 106 164 0 0
626 107 164 0 0
627 106 164 0 0
628 106 165 0 0
629 107 165 0 0
630 106 165 0 0
631 107 165 0 0
632 106 165 0 0
633 107 165 0 0
634 106 165 0 0
635 107 165 0 0
636 106 165 0 0
637 106 166 0 0
638 107 166 0 0
639 108 166 0 0
640 107 166 0 0
641 108 166 0 0
642 107 166 0 0
643 107 167 0 0
644 108 167 0 0
645 107 167 0 0
646 108 167 0 0
647 107 167 0 0
648 108 167 0 0
649 107 167 0 0
650 107 168 0 0
651 108 168 0 0
652 107 168 0 0
653 108 168 0 0
654 107 168 0 0
655 108 168 0 0
656 107 168 0 0
657 107 169 0 0
658 108 169 0 0
659 107 169 0 0
660 108 169 0 0
661 107 169 0 0
662 108 169 0 0
663 107 169 0 0
664 107 170 0 0
665 108 170 0 0
666 107 170 0 0
667 108 170 0 0
668 107 170 0 0
669 108 170 0 0
670 107 170 0 0
671 107 171 0 0
672 108 171 0 0
673 107 171 0 0
674 108 171 0 0
675 109 171 0 0
676 108 171 0 0
677 108 172 0 0
678 109 172 0 0
679 108 172 0 0
680 109 172 0 0
681 108 172 0 0
682 109 172 0 0
683 108 172 0 0
684 108 173 0 0
685 109 173 0 0
686 108 173 0 0
687 109 173 0 0
688 108 173 0 0
689 109 173 0 0
690 108 173 0 0
691 109 173 0 0
692 108 173 0 0
693 108 174 0 0
694 109 174 0 0
695 108 174 0 0
696 109 174 0 0
697 108 174 0 0
698 108 175 0 0
699 109 175 0 0
700 110 175 0 0
701 109 175 0 0
702 110 175 0 0
703 109 175 0 0
704 109 176 0 0
705 110 176 0 0
706 109 176 0 0
707 110 176 0 0
708 109 176 0 0
709 109 177 0 0
710 110 177 0 0
711 109 177 0 0
712 110 177 0 0
713 109 177 0 0
714 110 177 0 0
715 109 177 0 0
716 109 178 0 0
717 110 178 0 0
718 109 178 0 0
719 110 178 0 0
720 109 178 0 0
721 109 179 0 0
722 110 179 0 0
723 109 179 0 0
724 110 179 0 0
725 109 179 0 0
726 110 179 0 0
727 109 179 0 0
728 109 180 0 0
729 110 180 0 0
730 111 180 0 0
731 110 180 0 0
732 110 181 0 0
733 111 181 0 0
734 110 181 0 0
735 111 181 0 0
736 110 181 0 0
737 111 181 0 0
738 110 181 0 0
739 110 182 0 0
740 111 182 0 0
741 110 182 0 0
742 111 182 0 0
743 110 182 0 0
744 110 183 0 0
745 111 183 0 0
746 110 183 0 0
747 111 183 0 0
748 110 183 0 0
749 111 183 0 0
750 110 183 0 0
751 110 184 0 0
752 111 184 0 0
753 112 184 0 0
754 111 184 0 0
755 111 185 0 0
756 112 185 0 0
757 111 185 0 0
758 112 185 0 0
759 111 185 0 0
760 112 185 0 0
761 111 185 0 0
762 111 186 0 0
763 112 186 0 0
764 111 186 0 0
765 112 186 0 0
766 111 186 0 0
767 111 187 0 0
768 112 187 0 0
769 111 187 0 0
770 112 187 0 0
771 111 187 0 0
772 112 187 0 0
773 111 187 0 0
774 111 188 0 0
775 112 188 0 0
776 111 188 0 0
777 112 188 0 0
778 111 188 0 0
779 111 189 0 0
780 112 189 0 0
781 111 189 0 0
782 112 189 0 0
783 113 189 0 0
784 112 189 0 0
785 112 190 0 0
786 113 190 0 0
787 112 190 0 0
788 113 190 0 0
789 112 190 0 0
790 113 190 0 0
791 112 190 0 0
792 113 190 0 0
793 112 190 0 0
794 112 191 0 0
795 113 191 0 0
796 112 191 0 0
797 112 192 0 0
798 113 192 0 0
799 112 192 0 0
800 113 192 0 0
801 112 192 0 0
802 113 192 0 0
803 112 192 0 0
804 112 193 0 0
805 113 193 0 0
806 112 193 0 0
807 113 193 0 0
808 112 193 0 0
809 112 194 0 0
810 113 194 0 0
811 112 194 0 0
812 113 194 0 0
813 112 194 0 0
814 113 194 0 0
815 112 194 0 0
816 112 195 0 0
817 113 195 0 0
818 114 195 0 0
819 113 195 0 0
820 114 195 0 0
821 113 195 0 0
822 113 196 0 0
823 114 196 0 0
824 113 196 0 0
825 114 196 0 0
826 113 196 0 0
827 114 196 0 0
828 113 196 0 0
829 114 196 0 0
830 113 196 0 0
831 113 197 0 0
832 114 197 0 0
833 113 197 0 0
834 114 197 0 0
835 113 197 0 0
836 114 197 0 0
837 113 197 0 0
838 113 198 0 0
839 114 198 0 0
840 113 198 0 0
841 114 198 0 0
842 113 198 0 0
843 113 199 0 0
844 114 199 0 0
845 115 199 0 0
846 114 199 0 0
847 114 200 0 0
848 115 200 0 0
849 114 200 0 0
850 115 200 0 0
851 114 200 0 0
852 115 200 0 0
853 114 200 0 0
854 115 200 0 0
855 114 200 0 0
856 114 201 0 0
857 115 201 0 0
858 114 201 0 0
859 115 201 0 0
860 114 201 0 0
861 114 202 0 0
862 115 202 0 0
863 114 202 0 0
864 115 202 0 0
865 114 202 0 0
866 115 202 0 0
867 114 202 0 0
868 114 203 0 0
869 115 203 0 0
870 114 203 0 0
871 115 203 0 0
872 114 203 0 0
873 115 203 0 0
874 114 203 0 0
875 115 203 0 0
876 116 203 0 0
877 115 203 0 0
878 115 204 0 0
879 116 204 0 0
880 115 204 0 0
881 116 204 0 0
882 115 204 0 0
883 116 204 0 0
884 115 204 0 0
885 115 205 0 0
886 116 205 0 0
887 115 205 0 0
888 116 205 0 0
889 115 205 0 0
890 116 205 0 0
891 115 205 0 0
892 115 206 0 0
893 116 206 0 0
894 115 206 0 0
895 116 206 0 0
896 115 206 0 0
897 116 206 0 0
898 115 206 0 0
899 115 207 0 0
900 116 207 0 0
901 117 207 0 0
902 116 207 0 0
903 117 207 0 0
904 116 207 0 0
905 117 207 0 0
906 116 207 0 0
907 116 208 0 0
908 117 208 0 0
909 116 208 0 0
910 117 208 0 0
911 116 208 0 0
912 117 208 0 0
913 116 208 0 0
914 116 209 0 0
915 117 209 0 0
916 116 209 0 0
917 117 209 0 0
918 116 209 0 0
919 117 209 0 0
920 116 209 0 0
921 116 210 0 0
922 117 210 0 0
923 116 210 0 0
924 117 210 0 0
925 116 210 0 0
926 117 210 0 0
927 116 210 0 0
928 117 210 0 0
929 117 211 0 0
930 118 211 0 0
931 117 211 0 0
932 118 211 0 0
933 117 211 0 0
934 118 211 0 0
935 117 211 0 0
936 117 212 0 0
937 118 212 0 0
938 117 212 0 0
939 118 212 0 0
940 117 212 0 0
941 118 212 0 0
942 117 212 0 0
943 117 213 0 0
944 118 213 0 0
945 117 213 0 0
946 118 213 0 0
947 117 213 0 0
948 118 213 0 0
949 117 213 0 0
950 118 213 0 0
951 117 213 0 0
952 117 214 0 0
953 118 214 0 0
954 117 214 0 0
955 118 214 0 0
956 119 214 0 0
957 118 214 0 0
958 118 215 0 0
959 119 215 0 0
960 118 215 0 0
961 119 215 0 0
962 118 215 0 0
963 119 215 0 0
964 118 215 0 0
965 118 216 0 0
966 119 216 0 0
967 118 216 0 0
968 119 216 0 0
969 118 216 0 0
970 119 216 0 0
971 118 216 0 0
972 119 216 0 0
973 118 216 0 0
974 118 217 0 0
975 119 217 0 0
976 118 217 0 0
977 119 217 0 0
978 120 217 0 0
979 119 217 0 0
980 119 218 0 0
981 120 218 0 0
982 119 218 0 0
983 120 218 0 0
984 119 218 0 0
985 120 218 0 0
986 119 218 0 0
987 120 218 0 0
988 119 218 0 0
989 119 219 0 0
990 120 219 0 0
991 119 219 0 0
992 120 219 0 0
993 119 219 0 0
994 120 219 0 0
995 119 219 0 0
996 119 220 0 0
997 120 220 0 0
998 119 220 0 0
999 120 220 0 0
1000 119 220 0 0
1001 120 220 0 0
1002 120 221 0 0
1003 121 221 0 0
1004 120 221 0 0
1005 121 221 0 0
1006 120 221 0 0
1007 121 221 0 0
1008 120 221 0 0
1009 120 222 0 0
1010 121 222 0 0
1011 120 222 0 0
1012 121 222 0 0
1013 120 222 0 0
1014 121 222 0 0
1015 120 222 0 0
1016 120 223 0 0
1017 121 223 0 0
1018 120 223 0 0
1019 121 223 0 0
1020 120 223 0 0
1021 121 223 0 0
1022 120 223 0 0
1023 120 224 0 0
1024 121 224 0 0
1025 120 224 0 0
1026 121 224 0 0
1027 120 224 0 0
1028 121 224 0 0
1029 120 224 0 0
1030 120 225 0 0
1031 121 225 0 0
1032 120 225 0 0
1033 121 225 0 0
1034 122 225 0 0
1035 121 225 0 0
1036 121 226 0 0
1037 122 226 0 0
1038 121 226 0 0
1039 122 226 0 0
1040 121 226 0 0
1041 122 226 0 0
1042 121 226 0 0
1043 121 227 0 0
1044 122 227 0 0
1045 121 227 0 0
1046 122 227 0 0
1047 121 227 0 0
1048 122 227 0 0
1049 121 227 0 0
1050 121 228 0 0
1051 122 228 0 0
1052 121 228 0 0
1053 122 228 0 0
1054 121 228 0 0
1055 121 229 0 0
1056 122 229 0 0
1057 121 229 0 0
1058 122 229 0 0
1059 121 229 0 0
1060 122 229 0 0
