0 2 97 0 0
1 2 98 0 0
2 3 98 0 0
3 4 98 0 0
4 3 98 0 0
5 4 98 0 0
6 3 98 0 0
7 4 98 0 0
8 3 98 0 0
9 4 98 0 0
10 5 98 0 0
11 4 98 0 0
12 5 98 0 0
13 6 98 0 0
14 5 98 0 0
15 6 98 0 0
16 5 98 0 0
17 6 98 0 0
18 5 98 0 0
19 6 98 0 0
20 7 98 0 0
21 6 98 0 0
22 7 98 0 0
23 6 98 0 0
24 7 98 0 0
25 8 98 0 0
26 7 98 0 0
27 8 98 0 0
28 7 98 0 0
29 8 98 0 0
30 9 98 0 0
31 8 98 0 0
32 9 98 0 0
33 8 98 0 0
34 9 98 0 0
35 10 98 0 0
36 9 98 0 0
37 10 98 0 0
38 9 98 0 0
39 10 98 0 0
40 11 98 0 0
41 10 98 0 0
42 11 98 0 0
43 10 98 0 0
44 11 98 0 0
45 10 98 0 0
46 11 98 0 0
47 12 98 0 0
48 11 98 0 0
49 12 98 0 0
50 13 98 0 0
51 12 98 0 0
52 13 98 0 0
53 12 98 0 0
54 13 98 0 0
55 12 98 0 0
56 13 98 0 0
57 14 98 0 0
58 13 98 0 0
59 14 98 0 0
60 13 98 0 0
61 14 98 0 0
62 15 98 0 0
63 14 98 0 0
64 15 98 0 0
65 14 98 0 0
66 15 98 0 0
67 16 98 0 0
68 15 98 0 0
69 15 99 0 0
70 16 99 0 0
71 15 99 0 0
72 16 99 0 0
73 15 99 0 0
74 16 99 0 0
75 17 99 0 0
76 16 99 0 0
77 17 99 0 0
78 18 99 0 0
79 17 99 0 0
80 18 99 0 0
81 17 99 0 0
82 18 99 0 0
83 17 99 0 0
84 18 99 0 0
85 19 99 0 0
86 18 99 0 0
87 19 99 0 0
88 18 99 0 0
89 19 99 0 0
90 20 99 0 0
91 19 99 0 0
92 20 99 0 0
93 19 99 0 0
94 20 99 0 0
95 21 99 0 0
96 20 99 0 0
97 21 99 0 0
98 20 99 0 0
99 21 99 0 0
100 22 99 0 0
101 21 99 0 0
102 22 99 0 0
103 21 99 0 0
104 21 100 0 0
105 22 100 0 0
106 23 100 0 0
107 22 100 0 0
108 23 100 0 0
109 22 100 0 0
110 23 100 0 0
111 24 100 0 0
112 23 100 0 0
113 24 100 0 0
114 23 100 0 0
115 24 100 0 0
116 25 100 0 0
117 24 100 0 0
118 25 100 0 0
119 24 100 0 0
120 25 100 0 0
121 26 100 0 0
122 25 100 0 0
123 26 100 0 0
124 25 100 0 0
125 26 100 0 0
126 27 100 0 0
127 26 100 0 0
128 27 100 0 0
129 26 100 0 0
130 27 100 0 0
131 28 100 0 0
132 27 100 0 0
133 28 100 0 0
134 27 100 0 0
135 28 100 0 0
136 29 100 0 0
137 28 100 0 0
138 29 100 0 0
139 28 100 0 0
140 29 100 0 0
141 30 100 0 0
142 29 100 0 0
143 30 100 0 0
144 29 100 0 0
145 30 100 0 0
146 31 100 0 0
147 30 100 0 0
148 31 100 0 0
149 30 100 0 0
150 31 100 0 0
151 30 100 0 0
152 31 100 0 0
153 32 100 0 0
154 31 100 0 0
155 32 100 0 0
156 33 100 0 0
157 32 100 0 0
158 33 100 0 0
159 32 100 0 0
160 33 100 0 0
161 32 100 0 0
162 33 100 0 0
163 34 100 0 0
164 33 100 0 0
165 34 100 0 0
166 35 100 0 0
167 34 100 0 0
168 35 100 0 0
169 34 100 0 0
170 35 100 0 0
171 34 100 0 0
172 35 100 0 0
173 36 100 0 0
174 35 100 0 0
175 36 100 0 0
176 35 100 0 0
177 36 100 0 0
178 37 100 0 0
179 36 100 0 0
180 37 100 0 0
181 36 100 0 0
182 37 100 0 0
183 38 100 0 0
184 37 100 0 0
185 38 100 0 0
186 37 100 0 0
187 38 100 0 0
188 37 100 0 0
189 38 100 0 0
190 39 100 0 0
191 38 100 0 0
192 39 100 0 0
193 40 100 0 0
194 39 100 0 0
195 40 100 0 0
196 39 100 0 0
197 40 100 0 0
198 39 100 0 0
199 40 100 0 0
200 41 100 0 0
201 40 100 0 0
202 41 100 0 0
203 42 100 0 0
204 41 100 0 0
205 41 101 0 0
206 42 101 0 0
207 41 101 0 0
208 42 101 0 0
209 41 101 0 0
210 42 101 0 0
211 43 101 0 0
212 42 101 0 0
213 43 101 0 0
214 42 101 0 0
215 43 101 0 0
216 42 101 0 0
217 43 101 0 0
218 44 101 0 0
219 43 101 0 0
220 44 101 0 0
221 45 101 0 0
222 44 101 0 0
223 45 101 0 0
224 44 101 0 0
225 45 101 0 0
226 44 101 0 0
227 45 101 0 0
228 46 101 0 0
229 45 101 0 0
230 46 101 0 0
231 47 101 0 0
232 46 101 0 0
233 47 101 0 0
234 46 101 0 0
235 47 101 0 0
236 46 101 0 0
237 47 101 0 0
238 48 101 0 0
239 47 101 0 0
240 48 101 0 0
241 47 101 0 0
242 48 101 0 0
243 49 101 0 0
244 48 101 0 0
245 49 101 0 0
246 48 101 0 0
247 49 101 0 0
248 50 101 0 0
249 49 101 0 0
250 50 101 0 0
251 49 101 0 0
252 50 101 0 0
253 49 101 0 0
254 50 101 0 0
255 51 101 0 0
256 50 101 0 0
257 51 101 0 0
258 50 101 0 0
259 51 101 0 0
260 52 101 0 0
261 51 101 0 0
262 52 101 0 0
263 51 101 0 0
264 52 101 0 0
265 53 101 0 0
266 52 101 0 0
267 53 101 0 0
268 52 101 0 0
269 53 101 0 0
270 52 101 0 0
271 53 101 0 0
272 54 101 0 0
273 53 101 0 0
274 54 101 0 0
275 53 101 0 0
276 54 101 0 0
277 55 101 0 0
278 54 101 0 0
279 55 101 0 0
280 54 101 0 0
281 55 101 0 0
282 54 101 0 0
283 55 101 0 0
284 56 101 0 0
285 55 101 0 0
286 56 101 0 0
287 55 101 0 0
288 56 101 0 0
289 55 101 0 0
290 56 101 0 0
291 57 101 0 0
292 56 101 0 0
293 57 101 0 0
294 56 101 0 0
295 57 101 0 0
296 58 101 0 0
297 57 101 0 0
298 58 101 0 0
299 57 101 0 0
300 58 101 0 0
301 57 101 0 0
302 58 101 0 0
303 59 101 0 0
304 58 101 0 0
305 59 101 0 0
306 58 101 0 0
307 59 101 0 0
308 60 101 0 0
309 59 101 0 0
310 60 101 0 0
311 59 101 0 0
312 60 101 0 0
313 59 101 0 0
314 60 101 0 0
315 61 101 0 0
316 60 101 0 0
317 61 101 0 0
318 60 101 0 0
319 61 101 0 0
320 62 101 0 0
321 61 101 0 0
322 62 101 0 0
323 61 101 0 0
324 61 100 0 0
325 62 100 0 0
326 63 100 0 0
327 62 100 0 0
328 63 100 0 0
329 62 100 0 0
330 63 100 0 0
331 62 100 0 0
332 63 100 0 0
333 64 100 0 0
334 63 100 0 0
335 64 100 0 0
336 63 100 0 0
337 64 100 0 0
338 65 100 0 0
339 64 100 0 0
340 65 100 0 0
341 64 100 0 0
342 65 100 0 0
343 64 100 0 0
344 65 100 0 0
345 66 100 0 0
346 65 100 0 0
347 66 100 0 0
348 65 100 0 0
349 66 100 0 0
350 66 99 0 0
351 67 99 0 0
352 66 99 0 0
353 67 99 0 0
354 66 99 0 0
355 67 99 0 0
356 66 99 0 0
357 67 99 0 0
358 68 99 0 0
359 67 99 0 0
360 68 99 0 0
361 67 99 0 0
362 68 99 0 0
363 69 99 0 0
364 68 99 0 0
365 69 99 0 0
366 68 99 0 0
367 69 99 0 0
368 68 99 0 0
369 69 99 0 0
370 70 99 0 0
371 69 99 0 0
372 70 99 0 0
373 69 99 0 0
374 70 99 0 0
375 69 99 0 0
376 70 99 0 0
377 70 98 0 0
378 71 98 0 0
379 70 98 0 0
380 71 98 0 0
381 70 98 0 0
382 71 98 0 0
383 70 98 0 0
384 71 98 0 0
385 72 98 0 0
386 71 98 0 0
387 72 98 0 0
388 71 98 0 0
389 72 98 0 0
390 73 98 0 0
391 72 98 0 0
392 73 98 0 0
393 72 98 0 0
394 73 98 0 0
395 72 98 0 0
396 72 97 0 0
397 73 97 0 0
398 74 97 0 0
399 73 97 0 0
400 74 97 0 0
401 73 97 0 0
402 74 97 0 0
403 75 97 0 0
404 74 97 0 0
405 75 97 0 0
406 74 97 0 0
407 75 97 0 0
408 76 97 0 0
409 75 97 0 0
410 76 97 0 0
411 75 97 0 0
412 76 97 0 0
413 75 97 0 0
414 75 96 0 0
415 76 96 0 0
416 77 96 0 0
417 76 96 0 0
418 77 96 0 0
419 76 96 0 0
420 77 96 0 0
421 78 96 0 0
422 77 96 0 0
423 78 96 0 0
424 77 96 0 0
425 78 96 0 0
426 77 96 0 0
427 78 96 0 0
428 79 96 0 0
429 78 96 0 0
430 79 96 0 0
431 79 95 0 0
432 80 95 0 0
433 79 95 0 0
434 80 95 0 0
435 79 95 0 0
436 80 95 0 0
437 79 95 0 0
438 80 95 0 0
439 79 95 0 0
440 80 95 0 0
441 81 95 0 0
442 80 95 0 0
443 81 95 0 0
444 80 95 0 0
445 81 95 0 0
446 82 95 0 0
447 81 95 0 0
448 81 94 0 0
449 82 94 0 0
450 81 94 0 0
451 82 94 0 0
452 81 94 0 0
453 82 94 0 0
454 83 94 0 0
455 82 94 0 0
456 83 94 0 0
457 82 94 0 0
458 83 94 0 0
459 82 94 0 0
460 83 94 0 0
461 84 94 0 0
462 83 94 0 0
463 84 94 0 0
464 83 94 0 0
465 83 93 0 0
466 84 93 0 0
467 85 93 0 0
468 84 93 0 0
469 85 93 0 0
470 84 93 0 0
471 85 93 0 0
472 84 93 0 0
473 85 93 0 0
474 86 93 0 0
475 85 93 0 0
476 86 93 0 0
477 85 93 0 0
478 86 93 0 0
479 86 92 0 0
480 87 92 0 0
481 86 92 0 0
482 87 92 0 0
483 86 92 0 0
484 87 92 0 0
485 86 92 0 0
486 87 92 0 0
487 88 92 0 0
488 87 92 0 0
489 88 92 0 0
490 87 92 0 0
491 88 92 0 0
492 89 92 0 0
493 88 92 0 0
494 89 92 0 0
495 88 92 0 0
496 89 92 0 0
497 88 92 0 0
498 89 92 0 0
499 89 91 0 0
500 90 91 0 0
501 89 91 0 0
502 90 91 0 0
503 89 91 0 0
504 90 91 0 0
505 91 91 0 0
506 90 91 0 0
507 91 91 0 0
508 90 91 0 0
509 91 91 0 0
510 90 91 0 0
511 91 91 0 0
512 92 91 0 0
513 91 91 0 0
514 92 91 0 0
515 93 91 0 0
516 92 91 0 0
517 93 91 0 0
518 92 91 0 0
519 93 91 0 0
520 92 91 0 0
521 93 91 0 0
522 93 90 0 0
523 94 90 0 0
524 93 90 0 0
525 94 90 0 0
526 95 90 0 0
527 94 90 0 0
528 95 90 0 0
529 94 90 0 0
530 95 90 0 0
531 94 90 0 0
532 95 90 0 0
533 96 90 0 0
534 95 90 0 0
535 96 90 0 0
536 95 90 0 0
537 96 90 0 0
538 95 90 0 0
539 96 90 0 0
540 97 90 0 0
541 96 90 0 0
542 97 90 0 0
543 96 90 0 0
544 97 90 0 0
545 98 90 0 0
546 97 90 0 0
547 98 90 0 0
548 97 90 0 0
549 98 90 0 0
550 99 90 0 0
551 98 90 0 0
552 99 90 0 0
553 98 90 0 0
554 99 90 0 0
555 100 90 0 0
556 99 90 0 0
557 100 90 0 0
558 99 90 0 0
559 100 90 0 0
560 99 90 0 0
561 100 90 0 0
562 101 90 0 0
563 100 90 0 0
564 101 90 0 0
565 100 90 0 0
566 101 90 0 0
567 102 90 0 0
568 101 90 0 0
569 102 90 0 0
570 101 90 0 0
571 102 90 0 0
572 101 90 0 0
573 102 90 0 0
574 102 89 0 0
575 103 89 0 0
576 102 89 0 0
577 102 90 0 0
578 103 90 0 0
579 102 90 0 0
580 103 90 0 0
581 104 90 0 0
582 103 90 0 0
583 104 90 0 0
584 103 90 0 0
585 104 90 0 0
586 105 90 0 0
587 104 90 0 0
588 105 90 0 0
589 104 90 0 0
590 105 90 0 0
591 104 90 0 0
592 105 90 0 0
593 106 90 0 0
594 105 90 0 0
595 106 90 0 0
596 105 90 0 0
597 106 90 0 0
598 107 90 0 0
599 106 90 0 0
600 107 90 0 0
601 106 90 0 0
602 107 90 0 0
603 108 90 0 0
604 107 90 0 0
605 108 90 0 0
606 107 90 0 0
607 108 90 0 0
608 109 90 0 0
609 108 90 0 0
610 109 90 0 0
611 108 90 0 0
612 109 90 0 0
613 108 90 0 0
614 109 90 0 0
615 110 90 0 0
616 109 90 0 0
617 110 90 0 0
618 109 90 0 0
619 110 90 0 0
620 109 90 0 0
621 110 90 0 0
622 111 90 0 0
623 110 90 0 0
624 111 90 0 0
625 110 90 0 0
626 111 90 0 0
627 112 90 0 0
628 111 90 0 0
629 111 91 0 0
630 112 91 0 0
631 111 91 0 0
632 112 91 0 0
633 113 91 0 0
634 112 91 0 0
635 113 91 0 0
636 112 91 0 0
637 113 91 0 0
638 112 91 0 0
639 113 91 0 0
640 114 91 0 0
641 113 91 0 0
642 114 91 0 0
643 113 91 0 0
644 114 91 0 0
645 115 91 0 0
646 114 91 0 0
647 115 91 0 0
648 114 91 0 0
649 115 91 0 0
650 114 91 0 0
651 115 91 0 0
652 116 91 0 0
653 115 91 0 0
654 116 91 0 0
655 115 91 0 0
656 116 91 0 0
657 115 91 0 0
658 116 91 0 0
659 117 91 0 0
660 116 91 0 0
661 117 91 0 0
662 116 91 0 0
663 117 91 0 0
664 117 92 0 0
665 118 92 0 0
666 117 92 0 0
667 118 92 0 0
668 117 92 0 0
669 118 92 0 0
670 117 92 0 0
671 118 92 0 0
672 119 92 0 0
673 118 92 0 0
674 119 92 0 0
675 118 92 0 0
676 119 92 0 0
677 120 92 0 0
678 119 92 0 0
679 120 92 0 0
680 119 92 0 0
681 120 92 0 0
682 121 92 0 0
683 120 92 0 0
684 121 92 0 0
685 120 92 0 0
686 121 92 0 0
687 122 92 0 0
688 121 92 0 0
689 122 92 0 0
690 121 92 0 0
691 122 92 0 0
692 121 92 0 0
693 121 93 0 0
694 122 93 0 0
695 123 93 0 0
696 122 93 0 0
697 123 93 0 0
698 122 93 0 0
699 123 93 0 0
700 122 93 0 0
701 123 93 0 0
702 124 93 0 0
703 123 93 0 0
704 124 93 0 0
705 123 93 0 0
706 124 93 0 0
707 125 93 0 0
708 124 93 0 0
709 125 93 0 0
710 124 93 0 0
711 125 93 0 0
712 124 93 0 0
713 125 93 0 0
714 125 94 0 0
715 126 94 0 0
716 125 94 0 0
717 126 94 0 0
718 125 94 0 0
719 126 94 0 0
720 127 94 0 0
721 126 94 0 0
722 127 94 0 0
723 126 94 0 0
724 127 94 0 0
725 126 94 0 0
726 127 94 0 0
727 128 94 0 0
728 127 94 0 0
729 128 94 0 0
730 127 94 0 0
731 128 94 0 0
732 129 94 0 0
733 128 94 0 0
734 129 94 0 0
735 128 94 0 0
736 128 95 0 0
737 129 95 0 0
738 130 95 0 0
739 129 95 0 0
740 130 95 0 0
741 129 95 0 0
742 130 95 0 0
743 131 95 0 0
744 130 95 0 0
745 131 95 0 0
746 130 95 0 0
747 131 95 0 0
748 132 95 0 0
749 131 95 0 0
750 132 95 0 0
751 133 95 0 0
752 132 95 0 0
753 133 95 0 0
754 132 95 0 0
755 133 95 0 0
756 132 95 0 0
757 133 95 0 0
758 134 95 0 0
759 133 95 0 0
760 134 95 0 0
761 133 95 0 0
762 134 95 0 0
763 135 95 0 0
764 134 95 0 0
765 135 95 0 0
766 136 95 0 0
767 135 95 0 0
768 136 95 0 0
769 135 95 0 0
770 136 95 0 0
771 135 95 0 0
772 136 95 0 0
773 137 95 0 0
774 136 95 0 0
775 137 95 0 0
776 138 95 0 0
777 137 95 0 0
778 138 95 0 0
779 137 95 0 0
780 138 95 0 0
781 139 95 0 0
782 138 95 0 0
783 139 95 0 0
784 138 95 0 0
785 139 95 0 0
786 140 95 0 0
787 139 95 0 0
788 140 95 0 0
789 139 95 0 0
790 140 95 0 0
791 141 95 0 0
792 140 95 0 0
793 141 95 0 0
794 142 95 0 0
795 141 95 0 0
796 142 95 0 0
797 141 95 0 0
798 142 95 0 0
799 143 95 0 0
800 142 95 0 0
801 143 95 0 0
802 142 95 0 0
803 142 96 0 0
804 143 96 0 0
805 144 96 0 0
806 143 96 0 0
807 144 96 0 0
808 143 96 0 0
809 144 96 0 0
810 145 96 0 0
811 144 96 0 0
812 145 96 0 0
813 146 96 0 0
814 145 96 0 0
815 146 96 0 0
816 145 96 0 0
817 146 96 0 0
818 147 96 0 0
819 146 96 0 0
820 147 96 0 0
821 148 96 0 0
822 147 96 0 0
823 148 96 0 0
824 149 96 0 0
825 148 96 0 0
826 149 96 0 0
827 148 96 0 0
828 149 96 0 0
829 150 96 0 0
830 149 96 0 0
831 150 96 0 0
832 151 96 0 0
833 150 96 0 0
834 151 96 0 0
835 150 96 0 0
836 150 97 0 0
837 151 97 0 0
838 152 97 0 0
839 151 97 0 0
840 152 97 0 0
841 153 97 0 0
842 152 97 0 0
843 153 97 0 0
844 152 97 0 0
845 153 97 0 0
846 154 97 0 0
847 153 97 0 0
848 154 97 0 0
849 153 97 0 0
850 154 97 0 0
851 155 97 0 0
852 154 97 0 0
853 155 97 0 0
854 156 97 0 0
855 155 97 0 0
856 156 97 0 0
857 155 97 0 0
858 156 97 0 0
859 157 97 0 0
860 156 97 0 0
861 157 97 0 0
862 156 97 0 0
863 157 97 0 0
864 158 97 0 0
865 157 97 0 0
866 158 97 0 0
867 159 97 0 0
868 158 97 0 0
869 159 97 0 0
870 158 97 0 0
871 159 97 0 0
872 158 97 0 0
873 159 97 0 0
874 160 97 0 0
875 159 97 0 0
876 160 97 0 0
877 161 97 0 0
878 160 97 0 0
879 161 97 0 0
880 160 97 0 0
881 161 97 0 0
882 162 97 0 0
883 161 97 0 0
884 162 97 0 0
885 161 97 0 0
886 162 97 0 0
887 163 97 0 0
888 162 97 0 0
889 163 97 0 0
890 162 97 0 0
891 163 97 0 0
892 164 97 0 0
893 163 97 0 0
894 164 97 0 0
895 165 97 0 0
896 164 97 0 0
897 165 97 0 0
898 164 97 0 0
899 165 97 0 0
900 166 97 0 0
901 165 97 0 0
902 166 97 0 0
903 165 97 0 0
904 166 97 0 0
905 167 97 0 0
906 166 97 0 0
907 167 97 0 0
908 166 97 0 0
909 167 97 0 0
910 168 97 0 0
911 167 97 0 0
912 168 97 0 0
913 167 97 0 0
914 168 97 0 0
915 169 97 0 0
916 168 97 0 0
917 169 97 0 0
918 170 97 0 0
919 169 97 0 0
920 170 97 0 0
921 169 97 0 0
922 170 97 0 0
923 171 97 0 0
924 170 97 0 0
925 171 97 0 0
926 172 97 0 0
927 171 97 0 0
928 172 97 0 0
929 171 97 0 0
930 172 97 0 0
931 173 97 0 0
932 172 97 0 0
933 173 97 0 0
934 172 97 0 0
935 172 98 0 0
936 173 98 0 0
937 174 98 0 0
938 173 98 0 0
939 174 98 0 0
940 173 98 0 0
941 174 98 0 0
942 175 98 0 0
943 174 98 0 0
944 175 98 0 0
945 174 98 0 0
946 175 98 0 0
947 176 98 0 0
948 175 98 0 0
949 176 98 0 0
950 177 98 0 0
951 176 98 0 0
952 177 98 0 0
953 176 98 0 0
954 177 98 0 0
955 178 98 0 0
956 177 98 0 0
957 178 98 0 0
958 179 98 0 0
959 178 98 0 0
960 179 98 0 0
961 178 98 0 0
962 179 98 0 0
963 180 98 0 0
964 179 98 0 0
965 180 98 0 0
966 179 98 0 0
967 180 98 0 0
968 181 98 0 0
969 180 98 0 0
970 181 98 0 0
971 182 98 0 0
972 181 98 0 0
973 182 98 0 0
974 181 98 0 0
975 182 98 0 0
976 183 98 0 0
977 182 98 0 0
978 183 98 0 0
979 184 98 0 0
980 183 98 0 0
981 184 98 0 0
982 185 98 0 0
983 184 98 0 0
984 185 98 0 0
985 184 98 0 0
986 185 98 0 0
987 186 98 0 0
988 185 98 0 0
989 186 98 0 0
990 187 98 0 0
991 186 98 0 0
992 187 98 0 0
993 188 98 0 0
994 187 98 0 0
995 188 98 0 0
996 187 98 0 0
997 188 98 0 0
998 189 98 0 0
999 188 98 0 0
1000 189 98 0 0
1001 190 98 0 0
1002 189 98 0 0
1003 190 98 0 0
1004 191 98 0 0
1005 190 98 0 0
1006 191 98 0 0
1007 192 98 0 0
1008 191 98 0 0
1009 192 98 0 0
1010 191 98 0 0
1011 192 98 0 0
1012 193 98 0 0
1013 192 98 0 0
1014 193 98 0 0
1015 192 98 0 0
1016 193 98 0 0
1017 192 98 0 0
1018 193 98 0 0
1019 194 98 0 0
1020 193 98 0 0
1021 194 98 0 0
1022 193 98 0 0
1023 194 98 0 0
1024 193 98 0 0
1025 194 98 0 0
1026 193 98 0 0
1027 194 98 0 0
1028 193 98 0 0
1029 194 98 0 0
1030 193 98 0 0
1031 194 98 0 0
1032 195 98 0 0
1033 194 98 0 0
1034 195 98 0 0
1035 194 98 0 0
1036 195 98 0 0
1037 194 98 0 0
1038 195 98 0 0
1039 194 98 0 0
1040 195 98 0 0
1041 194 98 0 0
1042 195 98 0 0
1043 194 98 0 0
1044 195 98 0 0
1045 194 98 0 0
1046 195 98 0 0
1047 196 98 0 0
1048 195 98 0 0
1049 196 98 0 0
1050 195 98 0 0
1051 196 98 0 0
1052 195 98 0 0
1053 196 98 0 0
1054 195 98 0 0
1055 196 98 0 0
1056 195 98 0 0
1057 196 98 0 0
1058 195 98 0 0
1059 196 98 0 0
1060 195 98 0 0
1061 196 98 0 0
1062 195 98 0 0
1063 196 98 0 0
1064 195 98 0 0
1065 196 98 0 0
