0 1 98 0 0
1 2 98 0 0
2 3 98 0 0
3 2 98 0 0
4 3 98 0 0
5 2 98 0 0
6 3 98 0 0
7 4 98 0 0
8 3 98 0 0
9 4 98 0 0
10 3 98 0 0
11 4 98 0 0
12 5 98 0 0
13 4 98 0 0
14 5 98 0 0
15 6 98 0 0
16 5 98 0 0
17 6 98 0 0
18 5 98 0 0
19 6 98 0 0
20 7 98 0 0
21 6 98 0 0
22 7 98 0 0
23 6 98 0 0
24 7 98 0 0
25 8 98 0 0
26 7 98 0 0
27 8 98 0 0
28 9 98 0 0
29 8 98 0 0
30 9 98 0 0
31 8 98 0 0
32 9 98 0 0
33 10 98 0 0
34 9 98 0 0
35 10 98 0 0
36 11 98 0 0
37 10 98 0 0
38 11 98 0 0
39 10 98 0 0
40 11 98 0 0
41 12 98 0 0
42 11 98 0 0
43 12 98 0 0
44 13 98 0 0
45 12 98 0 0
46 13 98 0 0
47 12 98 0 0
48 13 98 0 0
49 14 98 0 0
50 13 98 0 0
51 14 98 0 0
52 13 98 0 0
53 14 98 0 0
54 15 98 0 0
55 14 98 0 0
56 15 98 0 0
57 16 98 0 0
58 15 98 0 0
59 16 98 0 0
60 15 98 0 0
61 16 98 0 0
62 17 98 0 0
63 16 98 0 0
64 17 98 0 0
65 18 98 0 0
66 17 98 0 0
67 18 98 0 0
68 17 98 0 0
69 18 98 0 0
70 19 98 0 0
71 18 98 0 0
72 19 98 0 0
73 18 98 0 0
74 19 98 0 0
75 20 98 0 0
76 19 98 0 0
77 20 98 0 0
78 21 98 0 0
79 20 98 0 0
80 21 98 0 0
81 20 98 0 0
82 21 98 0 0
83 22 98 0 0
84 21 98 0 0
85 22 98 0 0
86 23 98 0 0
87 22 98 0 0
88 23 98 0 0
89 22 98 0 0
90 23 98 0 0
91 24 98 0 0
92 23 98 0 0
93 24 98 0 0
94 23 98 0 0
95 24 98 0 0
96 25 98 0 0
97 24 98 0 0
98 25 98 0 0
99 26 98 0 0
100 25 98 0 0
101 26 98 0 0
102 25 98 0 0
103 26 98 0 0
104 27 98 0 0
105 26 98 0 0
106 27 98 0 0
107 26 98 0 0
108 27 98 0 0
109 28 98 0 0
110 27 98 0 0
111 28 98 0 0
112 29 98 0 0
113 28 98 0 0
114 29 98 0 0
115 28 98 0 0
116 29 98 0 0
117 30 98 0 0
118 29 98 0 0
119 30 98 0 0
120 31 98 0 0
121 30 98 0 0
122 31 98 0 0
123 30 98 0 0
124 31 98 0 0
125 32 98 0 0
126 31 98 0 0
127 32 98 0 0
128 33 98 0 0
129 32 98 0 0
130 33 98 0 0
131 32 98 0 0
132 33 98 0 0
133 32 98 0 0
134 33 98 0 0
135 34 98 0 0
136 33 98 0 0
137 34 98 0 0
138 33 98 0 0
139 34 98 0 0
140 35 98 0 0
141 34 98 0 0
142 35 98 0 0
143 36 98 0 0
144 35 98 0 0
145 36 98 0 0
146 35 98 0 0
147 36 98 0 0
148 35 98 0 0
149 36 98 0 0
150 37 98 0 0
151 36 98 0 0
152 37 98 0 0
153 38 98 0 0
154 37 98 0 0
155 38 98 0 0
156 39 98 0 0
157 38 98 0 0
158 39 98 0 0
159 38 98 0 0
160 39 98 0 0
161 40 98 0 0
162 39 98 0 0
163 40 98 0 0
164 41 98 0 0
165 40 98 0 0
166 41 98 0 0
167 40 98 0 0
168 41 98 0 0
169 42 98 0 0
170 41 98 0 0
171 42 98 0 0
172 43 98 0 0
173 42 98 0 0
174 43 98 0 0
175 44 98 0 0
176 43 98 0 0
177 44 98 0 0
178 43 98 0 0
179 44 98 0 0
180 45 98 0 0
181 44 98 0 0
182 45 98 0 0
183 46 98 0 0
184 45 98 0 0
185 46 98 0 0
186 45 98 0 0
187 46 98 0 0
188 47 98 0 0
189 46 98 0 0
190 47 98 0 0
191 48 98 0 0
192 47 98 0 0
193 48 98 0 0
194 49 98 0 0
195 48 98 0 0
196 49 98 0 0
197 48 98 0 0
198 49 98 0 0
199 50 98 0 0
200 49 98 0 0
201 50 98 0 0
202 51 98 0 0
203 50 98 0 0
204 51 98 0 0
205 50 98 0 0
206 51 98 0 0
207 52 98 0 0
208 51 98 0 0
209 52 98 0 0
210 53 98 0 0
211 52 98 0 0
212 53 98 0 0
213 52 98 0 0
214 53 98 0 0
215 52 98 0 0
216 53 98 0 0
217 54 98 0 0
218 53 98 0 0
219 54 98 0 0
220 53 98 0 0
221 54 98 0 0
222 55 98 0 0
223 54 98 0 0
224 55 98 0 0
225 56 98 0 0
226 55 98 0 0
227 56 98 0 0
228 55 98 0 0
229 56 98 0 0
230 57 98 0 0
231 56 98 0 0
232 57 98 0 0
233 56 98 0 0
234 57 98 0 0
235 58 98 0 0
236 57 98 0 0
237 57 97 0 0
238 58 97 0 0
239 57 97 0 0
240 58 97 0 0
241 59 97 0 0
242 58 97 0 0
243 58 98 0 0
244 59 98 0 0
245 58 98 0 0
246 59 98 0 0
247 60 98 0 0
248 59 98 0 0
249 59 97 0 0
250 60 97 0 0
251 59 97 0 0
252 60 97 0 0
253 61 97 0 0
254 60 97 0 0
255 61 97 0 0
256 60 97 0 0
257 61 97 0 0
258 62 97 0 0
259 61 97 0 0
260 62 97 0 0
261 61 97 0 0
262 61 98 0 0
263 62 98 0 0
264 63 98 0 0
265 62 98 0 0
266 63 98 0 0
267 64 98 0 0
268 63 98 0 0
269 64 98 0 0
270 65 98 0 0
271 64 98 0 0
272 65 98 0 0
273 64 98 0 0
274 65 98 0 0
275 66 98 0 0
276 65 98 0 0
277 66 98 0 0
278 67 98 0 0
279 66 98 0 0
280 67 98 0 0
281 66 98 0 0
282 67 98 0 0
283 68 98 0 0
284 67 98 0 0
285 68 98 0 0
286 69 98 0 0
287 68 98 0 0
288 69 98 0 0
289 70 98 0 0
290 69 98 0 0
291 70 98 0 0
292 69 98 0 0
293 70 98 0 0
294 71 98 0 0
295 70 98 0 0
296 71 98 0 0
297 70 98 0 0
298 71 98 0 0
299 71 97 0 0
300 72 97 0 0
301 71 97 0 0
302 72 97 0 0
303 71 97 0 0
304 72 97 0 0
305 71 97 0 0
306 72 97 0 0
307 73 97 0 0
308 72 97 0 0
309 73 97 0 0
310 72 97 0 0
311 72 96 0 0
312 73 96 0 0
313 74 96 0 0
314 73 96 0 0
315 74 96 0 0
316 73 96 0 0
317 74 96 0 0
318 75 96 0 0
319 74 96 0 0
320 75 96 0 0
321 74 96 0 0
322 75 96 0 0
323 75 95 0 0
324 76 95 0 0
325 75 95 0 0
326 76 95 0 0
327 75 95 0 0
328 76 95 0 0
329 75 95 0 0
330 76 95 0 0
331 77 95 0 0
332 76 95 0 0
333 77 95 0 0
334 78 95 0 0
335 77 95 0 0
336 77 94 0 0
337 78 94 0 0
338 77 94 0 0
339 78 94 0 0
340 77 94 0 0
341 78 94 0 0
342 79 94 0 0
343 78 94 0 0
344 79 94 0 0
345 78 94 0 0
346 79 94 0 0
347 79 93 0 0
348 80 93 0 0
349 79 93 0 0
350 80 93 0 0
351 79 93 0 0
352 80 93 0 0
353 81 93 0 0
354 80 93 0 0
355 81 93 0 0
356 80 93 0 0
357 81 93 0 0
358 82 93 0 0
359 81 93 0 0
360 81 92 0 0
361 82 92 0 0
362 81 92 0 0
363 82 92 0 0
364 81 92 0 0
365 82 92 0 0
366 83 92 0 0
367 82 92 0 0
368 83 92 0 0
369 82 92 0 0
370 83 92 0 0
371 82 92 0 0
372 83 92 0 0
373 83 91 0 0
374 84 91 0 0
375 83 91 0 0
376 84 91 0 0
377 83 91 0 0
378 84 91 0 0
379 85 91 0 0
380 84 91 0 0
381 85 91 0 0
382 84 91 0 0
383 85 91 0 0
384 84 91 0 0
385 84 90 0 0
386 85 90 0 0
387 86 90 0 0
388 85 90 0 0
389 86 90 0 0
390 85 90 0 0
391 86 90 0 0
392 87 90 0 0
393 86 90 0 0
394 87 90 0 0
395 86 90 0 0
396 87 90 0 0
397 86 90 0 0
398 87 90 0 0
399 88 90 0 0
400 87 90 0 0
401 88 90 0 0
402 87 90 0 0
403 88 90 0 0
404 87 90 0 0
405 88 90 0 0
406 89 90 0 0
407 88 90 0 0
408 89 90 0 0
409 88 90 0 0
410 89 90 0 0
411 90 90 0 0
412 89 90 0 0
413 90 90 0 0
414 89 90 0 0
415 90 90 0 0
416 89 90 0 0
417 90 90 0 0
418 91 90 0 0
419 90 90 0 0
420 91 90 0 0
421 92 90 0 0
422 91 90 0 0
423 92 90 0 0
424 91 90 0 0
425 92 90 0 0
426 93 90 0 0
427 92 90 0 0
428 93 90 0 0
429 92 90 0 0
430 93 90 0 0
431 92 90 0 0
432 92 89 0 0
433 93 89 0 0
434 94 89 0 0
435 93 89 0 0
436 94 89 0 0
437 95 89 0 0
438 94 89 0 0
439 95 89 0 0
440 94 89 0 0
441 95 89 0 0
442 96 89 0 0
443 95 89 0 0
444 95 88 0 0
445 96 88 0 0
446 95 88 0 0
447 96 88 0 0
448 97 88 0 0
449 96 88 0 0
450 97 88 0 0
451 96 88 0 0
452 97 88 0 0
453 98 88 0 0
454 97 88 0 0
455 97 87 0 0
456 98 87 0 0
457 97 87 0 0
458 98 87 0 0
459 99 87 0 0
460 98 87 0 0
461 99 87 0 0
462 98 87 0 0
463 99 87 0 0
464 100 87 0 0
465 99 87 0 0
466 100 87 0 0
467 99 87 0 0
468 100 87 0 0
469 101 87 0 0
470 100 87 0 0
471 101 87 0 0
472 100 87 0 0
473 101 87 0 0
474 102 87 0 0
475 101 87 0 0
476 102 87 0 0
477 101 87 0 0
478 102 87 0 0
479 103 87 0 0
480 102 87 0 0
481 103 87 0 0
482 102 87 0 0
483 103 87 0 0
484 102 87 0 0
485 103 87 0 0
486 104 87 0 0
487 103 87 0 0
488 104 87 0 0
489 105 87 0 0
490 104 87 0 0
491 105 87 0 0
492 104 87 0 0
493 105 87 0 0
494 104 87 0 0
495 105 87 0 0
496 104 87 0 0
497 105 87 0 0
498 106 87 0 0
499 105 87 0 0
500 106 87 0 0
501 105 87 0 0
502 106 87 0 0
503 105 87 0 0
504 106 87 0 0
505 107 87 0 0
506 106 87 0 0
507 107 87 0 0
508 106 87 0 0
509 107 87 0 0
510 106 87 0 0
511 107 87 0 0
512 106 87 0 0
513 107 87 0 0
514 108 87 0 0
515 107 87 0 0
516 108 87 0 0
517 107 87 0 0
518 108 87 0 0
519 107 87 0 0
520 108 87 0 0
521 107 87 0 0
522 108 87 0 0
523 109 87 0 0
524 108 87 0 0
525 109 87 0 0
526 108 87 0 0
527 109 87 0 0
528 108 87 0 0
529 109 87 0 0
530 110 87 0 0
531 109 87 0 0
532 110 87 0 0
533 109 87 0 0
534 110 87 0 0
535 109 87 0 0
536 110 87 0 0
537 109 87 0 0
538 110 87 0 0
539 111 87 0 0
540 110 87 0 0
541 111 87 0 0
542 110 87 0 0
543 111 87 0 0
544 110 87 0 0
545 111 87 0 0
546 112 87 0 0
547 111 87 0 0
548 112 87 0 0
549 111 87 0 0
550 112 87 0 0
551 111 87 0 0
552 112 87 0 0
553 113 87 0 0
554 112 87 0 0
555 112 88 0 0
556 113 88 0 0
557 112 88 0 0
558 113 88 0 0
559 112 88 0 0
560 113 88 0 0
561 112 88 0 0
562 113 88 0 0
563 114 88 0 0
564 113 88 0 0
565 114 88 0 0
566 113 88 0 0
567 114 88 0 0
568 115 88 0 0
569 114 88 0 0
570 115 88 0 0
571 114 88 0 0
572 115 88 0 0
573 114 88 0 0
574 115 88 0 0
575 114 88 0 0
576 115 88 0 0
577 115 89 0 0
578 116 89 0 0
579 115 89 0 0
580 116 89 0 0
581 115 89 0 0
582 116 89 0 0
583 115 89 0 0
584 116 89 0 0
585 115 89 0 0
586 116 89 0 0
587 117 89 0 0
588 116 89 0 0
589 117 89 0 0
590 116 89 0 0
591 117 89 0 0
592 118 89 0 0
593 117 89 0 0
594 118 89 0 0
595 117 89 0 0
596 118 89 0 0
597 117 89 0 0
598 118 89 0 0
599 117 89 0 0
600 117 90 0 0
601 118 90 0 0
602 119 90 0 0
603 118 90 0 0
604 119 90 0 0
605 118 90 0 0
606 119 90 0 0
607 118 90 0 0
608 119 90 0 0
609 120 90 0 0
610 119 90 0 0
611 120 90 0 0
612 119 90 0 0
613 120 90 0 0
614 119 90 0 0
615 120 90 0 0
616 119 90 0 0
617 120 90 0 0
618 119 90 0 0
619 119 91 0 0
620 120 91 0 0
621 121 91 0 0
622 120 91 0 0
623 121 91 0 0
624 120 91 0 0
625 121 91 0 0
626 120 91 0 0
627 121 91 0 0
628 122 91 0 0
629 121 91 0 0
630 122 91 0 0
631 121 91 0 0
632 122 91 0 0
633 121 91 0 0
634 122 91 0 0
635 121 91 0 0
636 122 91 0 0
637 122 92 0 0
638 123 92 0 0
639 122 92 0 0
640 123 92 0 0
641 122 92 0 0
642 123 92 0 0
643 122 92 0 0
644 123 92 0 0
645 124 92 0 0
646 123 92 0 0
647 124 92 0 0
648 123 92 0 0
649 124 92 0 0
650 124 93 0 0
651 125 93 0 0
652 124 93 0 0
653 125 93 0 0
654 124 93 0 0
655 125 93 0 0
656 124 93 0 0
657 125 93 0 0
658 126 93 0 0
659 125 93 0 0
660 126 93 0 0
661 125 93 0 0
662 126 93 0 0
663 127 93 0 0
664 126 93 0 0
665 126 94 0 0
666 127 94 0 0
667 126 94 0 0
668 127 94 0 0
669 126 94 0 0
670 127 94 0 0
671 128 94 0 0
672 127 94 0 0
673 128 94 0 0
674 127 94 0 0
675 128 94 0 0
676 127 94 0 0
677 128 94 0 0
678 128 95 0 0
679 129 95 0 0
680 128 95 0 0
681 129 95 0 0
682 128 95 0 0
683 129 95 0 0
684 130 95 0 0
685 129 95 0 0
686 130 95 0 0
687 129 95 0 0
688 130 95 0 0
689 129 95 0 0
690 130 95 0 0
691 131 95 0 0
692 130 95 0 0
693 131 95 0 0
694 132 95 0 0
695 131 95 0 0
696 132 95 0 0
697 131 95 0 0
698 132 95 0 0
699 133 95 0 0
700 132 95 0 0
701 133 95 0 0
702 132 95 0 0
703 133 95 0 0
704 132 95 0 0
705 133 95 0 0
706 134 95 0 0
707 133 95 0 0
708 134 95 0 0
709 135 95 0 0
710 134 95 0 0
711 135 95 0 0
712 134 95 0 0
713 135 95 0 0
714 134 95 0 0
715 135 95 0 0
716 136 95 0 0
717 135 95 0 0
718 136 95 0 0
719 135 95 0 0
720 136 95 0 0
721 137 95 0 0
722 136 95 0 0
723 137 95 0 0
724 138 95 0 0
725 137 95 0 0
726 138 95 0 0
727 137 95 0 0
728 138 95 0 0
729 137 95 0 0
730 138 95 0 0
731 139 95 0 0
732 138 95 0 0
733 139 95 0 0
734 140 95 0 0
735 139 95 0 0
736 140 95 0 0
737 139 95 0 0
738 140 95 0 0
739 139 95 0 0
740 140 95 0 0
741 141 95 0 0
742 140 95 0 0
743 141 95 0 0
744 140 95 0 0
745 141 95 0 0
746 142 95 0 0
747 141 95 0 0
748 142 95 0 0
749 141 95 0 0
750 142 95 0 0
751 141 95 0 0
752 142 95 0 0
753 143 95 0 0
754 142 95 0 0
755 143 95 0 0
756 142 95 0 0
757 143 95 0 0
758 142 95 0 0
759 143 95 0 0
760 142 95 0 0
761 143 95 0 0
762 144 95 0 0
763 143 95 0 0
764 144 95 0 0
765 143 95 0 0
766 144 95 0 0
767 145 95 0 0
768 144 95 0 0
769 145 95 0 0
770 144 95 0 0
771 145 95 0 0
772 144 95 0 0
773 145 95 0 0
774 146 95 0 0
775 145 95 0 0
776 146 95 0 0
777 145 95 0 0
778 146 95 0 0
779 147 95 0 0
780 146 95 0 0
781 147 95 0 0
782 148 95 0 0
783 147 95 0 0
784 148 95 0 0
785 147 95 0 0
786 148 95 0 0
787 149 95 0 0
788 148 95 0 0
789 149 95 0 0
790 150 95 0 0
791 149 95 0 0
792 150 95 0 0
793 149 95 0 0
794 149 96 0 0
795 150 96 0 0
796 151 96 0 0
797 150 96 0 0
798 151 96 0 0
799 152 96 0 0
800 151 96 0 0
801 152 96 0 0
802 153 96 0 0
803 152 96 0 0
804 153 96 0 0
805 152 96 0 0
806 153 96 0 0
807 154 96 0 0
808 153 96 0 0
809 154 96 0 0
810 155 96 0 0
811 154 96 0 0
812 155 96 0 0
813 154 96 0 0
814 155 96 0 0
815 156 96 0 0
816 155 96 0 0
817 156 96 0 0
818 157 96 0 0
819 156 96 0 0
820 157 96 0 0
821 158 96 0 0
822 157 96 0 0
823 158 96 0 0
824 157 96 0 0
825 158 96 0 0
826 159 96 0 0
827 158 96 0 0
828 159 96 0 0
829 160 96 0 0
830 159 96 0 0
831 160 96 0 0
832 161 96 0 0
833 160 96 0 0
834 161 96 0 0
835 162 96 0 0
836 161 96 0 0
837 162 96 0 0
838 161 96 0 0
839 162 96 0 0
840 163 96 0 0
841 162 96 0 0
842 163 96 0 0
843 162 96 0 0
844 163 96 0 0
845 162 96 0 0
846 163 96 0 0
847 164 96 0 0
848 163 96 0 0
849 164 96 0 0
850 163 96 0 0
851 164 96 0 0
852 163 96 0 0
853 164 96 0 0
854 165 96 0 0
855 164 96 0 0
856 165 96 0 0
857 164 96 0 0
858 165 96 0 0
859 164 96 0 0
860 165 96 0 0
861 166 96 0 0
862 165 96 0 0
863 166 96 0 0
864 165 96 0 0
865 166 96 0 0
866 165 96 0 0
867 166 96 0 0
868 167 96 0 0
869 166 96 0 0
870 167 96 0 0
871 166 96 0 0
872 167 96 0 0
873 166 96 0 0
874 167 96 0 0
875 168 96 0 0
876 167 96 0 0
877 167 97 0 0
878 168 97 0 0
879 167 97 0 0
880 168 97 0 0
881 169 97 0 0
882 168 97 0 0
883 169 97 0 0
884 170 97 0 0
885 169 97 0 0
886 170 97 0 0
887 171 97 0 0
888 170 97 0 0
889 171 97 0 0
890 172 97 0 0
891 171 97 0 0
892 172 97 0 0
893 172 98 0 0
894 173 98 0 0
895 172 98 0 0
896 173 98 0 0
897 172 98 0 0
898 173 98 0 0
899 174 98 0 0
900 173 98 0 0
901 174 98 0 0
902 175 98 0 0
903 174 98 0 0
904 175 98 0 0
905 176 98 0 0
906 175 98 0 0
907 176 98 0 0
908 177 98 0 0
909 176 98 0 0
910 176 99 0 0
911 177 99 0 0
912 176 99 0 0
913 177 99 0 0
914 178 99 0 0
915 177 99 0 0
916 178 99 0 0
917 177 99 0 0
918 178 99 0 0
919 179 99 0 0
920 178 99 0 0
921 179 99 0 0
922 180 99 0 0
923 179 99 0 0
924 180 99 0 0
925 179 99 0 0
926 180 99 0 0
927 179 99 0 0
928 180 99 0 0
929 181 99 0 0
930 180 99 0 0
931 181 99 0 0
932 181 100 0 0
933 182 100 0 0
934 181 100 0 0
935 182 100 0 0
936 181 100 0 0
937 182 100 0 0
938 183 100 0 0
939 182 100 0 0
940 183 100 0 0
941 182 100 0 0
942 183 100 0 0
943 184 100 0 0
944 183 100 0 0
945 184 100 0 0
946 183 100 0 0
947 184 100 0 0
948 185 100 0 0
949 184 100 0 0
950 185 100 0 0
951 184 100 0 0
952 184 101 0 0
953 185 101 0 0
954 184 101 0 0
955 185 101 0 0
956 186 101 0 0
957 185 101 0 0
958 186 101 0 0
959 185 101 0 0
960 186 101 0 0
961 187 101 0 0
962 186 101 0 0
963 187 101 0 0
964 186 101 0 0
965 187 101 0 0
966 187 102 0 0
967 188 102 0 0
968 187 102 0 0
969 188 102 0 0
970 187 102 0 0
971 188 102 0 0
972 187 102 0 0
973 188 102 0 0
974 189 102 0 0
975 188 102 0 0
976 189 102 0 0
977 188 102 0 0
978 189 102 0 0
979 190 102 0 0
980 189 102 0 0
981 189 103 0 0
982 190 103 0 0
983 189 103 0 0
984 190 103 0 0
985 189 103 0 0
986 190 103 0 0
987 191 103 0 0
988 190 103 0 0
989 190 104 0 0
990 191 104 0 0
991 190 104 0 0
992 191 104 0 0
993 190 104 0 0
994 191 104 0 0
995 192 104 0 0
996 191 104 0 0
997 191 105 0 0
998 192 105 0 0
999 191 105 0 0
1000 192 105 0 0
1001 191 105 0 0
1002 192 105 0 0
1003 191 105 0 0
1004 192 105 0 0
1005 191 105 0 0
1006 192 105 0 0
1007 193 105 0 0
1008 192 105 0 0
1009 193 105 0 0
1010 192 105 0 0
1011 193 105 0 0
1012 192 105 0 0
1013 192 106 0 0
1014 193 106 0 0
1015 192 106 0 0
1016 193 106 0 0
1017 192 106 0 0
1018 193 106 0 0
1019 192 106 0 0
1020 193 106 0 0
1021 194 106 0 0
1022 193 106 0 0
1023 194 106 0 0
1024 193 106 0 0
1025 194 106 0 0
1026 193 106 0 0
1027 194 106 0 0
1028 193 106 0 0
1029 194 106 0 0
1030 193 106 0 0
1031 194 106 0 0
1032 195 106 0 0
1033 194 106 0 0
1034 195 106 0 0
1035 194 106 0 0
1036 195 106 0 0
1037 194 106 0 0
1038 195 106 0 0
1039 194 106 0 0
1040 194 107 0 0
1041 195 107 0 0
1042 194 107 0 0
1043 195 107 0 0
1044 194 107 0 0
1045 195 107 0 0
1046 194 107 0 0
1047 195 107 0 0
1048 194 107 0 0
1049 195 107 0 0
1050 194 107 0 0
1051 195 107 0 0
1052 194 107 0 0
1053 195 107 0 0
1054 194 107 0 0
1055 195 107 0 0
1056 194 107 0 0
1057 194 108 0 0
1058 195 108 0 0
1059 194 108 0 0
1060 195 108 0 0
1061 194 108 0 0
1062 195 108 0 0
1063 194 108 0 0
1064 195 108 0 0
1065 194 108 0 0
1066 195 108 0 0
1067 194 108 0 0
1068 195 108 0 0
