0 1 98 0 0
1 2 98 0 0
2 1 98 0 0
3 2 98 0 0
4 1 98 0 0
5 2 98 0 0
6 3 98 0 0
7 2 98 0 0
8 3 98 0 0
9 2 98 0 0
10 3 98 0 0
11 4 98 0 0
12 3 98 0 0
13 4 98 0 0
14 5 98 0 0
15 4 98 0 0
16 5 98 0 0
17 4 98 0 0
18 5 98 0 0
19 6 98 0 0
20 5 98 0 0
21 6 98 0 0
22 7 98 0 0
23 6 98 0 0
24 7 98 0 0
25 6 98 0 0
26 7 98 0 0
27 8 98 0 0
28 7 98 0 0
29 8 98 0 0
30 9 98 0 0
31 8 98 0 0
32 9 98 0 0
33 8 98 0 0
34 9 98 0 0
35 10 98 0 0
36 9 98 0 0
37 10 98 0 0
38 9 98 0 0
39 10 98 0 0
40 11 98 0 0
41 10 98 0 0
42 11 98 0 0
43 12 98 0 0
44 11 98 0 0
45 12 98 0 0
46 11 98 0 0
47 12 98 0 0
48 13 98 0 0
49 12 98 0 0
50 13 98 0 0
51 12 98 0 0
52 13 98 0 0
53 14 98 0 0
54 13 98 0 0
55 14 98 0 0
56 15 98 0 0
57 14 98 0 0
58 15 98 0 0
59 14 98 0 0
60 15 98 0 0
61 16 98 0 0
62 15 98 0 0
63 16 98 0 0
64 17 98 0 0
65 16 98 0 0
66 17 98 0 0
67 16 98 0 0
68 17 98 0 0
69 18 98 0 0
70 17 98 0 0
71 18 98 0 0
72 17 98 0 0
73 18 98 0 0
74 19 98 0 0
75 18 98 0 0
76 19 98 0 0
77 20 98 0 0
78 19 98 0 0
79 20 98 0 0
80 19 98 0 0
81 20 98 0 0
82 21 98 0 0
83 20 98 0 0
84 21 98 0 0
85 22 98 0 0
86 21 98 0 0
87 22 98 0 0
88 21 98 0 0
89 22 98 0 0
90 23 98 0 0
91 22 98 0 0
92 23 98 0 0
93 22 98 0 0
94 23 98 0 0
95 24 98 0 0
96 23 98 0 0
97 24 98 0 0
98 25 98 0 0
99 24 98 0 0
100 25 98 0 0
101 24 98 0 0
102 25 98 0 0
103 26 98 0 0
104 25 98 0 0
105 26 98 0 0
106 25 98 0 0
107 26 98 0 0
108 27 98 0 0
109 26 98 0 0
110 27 98 0 0
111 28 98 0 0
112 27 98 0 0
113 27 97 0 0
114 28 97 0 0
115 27 97 0 0
116 28 97 0 0
117 29 97 0 0
118 28 97 0 0
119 29 97 0 0
120 30 97 0 0
121 29 97 0 0
122 30 97 0 0
123 29 97 0 0
124 30 97 0 0
125 31 97 0 0
126 30 97 0 0
127 31 97 0 0
128 30 97 0 0
129 31 97 0 0
130 32 97 0 0
131 31 97 0 0
132 32 97 0 0
133 31 97 0 0
134 32 97 0 0
135 33 97 0 0
136 32 97 0 0
137 33 97 0 0
138 32 97 0 0
139 33 97 0 0
140 34 97 0 0
141 33 97 0 0
142 34 97 0 0
143 35 97 0 0
144 34 97 0 0
145 35 97 0 0
146 34 97 0 0
147 35 97 0 0
148 36 97 0 0
149 35 97 0 0
150 36 97 0 0
151 35 97 0 0
152 36 97 0 0
153 37 97 0 0
154 36 97 0 0
155 37 97 0 0
156 36 97 0 0
157 37 97 0 0
158 38 97 0 0
159 37 97 0 0
160 38 97 0 0
161 37 97 0 0
162 38 97 0 0
163 39 97 0 0
164 38 97 0 0
165 39 97 0 0
166 40 97 0 0
167 39 97 0 0
168 40 97 0 0
169 39 97 0 0
170 40 97 0 0
171 41 97 0 0
172 40 97 0 0
173 41 97 0 0
174 42 97 0 0
175 41 97 0 0
176 42 97 0 0
177 41 97 0 0
178 42 97 0 0
179 42 96 0 0
180 43 96 0 0
181 42 96 0 0
182 43 96 0 0
183 42 96 0 0
184 43 96 0 0
185 42 96 0 0
186 43 96 0 0
187 44 96 0 0
188 43 96 0 0
189 44 96 0 0
190 45 96 0 0
191 44 96 0 0
192 45 96 0 0
193 44 96 0 0
194 45 96 0 0
195 46 96 0 0
196 45 96 0 0
197 46 96 0 0
198 45 96 0 0
199 46 96 0 0
200 47 96 0 0
201 46 96 0 0
202 47 96 0 0
203 48 96 0 0
204 47 96 0 0
205 48 96 0 0
206 47 96 0 0
207 48 96 0 0
208 49 96 0 0
209 48 96 0 0
210 49 96 0 0
211 48 96 0 0
212 49 96 0 0
213 50 96 0 0
214 49 96 0 0
215 50 96 0 0
216 49 96 0 0
217 50 96 0 0
218 51 96 0 0
219 50 96 0 0
220 51 96 0 0
221 50 96 0 0
222 51 96 0 0
223 52 96 0 0
224 51 96 0 0
225 52 96 0 0
226 51 96 0 0
227 52 96 0 0
228 53 96 0 0
229 52 96 0 0
230 53 96 0 0
231 52 96 0 0
232 53 96 0 0
233 54 96 0 0
234 53 96 0 0
235 54 96 0 0
236 53 96 0 0
237 54 96 0 0
238 55 96 0 0
239 54 96 0 0
240 55 96 0 0
241 54 96 0 0
242 54 95 0 0
243 55 95 0 0
244 56 95 0 0
245 55 95 0 0
246 56 95 0 0
247 55 95 0 0
248 56 95 0 0
249 57 95 0 0
250 56 95 0 0
251 57 95 0 0
252 56 95 0 0
253 57 95 0 0
254 58 95 0 0
255 57 95 0 0
256 58 95 0 0
257 57 95 0 0
258 58 95 0 0
259 57 95 0 0
260 58 95 0 0
261 59 95 0 0
262 58 95 0 0
263 59 95 0 0
264 60 95 0 0
265 59 95 0 0
266 60 95 0 0
267 59 95 0 0
268 60 95 0 0
269 59 95 0 0
270 60 95 0 0
271 61 95 0 0
272 60 95 0 0
273 61 95 0 0
274 62 95 0 0
275 61 95 0 0
276 62 95 0 0
277 61 95 0 0
278 62 95 0 0
279 63 95 0 0
280 62 95 0 0
281 63 95 0 0
282 62 95 0 0
283 63 95 0 0
284 62 95 0 0
285 63 95 0 0
286 64 95 0 0
287 63 95 0 0
288 64 95 0 0
289 65 95 0 0
290 64 95 0 0
291 65 95 0 0
292 64 95 0 0
293 65 95 0 0
294 64 95 0 0
295 65 95 0 0
296 66 95 0 0
297 65 95 0 0
298 65 94 0 0
299 66 94 0 0
300 65 94 0 0
301 66 94 0 0
302 67 94 0 0
303 66 94 0 0
304 67 94 0 0
305 66 94 0 0
306 67 94 0 0
307 68 94 0 0
308 67 94 0 0
309 68 94 0 0
310 67 94 0 0
311 68 94 0 0
312 68 93 0 0
313 69 93 0 0
314 68 93 0 0
315 69 93 0 0
316 70 93 0 0
317 69 93 0 0
318 70 93 0 0
319 69 93 0 0
320 70 93 0 0
321 71 93 0 0
322 70 93 0 0
323 71 93 0 0
324 70 93 0 0
325 70 92 0 0
326 71 92 0 0
327 72 92 0 0
328 71 92 0 0
329 72 92 0 0
330 71 92 0 0
331 72 92 0 0
332 73 92 0 0
333 72 92 0 0
334 73 92 0 0
335 72 92 0 0
336 73 92 0 0
337 73 91 0 0
338 74 91 0 0
339 73 91 0 0
340 74 91 0 0
341 73 91 0 0
342 74 91 0 0
343 75 91 0 0
344 74 91 0 0
345 75 91 0 0
346 74 91 0 0
347 75 91 0 0
348 76 91 0 0
349 75 91 0 0
350 75 90 0 0
351 76 90 0 0
352 77 90 0 0
353 76 90 0 0
354 77 90 0 0
355 76 90 0 0
356 77 90 0 0
357 76 90 0 0
358 77 90 0 0
359 78 90 0 0
360 77 90 0 0
361 78 90 0 0
362 77 90 0 0
363 77 89 0 0
364 78 89 0 0
365 79 89 0 0
366 78 89 0 0
367 79 89 0 0
368 80 89 0 0
369 79 89 0 0
370 80 89 0 0
371 79 89 0 0
372 80 89 0 0
373 81 89 0 0
374 80 89 0 0
375 80 88 0 0
376 81 88 0 0
377 80 88 0 0
378 81 88 0 0
379 82 88 0 0
380 81 88 0 0
381 82 88 0 0
382 81 88 0 0
383 82 88 0 0
384 83 88 0 0
385 82 88 0 0
386 83 88 0 0
387 82 88 0 0
388 82 87 0 0
389 83 87 0 0
390 84 87 0 0
391 83 87 0 0
392 84 87 0 0
393 83 87 0 0
394 84 87 0 0
395 85 87 0 0
396 84 87 0 0
397 85 87 0 0
398 84 87 0 0
399 85 87 0 0
400 84 87 0 0
401 85 87 0 0
402 86 87 0 0
403 85 87 0 0
404 85 86 0 0
405 86 86 0 0
406 85 86 0 0
407 86 86 0 0
408 87 86 0 0
409 86 86 0 0
410 87 86 0 0
411 86 86 0 0
412 87 86 0 0
413 88 86 0 0
414 87 86 0 0
415 88 86 0 0
416 87 86 0 0
417 88 86 0 0
418 87 86 0 0
419 88 86 0 0
420 88 85 0 0
421 89 85 0 0
422 88 85 0 0
423 89 85 0 0
424 90 85 0 0
425 89 85 0 0
426 90 85 0 0
427 89 85 0 0
428 90 85 0 0
429 89 85 0 0
430 90 85 0 0
431 91 85 0 0
432 90 85 0 0
433 91 85 0 0
434 90 85 0 0
435 90 84 0 0
436 91 84 0 0
437 92 84 0 0
438 91 84 0 0
439 92 84 0 0
440 91 84 0 0
441 92 84 0 0
442 93 84 0 0
443 92 84 0 0
444 93 84 0 0
445 92 84 0 0
446 93 84 0 0
447 92 84 0 0
448 93 84 0 0
449 94 84 0 0
450 93 84 0 0
451 94 84 0 0
452 93 84 0 0
453 94 84 0 0
454 95 84 0 0
455 94 84 0 0
456 94 83 0 0
457 95 83 0 0
458 94 83 0 0
459 95 83 0 0
460 96 83 0 0
461 95 83 0 0
462 96 83 0 0
463 95 83 0 0
464 96 83 0 0
465 97 83 0 0
466 96 83 0 0
467 97 83 0 0
468 96 83 0 0
469 97 83 0 0
470 98 83 0 0
471 97 83 0 0
472 98 83 0 0
473 97 83 0 0
474 98 83 0 0
475 97 83 0 0
476 98 83 0 0
477 99 83 0 0
478 98 83 0 0
479 99 83 0 0
480 98 83 0 0
481 99 83 0 0
482 100 83 0 0
483 99 83 0 0
484 99 82 0 0
485 100 82 0 0
486 99 82 0 0
487 100 82 0 0
488 101 82 0 0
489 100 82 0 0
490 101 82 0 0
491 100 82 0 0
492 101 82 0 0
493 102 82 0 0
494 101 82 0 0
495 102 82 0 0
496 101 82 0 0
497 102 82 0 0
498 103 82 0 0
499 102 82 0 0
500 103 82 0 0
501 102 82 0 0
502 103 82 0 0
503 102 82 0 0
504 103 82 0 0
505 104 82 0 0
506 103 82 0 0
507 104 82 0 0
508 103 82 0 0
509 104 82 0 0
510 105 82 0 0
511 104 82 0 0
512 104 81 0 0
513 105 81 0 0
514 104 81 0 0
515 104 82 0 0
516 105 82 0 0
517 104 82 0 0
518 105 82 0 0
519 106 82 0 0
520 105 82 0 0
521 106 82 0 0
522 105 82 0 0
523 106 82 0 0
524 105 82 0 0
525 106 82 0 0
526 105 82 0 0
527 106 82 0 0
528 105 82 0 0
529 106 82 0 0
530 107 82 0 0
531 106 82 0 0
532 107 82 0 0
533 106 82 0 0
534 107 82 0 0
535 106 82 0 0
536 107 82 0 0
537 108 82 0 0
538 107 82 0 0
539 108 82 0 0
540 107 82 0 0
541 108 82 0 0
542 107 82 0 0
543 107 83 0 0
544 108 83 0 0
545 107 83 0 0
546 108 83 0 0
547 109 83 0 0
548 108 83 0 0
549 109 83 0 0
550 108 83 0 0
551 109 83 0 0
552 108 83 0 0
553 109 83 0 0
554 108 83 0 0
555 109 83 0 0
556 110 83 0 0
557 109 83 0 0
558 110 83 0 0
559 109 83 0 0
560 110 83 0 0
561 109 83 0 0
562 110 83 0 0
563 109 83 0 0
564 110 83 0 0
565 111 83 0 0
566 110 83 0 0
567 111 83 0 0
568 110 83 0 0
569 111 83 0 0
570 110 83 0 0
571 111 83 0 0
572 111 84 0 0
573 112 84 0 0
574 111 84 0 0
575 112 84 0 0
576 111 84 0 0
577 112 84 0 0
578 111 84 0 0
579 112 84 0 0
580 111 84 0 0
581 112 84 0 0
582 111 84 0 0
583 112 84 0 0
584 113 84 0 0
585 112 84 0 0
586 113 84 0 0
587 112 84 0 0
588 113 84 0 0
589 112 84 0 0
590 113 84 0 0
591 112 84 0 0
592 113 84 0 0
593 114 84 0 0
594 113 84 0 0
595 114 84 0 0
596 113 84 0 0
597 114 84 0 0
598 113 84 0 0
599 114 84 0 0
600 115 84 0 0
601 114 84 0 0
602 114 85 0 0
603 115 85 0 0
604 114 85 0 0
605 115 85 0 0
606 114 85 0 0
607 115 85 0 0
608 114 85 0 0
609 115 85 0 0
610 114 85 0 0
611 115 85 0 0
612 116 85 0 0
613 115 85 0 0
614 116 85 0 0
615 115 85 0 0
616 116 85 0 0
617 115 85 0 0
618 116 85 0 0
619 115 85 0 0
620 116 85 0 0
621 116 86 0 0
622 117 86 0 0
623 116 86 0 0
624 117 86 0 0
625 116 86 0 0
626 117 86 0 0
627 116 86 0 0
628 117 86 0 0
629 116 86 0 0
630 117 86 0 0
631 116 86 0 0
632 117 86 0 0
633 118 86 0 0
634 117 86 0 0
635 118 86 0 0
636 117 86 0 0
637 118 86 0 0
638 117 86 0 0
639 118 86 0 0
640 117 86 0 0
641 117 87 0 0
642 118 87 0 0
643 119 87 0 0
644 118 87 0 0
645 119 87 0 0
646 118 87 0 0
647 119 87 0 0
648 118 87 0 0
649 119 87 0 0
650 118 87 0 0
651 119 87 0 0
652 120 87 0 0
653 119 87 0 0
654 120 87 0 0
655 119 87 0 0
656 120 87 0 0
657 119 87 0 0
658 120 87 0 0
659 119 87 0 0
660 119 88 0 0
661 120 88 0 0
662 121 88 0 0
663 120 88 0 0
664 121 88 0 0
665 120 88 0 0
666 121 88 0 0
667 120 88 0 0
668 121 88 0 0
669 120 88 0 0
670 120 89 0 0
671 121 89 0 0
672 120 89 0 0
673 121 89 0 0
674 122 89 0 0
675 121 89 0 0
676 122 89 0 0
677 121 89 0 0
678 122 89 0 0
679 121 89 0 0
680 121 90 0 0
681 122 90 0 0
682 121 90 0 0
683 122 90 0 0
684 121 90 0 0
685 122 90 0 0
686 123 90 0 0
687 122 90 0 0
688 123 90 0 0
689 122 90 0 0
690 123 90 0 0
691 122 90 0 0
692 122 91 0 0
693 123 91 0 0
694 122 91 0 0
695 123 91 0 0
696 122 91 0 0
697 123 91 0 0
698 124 91 0 0
699 123 91 0 0
700 124 91 0 0
701 123 91 0 0
702 123 92 0 0
703 124 92 0 0
704 123 92 0 0
705 124 92 0 0
706 123 92 0 0
707 124 92 0 0
708 123 92 0 0
709 124 92 0 0
710 125 92 0 0
711 124 92 0 0
712 125 92 0 0
713 124 92 0 0
714 124 93 0 0
715 125 93 0 0
716 124 93 0 0
717 125 93 0 0
718 124 93 0 0
719 125 93 0 0
720 124 93 0 0
721 125 93 0 0
722 126 93 0 0
723 125 93 0 0
724 126 93 0 0
725 125 93 0 0
726 126 93 0 0
727 127 93 0 0
728 126 93 0 0
729 126 94 0 0
730 127 94 0 0
731 126 94 0 0
732 127 94 0 0
733 126 94 0 0
734 127 94 0 0
735 128 94 0 0
736 127 94 0 0
737 128 94 0 0
738 127 94 0 0
739 128 94 0 0
740 127 94 0 0
741 128 94 0 0
742 127 94 0 0
743 128 94 0 0
744 129 94 0 0
745 128 94 0 0
746 129 94 0 0
747 128 94 0 0
748 128 95 0 0
749 129 95 0 0
750 128 95 0 0
751 129 95 0 0
752 130 95 0 0
753 129 95 0 0
754 130 95 0 0
755 129 95 0 0
756 130 95 0 0
757 129 95 0 0
758 130 95 0 0
759 131 95 0 0
760 130 95 0 0
761 131 95 0 0
762 130 95 0 0
763 131 95 0 0
764 130 95 0 0
765 131 95 0 0
766 130 95 0 0
767 131 95 0 0
768 130 95 0 0
769 131 95 0 0
770 130 95 0 0
771 131 95 0 0
772 132 95 0 0
773 131 95 0 0
774 132 95 0 0
775 131 95 0 0
776 131 96 0 0
777 132 96 0 0
778 131 96 0 0
779 132 96 0 0
780 131 96 0 0
781 132 96 0 0
782 131 96 0 0
783 132 96 0 0
784 133 96 0 0
785 132 96 0 0
786 133 96 0 0
787 132 96 0 0
788 133 96 0 0
789 132 96 0 0
790 133 96 0 0
791 132 96 0 0
792 133 96 0 0
793 134 96 0 0
794 133 96 0 0
795 134 96 0 0
796 133 96 0 0
797 134 96 0 0
798 133 96 0 0
799 134 96 0 0
800 135 96 0 0
801 134 96 0 0
802 135 96 0 0
803 136 96 0 0
804 135 96 0 0
805 136 96 0 0
806 135 96 0 0
807 136 96 0 0
808 137 96 0 0
809 136 96 0 0
810 137 96 0 0
811 136 96 0 0
812 137 96 0 0
813 138 96 0 0
814 137 96 0 0
815 138 96 0 0
816 139 96 0 0
817 138 96 0 0
818 139 96 0 0
819 138 96 0 0
820 139 96 0 0
821 140 96 0 0
822 139 96 0 0
823 140 96 0 0
824 139 96 0 0
825 140 96 0 0
826 141 96 0 0
827 140 96 0 0
828 141 96 0 0
829 140 96 0 0
830 141 96 0 0
831 140 96 0 0
832 141 96 0 0
833 142 96 0 0
834 141 96 0 0
835 142 96 0 0
836 141 96 0 0
837 142 96 0 0
838 143 96 0 0
839 142 96 0 0
840 143 96 0 0
841 142 96 0 0
842 143 96 0 0
843 142 96 0 0
844 143 96 0 0
845 144 96 0 0
846 143 96 0 0
847 144 96 0 0
848 143 96 0 0
849 144 96 0 0
850 143 96 0 0
851 144 96 0 0
852 145 96 0 0
853 144 96 0 0
854 145 96 0 0
855 144 96 0 0
856 145 96 0 0
857 146 96 0 0
858 145 96 0 0
859 146 96 0 0
860 145 96 0 0
861 146 96 0 0
862 145 96 0 0
863 146 96 0 0
864 145 96 0 0
865 146 96 0 0
866 147 96 0 0
867 146 96 0 0
868 147 96 0 0
869 146 96 0 0
870 147 96 0 0
871 148 96 0 0
872 147 96 0 0
873 148 96 0 0
874 147 96 0 0
875 148 96 0 0
876 147 96 0 0
877 148 96 0 0
878 149 96 0 0
879 148 96 0 0
880 149 96 0 0
881 148 96 0 0
882 149 96 0 0
883 148 96 0 0
884 149 96 0 0
885 150 96 0 0
886 149 96 0 0
887 150 96 0 0
888 149 96 0 0
889 150 96 0 0
890 151 96 0 0
891 150 96 0 0
892 151 96 0 0
893 150 96 0 0
894 151 96 0 0
895 150 96 0 0
896 151 96 0 0
897 151 97 0 0
898 152 97 0 0
899 151 97 0 0
900 152 97 0 0
901 151 97 0 0
902 152 97 0 0
903 151 97 0 0
904 152 97 0 0
905 153 97 0 0
906 152 97 0 0
907 153 97 0 0
908 154 97 0 0
909 153 97 0 0
910 154 97 0 0
911 153 97 0 0
912 154 97 0 0
913 155 97 0 0
914 154 97 0 0
915 155 97 0 0
916 154 97 0 0
917 155 97 0 0
918 156 97 0 0
919 155 97 0 0
920 156 97 0 0
921 155 97 0 0
922 156 97 0 0
923 157 97 0 0
924 156 97 0 0
925 157 97 0 0
926 156 97 0 0
927 157 97 0 0
928 156 97 0 0
929 157 97 0 0
930 158 97 0 0
931 157 97 0 0
932 157 98 0 0
933 158 98 0 0
934 159 98 0 0
935 158 98 0 0
936 159 98 0 0
937 158 98 0 0
938 159 98 0 0
939 160 98 0 0
940 159 98 0 0
941 160 98 0 0
942 159 98 0 0
943 160 98 0 0
944 161 98 0 0
945 160 98 0 0
946 161 98 0 0
947 160 98 0 0
948 161 98 0 0
949 162 98 0 0
950 161 98 0 0
951 162 98 0 0
952 163 98 0 0
953 162 98 0 0
954 163 98 0 0
955 162 98 0 0
956 163 98 0 0
957 164 98 0 0
958 163 98 0 0
959 164 98 0 0
960 163 98 0 0
961 164 98 0 0
962 165 98 0 0
963 164 98 0 0
964 165 98 0 0
965 166 98 0 0
966 165 98 0 0
967 166 98 0 0
968 165 98 0 0
969 166 98 0 0
970 167 98 0 0
971 166 98 0 0
972 167 98 0 0
973 168 98 0 0
974 167 98 0 0
975 168 98 0 0
976 167 98 0 0
977 168 98 0 0
978 169 98 0 0
979 168 98 0 0
980 169 98 0 0
981 168 98 0 0
982 169 98 0 0
983 170 98 0 0
984 169 98 0 0
985 170 98 0 0
986 171 98 0 0
987 170 98 0 0
988 171 98 0 0
989 170 98 0 0
990 171 98 0 0
991 172 98 0 0
992 171 98 0 0
993 172 98 0 0
994 171 98 0 0
995 172 98 0 0
996 173 98 0 0
997 172 98 0 0
998 173 98 0 0
999 174 98 0 0
1000 173 98 0 0
1001 174 98 0 0
1002 173 98 0 0
1003 174 98 0 0
1004 175 98 0 0
1005 174 98 0 0
1006 175 98 0 0
1007 176 98 0 0
1008 175 98 0 0
1009 176 98 0 0
1010 175 98 0 0
1011 176 98 0 0
1012 177 98 0 0
1013 176 98 0 0
1014 177 98 0 0
1015 176 98 0 0
1016 177 98 0 0
1017 178 98 0 0
1018 177 98 0 0
1019 178 98 0 0
1020 179 98 0 0
1021 178 98 0 0
1022 179 98 0 0
1023 178 98 0 0
1024 179 98 0 0
1025 180 98 0 0
1026 179 98 0 0
1027 180 98 0 0
1028 181 98 0 0
1029 180 98 0 0
1030 181 98 0 0
1031 180 98 0 0
1032 181 98 0 0
1033 180 98 0 0
1034 181 98 0 0
1035 182 98 0 0
1036 181 98 0 0
1037 182 98 0 0
1038 181 98 0 0
1039 182 98 0 0
1040 183 98 0 0
1041 182 98 0 0
1042 183 98 0 0
1043 182 98 0 0
1044 183 98 0 0
1045 184 98 0 0
1046 183 98 0 0
1047 184 98 0 0
1048 183 98 0 0
1049 184 98 0 0
1050 185 98 0 0
1051 184 98 0 0
1052 185 98 0 0
1053 186 98 0 0
1054 185 98 0 0
1055 185 99 0 0
1056 186 99 0 0
1057 187 99 0 0
1058 186 99 0 0
1059 187 99 0 0
1060 188 99 0 0
1061 187 99 0 0
1062 188 99 0 0
1063 189 99 0 0
1064 188 99 0 0
1065 189 99 0 0
1066 188 99 0 0
1067 189 99 0 0
1068 190 99 0 0
1069 189 99 0 0
1070 190 99 0 0
1071 189 99 0 0
1072 190 99 0 0
1073 191 99 0 0
1074 190 99 0 0
1075 191 99 0 0
1076 192 99 0 0
1077 191 99 0 0
1078 192 99 0 0
1079 191 99 0 0
1080 192 99 0 0
1081 193 99 0 0
1082 192 99 0 0
1083 193 99 0 0
1084 192 99 0 0
1085 193 99 0 0
1086 194 99 0 0
1087 193 99 0 0
1088 194 99 0 0
