0 1 100 0 0
1 2 100 0 0
2 3 100 0 0
3 2 100 0 0
4 3 100 0 0
5 4 100 0 0
6 3 100 0 0
7 4 100 0 0
8 5 100 0 0
9 4 100 0 0
10 5 100 0 0
11 4 100 0 0
12 5 100 0 0
13 6 100 0 0
14 5 100 0 0
15 6 100 0 0
16 7 100 0 0
17 6 100 0 0
18 7 100 0 0
19 8 100 0 0
20 7 100 0 0
21 8 100 0 0
22 7 100 0 0
23 8 100 0 0
24 9 100 0 0
25 8 100 0 0
26 9 100 0 0
27 10 100 0 0
28 9 100 0 0
29 10 100 0 0
30 11 100 0 0
31 10 100 0 0
32 11 100 0 0
33 12 100 0 0
34 11 100 0 0
35 12 100 0 0
36 11 100 0 0
37 12 100 0 0
38 13 100 0 0
39 12 100 0 0
40 13 100 0 0
41 12 100 0 0
42 13 100 0 0
43 14 100 0 0
44 13 100 0 0
45 14 100 0 0
46 13 100 0 0
47 14 100 0 0
48 15 100 0 0
49 14 100 0 0
50 15 100 0 0
51 14 100 0 0
52 15 100 0 0
53 16 100 0 0
54 15 100 0 0
55 16 100 0 0
56 17 100 0 0
57 16 100 0 0
58 17 100 0 0
59 16 100 0 0
60 17 100 0 0
61 18 100 0 0
62 17 100 0 0
63 18 100 0 0
64 19 100 0 0
65 18 100 0 0
66 19 100 0 0
67 18 100 0 0
68 19 100 0 0
69 20 100 0 0
70 19 100 0 0
71 20 100 0 0
72 19 100 0 0
73 20 100 0 0
74 21 100 0 0
75 20 100 0 0
76 21 100 0 0
77 22 100 0 0
78 21 100 0 0
79 22 100 0 0
80 21 100 0 0
81 22 100 0 0
82 23 100 0 0
83 22 100 0 0
84 23 100 0 0
85 22 100 0 0
86 23 100 0 0
87 24 100 0 0
88 23 100 0 0
89 24 100 0 0
90 25 100 0 0
91 24 100 0 0
92 25 100 0 0
93 26 100 0 0
94 25 100 0 0
95 26 100 0 0
96 25 100 0 0
97 26 100 0 0
98 27 100 0 0
99 28 100 0 0
100 27 100 0 0
101 28 100 0 0
102 27 100 0 0
103 28 100 0 0
104 29 100 0 0
105 28 100 0 0
106 29 100 0 0
107 30 100 0 0
108 29 100 0 0
109 30 100 0 0
110 31 100 0 0
111 30 100 0 0
112 31 100 0 0
113 32 100 0 0
114 31 100 0 0
115 32 100 0 0
116 33 100 0 0
117 32 100 0 0
118 33 100 0 0
119 32 100 0 0
120 33 100 0 0
121 34 100 0 0
122 33 100 0 0
123 34 100 0 0
124 35 100 0 0
125 34 100 0 0
126 35 100 0 0
127 36 100 0 0
128 35 100 0 0
129 36 100 0 0
130 37 100 0 0
131 36 100 0 0
132 37 100 0 0
133 38 100 0 0
134 37 100 0 0
135 38 100 0 0
136 38 101 0 0
137 39 101 0 0
138 38 101 0 0
139 39 101 0 0
140 40 101 0 0
141 39 101 0 0
142 40 101 0 0
143 39 101 0 0
144 40 101 0 0
145 41 101 0 0
146 40 101 0 0
147 41 101 0 0
148 42 101 0 0
149 41 101 0 0
150 42 101 0 0
151 43 101 0 0
152 42 101 0 0
153 43 101 0 0
154 44 101 0 0
155 43 101 0 0
156 44 101 0 0
157 45 101 0 0
158 44 101 0 0
159 45 101 0 0
160 44 101 0 0
161 45 101 0 0
162 46 101 0 0
163 45 101 0 0
164 46 101 0 0
165 47 101 0 0
166 46 101 0 0
167 47 101 0 0
168 48 101 0 0
169 47 101 0 0
170 48 101 0 0
171 49 101 0 0
172 48 101 0 0
173 49 101 0 0
174 50 101 0 0
175 49 101 0 0
176 50 101 0 0
177 51 101 0 0
178 50 101 0 0
179 51 101 0 0
180 52 101 0 0
181 51 101 0 0
182 52 101 0 0
183 53 101 0 0
184 52 101 0 0
185 53 101 0 0
186 54 101 0 0
187 53 101 0 0
188 54 101 0 0
189 55 101 0 0
190 54 101 0 0
191 55 101 0 0
192 56 101 0 0
193 55 101 0 0
194 56 101 0 0
195 57 101 0 0
196 56 101 0 0
197 57 101 0 0
198 58 101 0 0
199 57 101 0 0
200 58 101 0 0
201 59 101 0 0
202 58 101 0 0
203 59 101 0 0
204 60 101 0 0
205 59 101 0 0
206 60 101 0 0
207 61 101 0 0
208 60 101 0 0
209 61 101 0 0
210 62 101 0 0
211 61 101 0 0
212 61 100 0 0
213 62 100 0 0
214 63 100 0 0
215 62 100 0 0
216 63 100 0 0
217 64 100 0 0
218 63 100 0 0
219 64 100 0 0
220 65 100 0 0
221 64 100 0 0
222 65 100 0 0
223 66 100 0 0
224 65 100 0 0
225 66 100 0 0
226 66 99 0 0
227 67 99 0 0
228 66 99 0 0
229 67 99 0 0
230 68 99 0 0
231 67 99 0 0
232 68 99 0 0
233 69 99 0 0
234 68 99 0 0
235 69 99 0 0
236 70 99 0 0
237 69 99 0 0
238 70 99 0 0
239 71 99 0 0
240 70 99 0 0
241 71 99 0 0
242 71 98 0 0
243 72 98 0 0
244 71 98 0 0
245 72 98 0 0
246 73 98 0 0
247 72 98 0 0
248 73 98 0 0
249 74 98 0 0
250 73 98 0 0
251 74 98 0 0
252 73 98 0 0
253 73 97 0 0
254 74 97 0 0
255 75 97 0 0
256 74 97 0 0
257 75 97 0 0
258 76 97 0 0
259 75 97 0 0
260 75 96 0 0
261 76 96 0 0
262 77 96 0 0
263 76 96 0 0
264 77 96 0 0
265 76 96 0 0
266 77 96 0 0
267 77 95 0 0
268 78 95 0 0
269 77 95 0 0
270 78 95 0 0
271 79 95 0 0
272 78 95 0 0
273 79 95 0 0
274 78 95 0 0
275 78 94 0 0
276 79 94 0 0
277 80 94 0 0
278 79 94 0 0
279 80 94 0 0
280 81 94 0 0
281 80 94 0 0
282 80 93 0 0
283 81 93 0 0
284 82 93 0 0
285 81 93 0 0
286 82 93 0 0
287 81 93 0 0
288 81 92 0 0
289 82 92 0 0
290 83 92 0 0
291 82 92 0 0
292 83 92 0 0
293 82 92 0 0
294 83 92 0 0
295 84 92 0 0
296 83 92 0 0
297 84 92 0 0
298 85 92 0 0
299 84 92 0 0
300 85 92 0 0
301 84 92 0 0
302 85 92 0 0
303 86 92 0 0
304 85 92 0 0
305 86 92 0 0
306 85 92 0 0
307 85 91 0 0
308 86 91 0 0
309 87 91 0 0
310 86 91 0 0
311 87 91 0 0
312 88 91 0 0
313 87 91 0 0
314 88 91 0 0
315 89 91 0 0
316 88 91 0 0
317 89 91 0 0
318 88 91 0 0
319 89 91 0 0
320 90 91 0 0
321 89 91 0 0
322 90 91 0 0
323 91 91 0 0
324 90 91 0 0
325 90 90 0 0
326 91 90 0 0
327 92 90 0 0
328 91 90 0 0
329 92 90 0 0
330 91 90 0 0
331 92 90 0 0
332 93 90 0 0
333 92 90 0 0
334 93 90 0 0
335 92 90 0 0
336 93 90 0 0
337 94 90 0 0
338 93 90 0 0
339 94 90 0 0
340 95 90 0 0
341 94 90 0 0
342 94 89 0 0
343 95 89 0 0
344 94 89 0 0
345 95 89 0 0
346 96 89 0 0
347 95 89 0 0
348 96 89 0 0
349 95 89 0 0
350 96 89 0 0
351 97 89 0 0
352 96 89 0 0
353 97 89 0 0
354 96 89 0 0
355 97 89 0 0
356 96 89 0 0
357 97 89 0 0
358 98 89 0 0
359 97 89 0 0
360 98 89 0 0
361 97 89 0 0
362 98 89 0 0
363 99 89 0 0
364 98 89 0 0
365 99 89 0 0
366 98 89 0 0
367 99 89 0 0
368 98 89 0 0
369 98 88 0 0
370 99 88 0 0
371 100 88 0 0
372 99 88 0 0
373 100 88 0 0
374 99 88 0 0
375 100 88 0 0
376 99 88 0 0
377 100 88 0 0
378 101 88 0 0
379 100 88 0 0
380 101 88 0 0
381 102 88 0 0
382 101 88 0 0
383 102 88 0 0
384 101 88 0 0
385 102 88 0 0
386 101 88 0 0
387 102 88 0 0
388 101 88 0 0
389 102 88 0 0
390 102 89 0 0
391 103 89 0 0
392 102 89 0 0
393 103 89 0 0
394 102 89 0 0
395 103 89 0 0
396 102 89 0 0
397 103 89 0 0
398 102 89 0 0
399 103 89 0 0
400 104 89 0 0
401 103 89 0 0
402 104 89 0 0
403 103 89 0 0
404 104 89 0 0
405 103 89 0 0
406 103 90 0 0
407 104 90 0 0
408 105 90 0 0
409 104 90 0 0
410 105 90 0 0
411 104 90 0 0
412 105 90 0 0
413 104 90 0 0
414 105 90 0 0
415 104 90 0 0
416 105 90 0 0
417 106 90 0 0
418 105 90 0 0
419 105 91 0 0
420 106 91 0 0
421 105 91 0 0
422 106 91 0 0
423 105 91 0 0
424 106 91 0 0
425 105 91 0 0
426 106 91 0 0
427 107 91 0 0
428 106 91 0 0
429 106 92 0 0
430 107 92 0 0
431 106 92 0 0
432 107 92 0 0
433 106 92 0 0
434 107 92 0 0
435 108 92 0 0
436 107 92 0 0
437 108 92 0 0
438 107 92 0 0
439 107 93 0 0
440 108 93 0 0
441 107 93 0 0
442 108 93 0 0
443 107 93 0 0
444 108 93 0 0
445 107 93 0 0
446 108 93 0 0
447 107 93 0 0
448 108 93 0 0
449 108 94 0 0
450 109 94 0 0
451 108 94 0 0
452 109 94 0 0
453 108 94 0 0
454 109 94 0 0
455 108 94 0 0
456 109 94 0 0
457 108 94 0 0
458 109 94 0 0
459 108 94 0 0
460 109 94 0 0
461 108 94 0 0
462 108 95 0 0
463 109 95 0 0
464 110 95 0 0
465 109 95 0 0
466 110 95 0 0
467 109 95 0 0
468 110 95 0 0
469 109 95 0 0
470 110 95 0 0
471 109 95 0 0
472 110 95 0 0
473 109 95 0 0
474 109 96 0 0
475 110 96 0 0
476 109 96 0 0
477 110 96 0 0
478 111 96 0 0
479 110 96 0 0
480 111 96 0 0
481 110 96 0 0
482 111 96 0 0
483 110 96 0 0
484 110 97 0 0
485 111 97 0 0
486 110 97 0 0
487 111 97 0 0
488 110 97 0 0
489 111 97 0 0
490 110 97 0 0
491 111 97 0 0
492 110 97 0 0
493 111 97 0 0
494 110 97 0 0
495 110 98 0 0
496 111 98 0 0
497 110 98 0 0
498 111 98 0 0
499 110 98 0 0
500 111 98 0 0
501 110 98 0 0
502 111 98 0 0
503 112 98 0 0
504 111 98 0 0
505 111 99 0 0
506 112 99 0 0
507 111 99 0 0
508 112 99 0 0
509 111 99 0 0
510 112 99 0 0
511 111 99 0 0
512 112 99 0 0
513 111 99 0 0
514 112 99 0 0
515 111 99 0 0
516 111 100 0 0
517 112 100 0 0
518 111 100 0 0
519 112 100 0 0
520 111 100 0 0
521 112 100 0 0
522 111 100 0 0
523 112 100 0 0
524 111 100 0 0
525 112 100 0 0
526 111 100 0 0
527 111 101 0 0
528 112 101 0 0
529 111 101 0 0
530 112 101 0 0
531 111 101 0 0
532 112 101 0 0
533 111 101 0 0
534 112 101 0 0
535 113 101 0 0
536 112 101 0 0
537 112 102 0 0
538 113 102 0 0
539 112 102 0 0
540 113 102 0 0
541 112 102 0 0
542 113 102 0 0
543 112 102 0 0
544 113 102 0 0
545 112 102 0 0
546 113 102 0 0
547 112 102 0 0
548 113 102 0 0
549 112 102 0 0
550 112 103 0 0
551 113 103 0 0
552 112 103 0 0
553 113 103 0 0
554 112 103 0 0
555 113 103 0 0
556 112 103 0 0
557 113 103 0 0
558 112 103 0 0
559 113 103 0 0
560 112 103 0 0
561 113 103 0 0
562 112 103 0 0
563 113 103 0 0
564 112 103 0 0
565 112 104 0 0
566 113 104 0 0
567 112 104 0 0
568 113 104 0 0
569 112 104 0 0
570 113 104 0 0
571 112 104 0 0
572 113 104 0 0
573 114 104 0 0
574 113 104 0 0
575 114 104 0 0
576 113 104 0 0
577 113 105 0 0
578 114 105 0 0
579 113 105 0 0
580 114 105 0 0
581 113 105 0 0
582 114 105 0 0
583 113 105 0 0
584 114 105 0 0
585 113 105 0 0
586 114 105 0 0
587 113 105 0 0
588 114 105 0 0
589 113 105 0 0
590 114 105 0 0
591 113 105 0 0
592 113 106 0 0
593 114 106 0 0
594 113 106 0 0
595 114 106 0 0
596 113 106 0 0
597 114 106 0 0
598 113 106 0 0
599 114 106 0 0
600 113 106 0 0
601 114 106 0 0
602 113 106 0 0
603 114 106 0 0
604 115 106 0 0
605 114 106 0 0
606 114 107 0 0
607 115 107 0 0
608 114 107 0 0
609 115 107 0 0
610 114 107 0 0
611 115 107 0 0
612 114 107 0 0
613 114 108 0 0
614 115 108 0 0
615 114 108 0 0
616 115 108 0 0
617 114 108 0 0
618 115 108 0 0
619 114 108 0 0
620 114 109 0 0
621 115 109 0 0
622 114 109 0 0
623 115 109 0 0
624 114 109 0 0
625 115 109 0 0
626 114 109 0 0
627 115 109 0 0
628 114 109 0 0
629 114 110 0 0
630 115 110 0 0
631 114 110 0 0
632 115 110 0 0
633 114 110 0 0
634 115 110 0 0
635 114 110 0 0
636 114 111 0 0
637 115 111 0 0
638 114 111 0 0
639 115 111 0 0
640 114 111 0 0
641 115 111 0 0
642 114 111 0 0
643 114 112 0 0
644 115 112 0 0
645 114 112 0 0
646 115 112 0 0
647 114 112 0 0
648 115 112 0 0
649 116 112 0 0
650 115 112 0 0
651 115 113 0 0
652 116 113 0 0
653 115 113 0 0
654 116 113 0 0
655 115 113 0 0
656 116 113 0 0
657 115 113 0 0
658 115 114 0 0
659 116 114 0 0
660 115 114 0 0
661 116 114 0 0
662 115 114 0 0
663 116 114 0 0
664 115 114 0 0
665 115 115 0 0
666 116 115 0 0
667 115 115 0 0
668 116 115 0 0
669 115 115 0 0
670 116 115 0 0
671 115 115 0 0
672 116 115 0 0
673 115 115 0 0
674 115 116 0 0
675 116 116 0 0
676 115 116 0 0
677 116 116 0 0
678 115 116 0 0
679 116 116 0 0
680 115 116 0 0
681 115 117 0 0
682 116 117 0 0
683 117 117 0 0
684 116 117 0 0
685 117 117 0 0
686 116 117 0 0
687 116 118 0 0
688 117 118 0 0
689 116 118 0 0
690 117 118 0 0
691 116 118 0 0
692 117 118 0 0
693 116 118 0 0
694 117 118 0 0
695 116 118 0 0
696 116 119 0 0
697 117 119 0 0
698 116 119 0 0
699 117 119 0 0
700 116 119 0 0
701 117 119 0 0
702 116 119 0 0
703 116 120 0 0
704 117 120 0 0
705 116 120 0 0
706 117 120 0 0
707 116 120 0 0
708 117 120 0 0
709 116 120 0 0
710 116 121 0 0
711 117 121 0 0
712 116 121 0 0
713 117 121 0 0
714 116 121 0 0
715 117 121 0 0
716 116 121 0 0
717 117 121 0 0
718 116 121 0 0
719 116 122 0 0
720 117 122 0 0
721 116 122 0 0
722 117 122 0 0
723 116 122 0 0
724 117 122 0 0
725 116 122 0 0
726 116 123 0 0
727 117 123 0 0
728 116 123 0 0
729 117 123 0 0
730 116 123 0 0
731 117 123 0 0
732 116 123 0 0
733 116 124 0 0
734 117 124 0 0
735 116 124 0 0
736 117 124 0 0
737 116 124 0 0
738 117 124 0 0
739 116 124 0 0
740 116 125 0 0
741 117 125 0 0
742 116 125 0 0
743 117 125 0 0
744 116 125 0 0
745 117 125 0 0
746 116 125 0 0
747 116 126 0 0
748 117 126 0 0
749 116 126 0 0
750 117 126 0 0
751 116 126 0 0
752 117 126 0 0
753 116 126 0 0
754 116 127 0 0
755 117 127 0 0
756 116 127 0 0
757 117 127 0 0
758 116 127 0 0
759 117 127 0 0
760 116 127 0 0
761 116 128 0 0
762 117 128 0 0
763 116 128 0 0
764 117 128 0 0
765 116 128 0 0
766 117 128 0 0
767 116 128 0 0
768 116 129 0 0
769 117 129 0 0
770 116 129 0 0
771 117 129 0 0
772 116 129 0 0
773 117 129 0 0
774 116 129 0 0
775 116 130 0 0
776 117 130 0 0
777 116 130 0 0
778 117 130 0 0
779 116 130 0 0
780 117 130 0 0
781 116 130 0 0
782 116 131 0 0
783 117 131 0 0
784 116 131 0 0
785 117 131 0 0
786 116 131 0 0
787 117 131 0 0
788 116 131 0 0
789 116 132 0 0
790 117 132 0 0
791 116 132 0 0
792 117 132 0 0
793 116 132 0 0
794 117 132 0 0
795 116 132 0 0
796 116 133 0 0
797 117 133 0 0
798 116 133 0 0
799 117 133 0 0
800 116 133 0 0
801 115 133 0 0
802 115 134 0 0
803 116 134 0 0
804 115 134 0 0
805 116 134 0 0
806 115 134 0 0
807 116 134 0 0
808 115 134 0 0
809 115 135 0 0
810 116 135 0 0
811 115 135 0 0
812 116 135 0 0
813 115 135 0 0
814 116 135 0 0
815 115 135 0 0
816 115 136 0 0
817 116 136 0 0
818 115 136 0 0
819 116 136 0 0
820 115 136 0 0
821 116 136 0 0
822 115 136 0 0
823 115 137 0 0
824 116 137 0 0
825 115 137 0 0
826 116 137 0 0
827 115 137 0 0
828 116 137 0 0
829 115 137 0 0
830 115 138 0 0
831 116 138 0 0
832 115 138 0 0
833 116 138 0 0
834 115 138 0 0
835 116 138 0 0
836 115 138 0 0
837 115 139 0 0
838 116 139 0 0
839 115 139 0 0
840 116 139 0 0
841 115 139 0 0
842 116 139 0 0
843 115 139 0 0
844 115 140 0 0
845 116 140 0 0
846 115 140 0 0
847 116 140 0 0
848 115 140 0 0
849 116 140 0 0
850 115 140 0 0
851 115 141 0 0
852 116 141 0 0
853 115 141 0 0
854 116 141 0 0
855 115 141 0 0
856 116 141 0 0
857 115 141 0 0
858 115 142 0 0
859 116 142 0 0
860 115 142 0 0
861 116 142 0 0
862 115 142 0 0
863 116 142 0 0
864 115 142 0 0
865 115 143 0 0
866 116 143 0 0
867 115 143 0 0
868 116 143 0 0
869 115 143 0 0
870 116 143 0 0
871 115 143 0 0
872 115 144 0 0
873 116 144 0 0
874 115 144 0 0
875 116 144 0 0
876 115 144 0 0
877 116 144 0 0
878 115 144 0 0
879 115 145 0 0
880 116 145 0 0
881 115 145 0 0
882 114 145 0 0
883 115 145 0 0
884 114 145 0 0
885 114 146 0 0
886 115 146 0 0
887 114 146 0 0
888 115 146 0 0
889 114 146 0 0
890 115 146 0 0
891 114 146 0 0
892 114 147 0 0
893 115 147 0 0
894 114 147 0 0
895 115 147 0 0
896 114 147 0 0
897 115 147 0 0
898 114 147 0 0
899 114 148 0 0
900 115 148 0 0
901 114 148 0 0
902 115 148 0 0
903 114 148 0 0
904 115 148 0 0
905 114 148 0 0
906 114 149 0 0
907 115 149 0 0
908 114 149 0 0
909 115 149 0 0
910 114 149 0 0
911 115 149 0 0
912 114 149 0 0
913 114 150 0 0
914 115 150 0 0
915 114 150 0 0
916 115 150 0 0
917 114 150 0 0
918 115 150 0 0
919 114 150 0 0
920 114 151 0 0
921 115 151 0 0
922 114 151 0 0
923 115 151 0 0
924 114 151 0 0
925 115 151 0 0
926 114 151 0 0
927 114 152 0 0
928 115 152 0 0
929 114 152 0 0
930 115 152 0 0
931 114 152 0 0
932 115 152 0 0
933 114 152 0 0
934 115 152 0 0
935 114 152 0 0
936 114 153 0 0
937 115 153 0 0
938 114 153 0 0
939 115 153 0 0
940 114 153 0 0
941 114 154 0 0
942 115 154 0 0
943 114 154 0 0
944 115 154 0 0
945 114 154 0 0
946 114 155 0 0
947 115 155 0 0
948 114 155 0 0
949 115 155 0 0
950 114 155 0 0
951 115 155 0 0
952 115 156 0 0
953 116 156 0 0
954 115 156 0 0
955 116 156 0 0
956 115 156 0 0
957 115 157 0 0
958 116 157 0 0
959 115 157 0 0
960 116 157 0 0
961 115 157 0 0
962 116 157 0 0
963 115 157 0 0
964 115 158 0 0
965 116 158 0 0
966 115 158 0 0
967 116 158 0 0
968 115 158 0 0
969 115 159 0 0
970 116 159 0 0
971 115 159 0 0
972 116 159 0 0
973 115 159 0 0
974 116 159 0 0
975 116 160 0 0
976 117 160 0 0
977 116 160 0 0
978 117 160 0 0
979 116 160 0 0
980 116 161 0 0
981 117 161 0 0
982 116 161 0 0
983 117 161 0 0
984 116 161 0 0
985 117 161 0 0
986 116 161 0 0
987 116 162 0 0
988 117 162 0 0
989 116 162 0 0
990 117 162 0 0
991 116 162 0 0
992 116 163 0 0
993 117 163 0 0
994 116 163 0 0
995 117 163 0 0
996 116 163 0 0
997 117 163 0 0
998 116 163 0 0
999 116 164 0 0
1000 117 164 0 0
1001 116 164 0 0
1002 117 164 0 0
1003 116 164 0 0
1004 116 165 0 0
1005 117 165 0 0
1006 116 165 0 0
1007 117 165 0 0
1008 118 165 0 0
1009 117 165 0 0
1010 117 166 0 0
1011 118 166 0 0
1012 117 166 0 0
1013 118 166 0 0
1014 117 166 0 0
1015 117 167 0 0
1016 118 167 0 0
1017 117 167 0 0
1018 118 167 0 0
1019 117 167 0 0
1020 118 167 0 0
1021 117 167 0 0
1022 117 168 0 0
1023 118 168 0 0
1024 117 168 0 0
1025 118 168 0 0
1026 117 168 0 0
1027 117 169 0 0
1028 118 169 0 0
1029 117 169 0 0
1030 118 169 0 0
1031 117 169 0 0
1032 118 169 0 0
1033 118 170 0 0
1034 119 170 0 0
1035 118 170 0 0
1036 119 170 0 0
1037 118 170 0 0
1038 118 171 0 0
1039 119 171 0 0
1040 118 171 0 0
1041 119 171 0 0
1042 118 171 0 0
1043 119 171 0 0
1044 118 171 0 0
1045 118 172 0 0
1046 119 172 0 0
1047 118 172 0 0
1048 119 172 0 0
1049 118 172 0 0
1050 119 172 0 0
1051 118 172 0 0
1052 118 173 0 0
1053 119 173 0 0
1054 118 173 0 0
1055 119 173 0 0
1056 118 173 0 0
1057 118 174 0 0
1058 119 174 0 0
1059 118 174 0 0
1060 119 174 0 0
1061 118 174 0 0
1062 119 174 0 0
1063 118 174 0 0
1064 118 175 0 0
1065 119 175 0 0
1066 118 175 0 0
1067 119 175 0 0
1068 118 175 0 0
1069 119 175 0 0
1070 119 176 0 0
1071 120 176 0 0
1072 119 176 0 0
1073 120 176 0 0
1074 119 176 0 0
1075 119 177 0 0
1076 120 177 0 0
1077 119 177 0 0
1078 120 177 0 0
1079 119 177 0 0
1080 120 177 0 0
1081 119 177 0 0
1082 119 178 0 0
1083 120 178 0 0
1084 119 178 0 0
1085 120 178 0 0
1086 119 178 0 0
1087 120 178 0 0
1088 119 178 0 0
1089 119 179 0 0
1090 120 179 0 0
1091 119 179 0 0
1092 120 179 0 0
1093 119 179 0 0
1094 119 180 0 0
1095 120 180 0 0
1096 119 180 0 0
1097 120 180 0 0
1098 119 180 0 0
1099 120 180 0 0
1100 119 180 0 0
1101 119 181 0 0
1102 120 181 0 0
1103 119 181 0 0
1104 120 181 0 0
1105 119 181 0 0
1106 120 181 0 0
1107 120 182 0 0
1108 121 182 0 0
1109 120 182 0 0
1110 121 182 0 0
1111 120 182 0 0
1112 120 183 0 0
1113 121 183 0 0
1114 120 183 0 0
1115 121 183 0 0
1116 120 183 0 0
1117 121 183 0 0
1118 120 183 0 0
1119 120 184 0 0
1120 121 184 0 0
1121 120 184 0 0
1122 121 184 0 0
1123 120 184 0 0
1124 121 184 0 0
1125 120 184 0 0
1126 120 185 0 0
1127 121 185 0 0
1128 120 185 0 0
1129 121 185 0 0
1130 120 185 0 0
1131 121 185 0 0
1132 120 185 0 0
1133 120 186 0 0
1134 121 186 0 0
1135 120 186 0 0
1136 121 186 0 0
1137 121 187 0 0
1138 122 187 0 0
1139 121 187 0 0
1140 122 187 0 0
1141 121 187 0 0
1142 122 187 0 0
1143 121 187 0 0
1144 121 188 0 0
1145 122 188 0 0
1146 121 188 0 0
1147 122 188 0 0
1148 121 188 0 0
1149 122 188 0 0
1150 121 188 0 0
1151 121 189 0 0
1152 122 189 0 0
1153 121 189 0 0
1154 122 189 0 0
1155 121 189 0 0
1156 121 190 0 0
1157 122 190 0 0
1158 121 190 0 0
1159 122 190 0 0
1160 121 190 0 0
1161 122 190 0 0
1162 121 190 0 0
1163 122 190 0 0
1164 121 190 0 0
1165 121 191 0 0
1166 122 191 0 0
1167 121 191 0 0
1168 122 191 0 0
1169 121 191 0 0
1170 121 192 0 0
1171 122 192 0 0
1172 121 192 0 0
1173 122 192 0 0
1174 122 193 0 0
1175 123 193 0 0
1176 122 193 0 0
1177 123 193 0 0
1178 122 193 0 0
1179 123 193 0 0
1180 122 193 0 0
1181 122 194 0 0
1182 123 194 0 0
1183 122 194 0 0
1184 123 194 0 0
1185 122 194 0 0
1186 123 194 0 0
1187 122 194 0 0
1188 122 195 0 0
1189 123 195 0 0
1190 122 195 0 0
1191 123 195 0 0
1192 122 195 0 0
1193 122 196 0 0
1194 123 196 0 0
1195 122 196 0 0
1196 123 196 0 0
1197 122 196 0 0
1198 123 196 0 0
1199 122 196 0 0
1200 123 196 0 0
1201 122 196 0 0
1202 123 196 0 0
1203 122 196 0 0
1204 122 197 0 0
1205 123 197 0 0
1206 122 197 0 0
1207 123 197 0 0
1208 122 197 0 0
1209 122 198 0 0
1210 123 198 0 0
1211 122 198 0 0
1212 123 198 0 0
1213 124 198 0 0
1214 123 198 0 0
1215 123 199 0 0
1216 124 199 0 0
1217 123 199 0 0
1218 123 200 0 0
1219 124 200 0 0
1220 123 200 0 0
1221 124 200 0 0
1222 123 200 0 0
1223 124 200 0 0
1224 123 200 0 0
1225 124 200 0 0
1226 123 200 0 0
1227 123 201 0 0
1228 124 201 0 0
1229 123 201 0 0
1230 124 201 0 0
1231 123 201 0 0
1232 123 202 0 0
1233 124 202 0 0
1234 123 202 0 0
1235 124 202 0 0
1236 123 202 0 0
1237 123 203 0 0
1238 124 203 0 0
1239 123 203 0 0
1240 124 203 0 0
1241 123 203 0 0
1242 124 203 0 0
1243 123 203 0 0
1244 124 203 0 0
1245 124 204 0 0
1246 125 204 0 0
1247 124 204 0 0
1248 125 204 0 0
1249 124 204 0 0
1250 125 204 0 0
1251 124 204 0 0
1252 124 205 0 0
1253 125 205 0 0
1254 124 205 0 0
1255 125 205 0 0
1256 124 205 0 0
1257 125 205 0 0
1258 124 205 0 0
1259 124 206 0 0
1260 125 206 0 0
1261 124 206 0 0
1262 125 206 0 0
1263 124 206 0 0
1264 125 206 0 0
1265 124 206 0 0
1266 124 207 0 0
1267 125 207 0 0
1268 124 207 0 0
1269 125 207 0 0
1270 124 207 0 0
1271 124 208 0 0
1272 125 208 0 0
1273 124 208 0 0
1274 125 208 0 0
1275 124 208 0 0
1276 125 208 0 0
1277 124 208 0 0
1278 124 209 0 0
1279 125 209 0 0
1280 124 209 0 0
1281 125 209 0 0
1282 124 209 0 0
1283 125 209 0 0
1284 124 209 0 0
1285 124 210 0 0
1286 125 210 0 0
