0 2 94 0 0
1 3 94 0 0
2 4 94 0 0
3 3 94 0 0
4 4 94 0 0
5 3 94 0 0
6 4 94 0 0
7 5 94 0 0
8 4 94 0 0
9 5 94 0 0
10 6 94 0 0
11 5 94 0 0
12 6 94 0 0
13 5 94 0 0
14 6 94 0 0
15 7 94 0 0
16 6 94 0 0
17 7 94 0 0
18 8 94 0 0
19 7 94 0 0
20 8 94 0 0
21 7 94 0 0
22 8 94 0 0
23 9 94 0 0
24 8 94 0 0
25 9 94 0 0
26 8 94 0 0
27 9 94 0 0
28 10 94 0 0
29 9 94 0 0
30 10 94 0 0
31 11 94 0 0
32 10 94 0 0
33 10 95 0 0
34 11 95 0 0
35 10 95 0 0
36 11 95 0 0
37 12 95 0 0
38 11 95 0 0
39 12 95 0 0
40 13 95 0 0
41 12 95 0 0
42 13 95 0 0
43 14 95 0 0
44 13 95 0 0
45 14 95 0 0
46 15 95 0 0
47 14 95 0 0
48 15 95 0 0
49 16 95 0 0
50 15 95 0 0
51 16 95 0 0
52 15 95 0 0
53 16 95 0 0
54 17 95 0 0
55 16 95 0 0
56 17 95 0 0
57 18 95 0 0
58 17 95 0 0
59 18 95 0 0
60 19 95 0 0
61 18 95 0 0
62 19 95 0 0
63 20 95 0 0
64 19 95 0 0
65 19 96 0 0
66 20 96 0 0
67 19 96 0 0
68 20 96 0 0
69 21 96 0 0
70 20 96 0 0
71 21 96 0 0
72 22 96 0 0
73 21 96 0 0
74 22 96 0 0
75 21 96 0 0
76 22 96 0 0
77 21 96 0 0
78 22 96 0 0
79 23 96 0 0
80 22 96 0 0
81 23 96 0 0
82 22 96 0 0
83 23 96 0 0
84 24 96 0 0
85 23 96 0 0
86 24 96 0 0
87 25 96 0 0
88 24 96 0 0
89 25 96 0 0
90 24 96 0 0
91 25 96 0 0
92 24 96 0 0
93 25 96 0 0
94 26 96 0 0
95 25 96 0 0
96 26 96 0 0
97 27 96 0 0
98 26 96 0 0
99 27 96 0 0
100 26 96 0 0
101 27 96 0 0
102 28 96 0 0
103 27 96 0 0
104 28 96 0 0
105 27 96 0 0
106 28 96 0 0
107 29 96 0 0
108 28 96 0 0
109 29 96 0 0
110 28 96 0 0
111 29 96 0 0
112 30 96 0 0
113 29 96 0 0
114 30 96 0 0
115 29 96 0 0
116 30 96 0 0
117 31 96 0 0
118 30 96 0 0
119 31 96 0 0
120 30 96 0 0
121 31 96 0 0
122 32 96 0 0
123 31 96 0 0
124 32 96 0 0
125 31 96 0 0
126 32 96 0 0
127 33 96 0 0
128 32 96 0 0
129 33 96 0 0
130 32 96 0 0
131 33 96 0 0
132 33 97 0 0
133 34 97 0 0
134 33 97 0 0
135 34 97 0 0
136 35 97 0 0
137 34 97 0 0
138 35 97 0 0
139 34 97 0 0
140 35 97 0 0
141 36 97 0 0
142 35 97 0 0
143 36 97 0 0
144 35 97 0 0
145 36 97 0 0
146 35 97 0 0
147 36 97 0 0
148 37 97 0 0
149 36 97 0 0
150 37 97 0 0
151 38 97 0 0
152 37 97 0 0
153 38 97 0 0
154 37 97 0 0
155 38 97 0 0
156 39 97 0 0
157 38 97 0 0
158 39 97 0 0
159 40 97 0 0
160 39 97 0 0
161 40 97 0 0
162 39 97 0 0
163 40 97 0 0
164 41 97 0 0
165 40 97 0 0
166 41 97 0 0
167 42 97 0 0
168 41 97 0 0
169 42 97 0 0
170 41 97 0 0
171 42 97 0 0
172 43 97 0 0
173 42 97 0 0
174 43 97 0 0
175 42 97 0 0
176 43 97 0 0
177 44 97 0 0
178 43 97 0 0
179 44 97 0 0
180 43 97 0 0
181 44 97 0 0
182 45 97 0 0
183 44 97 0 0
184 45 97 0 0
185 44 97 0 0
186 45 97 0 0
187 46 97 0 0
188 45 97 0 0
189 46 97 0 0
190 47 97 0 0
191 46 97 0 0
192 47 97 0 0
193 46 97 0 0
194 47 97 0 0
195 48 97 0 0
196 47 97 0 0
197 48 97 0 0
198 49 97 0 0
199 48 97 0 0
200 49 97 0 0
201 48 97 0 0
202 49 97 0 0
203 48 97 0 0
204 49 97 0 0
205 50 97 0 0
206 49 97 0 0
207 50 97 0 0
208 49 97 0 0
209 49 98 0 0
210 50 98 0 0
211 51 98 0 0
212 50 98 0 0
213 51 98 0 0
214 50 98 0 0
215 51 98 0 0
216 50 98 0 0
217 51 98 0 0
218 52 98 0 0
219 51 98 0 0
220 52 98 0 0
221 53 98 0 0
222 52 98 0 0
223 53 98 0 0
224 52 98 0 0
225 53 98 0 0
226 52 98 0 0
227 53 98 0 0
228 54 98 0 0
229 53 98 0 0
230 54 98 0 0
231 55 98 0 0
232 54 98 0 0
233 55 98 0 0
234 54 98 0 0
235 55 98 0 0
236 54 98 0 0
237 55 98 0 0
238 56 98 0 0
239 55 98 0 0
240 56 98 0 0
241 55 98 0 0
242 56 98 0 0
243 55 98 0 0
244 56 98 0 0
245 57 98 0 0
246 56 98 0 0
247 57 98 0 0
248 56 98 0 0
249 57 98 0 0
250 58 98 0 0
251 57 98 0 0
252 58 98 0 0
253 57 98 0 0
254 58 98 0 0
255 57 98 0 0
256 58 98 0 0
257 59 98 0 0
258 58 98 0 0
259 59 98 0 0
260 58 98 0 0
261 59 98 0 0
262 60 98 0 0
263 59 98 0 0
264 60 98 0 0
265 59 98 0 0
266 60 98 0 0
267 59 98 0 0
268 59 99 0 0
269 60 99 0 0
270 61 99 0 0
271 60 99 0 0
272 61 99 0 0
273 60 99 0 0
274 61 99 0 0
275 62 99 0 0
276 61 99 0 0
277 62 99 0 0
278 61 99 0 0
279 62 99 0 0
280 61 99 0 0
281 62 99 0 0
282 61 99 0 0
283 62 99 0 0
284 63 99 0 0
285 62 99 0 0
286 63 99 0 0
287 62 99 0 0
288 63 99 0 0
289 62 99 0 0
290 63 99 0 0
291 62 99 0 0
292 63 99 0 0
293 64 99 0 0
294 63 99 0 0
295 64 99 0 0
296 63 99 0 0
297 64 99 0 0
298 65 99 0 0
299 64 99 0 0
300 65 99 0 0
301 64 99 0 0
302 65 99 0 0
303 64 99 0 0
304 65 99 0 0
305 64 99 0 0
306 65 99 0 0
307 66 99 0 0
308 65 99 0 0
309 66 99 0 0
310 65 99 0 0
311 66 99 0 0
312 67 99 0 0
313 66 99 0 0
314 67 99 0 0
315 66 99 0 0
316 67 99 0 0
317 66 99 0 0
318 67 99 0 0
319 68 99 0 0
320 67 99 0 0
321 68 99 0 0
322 67 99 0 0
323 68 99 0 0
324 67 99 0 0
325 68 99 0 0
326 69 99 0 0
327 68 99 0 0
328 69 99 0 0
329 68 99 0 0
330 69 99 0 0
331 68 99 0 0
332 69 99 0 0
333 70 99 0 0
334 69 99 0 0
335 70 99 0 0
336 69 99 0 0
337 69 98 0 0
338 70 98 0 0
339 69 98 0 0
340 70 98 0 0
341 71 98 0 0
342 70 98 0 0
343 71 98 0 0
344 70 98 0 0
345 71 98 0 0
346 70 98 0 0
347 71 98 0 0
348 72 98 0 0
349 71 98 0 0
350 72 98 0 0
351 71 98 0 0
352 72 98 0 0
353 73 98 0 0
354 72 98 0 0
355 72 97 0 0
356 73 97 0 0
357 72 97 0 0
358 73 97 0 0
359 72 97 0 0
360 73 97 0 0
361 74 97 0 0
362 73 97 0 0
363 74 97 0 0
364 73 97 0 0
365 74 97 0 0
366 75 97 0 0
367 74 97 0 0
368 75 97 0 0
369 74 97 0 0
370 75 97 0 0
371 74 97 0 0
372 75 97 0 0
373 75 96 0 0
374 76 96 0 0
375 75 96 0 0
376 76 96 0 0
377 75 96 0 0
378 76 96 0 0
379 75 96 0 0
380 76 96 0 0
381 77 96 0 0
382 76 96 0 0
383 77 96 0 0
384 76 96 0 0
385 77 96 0 0
386 78 96 0 0
387 77 96 0 0
388 78 96 0 0
389 77 96 0 0
390 78 96 0 0
391 77 96 0 0
392 77 95 0 0
393 78 95 0 0
394 79 95 0 0
395 78 95 0 0
396 79 95 0 0
397 78 95 0 0
398 79 95 0 0
399 80 95 0 0
400 79 95 0 0
401 80 95 0 0
402 79 95 0 0
403 80 95 0 0
404 79 95 0 0
405 80 95 0 0
406 81 95 0 0
407 80 95 0 0
408 81 95 0 0
409 80 95 0 0
410 80 94 0 0
411 81 94 0 0
412 82 94 0 0
413 81 94 0 0
414 82 94 0 0
415 81 94 0 0
416 82 94 0 0
417 81 94 0 0
418 82 94 0 0
419 83 94 0 0
420 82 94 0 0
421 83 94 0 0
422 82 94 0 0
423 83 94 0 0
424 82 94 0 0
425 83 94 0 0
426 84 94 0 0
427 83 94 0 0
428 83 93 0 0
429 84 93 0 0
430 83 93 0 0
431 84 93 0 0
432 85 93 0 0
433 84 93 0 0
434 85 93 0 0
435 84 93 0 0
436 85 93 0 0
437 84 93 0 0
438 85 93 0 0
439 86 93 0 0
440 85 93 0 0
441 86 93 0 0
442 85 93 0 0
443 86 93 0 0
444 87 93 0 0
445 86 93 0 0
446 86 92 0 0
447 87 92 0 0
448 86 92 0 0
449 87 92 0 0
450 88 92 0 0
451 87 92 0 0
452 88 92 0 0
453 87 92 0 0
454 88 92 0 0
455 89 92 0 0
456 88 92 0 0
457 89 92 0 0
458 88 92 0 0
459 89 92 0 0
460 88 92 0 0
461 89 92 0 0
462 90 92 0 0
463 89 92 0 0
464 89 91 0 0
465 90 91 0 0
466 89 91 0 0
467 90 91 0 0
468 91 91 0 0
469 90 91 0 0
470 91 91 0 0
471 90 91 0 0
472 91 91 0 0
473 90 91 0 0
474 91 91 0 0
475 92 91 0 0
476 91 91 0 0
477 92 91 0 0
478 91 91 0 0
479 92 91 0 0
480 93 91 0 0
481 92 91 0 0
482 92 90 0 0
483 93 90 0 0
484 92 90 0 0
485 93 90 0 0
486 94 90 0 0
487 93 90 0 0
488 94 90 0 0
489 93 90 0 0
490 94 90 0 0
491 95 90 0 0
492 94 90 0 0
493 95 90 0 0
494 94 90 0 0
495 95 90 0 0
496 94 90 0 0
497 95 90 0 0
498 96 90 0 0
499 95 90 0 0
500 96 90 0 0
501 95 90 0 0
502 96 90 0 0
503 95 90 0 0
504 96 90 0 0
505 97 90 0 0
506 96 90 0 0
507 96 89 0 0
508 97 89 0 0
509 96 89 0 0
510 97 89 0 0
511 98 89 0 0
512 97 89 0 0
513 98 89 0 0
514 97 89 0 0
515 98 89 0 0
516 97 89 0 0
517 98 89 0 0
518 99 89 0 0
519 98 89 0 0
520 99 89 0 0
521 100 89 0 0
522 99 89 0 0
523 100 89 0 0
524 99 89 0 0
525 100 89 0 0
526 99 89 0 0
527 100 89 0 0
528 101 89 0 0
529 100 89 0 0
530 101 89 0 0
531 100 89 0 0
532 101 89 0 0
533 102 89 0 0
534 101 89 0 0
535 102 89 0 0
536 101 89 0 0
537 101 90 0 0
538 102 90 0 0
539 101 90 0 0
540 102 90 0 0
541 103 90 0 0
542 102 90 0 0
543 103 90 0 0
544 102 90 0 0
545 103 90 0 0
546 102 90 0 0
547 103 90 0 0
548 104 90 0 0
549 103 90 0 0
550 104 90 0 0
551 103 90 0 0
552 104 90 0 0
553 105 90 0 0
554 104 90 0 0
555 105 90 0 0
556 104 90 0 0
557 105 90 0 0
558 104 90 0 0
559 105 90 0 0
560 105 91 0 0
561 106 91 0 0
562 105 91 0 0
563 106 91 0 0
564 105 91 0 0
565 106 91 0 0
566 107 91 0 0
567 106 91 0 0
568 107 91 0 0
569 106 91 0 0
570 107 91 0 0
571 106 91 0 0
572 107 91 0 0
573 107 92 0 0
574 108 92 0 0
575 107 92 0 0
576 108 92 0 0
577 107 92 0 0
578 108 92 0 0
579 109 92 0 0
580 108 92 0 0
581 109 92 0 0
582 108 92 0 0
583 109 92 0 0
584 108 92 0 0
585 108 93 0 0
586 109 93 0 0
587 110 93 0 0
588 109 93 0 0
589 110 93 0 0
590 109 93 0 0
591 110 93 0 0
592 109 93 0 0
593 110 93 0 0
594 109 93 0 0
595 110 93 0 0
596 110 94 0 0
597 111 94 0 0
598 110 94 0 0
599 111 94 0 0
600 110 94 0 0
601 111 94 0 0
602 110 94 0 0
603 111 94 0 0
604 110 94 0 0
605 111 94 0 0
606 111 95 0 0
607 112 95 0 0
608 111 95 0 0
609 112 95 0 0
610 111 95 0 0
611 112 95 0 0
612 111 95 0 0
613 112 95 0 0
614 113 95 0 0
615 112 95 0 0
616 112 96 0 0
617 113 96 0 0
618 112 96 0 0
619 113 96 0 0
620 112 96 0 0
621 113 96 0 0
622 112 96 0 0
623 113 96 0 0
624 112 96 0 0
625 113 96 0 0
626 113 97 0 0
627 114 97 0 0
628 113 97 0 0
629 114 97 0 0
630 113 97 0 0
631 114 97 0 0
632 113 97 0 0
633 114 97 0 0
634 113 97 0 0
635 113 98 0 0
636 114 98 0 0
637 113 98 0 0
638 114 98 0 0
639 113 98 0 0
640 114 98 0 0
641 113 98 0 0
642 113 99 0 0
643 114 99 0 0
644 115 99 0 0
645 114 99 0 0
646 115 99 0 0
647 114 99 0 0
648 114 100 0 0
649 115 100 0 0
650 114 100 0 0
651 115 100 0 0
652 114 100 0 0
653 115 100 0 0
654 114 100 0 0
655 114 101 0 0
656 115 101 0 0
657 114 101 0 0
658 115 101 0 0
659 114 101 0 0
660 115 101 0 0
661 114 101 0 0
662 115 101 0 0
663 114 101 0 0
664 114 102 0 0
665 115 102 0 0
666 114 102 0 0
667 115 102 0 0
668 114 102 0 0
669 115 102 0 0
670 114 102 0 0
671 114 103 0 0
672 115 103 0 0
673 114 103 0 0
674 115 103 0 0
675 116 103 0 0
676 115 103 0 0
677 115 104 0 0
678 116 104 0 0
679 115 104 0 0
680 116 104 0 0
681 115 104 0 0
682 116 104 0 0
683 115 104 0 0
684 115 105 0 0
685 116 105 0 0
686 115 105 0 0
687 116 105 0 0
688 115 105 0 0
689 116 105 0 0
690 115 105 0 0
691 115 106 0 0
692 116 106 0 0
693 115 106 0 0
694 116 106 0 0
695 115 106 0 0
696 116 106 0 0
697 115 106 0 0
698 116 106 0 0
699 115 106 0 0
700 115 107 0 0
701 114 107 0 0
702 115 107 0 0
703 114 107 0 0
704 114 108 0 0
705 115 108 0 0
706 114 108 0 0
707 115 108 0 0
708 114 108 0 0
709 115 108 0 0
710 114 108 0 0
711 114 109 0 0
712 115 109 0 0
713 114 109 0 0
714 115 109 0 0
715 114 109 0 0
716 114 110 0 0
717 115 110 0 0
718 114 110 0 0
719 115 110 0 0
720 114 110 0 0
721 115 110 0 0
722 114 110 0 0
723 114 111 0 0
724 115 111 0 0
725 114 111 0 0
726 115 111 0 0
727 114 111 0 0
728 114 112 0 0
729 113 112 0 0
730 114 112 0 0
731 113 112 0 0
732 114 112 0 0
733 113 112 0 0
734 113 113 0 0
735 114 113 0 0
736 113 113 0 0
737 114 113 0 0
738 113 113 0 0
739 113 114 0 0
740 114 114 0 0
741 113 114 0 0
742 114 114 0 0
743 113 114 0 0
744 114 114 0 0
745 113 114 0 0
746 113 115 0 0
747 114 115 0 0
748 113 115 0 0
749 114 115 0 0
750 113 115 0 0
751 113 116 0 0
752 114 116 0 0
753 113 116 0 0
754 114 116 0 0
755 113 116 0 0
756 114 116 0 0
757 113 116 0 0
758 113 117 0 0
759 114 117 0 0
760 113 117 0 0
761 114 117 0 0
762 113 117 0 0
763 114 117 0 0
764 113 117 0 0
765 113 118 0 0
766 114 118 0 0
767 113 118 0 0
768 114 118 0 0
769 113 118 0 0
770 112 118 0 0
771 112 119 0 0
772 113 119 0 0
773 112 119 0 0
774 113 119 0 0
775 112 119 0 0
776 113 119 0 0
777 112 119 0 0
778 112 120 0 0
779 113 120 0 0
780 112 120 0 0
781 113 120 0 0
782 112 120 0 0
783 113 120 0 0
784 112 120 0 0
785 112 121 0 0
786 113 121 0 0
787 112 121 0 0
788 113 121 0 0
789 112 121 0 0
790 113 121 0 0
791 112 121 0 0
792 112 122 0 0
793 113 122 0 0
794 112 122 0 0
795 113 122 0 0
796 112 122 0 0
797 112 123 0 0
798 113 123 0 0
799 112 123 0 0
800 113 123 0 0
801 112 123 0 0
802 113 123 0 0
803 112 123 0 0
804 112 124 0 0
805 113 124 0 0
806 112 124 0 0
807 113 124 0 0
808 112 124 0 0
809 112 125 0 0
810 113 125 0 0
811 112 125 0 0
812 113 125 0 0
813 112 125 0 0
814 113 125 0 0
815 112 125 0 0
816 112 126 0 0
817 113 126 0 0
818 112 126 0 0
819 113 126 0 0
820 112 126 0 0
821 112 127 0 0
822 113 127 0 0
823 112 127 0 0
824 113 127 0 0
825 112 127 0 0
826 113 127 0 0
827 112 127 0 0
828 112 128 0 0
829 113 128 0 0
830 112 128 0 0
831 113 128 0 0
832 112 128 0 0
833 112 129 0 0
834 113 129 0 0
835 112 129 0 0
836 113 129 0 0
837 112 129 0 0
838 113 129 0 0
839 112 129 0 0
840 112 130 0 0
841 111 130 0 0
842 112 130 0 0
843 111 130 0 0
844 112 130 0 0
845 111 130 0 0
846 111 131 0 0
847 112 131 0 0
848 111 131 0 0
849 112 131 0 0
850 111 131 0 0
851 112 131 0 0
852 111 131 0 0
853 111 132 0 0
854 112 132 0 0
855 111 132 0 0
856 112 132 0 0
857 111 132 0 0
858 111 133 0 0
859 112 133 0 0
860 111 133 0 0
861 112 133 0 0
862 111 133 0 0
863 111 134 0 0
864 112 134 0 0
865 111 134 0 0
866 112 134 0 0
867 111 134 0 0
868 112 134 0 0
869 111 134 0 0
870 111 135 0 0
871 112 135 0 0
872 111 135 0 0
873 112 135 0 0
874 111 135 0 0
875 112 135 0 0
876 111 135 0 0
877 111 136 0 0
878 112 136 0 0
879 111 136 0 0
880 112 136 0 0
881 111 136 0 0
882 111 137 0 0
883 112 137 0 0
884 111 137 0 0
885 112 137 0 0
886 111 137 0 0
887 112 137 0 0
888 111 137 0 0
889 111 138 0 0
890 112 138 0 0
891 111 138 0 0
892 112 138 0 0
893 111 138 0 0
894 112 138 0 0
895 111 138 0 0
896 111 139 0 0
897 112 139 0 0
898 111 139 0 0
899 110 139 0 0
900 111 139 0 0
901 110 139 0 0
902 110 140 0 0
903 111 140 0 0
904 110 140 0 0
905 111 140 0 0
906 110 140 0 0
907 110 141 0 0
908 111 141 0 0
909 110 141 0 0
910 111 141 0 0
911 110 141 0 0
912 110 142 0 0
913 111 142 0 0
914 110 142 0 0
915 111 142 0 0
916 110 142 0 0
917 110 143 0 0
918 111 143 0 0
919 110 143 0 0
920 111 143 0 0
921 110 143 0 0
922 111 143 0 0
923 110 143 0 0
924 111 143 0 0
925 110 143 0 0
926 110 144 0 0
927 111 144 0 0
928 110 144 0 0
929 111 144 0 0
930 110 144 0 0
931 111 144 0 0
932 110 144 0 0
933 110 145 0 0
934 111 145 0 0
935 110 145 0 0
936 111 145 0 0
937 110 145 0 0
938 110 146 0 0
939 111 146 0 0
940 110 146 0 0
941 111 146 0 0
942 110 146 0 0
943 111 146 0 0
944 110 146 0 0
945 110 147 0 0
946 111 147 0 0
947 110 147 0 0
948 111 147 0 0
949 110 147 0 0
950 110 148 0 0
951 111 148 0 0
952 110 148 0 0
953 111 148 0 0
954 110 148 0 0
955 111 148 0 0
956 110 148 0 0
957 110 149 0 0
958 111 149 0 0
959 110 149 0 0
960 111 149 0 0
961 110 149 0 0
962 110 150 0 0
963 111 150 0 0
964 110 150 0 0
965 111 150 0 0
966 110 150 0 0
967 110 151 0 0
968 111 151 0 0
969 110 151 0 0
970 111 151 0 0
971 110 151 0 0
972 110 152 0 0
973 111 152 0 0
974 110 152 0 0
975 111 152 0 0
976 110 152 0 0
977 111 152 0 0
978 110 152 0 0
979 110 153 0 0
980 111 153 0 0
981 110 153 0 0
982 111 153 0 0
983 110 153 0 0
984 110 154 0 0
985 111 154 0 0
986 110 154 0 0
987 111 154 0 0
988 110 154 0 0
989 110 155 0 0
990 111 155 0 0
991 110 155 0 0
992 111 155 0 0
993 110 155 0 0
994 110 156 0 0
995 111 156 0 0
996 110 156 0 0
997 111 156 0 0
998 110 156 0 0
999 111 156 0 0
1000 110 156 0 0
1001 110 157 0 0
1002 111 157 0 0
1003 110 157 0 0
1004 111 157 0 0
1005 110 157 0 0
1006 110 158 0 0
1007 111 158 0 0
1008 110 158 0 0
1009 111 158 0 0
1010 110 158 0 0
1011 110 159 0 0
1012 111 159 0 0
1013 112 159 0 0
1014 111 159 0 0
1015 112 159 0 0
1016 111 159 0 0
1017 111 160 0 0
1018 112 160 0 0
1019 111 160 0 0
1020 112 160 0 0
1021 111 160 0 0
1022 111 161 0 0
1023 112 161 0 0
1024 111 161 0 0
1025 112 161 0 0
1026 111 161 0 0
1027 111 162 0 0
1028 112 162 0 0
1029 111 162 0 0
1030 112 162 0 0
1031 111 162 0 0
1032 111 163 0 0
1033 112 163 0 0
1034 111 163 0 0
1035 112 163 0 0
1036 111 163 0 0
1037 112 163 0 0
1038 111 163 0 0
1039 111 164 0 0
1040 112 164 0 0
1041 111 164 0 0
1042 112 164 0 0
1043 111 164 0 0
1044 111 165 0 0
1045 112 165 0 0
1046 111 165 0 0
1047 112 165 0 0
1048 111 165 0 0
1049 111 166 0 0
1050 112 166 0 0
1051 111 166 0 0
1052 112 166 0 0
1053 111 166 0 0
1054 112 166 0 0
1055 112 167 0 0
1056 113 167 0 0
1057 112 167 0 0
1058 113 167 0 0
1059 112 167 0 0
1060 112 168 0 0
1061 113 168 0 0
1062 112 168 0 0
1063 113 168 0 0
1064 112 168 0 0
1065 112 169 0 0
1066 113 169 0 0
1067 112 169 0 0
1068 113 169 0 0
1069 112 169 0 0
1070 112 170 0 0
1071 113 170 0 0
1072 112 170 0 0
1073 113 170 0 0
1074 112 170 0 0
1075 113 170 0 0
1076 112 170 0 0
1077 112 171 0 0
1078 113 171 0 0
1079 112 171 0 0
1080 113 171 0 0
1081 112 171 0 0
1082 112 172 0 0
1083 113 172 0 0
1084 112 172 0 0
1085 113 172 0 0
1086 112 172 0 0
1087 112 173 0 0
1088 113 173 0 0
1089 112 173 0 0
1090 113 173 0 0
1091 112 173 0 0
1092 112 174 0 0
1093 113 174 0 0
1094 112 174 0 0
1095 113 174 0 0
1096 112 174 0 0
1097 113 174 0 0
1098 112 174 0 0
1099 112 175 0 0
1100 113 175 0 0
1101 112 175 0 0
1102 113 175 0 0
1103 112 175 0 0
1104 112 176 0 0
1105 113 176 0 0
1106 112 176 0 0
1107 113 176 0 0
1108 112 176 0 0
1109 112 177 0 0
1110 113 177 0 0
1111 112 177 0 0
1112 113 177 0 0
1113 114 177 0 0
1114 113 177 0 0
1115 113 178 0 0
1116 114 178 0 0
1117 113 178 0 0
1118 114 178 0 0
1119 113 178 0 0
1120 113 179 0 0
1121 114 179 0 0
1122 113 179 0 0
1123 114 179 0 0
1124 113 179 0 0
1125 113 180 0 0
1126 114 180 0 0
1127 113 180 0 0
1128 114 180 0 0
1129 113 180 0 0
1130 113 181 0 0
1131 114 181 0 0
1132 113 181 0 0
1133 114 181 0 0
1134 113 181 0 0
1135 114 181 0 0
1136 113 181 0 0
1137 113 182 0 0
1138 114 182 0 0
1139 113 182 0 0
1140 114 182 0 0
1141 113 182 0 0
1142 113 183 0 0
1143 114 183 0 0
1144 113 183 0 0
1145 114 183 0 0
1146 113 183 0 0
1147 113 184 0 0
1148 114 184 0 0
1149 113 184 0 0
1150 114 184 0 0
1151 113 184 0 0
1152 114 184 0 0
1153 113 184 0 0
1154 113 185 0 0
1155 114 185 0 0
1156 113 185 0 0
1157 114 185 0 0
1158 113 185 0 0
1159 113 186 0 0
1160 114 186 0 0
1161 113 186 0 0
1162 114 186 0 0
1163 113 186 0 0
1164 113 187 0 0
1165 114 187 0 0
1166 113 187 0 0
1167 114 187 0 0
1168 113 187 0 0
1169 113 188 0 0
1170 114 188 0 0
1171 115 188 0 0
1172 114 188 0 0
1173 115 188 0 0
1174 114 188 0 0
1175 114 189 0 0
1176 115 189 0 0
1177 114 189 0 0
1178 115 189 0 0
1179 114 189 0 0
1180 114 190 0 0
1181 115 190 0 0
1182 114 190 0 0
1183 115 190 0 0
1184 114 190 0 0
1185 115 190 0 0
1186 114 190 0 0
1187 115 190 0 0
1188 114 190 0 0
1189 114 191 0 0
1190 115 191 0 0
1191 115 192 0 0
1192 116 192 0 0
1193 115 192 0 0
1194 116 192 0 0
1195 115 192 0 0
1196 115 193 0 0
1197 116 193 0 0
1198 115 193 0 0
1199 116 193 0 0
1200 115 193 0 0
1201 116 193 0 0
1202 115 193 0 0
1203 115 194 0 0
1204 116 194 0 0
1205 115 194 0 0
1206 116 194 0 0
1207 115 194 0 0
1208 115 195 0 0
1209 116 195 0 0
1210 115 195 0 0
1211 116 195 0 0
1212 115 195 0 0
1213 116 195 0 0
1214 115 195 0 0
1215 115 196 0 0
1216 116 196 0 0
1217 117 196 0 0
1218 116 196 0 0
1219 117 196 0 0
1220 116 196 0 0
1221 116 197 0 0
1222 117 197 0 0
1223 116 197 0 0
1224 117 197 0 0
1225 116 197 0 0
1226 117 197 0 0
1227 116 197 0 0
1228 116 198 0 0
1229 117 198 0 0
1230 116 198 0 0
1231 117 198 0 0
1232 116 198 0 0
1233 116 199 0 0
1234 117 199 0 0
1235 116 199 0 0
1236 117 199 0 0
1237 116 199 0 0
1238 116 200 0 0
1239 117 200 0 0
1240 118 200 0 0
1241 117 200 0 0
1242 118 200 0 0
1243 117 200 0 0
1244 117 201 0 0
1245 118 201 0 0
1246 117 201 0 0
1247 117 202 0 0
1248 118 202 0 0
1249 117 202 0 0
1250 118 202 0 0
1251 117 202 0 0
1252 117 203 0 0
1253 118 203 0 0
1254 117 203 0 0
1255 118 203 0 0
1256 117 203 0 0
1257 118 203 0 0
1258 117 203 0 0
1259 117 204 0 0
1260 118 204 0 0
1261 117 204 0 0
1262 118 204 0 0
1263 117 204 0 0
1264 118 204 0 0
1265 117 204 0 0
1266 117 205 0 0
1267 118 205 0 0
1268 117 205 0 0
1269 118 205 0 0
1270 117 205 0 0
1271 117 206 0 0
1272 118 206 0 0
1273 117 206 0 0
1274 118 206 0 0
1275 117 206 0 0
1276 117 207 0 0
1277 118 207 0 0
1278 117 207 0 0
1279 118 207 0 0
1280 117 207 0 0
1281 117 208 0 0
1282 118 208 0 0
1283 117 208 0 0
1284 118 208 0 0
1285 117 208 0 0
1286 117 209 0 0
1287 118 209 0 0
1288 117 209 0 0
1289 118 209 0 0
1290 117 209 0 0
1291 118 209 0 0
1292 117 209 0 0
1293 117 210 0 0
1294 118 210 0 0
1295 117 210 0 0
1296 118 210 0 0
1297 117 210 0 0
1298 117 211 0 0
1299 118 211 0 0
1300 117 211 0 0
1301 118 211 0 0
1302 117 211 0 0
1303 117 212 0 0
1304 118 212 0 0
1305 117 212 0 0
1306 118 212 0 0
1307 117 212 0 0
1308 117 213 0 0
1309 118 213 0 0
1310 117 213 0 0
1311 118 213 0 0
1312 117 213 0 0
1313 118 213 0 0
1314 117 213 0 0
1315 117 214 0 0
1316 118 214 0 0
1317 117 214 0 0
1318 118 214 0 0
1319 117 214 0 0
1320 117 215 0 0
1321 118 215 0 0
1322 117 215 0 0
1323 118 215 0 0
1324 117 215 0 0
1325 117 216 0 0
1326 118 216 0 0
1327 117 216 0 0
1328 118 216 0 0
1329 117 216 0 0
1330 117 217 0 0
1331 118 217 0 0
1332 117 217 0 0
1333 118 217 0 0
1334 117 217 0 0
1335 117 218 0 0
1336 118 218 0 0
