0 118 232 0 0
1 119 232 0 0
2 118 232 0 0
3 119 232 0 0
4 118 232 0 0
5 119 232 0 0
6 118 232 0 0
7 119 232 0 0
8 118 232 0 0
9 118 231 0 0
10 119 231 0 0
11 118 231 0 0
12 119 231 0 0
13 118 231 0 0
14 119 231 0 0
15 118 231 0 0
16 119 231 0 0
17 118 231 0 0
18 119 231 0 0
19 118 231 0 0
20 118 230 0 0
21 119 230 0 0
22 118 230 0 0
23 119 230 0 0
24 118 230 0 0
25 119 230 0 0
26 118 230 0 0
27 119 230 0 0
28 118 230 0 0
29 118 229 0 0
30 119 229 0 0
31 118 229 0 0
32 119 229 0 0
33 118 229 0 0
34 119 229 0 0
35 118 229 0 0
36 119 229 0 0
37 118 229 0 0
38 119 229 0 0
39 118 229 0 0
40 118 228 0 0
41 119 228 0 0
42 118 228 0 0
43 119 228 0 0
44 118 228 0 0
45 119 228 0 0
46 118 228 0 0
47 119 228 0 0
48 118 228 0 0
49 119 228 0 0
50 118 228 0 0
51 118 227 0 0
52 119 227 0 0
53 118 227 0 0
54 119 227 0 0
55 118 227 0 0
56 119 227 0 0
57 118 227 0 0
58 119 227 0 0
59 118 227 0 0
60 118 226 0 0
61 119 226 0 0
62 118 226 0 0
63 119 226 0 0
64 118 226 0 0
65 119 226 0 0
66 118 226 0 0
67 119 226 0 0
68 118 226 0 0
69 118 225 0 0
70 119 225 0 0
71 118 225 0 0
72 119 225 0 0
73 118 225 0 0
74 119 225 0 0
75 118 225 0 0
76 118 224 0 0
77 119 224 0 0
78 118 224 0 0
79 119 224 0 0
80 118 224 0 0
81 119 224 0 0
82 120 224 0 0
83 119 224 0 0
84 119 223 0 0
85 120 223 0 0
86 119 223 0 0
87 120 223 0 0
88 119 223 0 0
89 120 223 0 0
90 119 223 0 0
91 119 222 0 0
92 120 222 0 0
93 119 222 0 0
94 120 222 0 0
95 119 222 0 0
96 120 222 0 0
97 119 222 0 0
98 119 221 0 0
99 120 221 0 0
100 119 221 0 0
101 120 221 0 0
102 119 221 0 0
103 120 221 0 0
104 119 221 0 0
105 120 221 0 0
106 119 221 0 0
107 119 220 0 0
108 120 220 0 0
109 121 220 0 0
110 120 220 0 0
111 121 220 0 0
112 120 220 0 0
113 120 219 0 0
114 121 219 0 0
115 120 219 0 0
116 121 219 0 0
117 120 219 0 0
118 121 219 0 0
119 120 219 0 0
120 120 218 0 0
121 121 218 0 0
122 120 218 0 0
123 121 218 0 0
124 120 218 0 0
125 121 218 0 0
126 120 218 0 0
127 121 218 0 0
128 120 218 0 0
129 120 217 0 0
130 121 217 0 0
131 120 217 0 0
132 121 217 0 0
133 120 217 0 0
134 121 217 0 0
135 120 217 0 0
136 120 216 0 0
137 121 216 0 0
138 120 216 0 0
139 121 216 0 0
140 120 216 0 0
141 121 216 0 0
142 120 216 0 0
143 120 215 0 0
144 121 215 0 0
145 122 215 0 0
146 121 215 0 0
147 122 215 0 0
148 121 215 0 0
149 122 215 0 0
150 121 215 0 0
151 121 214 0 0
152 122 214 0 0
153 121 214 0 0
154 122 214 0 0
155 121 214 0 0
156 122 214 0 0
157 121 214 0 0
158 121 213 0 0
159 122 213 0 0
160 121 213 0 0
161 122 213 0 0
162 123 213 0 0
163 122 213 0 0
164 122 212 0 0
165 123 212 0 0
166 122 212 0 0
167 123 212 0 0
168 122 212 0 0
169 123 212 0 0
170 122 212 0 0
171 123 212 0 0
172 122 212 0 0
173 122 211 0 0
174 123 211 0 0
175 122 211 0 0
176 123 211 0 0
177 122 211 0 0
178 123 211 0 0
179 123 210 0 0
180 124 210 0 0
181 123 210 0 0
182 124 210 0 0
183 123 210 0 0
184 124 210 0 0
185 123 210 0 0
186 123 209 0 0
187 124 209 0 0
188 123 209 0 0
189 124 209 0 0
190 123 209 0 0
191 124 209 0 0
192 123 209 0 0
193 124 209 0 0
194 124 208 0 0
195 125 208 0 0
196 124 208 0 0
197 125 208 0 0
198 124 208 0 0
199 125 208 0 0
200 124 208 0 0
201 124 207 0 0
202 125 207 0 0
203 124 207 0 0
204 125 207 0 0
205 124 207 0 0
206 125 207 0 0
207 125 206 0 0
208 126 206 0 0
209 125 206 0 0
210 126 206 0 0
211 125 206 0 0
212 126 206 0 0
213 125 206 0 0
214 126 206 0 0
215 125 206 0 0
216 125 205 0 0
217 126 205 0 0
218 125 205 0 0
219 126 205 0 0
220 125 205 0 0
221 126 205 0 0
222 125 205 0 0
223 125 204 0 0
224 126 204 0 0
225 125 204 0 0
226 126 204 0 0
227 125 204 0 0
228 126 204 0 0
229 125 204 0 0
230 126 204 0 0
231 125 204 0 0
232 125 203 0 0
233 126 203 0 0
234 125 203 0 0
235 126 203 0 0
236 125 203 0 0
237 126 203 0 0
238 125 203 0 0
239 126 203 0 0
240 125 203 0 0
241 126 203 0 0
242 125 203 0 0
243 126 203 0 0
244 125 203 0 0
245 125 202 0 0
246 126 202 0 0
247 125 202 0 0
248 126 202 0 0
249 125 202 0 0
250 126 202 0 0
251 127 202 0 0
252 126 202 0 0
253 126 201 0 0
254 127 201 0 0
255 126 201 0 0
256 127 201 0 0
257 126 201 0 0
258 126 200 0 0
259 127 200 0 0
260 126 200 0 0
261 127 200 0 0
262 126 200 0 0
263 127 200 0 0
264 126 200 0 0
265 127 200 0 0
266 126 200 0 0
267 127 200 0 0
268 126 200 0 0
269 127 200 0 0
270 126 200 0 0
271 126 199 0 0
272 127 199 0 0
273 126 199 0 0
274 127 199 0 0
275 126 199 0 0
276 126 198 0 0
277 127 198 0 0
278 126 198 0 0
279 127 198 0 0
280 126 198 0 0
281 127 198 0 0
282 126 198 0 0
283 127 198 0 0
284 126 198 0 0
285 126 197 0 0
286 127 197 0 0
287 126 197 0 0
288 127 197 0 0
289 126 197 0 0
290 125 197 0 0
291 126 197 0 0
292 125 197 0 0
293 125 196 0 0
294 126 196 0 0
295 125 196 0 0
296 126 196 0 0
297 125 196 0 0
298 126 196 0 0
299 125 196 0 0
300 126 196 0 0
301 125 196 0 0
302 125 195 0 0
303 126 195 0 0
304 125 195 0 0
305 126 195 0 0
306 125 195 0 0
307 124 195 0 0
308 124 194 0 0
309 125 194 0 0
310 124 194 0 0
311 125 194 0 0
312 124 194 0 0
313 125 194 0 0
314 124 194 0 0
315 125 194 0 0
316 124 194 0 0
317 124 193 0 0
318 125 193 0 0
319 124 193 0 0
320 123 193 0 0
321 124 193 0 0
322 123 193 0 0
323 123 192 0 0
324 124 192 0 0
325 123 192 0 0
326 124 192 0 0
327 123 192 0 0
328 124 192 0 0
329 123 192 0 0
330 123 191 0 0
331 124 191 0 0
332 123 191 0 0
333 123 190 0 0
334 124 190 0 0
335 123 190 0 0
336 124 190 0 0
337 123 190 0 0
338 122 190 0 0
339 123 190 0 0
340 122 190 0 0
341 123 190 0 0
342 122 190 0 0
343 122 189 0 0
344 123 189 0 0
345 122 189 0 0
346 123 189 0 0
347 122 189 0 0
348 123 189 0 0
349 122 189 0 0
350 122 188 0 0
351 123 188 0 0
352 122 188 0 0
353 121 188 0 0
354 122 188 0 0
355 121 188 0 0
356 121 187 0 0
357 122 187 0 0
358 121 187 0 0
359 122 187 0 0
360 121 187 0 0
361 122 187 0 0
362 121 187 0 0
363 121 186 0 0
364 122 186 0 0
365 121 186 0 0
366 120 186 0 0
367 121 186 0 0
368 120 186 0 0
369 121 186 0 0
370 120 186 0 0
371 120 185 0 0
372 121 185 0 0
373 120 185 0 0
374 121 185 0 0
375 120 185 0 0
376 121 185 0 0
377 120 185 0 0
378 120 184 0 0
379 121 184 0 0
380 120 184 0 0
381 121 184 0 0
382 120 184 0 0
383 119 184 0 0
384 119 183 0 0
385 120 183 0 0
386 119 183 0 0
387 120 183 0 0
388 119 183 0 0
389 120 183 0 0
390 119 183 0 0
391 119 182 0 0
392 120 182 0 0
393 119 182 0 0
394 120 182 0 0
395 119 182 0 0
396 118 182 0 0
397 118 181 0 0
398 119 181 0 0
399 118 181 0 0
400 119 181 0 0
401 118 181 0 0
402 119 181 0 0
403 118 181 0 0
404 117 181 0 0
405 117 180 0 0
406 118 180 0 0
407 117 180 0 0
408 118 180 0 0
409 117 180 0 0
410 118 180 0 0
411 117 180 0 0
412 116 180 0 0
413 116 179 0 0
414 117 179 0 0
415 116 179 0 0
416 117 179 0 0
417 116 179 0 0
418 117 179 0 0
419 116 179 0 0
420 115 179 0 0
421 115 178 0 0
422 116 178 0 0
423 115 178 0 0
424 116 178 0 0
425 115 178 0 0
426 116 178 0 0
427 115 178 0 0
428 114 178 0 0
429 114 177 0 0
430 115 177 0 0
431 114 177 0 0
432 115 177 0 0
433 114 177 0 0
434 115 177 0 0
435 114 177 0 0
436 115 177 0 0
437 114 177 0 0
438 113 177 0 0
439 113 176 0 0
440 114 176 0 0
441 113 176 0 0
442 114 176 0 0
443 113 176 0 0
444 112 176 0 0
445 113 176 0 0
446 112 176 0 0
447 113 176 0 0
448 112 176 0 0
449 112 175 0 0
450 113 175 0 0
451 112 175 0 0
452 111 175 0 0
453 112 175 0 0
454 111 175 0 0
455 112 175 0 0
456 111 175 0 0
457 112 175 0 0
458 111 175 0 0
459 111 174 0 0
460 110 174 0 0
461 111 174 0 0
462 110 174 0 0
463 111 174 0 0
464 110 174 0 0
465 109 174 0 0
466 110 174 0 0
467 109 174 0 0
468 109 173 0 0
469 110 173 0 0
470 109 173 0 0
471 110 173 0 0
472 109 173 0 0
473 110 173 0 0
474 109 173 0 0
475 108 173 0 0
476 109 173 0 0
477 108 173 0 0
478 108 172 0 0
479 109 172 0 0
480 108 172 0 0
481 107 172 0 0
482 108 172 0 0
483 107 172 0 0
484 108 172 0 0
485 107 172 0 0
486 107 171 0 0
487 108 171 0 0
488 107 171 0 0
489 106 171 0 0
490 107 171 0 0
491 106 171 0 0
492 107 171 0 0
493 106 171 0 0
494 106 170 0 0
495 105 170 0 0
496 106 170 0 0
497 105 170 0 0
498 106 170 0 0
499 105 170 0 0
500 106 170 0 0
501 105 170 0 0
502 105 169 0 0
503 104 169 0 0
504 105 169 0 0
505 104 169 0 0
506 105 169 0 0
507 104 169 0 0
508 105 169 0 0
509 104 169 0 0
510 103 169 0 0
511 103 168 0 0
512 104 168 0 0
513 103 168 0 0
514 104 168 0 0
515 103 168 0 0
516 102 168 0 0
517 103 168 0 0
518 102 168 0 0
519 102 167 0 0
520 103 167 0 0
521 102 167 0 0
522 103 167 0 0
523 102 167 0 0
524 101 167 0 0
525 102 167 0 0
526 101 167 0 0
527 101 166 0 0
528 102 166 0 0
529 101 166 0 0
530 102 166 0 0
531 101 166 0 0
532 102 166 0 0
533 101 166 0 0
534 100 166 0 0
535 100 165 0 0
536 101 165 0 0
537 100 165 0 0
538 101 165 0 0
539 100 165 0 0
540 100 164 0 0
541 101 164 0 0
542 100 164 0 0
543 101 164 0 0
544 100 164 0 0
545 101 164 0 0
546 100 164 0 0
547 100 163 0 0
548 99 163 0 0
549 100 163 0 0
550 99 163 0 0
551 99 162 0 0
552 100 162 0 0
553 99 162 0 0
554 100 162 0 0
555 99 162 0 0
556 100 162 0 0
557 99 162 0 0
558 99 161 0 0
559 100 161 0 0
560 99 161 0 0
561 100 161 0 0
562 99 161 0 0
563 99 160 0 0
564 100 160 0 0
565 99 160 0 0
566 100 160 0 0
567 99 160 0 0
568 98 160 0 0
569 98 159 0 0
570 99 159 0 0
571 98 159 0 0
572 99 159 0 0
573 98 159 0 0
574 98 158 0 0
575 99 158 0 0
576 98 158 0 0
577 99 158 0 0
578 98 158 0 0
579 99 158 0 0
580 98 158 0 0
581 98 157 0 0
582 97 157 0 0
583 98 157 0 0
584 97 157 0 0
585 97 156 0 0
586 98 156 0 0
587 97 156 0 0
588 98 156 0 0
589 97 156 0 0
590 98 156 0 0
591 97 156 0 0
592 97 155 0 0
593 98 155 0 0
594 97 155 0 0
595 98 155 0 0
596 97 155 0 0
597 97 154 0 0
598 98 154 0 0
599 97 154 0 0
600 98 154 0 0
601 97 154 0 0
602 96 154 0 0
603 96 153 0 0
604 97 153 0 0
605 96 153 0 0
606 97 153 0 0
607 96 153 0 0
608 96 152 0 0
609 97 152 0 0
610 96 152 0 0
611 97 152 0 0
612 96 152 0 0
613 97 152 0 0
614 96 152 0 0
615 96 151 0 0
616 97 151 0 0
617 96 151 0 0
618 97 151 0 0
619 96 151 0 0
620 97 151 0 0
621 96 151 0 0
622 96 150 0 0
623 95 150 0 0
624 96 150 0 0
625 95 150 0 0
626 95 149 0 0
627 96 149 0 0
628 95 149 0 0
629 96 149 0 0
630 95 149 0 0
631 96 149 0 0
632 95 149 0 0
633 95 148 0 0
634 96 148 0 0
635 95 148 0 0
636 96 148 0 0
637 95 148 0 0
638 96 148 0 0
639 95 148 0 0
640 95 147 0 0
641 96 147 0 0
642 95 147 0 0
643 96 147 0 0
644 95 147 0 0
645 95 146 0 0
646 96 146 0 0
647 95 146 0 0
648 96 146 0 0
649 95 146 0 0
650 94 146 0 0
651 94 145 0 0
652 95 145 0 0
653 94 145 0 0
654 95 145 0 0
655 94 145 0 0
656 95 145 0 0
657 94 145 0 0
658 94 144 0 0
659 95 144 0 0
660 94 144 0 0
661 95 144 0 0
662 94 144 0 0
663 94 143 0 0
664 95 143 0 0
665 94 143 0 0
666 95 143 0 0
667 94 143 0 0
668 95 143 0 0
669 94 143 0 0
670 95 143 0 0
671 94 143 0 0
672 94 142 0 0
673 95 142 0 0
674 94 142 0 0
675 95 142 0 0
676 94 142 0 0
677 93 142 0 0
678 93 141 0 0
679 94 141 0 0
680 93 141 0 0
681 93 140 0 0
682 94 140 0 0
683 93 140 0 0
684 94 140 0 0
685 93 140 0 0
686 94 140 0 0
687 93 140 0 0
688 93 139 0 0
689 94 139 0 0
690 93 139 0 0
691 94 139 0 0
692 93 139 0 0
693 94 139 0 0
694 93 139 0 0
695 93 138 0 0
696 94 138 0 0
697 93 138 0 0
698 94 138 0 0
699 93 138 0 0
700 92 138 0 0
701 92 137 0 0
702 93 137 0 0
703 92 137 0 0
704 93 137 0 0
705 92 137 0 0
706 92 136 0 0
707 93 136 0 0
708 92 136 0 0
709 93 136 0 0
710 92 136 0 0
711 93 136 0 0
712 92 136 0 0
713 93 136 0 0
714 92 136 0 0
715 92 135 0 0
716 93 135 0 0
717 92 135 0 0
718 93 135 0 0
719 92 135 0 0
720 93 135 0 0
721 92 135 0 0
722 92 134 0 0
723 93 134 0 0
724 92 134 0 0
725 93 134 0 0
726 92 134 0 0
727 91 134 0 0
728 91 133 0 0
729 92 133 0 0
730 91 133 0 0
731 92 133 0 0
732 91 133 0 0
733 92 133 0 0
734 91 133 0 0
735 91 132 0 0
736 92 132 0 0
737 91 132 0 0
738 92 132 0 0
739 91 132 0 0
740 91 131 0 0
741 92 131 0 0
742 91 131 0 0
743 92 131 0 0
744 91 131 0 0
745 91 130 0 0
746 92 130 0 0
747 91 130 0 0
748 92 130 0 0
749 91 130 0 0
750 91 129 0 0
751 92 129 0 0
752 91 129 0 0
753 92 129 0 0
754 91 129 0 0
755 90 129 0 0
756 91 129 0 0
757 90 129 0 0
758 90 128 0 0
759 91 128 0 0
760 90 128 0 0
761 91 128 0 0
762 90 128 0 0
763 91 128 0 0
764 90 128 0 0
765 90 127 0 0
766 91 127 0 0
767 90 127 0 0
768 91 127 0 0
769 90 127 0 0
770 89 127 0 0
771 89 126 0 0
772 90 126 0 0
773 89 126 0 0
774 90 126 0 0
775 89 126 0 0
776 89 125 0 0
777 90 125 0 0
778 89 125 0 0
779 90 125 0 0
780 89 125 0 0
781 90 125 0 0
782 89 125 0 0
783 89 124 0 0
784 90 124 0 0
785 89 124 0 0
786 88 124 0 0
787 89 124 0 0
788 88 124 0 0
789 88 123 0 0
790 89 123 0 0
791 88 123 0 0
792 89 123 0 0
793 88 123 0 0
794 88 122 0 0
795 89 122 0 0
796 88 122 0 0
797 89 122 0 0
798 88 122 0 0
799 89 122 0 0
800 88 122 0 0
801 88 121 0 0
802 89 121 0 0
803 88 121 0 0
804 89 121 0 0
805 88 121 0 0
806 87 121 0 0
807 87 120 0 0
808 88 120 0 0
809 87 120 0 0
810 88 120 0 0
811 87 120 0 0
812 88 120 0 0
813 87 120 0 0
814 87 119 0 0
815 88 119 0 0
816 87 119 0 0
817 88 119 0 0
818 87 119 0 0
819 88 119 0 0
820 87 119 0 0
821 87 118 0 0
822 86 118 0 0
823 87 118 0 0
824 86 118 0 0
825 87 118 0 0
826 86 118 0 0
827 86 117 0 0
828 87 117 0 0
829 86 117 0 0
830 87 117 0 0
831 86 117 0 0
832 87 117 0 0
833 86 117 0 0
834 86 116 0 0
835 87 116 0 0
836 86 116 0 0
837 87 116 0 0
838 86 116 0 0
839 85 116 0 0
840 85 115 0 0
841 86 115 0 0
842 85 115 0 0
843 86 115 0 0
844 85 115 0 0
845 86 115 0 0
846 85 115 0 0
847 85 114 0 0
848 86 114 0 0
849 85 114 0 0
850 86 114 0 0
851 85 114 0 0
852 86 114 0 0
853 85 114 0 0
854 85 113 0 0
855 86 113 0 0
856 85 113 0 0
857 86 113 0 0
858 85 113 0 0
859 86 113 0 0
860 85 113 0 0
861 85 112 0 0
862 86 112 0 0
863 85 112 0 0
864 86 112 0 0
865 85 112 0 0
866 86 112 0 0
867 85 112 0 0
868 85 111 0 0
869 86 111 0 0
870 85 111 0 0
871 84 111 0 0
872 84 110 0 0
873 85 110 0 0
874 84 110 0 0
875 85 110 0 0
876 84 110 0 0
877 85 110 0 0
878 84 110 0 0
879 84 109 0 0
880 85 109 0 0
881 84 109 0 0
882 85 109 0 0
883 84 109 0 0
884 85 109 0 0
885 84 109 0 0
886 84 108 0 0
887 85 108 0 0
888 84 108 0 0
889 85 108 0 0
890 84 108 0 0
891 85 108 0 0
892 84 108 0 0
893 84 107 0 0
894 85 107 0 0
895 84 107 0 0
896 83 107 0 0
897 84 107 0 0
898 83 107 0 0
899 83 106 0 0
900 84 106 0 0
901 83 106 0 0
902 84 106 0 0
903 83 106 0 0
904 84 106 0 0
905 83 106 0 0
906 83 105 0 0
907 84 105 0 0
908 83 105 0 0
909 84 105 0 0
910 83 105 0 0
911 83 104 0 0
912 84 104 0 0
913 83 104 0 0
914 84 104 0 0
915 83 104 0 0
916 83 103 0 0
917 84 103 0 0
918 83 103 0 0
919 84 103 0 0
920 83 103 0 0
921 83 102 0 0
922 84 102 0 0
923 83 102 0 0
924 84 102 0 0
925 83 102 0 0
926 83 101 0 0
927 84 101 0 0
928 83 101 0 0
929 84 101 0 0
930 83 101 0 0
931 83 100 0 0
932 84 100 0 0
933 85 100 0 0
934 84 100 0 0
935 84 99 0 0
936 85 99 0 0
937 84 99 0 0
938 85 99 0 0
939 84 99 0 0
940 84 98 0 0
941 85 98 0 0
942 84 98 0 0
943 85 98 0 0
944 84 98 0 0
945 84 97 0 0
946 85 97 0 0
947 84 97 0 0
948 85 97 0 0
949 84 97 0 0
950 84 96 0 0
951 85 96 0 0
952 84 96 0 0
953 84 95 0 0
954 85 95 0 0
955 84 95 0 0
956 85 95 0 0
957 84 95 0 0
958 84 94 0 0
959 85 94 0 0
960 84 94 0 0
961 85 94 0 0
962 84 94 0 0
963 84 93 0 0
964 85 93 0 0
965 84 93 0 0
966 85 93 0 0
967 85 92 0 0
968 86 92 0 0
969 85 92 0 0
970 86 92 0 0
971 85 92 0 0
972 85 91 0 0
973 86 91 0 0
974 85 91 0 0
975 86 91 0 0
976 85 91 0 0
977 85 90 0 0
978 86 90 0 0
979 85 90 0 0
980 86 90 0 0
981 85 90 0 0
982 85 89 0 0
983 86 89 0 0
984 85 89 0 0
985 86 89 0 0
986 85 89 0 0
987 85 88 0 0
988 86 88 0 0
989 85 88 0 0
990 85 87 0 0
991 86 87 0 0
992 85 87 0 0
993 86 87 0 0
994 85 87 0 0
995 85 86 0 0
996 86 86 0 0
997 85 86 0 0
998 86 86 0 0
999 85 86 0 0
1000 85 85 0 0
1001 86 85 0 0
1002 87 85 0 0
1003 86 85 0 0
1004 86 84 0 0
1005 87 84 0 0
1006 86 84 0 0
1007 87 84 0 0
1008 86 84 0 0
1009 86 83 0 0
1010 87 83 0 0
1011 86 83 0 0
1012 87 83 0 0
1013 86 83 0 0
1014 86 82 0 0
1015 87 82 0 0
1016 86 82 0 0
1017 87 82 0 0
1018 87 81 0 0
1019 88 81 0 0
1020 87 81 0 0
1021 87 80 0 0
1022 88 80 0 0
1023 87 80 0 0
1024 88 80 0 0
1025 87 80 0 0
1026 87 79 0 0
1027 88 79 0 0
1028 87 79 0 0
1029 88 79 0 0
1030 87 79 0 0
1031 87 78 0 0
1032 88 78 0 0
1033 87 78 0 0
1034 88 78 0 0
1035 87 78 0 0
1036 87 77 0 0
1037 88 77 0 0
1038 87 77 0 0
1039 88 77 0 0
1040 88 76 0 0
1041 89 76 0 0
1042 88 76 0 0
1043 89 76 0 0
1044 88 76 0 0
1045 88 75 0 0
1046 89 75 0 0
1047 88 75 0 0
1048 88 74 0 0
1049 89 74 0 0
1050 88 74 0 0
1051 89 74 0 0
1052 88 74 0 0
1053 88 73 0 0
1054 89 73 0 0
1055 88 73 0 0
1056 89 73 0 0
1057 88 73 0 0
1058 88 72 0 0
1059 89 72 0 0
1060 88 72 0 0
1061 89 72 0 0
1062 88 72 0 0
1063 88 71 0 0
1064 89 71 0 0
1065 90 71 0 0
1066 89 71 0 0
1067 89 70 0 0
1068 90 70 0 0
1069 89 70 0 0
1070 90 70 0 0
1071 89 70 0 0
1072 89 69 0 0
1073 90 69 0 0
1074 89 69 0 0
1075 90 69 0 0
1076 89 69 0 0
1077 89 68 0 0
1078 90 68 0 0
1079 89 68 0 0
1080 90 68 0 0
1081 90 67 0 0
1082 91 67 0 0
1083 90 67 0 0
1084 91 67 0 0
1085 90 67 0 0
1086 90 66 0 0
1087 91 66 0 0
1088 90 66 0 0
1089 91 66 0 0
1090 90 66 0 0
1091 90 65 0 0
1092 91 65 0 0
1093 90 65 0 0
1094 91 65 0 0
1095 90 65 0 0
1096 90 64 0 0
1097 91 64 0 0
1098 90 64 0 0
1099 91 64 0 0
1100 90 64 0 0
1101 90 63 0 0
1102 91 63 0 0
1103 92 63 0 0
1104 91 63 0 0
1105 91 62 0 0
1106 92 62 0 0
1107 91 62 0 0
1108 92 62 0 0
1109 91 62 0 0
1110 91 61 0 0
1111 92 61 0 0
1112 91 61 0 0
1113 92 61 0 0
1114 91 61 0 0
1115 91 60 0 0
1116 92 60 0 0
1117 91 60 0 0
1118 92 60 0 0
1119 92 59 0 0
1120 93 59 0 0
1121 92 59 0 0
1122 93 59 0 0
1123 92 59 0 0
1124 92 58 0 0
1125 93 58 0 0
1126 92 58 0 0
1127 93 58 0 0
1128 92 58 0 0
1129 92 57 0 0
1130 93 57 0 0
1131 92 57 0 0
1132 93 57 0 0
1133 92 57 0 0
1134 92 56 0 0
1135 93 56 0 0
1136 92 56 0 0
1137 93 56 0 0
1138 92 56 0 0
1139 92 55 0 0
1140 91 55 0 0
1141 92 55 0 0
1142 91 55 0 0
1143 91 54 0 0
1144 92 54 0 0
1145 91 54 0 0
1146 92 54 0 0
1147 91 54 0 0
1148 91 53 0 0
1149 92 53 0 0
1150 91 53 0 0
1151 92 53 0 0
1152 91 53 0 0
1153 91 52 0 0
1154 92 52 0 0
1155 91 52 0 0
1156 92 52 0 0
1157 91 52 0 0
1158 91 51 0 0
1159 92 51 0 0
1160 91 51 0 0
1161 92 51 0 0
1162 91 51 0 0
1163 91 50 0 0
1164 92 50 0 0
1165 91 50 0 0
1166 92 50 0 0
1167 91 50 0 0
1168 91 49 0 0
1169 92 49 0 0
1170 91 49 0 0
1171 92 49 0 0
1172 91 49 0 0
1173 91 48 0 0
1174 92 48 0 0
1175 91 48 0 0
1176 90 48 0 0
1177 90 47 0 0
1178 91 47 0 0
1179 90 47 0 0
1180 91 47 0 0
1181 90 47 0 0
1182 90 46 0 0
1183 91 46 0 0
1184 90 46 0 0
1185 91 46 0 0
1186 90 46 0 0
1187 90 45 0 0
1188 91 45 0 0
1189 90 45 0 0
1190 90 44 0 0
1191 91 44 0 0
1192 90 44 0 0
1193 91 44 0 0
1194 90 44 0 0
1195 90 43 0 0
1196 91 43 0 0
1197 90 43 0 0
1198 91 43 0 0
1199 90 43 0 0
1200 90 42 0 0
1201 91 42 0 0
1202 90 42 0 0
1203 91 42 0 0
1204 90 42 0 0
1205 90 41 0 0
1206 91 41 0 0
1207 90 41 0 0
1208 91 41 0 0
1209 90 41 0 0
1210 90 40 0 0
1211 91 40 0 0
1212 90 40 0 0
1213 91 40 0 0
1214 90 40 0 0
1215 90 39 0 0
1216 91 39 0 0
1217 90 39 0 0
1218 91 39 0 0
1219 90 39 0 0
1220 90 38 0 0
1221 91 38 0 0
1222 90 38 0 0
1223 91 38 0 0
1224 90 38 0 0
1225 90 37 0 0
1226 91 37 0 0
1227 90 37 0 0
1228 91 37 0 0
1229 90 37 0 0
1230 90 36 0 0
1231 91 36 0 0
1232 90 36 0 0
1233 91 36 0 0
1234 90 36 0 0
1235 90 35 0 0
1236 91 35 0 0
1237 90 35 0 0
1238 91 35 0 0
1239 90 35 0 0
1240 90 34 0 0
1241 91 34 0 0
1242 90 34 0 0
1243 91 34 0 0
1244 90 34 0 0
1245 90 33 0 0
1246 91 33 0 0
1247 90 33 0 0
1248 91 33 0 0
1249 90 33 0 0
1250 90 32 0 0
1251 91 32 0 0
1252 90 32 0 0
1253 91 32 0 0
1254 90 32 0 0
1255 90 31 0 0
1256 91 31 0 0
1257 90 31 0 0
1258 91 31 0 0
1259 90 31 0 0
1260 90 30 0 0
1261 91 30 0 0
1262 90 30 0 0
1263 91 30 0 0
1264 90 30 0 0
1265 90 29 0 0
1266 91 29 0 0
1267 90 29 0 0
1268 91 29 0 0
1269 90 29 0 0
1270 90 28 0 0
1271 91 28 0 0
1272 90 28 0 0
1273 91 28 0 0
1274 90 28 0 0
1275 90 27 0 0
1276 91 27 0 0
1277 90 27 0 0
1278 90 26 0 0
1279 91 26 0 0
1280 90 26 0 0
1281 91 26 0 0
1282 90 26 0 0
1283 90 25 0 0
1284 91 25 0 0
1285 90 25 0 0
1286 91 25 0 0
1287 90 25 0 0
1288 90 24 0 0
1289 91 24 0 0
1290 90 24 0 0
1291 91 24 0 0
1292 90 24 0 0
1293 90 23 0 0
1294 91 23 0 0
1295 90 23 0 0
1296 91 23 0 0
1297 90 23 0 0
1298 90 22 0 0
1299 91 22 0 0
1300 90 22 0 0
1301 91 22 0 0
1302 90 22 0 0
1303 90 21 0 0
1304 91 21 0 0
1305 90 21 0 0
1306 90 20 0 0
1307 91 20 0 0
1308 90 20 0 0
1309 91 20 0 0
1310 90 20 0 0
1311 90 19 0 0
1312 91 19 0 0
1313 90 19 0 0
1314 90 18 0 0
1315 91 18 0 0
1316 90 18 0 0
1317 91 18 0 0
1318 90 18 0 0
1319 90 17 0 0
1320 91 17 0 0
1321 90 17 0 0
1322 91 17 0 0
1323 90 17 0 0
1324 90 16 0 0
1325 91 16 0 0
1326 92 16 0 0
1327 91 16 0 0
1328 91 15 0 0
1329 92 15 0 0
1330 91 15 0 0
1331 92 15 0 0
1332 91 15 0 0
1333 91 14 0 0
1334 92 14 0 0
1335 91 14 0 0
1336 92 14 0 0
1337 91 14 0 0
1338 92 14 0 0
1339 91 14 0 0
1340 91 13 0 0
1341 92 13 0 0
1342 91 13 0 0
1343 92 13 0 0
1344 91 13 0 0
1345 91 12 0 0
1346 92 12 0 0
1347 91 12 0 0
1348 92 12 0 0
1349 91 12 0 0
1350 91 11 0 0
1351 92 11 0 0
1352 91 11 0 0
1353 91 10 0 0
1354 92 10 0 0
1355 91 10 0 0
1356 92 10 0 0
1357 91 10 0 0
1358 92 10 0 0
