0 101 4 0 0
1 102 4 0 0
2 101 4 0 0
3 101 5 0 0
4 102 5 0 0
5 101 5 0 0
6 102 5 0 0
7 101 5 0 0
8 101 6 0 0
9 102 6 0 0
10 101 6 0 0
11 102 6 0 0
12 101 6 0 0
13 102 6 0 0
14 101 6 0 0
15 101 7 0 0
16 102 7 0 0
17 101 7 0 0
18 102 7 0 0
19 101 7 0 0
20 101 8 0 0
21 102 8 0 0
22 101 8 0 0
23 102 8 0 0
24 101 8 0 0
25 102 8 0 0
26 101 8 0 0
27 101 9 0 0
28 102 9 0 0
29 101 9 0 0
30 102 9 0 0
31 101 9 0 0
32 101 10 0 0
33 102 10 0 0
34 101 10 0 0
35 102 10 0 0
36 101 10 0 0
37 101 11 0 0
38 102 11 0 0
39 101 11 0 0
40 100 11 0 0
41 101 11 0 0
42 100 11 0 0
43 100 12 0 0
44 101 12 0 0
45 100 12 0 0
46 101 12 0 0
47 100 12 0 0
48 100 13 0 0
49 101 13 0 0
50 100 13 0 0
51 101 13 0 0
52 100 13 0 0
53 101 13 0 0
54 100 13 0 0
55 100 14 0 0
56 101 14 0 0
57 100 14 0 0
58 101 14 0 0
59 100 14 0 0
60 100 15 0 0
61 101 15 0 0
62 100 15 0 0
63 101 15 0 0
64 100 15 0 0
65 101 15 0 0
66 100 15 0 0
67 100 16 0 0
68 101 16 0 0
69 100 16 0 0
70 101 16 0 0
71 100 16 0 0
72 100 17 0 0
73 101 17 0 0
74 100 17 0 0
75 101 17 0 0
76 100 17 0 0
77 101 17 0 0
78 100 17 0 0
79 100 18 0 0
80 101 18 0 0
81 100 18 0 0
82 101 18 0 0
83 100 18 0 0
84 100 19 0 0
85 101 19 0 0
86 100 19 0 0
87 101 19 0 0
88 100 19 0 0
89 101 19 0 0
90 100 19 0 0
91 100 20 0 0
92 101 20 0 0
93 100 20 0 0
94 101 20 0 0
95 100 20 0 0
96 100 21 0 0
97 101 21 0 0
98 100 21 0 0
99 101 21 0 0
100 100 21 0 0
101 100 22 0 0
102 101 22 0 0
103 100 22 0 0
104 101 22 0 0
105 100 22 0 0
106 101 22 0 0
107 100 22 0 0
108 100 23 0 0
109 101 23 0 0
110 100 23 0 0
111 101 23 0 0
112 100 23 0 0
113 100 24 0 0
114 101 24 0 0
115 100 24 0 0
116 101 24 0 0
117 100 24 0 0
118 101 24 0 0
119 100 24 0 0
120 100 25 0 0
121 101 25 0 0
122 100 25 0 0
123 101 25 0 0
124 100 25 0 0
125 100 26 0 0
126 101 26 0 0
127 100 26 0 0
128 101 26 0 0
129 100 26 0 0
130 101 26 0 0
131 100 26 0 0
132 100 27 0 0
133 101 27 0 0
134 100 27 0 0
135 101 27 0 0
136 100 27 0 0
137 100 28 0 0
138 101 28 0 0
139 100 28 0 0
140 101 28 0 0
141 100 28 0 0
142 101 28 0 0
143 100 28 0 0
144 100 29 0 0
145 101 29 0 0
146 100 29 0 0
147 101 29 0 0
148 100 29 0 0
149 100 30 0 0
150 101 30 0 0
151 100 30 0 0
152 101 30 0 0
153 100 30 0 0
154 101 30 0 0
155 100 30 0 0
156 100 31 0 0
157 101 31 0 0
158 100 31 0 0
159 101 31 0 0
160 100 31 0 0
161 100 32 0 0
162 101 32 0 0
163 100 32 0 0
164 101 32 0 0
165 100 32 0 0
166 101 32 0 0
167 100 32 0 0
168 100 33 0 0
169 101 33 0 0
170 100 33 0 0
171 101 33 0 0
172 100 33 0 0
173 101 33 0 0
174 100 33 0 0
175 100 34 0 0
176 101 34 0 0
177 100 34 0 0
178 101 34 0 0
179 100 34 0 0
180 101 34 0 0
181 100 34 0 0
182 100 35 0 0
183 101 35 0 0
184 100 35 0 0
185 101 35 0 0
186 100 35 0 0
187 101 35 0 0
188 100 35 0 0
189 100 36 0 0
190 101 36 0 0
191 100 36 0 0
192 101 36 0 0
193 100 36 0 0
194 101 36 0 0
195 100 36 0 0
196 100 37 0 0
197 101 37 0 0
198 100 37 0 0
199 101 37 0 0
200 100 37 0 0
201 101 37 0 0
202 100 37 0 0
203 100 38 0 0
204 101 38 0 0
205 100 38 0 0
206 101 38 0 0
207 100 38 0 0
208 101 38 0 0
209 100 38 0 0
210 100 39 0 0
211 101 39 0 0
212 100 39 0 0
213 101 39 0 0
214 100 39 0 0
215 101 39 0 0
216 100 39 0 0
217 100 40 0 0
218 101 40 0 0
219 100 40 0 0
220 101 40 0 0
221 100 40 0 0
222 101 40 0 0
223 100 40 0 0
224 100 41 0 0
225 101 41 0 0
226 100 41 0 0
227 101 41 0 0
228 100 41 0 0
229 101 41 0 0
230 101 42 0 0
231 102 42 0 0
232 101 42 0 0
233 102 42 0 0
234 101 42 0 0
235 102 42 0 0
236 101 42 0 0
237 101 43 0 0
238 102 43 0 0
239 101 43 0 0
240 102 43 0 0
241 101 43 0 0
242 102 43 0 0
243 101 43 0 0
244 101 44 0 0
245 102 44 0 0
246 101 44 0 0
247 102 44 0 0
248 101 44 0 0
249 102 44 0 0
250 101 44 0 0
251 101 45 0 0
252 102 45 0 0
253 101 45 0 0
254 102 45 0 0
255 101 45 0 0
256 102 45 0 0
257 101 45 0 0
258 101 46 0 0
259 102 46 0 0
260 101 46 0 0
261 102 46 0 0
262 101 46 0 0
263 102 46 0 0
264 101 46 0 0
265 101 47 0 0
266 102 47 0 0
267 101 47 0 0
268 102 47 0 0
269 101 47 0 0
270 102 47 0 0
271 101 47 0 0
272 101 48 0 0
273 102 48 0 0
274 101 48 0 0
275 102 48 0 0
276 101 48 0 0
277 102 48 0 0
278 101 48 0 0
279 101 49 0 0
280 102 49 0 0
281 101 49 0 0
282 102 49 0 0
283 101 49 0 0
284 102 49 0 0
285 101 49 0 0
286 101 50 0 0
287 102 50 0 0
288 101 50 0 0
289 102 50 0 0
290 101 50 0 0
291 102 50 0 0
292 101 50 0 0
293 101 51 0 0
294 102 51 0 0
295 101 51 0 0
296 102 51 0 0
297 101 51 0 0
298 102 51 0 0
299 101 51 0 0
300 101 52 0 0
301 102 52 0 0
302 101 52 0 0
303 102 52 0 0
304 101 52 0 0
305 102 52 0 0
306 101 52 0 0
307 101 53 0 0
308 102 53 0 0
309 101 53 0 0
310 102 53 0 0
311 101 53 0 0
312 102 53 0 0
313 101 53 0 0
314 101 54 0 0
315 102 54 0 0
316 101 54 0 0
317 102 54 0 0
318 101 54 0 0
319 102 54 0 0
320 101 54 0 0
321 101 55 0 0
322 102 55 0 0
323 101 55 0 0
324 102 55 0 0
325 101 55 0 0
326 102 55 0 0
327 101 55 0 0
328 101 56 0 0
329 102 56 0 0
330 101 56 0 0
331 102 56 0 0
332 103 56 0 0
333 102 56 0 0
334 102 57 0 0
335 103 57 0 0
336 102 57 0 0
337 103 57 0 0
338 102 57 0 0
339 103 57 0 0
340 102 57 0 0
341 103 57 0 0
342 102 57 0 0
343 102 58 0 0
344 103 58 0 0
345 102 58 0 0
346 103 58 0 0
347 102 58 0 0
348 103 58 0 0
349 102 58 0 0
350 103 58 0 0
351 103 59 0 0
352 104 59 0 0
353 103 59 0 0
354 104 59 0 0
355 103 59 0 0
356 104 59 0 0
357 103 59 0 0
358 104 59 0 0
359 103 59 0 0
360 103 60 0 0
361 104 60 0 0
362 103 60 0 0
363 104 60 0 0
364 103 60 0 0
365 104 60 0 0
366 105 60 0 0
367 104 60 0 0
368 104 61 0 0
369 105 61 0 0
370 104 61 0 0
371 105 61 0 0
372 104 61 0 0
373 105 61 0 0
374 104 61 0 0
375 105 61 0 0
376 104 61 0 0
377 104 62 0 0
378 105 62 0 0
379 104 62 0 0
380 105 62 0 0
381 104 62 0 0
382 105 62 0 0
383 104 62 0 0
384 105 62 0 0
385 105 63 0 0
386 106 63 0 0
387 105 63 0 0
388 106 63 0 0
389 105 63 0 0
390 106 63 0 0
391 105 63 0 0
392 106 63 0 0
393 105 63 0 0
394 105 64 0 0
395 106 64 0 0
396 105 64 0 0
397 106 64 0 0
398 105 64 0 0
399 106 64 0 0
400 105 64 0 0
401 106 64 0 0
402 105 64 0 0
403 105 65 0 0
404 106 65 0 0
405 107 65 0 0
406 106 65 0 0
407 107 65 0 0
408 106 65 0 0
409 107 65 0 0
410 106 65 0 0
411 106 66 0 0
412 107 66 0 0
413 106 66 0 0
414 107 66 0 0
415 106 66 0 0
416 107 66 0 0
417 108 66 0 0
418 107 66 0 0
419 107 67 0 0
420 108 67 0 0
421 107 67 0 0
422 108 67 0 0
423 107 67 0 0
424 108 67 0 0
425 107 67 0 0
426 108 67 0 0
427 107 67 0 0
428 108 67 0 0
429 107 67 0 0
430 107 68 0 0
431 108 68 0 0
432 107 68 0 0
433 108 68 0 0
434 107 68 0 0
435 108 68 0 0
436 109 68 0 0
437 108 68 0 0
438 108 69 0 0
439 109 69 0 0
440 108 69 0 0
441 109 69 0 0
442 108 69 0 0
443 109 69 0 0
444 108 69 0 0
445 109 69 0 0
446 108 69 0 0
447 108 70 0 0
448 109 70 0 0
449 108 70 0 0
450 109 70 0 0
451 110 70 0 0
452 109 70 0 0
453 110 70 0 0
454 109 70 0 0
455 110 70 0 0
456 109 70 0 0
457 110 70 0 0
458 109 70 0 0
459 109 71 0 0
460 110 71 0 0
461 109 71 0 0
462 110 71 0 0
463 109 71 0 0
464 110 71 0 0
465 109 71 0 0
466 110 71 0 0
467 109 71 0 0
468 109 72 0 0
469 110 72 0 0
470 111 72 0 0
471 110 72 0 0
472 110 73 0 0
473 111 73 0 0
474 110 73 0 0
475 111 73 0 0
476 110 73 0 0
477 111 73 0 0
478 110 73 0 0
479 111 73 0 0
480 110 73 0 0
481 110 74 0 0
482 111 74 0 0
483 112 74 0 0
484 111 74 0 0
485 112 74 0 0
486 111 74 0 0
487 112 74 0 0
488 111 74 0 0
489 111 75 0 0
490 112 75 0 0
491 111 75 0 0
492 112 75 0 0
493 111 75 0 0
494 112 75 0 0
495 111 75 0 0
496 112 75 0 0
497 111 75 0 0
498 111 76 0 0
499 112 76 0 0
500 111 76 0 0
501 112 76 0 0
502 113 76 0 0
503 112 76 0 0
504 113 76 0 0
505 112 76 0 0
506 113 76 0 0
507 112 76 0 0
508 113 76 0 0
509 112 76 0 0
510 113 76 0 0
511 112 76 0 0
512 112 77 0 0
513 113 77 0 0
514 112 77 0 0
515 113 77 0 0
516 112 77 0 0
517 113 77 0 0
518 112 77 0 0
519 112 78 0 0
520 113 78 0 0
521 114 78 0 0
522 113 78 0 0
523 114 78 0 0
524 113 78 0 0
525 114 78 0 0
526 113 78 0 0
527 113 79 0 0
528 114 79 0 0
529 113 79 0 0
530 114 79 0 0
531 113 79 0 0
532 114 79 0 0
533 115 79 0 0
534 114 79 0 0
535 114 80 0 0
536 115 80 0 0
537 114 80 0 0
538 115 80 0 0
539 114 80 0 0
540 115 80 0 0
541 114 80 0 0
542 115 80 0 0
543 114 80 0 0
544 114 81 0 0
545 115 81 0 0
546 114 81 0 0
547 115 81 0 0
548 114 81 0 0
549 115 81 0 0
550 115 82 0 0
551 116 82 0 0
552 115 82 0 0
553 116 82 0 0
554 115 82 0 0
555 116 82 0 0
556 115 82 0 0
557 116 82 0 0
558 115 82 0 0
559 116 82 0 0
560 115 82 0 0
561 115 83 0 0
562 116 83 0 0
563 115 83 0 0
564 116 83 0 0
565 117 83 0 0
566 116 83 0 0
567 117 83 0 0
568 116 83 0 0
569 116 84 0 0
570 117 84 0 0
571 116 84 0 0
572 117 84 0 0
573 116 84 0 0
574 117 84 0 0
575 116 84 0 0
576 117 84 0 0
577 116 84 0 0
578 116 85 0 0
579 117 85 0 0
580 116 85 0 0
581 117 85 0 0
582 118 85 0 0
583 117 85 0 0
584 118 85 0 0
585 117 85 0 0
586 117 86 0 0
587 118 86 0 0
588 117 86 0 0
589 118 86 0 0
590 117 86 0 0
591 118 86 0 0
592 117 86 0 0
593 118 86 0 0
594 117 86 0 0
595 117 87 0 0
596 118 87 0 0
597 119 87 0 0
598 118 87 0 0
599 119 87 0 0
600 118 87 0 0
601 119 87 0 0
602 118 87 0 0
603 118 88 0 0
604 119 88 0 0
605 118 88 0 0
606 119 88 0 0
607 118 88 0 0
608 119 88 0 0
609 118 88 0 0
610 119 88 0 0
611 118 88 0 0
612 119 88 0 0
613 118 88 0 0
614 118 89 0 0
615 119 89 0 0
616 120 89 0 0
617 119 89 0 0
618 120 89 0 0
619 119 89 0 0
620 120 89 0 0
621 119 89 0 0
622 119 90 0 0
623 120 90 0 0
624 119 90 0 0
625 120 90 0 0
626 119 90 0 0
627 120 90 0 0
628 119 90 0 0
629 120 90 0 0
630 120 91 0 0
631 121 91 0 0
632 120 91 0 0
633 121 91 0 0
634 120 91 0 0
635 121 91 0 0
636 120 91 0 0
637 121 91 0 0
638 120 91 0 0
639 120 92 0 0
640 121 92 0 0
641 120 92 0 0
642 121 92 0 0
643 120 92 0 0
644 121 92 0 0
645 120 92 0 0
646 121 92 0 0
647 121 93 0 0
648 122 93 0 0
649 121 93 0 0
650 122 93 0 0
651 121 93 0 0
652 122 93 0 0
653 121 93 0 0
654 122 93 0 0
655 121 93 0 0
656 121 94 0 0
657 122 94 0 0
658 121 94 0 0
659 122 94 0 0
660 121 94 0 0
661 122 94 0 0
662 123 94 0 0
663 122 94 0 0
664 122 95 0 0
665 123 95 0 0
666 122 95 0 0
667 123 95 0 0
668 122 95 0 0
669 123 95 0 0
670 122 95 0 0
671 123 95 0 0
672 122 95 0 0
673 122 96 0 0
674 123 96 0 0
675 122 96 0 0
676 123 96 0 0
677 122 96 0 0
678 123 96 0 0
679 124 96 0 0
680 123 96 0 0
681 123 97 0 0
682 124 97 0 0
683 123 97 0 0
684 124 97 0 0
685 123 97 0 0
686 124 97 0 0
687 123 97 0 0
688 124 97 0 0
689 123 97 0 0
690 123 98 0 0
691 124 98 0 0
692 123 98 0 0
693 124 98 0 0
694 123 98 0 0
695 124 98 0 0
696 125 98 0 0
697 124 98 0 0
698 124 99 0 0
699 125 99 0 0
700 124 99 0 0
701 125 99 0 0
702 124 99 0 0
703 125 99 0 0
704 124 99 0 0
705 124 100 0 0
706 125 100 0 0
707 124 100 0 0
708 125 100 0 0
709 124 100 0 0
710 125 100 0 0
711 124 100 0 0
712 124 101 0 0
713 125 101 0 0
714 124 101 0 0
715 125 101 0 0
716 124 101 0 0
717 125 101 0 0
718 124 101 0 0
719 124 102 0 0
720 125 102 0 0
721 124 102 0 0
722 125 102 0 0
723 124 102 0 0
724 125 102 0 0
725 124 102 0 0
726 124 103 0 0
727 123 103 0 0
728 124 103 0 0
729 123 103 0 0
730 124 103 0 0
731 123 103 0 0
732 123 104 0 0
733 124 104 0 0
734 123 104 0 0
735 124 104 0 0
736 123 104 0 0
737 124 104 0 0
738 123 104 0 0
739 123 105 0 0
740 124 105 0 0
741 123 105 0 0
742 124 105 0 0
743 123 105 0 0
744 124 105 0 0
745 123 105 0 0
746 123 106 0 0
747 124 106 0 0
748 123 106 0 0
749 124 106 0 0
750 123 106 0 0
751 124 106 0 0
752 123 106 0 0
753 123 107 0 0
754 124 107 0 0
755 123 107 0 0
756 124 107 0 0
757 123 107 0 0
758 124 107 0 0
759 123 107 0 0
760 123 108 0 0
761 124 108 0 0
762 123 108 0 0
763 124 108 0 0
764 123 108 0 0
765 124 108 0 0
766 123 108 0 0
767 123 109 0 0
768 124 109 0 0
769 123 109 0 0
770 124 109 0 0
771 123 109 0 0
772 124 109 0 0
773 123 109 0 0
774 123 110 0 0
775 124 110 0 0
776 123 110 0 0
777 124 110 0 0
778 123 110 0 0
779 124 110 0 0
780 123 110 0 0
781 123 111 0 0
782 124 111 0 0
783 123 111 0 0
784 124 111 0 0
785 123 111 0 0
786 124 111 0 0
787 123 111 0 0
788 123 112 0 0
789 124 112 0 0
790 123 112 0 0
791 124 112 0 0
792 123 112 0 0
793 124 112 0 0
794 123 112 0 0
795 123 113 0 0
796 124 113 0 0
797 123 113 0 0
798 124 113 0 0
799 123 113 0 0
800 124 113 0 0
801 123 113 0 0
802 123 114 0 0
803 124 114 0 0
804 123 114 0 0
805 122 114 0 0
806 122 115 0 0
807 123 115 0 0
808 122 115 0 0
809 123 115 0 0
810 122 115 0 0
811 123 115 0 0
812 122 115 0 0
813 122 116 0 0
814 123 116 0 0
815 122 116 0 0
816 123 116 0 0
817 122 116 0 0
818 123 116 0 0
819 122 116 0 0
820 122 117 0 0
821 121 117 0 0
822 122 117 0 0
823 121 117 0 0
824 122 117 0 0
825 121 117 0 0
826 121 118 0 0
827 122 118 0 0
828 121 118 0 0
829 122 118 0 0
830 121 118 0 0
831 120 118 0 0
832 120 119 0 0
833 121 119 0 0
834 120 119 0 0
835 121 119 0 0
836 120 119 0 0
837 121 119 0 0
838 120 119 0 0
839 120 120 0 0
840 121 120 0 0
841 120 120 0 0
842 121 120 0 0
843 120 120 0 0
844 119 120 0 0
845 119 121 0 0
846 120 121 0 0
847 119 121 0 0
848 120 121 0 0
849 119 121 0 0
850 120 121 0 0
851 119 121 0 0
852 119 122 0 0
853 120 122 0 0
854 119 122 0 0
855 118 122 0 0
856 119 122 0 0
857 118 122 0 0
858 118 123 0 0
859 119 123 0 0
860 118 123 0 0
861 119 123 0 0
862 118 123 0 0
863 119 123 0 0
864 118 123 0 0
865 118 124 0 0
866 119 124 0 0
867 118 124 0 0
868 119 124 0 0
869 118 124 0 0
870 119 124 0 0
871 118 124 0 0
872 118 125 0 0
873 117 125 0 0
874 118 125 0 0
875 117 125 0 0
876 118 125 0 0
877 117 125 0 0
878 117 126 0 0
879 118 126 0 0
880 117 126 0 0
881 118 126 0 0
882 117 126 0 0
883 118 126 0 0
884 117 126 0 0
885 117 127 0 0
886 118 127 0 0
887 117 127 0 0
888 118 127 0 0
889 117 127 0 0
890 116 127 0 0
891 117 127 0 0
892 116 127 0 0
893 116 128 0 0
894 117 128 0 0
895 116 128 0 0
896 117 128 0 0
897 116 128 0 0
898 117 128 0 0
899 116 128 0 0
900 116 129 0 0
901 117 129 0 0
902 116 129 0 0
903 117 129 0 0
904 116 129 0 0
905 115 129 0 0
906 116 129 0 0
907 115 129 0 0
908 116 129 0 0
909 115 129 0 0
910 115 130 0 0
911 116 130 0 0
912 115 130 0 0
913 116 130 0 0
914 115 130 0 0
915 116 130 0 0
916 115 130 0 0
917 115 131 0 0
918 116 131 0 0
919 115 131 0 0
920 116 131 0 0
921 115 131 0 0
922 114 131 0 0
923 114 132 0 0
924 115 132 0 0
925 114 132 0 0
926 115 132 0 0
927 114 132 0 0
928 114 133 0 0
929 115 133 0 0
930 114 133 0 0
931 115 133 0 0
932 114 133 0 0
933 115 133 0 0
934 114 133 0 0
935 114 134 0 0
936 113 134 0 0
937 114 134 0 0
938 113 134 0 0
939 114 134 0 0
940 113 134 0 0
941 113 135 0 0
942 114 135 0 0
943 113 135 0 0
944 114 135 0 0
945 113 135 0 0
946 114 135 0 0
947 113 135 0 0
948 113 136 0 0
949 114 136 0 0
950 113 136 0 0
951 114 136 0 0
952 113 136 0 0
953 114 136 0 0
954 113 136 0 0
955 114 136 0 0
956 113 136 0 0
957 113 137 0 0
958 114 137 0 0
959 113 137 0 0
960 114 137 0 0
961 113 137 0 0
962 113 138 0 0
963 114 138 0 0
964 113 138 0 0
965 114 138 0 0
966 113 138 0 0
967 114 138 0 0
968 113 138 0 0
969 113 139 0 0
970 114 139 0 0
971 113 139 0 0
972 114 139 0 0
973 113 139 0 0
974 114 139 0 0
975 113 139 0 0
976 113 140 0 0
977 114 140 0 0
978 113 140 0 0
979 114 140 0 0
980 113 140 0 0
981 113 141 0 0
982 114 141 0 0
983 113 141 0 0
984 114 141 0 0
985 113 141 0 0
986 113 142 0 0
987 114 142 0 0
988 113 142 0 0
989 114 142 0 0
990 113 142 0 0
991 113 143 0 0
992 114 143 0 0
993 113 143 0 0
994 114 143 0 0
995 113 143 0 0
996 114 143 0 0
997 113 143 0 0
998 114 143 0 0
999 113 143 0 0
1000 113 144 0 0
1001 114 144 0 0
1002 113 144 0 0
1003 114 144 0 0
1004 113 144 0 0
1005 114 144 0 0
1006 113 144 0 0
1007 113 145 0 0
1008 114 145 0 0
1009 113 145 0 0
1010 114 145 0 0
1011 113 145 0 0
1012 113 146 0 0
1013 114 146 0 0
1014 113 146 0 0
1015 114 146 0 0
1016 113 146 0 0
1017 114 146 0 0
1018 113 146 0 0
1019 113 147 0 0
1020 114 147 0 0
1021 113 147 0 0
1022 114 147 0 0
1023 113 147 0 0
1024 114 147 0 0
1025 113 147 0 0
1026 113 148 0 0
1027 112 148 0 0
1028 113 148 0 0
1029 112 148 0 0
1030 112 149 0 0
1031 113 149 0 0
1032 112 149 0 0
1033 112 150 0 0
1034 113 150 0 0
1035 112 150 0 0
1036 113 150 0 0
1037 112 150 0 0
1038 113 150 0 0
1039 112 150 0 0
1040 112 151 0 0
1041 113 151 0 0
1042 112 151 0 0
1043 113 151 0 0
1044 112 151 0 0
1045 112 152 0 0
1046 113 152 0 0
1047 112 152 0 0
1048 113 152 0 0
1049 112 152 0 0
1050 113 152 0 0
1051 112 152 0 0
1052 112 153 0 0
1053 113 153 0 0
1054 112 153 0 0
1055 113 153 0 0
1056 112 153 0 0
1057 112 154 0 0
1058 113 154 0 0
1059 112 154 0 0
1060 113 154 0 0
1061 112 154 0 0
1062 112 155 0 0
1063 113 155 0 0
1064 112 155 0 0
1065 113 155 0 0
1066 112 155 0 0
1067 112 156 0 0
1068 113 156 0 0
1069 112 156 0 0
1070 113 156 0 0
1071 112 156 0 0
1072 113 156 0 0
1073 112 156 0 0
1074 112 157 0 0
1075 113 157 0 0
1076 112 157 0 0
1077 113 157 0 0
1078 112 157 0 0
1079 112 158 0 0
1080 113 158 0 0
1081 112 158 0 0
1082 113 158 0 0
1083 112 158 0 0
1084 113 158 0 0
1085 112 158 0 0
1086 112 159 0 0
1087 113 159 0 0
1088 114 159 0 0
1089 113 159 0 0
1090 113 160 0 0
1091 114 160 0 0
1092 113 160 0 0
1093 114 160 0 0
1094 113 160 0 0
1095 114 160 0 0
1096 113 160 0 0
1097 113 161 0 0
1098 114 161 0 0
1099 113 161 0 0
1100 114 161 0 0
1101 114 162 0 0
1102 115 162 0 0
1103 114 162 0 0
1104 115 162 0 0
1105 114 162 0 0
1106 115 162 0 0
1107 114 162 0 0
1108 114 163 0 0
1109 115 163 0 0
1110 114 163 0 0
1111 115 163 0 0
1112 114 163 0 0
1113 114 164 0 0
1114 115 164 0 0
1115 114 164 0 0
1116 115 164 0 0
1117 114 164 0 0
1118 115 164 0 0
1119 114 164 0 0
1120 114 165 0 0
1121 115 165 0 0
1122 116 165 0 0
1123 115 165 0 0
1124 115 166 0 0
1125 116 166 0 0
1126 115 166 0 0
1127 116 166 0 0
1128 115 166 0 0
1129 116 166 0 0
1130 115 166 0 0
1131 115 167 0 0
1132 116 167 0 0
1133 115 167 0 0
1134 116 167 0 0
1135 115 167 0 0
1136 115 168 0 0
1137 116 168 0 0
1138 115 168 0 0
1139 116 168 0 0
1140 117 168 0 0
1141 116 168 0 0
1142 116 169 0 0
1143 117 169 0 0
1144 116 169 0 0
1145 117 169 0 0
1146 116 169 0 0
1147 116 170 0 0
1148 117 170 0 0
1149 116 170 0 0
1150 117 170 0 0
1151 116 170 0 0
1152 116 171 0 0
1153 117 171 0 0
1154 116 171 0 0
1155 117 171 0 0
1156 117 172 0 0
1157 118 172 0 0
1158 117 172 0 0
1159 118 172 0 0
1160 117 172 0 0
1161 117 173 0 0
1162 118 173 0 0
1163 117 173 0 0
1164 118 173 0 0
1165 117 173 0 0
1166 118 173 0 0
1167 117 173 0 0
1168 117 174 0 0
1169 118 174 0 0
1170 117 174 0 0
1171 118 174 0 0
1172 117 174 0 0
1173 117 175 0 0
1174 118 175 0 0
1175 117 175 0 0
1176 118 175 0 0
1177 118 176 0 0
1178 119 176 0 0
1179 118 176 0 0
1180 119 176 0 0
1181 118 176 0 0
1182 118 177 0 0
1183 119 177 0 0
1184 118 177 0 0
1185 119 177 0 0
1186 118 177 0 0
1187 119 177 0 0
1188 118 177 0 0
1189 118 178 0 0
1190 119 178 0 0
1191 118 178 0 0
1192 119 178 0 0
1193 119 179 0 0
1194 120 179 0 0
1195 119 179 0 0
1196 120 179 0 0
1197 119 179 0 0
1198 119 180 0 0
1199 120 180 0 0
1200 119 180 0 0
1201 120 180 0 0
1202 119 180 0 0
1203 119 181 0 0
1204 120 181 0 0
1205 119 181 0 0
1206 120 181 0 0
1207 119 181 0 0
1208 119 182 0 0
1209 120 182 0 0
1210 119 182 0 0
1211 120 182 0 0
1212 119 182 0 0
1213 120 182 0 0
1214 120 183 0 0
1215 121 183 0 0
1216 120 183 0 0
1217 121 183 0 0
1218 120 183 0 0
1219 120 184 0 0
1220 121 184 0 0
1221 120 184 0 0
1222 121 184 0 0
1223 120 184 0 0
1224 120 185 0 0
1225 121 185 0 0
1226 120 185 0 0
1227 121 185 0 0
1228 121 186 0 0
1229 122 186 0 0
1230 121 186 0 0
1231 122 186 0 0
1232 121 186 0 0
1233 122 186 0 0
1234 121 186 0 0
1235 121 187 0 0
1236 122 187 0 0
1237 121 187 0 0
1238 121 188 0 0
1239 122 188 0 0
1240 121 188 0 0
1241 122 188 0 0
1242 121 188 0 0
1243 121 189 0 0
1244 122 189 0 0
1245 121 189 0 0
1246 122 189 0 0
1247 122 190 0 0
1248 123 190 0 0
1249 122 190 0 0
1250 123 190 0 0
1251 122 190 0 0
1252 123 190 0 0
1253 122 190 0 0
1254 122 191 0 0
1255 123 191 0 0
1256 122 191 0 0
1257 122 192 0 0
1258 123 192 0 0
1259 122 192 0 0
1260 122 193 0 0
1261 123 193 0 0
1262 122 193 0 0
1263 123 193 0 0
1264 123 194 0 0
1265 124 194 0 0
1266 123 194 0 0
1267 124 194 0 0
1268 123 194 0 0
1269 123 195 0 0
1270 124 195 0 0
1271 123 195 0 0
1272 124 195 0 0
1273 123 195 0 0
1274 123 196 0 0
1275 124 196 0 0
1276 123 196 0 0
1277 124 196 0 0
1278 125 196 0 0
1279 124 196 0 0
1280 124 197 0 0
1281 125 197 0 0
1282 124 197 0 0
1283 125 197 0 0
1284 124 197 0 0
1285 124 198 0 0
1286 125 198 0 0
1287 124 198 0 0
1288 125 198 0 0
1289 124 198 0 0
1290 124 199 0 0
1291 125 199 0 0
1292 124 199 0 0
1293 125 199 0 0
1294 124 199 0 0
1295 125 199 0 0
1296 124 199 0 0
1297 124 200 0 0
1298 125 200 0 0
1299 124 200 0 0
1300 125 200 0 0
1301 124 200 0 0
1302 124 201 0 0
1303 125 201 0 0
1304 124 201 0 0
1305 125 201 0 0
1306 124 201 0 0
1307 124 202 0 0
1308 125 202 0 0
1309 124 202 0 0
1310 125 202 0 0
1311 124 202 0 0
1312 124 203 0 0
1313 125 203 0 0
1314 124 203 0 0
1315 125 203 0 0
1316 124 203 0 0
1317 125 203 0 0
1318 124 203 0 0
1319 125 203 0 0
1320 124 203 0 0
1321 124 204 0 0
1322 125 204 0 0
1323 124 204 0 0
1324 125 204 0 0
1325 124 204 0 0
1326 124 205 0 0
1327 125 205 0 0
1328 126 205 0 0
1329 125 205 0 0
1330 125 206 0 0
1331 126 206 0 0
1332 125 206 0 0
1333 126 206 0 0
1334 125 206 0 0
1335 125 207 0 0
1336 126 207 0 0
1337 125 207 0 0
1338 126 207 0 0
1339 125 207 0 0
1340 125 208 0 0
1341 126 208 0 0
1342 125 208 0 0
1343 126 208 0 0
1344 125 208 0 0
1345 125 209 0 0
1346 126 209 0 0
1347 125 209 0 0
1348 126 209 0 0
1349 125 209 0 0
1350 125 210 0 0
1351 126 210 0 0
1352 125 210 0 0
1353 126 210 0 0
1354 125 210 0 0
1355 125 211 0 0
1356 126 211 0 0
1357 125 211 0 0
1358 126 211 0 0
1359 125 211 0 0
1360 125 212 0 0
1361 126 212 0 0
1362 125 212 0 0
1363 126 212 0 0
1364 125 212 0 0
1365 125 213 0 0
1366 126 213 0 0
1367 125 213 0 0
1368 126 213 0 0
1369 125 213 0 0
1370 125 214 0 0
1371 126 214 0 0
1372 125 214 0 0
1373 126 214 0 0
1374 125 214 0 0
1375 125 215 0 0
1376 126 215 0 0
1377 125 215 0 0
1378 126 215 0 0
1379 125 215 0 0
1380 125 216 0 0
1381 126 216 0 0
1382 125 216 0 0
1383 126 216 0 0
