0 2 101 0 0
1 3 101 0 0
2 4 101 0 0
3 3 101 0 0
4 4 101 0 0
5 3 101 0 0
6 4 101 0 0
7 5 101 0 0
8 4 101 0 0
9 5 101 0 0
10 4 101 0 0
11 5 101 0 0
12 4 101 0 0
13 5 101 0 0
14 6 101 0 0
15 5 101 0 0
16 6 101 0 0
17 5 101 0 0
18 6 101 0 0
19 7 101 0 0
20 6 101 0 0
21 7 101 0 0
22 6 101 0 0
23 7 101 0 0
24 6 101 0 0
25 7 101 0 0
26 8 101 0 0
27 7 101 0 0
28 8 101 0 0
29 7 101 0 0
30 8 101 0 0
31 9 101 0 0
32 8 101 0 0
33 9 101 0 0
34 8 101 0 0
35 9 101 0 0
36 10 101 0 0
37 9 101 0 0
38 10 101 0 0
39 9 101 0 0
40 10 101 0 0
41 9 101 0 0
42 10 101 0 0
43 11 101 0 0
44 10 101 0 0
45 11 101 0 0
46 10 101 0 0
47 11 101 0 0
48 12 101 0 0
49 11 101 0 0
50 12 101 0 0
51 11 101 0 0
52 12 101 0 0
53 11 101 0 0
54 12 101 0 0
55 13 101 0 0
56 12 101 0 0
57 13 101 0 0
58 12 101 0 0
59 13 101 0 0
60 12 101 0 0
61 13 101 0 0
62 14 101 0 0
63 13 101 0 0
64 14 101 0 0
65 13 101 0 0
66 14 101 0 0
67 15 101 0 0
68 14 101 0 0
69 15 101 0 0
70 14 101 0 0
71 15 101 0 0
72 16 101 0 0
73 15 101 0 0
74 16 101 0 0
75 15 101 0 0
76 16 101 0 0
77 15 101 0 0
78 16 101 0 0
79 17 101 0 0
80 16 101 0 0
81 17 101 0 0
82 18 101 0 0
83 17 101 0 0
84 18 101 0 0
85 17 101 0 0
86 18 101 0 0
87 17 101 0 0
88 18 101 0 0
89 19 101 0 0
90 18 101 0 0
91 18 100 0 0
92 19 100 0 0
93 18 100 0 0
94 19 100 0 0
95 20 100 0 0
96 19 100 0 0
97 20 100 0 0
98 19 100 0 0
99 20 100 0 0
100 21 100 0 0
101 20 100 0 0
102 21 100 0 0
103 20 100 0 0
104 21 100 0 0
105 22 100 0 0
106 21 100 0 0
107 22 100 0 0
108 21 100 0 0
109 22 100 0 0
110 23 100 0 0
111 22 100 0 0
112 23 100 0 0
113 22 100 0 0
114 22 99 0 0
115 23 99 0 0
116 22 99 0 0
117 23 99 0 0
118 24 99 0 0
119 23 99 0 0
120 24 99 0 0
121 23 99 0 0
122 24 99 0 0
123 25 99 0 0
124 24 99 0 0
125 25 99 0 0
126 24 99 0 0
127 25 99 0 0
128 26 99 0 0
129 25 99 0 0
130 26 99 0 0
131 25 99 0 0
132 26 99 0 0
133 27 99 0 0
134 26 99 0 0
135 27 99 0 0
136 26 99 0 0
137 26 98 0 0
138 27 98 0 0
139 27 99 0 0
140 28 99 0 0
141 27 99 0 0
142 28 99 0 0
143 27 99 0 0
144 28 99 0 0
145 29 99 0 0
146 28 99 0 0
147 29 99 0 0
148 28 99 0 0
149 29 99 0 0
150 28 99 0 0
151 29 99 0 0
152 30 99 0 0
153 29 99 0 0
154 30 99 0 0
155 29 99 0 0
156 30 99 0 0
157 29 99 0 0
158 30 99 0 0
159 31 99 0 0
160 30 99 0 0
161 31 99 0 0
162 30 99 0 0
163 31 99 0 0
164 32 99 0 0
165 31 99 0 0
166 32 99 0 0
167 31 99 0 0
168 32 99 0 0
169 33 99 0 0
170 32 99 0 0
171 33 99 0 0
172 32 99 0 0
173 33 99 0 0
174 32 99 0 0
175 32 100 0 0
176 33 100 0 0
177 34 100 0 0
178 33 100 0 0
179 34 100 0 0
180 33 100 0 0
181 34 100 0 0
182 35 100 0 0
183 34 100 0 0
184 35 100 0 0
185 34 100 0 0
186 35 100 0 0
187 34 100 0 0
188 35 100 0 0
189 36 100 0 0
190 35 100 0 0
191 36 100 0 0
192 35 100 0 0
193 36 100 0 0
194 37 100 0 0
195 36 100 0 0
196 37 100 0 0
197 38 100 0 0
198 37 100 0 0
199 38 100 0 0
200 37 100 0 0
201 38 100 0 0
202 39 100 0 0
203 38 100 0 0
204 39 100 0 0
205 40 100 0 0
206 39 100 0 0
207 40 100 0 0
208 39 100 0 0
209 40 100 0 0
210 41 100 0 0
211 40 100 0 0
212 41 100 0 0
213 42 100 0 0
214 41 100 0 0
215 42 100 0 0
216 41 100 0 0
217 42 100 0 0
218 43 100 0 0
219 42 100 0 0
220 43 100 0 0
221 42 100 0 0
222 43 100 0 0
223 44 100 0 0
224 43 100 0 0
225 44 100 0 0
226 45 100 0 0
227 44 100 0 0
228 45 100 0 0
229 44 100 0 0
230 45 100 0 0
231 46 100 0 0
232 45 100 0 0
233 46 100 0 0
234 45 100 0 0
235 46 100 0 0
236 47 100 0 0
237 46 100 0 0
238 47 100 0 0
239 48 100 0 0
240 47 100 0 0
241 48 100 0 0
242 47 100 0 0
243 48 100 0 0
244 49 100 0 0
245 48 100 0 0
246 49 100 0 0
247 48 100 0 0
248 49 100 0 0
249 48 100 0 0
250 49 100 0 0
251 50 100 0 0
252 49 100 0 0
253 50 100 0 0
254 49 100 0 0
255 50 100 0 0
256 49 100 0 0
257 50 100 0 0
258 51 100 0 0
259 50 100 0 0
260 51 100 0 0
261 50 100 0 0
262 51 100 0 0
263 52 100 0 0
264 51 100 0 0
265 51 99 0 0
266 52 99 0 0
267 51 99 0 0
268 52 99 0 0
269 53 99 0 0
270 52 99 0 0
271 53 99 0 0
272 52 99 0 0
273 53 99 0 0
274 52 99 0 0
275 53 99 0 0
276 54 99 0 0
277 53 99 0 0
278 54 99 0 0
279 53 99 0 0
280 54 99 0 0
281 53 99 0 0
282 54 99 0 0
283 55 99 0 0
284 54 99 0 0
285 55 99 0 0
286 54 99 0 0
287 55 99 0 0
288 56 99 0 0
289 55 99 0 0
290 56 99 0 0
291 55 99 0 0
292 55 98 0 0
293 56 98 0 0
294 57 98 0 0
295 56 98 0 0
296 57 98 0 0
297 56 98 0 0
298 57 98 0 0
299 58 98 0 0
300 57 98 0 0
301 58 98 0 0
302 59 98 0 0
303 58 98 0 0
304 59 98 0 0
305 58 98 0 0
306 59 98 0 0
307 60 98 0 0
308 59 98 0 0
309 60 98 0 0
310 59 98 0 0
311 60 98 0 0
312 61 98 0 0
313 60 98 0 0
314 61 98 0 0
315 60 98 0 0
316 61 98 0 0
317 62 98 0 0
318 61 98 0 0
319 62 98 0 0
320 63 98 0 0
321 62 98 0 0
322 63 98 0 0
323 62 98 0 0
324 63 98 0 0
325 63 97 0 0
326 64 97 0 0
327 63 97 0 0
328 64 97 0 0
329 63 97 0 0
330 64 97 0 0
331 65 97 0 0
332 64 97 0 0
333 65 97 0 0
334 66 97 0 0
335 65 97 0 0
336 66 97 0 0
337 65 97 0 0
338 66 97 0 0
339 67 97 0 0
340 66 97 0 0
341 67 97 0 0
342 66 97 0 0
343 67 97 0 0
344 68 97 0 0
345 67 97 0 0
346 68 97 0 0
347 67 97 0 0
348 68 97 0 0
349 69 97 0 0
350 68 97 0 0
351 68 96 0 0
352 69 96 0 0
353 68 96 0 0
354 69 96 0 0
355 70 96 0 0
356 69 96 0 0
357 70 96 0 0
358 69 96 0 0
359 70 96 0 0
360 71 96 0 0
361 70 96 0 0
362 71 96 0 0
363 70 96 0 0
364 71 96 0 0
365 72 96 0 0
366 71 96 0 0
367 72 96 0 0
368 72 95 0 0
369 73 95 0 0
370 72 95 0 0
371 73 95 0 0
372 72 95 0 0
373 73 95 0 0
374 72 95 0 0
375 73 95 0 0
376 74 95 0 0
377 73 95 0 0
378 74 95 0 0
379 73 95 0 0
380 74 95 0 0
381 75 95 0 0
382 74 95 0 0
383 75 95 0 0
384 74 95 0 0
385 75 95 0 0
386 75 94 0 0
387 76 94 0 0
388 75 94 0 0
389 76 94 0 0
390 75 94 0 0
391 76 94 0 0
392 77 94 0 0
393 76 94 0 0
394 77 94 0 0
395 76 94 0 0
396 77 94 0 0
397 78 94 0 0
398 77 94 0 0
399 78 94 0 0
400 77 94 0 0
401 77 93 0 0
402 78 93 0 0
403 79 93 0 0
404 78 93 0 0
405 79 93 0 0
406 78 93 0 0
407 79 93 0 0
408 80 93 0 0
409 79 93 0 0
410 79 92 0 0
411 80 92 0 0
412 81 92 0 0
413 80 92 0 0
414 81 92 0 0
415 80 92 0 0
416 81 92 0 0
417 80 92 0 0
418 81 92 0 0
419 81 91 0 0
420 82 91 0 0
421 81 91 0 0
422 82 91 0 0
423 83 91 0 0
424 82 91 0 0
425 83 91 0 0
426 82 91 0 0
427 83 91 0 0
428 83 90 0 0
429 84 90 0 0
430 83 90 0 0
431 84 90 0 0
432 83 90 0 0
433 84 90 0 0
434 83 90 0 0
435 84 90 0 0
436 85 90 0 0
437 84 90 0 0
438 84 89 0 0
439 85 89 0 0
440 86 89 0 0
441 85 89 0 0
442 86 89 0 0
443 85 89 0 0
444 86 89 0 0
445 87 89 0 0
446 86 89 0 0
447 86 88 0 0
448 87 88 0 0
449 86 88 0 0
450 87 88 0 0
451 88 88 0 0
452 87 88 0 0
453 88 88 0 0
454 87 88 0 0
455 88 88 0 0
456 89 88 0 0
457 88 88 0 0
458 89 88 0 0
459 88 88 0 0
460 89 88 0 0
461 88 88 0 0
462 89 88 0 0
463 90 88 0 0
464 89 88 0 0
465 90 88 0 0
466 89 88 0 0
467 90 88 0 0
468 91 88 0 0
469 90 88 0 0
470 91 88 0 0
471 90 88 0 0
472 91 88 0 0
473 90 88 0 0
474 91 88 0 0
475 92 88 0 0
476 91 88 0 0
477 92 88 0 0
478 91 88 0 0
479 92 88 0 0
480 93 88 0 0
481 92 88 0 0
482 93 88 0 0
483 92 88 0 0
484 93 88 0 0
485 92 88 0 0
486 93 88 0 0
487 94 88 0 0
488 93 88 0 0
489 94 88 0 0
490 93 88 0 0
491 94 88 0 0
492 93 88 0 0
493 94 88 0 0
494 95 88 0 0
495 94 88 0 0
496 95 88 0 0
497 94 88 0 0
498 95 88 0 0
499 96 88 0 0
500 95 88 0 0
501 96 88 0 0
502 95 88 0 0
503 96 88 0 0
504 97 88 0 0
505 96 88 0 0
506 97 88 0 0
507 96 88 0 0
508 97 88 0 0
509 98 88 0 0
510 97 88 0 0
511 97 89 0 0
512 98 89 0 0
513 97 89 0 0
514 98 89 0 0
515 99 89 0 0
516 98 89 0 0
517 99 89 0 0
518 98 89 0 0
519 99 89 0 0
520 100 89 0 0
521 99 89 0 0
522 100 89 0 0
523 101 89 0 0
524 100 89 0 0
525 100 90 0 0
526 101 90 0 0
527 100 90 0 0
528 101 90 0 0
529 102 90 0 0
530 101 90 0 0
531 102 90 0 0
532 103 90 0 0
533 102 90 0 0
534 103 90 0 0
535 102 90 0 0
536 103 90 0 0
537 104 90 0 0
538 103 90 0 0
539 104 90 0 0
540 103 90 0 0
541 103 91 0 0
542 104 91 0 0
543 103 91 0 0
544 104 91 0 0
545 105 91 0 0
546 104 91 0 0
547 105 91 0 0
548 106 91 0 0
549 105 91 0 0
550 106 91 0 0
551 105 91 0 0
552 106 91 0 0
553 107 91 0 0
554 106 91 0 0
555 107 91 0 0
556 106 91 0 0
557 106 92 0 0
558 107 92 0 0
559 106 92 0 0
560 107 92 0 0
561 108 92 0 0
562 107 92 0 0
563 108 92 0 0
564 107 92 0 0
565 108 92 0 0
566 107 92 0 0
567 107 93 0 0
568 108 93 0 0
569 107 93 0 0
570 108 93 0 0
571 109 93 0 0
572 108 93 0 0
573 109 93 0 0
574 108 93 0 0
575 109 93 0 0
576 108 93 0 0
577 108 94 0 0
578 109 94 0 0
579 108 94 0 0
580 109 94 0 0
581 108 94 0 0
582 109 94 0 0
583 110 94 0 0
584 109 94 0 0
585 110 94 0 0
586 109 94 0 0
587 110 94 0 0
588 109 94 0 0
589 109 95 0 0
590 110 95 0 0
591 111 95 0 0
592 110 95 0 0
593 111 95 0 0
594 110 95 0 0
595 111 95 0 0
596 110 95 0 0
597 111 95 0 0
598 110 95 0 0
599 110 96 0 0
600 111 96 0 0
601 110 96 0 0
602 111 96 0 0
603 112 96 0 0
604 111 96 0 0
605 112 96 0 0
606 111 96 0 0
607 112 96 0 0
608 111 96 0 0
609 112 96 0 0
610 111 96 0 0
611 111 97 0 0
612 112 97 0 0
613 113 97 0 0
614 112 97 0 0
615 113 97 0 0
616 112 97 0 0
617 113 97 0 0
618 112 97 0 0
619 112 98 0 0
620 113 98 0 0
621 112 98 0 0
622 113 98 0 0
623 112 98 0 0
624 113 98 0 0
625 112 98 0 0
626 113 98 0 0
627 112 98 0 0
628 112 99 0 0
629 113 99 0 0
630 112 99 0 0
631 113 99 0 0
632 112 99 0 0
633 113 99 0 0
634 112 99 0 0
635 113 99 0 0
636 112 99 0 0
637 112 100 0 0
638 113 100 0 0
639 112 100 0 0
640 113 100 0 0
641 112 100 0 0
642 113 100 0 0
643 114 100 0 0
644 113 100 0 0
645 113 101 0 0
646 114 101 0 0
647 113 101 0 0
648 114 101 0 0
649 113 101 0 0
650 114 101 0 0
651 113 101 0 0
652 113 102 0 0
653 114 102 0 0
654 113 102 0 0
655 114 102 0 0
656 113 102 0 0
657 114 102 0 0
658 113 102 0 0
659 114 102 0 0
660 113 102 0 0
661 113 103 0 0
662 114 103 0 0
663 113 103 0 0
664 114 103 0 0
665 113 103 0 0
666 114 103 0 0
667 113 103 0 0
668 114 103 0 0
669 113 103 0 0
670 113 104 0 0
671 114 104 0 0
672 113 104 0 0
673 114 104 0 0
674 113 104 0 0
675 114 104 0 0
676 113 104 0 0
677 114 104 0 0
678 113 104 0 0
679 113 105 0 0
680 114 105 0 0
681 115 105 0 0
682 114 105 0 0
683 115 105 0 0
684 114 105 0 0
685 114 106 0 0
686 115 106 0 0
687 114 106 0 0
688 115 106 0 0
689 114 106 0 0
690 114 107 0 0
691 115 107 0 0
692 114 107 0 0
693 115 107 0 0
694 114 107 0 0
695 115 107 0 0
696 114 107 0 0
697 114 108 0 0
698 115 108 0 0
699 114 108 0 0
700 115 108 0 0
701 114 108 0 0
702 114 109 0 0
703 115 109 0 0
704 114 109 0 0
705 115 109 0 0
706 114 109 0 0
707 115 109 0 0
708 114 109 0 0
709 114 110 0 0
710 115 110 0 0
711 114 110 0 0
712 115 110 0 0
713 114 110 0 0
714 114 111 0 0
715 115 111 0 0
716 114 111 0 0
717 115 111 0 0
718 114 111 0 0
719 115 111 0 0
720 114 111 0 0
721 114 112 0 0
722 115 112 0 0
723 114 112 0 0
724 115 112 0 0
725 114 112 0 0
726 114 113 0 0
727 115 113 0 0
728 114 113 0 0
729 115 113 0 0
730 114 113 0 0
731 115 113 0 0
732 114 113 0 0
733 114 114 0 0
734 115 114 0 0
735 116 114 0 0
736 115 114 0 0
737 115 115 0 0
738 116 115 0 0
739 115 115 0 0
740 116 115 0 0
741 115 115 0 0
742 116 115 0 0
743 115 115 0 0
744 115 116 0 0
745 116 116 0 0
746 115 116 0 0
747 116 116 0 0
748 115 116 0 0
749 115 117 0 0
750 116 117 0 0
751 115 117 0 0
752 116 117 0 0
753 115 117 0 0
754 116 117 0 0
755 115 117 0 0
756 115 118 0 0
757 116 118 0 0
758 115 118 0 0
759 116 118 0 0
760 115 118 0 0
761 115 119 0 0
762 116 119 0 0
763 115 119 0 0
764 116 119 0 0
765 116 118 0 0
766 117 118 0 0
767 116 118 0 0
768 115 118 0 0
769 115 119 0 0
770 116 119 0 0
771 115 119 0 0
772 116 119 0 0
773 115 119 0 0
774 116 119 0 0
775 115 119 0 0
776 115 120 0 0
777 116 120 0 0
778 115 120 0 0
779 116 120 0 0
780 115 120 0 0
781 115 121 0 0
782 116 121 0 0
783 115 121 0 0
784 116 121 0 0
785 115 121 0 0
786 116 121 0 0
787 115 121 0 0
788 115 122 0 0
789 116 122 0 0
790 115 122 0 0
791 116 122 0 0
792 115 122 0 0
793 116 122 0 0
794 115 122 0 0
795 115 123 0 0
796 116 123 0 0
797 115 123 0 0
798 116 123 0 0
799 115 123 0 0
800 116 123 0 0
801 115 123 0 0
802 115 124 0 0
803 116 124 0 0
804 115 124 0 0
805 116 124 0 0
806 115 124 0 0
807 115 125 0 0
808 116 125 0 0
809 115 125 0 0
810 116 125 0 0
811 115 125 0 0
812 116 125 0 0
813 115 125 0 0
814 115 126 0 0
815 116 126 0 0
816 115 126 0 0
817 116 126 0 0
818 115 126 0 0
819 116 126 0 0
820 115 126 0 0
821 115 127 0 0
822 116 127 0 0
823 115 127 0 0
824 116 127 0 0
825 115 127 0 0
826 116 127 0 0
827 115 127 0 0
828 115 128 0 0
829 114 128 0 0
830 115 128 0 0
831 114 128 0 0
832 114 129 0 0
833 115 129 0 0
834 114 129 0 0
835 115 129 0 0
836 114 129 0 0
837 115 129 0 0
838 114 129 0 0
839 114 130 0 0
840 115 130 0 0
841 114 130 0 0
842 115 130 0 0
843 114 130 0 0
844 115 130 0 0
845 114 130 0 0
846 115 130 0 0
847 114 130 0 0
848 114 131 0 0
849 115 131 0 0
850 114 131 0 0
851 115 131 0 0
852 114 131 0 0
853 115 131 0 0
854 114 131 0 0
855 114 132 0 0
856 115 132 0 0
857 114 132 0 0
858 115 132 0 0
859 114 132 0 0
860 114 133 0 0
861 115 133 0 0
862 114 133 0 0
863 115 133 0 0
864 114 133 0 0
865 115 133 0 0
866 114 133 0 0
867 114 134 0 0
868 115 134 0 0
869 114 134 0 0
870 115 134 0 0
871 114 134 0 0
872 115 134 0 0
873 114 134 0 0
874 114 135 0 0
875 115 135 0 0
876 114 135 0 0
877 115 135 0 0
878 114 135 0 0
879 115 135 0 0
880 114 135 0 0
881 114 136 0 0
882 115 136 0 0
883 114 136 0 0
884 115 136 0 0
885 114 136 0 0
886 115 136 0 0
887 114 136 0 0
888 115 136 0 0
889 114 136 0 0
890 114 137 0 0
891 115 137 0 0
892 114 137 0 0
893 115 137 0 0
894 114 137 0 0
895 115 137 0 0
896 114 137 0 0
897 114 138 0 0
898 115 138 0 0
899 114 138 0 0
900 113 138 0 0
901 114 138 0 0
902 113 138 0 0
903 113 139 0 0
904 114 139 0 0
905 113 139 0 0
906 114 139 0 0
907 113 139 0 0
908 114 139 0 0
909 113 139 0 0
910 113 140 0 0
911 114 140 0 0
912 113 140 0 0
913 114 140 0 0
914 113 140 0 0
915 114 140 0 0
916 113 140 0 0
917 113 141 0 0
918 114 141 0 0
919 113 141 0 0
920 114 141 0 0
921 113 141 0 0
922 114 141 0 0
923 113 141 0 0
924 113 142 0 0
925 114 142 0 0
926 113 142 0 0
927 114 142 0 0
928 113 142 0 0
929 114 142 0 0
930 113 142 0 0
931 113 143 0 0
932 114 143 0 0
933 113 143 0 0
934 114 143 0 0
935 113 143 0 0
936 114 143 0 0
937 113 143 0 0
938 113 144 0 0
939 114 144 0 0
940 113 144 0 0
941 114 144 0 0
942 113 144 0 0
943 114 144 0 0
944 113 144 0 0
945 113 145 0 0
946 114 145 0 0
947 113 145 0 0
948 114 145 0 0
949 113 145 0 0
950 114 145 0 0
951 113 145 0 0
952 113 146 0 0
953 114 146 0 0
954 113 146 0 0
955 114 146 0 0
956 113 146 0 0
957 114 146 0 0
958 113 146 0 0
959 113 147 0 0
960 114 147 0 0
961 113 147 0 0
962 114 147 0 0
963 113 147 0 0
964 114 147 0 0
965 113 147 0 0
966 113 148 0 0
967 114 148 0 0
968 113 148 0 0
969 114 148 0 0
970 113 148 0 0
971 114 148 0 0
972 113 148 0 0
973 113 149 0 0
974 114 149 0 0
975 113 149 0 0
976 114 149 0 0
977 113 149 0 0
978 114 149 0 0
979 113 149 0 0
980 113 150 0 0
981 114 150 0 0
982 113 150 0 0
983 114 150 0 0
984 113 150 0 0
985 114 150 0 0
986 113 150 0 0
987 114 150 0 0
988 113 150 0 0
989 113 151 0 0
990 114 151 0 0
991 113 151 0 0
992 114 151 0 0
993 113 151 0 0
994 114 151 0 0
995 113 151 0 0
996 113 152 0 0
997 114 152 0 0
998 113 152 0 0
999 114 152 0 0
1000 113 152 0 0
1001 114 152 0 0
1002 113 152 0 0
1003 113 153 0 0
1004 114 153 0 0
1005 113 153 0 0
1006 114 153 0 0
1007 113 153 0 0
1008 114 153 0 0
1009 113 153 0 0
1010 113 154 0 0
1011 114 154 0 0
1012 113 154 0 0
1013 114 154 0 0
1014 113 154 0 0
1015 114 154 0 0
1016 113 154 0 0
1017 113 155 0 0
1018 114 155 0 0
1019 113 155 0 0
1020 114 155 0 0
1021 113 155 0 0
1022 112 155 0 0
1023 112 156 0 0
1024 113 156 0 0
1025 112 156 0 0
1026 113 156 0 0
1027 112 156 0 0
1028 113 156 0 0
1029 112 156 0 0
1030 112 157 0 0
1031 113 157 0 0
1032 112 157 0 0
1033 113 157 0 0
1034 112 157 0 0
1035 113 157 0 0
1036 112 157 0 0
1037 112 158 0 0
1038 113 158 0 0
1039 112 158 0 0
1040 113 158 0 0
1041 112 158 0 0
1042 113 158 0 0
1043 112 158 0 0
1044 113 158 0 0
1045 112 158 0 0
1046 112 159 0 0
1047 113 159 0 0
1048 112 159 0 0
1049 113 159 0 0
1050 112 159 0 0
1051 113 159 0 0
1052 112 159 0 0
1053 112 160 0 0
1054 113 160 0 0
1055 112 160 0 0
1056 113 160 0 0
1057 112 160 0 0
1058 113 160 0 0
1059 112 160 0 0
1060 112 161 0 0
1061 113 161 0 0
1062 112 161 0 0
1063 113 161 0 0
1064 112 161 0 0
1065 113 161 0 0
1066 112 161 0 0
1067 112 162 0 0
1068 113 162 0 0
1069 112 162 0 0
1070 113 162 0 0
1071 112 162 0 0
1072 113 162 0 0
1073 112 162 0 0
1074 112 163 0 0
1075 113 163 0 0
1076 112 163 0 0
1077 113 163 0 0
1078 112 163 0 0
1079 113 163 0 0
1080 112 163 0 0
1081 113 163 0 0
1082 112 163 0 0
1083 112 164 0 0
1084 113 164 0 0
1085 112 164 0 0
1086 113 164 0 0
1087 112 164 0 0
1088 113 164 0 0
1089 112 164 0 0
1090 112 165 0 0
1091 113 165 0 0
1092 112 165 0 0
1093 113 165 0 0
1094 112 165 0 0
1095 113 165 0 0
1096 112 165 0 0
1097 112 166 0 0
1098 113 166 0 0
1099 112 166 0 0
1100 113 166 0 0
1101 112 166 0 0
1102 113 166 0 0
1103 112 166 0 0
1104 112 167 0 0
1105 113 167 0 0
1106 112 167 0 0
1107 113 167 0 0
1108 112 167 0 0
1109 113 167 0 0
1110 112 167 0 0
1111 112 168 0 0
1112 113 168 0 0
1113 112 168 0 0
1114 113 168 0 0
1115 112 168 0 0
1116 113 168 0 0
1117 112 168 0 0
1118 112 169 0 0
1119 113 169 0 0
1120 112 169 0 0
1121 113 169 0 0
1122 112 169 0 0
1123 113 169 0 0
1124 112 169 0 0
1125 113 169 0 0
1126 112 169 0 0
1127 112 170 0 0
1128 113 170 0 0
1129 112 170 0 0
1130 113 170 0 0
1131 112 170 0 0
1132 113 170 0 0
1133 112 170 0 0
1134 112 171 0 0
1135 113 171 0 0
1136 112 171 0 0
1137 113 171 0 0
1138 112 171 0 0
1139 113 171 0 0
1140 112 171 0 0
1141 112 172 0 0
1142 113 172 0 0
1143 112 172 0 0
1144 113 172 0 0
1145 112 172 0 0
1146 113 172 0 0
1147 112 172 0 0
1148 112 173 0 0
1149 113 173 0 0
1150 112 173 0 0
1151 113 173 0 0
1152 112 173 0 0
1153 113 173 0 0
1154 112 173 0 0
1155 112 174 0 0
1156 113 174 0 0
1157 112 174 0 0
1158 113 174 0 0
1159 112 174 0 0
1160 113 174 0 0
1161 112 174 0 0
1162 113 174 0 0
1163 112 174 0 0
1164 112 175 0 0
1165 113 175 0 0
1166 112 175 0 0
1167 113 175 0 0
1168 112 175 0 0
1169 113 175 0 0
1170 112 175 0 0
1171 112 176 0 0
1172 113 176 0 0
1173 112 176 0 0
1174 113 176 0 0
1175 112 176 0 0
1176 113 176 0 0
1177 112 176 0 0
1178 112 177 0 0
1179 113 177 0 0
1180 112 177 0 0
1181 113 177 0 0
1182 112 177 0 0
1183 113 177 0 0
1184 112 177 0 0
1185 112 178 0 0
1186 113 178 0 0
1187 112 178 0 0
1188 113 178 0 0
1189 112 178 0 0
1190 113 178 0 0
1191 112 178 0 0
1192 112 179 0 0
1193 113 179 0 0
1194 112 179 0 0
1195 113 179 0 0
1196 112 179 0 0
1197 112 180 0 0
1198 113 180 0 0
1199 112 180 0 0
1200 113 180 0 0
1201 112 180 0 0
1202 113 180 0 0
1203 112 180 0 0
1204 112 181 0 0
1205 113 181 0 0
1206 112 181 0 0
1207 113 181 0 0
1208 112 181 0 0
1209 113 181 0 0
1210 112 181 0 0
1211 112 182 0 0
1212 113 182 0 0
1213 112 182 0 0
1214 113 182 0 0
1215 114 182 0 0
1216 113 182 0 0
1217 113 183 0 0
1218 114 183 0 0
1219 113 183 0 0
1220 114 183 0 0
1221 113 183 0 0
1222 114 183 0 0
1223 113 183 0 0
1224 113 184 0 0
1225 114 184 0 0
1226 113 184 0 0
1227 114 184 0 0
1228 113 184 0 0
1229 113 185 0 0
1230 114 185 0 0
1231 113 185 0 0
1232 114 185 0 0
1233 113 185 0 0
1234 114 185 0 0
1235 113 185 0 0
1236 113 186 0 0
1237 114 186 0 0
1238 113 186 0 0
1239 114 186 0 0
1240 113 186 0 0
1241 114 186 0 0
1242 113 186 0 0
1243 113 187 0 0
1244 114 187 0 0
1245 113 187 0 0
1246 114 187 0 0
1247 113 187 0 0
1248 114 187 0 0
1249 113 187 0 0
1250 113 188 0 0
1251 114 188 0 0
1252 113 188 0 0
1253 114 188 0 0
1254 113 188 0 0
1255 114 188 0 0
1256 113 188 0 0
1257 113 189 0 0
1258 114 189 0 0
1259 113 189 0 0
1260 114 189 0 0
1261 113 189 0 0
1262 113 190 0 0
1263 114 190 0 0
1264 113 190 0 0
1265 114 190 0 0
1266 113 190 0 0
1267 114 190 0 0
1268 113 190 0 0
1269 113 191 0 0
1270 114 191 0 0
1271 113 191 0 0
1272 114 191 0 0
1273 113 191 0 0
1274 114 191 0 0
1275 113 191 0 0
1276 113 192 0 0
1277 114 192 0 0
1278 113 192 0 0
1279 114 192 0 0
1280 113 192 0 0
1281 114 192 0 0
1282 113 192 0 0
1283 113 193 0 0
1284 114 193 0 0
1285 115 193 0 0
1286 114 193 0 0
1287 115 193 0 0
1288 114 193 0 0
1289 114 194 0 0
1290 115 194 0 0
1291 114 194 0 0
1292 115 194 0 0
1293 114 194 0 0
1294 114 195 0 0
1295 115 195 0 0
1296 114 195 0 0
1297 115 195 0 0
1298 114 195 0 0
1299 115 195 0 0
1300 114 195 0 0
1301 114 196 0 0
1302 115 196 0 0
1303 114 196 0 0
1304 115 196 0 0
1305 114 196 0 0
1306 115 196 0 0
1307 114 196 0 0
1308 114 197 0 0
1309 115 197 0 0
1310 114 197 0 0
1311 115 197 0 0
1312 114 197 0 0
1313 115 197 0 0
1314 114 197 0 0
1315 114 198 0 0
1316 115 198 0 0
1317 114 198 0 0
1318 115 198 0 0
1319 114 198 0 0
1320 115 198 0 0
1321 114 198 0 0
1322 114 199 0 0
1323 115 199 0 0
1324 114 199 0 0
1325 115 199 0 0
1326 114 199 0 0
1327 114 200 0 0
1328 115 200 0 0
1329 114 200 0 0
1330 115 200 0 0
1331 116 200 0 0
1332 115 200 0 0
1333 115 201 0 0
1334 116 201 0 0
1335 115 201 0 0
1336 116 201 0 0
1337 115 201 0 0
1338 116 201 0 0
1339 115 201 0 0
1340 115 202 0 0
1341 116 202 0 0
1342 115 202 0 0
1343 116 202 0 0
1344 115 202 0 0
1345 116 202 0 0
1346 115 202 0 0
1347 115 203 0 0
1348 116 203 0 0
1349 115 203 0 0
1350 116 203 0 0
1351 115 203 0 0
1352 116 203 0 0
1353 115 203 0 0
1354 115 204 0 0
1355 116 204 0 0
1356 115 204 0 0
1357 116 204 0 0
1358 115 204 0 0
1359 116 204 0 0
1360 115 204 0 0
1361 115 205 0 0
1362 116 205 0 0
1363 115 205 0 0
1364 116 205 0 0
1365 115 205 0 0
1366 116 205 0 0
1367 115 205 0 0
1368 115 206 0 0
1369 116 206 0 0
1370 115 206 0 0
1371 116 206 0 0
1372 115 206 0 0
1373 115 207 0 0
1374 116 207 0 0
1375 115 207 0 0
1376 116 207 0 0
1377 117 207 0 0
1378 116 207 0 0
1379 116 208 0 0
1380 117 208 0 0
1381 116 208 0 0
1382 117 208 0 0
1383 116 208 0 0
1384 117 208 0 0
1385 116 208 0 0
1386 116 209 0 0
1387 117 209 0 0
1388 116 209 0 0
1389 117 209 0 0
1390 116 209 0 0
1391 117 209 0 0
1392 116 209 0 0
1393 116 210 0 0
1394 117 210 0 0
1395 116 210 0 0
1396 117 210 0 0
1397 116 210 0 0
1398 117 210 0 0
1399 116 210 0 0
1400 116 211 0 0
1401 117 211 0 0
1402 116 211 0 0
1403 117 211 0 0
1404 116 211 0 0
1405 117 211 0 0
1406 116 211 0 0
1407 116 212 0 0
1408 117 212 0 0
1409 116 212 0 0
1410 117 212 0 0
1411 116 212 0 0
1412 117 212 0 0
1413 116 212 0 0
1414 116 213 0 0
1415 117 213 0 0
1416 116 213 0 0
1417 117 213 0 0
1418 116 213 0 0
1419 117 213 0 0
1420 116 213 0 0
1421 116 214 0 0
1422 117 214 0 0
1423 116 214 0 0
1424 117 214 0 0
1425 116 214 0 0
1426 117 214 0 0
1427 116 214 0 0
1428 116 215 0 0
1429 117 215 0 0
1430 116 215 0 0
1431 117 215 0 0
1432 116 215 0 0
1433 117 215 0 0
