0 1 97 0 0
1 2 97 0 0
2 1 97 0 0
3 2 97 0 0
4 1 97 0 0
5 2 97 0 0
6 3 97 0 0
7 2 97 0 0
8 3 97 0 0
9 2 97 0 0
10 3 97 0 0
11 4 97 0 0
12 3 97 0 0
13 3 98 0 0
14 4 98 0 0
15 3 98 0 0
16 4 98 0 0
17 5 98 0 0
18 4 98 0 0
19 5 98 0 0
20 6 98 0 0
21 5 98 0 0
22 6 98 0 0
23 5 98 0 0
24 6 98 0 0
25 7 98 0 0
26 6 98 0 0
27 7 98 0 0
28 6 98 0 0
29 7 98 0 0
30 8 98 0 0
31 7 98 0 0
32 8 98 0 0
33 9 98 0 0
34 8 98 0 0
35 9 98 0 0
36 10 98 0 0
37 9 98 0 0
38 10 98 0 0
39 9 98 0 0
40 10 98 0 0
41 11 98 0 0
42 10 98 0 0
43 11 98 0 0
44 12 98 0 0
45 11 98 0 0
46 12 98 0 0
47 13 98 0 0
48 12 98 0 0
49 13 98 0 0
50 12 98 0 0
51 13 98 0 0
52 14 98 0 0
53 13 98 0 0
54 14 98 0 0
55 15 98 0 0
56 14 98 0 0
57 15 98 0 0
58 14 98 0 0
59 15 98 0 0
60 16 98 0 0
61 15 98 0 0
62 16 98 0 0
63 17 98 0 0
64 16 98 0 0
65 17 98 0 0
66 18 98 0 0
67 17 98 0 0
68 18 98 0 0
69 19 98 0 0
70 18 98 0 0
71 18 97 0 0
72 19 97 0 0
73 18 97 0 0
74 19 97 0 0
75 20 97 0 0
76 19 97 0 0
77 20 97 0 0
78 21 97 0 0
79 20 97 0 0
80 21 97 0 0
81 22 97 0 0
82 21 97 0 0
83 22 97 0 0
84 21 97 0 0
85 22 97 0 0
86 23 97 0 0
87 22 97 0 0
88 23 97 0 0
89 24 97 0 0
90 23 97 0 0
91 24 97 0 0
92 25 97 0 0
93 24 97 0 0
94 25 97 0 0
95 24 97 0 0
96 25 97 0 0
97 26 97 0 0
98 25 97 0 0
99 26 97 0 0
100 27 97 0 0
101 26 97 0 0
102 27 97 0 0
103 28 97 0 0
104 27 97 0 0
105 28 97 0 0
106 27 97 0 0
107 28 97 0 0
108 29 97 0 0
109 28 97 0 0
110 29 97 0 0
111 30 97 0 0
112 29 97 0 0
113 30 97 0 0
114 31 97 0 0
115 30 97 0 0
116 31 97 0 0
117 30 97 0 0
118 31 97 0 0
119 32 97 0 0
120 31 97 0 0
121 31 96 0 0
122 32 96 0 0
123 32 97 0 0
124 33 97 0 0
125 32 97 0 0
126 33 97 0 0
127 32 97 0 0
128 33 97 0 0
129 32 97 0 0
130 33 97 0 0
131 34 97 0 0
132 33 97 0 0
133 34 97 0 0
134 33 97 0 0
135 34 97 0 0
136 35 97 0 0
137 34 97 0 0
138 34 98 0 0
139 35 98 0 0
140 34 98 0 0
141 35 98 0 0
142 36 98 0 0
143 35 98 0 0
144 36 98 0 0
145 35 98 0 0
146 36 98 0 0
147 35 98 0 0
148 36 98 0 0
149 37 98 0 0
150 36 98 0 0
151 37 98 0 0
152 38 98 0 0
153 37 98 0 0
154 38 98 0 0
155 37 98 0 0
156 38 98 0 0
157 39 98 0 0
158 38 98 0 0
159 39 98 0 0
160 38 98 0 0
161 39 98 0 0
162 40 98 0 0
163 39 98 0 0
164 40 98 0 0
165 41 98 0 0
166 40 98 0 0
167 41 98 0 0
168 40 98 0 0
169 41 98 0 0
170 42 98 0 0
171 41 98 0 0
172 42 98 0 0
173 41 98 0 0
174 42 98 0 0
175 43 98 0 0
176 42 98 0 0
177 43 98 0 0
178 42 98 0 0
179 43 98 0 0
180 44 98 0 0
181 43 98 0 0
182 44 98 0 0
183 45 98 0 0
184 44 98 0 0
185 45 98 0 0
186 44 98 0 0
187 45 98 0 0
188 45 97 0 0
189 46 97 0 0
190 45 97 0 0
191 45 98 0 0
192 46 98 0 0
193 45 98 0 0
194 46 98 0 0
195 47 98 0 0
196 46 98 0 0
197 47 98 0 0
198 46 98 0 0
199 47 98 0 0
200 48 98 0 0
201 47 98 0 0
202 48 98 0 0
203 47 98 0 0
204 48 98 0 0
205 49 98 0 0
206 48 98 0 0
207 49 98 0 0
208 48 98 0 0
209 49 98 0 0
210 48 98 0 0
211 49 98 0 0
212 50 98 0 0
213 49 98 0 0
214 50 98 0 0
215 51 98 0 0
216 50 98 0 0
217 51 98 0 0
218 50 98 0 0
219 51 98 0 0
220 52 98 0 0
221 51 98 0 0
222 52 98 0 0
223 51 98 0 0
224 52 98 0 0
225 51 98 0 0
226 52 98 0 0
227 53 98 0 0
228 52 98 0 0
229 53 98 0 0
230 52 98 0 0
231 53 98 0 0
232 54 98 0 0
233 53 98 0 0
234 54 98 0 0
235 55 98 0 0
236 54 98 0 0
237 55 98 0 0
238 54 98 0 0
239 55 98 0 0
240 54 98 0 0
241 55 98 0 0
242 56 98 0 0
243 55 98 0 0
244 56 98 0 0
245 55 98 0 0
246 56 98 0 0
247 57 98 0 0
248 56 98 0 0
249 57 98 0 0
250 58 98 0 0
251 57 98 0 0
252 58 98 0 0
253 57 98 0 0
254 58 98 0 0
255 59 98 0 0
256 58 98 0 0
257 59 98 0 0
258 58 98 0 0
259 59 98 0 0
260 58 98 0 0
261 59 98 0 0
262 60 98 0 0
263 59 98 0 0
264 60 98 0 0
265 59 98 0 0
266 60 98 0 0
267 61 98 0 0
268 60 98 0 0
269 61 98 0 0
270 62 98 0 0
271 61 98 0 0
272 62 98 0 0
273 61 98 0 0
274 62 98 0 0
275 61 98 0 0
276 62 98 0 0
277 62 97 0 0
278 63 97 0 0
279 62 97 0 0
280 63 97 0 0
281 62 97 0 0
282 63 97 0 0
283 64 97 0 0
284 63 97 0 0
285 64 97 0 0
286 63 97 0 0
287 64 97 0 0
288 65 97 0 0
289 64 97 0 0
290 65 97 0 0
291 64 97 0 0
292 65 97 0 0
293 66 97 0 0
294 65 97 0 0
295 66 97 0 0
296 65 97 0 0
297 66 97 0 0
298 67 97 0 0
299 66 97 0 0
300 67 97 0 0
301 66 97 0 0
302 67 97 0 0
303 68 97 0 0
304 67 97 0 0
305 68 97 0 0
306 67 97 0 0
307 68 97 0 0
308 69 97 0 0
309 68 97 0 0
310 69 97 0 0
311 68 97 0 0
312 69 97 0 0
313 70 97 0 0
314 69 97 0 0
315 70 97 0 0
316 69 97 0 0
317 70 97 0 0
318 71 97 0 0
319 70 97 0 0
320 71 97 0 0
321 70 97 0 0
322 71 97 0 0
323 72 97 0 0
324 71 97 0 0
325 72 97 0 0
326 71 97 0 0
327 72 97 0 0
328 73 97 0 0
329 72 97 0 0
330 73 97 0 0
331 72 97 0 0
332 72 96 0 0
333 73 96 0 0
334 74 96 0 0
335 73 96 0 0
336 74 96 0 0
337 73 96 0 0
338 74 96 0 0
339 75 96 0 0
340 74 96 0 0
341 75 96 0 0
342 74 96 0 0
343 75 96 0 0
344 74 96 0 0
345 75 96 0 0
346 76 96 0 0
347 75 96 0 0
348 75 95 0 0
349 76 95 0 0
350 75 95 0 0
351 76 95 0 0
352 77 95 0 0
353 76 95 0 0
354 77 95 0 0
355 76 95 0 0
356 77 95 0 0
357 76 95 0 0
358 77 95 0 0
359 78 95 0 0
360 77 95 0 0
361 78 95 0 0
362 77 95 0 0
363 78 95 0 0
364 78 94 0 0
365 79 94 0 0
366 78 94 0 0
367 79 94 0 0
368 78 94 0 0
369 79 94 0 0
370 80 94 0 0
371 79 94 0 0
372 80 94 0 0
373 79 94 0 0
374 80 94 0 0
375 79 94 0 0
376 80 94 0 0
377 81 94 0 0
378 80 94 0 0
379 80 93 0 0
380 81 93 0 0
381 80 93 0 0
382 81 93 0 0
383 82 93 0 0
384 81 93 0 0
385 82 93 0 0
386 81 93 0 0
387 82 93 0 0
388 81 93 0 0
389 82 93 0 0
390 83 93 0 0
391 82 93 0 0
392 83 93 0 0
393 82 93 0 0
394 83 93 0 0
395 82 93 0 0
396 82 92 0 0
397 83 92 0 0
398 84 92 0 0
399 83 92 0 0
400 84 92 0 0
401 83 92 0 0
402 84 92 0 0
403 85 92 0 0
404 84 92 0 0
405 85 92 0 0
406 84 92 0 0
407 85 92 0 0
408 86 92 0 0
409 85 92 0 0
410 86 92 0 0
411 85 92 0 0
412 86 92 0 0
413 85 92 0 0
414 86 92 0 0
415 86 91 0 0
416 87 91 0 0
417 86 91 0 0
418 87 91 0 0
419 86 91 0 0
420 87 91 0 0
421 88 91 0 0
422 87 91 0 0
423 88 91 0 0
424 87 91 0 0
425 88 91 0 0
426 89 91 0 0
427 88 91 0 0
428 89 91 0 0
429 88 91 0 0
430 89 91 0 0
431 88 91 0 0
432 89 91 0 0
433 90 91 0 0
434 89 91 0 0
435 90 91 0 0
436 89 91 0 0
437 90 91 0 0
438 89 91 0 0
439 90 91 0 0
440 91 91 0 0
441 90 91 0 0
442 91 91 0 0
443 90 91 0 0
444 91 91 0 0
445 92 91 0 0
446 91 91 0 0
447 92 91 0 0
448 91 91 0 0
449 92 91 0 0
450 91 91 0 0
451 92 91 0 0
452 93 91 0 0
453 92 91 0 0
454 93 91 0 0
455 92 91 0 0
456 93 91 0 0
457 92 91 0 0
458 93 91 0 0
459 94 91 0 0
460 93 91 0 0
461 94 91 0 0
462 93 91 0 0
463 94 91 0 0
464 93 91 0 0
465 94 91 0 0
466 95 91 0 0
467 94 91 0 0
468 95 91 0 0
469 94 91 0 0
470 95 91 0 0
471 96 91 0 0
472 95 91 0 0
473 96 91 0 0
474 95 91 0 0
475 96 91 0 0
476 95 91 0 0
477 96 91 0 0
478 95 91 0 0
479 96 91 0 0
480 97 91 0 0
481 96 91 0 0
482 97 91 0 0
483 96 91 0 0
484 97 91 0 0
485 98 91 0 0
486 97 91 0 0
487 98 91 0 0
488 97 91 0 0
489 98 91 0 0
490 97 91 0 0
491 98 91 0 0
492 99 91 0 0
493 98 91 0 0
494 99 91 0 0
495 98 91 0 0
496 99 91 0 0
497 98 91 0 0
498 99 91 0 0
499 100 91 0 0
500 99 91 0 0
501 100 91 0 0
502 99 91 0 0
503 100 91 0 0
504 101 91 0 0
505 100 91 0 0
506 101 91 0 0
507 100 91 0 0
508 101 91 0 0
509 100 91 0 0
510 101 91 0 0
511 102 91 0 0
512 101 91 0 0
513 102 91 0 0
514 101 91 0 0
515 102 91 0 0
516 103 91 0 0
517 102 91 0 0
518 103 91 0 0
519 102 91 0 0
520 103 91 0 0
521 102 91 0 0
522 103 91 0 0
523 102 91 0 0
524 103 91 0 0
525 104 91 0 0
526 103 91 0 0
527 104 91 0 0
528 103 91 0 0
529 104 91 0 0
530 105 91 0 0
531 104 91 0 0
532 105 91 0 0
533 104 91 0 0
534 105 91 0 0
535 104 91 0 0
536 105 91 0 0
537 106 91 0 0
538 105 91 0 0
539 106 91 0 0
540 105 91 0 0
541 106 91 0 0
542 105 91 0 0
543 106 91 0 0
544 107 91 0 0
545 106 91 0 0
546 107 91 0 0
547 106 91 0 0
548 107 91 0 0
549 108 91 0 0
550 107 91 0 0
551 108 91 0 0
552 107 91 0 0
553 108 91 0 0
554 107 91 0 0
555 108 91 0 0
556 109 91 0 0
557 108 91 0 0
558 109 91 0 0
559 108 91 0 0
560 109 91 0 0
561 108 91 0 0
562 109 91 0 0
563 109 90 0 0
564 110 90 0 0
565 109 90 0 0
566 109 91 0 0
567 110 91 0 0
568 109 91 0 0
569 110 91 0 0
570 109 91 0 0
571 110 91 0 0
572 111 91 0 0
573 110 91 0 0
574 111 91 0 0
575 110 91 0 0
576 111 91 0 0
577 110 91 0 0
578 111 91 0 0
579 112 91 0 0
580 111 91 0 0
581 112 91 0 0
582 111 91 0 0
583 112 91 0 0
584 113 91 0 0
585 112 91 0 0
586 113 91 0 0
587 112 91 0 0
588 113 91 0 0
589 112 91 0 0
590 112 92 0 0
591 113 92 0 0
592 114 92 0 0
593 113 92 0 0
594 114 92 0 0
595 113 92 0 0
596 114 92 0 0
597 113 92 0 0
598 114 92 0 0
599 115 92 0 0
600 114 92 0 0
601 115 92 0 0
602 114 92 0 0
603 115 92 0 0
604 116 92 0 0
605 115 92 0 0
606 116 92 0 0
607 115 92 0 0
608 116 92 0 0
609 115 92 0 0
610 116 92 0 0
611 117 92 0 0
612 116 92 0 0
613 116 93 0 0
614 117 93 0 0
615 116 93 0 0
616 117 93 0 0
617 116 93 0 0
618 117 93 0 0
619 118 93 0 0
620 117 93 0 0
621 118 93 0 0
622 117 93 0 0
623 118 93 0 0
624 119 93 0 0
625 118 93 0 0
626 119 93 0 0
627 118 93 0 0
628 119 93 0 0
629 118 93 0 0
630 119 93 0 0
631 120 93 0 0
632 119 93 0 0
633 120 93 0 0
634 119 93 0 0
635 120 93 0 0
636 121 93 0 0
637 120 93 0 0
638 120 94 0 0
639 121 94 0 0
640 120 94 0 0
641 121 94 0 0
642 120 94 0 0
643 121 94 0 0
644 120 94 0 0
645 121 94 0 0
646 122 94 0 0
647 121 94 0 0
648 122 94 0 0
649 121 94 0 0
650 122 94 0 0
651 123 94 0 0
652 122 94 0 0
653 123 94 0 0
654 122 94 0 0
655 123 94 0 0
656 122 94 0 0
657 123 94 0 0
658 124 94 0 0
659 123 94 0 0
660 124 94 0 0
661 123 94 0 0
662 123 95 0 0
663 124 95 0 0
664 123 95 0 0
665 124 95 0 0
666 125 95 0 0
667 124 95 0 0
668 125 95 0 0
669 124 95 0 0
670 125 95 0 0
671 126 95 0 0
672 125 95 0 0
673 126 95 0 0
674 125 95 0 0
675 126 95 0 0
676 125 95 0 0
677 126 95 0 0
678 127 95 0 0
679 126 95 0 0
680 127 95 0 0
681 126 95 0 0
682 127 95 0 0
683 128 95 0 0
684 127 95 0 0
685 127 96 0 0
686 128 96 0 0
687 127 96 0 0
688 128 96 0 0
689 127 96 0 0
690 128 96 0 0
691 129 96 0 0
692 128 96 0 0
693 129 96 0 0
694 128 96 0 0
695 129 96 0 0
696 128 96 0 0
697 129 96 0 0
698 130 96 0 0
699 129 96 0 0
700 130 96 0 0
701 129 96 0 0
702 130 96 0 0
703 131 96 0 0
704 130 96 0 0
705 131 96 0 0
706 130 96 0 0
707 131 96 0 0
708 130 96 0 0
709 131 96 0 0
710 130 96 0 0
711 130 97 0 0
712 131 97 0 0
713 132 97 0 0
714 131 97 0 0
715 132 97 0 0
716 131 97 0 0
717 132 97 0 0
718 133 97 0 0
719 132 97 0 0
720 133 97 0 0
721 132 97 0 0
722 133 97 0 0
723 132 97 0 0
724 133 97 0 0
725 132 97 0 0
726 133 97 0 0
727 134 97 0 0
728 133 97 0 0
729 134 97 0 0
730 133 97 0 0
731 134 97 0 0
732 133 97 0 0
733 134 97 0 0
734 135 97 0 0
735 134 97 0 0
736 135 97 0 0
737 134 97 0 0
738 135 97 0 0
739 134 97 0 0
740 134 98 0 0
741 135 98 0 0
742 136 98 0 0
743 135 98 0 0
744 136 98 0 0
745 135 98 0 0
746 136 98 0 0
747 135 98 0 0
748 136 98 0 0
749 137 98 0 0
750 136 98 0 0
751 137 98 0 0
752 136 98 0 0
753 137 98 0 0
754 136 98 0 0
755 137 98 0 0
756 136 98 0 0
757 137 98 0 0
758 138 98 0 0
759 137 98 0 0
760 138 98 0 0
761 137 98 0 0
762 138 98 0 0
763 139 98 0 0
764 138 98 0 0
765 139 98 0 0
766 138 98 0 0
767 139 98 0 0
768 138 98 0 0
769 139 98 0 0
770 138 98 0 0
771 139 98 0 0
772 138 98 0 0
773 139 98 0 0
774 138 98 0 0
775 139 98 0 0
776 140 98 0 0
777 139 98 0 0
778 140 98 0 0
779 139 98 0 0
780 140 98 0 0
781 139 98 0 0
782 140 98 0 0
783 139 98 0 0
784 140 98 0 0
785 139 98 0 0
786 140 98 0 0
787 139 98 0 0
788 140 98 0 0
789 141 98 0 0
790 140 98 0 0
791 141 98 0 0
792 140 98 0 0
793 140 97 0 0
794 141 97 0 0
795 140 97 0 0
796 141 97 0 0
797 140 97 0 0
798 141 97 0 0
799 140 97 0 0
800 141 97 0 0
801 140 97 0 0
802 141 97 0 0
803 140 97 0 0
804 141 97 0 0
805 140 97 0 0
806 141 97 0 0
807 142 97 0 0
808 141 97 0 0
809 142 97 0 0
810 141 97 0 0
811 142 97 0 0
812 141 97 0 0
813 142 97 0 0
814 141 97 0 0
815 142 97 0 0
816 141 97 0 0
817 142 97 0 0
818 141 97 0 0
819 142 97 0 0
820 142 96 0 0
821 143 96 0 0
822 142 96 0 0
823 143 96 0 0
824 142 96 0 0
825 143 96 0 0
826 142 96 0 0
827 143 96 0 0
828 142 96 0 0
829 143 96 0 0
830 142 96 0 0
831 143 96 0 0
832 142 96 0 0
833 143 96 0 0
834 142 96 0 0
835 143 96 0 0
836 142 96 0 0
837 143 96 0 0
838 142 96 0 0
839 143 96 0 0
840 142 96 0 0
841 143 96 0 0
842 142 96 0 0
843 143 96 0 0
844 142 96 0 0
845 143 96 0 0
846 142 96 0 0
847 143 96 0 0
848 144 96 0 0
849 143 96 0 0
850 144 96 0 0
851 143 96 0 0
852 144 96 0 0
853 143 96 0 0
854 144 96 0 0
855 143 96 0 0
856 144 96 0 0
857 143 96 0 0
858 144 96 0 0
859 143 96 0 0
860 144 96 0 0
861 143 96 0 0
862 144 96 0 0
863 143 96 0 0
864 144 96 0 0
865 143 96 0 0
866 144 96 0 0
867 143 96 0 0
868 144 96 0 0
869 143 96 0 0
870 144 96 0 0
871 143 96 0 0
872 144 96 0 0
873 143 96 0 0
874 144 96 0 0
875 143 96 0 0
876 144 96 0 0
877 143 96 0 0
878 144 96 0 0
879 143 96 0 0
880 144 96 0 0
881 143 96 0 0
882 144 96 0 0
883 143 96 0 0
884 144 96 0 0
885 143 96 0 0
886 144 96 0 0
887 143 96 0 0
888 144 96 0 0
889 143 96 0 0
890 144 96 0 0
891 143 96 0 0
892 144 96 0 0
893 143 96 0 0
894 144 96 0 0
895 143 96 0 0
896 144 96 0 0
897 143 96 0 0
898 144 96 0 0
899 143 96 0 0
900 144 96 0 0
901 143 96 0 0
902 144 96 0 0
903 143 96 0 0
904 144 96 0 0
905 143 96 0 0
906 144 96 0 0
907 143 96 0 0
908 144 96 0 0
909 143 96 0 0
910 144 96 0 0
911 145 96 0 0
912 144 96 0 0
913 145 96 0 0
914 144 96 0 0
915 145 96 0 0
916 144 96 0 0
917 145 96 0 0
918 144 96 0 0
919 145 96 0 0
920 144 96 0 0
921 145 96 0 0
922 144 96 0 0
923 144 97 0 0
924 145 97 0 0
925 144 97 0 0
926 145 97 0 0
927 144 97 0 0
928 145 97 0 0
929 144 97 0 0
930 145 97 0 0
931 144 97 0 0
932 145 97 0 0
933 144 97 0 0
934 145 97 0 0
935 144 97 0 0
936 145 97 0 0
937 144 97 0 0
938 145 97 0 0
939 144 97 0 0
940 145 97 0 0
941 144 97 0 0
942 145 97 0 0
943 144 97 0 0
944 145 97 0 0
945 144 97 0 0
946 145 97 0 0
947 144 97 0 0
948 145 97 0 0
949 144 97 0 0
950 145 97 0 0
951 144 97 0 0
952 145 97 0 0
953 144 97 0 0
954 145 97 0 0
955 144 97 0 0
956 145 97 0 0
957 144 97 0 0
958 145 97 0 0
959 146 97 0 0
960 145 97 0 0
961 146 97 0 0
962 145 97 0 0
963 146 97 0 0
964 145 97 0 0
965 146 97 0 0
966 145 97 0 0
967 146 97 0 0
968 145 97 0 0
969 146 97 0 0
970 145 97 0 0
971 146 97 0 0
972 145 97 0 0
973 146 97 0 0
974 145 97 0 0
975 146 97 0 0
976 145 97 0 0
977 146 97 0 0
978 145 97 0 0
979 146 97 0 0
980 145 97 0 0
981 146 97 0 0
982 145 97 0 0
983 146 97 0 0
984 145 97 0 0
985 146 97 0 0
986 145 97 0 0
987 146 97 0 0
988 145 97 0 0
989 146 97 0 0
990 145 97 0 0
991 146 97 0 0
992 145 97 0 0
993 146 97 0 0
994 145 97 0 0
995 146 97 0 0
996 145 97 0 0
997 146 97 0 0
998 145 97 0 0
999 146 97 0 0
1000 145 97 0 0
1001 146 97 0 0
1002 145 97 0 0
1003 146 97 0 0
1004 145 97 0 0
1005 146 97 0 0
1006 145 97 0 0
1007 146 97 0 0
1008 145 97 0 0
1009 146 97 0 0
1010 145 97 0 0
1011 146 97 0 0
1012 145 97 0 0
1013 146 97 0 0
1014 145 97 0 0
1015 146 97 0 0
1016 145 97 0 0
1017 146 97 0 0
1018 145 97 0 0
1019 146 97 0 0
1020 145 97 0 0
1021 146 97 0 0
1022 147 97 0 0
1023 146 97 0 0
1024 147 97 0 0
1025 146 97 0 0
1026 147 97 0 0
1027 146 97 0 0
1028 147 97 0 0
1029 146 97 0 0
1030 147 97 0 0
1031 146 97 0 0
1032 147 97 0 0
1033 146 97 0 0
1034 147 97 0 0
1035 146 97 0 0
1036 147 97 0 0
1037 146 97 0 0
1038 147 97 0 0
1039 146 97 0 0
1040 147 97 0 0
1041 146 97 0 0
1042 147 97 0 0
1043 146 97 0 0
1044 147 97 0 0
1045 146 97 0 0
1046 147 97 0 0
1047 146 97 0 0
1048 147 97 0 0
1049 146 97 0 0
1050 147 97 0 0
1051 146 97 0 0
1052 147 97 0 0
1053 146 97 0 0
1054 147 97 0 0
1055 146 97 0 0
1056 147 97 0 0
1057 146 97 0 0
1058 147 97 0 0
1059 146 97 0 0
1060 147 97 0 0
1061 146 97 0 0
1062 147 97 0 0
1063 146 97 0 0
1064 147 97 0 0
1065 146 97 0 0
1066 147 97 0 0
1067 146 97 0 0
1068 147 97 0 0
1069 148 97 0 0
1070 147 97 0 0
1071 148 97 0 0
1072 147 97 0 0
1073 148 97 0 0
1074 147 97 0 0
1075 148 97 0 0
1076 147 97 0 0
1077 148 97 0 0
1078 147 97 0 0
1079 148 97 0 0
1080 147 97 0 0
1081 148 97 0 0
1082 147 97 0 0
1083 148 97 0 0
1084 147 97 0 0
1085 148 97 0 0
1086 147 97 0 0
1087 148 97 0 0
1088 147 97 0 0
1089 148 97 0 0
1090 147 97 0 0
1091 148 97 0 0
1092 147 97 0 0
1093 148 97 0 0
1094 147 97 0 0
1095 148 97 0 0
1096 147 97 0 0
1097 148 97 0 0
1098 147 97 0 0
1099 148 97 0 0
1100 147 97 0 0
1101 148 97 0 0
1102 147 97 0 0
1103 147 98 0 0
1104 148 98 0 0
1105 147 98 0 0
1106 148 98 0 0
1107 147 98 0 0
1108 148 98 0 0
1109 147 98 0 0
1110 148 98 0 0
1111 149 98 0 0
1112 148 98 0 0
1113 149 98 0 0
1114 148 98 0 0
1115 149 98 0 0
1116 148 98 0 0
1117 149 98 0 0
1118 148 98 0 0
1119 149 98 0 0
1120 148 98 0 0
1121 149 98 0 0
1122 148 98 0 0
1123 149 98 0 0
1124 148 98 0 0
1125 149 98 0 0
1126 148 98 0 0
1127 149 98 0 0
1128 150 98 0 0
1129 149 98 0 0
1130 150 98 0 0
1131 149 98 0 0
1132 150 98 0 0
1133 149 98 0 0
1134 150 98 0 0
1135 149 98 0 0
1136 150 98 0 0
1137 149 98 0 0
1138 150 98 0 0
1139 151 98 0 0
1140 150 98 0 0
1141 151 98 0 0
1142 150 98 0 0
1143 151 98 0 0
1144 150 98 0 0
1145 151 98 0 0
1146 150 98 0 0
1147 151 98 0 0
1148 150 98 0 0
1149 151 98 0 0
1150 150 98 0 0
1151 151 98 0 0
1152 150 98 0 0
1153 151 98 0 0
1154 150 98 0 0
1155 151 98 0 0
1156 152 98 0 0
1157 151 98 0 0
1158 152 98 0 0
1159 151 98 0 0
1160 152 98 0 0
1161 151 98 0 0
1162 152 98 0 0
1163 151 98 0 0
1164 152 98 0 0
1165 151 98 0 0
1166 152 98 0 0
1167 153 98 0 0
1168 152 98 0 0
1169 153 98 0 0
1170 152 98 0 0
1171 153 98 0 0
1172 152 98 0 0
1173 153 98 0 0
1174 152 98 0 0
1175 153 98 0 0
1176 152 98 0 0
1177 153 98 0 0
1178 154 98 0 0
1179 153 98 0 0
1180 154 98 0 0
1181 153 98 0 0
1182 154 98 0 0
1183 153 98 0 0
1184 154 98 0 0
1185 153 98 0 0
1186 154 98 0 0
1187 155 98 0 0
1188 154 98 0 0
1189 155 98 0 0
1190 154 98 0 0
1191 155 98 0 0
1192 154 98 0 0
1193 155 98 0 0
1194 156 98 0 0
1195 155 98 0 0
1196 156 98 0 0
1197 155 98 0 0
1198 156 98 0 0
1199 155 98 0 0
1200 156 98 0 0
1201 155 98 0 0
1202 156 98 0 0
1203 155 98 0 0
1204 156 98 0 0
1205 157 98 0 0
1206 156 98 0 0
1207 157 98 0 0
1208 156 98 0 0
1209 157 98 0 0
1210 156 98 0 0
1211 157 98 0 0
1212 156 98 0 0
1213 157 98 0 0
1214 158 98 0 0
1215 157 98 0 0
1216 158 98 0 0
1217 157 98 0 0
1218 158 98 0 0
1219 157 98 0 0
1220 158 98 0 0
1221 159 98 0 0
1222 158 98 0 0
1223 159 98 0 0
1224 158 98 0 0
1225 159 98 0 0
1226 158 98 0 0
1227 159 98 0 0
1228 158 98 0 0
1229 159 98 0 0
1230 158 98 0 0
1231 159 98 0 0
1232 160 98 0 0
1233 159 98 0 0
1234 160 98 0 0
1235 159 98 0 0
1236 160 98 0 0
1237 159 98 0 0
1238 160 98 0 0
1239 161 98 0 0
1240 160 98 0 0
1241 161 98 0 0
1242 160 98 0 0
1243 161 98 0 0
1244 160 98 0 0
1245 161 98 0 0
1246 160 98 0 0
1247 161 98 0 0
1248 162 98 0 0
1249 161 98 0 0
1250 162 98 0 0
1251 161 98 0 0
1252 162 98 0 0
1253 161 98 0 0
1254 162 98 0 0
1255 163 98 0 0
1256 162 98 0 0
1257 163 98 0 0
1258 162 98 0 0
1259 163 98 0 0
1260 162 98 0 0
1261 163 98 0 0
1262 162 98 0 0
1263 163 98 0 0
1264 162 98 0 0
1265 163 98 0 0
1266 164 98 0 0
1267 163 98 0 0
1268 164 98 0 0
1269 163 98 0 0
1270 164 98 0 0
1271 163 98 0 0
1272 164 98 0 0
1273 163 98 0 0
1274 164 98 0 0
1275 165 98 0 0
1276 164 98 0 0
1277 165 98 0 0
1278 164 98 0 0
1279 165 98 0 0
1280 164 98 0 0
1281 165 98 0 0
1282 166 98 0 0
1283 165 98 0 0
1284 166 98 0 0
1285 165 98 0 0
1286 165 99 0 0
1287 166 99 0 0
1288 165 99 0 0
1289 166 99 0 0
1290 167 99 0 0
1291 166 99 0 0
1292 167 99 0 0
1293 166 99 0 0
1294 167 99 0 0
1295 168 99 0 0
1296 167 99 0 0
1297 168 99 0 0
1298 167 99 0 0
1299 168 99 0 0
1300 167 99 0 0
1301 168 99 0 0
1302 169 99 0 0
1303 168 99 0 0
1304 169 99 0 0
1305 168 99 0 0
1306 169 99 0 0
1307 170 99 0 0
1308 169 99 0 0
1309 170 99 0 0
1310 169 99 0 0
1311 170 99 0 0
1312 171 99 0 0
1313 170 99 0 0
1314 171 99 0 0
1315 170 99 0 0
1316 171 99 0 0
1317 170 99 0 0
1318 171 99 0 0
1319 172 99 0 0
1320 171 99 0 0
1321 172 99 0 0
1322 171 99 0 0
1323 172 99 0 0
1324 173 99 0 0
1325 172 99 0 0
1326 173 99 0 0
1327 172 99 0 0
1328 173 99 0 0
1329 174 99 0 0
1330 173 99 0 0
1331 174 99 0 0
1332 173 99 0 0
1333 174 99 0 0
1334 173 99 0 0
1335 174 99 0 0
1336 175 99 0 0
1337 174 99 0 0
1338 175 99 0 0
1339 174 99 0 0
1340 175 99 0 0
1341 176 99 0 0
1342 175 99 0 0
1343 176 99 0 0
1344 175 99 0 0
1345 176 99 0 0
1346 175 99 0 0
1347 176 99 0 0
1348 177 99 0 0
1349 176 99 0 0
1350 177 99 0 0
1351 176 99 0 0
1352 177 99 0 0
1353 178 99 0 0
1354 177 99 0 0
1355 178 99 0 0
1356 177 99 0 0
1357 178 99 0 0
1358 177 99 0 0
1359 178 99 0 0
1360 179 99 0 0
1361 178 99 0 0
1362 179 99 0 0
1363 178 99 0 0
1364 179 99 0 0
1365 180 99 0 0
1366 179 99 0 0
1367 180 99 0 0
1368 179 99 0 0
1369 180 99 0 0
1370 179 99 0 0
1371 180 99 0 0
1372 181 99 0 0
1373 180 99 0 0
1374 181 99 0 0
1375 180 99 0 0
1376 181 99 0 0
1377 180 99 0 0
1378 181 99 0 0
1379 182 99 0 0
1380 181 99 0 0
1381 182 99 0 0
1382 181 99 0 0
1383 182 99 0 0
1384 183 99 0 0
1385 182 99 0 0
1386 183 99 0 0
1387 182 99 0 0
1388 183 99 0 0
1389 182 99 0 0
1390 183 99 0 0
1391 182 99 0 0
1392 183 99 0 0
1393 184 99 0 0
1394 183 99 0 0
1395 184 99 0 0
1396 183 99 0 0
1397 184 99 0 0
1398 183 99 0 0
1399 184 99 0 0
1400 185 99 0 0
1401 184 99 0 0
1402 185 99 0 0
1403 184 99 0 0
1404 185 99 0 0
1405 186 99 0 0
1406 185 99 0 0
1407 186 99 0 0
1408 185 99 0 0
1409 186 99 0 0
1410 187 99 0 0
1411 186 99 0 0
1412 187 99 0 0
1413 186 99 0 0
1414 187 99 0 0
1415 188 99 0 0
1416 187 99 0 0
1417 188 99 0 0
1418 187 99 0 0
1419 188 99 0 0
1420 189 99 0 0
1421 188 99 0 0
1422 189 99 0 0
1423 190 99 0 0
1424 189 99 0 0
1425 190 99 0 0
1426 189 99 0 0
1427 190 99 0 0
1428 191 99 0 0
1429 190 99 0 0
1430 191 99 0 0
1431 192 99 0 0
1432 191 99 0 0
1433 192 99 0 0
1434 191 99 0 0
1435 192 99 0 0
1436 193 99 0 0
1437 192 99 0 0
1438 193 99 0 0
1439 192 99 0 0
1440 193 99 0 0
1441 194 99 0 0
1442 193 99 0 0
1443 194 99 0 0
1444 193 99 0 0
1445 194 99 0 0
1446 195 99 0 0
1447 194 99 0 0
1448 195 99 0 0
