0 3 87 0 0
1 3 88 0 0
2 4 88 0 0
3 3 88 0 0
4 4 88 0 0
5 5 88 0 0
6 6 88 0 0
7 5 88 0 0
8 6 88 0 0
9 7 88 0 0
10 6 88 0 0
11 7 88 0 0
12 8 88 0 0
13 7 88 0 0
14 8 88 0 0
15 9 88 0 0
16 8 88 0 0
17 9 88 0 0
18 10 88 0 0
19 9 88 0 0
20 10 88 0 0
21 11 88 0 0
22 10 88 0 0
23 11 88 0 0
24 12 88 0 0
25 13 88 0 0
26 12 88 0 0
27 13 88 0 0
28 12 88 0 0
29 13 88 0 0
30 14 88 0 0
31 13 88 0 0
32 14 88 0 0
33 15 88 0 0
34 16 88 0 0
35 15 88 0 0
36 16 88 0 0
37 17 88 0 0
38 16 88 0 0
39 17 88 0 0
40 16 88 0 0
41 17 88 0 0
42 18 88 0 0
43 19 88 0 0
44 18 88 0 0
45 19 88 0 0
46 20 88 0 0
47 19 88 0 0
48 20 88 0 0
49 21 88 0 0
50 20 88 0 0
51 21 88 0 0
52 21 89 0 0
53 22 89 0 0
54 21 89 0 0
55 22 89 0 0
56 23 89 0 0
57 22 89 0 0
58 23 89 0 0
59 24 89 0 0
60 23 89 0 0
61 24 89 0 0
62 25 89 0 0
63 26 89 0 0
64 25 89 0 0
65 26 89 0 0
66 25 89 0 0
67 26 89 0 0
68 27 89 0 0
69 28 89 0 0
70 27 89 0 0
71 28 89 0 0
72 29 89 0 0
73 28 89 0 0
74 29 89 0 0
75 30 89 0 0
76 29 89 0 0
77 30 89 0 0
78 31 89 0 0
79 30 89 0 0
80 31 89 0 0
81 32 89 0 0
82 31 89 0 0
83 32 89 0 0
84 33 89 0 0
85 32 89 0 0
86 33 89 0 0
87 34 89 0 0
88 33 89 0 0
89 34 89 0 0
90 35 89 0 0
91 34 89 0 0
92 35 89 0 0
93 36 89 0 0
94 35 89 0 0
95 36 89 0 0
96 37 89 0 0
97 36 89 0 0
98 37 89 0 0
99 38 89 0 0
100 39 89 0 0
101 38 89 0 0
102 39 89 0 0
103 40 89 0 0
104 39 89 0 0
105 39 90 0 0
106 40 90 0 0
107 41 90 0 0
108 40 90 0 0
109 41 90 0 0
110 42 90 0 0
111 41 90 0 0
112 42 90 0 0
113 43 90 0 0
114 42 90 0 0
115 43 90 0 0
116 44 90 0 0
117 43 90 0 0
118 44 90 0 0
119 45 90 0 0
120 44 90 0 0
121 45 90 0 0
122 46 90 0 0
123 45 90 0 0
124 46 90 0 0
125 47 90 0 0
126 48 90 0 0
127 47 90 0 0
128 48 90 0 0
129 49 90 0 0
130 48 90 0 0
131 49 90 0 0
132 48 90 0 0
133 49 90 0 0
134 50 90 0 0
135 51 90 0 0
136 50 90 0 0
137 51 90 0 0
138 52 90 0 0
139 51 90 0 0
140 52 90 0 0
141 53 90 0 0
142 52 90 0 0
143 53 90 0 0
144 54 90 0 0
145 53 90 0 0
146 54 90 0 0
147 55 90 0 0
148 54 90 0 0
149 55 90 0 0
150 56 90 0 0
151 55 90 0 0
152 55 89 0 0
153 56 89 0 0
154 57 89 0 0
155 56 89 0 0
156 57 89 0 0
157 58 89 0 0
158 59 89 0 0
159 58 89 0 0
160 59 89 0 0
161 60 89 0 0
162 59 89 0 0
163 60 89 0 0
164 61 89 0 0
165 60 89 0 0
166 61 89 0 0
167 62 89 0 0
168 61 89 0 0
169 62 89 0 0
170 63 89 0 0
171 62 89 0 0
172 63 89 0 0
173 64 89 0 0
174 63 89 0 0
175 64 89 0 0
176 65 89 0 0
177 66 89 0 0
178 65 89 0 0
179 66 89 0 0
180 65 89 0 0
181 66 89 0 0
182 67 89 0 0
183 68 89 0 0
184 67 89 0 0
185 68 89 0 0
186 69 89 0 0
187 68 89 0 0
188 69 89 0 0
189 70 89 0 0
190 69 89 0 0
191 70 89 0 0
192 71 89 0 0
193 70 89 0 0
194 70 88 0 0
195 71 88 0 0
196 72 88 0 0
197 71 88 0 0
198 72 88 0 0
199 73 88 0 0
200 72 88 0 0
201 73 88 0 0
202 72 88 0 0
203 73 88 0 0
204 74 88 0 0
205 73 88 0 0
206 74 88 0 0
207 75 88 0 0
208 74 88 0 0
209 75 88 0 0
210 76 88 0 0
211 75 88 0 0
212 76 88 0 0
213 77 88 0 0
214 76 88 0 0
215 77 88 0 0
216 78 88 0 0
217 77 88 0 0
218 78 88 0 0
219 77 88 0 0
220 78 88 0 0
221 79 88 0 0
222 78 88 0 0
223 78 87 0 0
224 79 87 0 0
225 80 87 0 0
226 79 87 0 0
227 80 87 0 0
228 81 87 0 0
229 80 87 0 0
230 81 87 0 0
231 82 87 0 0
232 81 87 0 0
233 82 87 0 0
234 81 87 0 0
235 81 86 0 0
236 82 86 0 0
237 83 86 0 0
238 82 86 0 0
239 83 86 0 0
240 82 86 0 0
241 83 86 0 0
242 83 85 0 0
243 84 85 0 0
244 83 85 0 0
245 84 85 0 0
246 85 85 0 0
247 84 85 0 0
248 85 85 0 0
249 84 85 0 0
250 84 84 0 0
251 85 84 0 0
252 86 84 0 0
253 85 84 0 0
254 86 84 0 0
255 85 84 0 0
256 85 83 0 0
257 86 83 0 0
258 87 83 0 0
259 86 83 0 0
260 87 83 0 0
261 88 83 0 0
262 87 83 0 0
263 88 83 0 0
264 87 83 0 0
265 88 83 0 0
266 88 82 0 0
267 89 82 0 0
268 88 82 0 0
269 89 82 0 0
270 90 82 0 0
271 89 82 0 0
272 89 81 0 0
273 90 81 0 0
274 89 81 0 0
275 90 81 0 0
276 91 81 0 0
277 90 81 0 0
278 91 81 0 0
279 92 81 0 0
280 91 81 0 0
281 92 81 0 0
282 93 81 0 0
283 92 81 0 0
284 93 81 0 0
285 92 81 0 0
286 93 81 0 0
287 94 81 0 0
288 93 81 0 0
289 94 81 0 0
290 95 81 0 0
291 94 81 0 0
292 95 81 0 0
293 96 81 0 0
294 95 81 0 0
295 96 81 0 0
296 97 81 0 0
297 96 81 0 0
298 97 81 0 0
299 97 80 0 0
300 98 80 0 0
301 97 80 0 0
302 98 80 0 0
303 97 80 0 0
304 98 80 0 0
305 99 80 0 0
306 98 80 0 0
307 99 80 0 0
308 100 80 0 0
309 99 80 0 0
310 100 80 0 0
311 99 80 0 0
312 100 80 0 0
313 101 80 0 0
314 100 80 0 0
315 101 80 0 0
316 102 80 0 0
317 101 80 0 0
318 101 79 0 0
319 102 79 0 0
320 103 79 0 0
321 102 79 0 0
322 103 79 0 0
323 102 79 0 0
324 103 79 0 0
325 104 79 0 0
326 103 79 0 0
327 104 79 0 0
328 105 79 0 0
329 104 79 0 0
330 105 79 0 0
331 104 79 0 0
332 105 79 0 0
333 106 79 0 0
334 105 79 0 0
335 106 79 0 0
336 106 78 0 0
337 107 78 0 0
338 106 78 0 0
339 106 79 0 0
340 107 79 0 0
341 106 79 0 0
342 107 79 0 0
343 108 79 0 0
344 107 79 0 0
345 108 79 0 0
346 107 79 0 0
347 108 79 0 0
348 109 79 0 0
349 108 79 0 0
350 109 79 0 0
351 108 79 0 0
352 108 80 0 0
353 109 80 0 0
354 110 80 0 0
355 109 80 0 0
356 110 80 0 0
357 111 80 0 0
358 110 80 0 0
359 111 80 0 0
360 110 80 0 0
361 111 80 0 0
362 112 80 0 0
363 111 80 0 0
364 111 81 0 0
365 112 81 0 0
366 111 81 0 0
367 112 81 0 0
368 113 81 0 0
369 112 81 0 0
370 113 81 0 0
371 112 81 0 0
372 112 82 0 0
373 113 82 0 0
374 114 82 0 0
375 113 82 0 0
376 114 82 0 0
377 113 82 0 0
378 114 82 0 0
379 115 82 0 0
380 114 82 0 0
381 115 82 0 0
382 114 82 0 0
383 115 82 0 0
384 115 83 0 0
385 116 83 0 0
386 115 83 0 0
387 116 83 0 0
388 115 83 0 0
389 116 83 0 0
390 117 83 0 0
391 116 83 0 0
392 117 83 0 0
393 116 83 0 0
394 117 83 0 0
395 118 83 0 0
396 117 83 0 0
397 118 83 0 0
398 117 83 0 0
399 117 84 0 0
400 118 84 0 0
401 117 84 0 0
402 118 84 0 0
403 117 84 0 0
404 118 84 0 0
405 117 84 0 0
406 118 84 0 0
407 118 85 0 0
408 119 85 0 0
409 118 85 0 0
410 119 85 0 0
411 118 85 0 0
412 119 85 0 0
413 118 85 0 0
414 119 85 0 0
415 118 85 0 0
416 118 86 0 0
417 119 86 0 0
418 120 86 0 0
419 119 86 0 0
420 120 86 0 0
421 119 86 0 0
422 120 86 0 0
423 119 86 0 0
424 119 87 0 0
425 120 87 0 0
426 121 87 0 0
427 120 87 0 0
428 121 87 0 0
429 120 87 0 0
430 121 87 0 0
431 120 87 0 0
432 120 88 0 0
433 121 88 0 0
434 120 88 0 0
435 121 88 0 0
436 122 88 0 0
437 121 88 0 0
438 122 88 0 0
439 121 88 0 0
440 121 89 0 0
441 122 89 0 0
442 121 89 0 0
443 122 89 0 0
444 121 89 0 0
445 122 89 0 0
446 121 89 0 0
447 122 89 0 0
448 122 90 0 0
449 123 90 0 0
450 122 90 0 0
451 123 90 0 0
452 122 90 0 0
453 123 90 0 0
454 122 90 0 0
455 123 90 0 0
456 123 91 0 0
457 124 91 0 0
458 123 91 0 0
459 124 91 0 0
460 123 91 0 0
461 124 91 0 0
462 123 91 0 0
463 124 91 0 0
464 123 91 0 0
465 123 92 0 0
466 124 92 0 0
467 125 92 0 0
468 124 92 0 0
469 125 92 0 0
470 124 92 0 0
471 125 92 0 0
472 124 92 0 0
473 125 92 0 0
474 124 92 0 0
475 124 93 0 0
476 125 93 0 0
477 124 93 0 0
478 125 93 0 0
479 124 93 0 0
480 125 93 0 0
481 124 93 0 0
482 123 93 0 0
483 123 94 0 0
484 124 94 0 0
485 123 94 0 0
486 124 94 0 0
487 123 94 0 0
488 124 94 0 0
489 123 94 0 0
490 124 94 0 0
491 123 94 0 0
492 123 95 0 0
493 124 95 0 0
494 123 95 0 0
495 124 95 0 0
496 123 95 0 0
497 124 95 0 0
498 123 95 0 0
499 124 95 0 0
500 123 95 0 0
501 124 95 0 0
502 123 95 0 0
503 123 96 0 0
504 124 96 0 0
505 123 96 0 0
506 124 96 0 0
507 123 96 0 0
508 124 96 0 0
509 123 96 0 0
510 124 96 0 0
511 123 96 0 0
512 123 97 0 0
513 124 97 0 0
514 123 97 0 0
515 124 97 0 0
516 123 97 0 0
517 124 97 0 0
518 123 97 0 0
519 124 97 0 0
520 123 97 0 0
521 124 97 0 0
522 123 97 0 0
523 123 98 0 0
524 124 98 0 0
525 123 98 0 0
526 124 98 0 0
527 123 98 0 0
528 124 98 0 0
529 123 98 0 0
530 124 98 0 0
531 123 98 0 0
532 123 99 0 0
533 124 99 0 0
534 123 99 0 0
535 122 99 0 0
536 123 99 0 0
537 122 99 0 0
538 123 99 0 0
539 122 99 0 0
540 122 100 0 0
541 123 100 0 0
542 122 100 0 0
543 123 100 0 0
544 122 100 0 0
545 123 100 0 0
546 122 100 0 0
547 123 100 0 0
548 122 100 0 0
549 123 100 0 0
550 122 100 0 0
551 122 101 0 0
552 123 101 0 0
553 122 101 0 0
554 123 101 0 0
555 122 101 0 0
556 123 101 0 0
557 122 101 0 0
558 123 101 0 0
559 122 101 0 0
560 122 102 0 0
561 123 102 0 0
562 122 102 0 0
563 123 102 0 0
564 122 102 0 0
565 123 102 0 0
566 122 102 0 0
567 123 102 0 0
568 122 102 0 0
569 122 103 0 0
570 123 103 0 0
571 122 103 0 0
572 123 103 0 0
573 122 103 0 0
574 121 103 0 0
575 122 103 0 0
576 121 103 0 0
577 122 103 0 0
578 121 103 0 0
579 121 104 0 0
580 122 104 0 0
581 121 104 0 0
582 122 104 0 0
583 121 104 0 0
584 122 104 0 0
585 121 104 0 0
586 122 104 0 0
587 121 104 0 0
588 121 105 0 0
589 122 105 0 0
590 121 105 0 0
591 122 105 0 0
592 121 105 0 0
593 122 105 0 0
594 121 105 0 0
595 122 105 0 0
596 121 105 0 0
597 122 105 0 0
598 121 105 0 0
599 121 106 0 0
600 122 106 0 0
601 121 106 0 0
602 122 106 0 0
603 121 106 0 0
604 122 106 0 0
605 121 106 0 0
606 121 107 0 0
607 122 107 0 0
608 121 107 0 0
609 122 107 0 0
610 121 107 0 0
611 122 107 0 0
612 121 107 0 0
613 122 107 0 0
614 121 107 0 0
615 121 108 0 0
616 122 108 0 0
617 121 108 0 0
618 122 108 0 0
619 121 108 0 0
620 122 108 0 0
621 121 108 0 0
622 120 108 0 0
623 120 109 0 0
624 121 109 0 0
625 120 109 0 0
626 121 109 0 0
627 120 109 0 0
628 121 109 0 0
629 120 109 0 0
630 121 109 0 0
631 120 109 0 0
632 120 110 0 0
633 121 110 0 0
634 120 110 0 0
635 121 110 0 0
636 120 110 0 0
637 121 110 0 0
638 120 110 0 0
639 120 111 0 0
640 121 111 0 0
641 120 111 0 0
642 121 111 0 0
643 120 111 0 0
644 121 111 0 0
645 120 111 0 0
646 121 111 0 0
647 120 111 0 0
648 120 112 0 0
649 121 112 0 0
650 120 112 0 0
651 121 112 0 0
652 120 112 0 0
653 121 112 0 0
654 120 112 0 0
655 121 112 0 0
656 120 112 0 0
657 120 113 0 0
658 121 113 0 0
659 120 113 0 0
660 121 113 0 0
661 120 113 0 0
662 121 113 0 0
663 120 113 0 0
664 121 113 0 0
665 120 113 0 0
666 120 114 0 0
667 119 114 0 0
668 120 114 0 0
669 119 114 0 0
670 120 114 0 0
671 119 114 0 0
672 120 114 0 0
673 119 114 0 0
674 119 115 0 0
675 120 115 0 0
676 119 115 0 0
677 120 115 0 0
678 119 115 0 0
679 120 115 0 0
680 119 115 0 0
681 119 116 0 0
682 120 116 0 0
683 119 116 0 0
684 120 116 0 0
685 119 116 0 0
686 120 116 0 0
687 119 116 0 0
688 120 116 0 0
689 119 116 0 0
690 119 117 0 0
691 120 117 0 0
692 119 117 0 0
693 120 117 0 0
694 119 117 0 0
695 120 117 0 0
696 119 117 0 0
697 120 117 0 0
698 119 117 0 0
699 119 118 0 0
700 118 118 0 0
701 119 118 0 0
702 118 118 0 0
703 119 118 0 0
704 118 118 0 0
705 119 118 0 0
706 118 118 0 0
707 118 119 0 0
708 119 119 0 0
709 118 119 0 0
710 119 119 0 0
711 118 119 0 0
712 119 119 0 0
713 118 119 0 0
714 118 120 0 0
715 119 120 0 0
716 118 120 0 0
717 119 120 0 0
718 118 120 0 0
719 119 120 0 0
720 118 120 0 0
721 119 120 0 0
722 118 120 0 0
723 118 121 0 0
724 119 121 0 0
725 118 121 0 0
726 119 121 0 0
727 118 121 0 0
728 119 121 0 0
729 118 121 0 0
730 118 122 0 0
731 119 122 0 0
732 118 122 0 0
733 119 122 0 0
734 118 122 0 0
735 119 122 0 0
736 118 122 0 0
737 118 123 0 0
738 119 123 0 0
739 118 123 0 0
740 119 123 0 0
741 118 123 0 0
742 119 123 0 0
743 118 123 0 0
744 119 123 0 0
745 118 123 0 0
746 118 124 0 0
747 119 124 0 0
748 118 124 0 0
749 119 124 0 0
750 118 124 0 0
751 119 124 0 0
752 118 124 0 0
753 118 125 0 0
754 119 125 0 0
755 118 125 0 0
756 119 125 0 0
757 118 125 0 0
758 119 125 0 0
759 118 125 0 0
760 119 125 0 0
761 118 125 0 0
762 118 126 0 0
763 119 126 0 0
764 118 126 0 0
765 119 126 0 0
766 118 126 0 0
767 119 126 0 0
768 118 126 0 0
769 118 127 0 0
770 119 127 0 0
771 118 127 0 0
772 119 127 0 0
773 118 127 0 0
774 119 127 0 0
775 118 127 0 0
776 118 128 0 0
777 119 128 0 0
778 118 128 0 0
779 119 128 0 0
780 118 128 0 0
781 119 128 0 0
782 118 128 0 0
783 119 128 0 0
784 118 128 0 0
785 118 129 0 0
786 119 129 0 0
787 118 129 0 0
788 119 129 0 0
789 118 129 0 0
790 119 129 0 0
791 118 129 0 0
792 118 130 0 0
793 119 130 0 0
794 118 130 0 0
795 119 130 0 0
796 118 130 0 0
797 119 130 0 0
798 118 130 0 0
799 119 130 0 0
800 118 130 0 0
801 118 131 0 0
802 119 131 0 0
803 118 131 0 0
804 119 131 0 0
805 118 131 0 0
806 119 131 0 0
807 118 131 0 0
808 118 132 0 0
809 119 132 0 0
810 118 132 0 0
811 119 132 0 0
812 118 132 0 0
813 119 132 0 0
814 118 132 0 0
815 118 133 0 0
816 119 133 0 0
817 118 133 0 0
818 117 133 0 0
819 118 133 0 0
820 117 133 0 0
821 117 134 0 0
822 118 134 0 0
823 117 134 0 0
824 118 134 0 0
825 117 134 0 0
826 118 134 0 0
827 117 134 0 0
828 118 134 0 0
829 117 134 0 0
830 117 135 0 0
831 118 135 0 0
832 117 135 0 0
833 118 135 0 0
834 117 135 0 0
835 118 135 0 0
836 117 135 0 0
837 117 136 0 0
838 118 136 0 0
839 117 136 0 0
840 118 136 0 0
841 117 136 0 0
842 118 136 0 0
843 117 136 0 0
844 117 137 0 0
845 118 137 0 0
846 117 137 0 0
847 118 137 0 0
848 117 137 0 0
849 118 137 0 0
850 117 137 0 0
851 117 138 0 0
852 118 138 0 0
853 117 138 0 0
854 118 138 0 0
855 117 138 0 0
856 118 138 0 0
857 117 138 0 0
858 118 138 0 0
859 117 138 0 0
860 117 139 0 0
861 118 139 0 0
862 117 139 0 0
863 118 139 0 0
864 117 139 0 0
865 118 139 0 0
866 117 139 0 0
867 117 140 0 0
868 118 140 0 0
869 117 140 0 0
870 118 140 0 0
871 117 140 0 0
872 118 140 0 0
873 117 140 0 0
874 117 141 0 0
875 118 141 0 0
876 117 141 0 0
877 118 141 0 0
878 117 141 0 0
879 118 141 0 0
880 117 141 0 0
881 117 142 0 0
882 118 142 0 0
883 117 142 0 0
884 116 142 0 0
885 117 142 0 0
886 116 142 0 0
887 117 142 0 0
888 116 142 0 0
889 116 143 0 0
890 117 143 0 0
891 116 143 0 0
892 117 143 0 0
893 116 143 0 0
894 117 143 0 0
895 116 143 0 0
896 116 144 0 0
897 117 144 0 0
898 116 144 0 0
899 117 144 0 0
900 116 144 0 0
901 117 144 0 0
902 116 144 0 0
903 116 145 0 0
904 117 145 0 0
905 116 145 0 0
906 117 145 0 0
907 116 145 0 0
908 117 145 0 0
909 116 145 0 0
910 116 146 0 0
911 117 146 0 0
912 116 146 0 0
913 117 146 0 0
914 116 146 0 0
915 117 146 0 0
916 116 146 0 0
917 117 146 0 0
918 116 146 0 0
919 116 147 0 0
920 117 147 0 0
921 116 147 0 0
922 117 147 0 0
923 116 147 0 0
924 117 147 0 0
925 116 147 0 0
926 116 148 0 0
927 117 148 0 0
928 116 148 0 0
929 117 148 0 0
930 116 148 0 0
931 117 148 0 0
932 116 148 0 0
933 116 149 0 0
934 117 149 0 0
935 116 149 0 0
936 117 149 0 0
937 116 149 0 0
938 117 149 0 0
939 116 149 0 0
940 117 149 0 0
941 116 149 0 0
942 116 150 0 0
943 117 150 0 0
944 116 150 0 0
945 117 150 0 0
946 116 150 0 0
947 117 150 0 0
948 116 150 0 0
949 116 151 0 0
950 117 151 0 0
951 116 151 0 0
952 117 151 0 0
953 116 151 0 0
954 117 151 0 0
955 116 151 0 0
956 116 152 0 0
957 117 152 0 0
958 116 152 0 0
959 117 152 0 0
960 116 152 0 0
961 117 152 0 0
962 116 152 0 0
963 117 152 0 0
964 116 152 0 0
965 116 153 0 0
966 117 153 0 0
967 116 153 0 0
968 117 153 0 0
969 116 153 0 0
970 117 153 0 0
971 116 153 0 0
972 116 154 0 0
973 117 154 0 0
974 116 154 0 0
975 117 154 0 0
976 116 154 0 0
977 117 154 0 0
978 116 154 0 0
979 116 155 0 0
980 117 155 0 0
981 116 155 0 0
982 117 155 0 0
983 116 155 0 0
984 117 155 0 0
985 116 155 0 0
986 117 155 0 0
987 116 155 0 0
988 116 156 0 0
989 117 156 0 0
990 116 156 0 0
991 117 156 0 0
992 116 156 0 0
993 117 156 0 0
994 116 156 0 0
995 116 157 0 0
996 117 157 0 0
997 116 157 0 0
998 117 157 0 0
999 116 157 0 0
1000 117 157 0 0
1001 116 157 0 0
1002 116 158 0 0
1003 117 158 0 0
1004 116 158 0 0
1005 117 158 0 0
1006 116 158 0 0
1007 117 158 0 0
1008 116 158 0 0
1009 116 159 0 0
1010 117 159 0 0
1011 116 159 0 0
1012 117 159 0 0
1013 116 159 0 0
1014 117 159 0 0
1015 116 159 0 0
1016 116 160 0 0
1017 117 160 0 0
1018 116 160 0 0
1019 117 160 0 0
1020 116 160 0 0
1021 117 160 0 0
1022 116 160 0 0
1023 116 161 0 0
1024 117 161 0 0
1025 116 161 0 0
1026 117 161 0 0
1027 116 161 0 0
1028 117 161 0 0
1029 116 161 0 0
1030 116 162 0 0
1031 117 162 0 0
1032 116 162 0 0
1033 117 162 0 0
1034 116 162 0 0
1035 117 162 0 0
1036 116 162 0 0
1037 117 162 0 0
1038 116 162 0 0
1039 116 163 0 0
1040 117 163 0 0
1041 116 163 0 0
1042 117 163 0 0
1043 116 163 0 0
1044 117 163 0 0
1045 116 163 0 0
1046 116 164 0 0
1047 117 164 0 0
1048 116 164 0 0
1049 117 164 0 0
1050 116 164 0 0
1051 117 164 0 0
1052 116 164 0 0
1053 116 165 0 0
1054 117 165 0 0
1055 116 165 0 0
1056 117 165 0 0
1057 116 165 0 0
1058 117 165 0 0
1059 116 165 0 0
1060 116 166 0 0
1061 117 166 0 0
1062 116 166 0 0
1063 117 166 0 0
1064 116 166 0 0
1065 117 166 0 0
1066 116 166 0 0
1067 116 167 0 0
1068 117 167 0 0
1069 116 167 0 0
1070 115 167 0 0
1071 116 167 0 0
1072 115 167 0 0
1073 115 168 0 0
1074 116 168 0 0
1075 115 168 0 0
1076 116 168 0 0
1077 115 168 0 0
1078 116 168 0 0
1079 115 168 0 0
1080 115 169 0 0
1081 116 169 0 0
1082 115 169 0 0
1083 116 169 0 0
1084 115 169 0 0
1085 116 169 0 0
1086 115 169 0 0
1087 115 170 0 0
1088 116 170 0 0
1089 115 170 0 0
1090 116 170 0 0
1091 115 170 0 0
1092 116 170 0 0
1093 115 170 0 0
1094 115 171 0 0
1095 116 171 0 0
1096 115 171 0 0
1097 116 171 0 0
1098 115 171 0 0
1099 116 171 0 0
1100 115 171 0 0
1101 116 171 0 0
1102 115 171 0 0
1103 115 172 0 0
1104 116 172 0 0
1105 115 172 0 0
1106 116 172 0 0
1107 115 172 0 0
1108 116 172 0 0
1109 115 172 0 0
1110 115 173 0 0
1111 116 173 0 0
1112 115 173 0 0
1113 116 173 0 0
1114 115 173 0 0
1115 116 173 0 0
1116 115 173 0 0
1117 115 174 0 0
1118 116 174 0 0
1119 115 174 0 0
1120 116 174 0 0
1121 115 174 0 0
1122 116 174 0 0
1123 115 174 0 0
1124 115 175 0 0
1125 116 175 0 0
1126 115 175 0 0
1127 116 175 0 0
1128 115 175 0 0
1129 116 175 0 0
1130 115 175 0 0
1131 115 176 0 0
1132 116 176 0 0
1133 117 176 0 0
1134 116 176 0 0
1135 117 176 0 0
1136 116 176 0 0
1137 117 176 0 0
1138 116 176 0 0
1139 116 177 0 0
1140 117 177 0 0
1141 116 177 0 0
1142 117 177 0 0
1143 116 177 0 0
1144 117 177 0 0
1145 116 177 0 0
1146 116 178 0 0
1147 117 178 0 0
1148 116 178 0 0
1149 117 178 0 0
1150 116 178 0 0
1151 117 178 0 0
1152 116 178 0 0
1153 116 179 0 0
1154 117 179 0 0
1155 116 179 0 0
1156 117 179 0 0
1157 116 179 0 0
1158 117 179 0 0
1159 116 179 0 0
1160 116 180 0 0
1161 117 180 0 0
1162 116 180 0 0
1163 117 180 0 0
1164 116 180 0 0
1165 117 180 0 0
1166 116 180 0 0
1167 117 180 0 0
1168 116 180 0 0
1169 116 181 0 0
1170 117 181 0 0
1171 116 181 0 0
1172 117 181 0 0
1173 116 181 0 0
1174 117 181 0 0
1175 116 181 0 0
1176 116 182 0 0
1177 117 182 0 0
1178 116 182 0 0
1179 117 182 0 0
1180 116 182 0 0
1181 117 182 0 0
1182 116 182 0 0
1183 116 183 0 0
1184 117 183 0 0
1185 116 183 0 0
1186 117 183 0 0
1187 116 183 0 0
1188 117 183 0 0
1189 116 183 0 0
1190 116 184 0 0
1191 117 184 0 0
1192 116 184 0 0
1193 117 184 0 0
1194 116 184 0 0
1195 117 184 0 0
1196 116 184 0 0
1197 117 184 0 0
1198 116 184 0 0
1199 116 185 0 0
1200 117 185 0 0
1201 116 185 0 0
1202 117 185 0 0
1203 116 185 0 0
1204 116 186 0 0
1205 117 186 0 0
1206 116 186 0 0
1207 117 186 0 0
1208 118 186 0 0
1209 117 186 0 0
1210 117 187 0 0
1211 118 187 0 0
1212 117 187 0 0
1213 118 187 0 0
1214 117 187 0 0
1215 118 187 0 0
1216 117 187 0 0
1217 117 188 0 0
1218 118 188 0 0
1219 117 188 0 0
1220 118 188 0 0
1221 117 188 0 0
1222 118 188 0 0
1223 117 188 0 0
1224 117 189 0 0
1225 118 189 0 0
1226 117 189 0 0
1227 118 189 0 0
1228 117 189 0 0
1229 118 189 0 0
1230 117 189 0 0
1231 117 190 0 0
1232 118 190 0 0
1233 117 190 0 0
1234 118 190 0 0
1235 117 190 0 0
1236 118 190 0 0
1237 117 190 0 0
1238 118 190 0 0
1239 117 190 0 0
1240 118 190 0 0
1241 117 190 0 0
1242 117 191 0 0
1243 118 191 0 0
1244 119 191 0 0
1245 118 191 0 0
1246 119 191 0 0
1247 118 191 0 0
1248 118 192 0 0
1249 119 192 0 0
1250 118 192 0 0
1251 118 193 0 0
1252 119 193 0 0
1253 118 193 0 0
1254 119 193 0 0
1255 118 193 0 0
1256 119 193 0 0
1257 118 193 0 0
1258 118 194 0 0
1259 119 194 0 0
1260 118 194 0 0
1261 119 194 0 0
1262 118 194 0 0
1263 119 194 0 0
1264 118 194 0 0
1265 119 194 0 0
1266 118 194 0 0
1267 118 195 0 0
1268 119 195 0 0
1269 118 195 0 0
1270 119 195 0 0
1271 118 195 0 0
1272 119 195 0 0
1273 118 195 0 0
1274 118 196 0 0
1275 119 196 0 0
1276 118 196 0 0
1277 119 196 0 0
1278 118 196 0 0
1279 119 196 0 0
1280 118 196 0 0
1281 119 196 0 0
1282 118 196 0 0
1283 118 197 0 0
1284 119 197 0 0
1285 118 197 0 0
1286 119 197 0 0
1287 118 197 0 0
1288 119 197 0 0
1289 120 197 0 0
1290 119 197 0 0
1291 119 198 0 0
1292 120 198 0 0
1293 119 198 0 0
1294 120 198 0 0
1295 119 198 0 0
1296 120 198 0 0
1297 119 198 0 0
1298 119 199 0 0
1299 120 199 0 0
1300 119 199 0 0
1301 120 199 0 0
1302 119 199 0 0
1303 120 199 0 0
1304 119 199 0 0
1305 119 200 0 0
1306 120 200 0 0
1307 119 200 0 0
1308 120 200 0 0
1309 119 200 0 0
1310 120 200 0 0
1311 119 200 0 0
1312 119 201 0 0
1313 120 201 0 0
1314 119 201 0 0
1315 120 201 0 0
1316 119 201 0 0
1317 120 201 0 0
1318 119 201 0 0
1319 119 202 0 0
1320 120 202 0 0
1321 119 202 0 0
1322 120 202 0 0
1323 119 202 0 0
1324 120 202 0 0
1325 119 202 0 0
1326 119 203 0 0
1327 120 203 0 0
1328 119 203 0 0
1329 120 203 0 0
1330 119 203 0 0
1331 120 203 0 0
1332 119 203 0 0
1333 120 203 0 0
1334 119 203 0 0
1335 119 204 0 0
1336 120 204 0 0
1337 121 204 0 0
1338 120 204 0 0
1339 121 204 0 0
1340 120 204 0 0
1341 120 205 0 0
1342 121 205 0 0
1343 120 205 0 0
1344 121 205 0 0
1345 120 205 0 0
1346 121 205 0 0
1347 120 205 0 0
1348 120 206 0 0
1349 121 206 0 0
1350 120 206 0 0
1351 121 206 0 0
1352 120 206 0 0
1353 121 206 0 0
1354 120 206 0 0
1355 120 207 0 0
1356 121 207 0 0
1357 120 207 0 0
1358 121 207 0 0
1359 120 207 0 0
1360 120 208 0 0
1361 121 208 0 0
1362 120 208 0 0
1363 121 208 0 0
1364 120 208 0 0
1365 121 208 0 0
1366 120 208 0 0
1367 120 209 0 0
1368 121 209 0 0
1369 120 209 0 0
1370 121 209 0 0
1371 120 209 0 0
1372 121 209 0 0
1373 120 209 0 0
1374 120 210 0 0
1375 121 210 0 0
1376 120 210 0 0
1377 121 210 0 0
1378 120 210 0 0
1379 121 210 0 0
1380 120 210 0 0
1381 120 211 0 0
1382 121 211 0 0
1383 120 211 0 0
1384 121 211 0 0
1385 120 211 0 0
1386 120 212 0 0
1387 121 212 0 0
1388 120 212 0 0
1389 121 212 0 0
1390 120 212 0 0
1391 121 212 0 0
1392 120 212 0 0
1393 120 213 0 0
1394 121 213 0 0
1395 120 213 0 0
1396 121 213 0 0
1397 120 213 0 0
1398 121 213 0 0
1399 120 213 0 0
1400 120 214 0 0
1401 121 214 0 0
1402 120 214 0 0
1403 121 214 0 0
1404 120 214 0 0
1405 121 214 0 0
1406 120 214 0 0
1407 120 215 0 0
1408 121 215 0 0
1409 120 215 0 0
1410 121 215 0 0
1411 120 215 0 0
1412 120 216 0 0
1413 121 216 0 0
1414 120 216 0 0
1415 121 216 0 0
1416 120 216 0 0
1417 121 216 0 0
1418 120 216 0 0
1419 120 217 0 0
1420 121 217 0 0
1421 120 217 0 0
1422 121 217 0 0
1423 120 217 0 0
1424 121 217 0 0
1425 120 217 0 0
1426 120 218 0 0
1427 121 218 0 0
1428 120 218 0 0
1429 121 218 0 0
1430 120 218 0 0
1431 121 218 0 0
1432 120 218 0 0
1433 120 219 0 0
1434 121 219 0 0
1435 120 219 0 0
1436 121 219 0 0
1437 120 219 0 0
1438 121 219 0 0
1439 120 219 0 0
1440 120 220 0 0
1441 121 220 0 0
1442 120 220 0 0
1443 121 220 0 0
1444 120 220 0 0
1445 120 221 0 0
1446 121 221 0 0
1447 120 221 0 0
1448 121 221 0 0
1449 122 221 0 0
1450 121 221 0 0
1451 121 222 0 0
1452 122 222 0 0
1453 121 222 0 0
1454 122 222 0 0
1455 121 222 0 0
1456 121 223 0 0
1457 122 223 0 0
1458 121 223 0 0
1459 122 223 0 0
1460 121 223 0 0
1461 122 223 0 0
1462 121 223 0 0
1463 121 224 0 0
1464 122 224 0 0
1465 121 224 0 0
1466 122 224 0 0
1467 121 224 0 0
1468 121 225 0 0
1469 122 225 0 0
1470 121 225 0 0
1471 122 225 0 0
1472 121 225 0 0
1473 122 225 0 0
1474 121 225 0 0
1475 121 226 0 0
1476 122 226 0 0
1477 121 226 0 0
1478 122 226 0 0
1479 121 226 0 0
1480 121 227 0 0
1481 122 227 0 0
1482 121 227 0 0
1483 122 227 0 0
1484 121 227 0 0
1485 122 227 0 0
1486 121 227 0 0
1487 121 228 0 0
1488 122 228 0 0
1489 121 228 0 0
1490 122 228 0 0
1491 121 228 0 0
1492 122 228 0 0
1493 121 228 0 0
1494 121 229 0 0
1495 122 229 0 0
1496 121 229 0 0
1497 122 229 0 0
1498 121 229 0 0
1499 122 229 0 0
