0 1 98 0 0
1 2 98 0 0
2 1 98 0 0
3 2 98 0 0
4 1 98 0 0
5 2 98 0 0
6 3 98 0 0
7 2 98 0 0
8 3 98 0 0
9 2 98 0 0
10 3 98 0 0
11 4 98 0 0
12 3 98 0 0
13 4 98 0 0
14 3 98 0 0
15 4 98 0 0
16 5 98 0 0
17 4 98 0 0
18 5 98 0 0
19 6 98 0 0
20 5 98 0 0
21 6 98 0 0
22 5 98 0 0
23 6 98 0 0
24 7 98 0 0
25 6 98 0 0
26 7 98 0 0
27 6 98 0 0
28 7 98 0 0
29 8 98 0 0
30 7 98 0 0
31 8 98 0 0
32 7 98 0 0
33 8 98 0 0
34 9 98 0 0
35 8 98 0 0
36 9 98 0 0
37 8 98 0 0
38 9 98 0 0
39 10 98 0 0
40 9 98 0 0
41 10 98 0 0
42 11 98 0 0
43 10 98 0 0
44 11 98 0 0
45 10 98 0 0
46 11 98 0 0
47 12 98 0 0
48 11 98 0 0
49 12 98 0 0
50 11 98 0 0
51 12 98 0 0
52 13 98 0 0
53 12 98 0 0
54 13 98 0 0
55 12 98 0 0
56 13 98 0 0
57 14 98 0 0
58 13 98 0 0
59 14 98 0 0
60 13 98 0 0
61 14 98 0 0
62 15 98 0 0
63 14 98 0 0
64 15 98 0 0
65 16 98 0 0
66 15 98 0 0
67 16 98 0 0
68 15 98 0 0
69 16 98 0 0
70 17 98 0 0
71 16 98 0 0
72 17 98 0 0
73 16 98 0 0
74 17 98 0 0
75 17 97 0 0
76 18 97 0 0
77 17 97 0 0
78 17 98 0 0
79 18 98 0 0
80 17 98 0 0
81 18 98 0 0
82 19 98 0 0
83 18 98 0 0
84 19 98 0 0
85 18 98 0 0
86 19 98 0 0
87 20 98 0 0
88 19 98 0 0
89 20 98 0 0
90 19 98 0 0
91 20 98 0 0
92 21 98 0 0
93 20 98 0 0
94 21 98 0 0
95 20 98 0 0
96 20 99 0 0
97 21 99 0 0
98 22 99 0 0
99 21 99 0 0
100 22 99 0 0
101 23 99 0 0
102 22 99 0 0
103 23 99 0 0
104 22 99 0 0
105 23 99 0 0
106 24 99 0 0
107 23 99 0 0
108 24 99 0 0
109 23 99 0 0
110 24 99 0 0
111 23 99 0 0
112 24 99 0 0
113 25 99 0 0
114 24 99 0 0
115 25 99 0 0
116 26 99 0 0
117 25 99 0 0
118 26 99 0 0
119 25 99 0 0
120 26 99 0 0
121 27 99 0 0
122 26 99 0 0
123 27 99 0 0
124 26 99 0 0
125 27 99 0 0
126 28 99 0 0
127 27 99 0 0
128 28 99 0 0
129 28 98 0 0
130 29 98 0 0
131 28 98 0 0
132 29 98 0 0
133 30 98 0 0
134 29 98 0 0
135 30 98 0 0
136 29 98 0 0
137 30 98 0 0
138 31 98 0 0
139 30 98 0 0
140 31 98 0 0
141 32 98 0 0
142 31 98 0 0
143 32 98 0 0
144 32 97 0 0
145 33 97 0 0
146 32 97 0 0
147 32 98 0 0
148 33 98 0 0
149 32 98 0 0
150 33 98 0 0
151 34 98 0 0
152 33 98 0 0
153 34 98 0 0
154 33 98 0 0
155 34 98 0 0
156 35 98 0 0
157 34 98 0 0
158 35 98 0 0
159 36 98 0 0
160 35 98 0 0
161 36 98 0 0
162 35 98 0 0
163 36 98 0 0
164 37 98 0 0
165 36 98 0 0
166 37 98 0 0
167 38 98 0 0
168 37 98 0 0
169 38 98 0 0
170 37 98 0 0
171 38 98 0 0
172 38 99 0 0
173 39 99 0 0
174 38 99 0 0
175 39 99 0 0
176 38 99 0 0
177 39 99 0 0
178 40 99 0 0
179 39 99 0 0
180 40 99 0 0
181 41 99 0 0
182 40 99 0 0
183 41 99 0 0
184 40 99 0 0
185 41 99 0 0
186 42 99 0 0
187 41 99 0 0
188 42 99 0 0
189 41 99 0 0
190 42 99 0 0
191 43 99 0 0
192 42 99 0 0
193 43 99 0 0
194 42 99 0 0
195 43 99 0 0
196 42 99 0 0
197 43 99 0 0
198 44 99 0 0
199 43 99 0 0
200 44 99 0 0
201 43 99 0 0
202 44 99 0 0
203 45 99 0 0
204 44 99 0 0
205 45 99 0 0
206 44 99 0 0
207 45 99 0 0
208 46 99 0 0
209 45 99 0 0
210 46 99 0 0
211 45 99 0 0
212 46 99 0 0
213 47 99 0 0
214 46 99 0 0
215 47 99 0 0
216 46 99 0 0
217 47 99 0 0
218 48 99 0 0
219 47 99 0 0
220 48 99 0 0
221 47 99 0 0
222 48 99 0 0
223 49 99 0 0
224 48 99 0 0
225 49 99 0 0
226 48 99 0 0
227 49 99 0 0
228 50 99 0 0
229 49 99 0 0
230 50 99 0 0
231 51 99 0 0
232 50 99 0 0
233 51 99 0 0
234 50 99 0 0
235 51 99 0 0
236 52 99 0 0
237 51 99 0 0
238 52 99 0 0
239 53 99 0 0
240 52 99 0 0
241 53 99 0 0
242 54 99 0 0
243 53 99 0 0
244 54 99 0 0
245 53 99 0 0
246 54 99 0 0
247 55 99 0 0
248 54 99 0 0
249 55 99 0 0
250 56 99 0 0
251 55 99 0 0
252 56 99 0 0
253 55 99 0 0
254 55 98 0 0
255 56 98 0 0
256 57 98 0 0
257 56 98 0 0
258 57 98 0 0
259 56 98 0 0
260 57 98 0 0
261 56 98 0 0
262 57 98 0 0
263 58 98 0 0
264 57 98 0 0
265 58 98 0 0
266 59 98 0 0
267 58 98 0 0
268 59 98 0 0
269 58 98 0 0
270 59 98 0 0
271 58 98 0 0
272 59 98 0 0
273 60 98 0 0
274 59 98 0 0
275 60 98 0 0
276 61 98 0 0
277 60 98 0 0
278 61 98 0 0
279 60 98 0 0
280 61 98 0 0
281 62 98 0 0
282 61 98 0 0
283 62 98 0 0
284 61 98 0 0
285 62 98 0 0
286 63 98 0 0
287 62 98 0 0
288 63 98 0 0
289 62 98 0 0
290 62 97 0 0
291 63 97 0 0
292 62 97 0 0
293 63 97 0 0
294 64 97 0 0
295 63 97 0 0
296 64 97 0 0
297 63 97 0 0
298 64 97 0 0
299 63 97 0 0
300 64 97 0 0
301 65 97 0 0
302 64 97 0 0
303 65 97 0 0
304 64 97 0 0
305 65 97 0 0
306 64 97 0 0
307 65 97 0 0
308 66 97 0 0
309 65 97 0 0
310 66 97 0 0
311 65 97 0 0
312 66 97 0 0
313 65 97 0 0
314 66 97 0 0
315 65 97 0 0
316 66 97 0 0
317 67 97 0 0
318 66 97 0 0
319 66 96 0 0
320 67 96 0 0
321 66 96 0 0
322 67 96 0 0
323 68 96 0 0
324 67 96 0 0
325 68 96 0 0
326 67 96 0 0
327 68 96 0 0
328 67 96 0 0
329 68 96 0 0
330 67 96 0 0
331 68 96 0 0
332 69 96 0 0
333 68 96 0 0
334 69 96 0 0
335 68 96 0 0
336 69 96 0 0
337 68 96 0 0
338 69 96 0 0
339 68 96 0 0
340 69 96 0 0
341 70 96 0 0
342 69 96 0 0
343 70 96 0 0
344 69 96 0 0
345 70 96 0 0
346 70 95 0 0
347 71 95 0 0
348 70 95 0 0
349 71 95 0 0
350 70 95 0 0
351 71 95 0 0
352 70 95 0 0
353 71 95 0 0
354 72 95 0 0
355 71 95 0 0
356 72 95 0 0
357 71 95 0 0
358 72 95 0 0
359 73 95 0 0
360 72 95 0 0
361 73 95 0 0
362 72 95 0 0
363 73 95 0 0
364 72 95 0 0
365 73 95 0 0
366 74 95 0 0
367 73 95 0 0
368 74 95 0 0
369 73 95 0 0
370 74 95 0 0
371 73 95 0 0
372 74 95 0 0
373 74 94 0 0
374 75 94 0 0
375 74 94 0 0
376 75 94 0 0
377 74 94 0 0
378 75 94 0 0
379 76 94 0 0
380 75 94 0 0
381 76 94 0 0
382 75 94 0 0
383 76 94 0 0
384 75 94 0 0
385 76 94 0 0
386 77 94 0 0
387 76 94 0 0
388 77 94 0 0
389 76 94 0 0
390 77 94 0 0
391 76 94 0 0
392 77 94 0 0
393 78 94 0 0
394 77 94 0 0
395 78 94 0 0
396 77 94 0 0
397 78 94 0 0
398 79 94 0 0
399 78 94 0 0
400 78 93 0 0
401 79 93 0 0
402 78 93 0 0
403 79 93 0 0
404 78 93 0 0
405 79 93 0 0
406 80 93 0 0
407 79 93 0 0
408 80 93 0 0
409 79 93 0 0
410 80 93 0 0
411 81 93 0 0
412 80 93 0 0
413 81 93 0 0
414 80 93 0 0
415 81 93 0 0
416 80 93 0 0
417 81 93 0 0
418 80 93 0 0
419 81 93 0 0
420 82 93 0 0
421 81 93 0 0
422 82 93 0 0
423 81 93 0 0
424 81 92 0 0
425 82 92 0 0
426 83 92 0 0
427 82 92 0 0
428 83 92 0 0
429 82 92 0 0
430 83 92 0 0
431 82 92 0 0
432 83 92 0 0
433 82 92 0 0
434 83 92 0 0
435 84 92 0 0
436 83 92 0 0
437 84 92 0 0
438 83 92 0 0
439 84 92 0 0
440 83 92 0 0
441 84 92 0 0
442 83 92 0 0
443 83 91 0 0
444 84 91 0 0
445 85 91 0 0
446 84 91 0 0
447 85 91 0 0
448 84 91 0 0
449 85 91 0 0
450 86 91 0 0
451 85 91 0 0
452 86 91 0 0
453 85 91 0 0
454 86 91 0 0
455 85 91 0 0
456 86 91 0 0
457 85 91 0 0
458 86 91 0 0
459 87 91 0 0
460 86 91 0 0
461 87 91 0 0
462 86 91 0 0
463 86 90 0 0
464 87 90 0 0
465 88 90 0 0
466 87 90 0 0
467 88 90 0 0
468 87 90 0 0
469 88 90 0 0
470 87 90 0 0
471 88 90 0 0
472 87 90 0 0
473 88 90 0 0
474 89 90 0 0
475 88 90 0 0
476 89 90 0 0
477 88 90 0 0
478 89 90 0 0
479 88 90 0 0
480 89 90 0 0
481 89 89 0 0
482 90 89 0 0
483 89 89 0 0
484 90 89 0 0
485 89 89 0 0
486 90 89 0 0
487 91 89 0 0
488 90 89 0 0
489 91 89 0 0
490 90 89 0 0
491 91 89 0 0
492 90 89 0 0
493 91 89 0 0
494 92 89 0 0
495 91 89 0 0
496 92 89 0 0
497 91 89 0 0
498 92 89 0 0
499 93 89 0 0
500 92 89 0 0
501 93 89 0 0
502 92 89 0 0
503 93 89 0 0
504 92 89 0 0
505 93 89 0 0
506 94 89 0 0
507 93 89 0 0
508 93 88 0 0
509 94 88 0 0
510 93 88 0 0
511 94 88 0 0
512 95 88 0 0
513 94 88 0 0
514 95 88 0 0
515 94 88 0 0
516 95 88 0 0
517 96 88 0 0
518 95 88 0 0
519 96 88 0 0
520 95 88 0 0
521 96 88 0 0
522 95 88 0 0
523 96 88 0 0
524 97 88 0 0
525 96 88 0 0
526 97 88 0 0
527 96 88 0 0
528 97 88 0 0
529 96 88 0 0
530 97 88 0 0
531 98 88 0 0
532 97 88 0 0
533 98 88 0 0
534 98 87 0 0
535 99 87 0 0
536 98 87 0 0
537 98 88 0 0
538 99 88 0 0
539 98 88 0 0
540 99 88 0 0
541 98 88 0 0
542 99 88 0 0
543 100 88 0 0
544 99 88 0 0
545 100 88 0 0
546 99 88 0 0
547 100 88 0 0
548 101 88 0 0
549 100 88 0 0
550 101 88 0 0
551 100 88 0 0
552 101 88 0 0
553 100 88 0 0
554 101 88 0 0
555 102 88 0 0
556 101 88 0 0
557 102 88 0 0
558 101 88 0 0
559 102 88 0 0
560 103 88 0 0
561 102 88 0 0
562 102 89 0 0
563 103 89 0 0
564 102 89 0 0
565 103 89 0 0
566 102 89 0 0
567 103 89 0 0
568 104 89 0 0
569 103 89 0 0
570 104 89 0 0
571 103 89 0 0
572 104 89 0 0
573 105 89 0 0
574 104 89 0 0
575 105 89 0 0
576 104 89 0 0
577 105 89 0 0
578 106 89 0 0
579 105 89 0 0
580 106 89 0 0
581 105 89 0 0
582 106 89 0 0
583 105 89 0 0
584 106 89 0 0
585 107 89 0 0
586 106 89 0 0
587 106 90 0 0
588 107 90 0 0
589 106 90 0 0
590 107 90 0 0
591 108 90 0 0
592 107 90 0 0
593 108 90 0 0
594 107 90 0 0
595 108 90 0 0
596 107 90 0 0
597 108 90 0 0
598 109 90 0 0
599 108 90 0 0
600 109 90 0 0
601 108 90 0 0
602 109 90 0 0
603 108 90 0 0
604 108 91 0 0
605 109 91 0 0
606 108 91 0 0
607 109 91 0 0
608 108 91 0 0
609 109 91 0 0
610 108 91 0 0
611 109 91 0 0
612 108 91 0 0
613 108 92 0 0
614 109 92 0 0
615 110 92 0 0
616 109 92 0 0
617 110 92 0 0
618 109 92 0 0
619 110 92 0 0
620 109 92 0 0
621 109 93 0 0
622 110 93 0 0
623 109 93 0 0
624 110 93 0 0
625 109 93 0 0
626 110 93 0 0
627 109 93 0 0
628 110 93 0 0
629 110 94 0 0
630 111 94 0 0
631 110 94 0 0
632 111 94 0 0
633 110 94 0 0
634 111 94 0 0
635 110 94 0 0
636 111 94 0 0
637 110 94 0 0
638 110 95 0 0
639 111 95 0 0
640 110 95 0 0
641 111 95 0 0
642 110 95 0 0
643 111 95 0 0
644 110 95 0 0
645 111 95 0 0
646 110 95 0 0
647 110 96 0 0
648 111 96 0 0
649 112 96 0 0
650 111 96 0 0
651 112 96 0 0
652 111 96 0 0
653 112 96 0 0
654 111 96 0 0
655 111 97 0 0
656 112 97 0 0
657 111 97 0 0
658 112 97 0 0
659 111 97 0 0
660 112 97 0 0
661 111 97 0 0
662 112 97 0 0
663 112 98 0 0
664 113 98 0 0
665 112 98 0 0
666 113 98 0 0
667 112 98 0 0
668 113 98 0 0
669 112 98 0 0
670 113 98 0 0
671 112 98 0 0
672 112 99 0 0
673 113 99 0 0
674 112 99 0 0
675 113 99 0 0
676 112 99 0 0
677 113 99 0 0
678 112 99 0 0
679 113 99 0 0
680 112 99 0 0
681 112 100 0 0
682 113 100 0 0
683 114 100 0 0
684 113 100 0 0
685 114 100 0 0
686 113 100 0 0
687 113 101 0 0
688 114 101 0 0
689 113 101 0 0
690 114 101 0 0
691 113 101 0 0
692 114 101 0 0
693 113 101 0 0
694 114 101 0 0
695 113 101 0 0
696 113 102 0 0
697 114 102 0 0
698 113 102 0 0
699 114 102 0 0
700 113 102 0 0
701 114 102 0 0
702 113 102 0 0
703 113 103 0 0
704 114 103 0 0
705 113 103 0 0
706 114 103 0 0
707 113 103 0 0
708 114 103 0 0
709 113 103 0 0
710 113 104 0 0
711 114 104 0 0
712 113 104 0 0
713 114 104 0 0
714 113 104 0 0
715 114 104 0 0
716 113 104 0 0
717 114 104 0 0
718 113 104 0 0
719 113 105 0 0
720 114 105 0 0
721 113 105 0 0
722 114 105 0 0
723 115 105 0 0
724 114 105 0 0
725 114 106 0 0
726 115 106 0 0
727 114 106 0 0
728 115 106 0 0
729 114 106 0 0
730 115 106 0 0
731 114 106 0 0
732 114 107 0 0
733 115 107 0 0
734 114 107 0 0
735 115 107 0 0
736 114 107 0 0
737 115 107 0 0
738 114 107 0 0
739 115 107 0 0
740 114 107 0 0
741 114 108 0 0
742 115 108 0 0
743 114 108 0 0
744 115 108 0 0
745 114 108 0 0
746 115 108 0 0
747 114 108 0 0
748 114 109 0 0
749 115 109 0 0
750 114 109 0 0
751 115 109 0 0
752 116 109 0 0
753 115 109 0 0
754 115 110 0 0
755 116 110 0 0
756 115 110 0 0
757 116 110 0 0
758 115 110 0 0
759 116 110 0 0
760 115 110 0 0
761 116 110 0 0
762 115 110 0 0
763 115 111 0 0
764 116 111 0 0
765 115 111 0 0
766 116 111 0 0
767 115 111 0 0
768 116 111 0 0
769 115 111 0 0
770 115 112 0 0
771 116 112 0 0
772 115 112 0 0
773 116 112 0 0
774 115 112 0 0
775 116 112 0 0
776 115 112 0 0
777 115 113 0 0
778 116 113 0 0
779 115 113 0 0
780 116 113 0 0
781 115 113 0 0
782 116 113 0 0
783 115 113 0 0
784 115 114 0 0
785 116 114 0 0
786 115 114 0 0
787 116 114 0 0
788 115 114 0 0
789 116 114 0 0
790 115 114 0 0
791 116 114 0 0
792 115 114 0 0
793 115 115 0 0
794 116 115 0 0
795 115 115 0 0
796 116 115 0 0
797 115 115 0 0
798 116 115 0 0
799 115 115 0 0
800 115 116 0 0
801 116 116 0 0
802 115 116 0 0
803 116 116 0 0
804 115 116 0 0
805 116 116 0 0
806 115 116 0 0
807 115 117 0 0
808 116 117 0 0
809 115 117 0 0
810 116 117 0 0
811 115 117 0 0
812 116 117 0 0
813 115 117 0 0
814 116 117 0 0
815 115 117 0 0
816 115 118 0 0
817 116 118 0 0
818 115 118 0 0
819 116 118 0 0
820 115 118 0 0
821 116 118 0 0
822 115 118 0 0
823 116 118 0 0
824 115 118 0 0
825 115 119 0 0
826 116 119 0 0
827 115 119 0 0
828 116 119 0 0
829 115 119 0 0
830 116 119 0 0
831 115 119 0 0
832 116 119 0 0
833 115 119 0 0
834 115 120 0 0
835 116 120 0 0
836 115 120 0 0
837 116 120 0 0
838 115 120 0 0
839 116 120 0 0
840 115 120 0 0
841 116 120 0 0
842 115 120 0 0
843 115 121 0 0
844 116 121 0 0
845 115 121 0 0
846 116 121 0 0
847 115 121 0 0
848 116 121 0 0
849 115 121 0 0
850 116 121 0 0
851 115 121 0 0
852 115 122 0 0
853 116 122 0 0
854 115 122 0 0
855 116 122 0 0
856 115 122 0 0
857 116 122 0 0
858 115 122 0 0
859 115 123 0 0
860 116 123 0 0
861 115 123 0 0
862 116 123 0 0
863 115 123 0 0
864 116 123 0 0
865 115 123 0 0
866 116 123 0 0
867 115 123 0 0
868 115 124 0 0
869 116 124 0 0
870 115 124 0 0
871 116 124 0 0
872 115 124 0 0
873 116 124 0 0
874 115 124 0 0
875 115 125 0 0
876 116 125 0 0
877 115 125 0 0
878 116 125 0 0
879 115 125 0 0
880 116 125 0 0
881 115 125 0 0
882 116 125 0 0
883 115 125 0 0
884 115 126 0 0
885 116 126 0 0
886 115 126 0 0
887 116 126 0 0
888 115 126 0 0
889 116 126 0 0
890 115 126 0 0
891 115 127 0 0
892 116 127 0 0
893 115 127 0 0
894 116 127 0 0
895 115 127 0 0
896 116 127 0 0
897 115 127 0 0
898 116 127 0 0
899 115 127 0 0
900 115 128 0 0
901 116 128 0 0
902 115 128 0 0
903 116 128 0 0
904 115 128 0 0
905 116 128 0 0
906 115 128 0 0
907 116 128 0 0
908 115 128 0 0
909 115 129 0 0
910 116 129 0 0
911 115 129 0 0
912 116 129 0 0
913 115 129 0 0
914 116 129 0 0
915 115 129 0 0
916 116 129 0 0
917 115 129 0 0
918 115 130 0 0
919 116 130 0 0
920 115 130 0 0
921 116 130 0 0
922 115 130 0 0
923 116 130 0 0
924 115 130 0 0
925 116 130 0 0
926 115 130 0 0
927 115 131 0 0
928 116 131 0 0
929 115 131 0 0
930 116 131 0 0
931 115 131 0 0
932 116 131 0 0
933 115 131 0 0
934 115 132 0 0
935 116 132 0 0
936 115 132 0 0
937 116 132 0 0
938 115 132 0 0
939 116 132 0 0
940 115 132 0 0
941 116 132 0 0
942 115 132 0 0
943 115 133 0 0
944 116 133 0 0
945 115 133 0 0
946 116 133 0 0
947 115 133 0 0
948 116 133 0 0
949 115 133 0 0
950 115 134 0 0
951 116 134 0 0
952 115 134 0 0
953 116 134 0 0
954 115 134 0 0
955 116 134 0 0
956 115 134 0 0
957 116 134 0 0
958 115 134 0 0
959 115 135 0 0
960 116 135 0 0
961 115 135 0 0
962 116 135 0 0
963 115 135 0 0
964 116 135 0 0
965 115 135 0 0
966 115 136 0 0
967 116 136 0 0
968 115 136 0 0
969 116 136 0 0
970 115 136 0 0
971 116 136 0 0
972 115 136 0 0
973 116 136 0 0
974 115 136 0 0
975 116 136 0 0
976 115 136 0 0
977 116 136 0 0
978 115 136 0 0
979 115 137 0 0
980 116 137 0 0
981 115 137 0 0
982 116 137 0 0
983 115 137 0 0
984 116 137 0 0
985 115 137 0 0
986 115 138 0 0
987 116 138 0 0
988 115 138 0 0
989 116 138 0 0
990 115 138 0 0
991 116 138 0 0
992 115 138 0 0
993 116 138 0 0
994 115 138 0 0
995 115 139 0 0
996 116 139 0 0
997 115 139 0 0
998 116 139 0 0
999 115 139 0 0
1000 116 139 0 0
1001 115 139 0 0
1002 115 140 0 0
1003 116 140 0 0
1004 115 140 0 0
1005 116 140 0 0
1006 115 140 0 0
1007 116 140 0 0
1008 115 140 0 0
1009 116 140 0 0
1010 115 140 0 0
1011 115 141 0 0
1012 116 141 0 0
1013 115 141 0 0
1014 116 141 0 0
1015 115 141 0 0
1016 115 142 0 0
1017 116 142 0 0
1018 115 142 0 0
1019 116 142 0 0
1020 115 142 0 0
1021 116 142 0 0
1022 115 142 0 0
1023 115 143 0 0
1024 116 143 0 0
1025 115 143 0 0
1026 116 143 0 0
1027 115 143 0 0
1028 116 143 0 0
1029 115 143 0 0
1030 116 143 0 0
1031 115 143 0 0
1032 116 143 0 0
1033 115 143 0 0
1034 115 144 0 0
1035 116 144 0 0
1036 115 144 0 0
1037 116 144 0 0
1038 115 144 0 0
1039 116 144 0 0
1040 115 144 0 0
1041 116 144 0 0
1042 115 144 0 0
1043 115 145 0 0
1044 116 145 0 0
1045 115 145 0 0
1046 116 145 0 0
1047 115 145 0 0
1048 116 145 0 0
1049 115 145 0 0
1050 116 145 0 0
1051 115 145 0 0
1052 115 146 0 0
1053 116 146 0 0
1054 115 146 0 0
1055 116 146 0 0
1056 115 146 0 0
1057 116 146 0 0
1058 115 146 0 0
1059 115 147 0 0
1060 116 147 0 0
1061 115 147 0 0
1062 116 147 0 0
1063 115 147 0 0
1064 116 147 0 0
1065 115 147 0 0
1066 116 147 0 0
1067 115 147 0 0
1068 115 148 0 0
1069 116 148 0 0
1070 115 148 0 0
1071 116 148 0 0
1072 115 148 0 0
1073 116 148 0 0
1074 115 148 0 0
1075 115 149 0 0
1076 116 149 0 0
1077 115 149 0 0
1078 116 149 0 0
1079 115 149 0 0
1080 116 149 0 0
1081 115 149 0 0
1082 116 149 0 0
1083 115 149 0 0
1084 115 150 0 0
1085 116 150 0 0
1086 115 150 0 0
1087 116 150 0 0
1088 115 150 0 0
1089 116 150 0 0
1090 115 150 0 0
1091 115 151 0 0
1092 116 151 0 0
1093 115 151 0 0
1094 116 151 0 0
1095 115 151 0 0
1096 116 151 0 0
1097 115 151 0 0
1098 116 151 0 0
1099 115 151 0 0
1100 115 152 0 0
1101 116 152 0 0
1102 115 152 0 0
1103 116 152 0 0
1104 115 152 0 0
1105 116 152 0 0
1106 115 152 0 0
1107 115 153 0 0
1108 116 153 0 0
1109 115 153 0 0
1110 116 153 0 0
1111 115 153 0 0
1112 116 153 0 0
1113 115 153 0 0
1114 116 153 0 0
1115 115 153 0 0
1116 115 154 0 0
1117 116 154 0 0
1118 115 154 0 0
1119 116 154 0 0
1120 115 154 0 0
1121 116 154 0 0
1122 115 154 0 0
1123 115 155 0 0
1124 116 155 0 0
1125 115 155 0 0
1126 116 155 0 0
1127 115 155 0 0
1128 116 155 0 0
1129 115 155 0 0
1130 116 155 0 0
1131 115 155 0 0
1132 115 156 0 0
1133 116 156 0 0
1134 115 156 0 0
1135 116 156 0 0
1136 115 156 0 0
1137 116 156 0 0
1138 115 156 0 0
1139 116 156 0 0
1140 115 156 0 0
1141 115 157 0 0
1142 116 157 0 0
1143 115 157 0 0
1144 116 157 0 0
1145 115 157 0 0
1146 116 157 0 0
1147 115 157 0 0
1148 115 158 0 0
1149 116 158 0 0
1150 115 158 0 0
1151 116 158 0 0
1152 115 158 0 0
1153 116 158 0 0
1154 115 158 0 0
1155 116 158 0 0
1156 115 158 0 0
1157 115 159 0 0
1158 116 159 0 0
1159 115 159 0 0
1160 116 159 0 0
1161 115 159 0 0
1162 116 159 0 0
1163 115 159 0 0
1164 115 160 0 0
1165 116 160 0 0
1166 115 160 0 0
1167 116 160 0 0
1168 115 160 0 0
1169 116 160 0 0
1170 115 160 0 0
1171 116 160 0 0
1172 115 160 0 0
1173 115 161 0 0
1174 116 161 0 0
1175 115 161 0 0
1176 116 161 0 0
1177 115 161 0 0
1178 116 161 0 0
1179 115 161 0 0
1180 115 162 0 0
1181 116 162 0 0
1182 115 162 0 0
1183 116 162 0 0
1184 115 162 0 0
1185 116 162 0 0
1186 115 162 0 0
1187 116 162 0 0
1188 115 162 0 0
1189 115 163 0 0
1190 116 163 0 0
1191 115 163 0 0
1192 116 163 0 0
1193 115 163 0 0
1194 116 163 0 0
1195 115 163 0 0
1196 115 164 0 0
1197 116 164 0 0
1198 115 164 0 0
1199 116 164 0 0
1200 115 164 0 0
1201 116 164 0 0
1202 115 164 0 0
1203 116 164 0 0
1204 115 164 0 0
1205 115 165 0 0
1206 116 165 0 0
1207 115 165 0 0
1208 116 165 0 0
1209 115 165 0 0
1210 116 165 0 0
1211 115 165 0 0
1212 116 165 0 0
1213 115 165 0 0
1214 115 166 0 0
1215 116 166 0 0
1216 115 166 0 0
1217 116 166 0 0
1218 115 166 0 0
1219 115 167 0 0
1220 116 167 0 0
1221 115 167 0 0
1222 116 167 0 0
1223 115 167 0 0
1224 116 167 0 0
1225 115 167 0 0
1226 115 168 0 0
1227 116 168 0 0
1228 115 168 0 0
1229 116 168 0 0
1230 115 168 0 0
1231 116 168 0 0
1232 115 168 0 0
1233 115 169 0 0
1234 116 169 0 0
1235 115 169 0 0
1236 116 169 0 0
1237 115 169 0 0
1238 116 169 0 0
1239 115 169 0 0
1240 115 170 0 0
1241 116 170 0 0
1242 115 170 0 0
1243 116 170 0 0
1244 115 170 0 0
1245 116 170 0 0
1246 115 170 0 0
1247 115 171 0 0
1248 116 171 0 0
1249 115 171 0 0
1250 116 171 0 0
1251 115 171 0 0
1252 116 171 0 0
1253 115 171 0 0
1254 115 172 0 0
1255 116 172 0 0
1256 115 172 0 0
1257 116 172 0 0
1258 115 172 0 0
1259 116 172 0 0
1260 115 172 0 0
1261 115 173 0 0
1262 116 173 0 0
1263 115 173 0 0
1264 116 173 0 0
1265 115 173 0 0
1266 116 173 0 0
1267 115 173 0 0
1268 115 174 0 0
1269 116 174 0 0
1270 115 174 0 0
1271 116 174 0 0
1272 115 174 0 0
1273 116 174 0 0
1274 115 174 0 0
1275 115 175 0 0
1276 116 175 0 0
1277 115 175 0 0
1278 116 175 0 0
1279 115 175 0 0
1280 116 175 0 0
1281 115 175 0 0
1282 115 176 0 0
1283 116 176 0 0
1284 115 176 0 0
1285 116 176 0 0
1286 115 176 0 0
1287 116 176 0 0
1288 115 176 0 0
1289 115 177 0 0
1290 116 177 0 0
1291 115 177 0 0
1292 116 177 0 0
1293 117 177 0 0
1294 116 177 0 0
1295 116 178 0 0
1296 117 178 0 0
1297 116 178 0 0
1298 117 178 0 0
1299 116 178 0 0
1300 117 178 0 0
1301 116 178 0 0
1302 116 179 0 0
1303 117 179 0 0
1304 116 179 0 0
1305 117 179 0 0
1306 116 179 0 0
1307 117 179 0 0
1308 116 179 0 0
1309 116 180 0 0
1310 117 180 0 0
1311 116 180 0 0
1312 117 180 0 0
1313 116 180 0 0
1314 117 180 0 0
1315 116 180 0 0
1316 116 181 0 0
1317 117 181 0 0
1318 116 181 0 0
1319 117 181 0 0
1320 116 181 0 0
1321 117 181 0 0
1322 116 181 0 0
1323 116 182 0 0
1324 117 182 0 0
1325 116 182 0 0
1326 117 182 0 0
1327 116 182 0 0
1328 117 182 0 0
1329 116 182 0 0
1330 116 183 0 0
1331 117 183 0 0
1332 116 183 0 0
1333 117 183 0 0
1334 116 183 0 0
1335 117 183 0 0
1336 116 183 0 0
1337 116 184 0 0
1338 117 184 0 0
1339 116 184 0 0
1340 117 184 0 0
1341 116 184 0 0
1342 117 184 0 0
1343 116 184 0 0
1344 116 185 0 0
1345 117 185 0 0
1346 116 185 0 0
1347 117 185 0 0
1348 116 185 0 0
1349 117 185 0 0
1350 116 185 0 0
1351 116 186 0 0
1352 117 186 0 0
1353 116 186 0 0
1354 117 186 0 0
1355 116 186 0 0
1356 117 186 0 0
1357 116 186 0 0
1358 116 187 0 0
1359 117 187 0 0
1360 116 187 0 0
1361 117 187 0 0
1362 116 187 0 0
1363 117 187 0 0
1364 116 187 0 0
1365 116 188 0 0
1366 117 188 0 0
1367 116 188 0 0
1368 117 188 0 0
1369 116 188 0 0
1370 117 188 0 0
1371 116 188 0 0
1372 116 189 0 0
1373 117 189 0 0
1374 116 189 0 0
1375 117 189 0 0
1376 116 189 0 0
1377 117 189 0 0
1378 116 189 0 0
1379 116 190 0 0
1380 117 190 0 0
1381 116 190 0 0
1382 117 190 0 0
1383 116 190 0 0
1384 117 190 0 0
1385 116 190 0 0
1386 117 190 0 0
1387 116 190 0 0
1388 116 191 0 0
1389 117 191 0 0
1390 116 191 0 0
1391 117 191 0 0
1392 116 191 0 0
1393 117 191 0 0
1394 116 191 0 0
1395 116 192 0 0
1396 117 192 0 0
1397 116 192 0 0
1398 117 192 0 0
1399 116 192 0 0
1400 117 192 0 0
1401 116 192 0 0
1402 117 192 0 0
1403 116 192 0 0
1404 116 193 0 0
1405 117 193 0 0
1406 116 193 0 0
1407 117 193 0 0
1408 118 193 0 0
1409 117 193 0 0
1410 118 193 0 0
1411 117 193 0 0
1412 117 194 0 0
1413 118 194 0 0
1414 117 194 0 0
1415 118 194 0 0
1416 117 194 0 0
1417 118 194 0 0
1418 117 194 0 0
1419 117 195 0 0
1420 118 195 0 0
1421 117 195 0 0
1422 118 195 0 0
1423 117 195 0 0
1424 118 195 0 0
1425 117 195 0 0
1426 118 195 0 0
1427 117 195 0 0
1428 117 196 0 0
1429 118 196 0 0
1430 117 196 0 0
1431 118 196 0 0
1432 117 196 0 0
1433 118 196 0 0
1434 117 196 0 0
1435 117 197 0 0
1436 118 197 0 0
1437 117 197 0 0
1438 118 197 0 0
1439 117 197 0 0
1440 118 197 0 0
1441 117 197 0 0
1442 118 197 0 0
1443 117 197 0 0
1444 117 198 0 0
1445 118 198 0 0
1446 117 198 0 0
1447 118 198 0 0
1448 117 198 0 0
1449 118 198 0 0
1450 117 198 0 0
1451 117 199 0 0
1452 118 199 0 0
1453 117 199 0 0
1454 118 199 0 0
1455 117 199 0 0
1456 118 199 0 0
1457 117 199 0 0
1458 118 199 0 0
1459 117 199 0 0
1460 117 200 0 0
1461 118 200 0 0
1462 117 200 0 0
1463 118 200 0 0
1464 117 200 0 0
1465 118 200 0 0
1466 117 200 0 0
1467 118 200 0 0
1468 117 200 0 0
1469 117 201 0 0
1470 118 201 0 0
1471 119 201 0 0
1472 118 201 0 0
1473 119 201 0 0
1474 118 201 0 0
1475 118 202 0 0
1476 119 202 0 0
1477 118 202 0 0
1478 119 202 0 0
1479 118 202 0 0
1480 119 202 0 0
1481 118 202 0 0
1482 119 202 0 0
1483 118 202 0 0
1484 118 203 0 0
1485 119 203 0 0
1486 118 203 0 0
1487 119 203 0 0
1488 118 203 0 0
1489 119 203 0 0
1490 118 203 0 0
1491 118 204 0 0
1492 119 204 0 0
1493 118 204 0 0
1494 119 204 0 0
1495 118 204 0 0
1496 119 204 0 0
1497 118 204 0 0
1498 119 204 0 0
1499 118 204 0 0
1500 118 205 0 0
1501 119 205 0 0
1502 118 205 0 0
1503 119 205 0 0
1504 118 205 0 0
1505 119 205 0 0
1506 118 205 0 0
1507 118 206 0 0
1508 119 206 0 0
1509 118 206 0 0
1510 119 206 0 0
1511 118 206 0 0
1512 119 206 0 0
1513 118 206 0 0
1514 119 206 0 0
1515 118 206 0 0
1516 118 207 0 0
1517 119 207 0 0
1518 118 207 0 0
1519 119 207 0 0
1520 118 207 0 0
1521 119 207 0 0
1522 118 207 0 0
1523 119 207 0 0
1524 118 207 0 0
1525 118 208 0 0
1526 119 208 0 0
1527 118 208 0 0
1528 119 208 0 0
1529 118 208 0 0
1530 119 208 0 0
1531 118 208 0 0
1532 118 209 0 0
1533 119 209 0 0
1534 118 209 0 0
1535 119 209 0 0
1536 120 209 0 0
1537 119 209 0 0
1538 120 209 0 0
1539 119 209 0 0
1540 119 210 0 0
1541 120 210 0 0
1542 119 210 0 0
1543 120 210 0 0
1544 119 210 0 0
1545 120 210 0 0
1546 119 210 0 0
1547 119 211 0 0
1548 120 211 0 0
1549 119 211 0 0
1550 120 211 0 0
1551 119 211 0 0
1552 120 211 0 0
1553 119 211 0 0
1554 120 211 0 0
1555 119 211 0 0
1556 119 212 0 0
1557 120 212 0 0
1558 119 212 0 0
1559 120 212 0 0
1560 119 212 0 0
1561 120 212 0 0
1562 119 212 0 0
1563 119 213 0 0
1564 120 213 0 0
1565 119 213 0 0
1566 120 213 0 0
1567 119 213 0 0
1568 120 213 0 0
1569 119 213 0 0
1570 120 213 0 0
1571 119 213 0 0
1572 119 214 0 0
1573 120 214 0 0
1574 119 214 0 0
1575 120 214 0 0
1576 119 214 0 0
1577 120 214 0 0
1578 119 214 0 0
1579 120 214 0 0
1580 119 214 0 0
1581 119 215 0 0
1582 120 215 0 0
