0 1 98 0 0
1 2 98 0 0
2 1 98 0 0
3 2 98 0 0
4 1 98 0 0
5 2 98 0 0
6 1 98 0 0
7 2 98 0 0
8 3 98 0 0
9 2 98 0 0
10 3 98 0 0
11 2 98 0 0
12 3 98 0 0
13 2 98 0 0
14 3 98 0 0
15 2 98 0 0
16 2 97 0 0
17 3 97 0 0
18 4 97 0 0
19 3 97 0 0
20 4 97 0 0
21 5 97 0 0
22 4 97 0 0
23 5 97 0 0
24 6 97 0 0
25 5 97 0 0
26 6 97 0 0
27 5 97 0 0
28 6 97 0 0
29 7 97 0 0
30 6 97 0 0
31 7 97 0 0
32 8 97 0 0
33 7 97 0 0
34 8 97 0 0
35 9 97 0 0
36 8 97 0 0
37 9 97 0 0
38 8 97 0 0
39 9 97 0 0
40 10 97 0 0
41 9 97 0 0
42 10 97 0 0
43 11 97 0 0
44 10 97 0 0
45 11 97 0 0
46 12 97 0 0
47 11 97 0 0
48 11 96 0 0
49 12 96 0 0
50 11 96 0 0
51 11 97 0 0
52 12 97 0 0
53 11 97 0 0
54 12 97 0 0
55 13 97 0 0
56 12 97 0 0
57 13 97 0 0
58 12 97 0 0
59 13 97 0 0
60 12 97 0 0
61 13 97 0 0
62 14 97 0 0
63 13 97 0 0
64 14 97 0 0
65 13 97 0 0
66 14 97 0 0
67 13 97 0 0
68 14 97 0 0
69 13 97 0 0
70 14 97 0 0
71 15 97 0 0
72 14 97 0 0
73 15 97 0 0
74 14 97 0 0
75 15 97 0 0
76 16 97 0 0
77 15 97 0 0
78 16 97 0 0
79 15 97 0 0
80 16 97 0 0
81 15 97 0 0
82 16 97 0 0
83 15 97 0 0
84 16 97 0 0
85 17 97 0 0
86 16 97 0 0
87 16 98 0 0
88 17 98 0 0
89 16 98 0 0
90 17 98 0 0
91 18 98 0 0
92 17 98 0 0
93 18 98 0 0
94 19 98 0 0
95 18 98 0 0
96 19 98 0 0
97 18 98 0 0
98 19 98 0 0
99 20 98 0 0
100 19 98 0 0
101 20 98 0 0
102 21 98 0 0
103 20 98 0 0
104 21 98 0 0
105 20 98 0 0
106 21 98 0 0
107 22 98 0 0
108 21 98 0 0
109 22 98 0 0
110 23 98 0 0
111 22 98 0 0
112 23 98 0 0
113 22 98 0 0
114 23 98 0 0
115 24 98 0 0
116 23 98 0 0
117 24 98 0 0
118 25 98 0 0
119 24 98 0 0
120 25 98 0 0
121 26 98 0 0
122 25 98 0 0
123 26 98 0 0
124 25 98 0 0
125 26 98 0 0
126 27 98 0 0
127 26 98 0 0
128 27 98 0 0
129 28 98 0 0
130 27 98 0 0
131 28 98 0 0
132 27 98 0 0
133 28 98 0 0
134 29 98 0 0
135 28 98 0 0
136 29 98 0 0
137 28 98 0 0
138 29 98 0 0
139 30 98 0 0
140 29 98 0 0
141 30 98 0 0
142 29 98 0 0
143 30 98 0 0
144 31 98 0 0
145 30 98 0 0
146 31 98 0 0
147 30 98 0 0
148 31 98 0 0
149 32 98 0 0
150 31 98 0 0
151 32 98 0 0
152 31 98 0 0
153 32 98 0 0
154 31 98 0 0
155 32 98 0 0
156 33 98 0 0
157 32 98 0 0
158 33 98 0 0
159 34 98 0 0
160 33 98 0 0
161 34 98 0 0
162 33 98 0 0
163 34 98 0 0
164 33 98 0 0
165 34 98 0 0
166 35 98 0 0
167 34 98 0 0
168 35 98 0 0
169 36 98 0 0
170 35 98 0 0
171 36 98 0 0
172 35 98 0 0
173 36 98 0 0
174 35 98 0 0
175 36 98 0 0
176 37 98 0 0
177 36 98 0 0
178 37 98 0 0
179 36 98 0 0
180 37 98 0 0
181 38 98 0 0
182 37 98 0 0
183 38 98 0 0
184 37 98 0 0
185 38 98 0 0
186 39 98 0 0
187 38 98 0 0
188 39 98 0 0
189 38 98 0 0
190 39 98 0 0
191 40 98 0 0
192 39 98 0 0
193 40 98 0 0
194 39 98 0 0
195 40 98 0 0
196 41 98 0 0
197 40 98 0 0
198 41 98 0 0
199 40 98 0 0
200 41 98 0 0
201 42 98 0 0
202 41 98 0 0
203 41 99 0 0
204 42 99 0 0
205 41 99 0 0
206 42 99 0 0
207 41 99 0 0
208 42 99 0 0
209 43 99 0 0
210 42 99 0 0
211 43 99 0 0
212 42 99 0 0
213 43 99 0 0
214 42 99 0 0
215 43 99 0 0
216 44 99 0 0
217 43 99 0 0
218 44 99 0 0
219 43 99 0 0
220 44 99 0 0
221 43 99 0 0
222 44 99 0 0
223 43 99 0 0
224 44 99 0 0
225 45 99 0 0
226 44 99 0 0
227 45 99 0 0
228 44 99 0 0
229 45 99 0 0
230 46 99 0 0
231 45 99 0 0
232 46 99 0 0
233 45 99 0 0
234 46 99 0 0
235 45 99 0 0
236 46 99 0 0
237 45 99 0 0
238 46 99 0 0
239 47 99 0 0
240 46 99 0 0
241 47 99 0 0
242 46 99 0 0
243 47 99 0 0
244 48 99 0 0
245 47 99 0 0
246 48 99 0 0
247 47 99 0 0
248 48 99 0 0
249 47 99 0 0
250 48 99 0 0
251 47 99 0 0
252 48 99 0 0
253 49 99 0 0
254 48 99 0 0
255 49 99 0 0
256 48 99 0 0
257 49 99 0 0
258 48 99 0 0
259 49 99 0 0
260 48 99 0 0
261 49 99 0 0
262 50 99 0 0
263 49 99 0 0
264 50 99 0 0
265 49 99 0 0
266 50 99 0 0
267 51 99 0 0
268 50 99 0 0
269 51 99 0 0
270 50 99 0 0
271 51 99 0 0
272 50 99 0 0
273 51 99 0 0
274 52 99 0 0
275 51 99 0 0
276 52 99 0 0
277 51 99 0 0
278 52 99 0 0
279 51 99 0 0
280 52 99 0 0
281 53 99 0 0
282 52 99 0 0
283 53 99 0 0
284 54 99 0 0
285 53 99 0 0
286 54 99 0 0
287 53 99 0 0
288 54 99 0 0
289 53 99 0 0
290 54 99 0 0
291 55 99 0 0
292 54 99 0 0
293 55 99 0 0
294 56 99 0 0
295 55 99 0 0
296 56 99 0 0
297 55 99 0 0
298 55 98 0 0
299 56 98 0 0
300 55 98 0 0
301 56 98 0 0
302 57 98 0 0
303 56 98 0 0
304 57 98 0 0
305 56 98 0 0
306 57 98 0 0
307 58 98 0 0
308 57 98 0 0
309 58 98 0 0
310 57 98 0 0
311 58 98 0 0
312 59 98 0 0
313 58 98 0 0
314 59 98 0 0
315 58 98 0 0
316 59 98 0 0
317 60 98 0 0
318 59 98 0 0
319 60 98 0 0
320 59 98 0 0
321 60 98 0 0
322 61 98 0 0
323 60 98 0 0
324 60 97 0 0
325 61 97 0 0
326 60 97 0 0
327 61 97 0 0
328 62 97 0 0
329 61 97 0 0
330 62 97 0 0
331 61 97 0 0
332 62 97 0 0
333 63 97 0 0
334 62 97 0 0
335 63 97 0 0
336 62 97 0 0
337 63 97 0 0
338 62 97 0 0
339 63 97 0 0
340 64 97 0 0
341 63 97 0 0
342 64 97 0 0
343 63 97 0 0
344 64 97 0 0
345 63 97 0 0
346 63 96 0 0
347 64 96 0 0
348 65 96 0 0
349 64 96 0 0
350 65 96 0 0
351 64 96 0 0
352 65 96 0 0
353 66 96 0 0
354 65 96 0 0
355 66 96 0 0
356 65 96 0 0
357 66 96 0 0
358 65 96 0 0
359 66 96 0 0
360 67 96 0 0
361 66 96 0 0
362 67 96 0 0
363 66 96 0 0
364 67 96 0 0
365 68 96 0 0
366 67 96 0 0
367 67 95 0 0
368 68 95 0 0
369 67 95 0 0
370 68 95 0 0
371 67 95 0 0
372 68 95 0 0
373 69 95 0 0
374 68 95 0 0
375 69 95 0 0
376 68 95 0 0
377 69 95 0 0
378 70 95 0 0
379 69 95 0 0
380 70 95 0 0
381 69 95 0 0
382 70 95 0 0
383 70 94 0 0
384 71 94 0 0
385 70 94 0 0
386 71 94 0 0
387 70 94 0 0
388 71 94 0 0
389 70 94 0 0
390 71 94 0 0
391 72 94 0 0
392 71 94 0 0
393 72 94 0 0
394 71 94 0 0
395 71 93 0 0
396 72 93 0 0
397 71 93 0 0
398 72 93 0 0
399 73 93 0 0
400 72 93 0 0
401 73 93 0 0
402 72 93 0 0
403 73 93 0 0
404 74 93 0 0
405 73 93 0 0
406 73 92 0 0
407 74 92 0 0
408 73 92 0 0
409 74 92 0 0
410 73 92 0 0
411 74 92 0 0
412 75 92 0 0
413 74 92 0 0
414 75 92 0 0
415 74 92 0 0
416 74 91 0 0
417 75 91 0 0
418 76 91 0 0
419 75 91 0 0
420 76 91 0 0
421 75 91 0 0
422 76 91 0 0
423 75 91 0 0
424 76 91 0 0
425 77 91 0 0
426 76 91 0 0
427 76 90 0 0
428 77 90 0 0
429 76 90 0 0
430 77 90 0 0
431 76 90 0 0
432 77 90 0 0
433 78 90 0 0
434 77 90 0 0
435 78 90 0 0
436 77 90 0 0
437 78 90 0 0
438 78 89 0 0
439 79 89 0 0
440 78 89 0 0
441 79 89 0 0
442 78 89 0 0
443 79 89 0 0
444 78 89 0 0
445 79 89 0 0
446 80 89 0 0
447 79 89 0 0
448 80 89 0 0
449 79 89 0 0
450 79 88 0 0
451 80 88 0 0
452 81 88 0 0
453 80 88 0 0
454 81 88 0 0
455 80 88 0 0
456 81 88 0 0
457 80 88 0 0
458 81 88 0 0
459 82 88 0 0
460 81 88 0 0
461 81 87 0 0
462 82 87 0 0
463 81 87 0 0
464 82 87 0 0
465 81 87 0 0
466 82 87 0 0
467 83 87 0 0
468 82 87 0 0
469 83 87 0 0
470 82 87 0 0
471 83 87 0 0
472 82 87 0 0
473 82 86 0 0
474 83 86 0 0
475 84 86 0 0
476 83 86 0 0
477 84 86 0 0
478 83 86 0 0
479 84 86 0 0
480 83 86 0 0
481 84 86 0 0
482 83 86 0 0
483 84 86 0 0
484 84 85 0 0
485 85 85 0 0
486 84 85 0 0
487 85 85 0 0
488 84 85 0 0
489 85 85 0 0
490 84 85 0 0
491 85 85 0 0
492 86 85 0 0
493 85 85 0 0
494 86 85 0 0
495 85 85 0 0
496 85 84 0 0
497 86 84 0 0
498 85 84 0 0
499 86 84 0 0
500 85 84 0 0
501 86 84 0 0
502 87 84 0 0
503 86 84 0 0
504 87 84 0 0
505 86 84 0 0
506 87 84 0 0
507 87 83 0 0
508 88 83 0 0
509 87 83 0 0
510 88 83 0 0
511 87 83 0 0
512 88 83 0 0
513 87 83 0 0
514 88 83 0 0
515 87 83 0 0
516 88 83 0 0
517 89 83 0 0
518 88 83 0 0
519 89 83 0 0
520 88 83 0 0
521 89 83 0 0
522 88 83 0 0
523 89 83 0 0
524 88 83 0 0
525 88 82 0 0
526 89 82 0 0
527 90 82 0 0
528 89 82 0 0
529 90 82 0 0
530 89 82 0 0
531 90 82 0 0
532 91 82 0 0
533 90 82 0 0
534 91 82 0 0
535 90 82 0 0
536 91 82 0 0
537 90 82 0 0
538 91 82 0 0
539 92 82 0 0
540 91 82 0 0
541 92 82 0 0
542 91 82 0 0
543 92 82 0 0
544 91 82 0 0
545 92 82 0 0
546 93 82 0 0
547 92 82 0 0
548 93 82 0 0
549 94 82 0 0
550 93 82 0 0
551 94 82 0 0
552 93 82 0 0
553 94 82 0 0
554 93 82 0 0
555 94 82 0 0
556 95 82 0 0
557 94 82 0 0
558 95 82 0 0
559 94 82 0 0
560 95 82 0 0
561 96 82 0 0
562 95 82 0 0
563 96 82 0 0
564 95 82 0 0
565 96 82 0 0
566 97 82 0 0
567 96 82 0 0
568 97 82 0 0
569 96 82 0 0
570 97 82 0 0
571 96 82 0 0
572 97 82 0 0
573 97 81 0 0
574 98 81 0 0
575 97 81 0 0
576 98 81 0 0
577 97 81 0 0
578 98 81 0 0
579 99 81 0 0
580 98 81 0 0
581 99 81 0 0
582 98 81 0 0
583 99 81 0 0
584 100 81 0 0
585 99 81 0 0
586 100 81 0 0
587 99 81 0 0
588 100 81 0 0
589 101 81 0 0
590 100 81 0 0
591 101 81 0 0
592 100 81 0 0
593 101 81 0 0
594 100 81 0 0
595 101 81 0 0
596 102 81 0 0
597 101 81 0 0
598 102 81 0 0
599 103 81 0 0
600 102 81 0 0
601 103 81 0 0
602 102 81 0 0
603 103 81 0 0
604 102 81 0 0
605 103 81 0 0
606 104 81 0 0
607 103 81 0 0
608 104 81 0 0
609 103 81 0 0
610 104 81 0 0
611 103 81 0 0
612 104 81 0 0
613 105 81 0 0
614 104 81 0 0
615 105 81 0 0
616 105 80 0 0
617 106 80 0 0
618 105 80 0 0
619 105 81 0 0
620 106 81 0 0
621 105 81 0 0
622 106 81 0 0
623 105 81 0 0
624 106 81 0 0
625 105 81 0 0
626 105 82 0 0
627 106 82 0 0
628 107 82 0 0
629 106 82 0 0
630 107 82 0 0
631 106 82 0 0
632 107 82 0 0
633 108 82 0 0
634 107 82 0 0
635 108 82 0 0
636 107 82 0 0
637 108 82 0 0
638 107 82 0 0
639 107 83 0 0
640 108 83 0 0
641 109 83 0 0
642 108 83 0 0
643 109 83 0 0
644 108 83 0 0
645 109 83 0 0
646 108 83 0 0
647 109 83 0 0
648 110 83 0 0
649 109 83 0 0
650 110 83 0 0
651 109 83 0 0
652 110 83 0 0
653 111 83 0 0
654 110 83 0 0
655 111 83 0 0
656 110 83 0 0
657 111 83 0 0
658 110 83 0 0
659 110 84 0 0
660 111 84 0 0
661 112 84 0 0
662 111 84 0 0
663 112 84 0 0
664 111 84 0 0
665 112 84 0 0
666 111 84 0 0
667 112 84 0 0
668 111 84 0 0
669 112 84 0 0
670 113 84 0 0
671 112 84 0 0
672 112 85 0 0
673 113 85 0 0
674 112 85 0 0
675 113 85 0 0
676 114 85 0 0
677 113 85 0 0
678 114 85 0 0
679 113 85 0 0
680 114 85 0 0
681 113 85 0 0
682 114 85 0 0
683 115 85 0 0
684 114 85 0 0
685 114 86 0 0
686 115 86 0 0
687 114 86 0 0
688 115 86 0 0
689 116 86 0 0
690 115 86 0 0
691 116 86 0 0
692 115 86 0 0
693 116 86 0 0
694 115 86 0 0
695 116 86 0 0
696 117 86 0 0
697 116 86 0 0
698 116 87 0 0
699 117 87 0 0
700 116 87 0 0
701 117 87 0 0
702 116 87 0 0
703 117 87 0 0
704 118 87 0 0
705 117 87 0 0
706 118 87 0 0
707 117 87 0 0
708 118 87 0 0
709 119 87 0 0
710 118 87 0 0
711 119 87 0 0
712 118 87 0 0
713 118 88 0 0
714 119 88 0 0
715 118 88 0 0
716 119 88 0 0
717 118 88 0 0
718 119 88 0 0
719 118 88 0 0
720 118 89 0 0
721 119 89 0 0
722 118 89 0 0
723 119 89 0 0
724 118 89 0 0
725 119 89 0 0
726 118 89 0 0
727 118 90 0 0
728 119 90 0 0
729 118 90 0 0
730 119 90 0 0
731 118 90 0 0
732 119 90 0 0
733 118 90 0 0
734 119 90 0 0
735 118 90 0 0
736 118 91 0 0
737 119 91 0 0
738 118 91 0 0
739 119 91 0 0
740 118 91 0 0
741 119 91 0 0
742 118 91 0 0
743 118 92 0 0
744 119 92 0 0
745 120 92 0 0
746 119 92 0 0
747 120 92 0 0
748 119 92 0 0
749 120 92 0 0
750 119 92 0 0
751 119 93 0 0
752 120 93 0 0
753 119 93 0 0
754 120 93 0 0
755 119 93 0 0
756 120 93 0 0
757 119 93 0 0
758 119 94 0 0
759 120 94 0 0
760 119 94 0 0
761 120 94 0 0
762 119 94 0 0
763 120 94 0 0
764 119 94 0 0
765 120 94 0 0
766 119 94 0 0
767 119 95 0 0
768 120 95 0 0
769 119 95 0 0
770 120 95 0 0
771 119 95 0 0
772 120 95 0 0
773 119 95 0 0
774 119 96 0 0
775 120 96 0 0
776 119 96 0 0
777 120 96 0 0
778 121 96 0 0
779 120 96 0 0
780 121 96 0 0
781 120 96 0 0
782 120 97 0 0
783 121 97 0 0
784 120 97 0 0
785 121 97 0 0
786 120 97 0 0
787 121 97 0 0
788 120 97 0 0
789 120 98 0 0
790 121 98 0 0
791 120 98 0 0
792 121 98 0 0
793 120 98 0 0
794 121 98 0 0
795 120 98 0 0
796 121 98 0 0
797 120 98 0 0
798 120 99 0 0
799 121 99 0 0
800 120 99 0 0
801 121 99 0 0
802 120 99 0 0
803 121 99 0 0
804 120 99 0 0
805 120 100 0 0
806 121 100 0 0
807 120 100 0 0
808 121 100 0 0
809 120 100 0 0
810 120 101 0 0
811 121 101 0 0
812 120 101 0 0
813 121 101 0 0
814 120 101 0 0
815 121 101 0 0
816 120 101 0 0
817 120 102 0 0
818 121 102 0 0
819 120 102 0 0
820 121 102 0 0
821 120 102 0 0
822 120 103 0 0
823 121 103 0 0
824 120 103 0 0
825 121 103 0 0
826 120 103 0 0
827 120 104 0 0
828 121 104 0 0
829 120 104 0 0
830 121 104 0 0
831 120 104 0 0
832 121 104 0 0
833 120 104 0 0
834 120 105 0 0
835 121 105 0 0
836 120 105 0 0
837 121 105 0 0
838 120 105 0 0
839 120 106 0 0
840 121 106 0 0
841 120 106 0 0
842 121 106 0 0
843 120 106 0 0
844 121 106 0 0
845 120 106 0 0
846 120 107 0 0
847 121 107 0 0
848 120 107 0 0
849 121 107 0 0
850 120 107 0 0
851 120 108 0 0
852 119 108 0 0
853 120 108 0 0
854 119 108 0 0
855 120 108 0 0
856 119 108 0 0
857 119 109 0 0
858 120 109 0 0
859 119 109 0 0
860 120 109 0 0
861 119 109 0 0
862 119 110 0 0
863 120 110 0 0
864 119 110 0 0
865 120 110 0 0
866 119 110 0 0
867 119 111 0 0
868 120 111 0 0
869 119 111 0 0
870 120 111 0 0
871 119 111 0 0
872 120 111 0 0
873 119 111 0 0
874 119 112 0 0
875 120 112 0 0
876 119 112 0 0
877 120 112 0 0
878 119 112 0 0
879 119 113 0 0
880 120 113 0 0
881 119 113 0 0
882 120 113 0 0
883 119 113 0 0
884 120 113 0 0
885 119 113 0 0
886 119 114 0 0
887 120 114 0 0
888 119 114 0 0
889 120 114 0 0
890 119 114 0 0
891 119 115 0 0
892 120 115 0 0
893 119 115 0 0
894 120 115 0 0
895 119 115 0 0
896 120 115 0 0
897 119 115 0 0
898 119 116 0 0
899 120 116 0 0
900 119 116 0 0
901 120 116 0 0
902 119 116 0 0
903 119 117 0 0
904 120 117 0 0
905 119 117 0 0
906 120 117 0 0
907 119 117 0 0
908 119 118 0 0
909 118 118 0 0
910 119 118 0 0
911 118 118 0 0
912 119 118 0 0
913 118 118 0 0
914 118 119 0 0
915 119 119 0 0
916 118 119 0 0
917 119 119 0 0
918 118 119 0 0
919 118 120 0 0
920 119 120 0 0
921 118 120 0 0
922 119 120 0 0
923 118 120 0 0
924 119 120 0 0
925 118 120 0 0
926 118 121 0 0
927 119 121 0 0
928 118 121 0 0
929 119 121 0 0
930 118 121 0 0
931 118 122 0 0
932 119 122 0 0
933 118 122 0 0
934 119 122 0 0
935 118 122 0 0
936 118 123 0 0
937 119 123 0 0
938 118 123 0 0
939 119 123 0 0
940 118 123 0 0
941 119 123 0 0
942 118 123 0 0
943 118 124 0 0
944 119 124 0 0
945 118 124 0 0
946 119 124 0 0
947 118 124 0 0
948 118 125 0 0
949 117 125 0 0
950 118 125 0 0
951 117 125 0 0
952 118 125 0 0
953 117 125 0 0
954 117 126 0 0
955 118 126 0 0
956 117 126 0 0
957 118 126 0 0
958 117 126 0 0
959 117 127 0 0
960 118 127 0 0
961 117 127 0 0
962 118 127 0 0
963 117 127 0 0
964 117 128 0 0
965 118 128 0 0
966 117 128 0 0
967 118 128 0 0
968 117 128 0 0
969 118 128 0 0
970 117 128 0 0
971 117 129 0 0
972 118 129 0 0
973 117 129 0 0
974 118 129 0 0
975 117 129 0 0
976 116 129 0 0
977 116 130 0 0
978 117 130 0 0
979 116 130 0 0
980 117 130 0 0
981 116 130 0 0
982 117 130 0 0
983 116 130 0 0
984 116 131 0 0
985 117 131 0 0
986 116 131 0 0
987 117 131 0 0
988 116 131 0 0
989 117 131 0 0
990 116 131 0 0
991 116 132 0 0
992 117 132 0 0
993 116 132 0 0
994 117 132 0 0
995 116 132 0 0
996 116 133 0 0
997 117 133 0 0
998 116 133 0 0
999 117 133 0 0
1000 116 133 0 0
1001 117 133 0 0
1002 116 133 0 0
1003 116 134 0 0
1004 115 134 0 0
1005 116 134 0 0
1006 115 134 0 0
1007 116 134 0 0
1008 115 134 0 0
1009 115 135 0 0
1010 116 135 0 0
1011 115 135 0 0
1012 116 135 0 0
1013 115 135 0 0
1014 115 136 0 0
1015 116 136 0 0
1016 115 136 0 0
1017 116 136 0 0
1018 115 136 0 0
1019 116 136 0 0
1020 115 136 0 0
1021 116 136 0 0
1022 115 136 0 0
1023 115 137 0 0
1024 116 137 0 0
1025 115 137 0 0
1026 116 137 0 0
1027 115 137 0 0
1028 114 137 0 0
1029 114 138 0 0
1030 115 138 0 0
1031 114 138 0 0
1032 115 138 0 0
1033 114 138 0 0
1034 115 138 0 0
1035 114 138 0 0
1036 114 139 0 0
1037 115 139 0 0
1038 114 139 0 0
1039 115 139 0 0
1040 114 139 0 0
1041 114 140 0 0
1042 115 140 0 0
1043 114 140 0 0
1044 115 140 0 0
1045 114 140 0 0
1046 115 140 0 0
1047 114 140 0 0
1048 114 141 0 0
1049 115 141 0 0
1050 114 141 0 0
1051 115 141 0 0
1052 114 141 0 0
1053 114 142 0 0
1054 115 142 0 0
1055 114 142 0 0
1056 115 142 0 0
1057 114 142 0 0
1058 115 142 0 0
1059 114 142 0 0
1060 114 143 0 0
1061 115 143 0 0
1062 114 143 0 0
1063 115 143 0 0
1064 114 143 0 0
1065 115 143 0 0
1066 114 143 0 0
1067 114 144 0 0
1068 115 144 0 0
1069 114 144 0 0
1070 115 144 0 0
1071 114 144 0 0
1072 114 145 0 0
1073 115 145 0 0
1074 114 145 0 0
1075 115 145 0 0
1076 114 145 0 0
1077 115 145 0 0
1078 114 145 0 0
1079 114 146 0 0
1080 115 146 0 0
1081 114 146 0 0
1082 115 146 0 0
1083 114 146 0 0
1084 114 147 0 0
1085 115 147 0 0
1086 114 147 0 0
1087 115 147 0 0
1088 114 147 0 0
1089 115 147 0 0
1090 114 147 0 0
1091 114 148 0 0
1092 115 148 0 0
1093 114 148 0 0
1094 115 148 0 0
1095 114 148 0 0
1096 115 148 0 0
1097 114 148 0 0
1098 114 149 0 0
1099 115 149 0 0
1100 114 149 0 0
1101 115 149 0 0
1102 114 149 0 0
1103 114 150 0 0
1104 115 150 0 0
1105 114 150 0 0
1106 115 150 0 0
1107 114 150 0 0
1108 115 150 0 0
1109 114 150 0 0
1110 114 151 0 0
1111 115 151 0 0
1112 114 151 0 0
1113 115 151 0 0
1114 114 151 0 0
1115 114 152 0 0
1116 115 152 0 0
1117 114 152 0 0
1118 115 152 0 0
1119 114 152 0 0
1120 115 152 0 0
1121 114 152 0 0
1122 114 153 0 0
1123 115 153 0 0
1124 114 153 0 0
1125 115 153 0 0
1126 114 153 0 0
1127 115 153 0 0
1128 114 153 0 0
1129 114 154 0 0
1130 115 154 0 0
1131 114 154 0 0
1132 115 154 0 0
1133 114 154 0 0
1134 114 155 0 0
1135 115 155 0 0
1136 114 155 0 0
1137 115 155 0 0
1138 114 155 0 0
1139 115 155 0 0
1140 114 155 0 0
1141 114 156 0 0
1142 115 156 0 0
1143 114 156 0 0
1144 115 156 0 0
1145 114 156 0 0
1146 114 157 0 0
1147 115 157 0 0
1148 114 157 0 0
1149 115 157 0 0
1150 114 157 0 0
1151 115 157 0 0
1152 114 157 0 0
1153 114 158 0 0
1154 115 158 0 0
1155 114 158 0 0
1156 115 158 0 0
1157 114 158 0 0
1158 115 158 0 0
1159 114 158 0 0
1160 114 159 0 0
1161 115 159 0 0
1162 114 159 0 0
1163 115 159 0 0
1164 114 159 0 0
1165 114 160 0 0
1166 115 160 0 0
1167 114 160 0 0
1168 115 160 0 0
1169 114 160 0 0
1170 115 160 0 0
1171 114 160 0 0
1172 114 161 0 0
1173 115 161 0 0
1174 114 161 0 0
1175 115 161 0 0
1176 114 161 0 0
1177 115 161 0 0
1178 114 161 0 0
1179 114 162 0 0
1180 115 162 0 0
1181 114 162 0 0
1182 115 162 0 0
1183 114 162 0 0
1184 114 163 0 0
1185 115 163 0 0
1186 114 163 0 0
1187 115 163 0 0
1188 114 163 0 0
1189 115 163 0 0
1190 114 163 0 0
1191 114 164 0 0
1192 115 164 0 0
1193 114 164 0 0
1194 115 164 0 0
1195 114 164 0 0
1196 115 164 0 0
1197 114 164 0 0
1198 114 165 0 0
1199 115 165 0 0
1200 114 165 0 0
1201 115 165 0 0
1202 114 165 0 0
1203 115 165 0 0
1204 114 165 0 0
1205 114 166 0 0
1206 115 166 0 0
1207 114 166 0 0
1208 115 166 0 0
1209 114 166 0 0
1210 115 166 0 0
1211 114 166 0 0
1212 114 167 0 0
1213 115 167 0 0
1214 114 167 0 0
1215 115 167 0 0
1216 114 167 0 0
1217 114 168 0 0
1218 115 168 0 0
1219 114 168 0 0
1220 115 168 0 0
1221 114 168 0 0
1222 115 168 0 0
1223 115 169 0 0
1224 116 169 0 0
1225 115 169 0 0
1226 116 169 0 0
1227 115 169 0 0
1228 116 169 0 0
1229 115 169 0 0
1230 115 170 0 0
1231 116 170 0 0
1232 115 170 0 0
1233 116 170 0 0
1234 115 170 0 0
1235 116 170 0 0
1236 115 170 0 0
1237 115 171 0 0
1238 116 171 0 0
1239 115 171 0 0
1240 116 171 0 0
1241 115 171 0 0
1242 116 171 0 0
1243 115 171 0 0
1244 115 172 0 0
1245 116 172 0 0
1246 115 172 0 0
1247 116 172 0 0
1248 115 172 0 0
1249 115 173 0 0
1250 116 173 0 0
1251 115 173 0 0
1252 116 173 0 0
1253 115 173 0 0
1254 116 173 0 0
1255 115 173 0 0
1256 115 174 0 0
1257 116 174 0 0
1258 115 174 0 0
1259 116 174 0 0
1260 115 174 0 0
1261 116 174 0 0
1262 115 174 0 0
1263 115 175 0 0
1264 116 175 0 0
1265 115 175 0 0
1266 116 175 0 0
1267 115 175 0 0
1268 116 175 0 0
1269 115 175 0 0
1270 115 176 0 0
1271 116 176 0 0
1272 115 176 0 0
1273 116 176 0 0
1274 115 176 0 0
1275 116 176 0 0
1276 115 176 0 0
1277 115 177 0 0
1278 116 177 0 0
1279 115 177 0 0
1280 116 177 0 0
1281 115 177 0 0
1282 116 177 0 0
1283 115 177 0 0
1284 115 178 0 0
1285 116 178 0 0
1286 115 178 0 0
1287 116 178 0 0
1288 115 178 0 0
1289 115 179 0 0
1290 116 179 0 0
1291 115 179 0 0
1292 116 179 0 0
1293 115 179 0 0
1294 116 179 0 0
1295 115 179 0 0
1296 115 180 0 0
1297 116 180 0 0
1298 115 180 0 0
1299 116 180 0 0
1300 115 180 0 0
1301 116 180 0 0
1302 115 180 0 0
1303 115 181 0 0
1304 116 181 0 0
1305 115 181 0 0
1306 116 181 0 0
1307 115 181 0 0
1308 116 181 0 0
1309 115 181 0 0
1310 115 182 0 0
1311 116 182 0 0
1312 115 182 0 0
1313 116 182 0 0
1314 115 182 0 0
1315 116 182 0 0
1316 116 183 0 0
1317 117 183 0 0
1318 116 183 0 0
1319 117 183 0 0
1320 116 183 0 0
1321 116 184 0 0
1322 117 184 0 0
1323 116 184 0 0
1324 117 184 0 0
1325 116 184 0 0
1326 117 184 0 0
1327 116 184 0 0
1328 116 185 0 0
1329 117 185 0 0
1330 116 185 0 0
1331 117 185 0 0
1332 116 185 0 0
1333 117 185 0 0
1334 116 185 0 0
1335 116 186 0 0
1336 117 186 0 0
1337 116 186 0 0
1338 117 186 0 0
1339 116 186 0 0
1340 117 186 0 0
1341 116 186 0 0
1342 116 187 0 0
1343 117 187 0 0
1344 116 187 0 0
1345 117 187 0 0
1346 116 187 0 0
1347 117 187 0 0
1348 116 187 0 0
1349 116 188 0 0
1350 117 188 0 0
1351 116 188 0 0
1352 117 188 0 0
1353 116 188 0 0
1354 116 189 0 0
1355 117 189 0 0
1356 116 189 0 0
1357 117 189 0 0
1358 116 189 0 0
1359 117 189 0 0
1360 116 189 0 0
1361 116 190 0 0
1362 117 190 0 0
1363 116 190 0 0
1364 117 190 0 0
1365 116 190 0 0
1366 117 190 0 0
1367 116 190 0 0
1368 117 190 0 0
1369 116 190 0 0
1370 116 191 0 0
1371 117 191 0 0
1372 116 191 0 0
1373 117 191 0 0
1374 116 191 0 0
1375 116 192 0 0
1376 117 192 0 0
1377 116 192 0 0
1378 117 192 0 0
1379 116 192 0 0
1380 117 192 0 0
1381 116 192 0 0
1382 116 193 0 0
1383 117 193 0 0
1384 116 193 0 0
1385 117 193 0 0
1386 116 193 0 0
1387 117 193 0 0
1388 116 193 0 0
1389 116 194 0 0
1390 117 194 0 0
1391 116 194 0 0
1392 117 194 0 0
1393 116 194 0 0
1394 117 194 0 0
1395 116 194 0 0
1396 116 195 0 0
1397 117 195 0 0
1398 118 195 0 0
1399 117 195 0 0
1400 118 195 0 0
1401 117 195 0 0
1402 117 196 0 0
1403 118 196 0 0
1404 117 196 0 0
1405 118 196 0 0
1406 117 196 0 0
1407 118 196 0 0
1408 117 196 0 0
1409 118 196 0 0
1410 117 196 0 0
1411 117 197 0 0
1412 118 197 0 0
1413 117 197 0 0
1414 118 197 0 0
1415 117 197 0 0
1416 118 197 0 0
1417 117 197 0 0
1418 117 198 0 0
1419 118 198 0 0
1420 117 198 0 0
1421 118 198 0 0
1422 117 198 0 0
1423 118 198 0 0
1424 117 198 0 0
1425 117 199 0 0
1426 118 199 0 0
1427 117 199 0 0
1428 118 199 0 0
1429 119 199 0 0
1430 118 199 0 0
1431 118 200 0 0
1432 119 200 0 0
1433 118 200 0 0
1434 119 200 0 0
1435 118 200 0 0
1436 119 200 0 0
1437 118 200 0 0
1438 118 201 0 0
1439 119 201 0 0
1440 118 201 0 0
1441 119 201 0 0
1442 118 201 0 0
1443 118 202 0 0
1444 119 202 0 0
1445 118 202 0 0
1446 119 202 0 0
1447 118 202 0 0
1448 119 202 0 0
1449 118 202 0 0
1450 118 203 0 0
1451 119 203 0 0
1452 118 203 0 0
1453 119 203 0 0
1454 118 203 0 0
1455 119 203 0 0
1456 118 203 0 0
1457 118 204 0 0
1458 119 204 0 0
1459 118 204 0 0
1460 119 204 0 0
1461 118 204 0 0
1462 119 204 0 0
1463 118 204 0 0
1464 118 205 0 0
1465 119 205 0 0
1466 118 205 0 0
1467 119 205 0 0
1468 118 205 0 0
1469 119 205 0 0
1470 119 206 0 0
1471 120 206 0 0
1472 119 206 0 0
1473 120 206 0 0
1474 119 206 0 0
1475 120 206 0 0
1476 119 206 0 0
1477 119 207 0 0
1478 120 207 0 0
1479 119 207 0 0
1480 120 207 0 0
1481 119 207 0 0
1482 120 207 0 0
1483 119 207 0 0
1484 119 208 0 0
1485 120 208 0 0
1486 119 208 0 0
1487 120 208 0 0
1488 119 208 0 0
1489 120 208 0 0
1490 119 208 0 0
1491 119 209 0 0
1492 120 209 0 0
1493 119 209 0 0
1494 120 209 0 0
1495 119 209 0 0
1496 120 209 0 0
1497 119 209 0 0
1498 119 210 0 0
1499 120 210 0 0
1500 121 210 0 0
1501 120 210 0 0
1502 121 210 0 0
1503 120 210 0 0
1504 120 211 0 0
1505 121 211 0 0
1506 120 211 0 0
1507 121 211 0 0
1508 120 211 0 0
1509 120 212 0 0
1510 121 212 0 0
1511 120 212 0 0
1512 121 212 0 0
1513 120 212 0 0
1514 120 213 0 0
1515 121 213 0 0
1516 120 213 0 0
1517 121 213 0 0
1518 120 213 0 0
1519 121 213 0 0
1520 120 213 0 0
1521 120 214 0 0
1522 121 214 0 0
1523 120 214 0 0
1524 121 214 0 0
1525 120 214 0 0
1526 120 215 0 0
1527 121 215 0 0
1528 120 215 0 0
1529 121 215 0 0
1530 120 215 0 0
1531 120 216 0 0
1532 121 216 0 0
1533 120 216 0 0
1534 121 216 0 0
1535 120 216 0 0
1536 121 216 0 0
1537 120 216 0 0
1538 120 217 0 0
1539 121 217 0 0
1540 120 217 0 0
1541 121 217 0 0
1542 120 217 0 0
1543 120 218 0 0
1544 121 218 0 0
1545 120 218 0 0
1546 121 218 0 0
1547 120 218 0 0
1548 121 218 0 0
1549 120 218 0 0
1550 120 219 0 0
1551 121 219 0 0
1552 120 219 0 0
1553 121 219 0 0
1554 120 219 0 0
1555 120 220 0 0
1556 121 220 0 0
1557 120 220 0 0
1558 121 220 0 0
1559 120 220 0 0
1560 120 221 0 0
1561 121 221 0 0
1562 120 221 0 0
1563 121 221 0 0
1564 120 221 0 0
1565 121 221 0 0
1566 120 221 0 0
1567 120 222 0 0
1568 121 222 0 0
1569 120 222 0 0
1570 121 222 0 0
1571 120 222 0 0
1572 120 223 0 0
1573 121 223 0 0
1574 120 223 0 0
1575 121 223 0 0
1576 120 223 0 0
1577 120 224 0 0
1578 121 224 0 0
1579 120 224 0 0
1580 121 224 0 0
1581 120 224 0 0
1582 121 224 0 0
1583 120 224 0 0
1584 120 225 0 0
1585 121 225 0 0
1586 120 225 0 0
1587 121 225 0 0
1588 120 225 0 0
1589 120 226 0 0
1590 121 226 0 0
1591 120 226 0 0
1592 121 226 0 0
1593 120 226 0 0
1594 120 227 0 0
1595 121 227 0 0
1596 122 227 0 0
1597 121 227 0 0
1598 122 227 0 0
1599 121 227 0 0
1600 121 228 0 0
1601 122 228 0 0
1602 121 228 0 0
1603 122 228 0 0
1604 121 228 0 0
1605 122 228 0 0
1606 121 228 0 0
1607 122 228 0 0
1608 121 228 0 0
1609 121 229 0 0
1610 122 229 0 0
1611 121 229 0 0
1612 122 229 0 0
1613 121 229 0 0
1614 122 229 0 0
1615 121 229 0 0
1616 121 230 0 0
1617 122 230 0 0
1618 121 230 0 0
1619 122 230 0 0
1620 121 230 0 0
1621 122 230 0 0
1622 121 230 0 0
1623 122 230 0 0
1624 121 230 0 0
1625 121 231 0 0
1626 122 231 0 0
1627 121 231 0 0
1628 122 231 0 0
1629 121 231 0 0
1630 122 231 0 0
1631 121 231 0 0
1632 121 232 0 0
1633 122 232 0 0
1634 121 232 0 0
1635 122 232 0 0
1636 121 232 0 0
1637 122 232 0 0
1638 121 232 0 0
1639 122 232 0 0
1640 121 232 0 0
1641 121 233 0 0
1642 122 233 0 0
1643 121 233 0 0
1644 122 233 0 0
1645 121 233 0 0
1646 122 233 0 0
