0 39000 20800 0 0
1 38800 20800 0 0
2 38600 20800 0 0
3 38400 20800 0 0
4 38400 20600 0 0
5 38400 20800 0 0
6 38200 20800 0 0
7 38000 20800 0 0
8 37800 20800 0 0
9 37600 20800 0 0
10 37400 20800 0 0
11 37200 20800 0 0
12 37000 20800 0 0
13 36800 20800 0 0
14 36600 20800 0 0
15 36600 21000 0 0
16 36400 21000 0 0
17 36200 21000 0 0
18 36000 21000 0 0
19 35800 21000 0 0
20 35600 21000 0 0
21 35400 21000 0 0
22 35200 21000 0 0
23 35000 21000 0 0
24 34800 21000 0 0
25 34600 21000 0 0
26 34600 21200 0 0
27 34400 21200 0 0
28 34200 21200 0 0
29 34000 21200 0 0
30 33800 21200 0 0
31 33600 21200 0 0
32 33400 21200 0 0
33 33200 21200 0 0
34 33000 21200 0 0
35 32800 21200 0 0
36 32800 21400 0 0
37 32600 21400 0 0
38 32400 21400 0 0
39 32200 21400 0 0
40 32000 21400 0 0
41 31800 21400 0 0
42 31600 21400 0 0
43 31400 21400 0 0
44 31200 21400 0 0
45 31000 21400 0 0
46 30800 21400 0 0
47 30800 21600 0 0
48 30600 21600 0 0
49 30400 21600 0 0
50 30200 21600 0 0
51 30000 21600 0 0
52 29800 21600 0 0
53 29600 21600 0 0
54 29400 21600 0 0
55 29400 21800 0 0
56 29200 21800 0 0
57 29000 21800 0 0
58 28800 21800 0 0
59 28600 21800 0 0
60 28400 21800 0 0
61 28200 21800 0 0
62 28200 22000 0 0
63 28000 22000 0 0
64 27800 22000 0 0
65 27600 22000 0 0
66 27400 22000 0 0
67 27200 22000 0 0
68 27000 22000 0 0
69 27000 22200 0 0
70 26800 22200 0 0
71 26600 22200 0 0
72 26400 22200 0 0
73 26200 22200 0 0
74 26000 22200 0 0
75 26000 22400 0 0
76 25800 22400 0 0
77 25600 22400 0 0
78 25400 22400 0 0
79 25200 22400 0 0
80 25000 22400 0 0
81 24800 22400 0 0
82 24800 22600 0 0
83 24600 22600 0 0
84 24400 22600 0 0
85 24200 22600 0 0
86 24000 22600 0 0
87 23800 22600 0 0
88 23600 22600 0 0
89 23600 22800 0 0
90 23400 22800 0 0
91 23200 22800 0 0
92 23000 22800 0 0
93 22800 22800 0 0
94 22600 22800 0 0
95 22400 22800 0 0
96 22400 23000 0 0
97 22200 23000 0 0
98 22000 23000 0 0
99 21800 23000 0 0
100 21600 23000 0 0
101 21400 23000 0 0
102 21200 23000 0 0
103 21000 23000 0 0
104 20800 23000 0 0
105 20600 23000 0 0
106 20600 22800 0 0
107 20400 22800 0 0
108 20200 22800 0 0
109 20000 22800 0 0
110 19800 22800 0 0
111 19800 22600 0 0
112 19600 22600 0 0
113 19400 22600 0 0
114 19200 22600 0 0
115 19000 22600 0 0
116 19000 22400 0 0
117 18800 22400 0 0
118 18600 22400 0 0
119 18400 22400 0 0
120 18400 22200 0 0
121 18200 22200 0 0
122 18000 22200 0 0
123 17800 22200 0 0
124 17600 22200 0 0
125 17600 22000 0 0
126 17400 22000 0 0
127 17200 22000 0 0
128 17000 22000 0 0
129 16800 22000 0 0
130 16800 21800 0 0
131 16600 21800 0 0
132 16400 21800 0 0
133 16200 21800 0 0
134 16200 21600 0 0
135 16000 21600 0 0
136 15800 21600 0 0
137 15600 21600 0 0
138 15600 21400 0 0
139 15400 21400 0 0
140 15200 21400 0 0
141 15000 21400 0 0
142 15000 21200 0 0
143 14800 21200 0 0
144 14600 21200 0 0
145 14400 21200 0 0
146 14400 21000 0 0
147 14200 21000 0 0
148 14000 21000 0 0
149 14000 20800 0 0
150 13800 20800 0 0
151 13600 20800 0 0
152 13400 20800 0 0
153 13200 20800 0 0
154 13000 20800 0 0
155 12800 20800 0 0
156 12800 20600 0 0
157 12600 20600 0 0
158 12400 20600 0 0
159 12200 20600 0 0
160 12000 20600 0 0
161 11800 20600 0 0
162 11600 20600 0 0
163 11400 20600 0 0
164 11200 20600 0 0
165 11200 20400 0 0
166 11000 20400 0 0
167 10800 20400 0 0
168 10600 20400 0 0
169 10400 20400 0 0
170 10200 20400 0 0
171 10000 20400 0 0
172 9800 20400 0 0
173 9600 20400 0 0
174 9600 20200 0 0
175 9400 20200 0 0
176 9200 20200 0 0
177 9000 20200 0 0
178 8800 20200 0 0
179 8600 20200 0 0
180 8400 20200 0 0
181 8200 20200 0 0
182 8000 20200 0 0
183 7800 20200 0 0
184 7600 20200 0 0
185 7400 20200 0 0
186 7200 20200 0 0
187 7000 20200 0 0
188 6800 20200 0 0
189 6600 20200 0 0
190 6400 20200 0 0
191 6200 20200 0 0
192 6000 20200 0 0
193 5800 20200 0 0
194 5600 20200 0 0
195 5400 20200 0 0
196 5200 20200 0 0
197 5000 20200 0 0
198 5000 20000 0 0
199 4800 20000 0 0
200 4600 20000 0 0
201 4400 20000 0 0
202 4200 20000 0 0
203 4000 20000 0 0
204 3800 20000 0 0
205 3600 20000 0 0
206 3400 20000 0 0
207 3200 20000 0 0
208 3000 20000 0 0
209 2800 20000 0 0
210 2600 20000 0 0
211 2400 20000 0 0
212 2200 20000 0 0
213 2000 20000 0 0
214 1800 20000 0 0
215 1600 20000 0 0
216 1400 20000 0 0
217 1200 20000 0 0
218 1000 20000 0 0
