0 10 97 0 0
1 10 98 0 0
2 11 98 0 0
3 12 98 0 0
4 13 98 0 0
5 14 98 0 0
6 15 98 0 0
7 16 98 0 0
8 17 98 0 0
9 17 99 0 0
10 18 99 0 0
11 19 99 0 0
12 20 99 0 0
13 21 99 0 0
14 22 99 0 0
15 23 99 0 0
16 24 99 0 0
17 25 99 0 0
18 26 99 0 0
19 27 99 0 0
20 28 99 0 0
21 29 99 0 0
22 30 99 0 0
23 31 99 0 0
24 32 99 0 0
25 33 99 0 0
26 34 99 0 0
27 35 99 0 0
28 36 99 0 0
29 37 99 0 0
30 38 99 0 0
31 39 99 0 0
32 39 98 0 0
33 39 99 0 0
34 40 99 0 0
35 41 99 0 0
36 42 99 0 0
37 43 99 0 0
38 44 99 0 0
39 45 99 0 0
40 45 100 0 0
41 46 100 0 0
42 47 100 0 0
43 48 100 0 0
44 49 100 0 0
45 50 100 0 0
46 51 100 0 0
47 51 101 0 0
48 52 101 0 0
49 53 101 0 0
50 54 101 0 0
51 55 101 0 0
52 56 101 0 0
53 57 101 0 0
54 58 101 0 0
55 59 101 0 0
56 60 101 0 0
57 61 101 0 0
58 61 100 0 0
59 62 100 0 0
60 63 100 0 0
61 64 100 0 0
62 65 100 0 0
63 65 99 0 0
64 66 99 0 0
65 67 99 0 0
66 68 99 0 0
67 68 98 0 0
68 69 98 0 0
69 70 98 0 0
70 70 97 0 0
71 71 97 0 0
72 72 97 0 0
73 73 97 0 0
74 73 96 0 0
75 74 96 0 0
76 75 96 0 0
77 75 95 0 0
78 76 95 0 0
79 76 94 0 0
80 77 94 0 0
81 78 94 0 0
82 78 93 0 0
83 79 93 0 0
84 80 93 0 0
85 80 92 0 0
86 81 92 0 0
87 82 92 0 0
88 82 91 0 0
89 83 91 0 0
90 84 91 0 0
91 84 90 0 0
92 85 90 0 0
93 86 90 0 0
94 86 89 0 0
95 87 89 0 0
96 88 89 0 0
97 88 88 0 0
98 89 88 0 0
99 90 88 0 0
100 90 87 0 0
101 91 87 0 0
102 92 87 0 0
103 93 87 0 0
104 94 87 0 0
105 95 87 0 0
106 96 87 0 0
107 97 87 0 0
108 98 87 0 0
109 99 87 0 0
110 100 87 0 0
111 101 87 0 0
112 102 87 0 0
113 103 87 0 0
114 104 87 0 0
115 104 86 0 0
116 104 87 0 0
117 105 87 0 0
118 105 88 0 0
119 106 88 0 0
120 107 88 0 0
121 107 89 0 0
122 108 89 0 0
123 109 89 0 0
124 109 90 0 0
125 110 90 0 0
126 111 90 0 0
127 112 90 0 0
128 113 90 0 0
129 113 91 0 0
130 114 91 0 0
131 115 91 0 0
132 116 91 0 0
133 117 91 0 0
134 118 91 0 0
135 119 91 0 0
136 119 92 0 0
137 120 92 0 0
138 121 92 0 0
139 122 92 0 0
140 123 92 0 0
141 124 92 0 0
142 125 92 0 0
143 126 92 0 0
144 127 92 0 0
145 127 93 0 0
146 128 93 0 0
147 129 93 0 0
148 130 93 0 0
149 131 93 0 0
150 132 93 0 0
151 133 93 0 0
152 134 93 0 0
153 135 93 0 0
154 136 93 0 0
155 137 93 0 0
156 138 93 0 0
157 139 93 0 0
158 139 94 0 0
159 140 94 0 0
160 141 94 0 0
161 142 94 0 0
162 143 94 0 0
163 144 94 0 0
164 145 94 0 0
165 146 94 0 0
166 147 94 0 0
167 148 94 0 0
168 149 94 0 0
169 150 94 0 0
170 151 94 0 0
171 151 95 0 0
172 152 95 0 0
173 153 95 0 0
174 154 95 0 0
175 155 95 0 0
176 156 95 0 0
177 157 95 0 0
178 158 95 0 0
179 159 95 0 0
180 160 95 0 0
181 161 95 0 0
182 162 95 0 0
183 163 95 0 0
184 164 95 0 0
185 165 95 0 0
186 166 95 0 0
187 167 95 0 0
188 168 95 0 0
189 169 95 0 0
190 170 95 0 0
191 171 95 0 0
192 172 95 0 0
193 173 95 0 0
194 174 95 0 0
195 175 95 0 0
196 176 95 0 0
197 177 95 0 0
198 178 95 0 0
199 179 95 0 0
200 180 95 0 0
201 181 95 0 0
202 181 94 0 0
203 182 94 0 0
204 183 94 0 0
205 184 94 0 0
206 185 94 0 0
207 186 94 0 0
208 187 94 0 0
209 188 94 0 0
210 189 94 0 0
211 190 94 0 0
212 191 94 0 0
213 192 94 0 0
214 193 94 0 0
