0 2 100 0 0
1 3 100 0 0
2 4 100 0 0
3 5 100 0 0
4 6 100 0 0
5 7 100 0 0
6 8 100 0 0
7 9 100 0 0
8 10 100 0 0
9 11 100 0 0
10 12 100 0 0
11 13 100 0 0
12 13 99 0 0
13 14 99 0 0
14 15 99 0 0
15 16 99 0 0
16 17 99 0 0
17 18 99 0 0
18 19 99 0 0
19 20 99 0 0
20 21 99 0 0
21 22 99 0 0
22 23 99 0 0
23 24 99 0 0
24 25 99 0 0
25 26 99 0 0
26 27 99 0 0
27 28 99 0 0
28 29 99 0 0
29 30 99 0 0
30 31 99 0 0
31 32 99 0 0
32 33 99 0 0
33 34 99 0 0
34 35 99 0 0
35 35 98 0 0
36 36 98 0 0
37 37 98 0 0
38 38 98 0 0
39 39 98 0 0
40 40 98 0 0
41 41 98 0 0
42 42 98 0 0
43 43 98 0 0
44 44 98 0 0
45 45 98 0 0
46 46 98 0 0
47 47 98 0 0
48 48 98 0 0
49 48 97 0 0
50 49 97 0 0
51 50 97 0 0
52 51 97 0 0
53 52 97 0 0
54 53 97 0 0
55 54 97 0 0
56 55 97 0 0
57 56 97 0 0
58 57 97 0 0
59 58 97 0 0
60 59 97 0 0
61 60 97 0 0
62 61 97 0 0
63 61 96 0 0
64 62 96 0 0
65 63 96 0 0
66 64 96 0 0
67 65 96 0 0
68 66 96 0 0
69 67 96 0 0
70 68 96 0 0
71 69 96 0 0
72 70 96 0 0
73 70 95 0 0
74 71 95 0 0
75 72 95 0 0
76 73 95 0 0
77 74 95 0 0
78 75 95 0 0
79 75 94 0 0
80 76 94 0 0
81 77 94 0 0
82 78 94 0 0
83 79 94 0 0
84 79 93 0 0
85 80 93 0 0
86 81 93 0 0
87 82 93 0 0
88 83 93 0 0
89 84 93 0 0
90 84 92 0 0
91 85 92 0 0
92 86 92 0 0
93 87 92 0 0
94 88 92 0 0
95 89 92 0 0
96 89 91 0 0
97 90 91 0 0
98 91 91 0 0
99 92 91 0 0
100 93 91 0 0
101 94 91 0 0
102 94 90 0 0
103 95 90 0 0
104 96 90 0 0
105 97 90 0 0
106 98 90 0 0
107 99 90 0 0
108 99 89 0 0
109 100 89 0 0
110 101 89 0 0
111 102 89 0 0
112 103 89 0 0
113 104 89 0 0
114 105 89 0 0
115 106 89 0 0
116 107 89 0 0
117 107 90 0 0
118 108 90 0 0
119 109 90 0 0
120 110 90 0 0
121 111 90 0 0
122 112 90 0 0
123 113 90 0 0
124 114 90 0 0
125 115 90 0 0
126 116 90 0 0
127 117 90 0 0
128 118 90 0 0
129 118 91 0 0
130 119 91 0 0
131 120 91 0 0
132 121 91 0 0
133 122 91 0 0
134 123 91 0 0
135 124 91 0 0
136 125 91 0 0
137 126 91 0 0
138 127 91 0 0
139 128 91 0 0
140 129 91 0 0
141 129 92 0 0
142 130 92 0 0
143 131 92 0 0
144 132 92 0 0
145 133 92 0 0
146 133 93 0 0
147 134 93 0 0
148 135 93 0 0
149 136 93 0 0
150 136 94 0 0
151 137 94 0 0
152 138 94 0 0
153 138 95 0 0
154 139 95 0 0
155 140 95 0 0
156 141 95 0 0
157 142 95 0 0
158 143 95 0 0
159 144 95 0 0
160 145 95 0 0
161 146 95 0 0
162 147 95 0 0
163 148 95 0 0
164 148 94 0 0
165 149 94 0 0
166 149 95 0 0
167 150 95 0 0
168 151 95 0 0
169 152 95 0 0
170 153 95 0 0
171 153 96 0 0
172 154 96 0 0
173 155 96 0 0
174 156 96 0 0
175 156 97 0 0
176 157 97 0 0
177 158 97 0 0
178 159 97 0 0
179 160 97 0 0
180 161 97 0 0
181 161 98 0 0
182 162 98 0 0
183 163 98 0 0
184 164 98 0 0
185 165 98 0 0
186 166 98 0 0
187 166 99 0 0
188 167 99 0 0
189 168 99 0 0
190 169 99 0 0
191 170 99 0 0
192 171 99 0 0
193 172 99 0 0
194 173 99 0 0
195 174 99 0 0
196 175 99 0 0
197 176 99 0 0
198 177 99 0 0
199 178 99 0 0
200 179 99 0 0
201 180 99 0 0
202 181 99 0 0
203 182 99 0 0
204 183 99 0 0
205 184 99 0 0
206 185 99 0 0
207 186 99 0 0
208 187 99 0 0
209 187 100 0 0
210 188 100 0 0
211 189 100 0 0
212 190 100 0 0
213 191 100 0 0
214 192 100 0 0
215 193 100 0 0
216 194 100 0 0
217 195 100 0 0
