0 600 20000 0 0
1 800 20000 0 0
2 1000 20000 0 0
3 1200 20000 0 0
4 1400 20000 0 0
5 1600 20000 0 0
6 1800 20000 0 0
7 2000 20000 0 0
8 2200 20000 0 0
9 2400 20000 0 0
10 2600 20000 0 0
11 2800 20000 0 0
12 3000 20000 0 0
13 3200 20000 0 0
14 3400 20000 0 0
15 3600 20000 0 0
16 3800 20000 0 0
17 4000 20000 0 0
18 4200 20000 0 0
19 4400 20000 0 0
20 4600 20000 0 0
21 4800 20000 0 0
22 5000 20000 0 0
23 5200 20000 0 0
24 5400 20000 0 0
25 5600 20000 0 0
26 5800 20000 0 0
27 6000 20000 0 0
28 6200 20000 0 0
29 6400 20000 0 0
30 6600 20000 0 0
31 6800 20000 0 0
32 7000 20000 0 0
33 7200 20000 0 0
34 7400 20000 0 0
35 7600 20000 0 0
36 7800 20000 0 0
37 8000 20000 0 0
38 8200 20000 0 0
39 8200 19800 0 0
40 8400 19800 0 0
41 8600 19800 0 0
42 8800 19800 0 0
43 9000 19800 0 0
44 9200 19800 0 0
45 9400 19800 0 0
46 9400 19600 0 0
47 9600 19600 0 0
48 9800 19600 0 0
49 10000 19600 0 0
50 10200 19600 0 0
51 10400 19600 0 0
52 10600 19600 0 0
53 10800 19600 0 0
54 11000 19600 0 0
55 11200 19600 0 0
56 11400 19600 0 0
57 11600 19600 0 0
58 11800 19600 0 0
59 12000 19600 0 0
60 12200 19600 0 0
61 12200 19400 0 0
62 12400 19400 0 0
63 12600 19400 0 0
64 12600 19200 0 0
65 12800 19200 0 0
66 13000 19200 0 0
67 13200 19200 0 0
68 13200 19000 0 0
69 13400 19000 0 0
70 13600 19000 0 0
71 13800 19000 0 0
72 14000 19000 0 0
73 14000 18800 0 0
74 14200 18800 0 0
75 14400 18800 0 0
76 14600 18800 0 0
77 14600 18600 0 0
78 14800 18600 0 0
79 15000 18600 0 0
80 15200 18600 0 0
81 15200 18400 0 0
82 15400 18400 0 0
83 15400 18200 0 0
84 15600 18200 0 0
85 15800 18200 0 0
86 16000 18200 0 0
87 16000 18000 0 0
88 16200 18000 0 0
89 16400 18000 0 0
90 16400 17800 0 0
91 16600 17800 0 0
92 16800 17800 0 0
93 16800 17600 0 0
94 17000 17600 0 0
95 17200 17600 0 0
96 17200 17400 0 0
97 17400 17400 0 0
98 17600 17400 0 0
99 17800 17400 0 0
100 17800 17200 0 0
101 18000 17200 0 0
102 18200 17200 0 0
103 18400 17200 0 0
104 18400 17000 0 0
105 18600 17000 0 0
106 18800 17000 0 0
107 18800 16800 0 0
108 19000 16800 0 0
109 19200 16800 0 0
110 19200 16600 0 0
111 19400 16600 0 0
112 19600 16600 0 0
113 19800 16600 0 0
114 20000 16600 0 0
115 20200 16600 0 0
116 20400 16600 0 0
117 20600 16600 0 0
118 20800 16600 0 0
119 21000 16600 0 0
120 21200 16600 0 0
121 21200 16800 0 0
122 21400 16800 0 0
123 21600 16800 0 0
124 21800 16800 0 0
125 22000 16800 0 0
126 22200 16800 0 0
127 22400 16800 0 0
128 22600 16800 0 0
129 22800 16800 0 0
130 23000 16800 0 0
131 23000 17000 0 0
132 23200 17000 0 0
133 23400 17000 0 0
134 23600 17000 0 0
135 23600 17200 0 0
136 23800 17200 0 0
137 24000 17200 0 0
138 24200 17200 0 0
139 24200 17400 0 0
140 24400 17400 0 0
141 24600 17400 0 0
142 24600 17600 0 0
143 24800 17600 0 0
144 25000 17600 0 0
145 25000 17800 0 0
146 25200 17800 0 0
147 25200 18000 0 0
148 25400 18000 0 0
149 25600 18000 0 0
150 25600 18200 0 0
151 25800 18200 0 0
152 25800 18400 0 0
153 26000 18400 0 0
154 26200 18400 0 0
155 26400 18400 0 0
156 26400 18600 0 0
157 26600 18600 0 0
158 26800 18600 0 0
159 26800 18800 0 0
160 27000 18800 0 0
161 27200 18800 0 0
162 27400 18800 0 0
163 27400 19000 0 0
164 27600 19000 0 0
165 27800 19000 0 0
166 28000 19000 0 0
167 28000 19200 0 0
168 28200 19200 0 0
169 28400 19200 0 0
170 28600 19200 0 0
171 28600 19400 0 0
172 28800 19400 0 0
173 29000 19400 0 0
174 29200 19400 0 0
175 29400 19400 0 0
176 29400 19600 0 0
177 29600 19600 0 0
178 29800 19600 0 0
179 30000 19600 0 0
180 30000 19800 0 0
181 30200 19800 0 0
182 30400 19800 0 0
183 30600 19800 0 0
184 30600 20000 0 0
185 30800 20000 0 0
186 31000 20000 0 0
187 31200 20000 0 0
188 31400 20000 0 0
189 31600 20000 0 0
190 31800 20000 0 0
191 32000 20000 0 0
192 32200 20000 0 0
193 32200 20200 0 0
194 32400 20200 0 0
195 32600 20200 0 0
196 32800 20200 0 0
197 33000 20200 0 0
198 33200 20200 0 0
199 33400 20200 0 0
200 33600 20200 0 0
201 33800 20200 0 0
202 33800 20000 0 0
203 34000 20000 0 0
204 34200 20000 0 0
205 34400 20000 0 0
206 34600 20000 0 0
207 34800 20000 0 0
208 35000 20000 0 0
209 35200 20000 0 0
210 35400 20000 0 0
211 35600 20000 0 0
212 35800 20000 0 0
213 36000 20000 0 0
214 36200 20000 0 0
215 36400 20000 0 0
216 36400 19800 0 0
217 36400 20000 0 0
218 36600 20000 0 0
219 36800 20000 0 0
220 37000 20000 0 0
221 37200 20000 0 0
222 37400 20000 0 0
223 37600 20000 0 0
224 37800 20000 0 0
225 38000 20000 0 0
226 38200 20000 0 0
227 38400 20000 0 0
228 38600 20000 0 0
229 38800 20000 0 0
