0 103 4 0 0
1 103 5 0 0
2 103 6 0 0
3 103 7 0 0
4 103 8 0 0
5 103 9 0 0
6 103 10 0 0
7 103 11 0 0
8 103 12 0 0
9 103 13 0 0
10 103 14 0 0
11 103 15 0 0
12 103 16 0 0
13 103 17 0 0
14 103 18 0 0
15 103 19 0 0
16 103 20 0 0
17 103 21 0 0
18 103 22 0 0
19 103 23 0 0
20 103 24 0 0
21 103 25 0 0
22 103 26 0 0
23 103 27 0 0
24 103 28 0 0
25 103 29 0 0
26 103 30 0 0
27 103 31 0 0
28 103 32 0 0
29 103 33 0 0
30 103 34 0 0
31 103 35 0 0
32 103 36 0 0
33 103 37 0 0
34 103 38 0 0
35 103 39 0 0
36 103 40 0 0
37 103 41 0 0
38 104 41 0 0
39 104 42 0 0
40 104 43 0 0
41 104 44 0 0
42 104 45 0 0
43 104 46 0 0
44 104 47 0 0
45 105 47 0 0
46 105 48 0 0
47 105 49 0 0
48 105 50 0 0
49 105 51 0 0
50 105 52 0 0
51 105 53 0 0
52 105 54 0 0
53 105 55 0 0
54 106 55 0 0
55 106 56 0 0
56 106 57 0 0
57 106 58 0 0
58 107 58 0 0
59 107 59 0 0
60 107 60 0 0
61 107 61 0 0
62 108 61 0 0
63 108 62 0 0
64 108 63 0 0
65 108 64 0 0
66 109 64 0 0
67 109 65 0 0
68 109 66 0 0
69 109 67 0 0
70 110 67 0 0
71 110 68 0 0
72 110 69 0 0
73 111 69 0 0
74 111 70 0 0
75 112 70 0 0
76 112 71 0 0
77 113 71 0 0
78 113 72 0 0
79 113 73 0 0
80 114 73 0 0
81 114 74 0 0
82 115 74 0 0
83 115 75 0 0
84 116 75 0 0
85 116 76 0 0
86 117 76 0 0
87 117 77 0 0
88 118 77 0 0
89 118 78 0 0
90 119 78 0 0
91 120 78 0 0
92 120 79 0 0
93 121 79 0 0
94 121 80 0 0
95 122 80 0 0
96 122 81 0 0
97 123 81 0 0
98 123 82 0 0
99 124 82 0 0
100 124 83 0 0
101 125 83 0 0
102 126 83 0 0
103 126 84 0 0
104 127 84 0 0
105 128 84 0 0
106 128 85 0 0
107 129 85 0 0
108 129 86 0 0
109 130 86 0 0
110 131 86 0 0
111 131 87 0 0
112 132 87 0 0
113 133 87 0 0
114 133 88 0 0
115 134 88 0 0
116 135 88 0 0
117 135 89 0 0
118 136 89 0 0
119 136 90 0 0
120 137 90 0 0
121 138 90 0 0
122 138 91 0 0
123 139 91 0 0
124 140 91 0 0
125 141 91 0 0
126 141 92 0 0
127 142 92 0 0
128 143 92 0 0
129 144 92 0 0
130 144 93 0 0
131 145 93 0 0
132 146 93 0 0
133 147 93 0 0
134 148 93 0 0
135 149 93 0 0
136 150 93 0 0
137 151 93 0 0
138 152 93 0 0
139 153 93 0 0
140 154 93 0 0
141 155 93 0 0
142 156 93 0 0
143 156 94 0 0
144 157 94 0 0
145 158 94 0 0
146 159 94 0 0
147 160 94 0 0
148 161 94 0 0
149 161 95 0 0
150 162 95 0 0
151 163 95 0 0
152 164 95 0 0
153 165 95 0 0
154 166 95 0 0
155 167 95 0 0
156 168 95 0 0
157 169 95 0 0
158 170 95 0 0
159 171 95 0 0
160 172 95 0 0
161 173 95 0 0
162 174 95 0 0
163 175 95 0 0
164 176 95 0 0
165 177 95 0 0
166 178 95 0 0
167 179 95 0 0
168 180 95 0 0
169 181 95 0 0
170 182 95 0 0
171 183 95 0 0
172 184 95 0 0
173 185 95 0 0
174 186 95 0 0
175 187 95 0 0
176 188 95 0 0
177 189 95 0 0
178 190 95 0 0
179 191 95 0 0
180 191 96 0 0
181 192 96 0 0
