0 2 98 0 0
1 3 98 0 0
2 4 98 0 0
3 5 98 0 0
4 6 98 0 0
5 7 98 0 0
6 8 98 0 0
7 9 98 0 0
8 10 98 0 0
9 11 98 0 0
10 12 98 0 0
11 13 98 0 0
12 13 99 0 0
13 14 99 0 0
14 15 99 0 0
15 16 99 0 0
16 17 99 0 0
17 18 99 0 0
18 19 99 0 0
19 20 99 0 0
20 21 99 0 0
21 22 99 0 0
22 23 99 0 0
23 24 99 0 0
24 25 99 0 0
25 26 99 0 0
26 27 99 0 0
27 28 99 0 0
28 29 99 0 0
29 30 99 0 0
30 31 99 0 0
31 32 99 0 0
32 33 99 0 0
33 34 99 0 0
34 35 99 0 0
35 36 99 0 0
36 37 99 0 0
37 38 99 0 0
38 39 99 0 0
39 40 99 0 0
40 41 99 0 0
41 42 99 0 0
42 43 99 0 0
43 44 99 0 0
44 45 99 0 0
45 46 99 0 0
46 47 99 0 0
47 48 99 0 0
48 49 99 0 0
49 50 99 0 0
50 51 99 0 0
51 52 99 0 0
52 53 99 0 0
53 54 99 0 0
54 55 99 0 0
55 56 99 0 0
56 57 99 0 0
57 58 99 0 0
58 58 98 0 0
59 59 98 0 0
60 60 98 0 0
61 61 98 0 0
62 62 98 0 0
63 63 98 0 0
64 64 98 0 0
65 65 98 0 0
66 65 97 0 0
67 66 97 0 0
68 66 96 0 0
69 67 96 0 0
70 68 96 0 0
71 69 96 0 0
72 69 95 0 0
73 70 95 0 0
74 71 95 0 0
75 71 94 0 0
76 72 94 0 0
77 73 94 0 0
78 73 93 0 0
79 74 93 0 0
80 75 93 0 0
81 75 92 0 0
82 76 92 0 0
83 77 92 0 0
84 77 91 0 0
85 78 91 0 0
86 79 91 0 0
87 79 90 0 0
88 80 90 0 0
89 81 90 0 0
90 81 89 0 0
91 82 89 0 0
92 83 89 0 0
93 83 88 0 0
94 84 88 0 0
95 85 88 0 0
96 85 87 0 0
97 86 87 0 0
98 86 86 0 0
99 87 86 0 0
100 88 86 0 0
101 88 85 0 0
102 89 85 0 0
103 90 85 0 0
104 91 85 0 0
105 91 84 0 0
106 92 84 0 0
107 92 83 0 0
108 93 83 0 0
109 94 83 0 0
110 94 82 0 0
111 95 82 0 0
112 96 82 0 0
113 97 82 0 0
114 98 82 0 0
115 99 82 0 0
116 100 82 0 0
117 101 82 0 0
118 102 82 0 0
119 103 82 0 0
120 104 82 0 0
121 105 82 0 0
122 106 82 0 0
123 107 82 0 0
124 108 82 0 0
125 109 82 0 0
126 110 82 0 0
127 111 82 0 0
128 112 82 0 0
129 113 82 0 0
130 114 82 0 0
131 115 82 0 0
132 116 82 0 0
133 117 82 0 0
134 118 82 0 0
135 118 83 0 0
136 119 83 0 0
137 120 83 0 0
138 120 84 0 0
139 121 84 0 0
140 122 84 0 0
141 122 85 0 0
142 123 85 0 0
143 124 85 0 0
144 124 86 0 0
145 125 86 0 0
146 126 86 0 0
147 126 87 0 0
148 127 87 0 0
149 128 87 0 0
150 128 88 0 0
151 129 88 0 0
152 130 88 0 0
153 130 89 0 0
154 131 89 0 0
155 132 89 0 0
156 133 89 0 0
157 133 90 0 0
158 134 90 0 0
159 135 90 0 0
160 135 91 0 0
161 136 91 0 0
162 137 91 0 0
163 137 92 0 0
164 138 92 0 0
165 139 92 0 0
166 139 93 0 0
167 140 93 0 0
168 141 93 0 0
169 141 94 0 0
170 142 94 0 0
171 143 94 0 0
172 144 94 0 0
173 145 94 0 0
174 146 94 0 0
175 146 95 0 0
176 147 95 0 0
177 148 95 0 0
178 149 95 0 0
179 150 95 0 0
180 151 95 0 0
181 152 95 0 0
182 153 95 0 0
183 154 95 0 0
184 155 95 0 0
185 155 96 0 0
186 156 96 0 0
187 157 96 0 0
188 158 96 0 0
189 159 96 0 0
190 160 96 0 0
191 161 96 0 0
192 162 96 0 0
193 163 96 0 0
194 163 97 0 0
195 164 97 0 0
196 165 97 0 0
197 166 97 0 0
198 167 97 0 0
199 168 97 0 0
200 169 97 0 0
201 170 97 0 0
202 171 97 0 0
203 172 97 0 0
204 173 97 0 0
205 174 97 0 0
206 175 97 0 0
207 176 97 0 0
208 177 97 0 0
209 178 97 0 0
210 179 97 0 0
211 180 97 0 0
212 181 97 0 0
213 182 97 0 0
214 183 97 0 0
215 184 97 0 0
216 185 97 0 0
217 186 97 0 0
218 187 97 0 0
219 188 97 0 0
220 189 97 0 0
221 190 97 0 0
222 191 97 0 0
223 192 97 0 0
224 193 97 0 0
