0 200 19800 0 0
1 400 19800 0 0
2 600 19800 0 0
3 800 19800 0 0
4 1000 19800 0 0
5 1200 19800 0 0
6 1400 19800 0 0
7 1600 19800 0 0
8 1800 19800 0 0
9 2000 19800 0 0
10 2200 19800 0 0
11 2400 19800 0 0
12 2600 19800 0 0
13 2800 19800 0 0
14 3000 19800 0 0
15 3200 19800 0 0
16 3400 19800 0 0
17 3600 19800 0 0
18 3800 19800 0 0
19 4000 19800 0 0
20 4200 19800 0 0
21 4400 19800 0 0
22 4600 19800 0 0
23 4800 19800 0 0
24 5000 19800 0 0
25 5200 19800 0 0
26 5400 19800 0 0
27 5600 19800 0 0
28 5800 19800 0 0
29 6000 19800 0 0
30 6200 19800 0 0
31 6400 19800 0 0
32 6600 19800 0 0
33 6800 19800 0 0
34 7000 19800 0 0
35 7200 19800 0 0
36 7400 19800 0 0
37 7600 19800 0 0
38 7800 19800 0 0
39 8000 19800 0 0
40 8200 19800 0 0
41 8400 19800 0 0
42 8400 19600 0 0
43 8400 19800 0 0
44 8600 19800 0 0
45 8800 19800 0 0
46 9000 19800 0 0
47 9200 19800 0 0
48 9400 19800 0 0
49 9600 19800 0 0
50 9800 19800 0 0
51 10000 19800 0 0
52 10200 19800 0 0
53 10400 19800 0 0
54 10600 19800 0 0
55 10800 19800 0 0
56 11000 19800 0 0
57 11200 19800 0 0
58 11400 19800 0 0
59 11400 19600 0 0
60 11600 19600 0 0
61 11800 19600 0 0
62 12000 19600 0 0
63 12200 19600 0 0
64 12400 19600 0 0
65 12600 19600 0 0
66 12600 19400 0 0
67 12800 19400 0 0
68 13000 19400 0 0
69 13000 19200 0 0
70 13200 19200 0 0
71 13400 19200 0 0
72 13400 19000 0 0
73 13600 19000 0 0
74 13800 19000 0 0
75 13800 18800 0 0
76 14000 18800 0 0
77 14200 18800 0 0
78 14400 18800 0 0
79 14400 18600 0 0
80 14600 18600 0 0
81 14600 18400 0 0
82 14800 18400 0 0
83 15000 18400 0 0
84 15200 18400 0 0
85 15200 18200 0 0
86 15400 18200 0 0
87 15400 18000 0 0
88 15600 18000 0 0
89 15600 17800 0 0
90 15800 17800 0 0
91 15800 17600 0 0
92 16000 17600 0 0
93 16200 17600 0 0
94 16400 17600 0 0
95 16400 17400 0 0
96 16600 17400 0 0
97 16800 17400 0 0
98 17000 17400 0 0
99 17200 17400 0 0
100 17200 17200 0 0
101 17400 17200 0 0
102 17600 17200 0 0
103 17800 17200 0 0
104 17800 17000 0 0
105 18000 17000 0 0
106 18200 17000 0 0
107 18400 17000 0 0
108 18600 17000 0 0
109 18600 16800 0 0
110 18800 16800 0 0
111 19000 16800 0 0
112 19200 16800 0 0
113 19400 16800 0 0
114 19400 16600 0 0
115 19600 16600 0 0
116 19800 16600 0 0
117 20000 16600 0 0
118 20200 16600 0 0
119 20400 16600 0 0
120 20600 16600 0 0
121 20800 16600 0 0
122 20800 16800 0 0
123 21000 16800 0 0
124 21200 16800 0 0
125 21200 17000 0 0
126 21400 17000 0 0
127 21600 17000 0 0
128 21800 17000 0 0
129 21800 17200 0 0
130 22000 17200 0 0
131 22200 17200 0 0
132 22200 17400 0 0
133 22400 17400 0 0
134 22600 17400 0 0
135 22800 17400 0 0
136 22800 17600 0 0
137 23000 17600 0 0
138 23200 17600 0 0
139 23400 17600 0 0
140 23600 17600 0 0
141 23600 17800 0 0
142 23800 17800 0 0
143 24000 17800 0 0
144 24200 17800 0 0
145 24200 18000 0 0
146 24400 18000 0 0
147 24600 18000 0 0
148 24800 18000 0 0
149 25000 18000 0 0
150 25000 18200 0 0
151 25200 18200 0 0
152 25400 18200 0 0
153 25600 18200 0 0
154 25800 18200 0 0
155 25800 18400 0 0
156 26000 18400 0 0
157 26200 18400 0 0
158 26200 18600 0 0
159 26400 18600 0 0
160 26600 18600 0 0
161 26600 18800 0 0
162 26800 18800 0 0
163 27000 18800 0 0
164 27000 19000 0 0
165 27200 19000 0 0
166 27400 19000 0 0
167 27400 19200 0 0
168 27600 19200 0 0
169 27800 19200 0 0
170 28000 19200 0 0
171 28200 19200 0 0
172 28200 19400 0 0
173 28400 19400 0 0
174 28600 19400 0 0
175 28800 19400 0 0
176 29000 19400 0 0
177 29200 19400 0 0
178 29400 19400 0 0
179 29600 19400 0 0
180 29800 19400 0 0
181 30000 19400 0 0
182 30200 19400 0 0
183 30400 19400 0 0
184 30600 19400 0 0
185 30800 19400 0 0
186 31000 19400 0 0
187 31200 19400 0 0
188 31400 19400 0 0
189 31600 19400 0 0
190 31800 19400 0 0
191 32000 19400 0 0
192 32200 19400 0 0
193 32200 19600 0 0
194 32400 19600 0 0
195 32600 19600 0 0
196 32800 19600 0 0
197 33000 19600 0 0
198 33200 19600 0 0
199 33200 19800 0 0
200 33400 19800 0 0
201 33600 19800 0 0
202 33800 19800 0 0
203 34000 19800 0 0
204 34200 19800 0 0
205 34400 19800 0 0
206 34400 20000 0 0
207 34600 20000 0 0
208 34800 20000 0 0
209 35000 20000 0 0
210 35200 20000 0 0
211 35400 20000 0 0
212 35600 20000 0 0
213 35800 20000 0 0
214 36000 20000 0 0
215 36200 20000 0 0
216 36400 20000 0 0
217 36600 20000 0 0
218 36800 20000 0 0
219 37000 20000 0 0
220 37200 20000 0 0
221 37400 20000 0 0
222 37600 20000 0 0
223 37800 20000 0 0
224 38000 20000 0 0
225 38200 20000 0 0
226 38400 20000 0 0
227 38600 20000 0 0
228 38800 20000 0 0
