0 17800 47200 0 0
1 17800 47000 0 0
2 17800 46800 0 0
3 17800 46600 0 0
4 17800 46400 0 0
5 17800 46200 0 0
6 17800 46000 0 0
7 17800 45800 0 0
8 18000 45800 0 0
9 18000 45600 0 0
10 18000 45400 0 0
11 18000 45200 0 0
12 18000 45000 0 0
13 18000 44800 0 0
14 18000 44600 0 0
15 18000 44400 0 0
16 18000 44200 0 0
17 18000 44000 0 0
18 18000 43800 0 0
19 18000 43600 0 0
20 18000 43400 0 0
21 18000 43200 0 0
22 18000 43000 0 0
23 18000 42800 0 0
24 18000 42600 0 0
25 18000 42400 0 0
26 18000 42200 0 0
27 18000 42000 0 0
28 18000 41800 0 0
29 18000 41600 0 0
30 18000 41400 0 0
31 18000 41200 0 0
32 18000 41000 0 0
33 18000 40800 0 0
34 18200 40800 0 0
35 18200 40600 0 0
36 18200 40400 0 0
37 18200 40200 0 0
38 18200 40000 0 0
39 18200 39800 0 0
40 18200 39600 0 0
41 18200 39400 0 0
42 18200 39200 0 0
43 18200 39000 0 0
44 18200 38800 0 0
45 18200 38600 0 0
46 18200 38400 0 0
47 18200 38200 0 0
48 18200 38000 0 0
49 18200 37800 0 0
50 18200 37600 0 0
51 18200 37400 0 0
52 18400 37400 0 0
53 18400 37200 0 0
54 18400 37000 0 0
55 18400 36800 0 0
56 18400 36600 0 0
57 18400 36400 0 0
58 18400 36200 0 0
59 18400 36000 0 0
60 18400 35800 0 0
61 18400 35600 0 0
62 18200 35600 0 0
63 18200 35400 0 0
64 18200 35200 0 0
65 18200 35000 0 0
66 18200 34800 0 0
67 18200 34600 0 0
68 18200 34400 0 0
69 18200 34200 0 0
70 18000 34200 0 0
71 18000 34000 0 0
72 18000 33800 0 0
73 18000 33600 0 0
74 18000 33400 0 0
75 18000 33200 0 0
76 18000 33000 0 0
77 18000 32800 0 0
78 18000 32600 0 0
79 18000 32400 0 0
80 18000 32200 0 0
81 17800 32200 0 0
82 17800 32000 0 0
83 17800 31800 0 0
84 17800 31600 0 0
85 17800 31400 0 0
86 17800 31200 0 0
87 17800 31000 0 0
88 17800 30800 0 0
89 17600 30800 0 0
90 17600 30600 0 0
91 17600 30400 0 0
92 17600 30200 0 0
93 17600 30000 0 0
94 17600 29800 0 0
95 17600 29600 0 0
96 17600 29400 0 0
97 17600 29200 0 0
98 17600 29000 0 0
99 17600 28800 0 0
100 17400 28800 0 0
101 17400 28600 0 0
102 17400 28400 0 0
103 17400 28200 0 0
104 17400 28000 0 0
105 17400 27800 0 0
106 17400 27600 0 0
107 17400 27400 0 0
108 17400 27200 0 0
109 17400 27000 0 0
110 17200 27000 0 0
111 17200 26800 0 0
112 17200 26600 0 0
113 17200 26400 0 0
114 17200 26200 0 0
115 17200 26000 0 0
116 17200 25800 0 0
117 17000 25800 0 0
118 17000 25600 0 0
119 17000 25400 0 0
120 17000 25200 0 0
121 17000 25000 0 0
122 17000 24800 0 0
123 17000 24600 0 0
124 17000 24400 0 0
125 17000 24200 0 0
126 17000 24000 0 0
127 17000 23800 0 0
128 17000 23600 0 0
129 17000 23400 0 0
130 17000 23200 0 0
131 17000 23000 0 0
132 17000 22800 0 0
133 17000 22600 0 0
134 17000 22400 0 0
135 17000 22200 0 0
136 17000 22000 0 0
137 17000 21800 0 0
138 17000 21600 0 0
139 17000 21400 0 0
140 17000 21200 0 0
141 17000 21000 0 0
142 17000 20800 0 0
143 17000 20600 0 0
144 17000 20400 0 0
145 17000 20200 0 0
146 17000 20000 0 0
147 17000 19800 0 0
148 17000 19600 0 0
149 17200 19600 0 0
150 17200 19400 0 0
151 17200 19200 0 0
152 17200 19000 0 0
153 17200 18800 0 0
154 17400 18800 0 0
155 17400 18600 0 0
156 17400 18400 0 0
157 17400 18200 0 0
158 17400 18000 0 0
159 17400 17800 0 0
160 17600 17800 0 0
161 17600 17600 0 0
162 17600 17400 0 0
163 17600 17200 0 0
164 17800 17200 0 0
165 17800 17000 0 0
166 17800 16800 0 0
167 17800 16600 0 0
168 17800 16400 0 0
169 17800 16200 0 0
170 18000 16200 0 0
171 18000 16000 0 0
172 18000 15800 0 0
173 18000 15600 0 0
174 18000 15400 0 0
175 18200 15400 0 0
176 18200 15200 0 0
177 18200 15000 0 0
178 18200 14800 0 0
179 18200 14600 0 0
180 18200 14400 0 0
181 18200 14200 0 0
182 18200 14000 0 0
183 18200 13800 0 0
184 18400 13800 0 0
185 18400 13600 0 0
186 18400 13400 0 0
187 18400 13200 0 0
188 18400 13000 0 0
189 18400 12800 0 0
190 18400 12600 0 0
191 18400 12400 0 0
192 18400 12200 0 0
193 18400 12000 0 0
194 18400 11800 0 0
195 18400 11600 0 0
196 18600 11600 0 0
197 18600 11400 0 0
198 18600 11200 0 0
199 18600 11000 0 0
200 18600 10800 0 0
201 18600 10600 0 0
202 18600 10400 0 0
203 18600 10200 0 0
204 18600 10000 0 0
205 18800 10000 0 0
206 18800 9800 0 0
207 18800 9600 0 0
208 18800 9400 0 0
209 18800 9200 0 0
210 18800 9000 0 0
211 18800 8800 0 0
212 18800 8600 0 0
213 18800 8400 0 0
214 18800 8200 0 0
215 18800 8000 0 0
216 18800 7800 0 0
217 19000 7800 0 0
218 19000 7600 0 0
219 19000 7400 0 0
220 19000 7200 0 0
221 19000 7000 0 0
222 19000 6800 0 0
223 19000 6600 0 0
224 19000 6400 0 0
225 19200 6400 0 0
226 19200 6200 0 0
227 19200 6000 0 0
228 19200 5800 0 0
229 19200 5600 0 0
230 19200 5400 0 0
231 19200 5200 0 0
232 19200 5000 0 0
233 19200 4800 0 0
234 19200 4600 0 0
235 19200 4400 0 0
236 19400 4400 0 0
237 19400 4200 0 0
238 19400 4000 0 0
239 19400 3800 0 0
240 19400 3600 0 0
241 19400 3400 0 0
242 19400 3200 0 0
243 19400 3000 0 0
244 19400 2800 0 0
245 19400 2600 0 0
246 19400 2400 0 0
247 19400 2200 0 0
248 19400 2000 0 0
249 19400 1800 0 0
250 19400 1600 0 0
