0 1 101 0 0
1 2 101 0 0
2 3 101 0 0
3 4 101 0 0
4 5 101 0 0
5 6 101 0 0
6 7 101 0 0
7 8 101 0 0
8 8 100 0 0
9 9 100 0 0
10 10 100 0 0
11 11 100 0 0
12 12 100 0 0
13 13 100 0 0
14 14 100 0 0
15 15 100 0 0
16 16 100 0 0
17 17 100 0 0
18 18 100 0 0
19 19 100 0 0
20 20 100 0 0
21 21 100 0 0
22 21 99 0 0
23 22 99 0 0
24 23 99 0 0
25 24 99 0 0
26 25 99 0 0
27 26 99 0 0
28 27 99 0 0
29 28 99 0 0
30 29 99 0 0
31 30 99 0 0
32 31 99 0 0
33 32 99 0 0
34 33 99 0 0
35 34 99 0 0
36 35 99 0 0
37 35 98 0 0
38 36 98 0 0
39 37 98 0 0
40 38 98 0 0
41 39 98 0 0
42 40 98 0 0
43 41 98 0 0
44 42 98 0 0
45 43 98 0 0
46 43 97 0 0
47 44 97 0 0
48 45 97 0 0
49 45 96 0 0
50 46 96 0 0
51 47 96 0 0
52 48 96 0 0
53 48 95 0 0
54 49 95 0 0
55 50 95 0 0
56 50 94 0 0
57 51 94 0 0
58 52 94 0 0
59 53 94 0 0
60 53 93 0 0
61 54 93 0 0
62 55 93 0 0
63 55 92 0 0
64 56 92 0 0
65 57 92 0 0
66 58 92 0 0
67 58 91 0 0
68 59 91 0 0
69 60 91 0 0
70 61 91 0 0
71 61 90 0 0
72 62 90 0 0
73 63 90 0 0
74 63 89 0 0
75 64 89 0 0
76 65 89 0 0
77 66 89 0 0
78 66 88 0 0
79 67 88 0 0
80 68 88 0 0
81 69 88 0 0
82 69 87 0 0
83 70 87 0 0
84 71 87 0 0
85 71 86 0 0
86 72 86 0 0
87 73 86 0 0
88 74 86 0 0
89 74 85 0 0
90 75 85 0 0
91 76 85 0 0
92 76 84 0 0
93 77 84 0 0
94 78 84 0 0
95 79 84 0 0
96 79 83 0 0
97 80 83 0 0
98 81 83 0 0
99 82 83 0 0
100 83 83 0 0
101 83 82 0 0
102 84 82 0 0
103 84 81 0 0
104 85 81 0 0
105 86 81 0 0
106 87 81 0 0
107 87 80 0 0
108 88 80 0 0
109 89 80 0 0
110 90 80 0 0
111 90 79 0 0
112 91 79 0 0
113 92 79 0 0
114 93 79 0 0
115 93 78 0 0
116 94 78 0 0
117 95 78 0 0
118 96 78 0 0
119 96 77 0 0
120 97 77 0 0
121 98 77 0 0
122 99 77 0 0
123 99 76 0 0
124 100 76 0 0
125 101 76 0 0
126 102 76 0 0
127 103 76 0 0
128 104 76 0 0
129 105 76 0 0
130 105 77 0 0
131 106 77 0 0
132 107 77 0 0
133 108 77 0 0
134 109 77 0 0
135 110 77 0 0
136 111 77 0 0
137 111 78 0 0
138 112 78 0 0
139 112 79 0 0
140 113 79 0 0
141 113 80 0 0
142 114 80 0 0
143 114 81 0 0
144 115 81 0 0
145 116 81 0 0
146 116 82 0 0
147 117 82 0 0
148 117 83 0 0
149 118 83 0 0
150 118 84 0 0
151 119 84 0 0
152 120 84 0 0
153 120 85 0 0
154 121 85 0 0
155 121 86 0 0
156 122 86 0 0
157 122 87 0 0
158 123 87 0 0
159 123 88 0 0
160 124 88 0 0
161 125 88 0 0
162 125 89 0 0
163 126 89 0 0
164 127 89 0 0
165 127 90 0 0
166 128 90 0 0
167 128 91 0 0
168 129 91 0 0
169 130 91 0 0
170 130 92 0 0
171 131 92 0 0
172 131 93 0 0
173 132 93 0 0
174 133 93 0 0
175 134 93 0 0
176 135 93 0 0
177 135 92 0 0
178 135 93 0 0
179 136 93 0 0
180 136 94 0 0
181 137 94 0 0
182 138 94 0 0
183 138 95 0 0
184 139 95 0 0
185 139 96 0 0
186 140 96 0 0
187 140 97 0 0
188 141 97 0 0
189 142 97 0 0
190 143 97 0 0
191 144 97 0 0
192 145 97 0 0
193 145 98 0 0
194 146 98 0 0
195 147 98 0 0
196 148 98 0 0
197 149 98 0 0
198 150 98 0 0
199 151 98 0 0
200 151 99 0 0
201 152 99 0 0
202 153 99 0 0
203 154 99 0 0
204 155 99 0 0
205 156 99 0 0
206 157 99 0 0
207 157 100 0 0
208 158 100 0 0
209 159 100 0 0
210 160 100 0 0
211 161 100 0 0
212 162 100 0 0
213 162 101 0 0
214 163 101 0 0
215 164 101 0 0
216 165 101 0 0
217 166 101 0 0
218 167 101 0 0
219 167 102 0 0
220 168 102 0 0
221 169 102 0 0
222 170 102 0 0
223 171 102 0 0
224 172 102 0 0
225 173 102 0 0
226 174 102 0 0
227 174 103 0 0
228 175 103 0 0
229 176 103 0 0
230 177 103 0 0
231 178 103 0 0
232 179 103 0 0
233 180 103 0 0
234 181 103 0 0
235 182 103 0 0
236 183 103 0 0
237 184 103 0 0
238 185 103 0 0
239 186 103 0 0
240 187 103 0 0
241 188 103 0 0
242 189 103 0 0
243 190 103 0 0
244 191 103 0 0
245 192 103 0 0
246 193 103 0 0
