0 2 89 0 0
1 3 89 0 0
2 4 89 0 0
3 3 89 0 0
4 4 89 0 0
5 5 89 0 0
6 4 89 0 0
7 5 89 0 0
8 6 89 0 0
9 5 89 0 0
10 6 89 0 0
11 7 89 0 0
12 8 89 0 0
13 7 89 0 0
14 8 89 0 0
15 9 89 0 0
16 8 89 0 0
17 9 89 0 0
18 10 89 0 0
19 9 89 0 0
20 10 89 0 0
21 11 89 0 0
22 12 89 0 0
23 11 89 0 0
24 12 89 0 0
25 13 89 0 0
26 12 89 0 0
27 13 89 0 0
28 14 89 0 0
29 15 89 0 0
30 14 89 0 0
31 15 89 0 0
32 16 89 0 0
33 15 89 0 0
34 16 89 0 0
35 17 89 0 0
36 16 89 0 0
37 17 89 0 0
38 18 89 0 0
39 19 89 0 0
40 18 89 0 0
41 19 89 0 0
42 20 89 0 0
43 19 89 0 0
44 20 89 0 0
45 21 89 0 0
46 20 89 0 0
47 21 89 0 0
48 22 89 0 0
49 23 89 0 0
50 22 89 0 0
51 23 89 0 0
52 24 89 0 0
53 23 89 0 0
54 24 89 0 0
55 25 89 0 0
56 24 89 0 0
57 25 89 0 0
58 26 89 0 0
59 25 89 0 0
60 26 89 0 0
61 27 89 0 0
62 28 89 0 0
63 27 89 0 0
64 28 89 0 0
65 29 89 0 0
66 28 89 0 0
67 29 89 0 0
68 30 89 0 0
69 29 89 0 0
70 30 89 0 0
71 31 89 0 0
72 32 89 0 0
73 31 89 0 0
74 32 89 0 0
75 33 89 0 0
76 32 89 0 0
77 33 89 0 0
78 32 89 0 0
79 33 89 0 0
80 34 89 0 0
81 35 89 0 0
82 34 89 0 0
83 35 89 0 0
84 34 89 0 0
85 35 89 0 0
86 36 89 0 0
87 35 89 0 0
88 36 89 0 0
89 37 89 0 0
90 36 89 0 0
91 37 89 0 0
92 38 89 0 0
93 37 89 0 0
94 38 89 0 0
95 39 89 0 0
96 38 89 0 0
97 39 89 0 0
98 40 89 0 0
99 39 89 0 0
100 40 89 0 0
101 41 89 0 0
102 40 89 0 0
103 41 89 0 0
104 42 89 0 0
105 41 89 0 0
106 42 89 0 0
107 43 89 0 0
108 42 89 0 0
109 43 89 0 0
110 42 89 0 0
111 43 89 0 0
112 44 89 0 0
113 45 89 0 0
114 44 89 0 0
115 45 89 0 0
116 44 89 0 0
117 45 89 0 0
118 46 89 0 0
119 45 89 0 0
120 46 89 0 0
121 47 89 0 0
122 46 89 0 0
123 47 89 0 0
124 48 89 0 0
125 47 89 0 0
126 48 89 0 0
127 49 89 0 0
128 48 89 0 0
129 49 89 0 0
130 50 89 0 0
131 49 89 0 0
132 50 89 0 0
133 51 89 0 0
134 50 89 0 0
135 51 89 0 0
136 52 89 0 0
137 51 89 0 0
138 52 89 0 0
139 53 89 0 0
140 52 89 0 0
141 53 89 0 0
142 52 89 0 0
143 53 89 0 0
144 54 89 0 0
145 55 89 0 0
146 54 89 0 0
147 55 89 0 0
148 54 89 0 0
149 55 89 0 0
150 56 89 0 0
151 57 89 0 0
152 56 89 0 0
153 57 89 0 0
154 56 89 0 0
155 57 89 0 0
156 58 89 0 0
157 59 89 0 0
158 58 89 0 0
159 59 89 0 0
160 58 89 0 0
161 59 89 0 0
162 60 89 0 0
163 59 89 0 0
164 60 89 0 0
165 61 89 0 0
166 60 89 0 0
167 61 89 0 0
168 62 89 0 0
169 61 89 0 0
170 62 89 0 0
171 63 89 0 0
172 62 89 0 0
173 63 89 0 0
174 62 89 0 0
175 63 89 0 0
176 64 89 0 0
177 65 89 0 0
178 64 89 0 0
179 65 89 0 0
180 64 89 0 0
181 65 89 0 0
182 66 89 0 0
183 65 89 0 0
184 66 89 0 0
185 67 89 0 0
186 66 89 0 0
187 67 89 0 0
188 68 89 0 0
189 67 89 0 0
190 68 89 0 0
191 69 89 0 0
192 68 89 0 0
193 69 89 0 0
194 70 89 0 0
195 69 89 0 0
196 70 89 0 0
197 71 89 0 0
198 70 89 0 0
199 71 89 0 0
200 72 89 0 0
201 71 89 0 0
202 72 89 0 0
203 73 89 0 0
204 72 89 0 0
205 73 89 0 0
206 74 89 0 0
207 73 89 0 0
208 74 89 0 0
209 75 89 0 0
210 74 89 0 0
211 75 89 0 0
212 74 89 0 0
213 75 89 0 0
214 76 89 0 0
215 77 89 0 0
216 76 89 0 0
217 77 89 0 0
218 76 89 0 0
219 77 89 0 0
220 78 89 0 0
221 79 89 0 0
222 78 89 0 0
223 79 89 0 0
224 78 89 0 0
225 79 89 0 0
226 80 89 0 0
227 79 89 0 0
228 80 89 0 0
229 81 89 0 0
230 80 89 0 0
231 81 89 0 0
232 82 89 0 0
233 81 89 0 0
234 81 88 0 0
235 82 88 0 0
236 81 88 0 0
237 82 88 0 0
238 83 88 0 0
239 82 88 0 0
240 83 88 0 0
241 84 88 0 0
242 83 88 0 0
243 84 88 0 0
244 85 88 0 0
245 84 88 0 0
246 85 88 0 0
247 86 88 0 0
248 85 88 0 0
249 86 88 0 0
250 85 88 0 0
251 86 88 0 0
252 87 88 0 0
253 86 88 0 0
254 86 87 0 0
255 87 87 0 0
256 88 87 0 0
257 87 87 0 0
258 88 87 0 0
259 89 87 0 0
260 88 87 0 0
261 89 87 0 0
262 90 87 0 0
263 89 87 0 0
264 90 87 0 0
265 89 87 0 0
266 90 87 0 0
267 91 87 0 0
268 92 87 0 0
269 91 87 0 0
270 92 87 0 0
271 91 87 0 0
272 92 87 0 0
273 92 86 0 0
274 93 86 0 0
275 92 86 0 0
276 93 86 0 0
277 94 86 0 0
278 93 86 0 0
279 94 86 0 0
280 95 86 0 0
281 94 86 0 0
282 95 86 0 0
283 94 86 0 0
284 95 86 0 0
285 96 86 0 0
286 95 86 0 0
287 96 86 0 0
288 97 86 0 0
289 96 86 0 0
290 97 86 0 0
291 98 86 0 0
292 97 86 0 0
293 97 85 0 0
294 98 85 0 0
295 99 85 0 0
296 98 85 0 0
297 99 85 0 0
298 100 85 0 0
299 99 85 0 0
300 100 85 0 0
301 99 85 0 0
302 100 85 0 0
303 101 85 0 0
304 100 85 0 0
305 101 85 0 0
306 102 85 0 0
307 101 85 0 0
308 102 85 0 0
309 103 85 0 0
310 102 85 0 0
311 102 86 0 0
312 103 86 0 0
313 102 86 0 0
314 103 86 0 0
315 104 86 0 0
316 103 86 0 0
317 104 86 0 0
318 105 86 0 0
319 104 86 0 0
320 105 86 0 0
321 106 86 0 0
322 105 86 0 0
323 106 86 0 0
324 106 87 0 0
325 107 87 0 0
326 106 87 0 0
327 107 87 0 0
328 108 87 0 0
329 107 87 0 0
330 108 87 0 0
331 109 87 0 0
332 108 87 0 0
333 109 87 0 0
334 108 87 0 0
335 109 87 0 0
336 110 87 0 0
337 109 87 0 0
338 110 87 0 0
339 111 87 0 0
340 110 87 0 0
341 111 87 0 0
342 112 87 0 0
343 111 87 0 0
344 111 88 0 0
345 112 88 0 0
346 113 88 0 0
347 112 88 0 0
348 113 88 0 0
349 114 88 0 0
350 113 88 0 0
351 114 88 0 0
352 113 88 0 0
353 114 88 0 0
354 115 88 0 0
355 114 88 0 0
356 115 88 0 0
357 115 89 0 0
358 116 89 0 0
359 115 89 0 0
360 116 89 0 0
361 117 89 0 0
362 116 89 0 0
363 117 89 0 0
364 118 89 0 0
365 117 89 0 0
366 118 89 0 0
367 119 89 0 0
368 118 89 0 0
369 119 89 0 0
370 120 89 0 0
371 119 89 0 0
372 120 89 0 0
373 119 89 0 0
374 119 90 0 0
375 120 90 0 0
376 121 90 0 0
377 120 90 0 0
378 121 90 0 0
379 122 90 0 0
380 121 90 0 0
381 122 90 0 0
382 123 90 0 0
383 122 90 0 0
384 123 90 0 0
385 124 90 0 0
386 123 90 0 0
387 124 90 0 0
388 125 90 0 0
389 124 90 0 0
390 124 91 0 0
391 125 91 0 0
392 124 91 0 0
393 125 91 0 0
394 126 91 0 0
395 125 91 0 0
396 126 91 0 0
397 127 91 0 0
398 126 91 0 0
399 127 91 0 0
400 128 91 0 0
401 127 91 0 0
402 128 91 0 0
403 128 92 0 0
404 129 92 0 0
405 128 92 0 0
406 129 92 0 0
407 130 92 0 0
408 129 92 0 0
409 130 92 0 0
410 129 92 0 0
411 130 92 0 0
412 131 92 0 0
413 130 92 0 0
414 131 92 0 0
415 132 92 0 0
416 131 92 0 0
417 132 92 0 0
418 133 92 0 0
419 132 92 0 0
420 133 92 0 0
421 134 92 0 0
422 133 92 0 0
423 133 93 0 0
424 134 93 0 0
425 135 93 0 0
426 134 93 0 0
427 135 93 0 0
428 136 93 0 0
429 135 93 0 0
430 136 93 0 0
431 135 93 0 0
432 136 93 0 0
433 137 93 0 0
434 136 93 0 0
435 137 93 0 0
436 137 94 0 0
437 138 94 0 0
438 137 94 0 0
439 138 94 0 0
440 139 94 0 0
441 138 94 0 0
442 139 94 0 0
443 140 94 0 0
444 139 94 0 0
445 140 94 0 0
446 141 94 0 0
447 140 94 0 0
448 141 94 0 0
449 142 94 0 0
450 141 94 0 0
451 142 94 0 0
452 143 94 0 0
453 142 94 0 0
454 143 94 0 0
455 144 94 0 0
456 143 94 0 0
457 144 94 0 0
458 143 94 0 0
459 144 94 0 0
460 145 94 0 0
461 146 94 0 0
462 145 94 0 0
463 146 94 0 0
464 145 94 0 0
465 146 94 0 0
466 147 94 0 0
467 148 94 0 0
468 147 94 0 0
469 148 94 0 0
470 147 94 0 0
471 148 94 0 0
472 149 94 0 0
473 148 94 0 0
474 149 94 0 0
475 150 94 0 0
476 149 94 0 0
477 150 94 0 0
478 151 94 0 0
479 150 94 0 0
480 151 94 0 0
481 152 94 0 0
482 151 94 0 0
483 152 94 0 0
484 153 94 0 0
485 152 94 0 0
486 153 94 0 0
487 154 94 0 0
488 153 94 0 0
489 154 94 0 0
490 155 94 0 0
491 154 94 0 0
492 155 94 0 0
493 156 94 0 0
494 155 94 0 0
495 156 94 0 0
496 157 94 0 0
497 156 94 0 0
498 157 94 0 0
499 157 95 0 0
500 158 95 0 0
501 157 95 0 0
502 158 95 0 0
503 159 95 0 0
504 158 95 0 0
505 159 95 0 0
506 160 95 0 0
507 159 95 0 0
508 160 95 0 0
509 161 95 0 0
510 160 95 0 0
511 161 95 0 0
512 162 95 0 0
513 161 95 0 0
514 162 95 0 0
515 163 95 0 0
516 162 95 0 0
517 163 95 0 0
518 164 95 0 0
519 163 95 0 0
520 164 95 0 0
521 163 95 0 0
522 164 95 0 0
523 165 95 0 0
524 166 95 0 0
525 165 95 0 0
526 166 95 0 0
527 167 95 0 0
528 166 95 0 0
529 167 95 0 0
530 168 95 0 0
531 167 95 0 0
532 168 95 0 0
533 169 95 0 0
534 168 95 0 0
535 169 95 0 0
536 168 95 0 0
537 169 95 0 0
538 170 95 0 0
539 171 95 0 0
540 170 95 0 0
541 171 95 0 0
542 170 95 0 0
543 171 95 0 0
544 172 95 0 0
545 173 95 0 0
546 172 95 0 0
547 173 95 0 0
548 172 95 0 0
549 173 95 0 0
550 174 95 0 0
551 173 95 0 0
552 174 95 0 0
553 175 95 0 0
554 174 95 0 0
555 175 95 0 0
556 176 95 0 0
557 175 95 0 0
558 176 95 0 0
559 175 95 0 0
560 176 95 0 0
561 177 95 0 0
562 176 95 0 0
563 177 95 0 0
564 176 95 0 0
565 177 95 0 0
566 178 95 0 0
567 177 95 0 0
568 178 95 0 0
569 179 95 0 0
570 178 95 0 0
571 179 95 0 0
572 178 95 0 0
573 179 95 0 0
574 180 95 0 0
575 179 95 0 0
576 180 95 0 0
577 181 95 0 0
578 180 95 0 0
579 181 95 0 0
580 180 95 0 0
581 181 95 0 0
582 182 95 0 0
583 181 95 0 0
584 182 95 0 0
585 181 95 0 0
586 182 95 0 0
587 183 95 0 0
588 182 95 0 0
589 183 95 0 0
590 182 95 0 0
591 183 95 0 0
592 184 95 0 0
593 183 95 0 0
594 184 95 0 0
595 183 95 0 0
596 184 95 0 0
597 185 95 0 0
598 184 95 0 0
599 185 95 0 0
600 186 95 0 0
601 185 95 0 0
602 186 95 0 0
603 185 95 0 0
604 186 95 0 0
605 187 95 0 0
606 186 95 0 0
607 187 95 0 0
608 188 95 0 0
609 187 95 0 0
610 188 95 0 0
611 187 95 0 0
612 188 95 0 0
613 189 95 0 0
614 188 95 0 0
615 189 95 0 0
616 190 95 0 0
617 189 95 0 0
618 190 95 0 0
619 189 95 0 0
620 190 95 0 0
621 191 95 0 0
622 190 95 0 0
623 191 95 0 0
624 192 95 0 0
625 191 95 0 0
626 192 95 0 0
627 191 95 0 0
628 192 95 0 0
629 192 96 0 0
630 193 96 0 0
631 192 96 0 0
632 193 96 0 0
633 192 96 0 0
634 193 96 0 0
635 194 96 0 0
636 193 96 0 0
637 194 96 0 0
638 195 96 0 0
639 194 96 0 0
640 195 96 0 0
641 194 96 0 0
642 195 96 0 0
643 196 96 0 0
644 195 96 0 0
645 196 96 0 0
