0 19600 1200 0 0
1 19600 1400 0 0
2 19600 1600 0 0
3 19400 1600 0 0
4 19400 1800 0 0
5 19400 2000 0 0
6 19400 2200 0 0
7 19400 2400 0 0
8 19400 2600 0 0
9 19400 2800 0 0
10 19400 3000 0 0
11 19400 3200 0 0
12 19400 3400 0 0
13 19400 3600 0 0
14 19400 3800 0 0
15 19400 4000 0 0
16 19400 4200 0 0
17 19400 4400 0 0
18 19400 4600 0 0
19 19400 4800 0 0
20 19400 5000 0 0
21 19400 5200 0 0
22 19400 5400 0 0
23 19400 5600 0 0
24 19400 5800 0 0
25 19400 6000 0 0
26 19400 6200 0 0
27 19400 6400 0 0
28 19400 6600 0 0
29 19400 6800 0 0
30 19400 7000 0 0
31 19400 7200 0 0
32 19400 7400 0 0
33 19400 7600 0 0
34 19400 7800 0 0
35 19400 8000 0 0
36 19400 8200 0 0
37 19400 8400 0 0
38 19400 8600 0 0
39 19400 8800 0 0
40 19400 9000 0 0
41 19400 9200 0 0
42 19400 9400 0 0
43 19400 9600 0 0
44 19400 9800 0 0
45 19600 9800 0 0
46 19600 10000 0 0
47 19600 10200 0 0
48 19600 10400 0 0
49 19800 10400 0 0
50 19800 10600 0 0
51 19800 10800 0 0
52 19800 11000 0 0
53 19800 11200 0 0
54 19800 11400 0 0
55 20000 11400 0 0
56 20000 11600 0 0
57 20000 11800 0 0
58 20000 12000 0 0
59 20200 12000 0 0
60 20200 12200 0 0
61 20200 12400 0 0
62 20200 12600 0 0
63 20200 12800 0 0
64 20200 13000 0 0
65 20400 13000 0 0
66 20400 13200 0 0
67 20400 13400 0 0
68 20600 13400 0 0
69 20600 13600 0 0
70 20600 13800 0 0
71 20800 13800 0 0
72 20800 14000 0 0
73 20800 14200 0 0
74 20800 14400 0 0
75 21000 14400 0 0
76 21000 14600 0 0
77 21000 14800 0 0
78 21200 14800 0 0
79 21200 15000 0 0
80 21200 15200 0 0
81 21400 15200 0 0
82 21400 15400 0 0
83 21400 15600 0 0
84 21600 15600 0 0
85 21600 15800 0 0
86 21600 16000 0 0
87 21800 16000 0 0
88 21800 16200 0 0
89 21800 16400 0 0
90 21800 16600 0 0
91 22000 16600 0 0
92 22000 16800 0 0
93 22000 17000 0 0
94 22200 17000 0 0
95 22200 17200 0 0
96 22200 17400 0 0
97 22400 17400 0 0
98 22400 17600 0 0
99 22400 17800 0 0
100 22400 18000 0 0
101 22400 18200 0 0
102 22600 18200 0 0
103 22600 18400 0 0
104 22600 18600 0 0
105 22600 18800 0 0
106 22600 19000 0 0
107 22800 19000 0 0
108 22800 19200 0 0
109 22800 19400 0 0
110 23000 19400 0 0
111 23000 19600 0 0
112 23000 19800 0 0
113 23000 20000 0 0
114 23000 20200 0 0
115 23000 20400 0 0
116 23000 20600 0 0
117 23000 20800 0 0
118 23200 20800 0 0
119 23200 21000 0 0
120 23200 21200 0 0
121 23200 21400 0 0
122 23200 21600 0 0
123 23200 21800 0 0
124 23200 22000 0 0
125 23200 22200 0 0
126 23200 22400 0 0
127 23200 22600 0 0
128 23200 22800 0 0
129 23200 23000 0 0
130 23200 23200 0 0
131 23200 23400 0 0
132 23200 23600 0 0
133 23200 23800 0 0
134 23200 24000 0 0
135 23200 24200 0 0
136 23000 24200 0 0
137 23000 24400 0 0
138 23000 24600 0 0
139 23000 24800 0 0
140 23000 25000 0 0
141 23000 25200 0 0
142 23000 25400 0 0
143 22800 25400 0 0
144 22800 25600 0 0
145 22800 25800 0 0
146 22800 26000 0 0
147 22600 26000 0 0
148 22600 26200 0 0
149 22600 26400 0 0
150 22600 26600 0 0
151 22600 26800 0 0
152 22600 27000 0 0
153 22600 27200 0 0
154 22600 27400 0 0
155 22600 27600 0 0
156 22600 27800 0 0
157 22600 28000 0 0
158 22600 28200 0 0
159 22400 28200 0 0
160 22400 28400 0 0
161 22400 28600 0 0
162 22400 28800 0 0
163 22400 29000 0 0
164 22400 29200 0 0
165 22400 29400 0 0
166 22400 29600 0 0
167 22400 29800 0 0
168 22400 30000 0 0
169 22400 30200 0 0
170 22400 30400 0 0
171 22400 30600 0 0
172 22400 30800 0 0
173 22400 31000 0 0
174 22400 31200 0 0
175 22400 31400 0 0
176 22400 31600 0 0
177 22400 31800 0 0
178 22400 32000 0 0
179 22400 32200 0 0
180 22400 32400 0 0
181 22400 32600 0 0
182 22400 32800 0 0
183 22400 33000 0 0
184 22400 33200 0 0
185 22400 33400 0 0
186 22400 33600 0 0
187 22600 33600 0 0
188 22600 33800 0 0
189 22600 34000 0 0
190 22600 34200 0 0
191 22600 34400 0 0
192 22600 34600 0 0
193 22600 34800 0 0
194 22600 35000 0 0
195 22800 35000 0 0
196 22800 35200 0 0
197 22800 35400 0 0
198 22800 35600 0 0
199 22800 35800 0 0
200 22800 36000 0 0
201 23000 36000 0 0
202 23000 36200 0 0
203 23000 36400 0 0
204 23000 36600 0 0
205 23000 36800 0 0
206 23000 37000 0 0
207 23000 37200 0 0
208 23000 37400 0 0
209 23000 37600 0 0
210 23000 37800 0 0
211 23000 38000 0 0
212 23000 38200 0 0
213 23000 38400 0 0
214 23000 38600 0 0
215 23200 38600 0 0
216 23200 38800 0 0
217 23200 39000 0 0
218 23200 39200 0 0
219 23200 39400 0 0
220 23200 39600 0 0
221 23200 39800 0 0
222 23200 40000 0 0
223 23200 40200 0 0
224 23200 40400 0 0
225 23200 40600 0 0
226 23200 40800 0 0
227 23200 41000 0 0
228 23400 41000 0 0
229 23400 41200 0 0
230 23400 41400 0 0
231 23400 41600 0 0
232 23400 41800 0 0
233 23400 42000 0 0
234 23400 42200 0 0
235 23400 42400 0 0
236 23400 42600 0 0
237 23400 42800 0 0
238 23600 42800 0 0
239 23600 43000 0 0
240 23600 43200 0 0
241 23600 43400 0 0
242 23600 43600 0 0
243 23600 43800 0 0
244 23600 44000 0 0
245 23600 44200 0 0
246 23600 44400 0 0
247 23600 44600 0 0
248 23800 44600 0 0
249 23800 44800 0 0
250 23800 45000 0 0
251 23800 45200 0 0
252 23800 45400 0 0
253 23800 45600 0 0
254 24000 45600 0 0
255 24000 45800 0 0
256 24000 46000 0 0
257 24000 46200 0 0
258 24000 46400 0 0
259 24000 46600 0 0
260 24000 46800 0 0
261 24000 47000 0 0
