0 2 105 0 0
1 3 105 0 0
2 4 105 0 0
3 3 105 0 0
4 4 105 0 0
5 5 105 0 0
6 6 105 0 0
7 5 105 0 0
8 6 105 0 0
9 7 105 0 0
10 6 105 0 0
11 7 105 0 0
12 6 105 0 0
13 7 105 0 0
14 8 105 0 0
15 9 105 0 0
16 8 105 0 0
17 9 105 0 0
18 10 105 0 0
19 9 105 0 0
20 10 105 0 0
21 11 105 0 0
22 10 105 0 0
23 11 105 0 0
24 12 105 0 0
25 11 105 0 0
26 12 105 0 0
27 13 105 0 0
28 12 105 0 0
29 13 105 0 0
30 14 105 0 0
31 13 105 0 0
32 14 105 0 0
33 15 105 0 0
34 16 105 0 0
35 15 105 0 0
36 16 105 0 0
37 15 105 0 0
38 16 105 0 0
39 17 105 0 0
40 16 105 0 0
41 17 105 0 0
42 18 105 0 0
43 19 105 0 0
44 18 105 0 0
45 19 105 0 0
46 20 105 0 0
47 19 105 0 0
48 20 105 0 0
49 21 105 0 0
50 20 105 0 0
51 21 105 0 0
52 22 105 0 0
53 21 105 0 0
54 22 105 0 0
55 23 105 0 0
56 22 105 0 0
57 23 105 0 0
58 24 105 0 0
59 23 105 0 0
60 24 105 0 0
61 25 105 0 0
62 26 105 0 0
63 25 105 0 0
64 26 105 0 0
65 27 105 0 0
66 26 105 0 0
67 27 105 0 0
68 27 104 0 0
69 28 104 0 0
70 29 104 0 0
71 28 104 0 0
72 29 104 0 0
73 30 104 0 0
74 29 104 0 0
75 30 104 0 0
76 31 104 0 0
77 30 104 0 0
78 31 104 0 0
79 32 104 0 0
80 33 104 0 0
81 32 104 0 0
82 33 104 0 0
83 34 104 0 0
84 33 104 0 0
85 34 104 0 0
86 35 104 0 0
87 35 103 0 0
88 36 103 0 0
89 35 103 0 0
90 36 103 0 0
91 37 103 0 0
92 36 103 0 0
93 37 103 0 0
94 38 103 0 0
95 39 103 0 0
96 38 103 0 0
97 39 103 0 0
98 40 103 0 0
99 39 103 0 0
100 40 103 0 0
101 41 103 0 0
102 40 103 0 0
103 41 103 0 0
104 42 103 0 0
105 43 103 0 0
106 42 103 0 0
107 43 103 0 0
108 43 102 0 0
109 44 102 0 0
110 43 102 0 0
111 44 102 0 0
112 45 102 0 0
113 46 102 0 0
114 45 102 0 0
115 46 102 0 0
116 47 102 0 0
117 46 102 0 0
118 47 102 0 0
119 48 102 0 0
120 47 102 0 0
121 48 102 0 0
122 49 102 0 0
123 48 102 0 0
124 49 102 0 0
125 50 102 0 0
126 49 102 0 0
127 49 101 0 0
128 50 101 0 0
129 51 101 0 0
130 50 101 0 0
131 51 101 0 0
132 52 101 0 0
133 51 101 0 0
134 52 101 0 0
135 53 101 0 0
136 52 101 0 0
137 53 101 0 0
138 52 101 0 0
139 53 101 0 0
140 54 101 0 0
141 53 101 0 0
142 54 101 0 0
143 55 101 0 0
144 54 101 0 0
145 55 101 0 0
146 55 100 0 0
147 56 100 0 0
148 55 100 0 0
149 56 100 0 0
150 57 100 0 0
151 56 100 0 0
152 57 100 0 0
153 56 100 0 0
154 57 100 0 0
155 58 100 0 0
156 59 100 0 0
157 58 100 0 0
158 59 100 0 0
159 58 100 0 0
160 59 100 0 0
161 60 100 0 0
162 59 100 0 0
163 60 100 0 0
164 61 100 0 0
165 60 100 0 0
166 60 99 0 0
167 61 99 0 0
168 62 99 0 0
169 61 99 0 0
170 62 99 0 0
171 63 99 0 0
172 62 99 0 0
173 63 99 0 0
174 64 99 0 0
175 63 99 0 0
176 64 99 0 0
177 65 99 0 0
178 65 98 0 0
179 66 98 0 0
180 65 98 0 0
181 66 98 0 0
182 67 98 0 0
183 66 98 0 0
184 67 98 0 0
185 68 98 0 0
186 67 98 0 0
187 68 98 0 0
188 69 98 0 0
189 68 98 0 0
190 68 97 0 0
191 69 97 0 0
192 70 97 0 0
193 69 97 0 0
194 70 97 0 0
195 71 97 0 0
196 70 97 0 0
197 71 97 0 0
198 72 97 0 0
199 73 97 0 0
200 72 97 0 0
201 73 97 0 0
202 73 96 0 0
203 74 96 0 0
204 73 96 0 0
205 74 96 0 0
206 75 96 0 0
207 74 96 0 0
208 75 96 0 0
209 76 96 0 0
210 75 96 0 0
211 76 96 0 0
212 77 96 0 0
213 76 96 0 0
214 76 95 0 0
215 77 95 0 0
216 78 95 0 0
217 77 95 0 0
218 78 95 0 0
219 79 95 0 0
220 78 95 0 0
221 79 95 0 0
222 80 95 0 0
223 79 95 0 0
224 80 95 0 0
225 81 95 0 0
226 80 95 0 0
227 81 95 0 0
228 81 94 0 0
229 82 94 0 0
230 83 94 0 0
231 82 94 0 0
232 83 94 0 0
233 84 94 0 0
234 83 94 0 0
235 84 94 0 0
236 85 94 0 0
237 84 94 0 0
238 85 94 0 0
239 86 94 0 0
240 85 94 0 0
241 86 94 0 0
242 87 94 0 0
243 87 93 0 0
244 88 93 0 0
245 87 93 0 0
246 88 93 0 0
247 89 93 0 0
248 88 93 0 0
249 89 93 0 0
250 90 93 0 0
251 91 93 0 0
252 90 93 0 0
253 91 93 0 0
254 92 93 0 0
255 91 93 0 0
256 92 93 0 0
257 93 93 0 0
258 93 92 0 0
259 94 92 0 0
260 93 92 0 0
261 94 92 0 0
262 93 92 0 0
263 94 92 0 0
264 95 92 0 0
265 94 92 0 0
266 95 92 0 0
267 96 92 0 0
268 95 92 0 0
269 96 92 0 0
270 95 92 0 0
271 96 92 0 0
272 97 92 0 0
273 96 92 0 0
274 97 92 0 0
275 96 92 0 0
276 97 92 0 0
277 98 92 0 0
278 97 92 0 0
279 98 92 0 0
280 99 92 0 0
281 98 92 0 0
282 99 92 0 0
283 98 92 0 0
284 99 92 0 0
285 100 92 0 0
286 99 92 0 0
287 100 92 0 0
288 101 92 0 0
289 100 92 0 0
290 101 92 0 0
291 100 92 0 0
292 101 92 0 0
293 102 92 0 0
294 101 92 0 0
295 102 92 0 0
296 103 92 0 0
297 102 92 0 0
298 103 92 0 0
299 104 92 0 0
300 103 92 0 0
301 104 92 0 0
302 103 92 0 0
303 104 92 0 0
304 105 92 0 0
305 104 92 0 0
306 105 92 0 0
307 106 92 0 0
308 105 92 0 0
309 106 92 0 0
310 105 92 0 0
311 106 92 0 0
312 107 92 0 0
313 106 92 0 0
314 107 92 0 0
315 108 92 0 0
316 107 92 0 0
317 108 92 0 0
318 109 92 0 0
319 108 92 0 0
320 109 92 0 0
321 108 92 0 0
322 109 92 0 0
323 110 92 0 0
324 109 92 0 0
325 110 92 0 0
326 111 92 0 0
327 110 92 0 0
328 111 92 0 0
329 110 92 0 0
330 111 92 0 0
331 111 91 0 0
332 112 91 0 0
333 111 91 0 0
334 111 92 0 0
335 112 92 0 0
336 113 92 0 0
337 112 92 0 0
338 113 92 0 0
339 112 92 0 0
340 113 92 0 0
341 112 92 0 0
342 113 92 0 0
343 114 92 0 0
344 113 92 0 0
345 114 92 0 0
346 113 92 0 0
347 114 92 0 0
348 115 92 0 0
349 114 92 0 0
350 115 92 0 0
351 114 92 0 0
352 114 93 0 0
353 115 93 0 0
354 116 93 0 0
355 115 93 0 0
356 116 93 0 0
357 115 93 0 0
358 116 93 0 0
359 117 93 0 0
360 116 93 0 0
361 117 93 0 0
362 116 93 0 0
363 117 93 0 0
364 116 93 0 0
365 117 93 0 0
366 118 93 0 0
367 117 93 0 0
368 118 93 0 0
369 118 94 0 0
370 119 94 0 0
371 118 94 0 0
372 119 94 0 0
373 118 94 0 0
374 119 94 0 0
375 118 94 0 0
376 119 94 0 0
377 120 94 0 0
378 119 94 0 0
379 120 94 0 0
380 121 94 0 0
381 120 94 0 0
382 121 94 0 0
383 120 94 0 0
384 121 94 0 0
385 122 94 0 0
386 121 94 0 0
387 122 94 0 0
388 122 95 0 0
389 123 95 0 0
390 122 95 0 0
391 123 95 0 0
392 124 95 0 0
393 123 95 0 0
394 124 95 0 0
395 123 95 0 0
396 124 95 0 0
397 125 95 0 0
398 124 95 0 0
399 125 95 0 0
400 126 95 0 0
401 125 95 0 0
402 126 95 0 0
403 125 95 0 0
404 126 95 0 0
405 127 95 0 0
406 126 95 0 0
407 127 95 0 0
408 126 95 0 0
409 126 96 0 0
410 127 96 0 0
411 128 96 0 0
412 127 96 0 0
413 128 96 0 0
414 129 96 0 0
415 128 96 0 0
416 129 96 0 0
417 130 96 0 0
418 129 96 0 0
419 130 96 0 0
420 129 96 0 0
421 130 96 0 0
422 131 96 0 0
423 130 96 0 0
424 131 96 0 0
425 132 96 0 0
426 131 96 0 0
427 132 96 0 0
428 131 96 0 0
429 132 96 0 0
430 133 96 0 0
431 132 96 0 0
432 133 96 0 0
433 134 96 0 0
434 133 96 0 0
435 134 96 0 0
436 133 96 0 0
437 134 96 0 0
438 135 96 0 0
439 134 96 0 0
440 135 96 0 0
441 136 96 0 0
442 135 96 0 0
443 135 97 0 0
444 136 97 0 0
445 135 97 0 0
446 136 97 0 0
447 137 97 0 0
448 136 97 0 0
449 137 97 0 0
450 136 97 0 0
451 137 97 0 0
452 138 97 0 0
453 137 97 0 0
454 138 97 0 0
455 139 97 0 0
456 138 97 0 0
457 139 97 0 0
458 138 97 0 0
459 139 97 0 0
460 140 97 0 0
461 139 97 0 0
462 140 97 0 0
463 141 97 0 0
464 140 97 0 0
465 141 97 0 0
466 140 97 0 0
467 141 97 0 0
468 142 97 0 0
469 141 97 0 0
470 142 97 0 0
471 143 97 0 0
472 142 97 0 0
473 143 97 0 0
474 142 97 0 0
475 143 97 0 0
476 144 97 0 0
477 143 97 0 0
478 144 97 0 0
479 143 97 0 0
480 144 97 0 0
481 144 98 0 0
482 145 98 0 0
483 144 98 0 0
484 145 98 0 0
485 146 98 0 0
486 145 98 0 0
487 146 98 0 0
488 145 98 0 0
489 146 98 0 0
490 147 98 0 0
491 146 98 0 0
492 147 98 0 0
493 146 98 0 0
494 147 98 0 0
495 148 98 0 0
496 147 98 0 0
497 148 98 0 0
498 149 98 0 0
499 148 98 0 0
500 149 98 0 0
501 148 98 0 0
502 149 98 0 0
503 150 98 0 0
504 149 98 0 0
505 150 98 0 0
506 150 99 0 0
507 151 99 0 0
508 150 99 0 0
509 151 99 0 0
510 152 99 0 0
511 151 99 0 0
512 152 99 0 0
513 153 99 0 0
514 152 99 0 0
515 153 99 0 0
516 154 99 0 0
517 153 99 0 0
518 154 99 0 0
519 153 99 0 0
520 154 99 0 0
521 155 99 0 0
522 155 100 0 0
523 156 100 0 0
524 155 100 0 0
525 156 100 0 0
526 155 100 0 0
527 156 100 0 0
528 157 100 0 0
529 156 100 0 0
530 157 100 0 0
531 158 100 0 0
532 157 100 0 0
533 158 100 0 0
534 159 100 0 0
535 158 100 0 0
536 159 100 0 0
537 160 100 0 0
538 159 100 0 0
539 159 101 0 0
540 160 101 0 0
541 161 101 0 0
542 160 101 0 0
543 161 101 0 0
544 162 101 0 0
545 163 101 0 0
546 162 101 0 0
547 163 101 0 0
548 162 101 0 0
549 163 101 0 0
550 164 101 0 0
551 163 101 0 0
552 164 101 0 0
553 163 101 0 0
554 164 101 0 0
555 164 100 0 0
556 165 100 0 0
557 164 100 0 0
558 165 100 0 0
559 166 100 0 0
560 165 100 0 0
561 166 100 0 0
562 165 100 0 0
563 166 100 0 0
564 167 100 0 0
565 166 100 0 0
566 167 100 0 0
567 168 100 0 0
568 167 100 0 0
569 168 100 0 0
570 167 100 0 0
571 168 100 0 0
572 169 100 0 0
573 168 100 0 0
574 168 99 0 0
575 169 99 0 0
576 170 99 0 0
577 169 99 0 0
578 170 99 0 0
579 171 99 0 0
580 170 99 0 0
581 171 99 0 0
582 170 99 0 0
583 171 99 0 0
584 172 99 0 0
585 171 99 0 0
586 172 99 0 0
587 173 99 0 0
588 172 99 0 0
589 173 99 0 0
590 172 99 0 0
591 173 99 0 0
592 173 98 0 0
593 174 98 0 0
594 173 98 0 0
595 173 99 0 0
596 174 99 0 0
597 175 99 0 0
598 174 99 0 0
599 175 99 0 0
600 176 99 0 0
601 175 99 0 0
602 176 99 0 0
603 177 99 0 0
604 176 99 0 0
605 177 99 0 0
606 178 99 0 0
607 177 99 0 0
608 177 100 0 0
609 178 100 0 0
610 179 100 0 0
611 178 100 0 0
612 179 100 0 0
613 180 100 0 0
614 179 100 0 0
615 180 100 0 0
616 181 100 0 0
617 180 100 0 0
618 181 100 0 0
619 182 100 0 0
620 181 100 0 0
621 182 100 0 0
622 183 100 0 0
623 182 100 0 0
624 183 100 0 0
625 184 100 0 0
626 183 100 0 0
627 184 100 0 0
628 183 100 0 0
629 184 100 0 0
630 185 100 0 0
631 184 100 0 0
632 185 100 0 0
633 186 100 0 0
634 185 100 0 0
635 186 100 0 0
636 187 100 0 0
637 186 100 0 0
638 187 100 0 0
639 186 100 0 0
640 187 100 0 0
641 188 100 0 0
642 187 100 0 0
643 188 100 0 0
644 189 100 0 0
645 188 100 0 0
646 189 100 0 0
647 190 100 0 0
648 189 100 0 0
649 190 100 0 0
650 191 100 0 0
651 190 100 0 0
652 191 100 0 0
653 190 100 0 0
654 191 100 0 0
655 192 100 0 0
656 191 100 0 0
657 191 99 0 0
658 192 99 0 0
659 191 99 0 0
660 192 99 0 0
661 193 99 0 0
662 192 99 0 0
663 193 99 0 0
664 192 99 0 0
665 193 99 0 0
