0 2 97 0 0
1 3 97 0 0
2 4 97 0 0
3 5 97 0 0
4 6 97 0 0
5 7 97 0 0
6 8 97 0 0
7 9 97 0 0
8 10 97 0 0
9 11 97 0 0
10 12 97 0 0
11 13 97 0 0
12 14 97 0 0
13 15 97 0 0
14 16 97 0 0
15 17 97 0 0
16 18 97 0 0
17 19 97 0 0
18 20 97 0 0
19 21 97 0 0
20 22 97 0 0
21 23 97 0 0
22 24 97 0 0
23 25 97 0 0
24 26 97 0 0
25 26 98 0 0
26 27 98 0 0
27 28 98 0 0
28 29 98 0 0
29 30 98 0 0
30 31 98 0 0
31 32 98 0 0
32 33 98 0 0
33 34 98 0 0
34 35 98 0 0
35 36 98 0 0
36 37 98 0 0
37 38 98 0 0
38 39 98 0 0
39 40 98 0 0
40 41 98 0 0
41 42 98 0 0
42 43 98 0 0
43 44 98 0 0
44 45 98 0 0
45 45 99 0 0
46 46 99 0 0
47 47 99 0 0
48 48 99 0 0
49 49 99 0 0
50 50 99 0 0
51 50 100 0 0
52 51 100 0 0
53 52 100 0 0
54 53 100 0 0
55 54 100 0 0
56 55 100 0 0
57 55 101 0 0
58 56 101 0 0
59 57 101 0 0
60 58 101 0 0
61 59 101 0 0
62 60 101 0 0
63 61 101 0 0
64 62 101 0 0
65 63 101 0 0
66 64 101 0 0
67 65 101 0 0
68 66 101 0 0
69 67 101 0 0
70 67 100 0 0
71 67 101 0 0
72 68 101 0 0
73 69 101 0 0
74 70 101 0 0
75 70 102 0 0
76 71 102 0 0
77 72 102 0 0
78 72 103 0 0
79 73 103 0 0
80 74 103 0 0
81 75 103 0 0
82 75 104 0 0
83 76 104 0 0
84 77 104 0 0
85 77 105 0 0
86 78 105 0 0
87 79 105 0 0
88 80 105 0 0
89 80 106 0 0
90 81 106 0 0
91 81 107 0 0
92 82 107 0 0
93 82 108 0 0
94 83 108 0 0
95 83 109 0 0
96 84 109 0 0
97 84 110 0 0
98 85 110 0 0
99 85 111 0 0
100 86 111 0 0
101 86 112 0 0
102 87 112 0 0
103 87 113 0 0
104 88 113 0 0
105 88 114 0 0
106 89 114 0 0
107 89 115 0 0
108 90 115 0 0
109 90 116 0 0
110 91 116 0 0
111 91 117 0 0
112 92 117 0 0
113 92 118 0 0
114 92 119 0 0
115 93 119 0 0
116 93 120 0 0
117 93 121 0 0
118 94 121 0 0
119 94 122 0 0
120 94 123 0 0
121 94 124 0 0
122 95 124 0 0
123 95 125 0 0
124 95 126 0 0
125 96 126 0 0
126 96 127 0 0
127 96 128 0 0
128 96 129 0 0
129 97 129 0 0
130 97 130 0 0
131 97 131 0 0
132 98 131 0 0
133 98 132 0 0
134 98 133 0 0
135 99 133 0 0
136 99 134 0 0
137 99 135 0 0
138 99 136 0 0
139 99 137 0 0
140 99 138 0 0
141 100 138 0 0
142 100 139 0 0
143 100 140 0 0
144 100 141 0 0
145 100 142 0 0
146 101 142 0 0
147 101 143 0 0
148 101 144 0 0
149 101 145 0 0
150 101 146 0 0
151 101 147 0 0
152 102 147 0 0
153 102 148 0 0
154 102 149 0 0
155 102 150 0 0
156 102 151 0 0
157 103 151 0 0
158 103 152 0 0
159 103 153 0 0
160 104 153 0 0
161 104 154 0 0
162 104 155 0 0
163 104 156 0 0
164 104 157 0 0
165 105 157 0 0
166 105 158 0 0
167 105 159 0 0
168 105 160 0 0
169 105 161 0 0
170 105 162 0 0
171 106 162 0 0
172 106 163 0 0
173 106 164 0 0
174 106 165 0 0
175 106 166 0 0
176 107 166 0 0
177 107 167 0 0
178 107 168 0 0
179 107 169 0 0
180 107 170 0 0
181 107 171 0 0
182 108 171 0 0
183 108 172 0 0
184 108 173 0 0
185 108 174 0 0
186 108 175 0 0
187 109 175 0 0
188 109 176 0 0
189 109 177 0 0
190 109 178 0 0
191 109 179 0 0
192 109 180 0 0
193 110 180 0 0
194 110 181 0 0
195 110 182 0 0
196 110 183 0 0
197 110 184 0 0
198 111 184 0 0
199 111 185 0 0
200 111 186 0 0
201 111 187 0 0
202 111 188 0 0
203 111 189 0 0
204 112 189 0 0
205 112 190 0 0
206 112 191 0 0
207 112 192 0 0
208 112 193 0 0
209 112 194 0 0
210 112 195 0 0
211 113 195 0 0
212 113 196 0 0
213 113 197 0 0
214 113 198 0 0
215 113 199 0 0
216 114 199 0 0
217 114 200 0 0
218 114 201 0 0
219 114 202 0 0
220 114 203 0 0
221 115 203 0 0
222 115 204 0 0
223 115 205 0 0
224 115 206 0 0
225 115 207 0 0
226 116 207 0 0
227 116 208 0 0
228 116 209 0 0
229 116 210 0 0
230 117 210 0 0
231 117 211 0 0
232 117 212 0 0
233 117 213 0 0
234 117 214 0 0
235 118 214 0 0
236 118 215 0 0
237 118 216 0 0
238 118 217 0 0
239 119 217 0 0
240 119 218 0 0
241 119 219 0 0
242 119 220 0 0
243 120 220 0 0
244 120 221 0 0
245 120 222 0 0
246 120 223 0 0
247 120 224 0 0
248 120 225 0 0
249 121 225 0 0
250 121 226 0 0
251 121 227 0 0
252 121 228 0 0
253 121 229 0 0
254 122 229 0 0
255 122 230 0 0
256 122 231 0 0
257 122 232 0 0
258 122 233 0 0
