0 6 98 0 0
1 7 98 0 0
2 8 98 0 0
3 9 98 0 0
4 10 98 0 0
5 11 98 0 0
6 12 98 0 0
7 13 98 0 0
8 14 98 0 0
9 15 98 0 0
10 16 98 0 0
11 17 98 0 0
12 18 98 0 0
13 19 98 0 0
14 20 98 0 0
15 21 98 0 0
16 22 98 0 0
17 23 98 0 0
18 24 98 0 0
19 25 98 0 0
20 26 98 0 0
21 27 98 0 0
22 28 98 0 0
23 29 98 0 0
24 30 98 0 0
25 31 98 0 0
26 32 98 0 0
27 33 98 0 0
28 34 98 0 0
29 35 98 0 0
30 36 98 0 0
31 37 98 0 0
32 38 98 0 0
33 39 98 0 0
34 40 98 0 0
35 41 98 0 0
36 42 98 0 0
37 43 98 0 0
38 44 98 0 0
39 44 99 0 0
40 45 99 0 0
41 46 99 0 0
42 47 99 0 0
43 48 99 0 0
44 49 99 0 0
45 50 99 0 0
46 51 99 0 0
47 52 99 0 0
48 53 99 0 0
49 54 99 0 0
50 55 99 0 0
51 56 99 0 0
52 57 99 0 0
53 58 99 0 0
54 59 99 0 0
55 60 99 0 0
56 61 99 0 0
57 62 99 0 0
58 63 99 0 0
59 63 98 0 0
60 64 98 0 0
61 65 98 0 0
62 66 98 0 0
63 67 98 0 0
64 67 97 0 0
65 68 97 0 0
66 69 97 0 0
67 70 97 0 0
68 70 96 0 0
69 71 96 0 0
70 72 96 0 0
71 73 96 0 0
72 73 95 0 0
73 74 95 0 0
74 75 95 0 0
75 76 95 0 0
76 77 95 0 0
77 77 94 0 0
78 78 94 0 0
79 78 93 0 0
80 79 93 0 0
81 80 93 0 0
82 80 92 0 0
83 81 92 0 0
84 82 92 0 0
85 82 91 0 0
86 83 91 0 0
87 83 90 0 0
88 84 90 0 0
89 85 90 0 0
90 85 89 0 0
91 86 89 0 0
92 87 89 0 0
93 88 89 0 0
94 89 89 0 0
95 90 89 0 0
96 90 88 0 0
97 91 88 0 0
98 92 88 0 0
99 93 88 0 0
100 94 88 0 0
101 95 88 0 0
102 96 88 0 0
103 96 87 0 0
104 96 88 0 0
105 97 88 0 0
106 98 88 0 0
107 99 88 0 0
108 99 89 0 0
109 100 89 0 0
110 101 89 0 0
111 101 90 0 0
112 102 90 0 0
113 103 90 0 0
114 103 91 0 0
115 104 91 0 0
116 105 91 0 0
117 105 92 0 0
118 106 92 0 0
119 106 93 0 0
120 106 94 0 0
121 107 94 0 0
122 107 95 0 0
123 107 96 0 0
124 108 96 0 0
125 108 97 0 0
126 108 98 0 0
127 109 98 0 0
128 109 99 0 0
129 110 99 0 0
130 110 100 0 0
131 110 101 0 0
132 111 101 0 0
133 111 102 0 0
134 111 103 0 0
135 112 103 0 0
136 112 104 0 0
137 112 105 0 0
138 113 105 0 0
139 112 105 0 0
140 112 106 0 0
141 112 107 0 0
142 112 108 0 0
143 112 109 0 0
144 112 110 0 0
145 112 111 0 0
146 112 112 0 0
147 112 113 0 0
148 112 114 0 0
149 112 115 0 0
150 112 116 0 0
151 112 117 0 0
152 112 118 0 0
153 112 119 0 0
154 112 120 0 0
155 112 121 0 0
156 112 122 0 0
157 112 123 0 0
158 112 124 0 0
159 112 125 0 0
160 112 126 0 0
161 112 127 0 0
162 111 127 0 0
163 111 128 0 0
164 111 129 0 0
165 111 130 0 0
166 111 131 0 0
167 111 132 0 0
168 111 133 0 0
169 111 134 0 0
170 111 135 0 0
171 111 136 0 0
172 111 137 0 0
173 111 138 0 0
174 111 139 0 0
175 111 140 0 0
176 111 141 0 0
177 111 142 0 0
178 111 143 0 0
179 111 144 0 0
180 111 145 0 0
181 111 146 0 0
182 111 147 0 0
183 111 148 0 0
184 111 149 0 0
185 111 150 0 0
186 112 150 0 0
187 112 151 0 0
188 112 152 0 0
189 112 153 0 0
190 112 154 0 0
191 112 155 0 0
192 113 155 0 0
193 113 156 0 0
194 113 157 0 0
195 113 158 0 0
196 113 159 0 0
197 113 160 0 0
198 113 161 0 0
199 114 161 0 0
200 114 162 0 0
201 114 163 0 0
202 114 164 0 0
203 114 165 0 0
204 114 166 0 0
205 114 167 0 0
206 114 168 0 0
207 115 168 0 0
208 115 169 0 0
209 115 170 0 0
210 115 171 0 0
211 115 172 0 0
212 115 173 0 0
213 115 174 0 0
214 115 175 0 0
215 115 176 0 0
216 116 176 0 0
217 116 177 0 0
218 116 178 0 0
219 116 179 0 0
220 116 180 0 0
221 116 181 0 0
222 117 181 0 0
223 117 182 0 0
224 117 183 0 0
225 117 184 0 0
226 117 185 0 0
227 117 186 0 0
228 118 186 0 0
229 118 187 0 0
230 118 188 0 0
231 118 189 0 0
232 118 190 0 0
233 118 191 0 0
234 119 191 0 0
235 119 192 0 0
236 119 193 0 0
237 119 194 0 0
238 119 195 0 0
239 120 195 0 0
240 120 196 0 0
241 120 197 0 0
242 120 198 0 0
243 120 199 0 0
244 120 200 0 0
245 120 201 0 0
246 120 202 0 0
247 121 202 0 0
248 121 203 0 0
249 121 204 0 0
250 121 205 0 0
251 121 206 0 0
252 121 207 0 0
253 121 208 0 0
254 122 208 0 0
255 122 209 0 0
256 122 210 0 0
257 122 211 0 0
258 122 212 0 0
259 122 213 0 0
260 122 214 0 0
261 122 215 0 0
262 122 216 0 0
263 123 216 0 0
264 123 217 0 0
265 123 218 0 0
266 123 219 0 0
267 123 220 0 0
268 123 221 0 0
269 123 222 0 0
270 123 223 0 0
271 123 224 0 0
272 123 225 0 0
273 123 226 0 0
274 123 227 0 0
275 123 228 0 0
276 123 229 0 0
277 123 230 0 0
278 124 230 0 0
279 124 231 0 0
280 123 231 0 0
281 123 232 0 0
282 123 233 0 0
283 123 234 0 0
