0 3 100 0 0
1 4 100 0 0
2 5 100 0 0
3 6 100 0 0
4 5 100 0 0
5 6 100 0 0
6 7 100 0 0
7 6 100 0 0
8 7 100 0 0
9 6 100 0 0
10 7 100 0 0
11 8 100 0 0
12 9 100 0 0
13 8 100 0 0
14 9 100 0 0
15 10 100 0 0
16 9 100 0 0
17 10 100 0 0
18 11 100 0 0
19 10 100 0 0
20 11 100 0 0
21 12 100 0 0
22 11 100 0 0
23 12 100 0 0
24 13 100 0 0
25 12 100 0 0
26 13 100 0 0
27 14 100 0 0
28 13 100 0 0
29 14 100 0 0
30 15 100 0 0
31 14 100 0 0
32 15 100 0 0
33 16 100 0 0
34 15 100 0 0
35 16 100 0 0
36 17 100 0 0
37 16 100 0 0
38 17 100 0 0
39 18 100 0 0
40 17 100 0 0
41 18 100 0 0
42 19 100 0 0
43 18 100 0 0
44 19 100 0 0
45 20 100 0 0
46 21 100 0 0
47 20 100 0 0
48 21 100 0 0
49 20 100 0 0
50 21 100 0 0
51 22 100 0 0
52 23 100 0 0
53 22 100 0 0
54 23 100 0 0
55 24 100 0 0
56 23 100 0 0
57 24 100 0 0
58 25 100 0 0
59 24 100 0 0
60 25 100 0 0
61 26 100 0 0
62 25 100 0 0
63 26 100 0 0
64 27 100 0 0
65 26 100 0 0
66 27 100 0 0
67 26 100 0 0
68 27 100 0 0
69 28 100 0 0
70 29 100 0 0
71 28 100 0 0
72 29 100 0 0
73 30 100 0 0
74 29 100 0 0
75 30 100 0 0
76 31 100 0 0
77 30 100 0 0
78 31 100 0 0
79 32 100 0 0
80 31 100 0 0
81 32 100 0 0
82 33 100 0 0
83 32 100 0 0
84 33 100 0 0
85 34 100 0 0
86 33 100 0 0
87 34 100 0 0
88 35 100 0 0
89 34 100 0 0
90 35 100 0 0
91 36 100 0 0
92 35 100 0 0
93 36 100 0 0
94 35 100 0 0
95 36 100 0 0
96 37 100 0 0
97 36 100 0 0
98 37 100 0 0
99 38 100 0 0
100 37 100 0 0
101 38 100 0 0
102 37 100 0 0
103 38 100 0 0
104 37 100 0 0
105 38 100 0 0
106 39 100 0 0
107 38 100 0 0
108 39 100 0 0
109 40 100 0 0
110 41 100 0 0
111 40 100 0 0
112 41 100 0 0
113 42 100 0 0
114 41 100 0 0
115 41 99 0 0
116 42 99 0 0
117 43 99 0 0
118 44 99 0 0
119 43 99 0 0
120 44 99 0 0
121 45 99 0 0
122 44 99 0 0
123 45 99 0 0
124 46 99 0 0
125 45 99 0 0
126 46 99 0 0
127 45 99 0 0
128 46 99 0 0
129 45 99 0 0
130 46 99 0 0
131 47 99 0 0
132 46 99 0 0
133 47 99 0 0
134 46 99 0 0
135 47 99 0 0
136 48 99 0 0
137 47 99 0 0
138 47 98 0 0
139 48 98 0 0
140 49 98 0 0
141 48 98 0 0
142 49 98 0 0
143 50 98 0 0
144 51 98 0 0
145 50 98 0 0
146 51 98 0 0
147 52 98 0 0
148 51 98 0 0
149 52 98 0 0
150 53 98 0 0
151 52 98 0 0
152 53 98 0 0
153 54 98 0 0
154 53 98 0 0
155 54 98 0 0
156 55 98 0 0
157 54 98 0 0
158 55 98 0 0
159 56 98 0 0
160 55 98 0 0
161 56 98 0 0
162 57 98 0 0
163 56 98 0 0
164 57 98 0 0
165 58 98 0 0
166 57 98 0 0
167 58 98 0 0
168 59 98 0 0
169 58 98 0 0
170 59 98 0 0
171 60 98 0 0
172 59 98 0 0
173 60 98 0 0
174 61 98 0 0
175 60 98 0 0
176 61 98 0 0
177 62 98 0 0
178 61 98 0 0
179 61 97 0 0
180 62 97 0 0
181 63 97 0 0
182 62 97 0 0
183 63 97 0 0
184 64 97 0 0
185 63 97 0 0
186 63 96 0 0
187 64 96 0 0
188 65 96 0 0
189 66 96 0 0
190 65 96 0 0
191 66 96 0 0
192 65 96 0 0
193 66 96 0 0
194 67 96 0 0
195 66 96 0 0
196 66 95 0 0
197 67 95 0 0
198 68 95 0 0
199 67 95 0 0
200 68 95 0 0
201 69 95 0 0
202 68 95 0 0
203 69 95 0 0
204 68 95 0 0
205 69 95 0 0
206 70 95 0 0
207 69 95 0 0
208 70 95 0 0
209 70 94 0 0
210 71 94 0 0
211 70 94 0 0
212 71 94 0 0
213 72 94 0 0
214 71 94 0 0
215 72 94 0 0
216 73 94 0 0
217 72 94 0 0
218 73 94 0 0
219 72 94 0 0
220 73 94 0 0
221 74 94 0 0
222 73 94 0 0
223 73 93 0 0
224 74 93 0 0
225 75 93 0 0
226 74 93 0 0
227 75 93 0 0
228 76 93 0 0
229 75 93 0 0
230 76 93 0 0
231 76 92 0 0
232 77 92 0 0
233 76 92 0 0
234 77 92 0 0
235 78 92 0 0
236 77 92 0 0
237 78 92 0 0
238 77 92 0 0
239 77 91 0 0
240 78 91 0 0
241 79 91 0 0
242 78 91 0 0
243 79 91 0 0
244 80 91 0 0
245 79 91 0 0
246 80 91 0 0
247 80 90 0 0
248 81 90 0 0
249 80 90 0 0
250 81 90 0 0
251 82 90 0 0
252 81 90 0 0
253 82 90 0 0
254 82 89 0 0
255 83 89 0 0
256 82 89 0 0
257 83 89 0 0
258 84 89 0 0
259 83 89 0 0
260 84 89 0 0
261 83 89 0 0
262 84 89 0 0
263 85 89 0 0
264 84 89 0 0
265 84 88 0 0
266 85 88 0 0
267 86 88 0 0
268 85 88 0 0
269 86 88 0 0
270 85 88 0 0
271 86 88 0 0
272 87 88 0 0
273 86 88 0 0
274 87 88 0 0
275 86 88 0 0
276 86 87 0 0
277 87 87 0 0
278 88 87 0 0
279 87 87 0 0
280 88 87 0 0
281 89 87 0 0
282 88 87 0 0
283 89 87 0 0
284 88 87 0 0
285 89 87 0 0
286 90 87 0 0
287 89 87 0 0
288 89 86 0 0
289 90 86 0 0
290 91 86 0 0
291 90 86 0 0
292 91 86 0 0
293 92 86 0 0
294 91 86 0 0
295 92 86 0 0
296 92 85 0 0
297 93 85 0 0
298 92 85 0 0
299 93 85 0 0
300 94 85 0 0
301 93 85 0 0
302 94 85 0 0
303 94 84 0 0
304 95 84 0 0
305 96 84 0 0
306 95 84 0 0
307 96 84 0 0
308 97 84 0 0
309 96 84 0 0
310 96 83 0 0
311 97 83 0 0
312 98 83 0 0
313 97 83 0 0
314 98 83 0 0
315 99 83 0 0
316 98 83 0 0
317 99 83 0 0
318 98 83 0 0
319 99 83 0 0
320 100 83 0 0
321 101 83 0 0
322 100 83 0 0
323 101 83 0 0
324 100 83 0 0
325 101 83 0 0
326 102 83 0 0
327 103 83 0 0
328 102 83 0 0
329 103 83 0 0
330 102 83 0 0
331 103 83 0 0
332 104 83 0 0
333 103 83 0 0
334 104 83 0 0
335 105 83 0 0
336 104 83 0 0
337 105 83 0 0
338 106 83 0 0
339 105 83 0 0
340 106 83 0 0
341 107 83 0 0
342 106 83 0 0
343 106 84 0 0
344 107 84 0 0
345 108 84 0 0
346 107 84 0 0
347 108 84 0 0
348 109 84 0 0
349 108 84 0 0
350 109 84 0 0
351 108 84 0 0
352 109 84 0 0
353 110 84 0 0
354 109 84 0 0
355 110 84 0 0
356 111 84 0 0
357 110 84 0 0
358 111 84 0 0
359 110 84 0 0
360 111 84 0 0
361 112 84 0 0
362 111 84 0 0
363 112 84 0 0
364 113 84 0 0
365 112 84 0 0
366 113 84 0 0
367 114 84 0 0
368 113 84 0 0
369 114 84 0 0
370 113 84 0 0
371 114 84 0 0
372 115 84 0 0
373 114 84 0 0
374 115 84 0 0
375 115 85 0 0
376 116 85 0 0
377 115 85 0 0
378 116 85 0 0
379 115 85 0 0
380 116 85 0 0
381 117 85 0 0
382 116 85 0 0
383 117 85 0 0
384 118 85 0 0
385 117 85 0 0
386 118 85 0 0
387 117 85 0 0
388 118 85 0 0
389 118 86 0 0
390 119 86 0 0
391 118 86 0 0
392 119 86 0 0
393 118 86 0 0
394 119 86 0 0
395 120 86 0 0
396 119 86 0 0
397 120 86 0 0
398 121 86 0 0
399 120 86 0 0
400 121 86 0 0
401 122 86 0 0
402 121 86 0 0
403 121 87 0 0
404 122 87 0 0
405 123 87 0 0
406 122 87 0 0
407 123 87 0 0
408 122 87 0 0
409 123 87 0 0
410 124 87 0 0
411 123 87 0 0
412 124 87 0 0
413 123 87 0 0
414 123 88 0 0
415 124 88 0 0
416 123 88 0 0
417 124 88 0 0
418 125 88 0 0
419 124 88 0 0
420 125 88 0 0
421 125 89 0 0
422 126 89 0 0
423 125 89 0 0
424 126 89 0 0
425 125 89 0 0
426 126 89 0 0
427 127 89 0 0
428 126 89 0 0
429 127 89 0 0
430 126 89 0 0
431 126 90 0 0
432 127 90 0 0
433 126 90 0 0
434 127 90 0 0
435 128 90 0 0
436 127 90 0 0
437 128 90 0 0
438 128 91 0 0
439 129 91 0 0
440 128 91 0 0
441 129 91 0 0
442 128 91 0 0
443 129 91 0 0
444 128 91 0 0
445 129 91 0 0
446 130 91 0 0
447 129 91 0 0
448 129 92 0 0
449 130 92 0 0
450 131 92 0 0
451 130 92 0 0
452 131 92 0 0
453 132 92 0 0
454 131 92 0 0
455 132 92 0 0
456 133 92 0 0
457 132 92 0 0
458 132 93 0 0
459 133 93 0 0
460 132 93 0 0
461 133 93 0 0
462 134 93 0 0
463 133 93 0 0
464 134 93 0 0
465 133 93 0 0
466 134 93 0 0
467 135 93 0 0
468 134 93 0 0
469 134 94 0 0
470 135 94 0 0
471 136 94 0 0
472 135 94 0 0
473 136 94 0 0
474 137 94 0 0
475 136 94 0 0
476 137 94 0 0
477 137 95 0 0
478 138 95 0 0
479 137 95 0 0
480 138 95 0 0
481 139 95 0 0
482 138 95 0 0
483 139 95 0 0
484 138 95 0 0
485 139 95 0 0
486 140 95 0 0
487 139 95 0 0
488 140 95 0 0
489 139 95 0 0
490 140 95 0 0
491 140 96 0 0
492 141 96 0 0
493 140 96 0 0
494 141 96 0 0
495 140 96 0 0
496 141 96 0 0
497 142 96 0 0
498 141 96 0 0
499 142 96 0 0
500 143 96 0 0
501 142 96 0 0
502 143 96 0 0
503 142 96 0 0
504 143 96 0 0
505 144 96 0 0
506 143 96 0 0
507 144 96 0 0
508 143 96 0 0
509 143 97 0 0
510 144 97 0 0
511 145 97 0 0
512 144 97 0 0
513 145 97 0 0
514 146 97 0 0
515 145 97 0 0
516 146 97 0 0
517 145 97 0 0
518 146 97 0 0
519 147 97 0 0
520 146 97 0 0
521 147 97 0 0
522 146 97 0 0
523 147 97 0 0
524 147 98 0 0
525 148 98 0 0
526 147 98 0 0
527 148 98 0 0
528 149 98 0 0
529 148 98 0 0
530 149 98 0 0
531 150 98 0 0
532 149 98 0 0
533 150 98 0 0
534 149 98 0 0
535 150 98 0 0
536 151 98 0 0
537 150 98 0 0
538 150 99 0 0
539 151 99 0 0
540 152 99 0 0
541 151 99 0 0
542 152 99 0 0
543 153 99 0 0
544 152 99 0 0
545 153 99 0 0
546 152 99 0 0
547 153 99 0 0
548 154 99 0 0
549 153 99 0 0
550 154 99 0 0
551 153 99 0 0
552 153 100 0 0
553 154 100 0 0
554 155 100 0 0
555 154 100 0 0
556 155 100 0 0
557 156 100 0 0
558 155 100 0 0
559 156 100 0 0
560 155 100 0 0
561 156 100 0 0
562 157 100 0 0
563 156 100 0 0
564 157 100 0 0
565 156 100 0 0
566 157 100 0 0
567 158 100 0 0
568 157 100 0 0
569 158 100 0 0
570 159 100 0 0
571 158 100 0 0
572 159 100 0 0
573 158 100 0 0
574 159 100 0 0
575 160 100 0 0
576 159 100 0 0
577 160 100 0 0
578 161 100 0 0
579 160 100 0 0
580 161 100 0 0
581 160 100 0 0
582 161 100 0 0
583 162 100 0 0
584 161 100 0 0
585 161 101 0 0
586 162 101 0 0
587 163 101 0 0
588 162 101 0 0
589 163 101 0 0
590 164 101 0 0
591 163 101 0 0
592 164 101 0 0
593 163 101 0 0
594 164 101 0 0
595 165 101 0 0
596 164 101 0 0
597 165 101 0 0
598 166 101 0 0
599 165 101 0 0
600 166 101 0 0
601 165 101 0 0
602 166 101 0 0
603 167 101 0 0
604 166 101 0 0
605 167 101 0 0
606 166 101 0 0
607 167 101 0 0
608 168 101 0 0
609 167 101 0 0
610 168 101 0 0
611 169 101 0 0
612 168 101 0 0
613 169 101 0 0
614 168 101 0 0
615 169 101 0 0
616 169 100 0 0
617 170 100 0 0
618 169 100 0 0
619 170 100 0 0
620 171 100 0 0
621 170 100 0 0
622 171 100 0 0
623 170 100 0 0
624 171 100 0 0
625 172 100 0 0
626 171 100 0 0
627 172 100 0 0
628 173 100 0 0
629 172 100 0 0
630 173 100 0 0
631 172 100 0 0
632 173 100 0 0
633 174 100 0 0
634 173 100 0 0
635 174 100 0 0
636 175 100 0 0
637 174 100 0 0
638 175 100 0 0
639 176 100 0 0
640 175 100 0 0
641 176 100 0 0
642 175 100 0 0
643 176 100 0 0
644 177 100 0 0
645 176 100 0 0
646 177 100 0 0
647 178 100 0 0
648 177 100 0 0
649 178 100 0 0
650 179 100 0 0
651 178 100 0 0
652 179 100 0 0
653 178 100 0 0
654 179 100 0 0
655 180 100 0 0
656 181 100 0 0
657 180 100 0 0
658 181 100 0 0
659 180 100 0 0
660 181 100 0 0
661 182 100 0 0
662 181 100 0 0
663 182 100 0 0
664 182 99 0 0
665 183 99 0 0
666 182 99 0 0
667 182 100 0 0
668 183 100 0 0
669 182 100 0 0
670 183 100 0 0
671 184 100 0 0
672 183 100 0 0
673 184 100 0 0
674 183 100 0 0
675 184 100 0 0
676 185 100 0 0
677 184 100 0 0
678 185 100 0 0
679 186 100 0 0
680 185 100 0 0
681 186 100 0 0
682 185 100 0 0
683 186 100 0 0
684 187 100 0 0
685 186 100 0 0
686 187 100 0 0
687 186 100 0 0
688 187 100 0 0
689 188 100 0 0
690 187 100 0 0
691 188 100 0 0
692 189 100 0 0
693 188 100 0 0
694 189 100 0 0
695 188 100 0 0
696 189 100 0 0
697 190 100 0 0
698 189 100 0 0
699 190 100 0 0
700 191 100 0 0
701 190 100 0 0
702 191 100 0 0
703 192 100 0 0
704 191 100 0 0
705 192 100 0 0
706 193 100 0 0
707 192 100 0 0
708 193 100 0 0
709 192 100 0 0
710 193 100 0 0
711 194 100 0 0
712 193 100 0 0
713 194 100 0 0
714 195 100 0 0
715 194 100 0 0
716 195 100 0 0
717 194 100 0 0
718 195 100 0 0
719 194 100 0 0
720 195 100 0 0
721 194 100 0 0
722 195 100 0 0
