0 600 19200 0 0
1 600 19400 0 0
2 800 19400 0 0
3 1000 19400 0 0
4 1200 19400 0 0
5 1400 19400 0 0
6 1600 19400 0 0
7 1800 19400 0 0
8 1800 19600 0 0
9 2000 19600 0 0
10 2200 19600 0 0
11 2400 19600 0 0
12 2600 19600 0 0
13 2800 19600 0 0
14 3000 19600 0 0
15 3200 19600 0 0
16 3400 19600 0 0
17 3600 19600 0 0
18 3800 19600 0 0
19 4000 19600 0 0
20 4200 19600 0 0
21 4400 19600 0 0
22 4600 19600 0 0
23 4600 19800 0 0
24 4800 19800 0 0
25 5000 19800 0 0
26 5200 19800 0 0
27 5400 19800 0 0
28 5600 19800 0 0
29 5800 19800 0 0
30 6000 19800 0 0
31 6200 19800 0 0
32 6200 20000 0 0
33 6400 20000 0 0
34 6600 20000 0 0
35 6800 20000 0 0
36 7000 20000 0 0
37 7200 20000 0 0
38 7400 20000 0 0
39 7400 20200 0 0
40 7600 20200 0 0
41 7800 20200 0 0
42 8000 20200 0 0
43 8200 20200 0 0
44 8400 20200 0 0
45 8600 20200 0 0
46 8800 20200 0 0
47 9000 20200 0 0
48 9200 20200 0 0
49 9400 20200 0 0
50 9600 20200 0 0
51 9800 20200 0 0
52 9800 20400 0 0
53 10000 20400 0 0
54 10200 20400 0 0
55 10400 20400 0 0
56 10600 20400 0 0
57 10800 20400 0 0
58 11000 20400 0 0
59 11200 20400 0 0
60 11400 20400 0 0
61 11600 20400 0 0
62 11800 20400 0 0
63 11800 20600 0 0
64 12000 20600 0 0
65 12200 20600 0 0
66 12400 20600 0 0
67 12600 20600 0 0
68 12600 20800 0 0
69 12800 20800 0 0
70 13000 20800 0 0
71 13200 20800 0 0
72 13400 20800 0 0
73 13400 21000 0 0
74 13600 21000 0 0
75 13800 21000 0 0
76 14000 21000 0 0
77 14200 21000 0 0
78 14200 21200 0 0
79 14400 21200 0 0
80 14600 21200 0 0
81 14800 21200 0 0
82 14800 21400 0 0
83 15000 21400 0 0
84 15200 21400 0 0
85 15400 21400 0 0
86 15400 21600 0 0
87 15600 21600 0 0
88 15800 21600 0 0
89 15800 21800 0 0
90 16000 21800 0 0
91 16200 21800 0 0
92 16200 22000 0 0
93 16400 22000 0 0
94 16400 22200 0 0
95 16600 22200 0 0
96 16800 22200 0 0
97 16800 22400 0 0
98 17000 22400 0 0
99 17000 22600 0 0
100 17200 22600 0 0
101 17200 22800 0 0
102 17400 22800 0 0
103 17600 22800 0 0
104 17600 23000 0 0
105 17800 23000 0 0
106 17800 23200 0 0
107 18000 23200 0 0
108 18000 23400 0 0
109 18200 23400 0 0
110 18200 23600 0 0
111 18400 23600 0 0
112 18400 23800 0 0
113 18600 23800 0 0
114 18600 24000 0 0
115 18800 24000 0 0
116 18800 24200 0 0
117 19000 24200 0 0
118 19000 24400 0 0
119 19200 24400 0 0
120 19200 24600 0 0
121 19200 24800 0 0
122 19400 24800 0 0
123 19400 25000 0 0
124 19600 25000 0 0
125 19600 25200 0 0
126 19600 25400 0 0
127 19600 25600 0 0
128 19800 25600 0 0
129 19800 25800 0 0
130 20000 25800 0 0
131 20000 26000 0 0
132 20200 26000 0 0
133 20200 26200 0 0
134 20200 26400 0 0
135 20400 26400 0 0
136 20400 26600 0 0
137 20400 26800 0 0
138 20600 26800 0 0
139 20600 27000 0 0
140 20600 27200 0 0
141 20800 27200 0 0
142 20800 27400 0 0
143 21000 27400 0 0
144 21000 27600 0 0
145 21000 27800 0 0
146 21200 27800 0 0
147 21200 28000 0 0
148 21400 28000 0 0
149 21400 28200 0 0
150 21400 28400 0 0
151 21600 28400 0 0
152 21600 28600 0 0
153 21600 28800 0 0
154 21600 29000 0 0
155 21600 29200 0 0
156 21800 29200 0 0
157 21800 29400 0 0
158 21800 29600 0 0
159 22000 29600 0 0
160 22000 29800 0 0
161 22000 30000 0 0
162 22000 30200 0 0
163 22200 30200 0 0
164 22200 30400 0 0
165 22200 30600 0 0
166 22400 30600 0 0
167 22400 30800 0 0
168 22400 31000 0 0
169 22400 31200 0 0
170 22400 31400 0 0
171 22600 31400 0 0
172 22600 31600 0 0
173 22600 31800 0 0
174 22600 32000 0 0
175 22600 32200 0 0
176 22600 32400 0 0
177 22800 32400 0 0
178 22800 32600 0 0
179 22800 32800 0 0
180 22800 33000 0 0
181 22800 33200 0 0
182 23000 33200 0 0
183 23000 33400 0 0
184 23000 33600 0 0
185 23000 33800 0 0
186 23000 34000 0 0
187 23000 34200 0 0
188 23200 34200 0 0
189 23200 34400 0 0
190 23200 34600 0 0
191 23200 34800 0 0
192 23200 35000 0 0
193 23200 35200 0 0
194 23200 35400 0 0
195 23400 35400 0 0
196 23400 35600 0 0
197 23400 35800 0 0
198 23400 36000 0 0
199 23400 36200 0 0
200 23600 36200 0 0
201 23600 36400 0 0
202 23600 36600 0 0
203 23600 36800 0 0
204 23600 37000 0 0
205 23600 37200 0 0
206 23600 37400 0 0
207 23600 37600 0 0
208 23800 37600 0 0
209 23800 37800 0 0
210 23800 38000 0 0
211 23800 38200 0 0
212 23800 38400 0 0
213 23800 38600 0 0
214 24000 38600 0 0
215 24000 38800 0 0
216 24000 39000 0 0
217 24000 39200 0 0
218 24000 39400 0 0
219 24000 39600 0 0
220 24000 39800 0 0
221 24000 40000 0 0
222 24000 40200 0 0
223 24000 40400 0 0
224 24200 40400 0 0
225 24200 40600 0 0
226 24200 40800 0 0
227 24200 41000 0 0
228 24200 41200 0 0
229 24200 41400 0 0
230 24200 41600 0 0
231 24200 41800 0 0
232 24200 42000 0 0
233 24200 42200 0 0
234 24200 42400 0 0
235 24400 42400 0 0
236 24400 42600 0 0
237 24400 42800 0 0
238 24400 43000 0 0
239 24400 43200 0 0
240 24400 43400 0 0
241 24400 43600 0 0
242 24400 43800 0 0
243 24400 44000 0 0
244 24400 44200 0 0
245 24400 44400 0 0
246 24400 44600 0 0
247 24400 44800 0 0
248 24400 45000 0 0
249 24400 45200 0 0
250 24400 45400 0 0
251 24400 45600 0 0
252 24400 45800 0 0
253 24400 46000 0 0
254 24400 46200 0 0
255 24200 46200 0 0
256 24200 46400 0 0
257 24200 46600 0 0
258 24200 46800 0 0
