0 88 231 0 0
1 88 230 0 0
2 88 229 0 0
3 88 228 0 0
4 88 227 0 0
5 88 226 0 0
6 88 225 0 0
7 88 224 0 0
8 88 223 0 0
9 88 222 0 0
10 88 221 0 0
11 89 221 0 0
12 89 220 0 0
13 89 219 0 0
14 89 218 0 0
15 89 217 0 0
16 89 216 0 0
17 89 215 0 0
18 89 214 0 0
19 89 213 0 0
20 89 212 0 0
21 89 211 0 0
22 89 210 0 0
23 89 209 0 0
24 89 208 0 0
25 89 207 0 0
26 89 206 0 0
27 89 205 0 0
28 89 204 0 0
29 89 203 0 0
30 89 202 0 0
31 89 201 0 0
32 89 200 0 0
33 89 199 0 0
34 89 198 0 0
35 89 197 0 0
36 89 196 0 0
37 89 195 0 0
38 89 194 0 0
39 89 193 0 0
40 89 192 0 0
41 89 191 0 0
42 89 190 0 0
43 89 189 0 0
44 89 188 0 0
45 89 187 0 0
46 89 186 0 0
47 89 185 0 0
48 89 184 0 0
49 89 183 0 0
50 89 182 0 0
51 89 181 0 0
52 89 180 0 0
53 89 179 0 0
54 89 178 0 0
55 89 177 0 0
56 89 176 0 0
57 89 175 0 0
58 89 174 0 0
59 89 173 0 0
60 89 172 0 0
61 89 171 0 0
62 89 170 0 0
63 89 169 0 0
64 89 168 0 0
65 89 167 0 0
66 89 166 0 0
67 89 165 0 0
68 89 164 0 0
69 89 163 0 0
70 89 162 0 0
71 89 161 0 0
72 89 160 0 0
73 89 159 0 0
74 89 158 0 0
75 89 157 0 0
76 88 157 0 0
77 88 156 0 0
78 88 155 0 0
79 88 154 0 0
80 88 153 0 0
81 88 152 0 0
82 88 151 0 0
83 88 150 0 0
84 88 149 0 0
85 88 148 0 0
86 88 147 0 0
87 87 147 0 0
88 87 146 0 0
89 87 145 0 0
90 87 144 0 0
91 87 143 0 0
92 86 143 0 0
93 86 142 0 0
94 86 141 0 0
95 86 140 0 0
96 86 139 0 0
97 85 139 0 0
98 85 138 0 0
99 85 137 0 0
100 85 136 0 0
101 85 135 0 0
102 85 134 0 0
103 85 133 0 0
104 85 132 0 0
105 85 131 0 0
106 85 130 0 0
107 85 129 0 0
108 85 128 0 0
109 85 127 0 0
110 85 126 0 0
111 85 125 0 0
112 85 124 0 0
113 85 123 0 0
114 85 122 0 0
115 85 121 0 0
116 85 120 0 0
117 85 119 0 0
118 85 118 0 0
119 85 117 0 0
120 85 116 0 0
121 85 115 0 0
122 85 114 0 0
123 85 113 0 0
124 85 112 0 0
125 85 111 0 0
126 85 110 0 0
127 85 109 0 0
128 85 108 0 0
129 85 107 0 0
130 85 106 0 0
131 85 105 0 0
132 85 104 0 0
133 85 103 0 0
134 85 102 0 0
135 85 101 0 0
136 85 100 0 0
137 85 99 0 0
138 85 98 0 0
139 85 97 0 0
140 85 96 0 0
141 85 95 0 0
142 85 94 0 0
143 85 93 0 0
144 85 92 0 0
145 85 91 0 0
146 85 90 0 0
147 85 89 0 0
148 85 88 0 0
149 86 88 0 0
150 86 87 0 0
151 86 86 0 0
152 86 85 0 0
153 86 84 0 0
154 87 84 0 0
155 87 83 0 0
156 87 82 0 0
157 87 81 0 0
158 88 81 0 0
159 88 80 0 0
160 88 79 0 0
161 88 78 0 0
162 88 77 0 0
163 88 76 0 0
164 89 76 0 0
165 89 75 0 0
166 89 74 0 0
167 90 74 0 0
168 90 73 0 0
169 90 72 0 0
170 90 71 0 0
171 90 70 0 0
172 91 70 0 0
173 91 69 0 0
174 91 68 0 0
175 91 67 0 0
176 91 66 0 0
177 91 65 0 0
178 91 64 0 0
179 91 63 0 0
180 91 62 0 0
181 91 61 0 0
182 91 60 0 0
183 91 59 0 0
184 91 58 0 0
185 91 57 0 0
186 91 56 0 0
187 91 55 0 0
188 91 54 0 0
189 91 53 0 0
190 91 52 0 0
191 91 51 0 0
192 91 50 0 0
193 91 49 0 0
194 91 48 0 0
195 91 47 0 0
196 91 46 0 0
197 91 45 0 0
198 91 44 0 0
199 91 43 0 0
200 91 42 0 0
201 91 41 0 0
202 91 40 0 0
203 91 39 0 0
204 91 38 0 0
205 91 37 0 0
206 91 36 0 0
207 91 35 0 0
208 91 34 0 0
209 91 33 0 0
210 91 32 0 0
211 91 31 0 0
212 91 30 0 0
213 91 29 0 0
214 91 28 0 0
215 91 27 0 0
216 91 26 0 0
217 91 25 0 0
218 91 24 0 0
219 91 23 0 0
220 91 22 0 0
221 91 21 0 0
222 91 20 0 0
223 91 19 0 0
224 92 19 0 0
225 91 19 0 0
226 91 18 0 0
227 91 17 0 0
228 91 16 0 0
229 91 15 0 0
230 91 14 0 0
231 91 13 0 0
232 91 12 0 0
233 91 11 0 0
234 91 10 0 0
235 91 9 0 0
236 91 8 0 0
237 91 7 0 0
238 90 7 0 0
239 90 6 0 0
240 90 5 0 0
241 90 4 0 0
