0 196 109 0 0
1 196 110 0 0
2 195 110 0 0
3 196 110 0 0
4 195 110 0 0
5 194 110 0 0
6 195 110 0 0
7 194 110 0 0
8 195 110 0 0
9 194 110 0 0
10 193 110 0 0
11 194 110 0 0
12 193 110 0 0
13 192 110 0 0
14 193 110 0 0
15 192 110 0 0
16 193 110 0 0
17 192 110 0 0
18 191 110 0 0
19 192 110 0 0
20 191 110 0 0
21 192 110 0 0
22 191 110 0 0
23 190 110 0 0
24 191 110 0 0
25 190 110 0 0
26 189 110 0 0
27 190 110 0 0
28 189 110 0 0
29 188 110 0 0
30 189 110 0 0
31 188 110 0 0
32 189 110 0 0
33 188 110 0 0
34 187 110 0 0
35 188 110 0 0
36 187 110 0 0
37 186 110 0 0
38 187 110 0 0
39 186 110 0 0
40 185 110 0 0
41 186 110 0 0
42 185 110 0 0
43 186 110 0 0
44 185 110 0 0
45 184 110 0 0
46 185 110 0 0
47 184 110 0 0
48 184 109 0 0
49 185 109 0 0
50 184 109 0 0
51 183 109 0 0
52 184 109 0 0
53 183 109 0 0
54 182 109 0 0
55 183 109 0 0
56 182 109 0 0
57 183 109 0 0
58 182 109 0 0
59 181 109 0 0
60 182 109 0 0
61 181 109 0 0
62 180 109 0 0
63 181 109 0 0
64 180 109 0 0
65 181 109 0 0
66 180 109 0 0
67 179 109 0 0
68 178 109 0 0
69 179 109 0 0
70 178 109 0 0
71 179 109 0 0
72 178 109 0 0
73 177 109 0 0
74 176 109 0 0
75 177 109 0 0
76 176 109 0 0
77 177 109 0 0
78 176 109 0 0
79 175 109 0 0
80 176 109 0 0
81 175 109 0 0
82 174 109 0 0
83 175 109 0 0
84 174 109 0 0
85 173 109 0 0
86 174 109 0 0
87 173 109 0 0
88 172 109 0 0
89 173 109 0 0
90 172 109 0 0
91 173 109 0 0
92 172 109 0 0
93 171 109 0 0
94 170 109 0 0
95 171 109 0 0
96 170 109 0 0
97 171 109 0 0
98 170 109 0 0
99 169 109 0 0
100 170 109 0 0
101 169 109 0 0
102 168 109 0 0
103 169 109 0 0
104 168 109 0 0
105 167 109 0 0
106 168 109 0 0
107 167 109 0 0
108 168 109 0 0
109 167 109 0 0
110 166 109 0 0
111 167 109 0 0
112 166 109 0 0
113 165 109 0 0
114 166 109 0 0
115 165 109 0 0
116 164 109 0 0
117 165 109 0 0
118 164 109 0 0
119 163 109 0 0
120 164 109 0 0
121 163 109 0 0
122 162 109 0 0
123 163 109 0 0
124 162 109 0 0
125 163 109 0 0
126 162 109 0 0
127 162 108 0 0
128 161 108 0 0
129 162 108 0 0
130 161 108 0 0
131 160 108 0 0
132 161 108 0 0
133 160 108 0 0
134 161 108 0 0
135 160 108 0 0
136 159 108 0 0
137 160 108 0 0
138 159 108 0 0
139 158 108 0 0
140 159 108 0 0
141 158 108 0 0
142 159 108 0 0
143 158 108 0 0
144 157 108 0 0
145 158 108 0 0
146 157 108 0 0
147 156 108 0 0
148 157 108 0 0
149 156 108 0 0
150 157 108 0 0
151 156 108 0 0
152 155 108 0 0
153 156 108 0 0
154 155 108 0 0
155 156 108 0 0
156 155 108 0 0
157 154 108 0 0
158 155 108 0 0
159 154 108 0 0
160 155 108 0 0
161 154 108 0 0
162 154 109 0 0
163 153 109 0 0
164 154 109 0 0
165 153 109 0 0
166 152 109 0 0
167 153 109 0 0
168 152 109 0 0
169 153 109 0 0
170 152 109 0 0
171 151 109 0 0
172 152 109 0 0
173 151 109 0 0
174 150 109 0 0
175 151 109 0 0
176 150 109 0 0
177 149 109 0 0
178 150 109 0 0
179 149 109 0 0
180 148 109 0 0
181 149 109 0 0
182 148 109 0 0
183 149 109 0 0
184 148 109 0 0
185 147 109 0 0
186 148 109 0 0
187 147 109 0 0
188 146 109 0 0
189 147 109 0 0
190 146 109 0 0
191 145 109 0 0
192 146 109 0 0
193 145 109 0 0
194 146 109 0 0
195 145 109 0 0
196 144 109 0 0
197 143 109 0 0
198 144 109 0 0
199 143 109 0 0
200 144 109 0 0
201 143 109 0 0
202 142 109 0 0
203 143 109 0 0
204 142 109 0 0
205 141 109 0 0
206 142 109 0 0
207 141 109 0 0
208 140 109 0 0
209 141 109 0 0
210 140 109 0 0
211 139 109 0 0
212 140 109 0 0
213 139 109 0 0
214 138 109 0 0
215 139 109 0 0
216 138 109 0 0
217 137 109 0 0
218 138 109 0 0
219 137 109 0 0
220 136 109 0 0
221 137 109 0 0
222 136 109 0 0
223 135 109 0 0
224 136 109 0 0
225 135 109 0 0
226 136 109 0 0
227 135 109 0 0
228 134 109 0 0
229 134 110 0 0
230 135 110 0 0
231 134 110 0 0
232 133 110 0 0
233 134 110 0 0
234 133 110 0 0
235 132 110 0 0
236 133 110 0 0
237 132 110 0 0
238 133 110 0 0
239 132 110 0 0
240 131 110 0 0
241 131 111 0 0
242 132 111 0 0
243 131 111 0 0
244 130 111 0 0
245 131 111 0 0
246 130 111 0 0
247 131 111 0 0
248 130 111 0 0
249 129 111 0 0
250 130 111 0 0
251 129 111 0 0
252 129 112 0 0
253 128 112 0 0
254 129 112 0 0
255 128 112 0 0
256 129 112 0 0
257 128 112 0 0
258 127 112 0 0
259 128 112 0 0
260 127 112 0 0
261 128 112 0 0
262 127 112 0 0
263 126 112 0 0
264 127 112 0 0
265 126 112 0 0
266 125 112 0 0
267 126 112 0 0
268 125 112 0 0
269 126 112 0 0
270 125 112 0 0
271 124 112 0 0
272 125 112 0 0
273 124 112 0 0
274 125 112 0 0
275 124 112 0 0
276 123 112 0 0
277 124 112 0 0
278 123 112 0 0
279 124 112 0 0
280 123 112 0 0
281 122 112 0 0
282 123 112 0 0
283 122 112 0 0
284 123 112 0 0
285 122 112 0 0
286 121 112 0 0
287 122 112 0 0
288 121 112 0 0
289 120 112 0 0
290 120 111 0 0
291 121 111 0 0
292 120 111 0 0
293 121 111 0 0
294 120 111 0 0
295 119 111 0 0
296 118 111 0 0
297 119 111 0 0
298 118 111 0 0
299 117 111 0 0
300 118 111 0 0
301 117 111 0 0
302 116 111 0 0
303 117 111 0 0
304 116 111 0 0
305 115 111 0 0
306 116 111 0 0
307 115 111 0 0
308 114 111 0 0
309 115 111 0 0
310 114 111 0 0
311 113 111 0 0
312 114 111 0 0
313 113 111 0 0
314 112 111 0 0
315 113 111 0 0
316 112 111 0 0
317 113 111 0 0
318 112 111 0 0
319 111 111 0 0
320 110 111 0 0
321 111 111 0 0
322 110 111 0 0
323 111 111 0 0
324 110 111 0 0
325 109 111 0 0
326 108 111 0 0
327 109 111 0 0
328 108 111 0 0
329 109 111 0 0
330 108 111 0 0
331 107 111 0 0
332 108 111 0 0
333 107 111 0 0
334 106 111 0 0
335 107 111 0 0
336 106 111 0 0
337 105 111 0 0
338 105 112 0 0
339 106 112 0 0
340 105 112 0 0
341 104 112 0 0
342 105 112 0 0
343 104 112 0 0
344 103 112 0 0
345 104 112 0 0
346 103 112 0 0
347 102 112 0 0
348 103 112 0 0
349 102 112 0 0
350 101 112 0 0
351 100 112 0 0
352 101 112 0 0
353 100 112 0 0
354 101 112 0 0
355 100 112 0 0
356 99 112 0 0
357 100 112 0 0
358 99 112 0 0
359 98 112 0 0
360 99 112 0 0
361 98 112 0 0
362 97 112 0 0
363 98 112 0 0
364 97 112 0 0
365 96 112 0 0
366 97 112 0 0
367 96 112 0 0
368 97 112 0 0
369 96 112 0 0
370 95 112 0 0
371 96 112 0 0
372 95 112 0 0
373 94 112 0 0
374 95 112 0 0
375 94 112 0 0
376 93 112 0 0
377 94 112 0 0
378 93 112 0 0
379 92 112 0 0
380 93 112 0 0
381 92 112 0 0
382 93 112 0 0
383 92 112 0 0
384 91 112 0 0
385 92 112 0 0
386 91 112 0 0
387 90 112 0 0
388 91 112 0 0
389 90 112 0 0
390 89 112 0 0
391 89 111 0 0
392 90 111 0 0
393 89 111 0 0
394 88 111 0 0
395 89 111 0 0
396 88 111 0 0
397 87 111 0 0
398 88 111 0 0
399 87 111 0 0
400 88 111 0 0
401 87 111 0 0
402 86 111 0 0
403 87 111 0 0
404 86 111 0 0
405 85 111 0 0
406 85 110 0 0
407 86 110 0 0
408 85 110 0 0
409 86 110 0 0
410 85 110 0 0
411 84 110 0 0
412 85 110 0 0
413 84 110 0 0
414 85 110 0 0
415 84 110 0 0
416 83 110 0 0
417 84 110 0 0
418 83 110 0 0
419 84 110 0 0
420 83 110 0 0
421 82 110 0 0
422 82 109 0 0
423 83 109 0 0
424 82 109 0 0
425 83 109 0 0
426 82 109 0 0
427 81 109 0 0
428 82 109 0 0
429 81 109 0 0
430 82 109 0 0
431 81 109 0 0
432 80 109 0 0
433 81 109 0 0
434 80 109 0 0
435 79 109 0 0
436 80 109 0 0
437 79 109 0 0
438 80 109 0 0
439 79 109 0 0
440 79 108 0 0
441 78 108 0 0
442 79 108 0 0
443 78 108 0 0
444 79 108 0 0
445 78 108 0 0
446 77 108 0 0
447 78 108 0 0
448 77 108 0 0
449 78 108 0 0
450 77 108 0 0
451 76 108 0 0
452 77 108 0 0
453 76 108 0 0
454 75 108 0 0
455 76 108 0 0
456 75 108 0 0
457 76 108 0 0
458 75 108 0 0
459 74 108 0 0
460 75 108 0 0
461 74 108 0 0
462 75 108 0 0
463 74 108 0 0
464 73 108 0 0
465 74 108 0 0
466 73 108 0 0
467 74 108 0 0
468 73 108 0 0
469 72 108 0 0
470 73 108 0 0
471 72 108 0 0
472 73 108 0 0
473 72 108 0 0
474 71 108 0 0
475 71 107 0 0
476 72 107 0 0
477 71 107 0 0
478 72 107 0 0
479 71 107 0 0
480 70 107 0 0
481 71 107 0 0
482 70 107 0 0
483 69 107 0 0
484 70 107 0 0
485 69 107 0 0
486 70 107 0 0
487 69 107 0 0
488 68 107 0 0
489 69 107 0 0
490 68 107 0 0
491 67 107 0 0
492 68 107 0 0
493 67 107 0 0
494 68 107 0 0
495 67 107 0 0
496 66 107 0 0
497 67 107 0 0
498 66 107 0 0
499 67 107 0 0
500 66 107 0 0
501 67 107 0 0
502 66 107 0 0
503 65 107 0 0
504 66 107 0 0
505 65 107 0 0
506 64 107 0 0
507 65 107 0 0
508 64 107 0 0
509 65 107 0 0
510 64 107 0 0
511 63 107 0 0
512 63 108 0 0
513 64 108 0 0
514 63 108 0 0
515 62 108 0 0
516 63 108 0 0
517 62 108 0 0
518 63 108 0 0
519 62 108 0 0
520 61 108 0 0
521 62 108 0 0
522 61 108 0 0
523 62 108 0 0
524 61 108 0 0
525 60 108 0 0
526 61 108 0 0
527 60 108 0 0
528 61 108 0 0
529 60 108 0 0
530 59 108 0 0
531 60 108 0 0
532 59 108 0 0
533 60 108 0 0
534 59 108 0 0
535 58 108 0 0
536 59 108 0 0
537 58 108 0 0
538 57 108 0 0
539 58 108 0 0
540 57 108 0 0
541 58 108 0 0
542 57 108 0 0
543 58 108 0 0
544 57 108 0 0
545 56 108 0 0
546 57 108 0 0
547 56 108 0 0
548 57 108 0 0
549 56 108 0 0
550 55 108 0 0
551 56 108 0 0
552 55 108 0 0
553 56 108 0 0
554 55 108 0 0
555 56 108 0 0
556 55 108 0 0
557 54 108 0 0
558 55 108 0 0
559 54 108 0 0
560 55 108 0 0
561 54 108 0 0
562 53 108 0 0
563 54 108 0 0
564 53 108 0 0
565 54 108 0 0
566 53 108 0 0
567 52 108 0 0
568 53 108 0 0
569 52 108 0 0
570 53 108 0 0
571 52 108 0 0
572 53 108 0 0
573 52 108 0 0
574 51 108 0 0
575 52 108 0 0
576 51 108 0 0
577 52 108 0 0
578 51 108 0 0
579 52 108 0 0
580 51 108 0 0
581 50 108 0 0
582 51 108 0 0
583 50 108 0 0
584 51 108 0 0
585 50 108 0 0
586 49 108 0 0
587 50 108 0 0
588 49 108 0 0
589 50 108 0 0
590 49 108 0 0
591 48 108 0 0
592 49 108 0 0
593 48 108 0 0
594 47 108 0 0
595 48 108 0 0
596 47 108 0 0
597 48 108 0 0
598 47 108 0 0
599 46 108 0 0
600 47 108 0 0
601 46 108 0 0
602 47 108 0 0
603 46 108 0 0
604 45 108 0 0
605 46 108 0 0
606 45 108 0 0
607 44 108 0 0
608 45 108 0 0
609 44 108 0 0
610 45 108 0 0
611 44 108 0 0
612 43 108 0 0
613 44 108 0 0
614 43 108 0 0
615 42 108 0 0
616 43 108 0 0
617 42 108 0 0
618 43 108 0 0
619 42 108 0 0
620 41 108 0 0
621 42 108 0 0
622 41 108 0 0
623 42 108 0 0
624 41 108 0 0
625 40 108 0 0
626 41 108 0 0
627 40 108 0 0
628 39 108 0 0
629 40 108 0 0
630 39 108 0 0
631 40 108 0 0
632 39 108 0 0
633 38 108 0 0
634 39 108 0 0
635 38 108 0 0
636 38 109 0 0
637 37 109 0 0
638 38 109 0 0
639 37 109 0 0
640 36 109 0 0
641 37 109 0 0
642 36 109 0 0
643 35 109 0 0
644 36 109 0 0
645 35 109 0 0
646 34 109 0 0
647 35 109 0 0
648 34 109 0 0
649 33 109 0 0
650 34 109 0 0
651 33 109 0 0
652 32 109 0 0
653 33 109 0 0
654 32 109 0 0
655 31 109 0 0
656 31 110 0 0
657 32 110 0 0
658 31 110 0 0
659 30 110 0 0
660 31 110 0 0
661 30 110 0 0
662 29 110 0 0
663 30 110 0 0
664 29 110 0 0
665 28 110 0 0
666 29 110 0 0
667 28 110 0 0
668 27 110 0 0
669 28 110 0 0
670 27 110 0 0
671 26 110 0 0
672 27 110 0 0
673 26 110 0 0
674 25 110 0 0
675 26 110 0 0
676 25 110 0 0
677 25 109 0 0
678 24 109 0 0
679 25 109 0 0
680 24 109 0 0
681 25 109 0 0
682 24 109 0 0
683 23 109 0 0
684 22 109 0 0
685 23 109 0 0
686 22 109 0 0
687 23 109 0 0
688 22 109 0 0
689 21 109 0 0
690 22 109 0 0
691 21 109 0 0
692 20 109 0 0
693 21 109 0 0
694 20 109 0 0
695 19 109 0 0
696 20 109 0 0
697 19 109 0 0
698 19 108 0 0
699 20 108 0 0
700 19 108 0 0
701 18 108 0 0
702 19 108 0 0
703 18 108 0 0
704 17 108 0 0
705 18 108 0 0
706 17 108 0 0
707 16 108 0 0
708 17 108 0 0
709 16 108 0 0
710 15 108 0 0
711 16 108 0 0
712 15 108 0 0
713 16 108 0 0
714 15 108 0 0
715 14 108 0 0
716 15 108 0 0
717 14 108 0 0
718 15 108 0 0
719 14 108 0 0
720 13 108 0 0
721 13 107 0 0
722 14 107 0 0
723 13 107 0 0
724 12 107 0 0
725 13 107 0 0
726 12 107 0 0
727 11 107 0 0
728 12 107 0 0
729 11 107 0 0
730 12 107 0 0
731 11 107 0 0
732 10 107 0 0
733 11 107 0 0
734 10 107 0 0
735 9 107 0 0
736 10 107 0 0
737 9 107 0 0
738 10 107 0 0
739 9 107 0 0
740 8 107 0 0
741 9 107 0 0
742 8 107 0 0
743 7 107 0 0
744 8 107 0 0
745 7 107 0 0
746 8 107 0 0
747 7 107 0 0
748 6 107 0 0
749 7 107 0 0
750 6 107 0 0
751 7 107 0 0
752 6 107 0 0
753 5 107 0 0
754 6 107 0 0
755 5 107 0 0
756 6 107 0 0
757 5 107 0 0
758 4 107 0 0
759 5 107 0 0
760 4 107 0 0
