0 196 107 0 0
1 195 107 0 0
2 196 107 0 0
3 195 107 0 0
4 194 107 0 0
5 195 107 0 0
6 194 107 0 0
7 193 107 0 0
8 194 107 0 0
9 193 107 0 0
10 194 107 0 0
11 193 107 0 0
12 192 107 0 0
13 193 107 0 0
14 192 107 0 0
15 193 107 0 0
16 192 107 0 0
17 191 107 0 0
18 191 106 0 0
19 192 106 0 0
20 191 106 0 0
21 190 106 0 0
22 191 106 0 0
23 190 106 0 0
24 191 106 0 0
25 190 106 0 0
26 189 106 0 0
27 190 106 0 0
28 189 106 0 0
29 188 106 0 0
30 189 106 0 0
31 188 106 0 0
32 187 106 0 0
33 188 106 0 0
34 187 106 0 0
35 188 106 0 0
36 187 106 0 0
37 186 106 0 0
38 187 106 0 0
39 186 106 0 0
40 185 106 0 0
41 186 106 0 0
42 185 106 0 0
43 186 106 0 0
44 185 106 0 0
45 184 106 0 0
46 183 106 0 0
47 184 106 0 0
48 183 106 0 0
49 184 106 0 0
50 183 106 0 0
51 182 106 0 0
52 183 106 0 0
53 182 106 0 0
54 181 106 0 0
55 182 106 0 0
56 181 106 0 0
57 180 106 0 0
58 181 106 0 0
59 180 106 0 0
60 179 106 0 0
61 180 106 0 0
62 179 106 0 0
63 178 106 0 0
64 179 106 0 0
65 178 106 0 0
66 179 106 0 0
67 178 106 0 0
68 177 106 0 0
69 176 106 0 0
70 177 106 0 0
71 176 106 0 0
72 177 106 0 0
73 176 106 0 0
74 175 106 0 0
75 176 106 0 0
76 175 106 0 0
77 174 106 0 0
78 174 105 0 0
79 175 105 0 0
80 174 105 0 0
81 174 106 0 0
82 173 106 0 0
83 174 106 0 0
84 173 106 0 0
85 172 106 0 0
86 173 106 0 0
87 172 106 0 0
88 173 106 0 0
89 172 106 0 0
90 171 106 0 0
91 170 106 0 0
92 171 106 0 0
93 170 106 0 0
94 171 106 0 0
95 170 106 0 0
96 169 106 0 0
97 170 106 0 0
98 169 106 0 0
99 168 106 0 0
100 169 106 0 0
101 168 106 0 0
102 167 106 0 0
103 168 106 0 0
104 167 106 0 0
105 166 106 0 0
106 167 106 0 0
107 166 106 0 0
108 165 106 0 0
109 166 106 0 0
110 165 106 0 0
111 164 106 0 0
112 165 106 0 0
113 164 106 0 0
114 163 106 0 0
115 164 106 0 0
116 163 106 0 0
117 162 106 0 0
118 163 106 0 0
119 162 106 0 0
120 163 106 0 0
121 162 106 0 0
122 161 106 0 0
123 160 106 0 0
124 161 106 0 0
125 160 106 0 0
126 161 106 0 0
127 160 106 0 0
128 159 106 0 0
129 158 106 0 0
130 159 106 0 0
131 158 106 0 0
132 159 106 0 0
133 158 106 0 0
134 157 106 0 0
135 158 106 0 0
136 157 106 0 0
137 156 106 0 0
138 156 105 0 0
139 157 105 0 0
140 156 105 0 0
141 155 105 0 0
142 156 105 0 0
143 155 105 0 0
144 154 105 0 0
145 155 105 0 0
146 154 105 0 0
147 153 105 0 0
148 154 105 0 0
149 153 105 0 0
150 152 105 0 0
151 153 105 0 0
152 152 105 0 0
153 153 105 0 0
154 152 105 0 0
155 151 105 0 0
156 152 105 0 0
157 151 105 0 0
158 150 105 0 0
159 151 105 0 0
160 150 105 0 0
161 149 105 0 0
162 150 105 0 0
163 149 105 0 0
164 148 105 0 0
165 148 104 0 0
166 149 104 0 0
167 148 104 0 0
168 148 105 0 0
169 147 105 0 0
170 148 105 0 0
171 147 105 0 0
172 148 105 0 0
173 147 105 0 0
174 146 105 0 0
175 145 105 0 0
176 146 105 0 0
177 145 105 0 0
178 146 105 0 0
179 145 105 0 0
180 144 105 0 0
181 144 106 0 0
182 145 106 0 0
183 144 106 0 0
184 143 106 0 0
185 144 106 0 0
186 143 106 0 0
187 142 106 0 0
188 143 106 0 0
189 142 106 0 0
190 143 106 0 0
191 142 106 0 0
192 141 106 0 0
193 140 106 0 0
194 140 107 0 0
195 141 107 0 0
196 140 107 0 0
197 141 107 0 0
198 140 107 0 0
199 139 107 0 0
200 140 107 0 0
201 139 107 0 0
202 138 107 0 0
203 139 107 0 0
204 138 107 0 0
205 137 107 0 0
206 138 107 0 0
207 137 107 0 0
208 137 108 0 0
209 136 108 0 0
210 137 108 0 0
211 136 108 0 0
212 135 108 0 0
213 136 108 0 0
214 135 108 0 0
215 136 108 0 0
216 135 108 0 0
217 134 108 0 0
218 134 109 0 0
219 133 109 0 0
220 134 109 0 0
221 133 109 0 0
222 134 109 0 0
223 133 109 0 0
224 132 109 0 0
225 133 109 0 0
226 132 109 0 0
227 132 110 0 0
228 131 110 0 0
229 132 110 0 0
230 131 110 0 0
231 130 110 0 0
232 131 110 0 0
233 130 110 0 0
234 129 110 0 0
235 129 111 0 0
236 130 111 0 0
237 129 111 0 0
238 128 111 0 0
239 129 111 0 0
240 128 111 0 0
241 127 111 0 0
242 128 111 0 0
243 127 111 0 0
244 127 112 0 0
245 128 112 0 0
246 127 112 0 0
247 126 112 0 0
248 127 112 0 0
249 126 112 0 0
250 125 112 0 0
251 126 112 0 0
252 125 112 0 0
253 124 112 0 0
254 124 113 0 0
255 125 113 0 0
256 124 113 0 0
257 123 113 0 0
258 124 113 0 0
259 123 113 0 0
260 122 113 0 0
261 123 113 0 0
262 122 113 0 0
263 121 113 0 0
264 121 114 0 0
265 122 114 0 0
266 121 114 0 0
267 120 114 0 0
268 121 114 0 0
269 120 114 0 0
270 119 114 0 0
271 120 114 0 0
272 119 114 0 0
273 118 114 0 0
274 119 114 0 0
275 118 114 0 0
276 118 115 0 0
277 117 115 0 0
278 118 115 0 0
279 117 115 0 0
280 116 115 0 0
281 117 115 0 0
282 116 115 0 0
283 115 115 0 0
284 116 115 0 0
285 115 115 0 0
286 116 115 0 0
287 115 115 0 0
288 115 116 0 0
289 114 116 0 0
290 113 116 0 0
291 114 116 0 0
292 113 116 0 0
293 114 116 0 0
294 113 116 0 0
295 112 116 0 0
296 113 116 0 0
297 112 116 0 0
298 112 117 0 0
299 111 117 0 0
300 112 117 0 0
301 111 117 0 0
302 110 117 0 0
303 111 117 0 0
304 110 117 0 0
305 109 117 0 0
306 110 117 0 0
307 109 117 0 0
308 108 117 0 0
309 109 117 0 0
310 108 117 0 0
311 109 117 0 0
312 108 117 0 0
313 107 117 0 0
314 108 117 0 0
315 107 117 0 0
316 106 117 0 0
317 106 116 0 0
318 107 116 0 0
319 106 116 0 0
320 105 116 0 0
321 106 116 0 0
322 105 116 0 0
323 104 116 0 0
324 105 116 0 0
325 104 116 0 0
326 103 116 0 0
327 104 116 0 0
328 103 116 0 0
329 104 116 0 0
330 103 116 0 0
331 102 116 0 0
332 103 116 0 0
333 102 116 0 0
334 101 116 0 0
335 102 116 0 0
336 101 116 0 0
337 100 116 0 0
338 101 116 0 0
339 100 116 0 0
340 101 116 0 0
341 100 116 0 0
342 99 116 0 0
343 100 116 0 0
344 99 116 0 0
345 98 116 0 0
346 98 115 0 0
347 99 115 0 0
348 98 115 0 0
349 99 115 0 0
350 98 115 0 0
351 97 115 0 0
352 98 115 0 0
353 97 115 0 0
354 98 115 0 0
355 97 115 0 0
356 96 115 0 0
357 97 115 0 0
358 96 115 0 0
359 97 115 0 0
360 96 115 0 0
361 97 115 0 0
362 96 115 0 0
363 95 115 0 0
364 95 114 0 0
365 96 114 0 0
366 95 114 0 0
367 96 114 0 0
368 95 114 0 0
369 96 114 0 0
370 95 114 0 0
371 94 114 0 0
372 95 114 0 0
373 94 114 0 0
374 95 114 0 0
375 94 114 0 0
376 93 114 0 0
377 94 114 0 0
378 93 114 0 0
379 94 114 0 0
380 93 114 0 0
381 94 114 0 0
382 93 114 0 0
383 93 113 0 0
384 92 113 0 0
385 93 113 0 0
386 92 113 0 0
387 93 113 0 0
388 92 113 0 0
389 93 113 0 0
390 92 113 0 0
391 91 113 0 0
392 92 113 0 0
393 91 113 0 0
394 92 113 0 0
395 91 113 0 0
396 90 113 0 0
397 91 113 0 0
398 90 113 0 0
399 91 113 0 0
400 90 113 0 0
401 90 112 0 0
402 91 112 0 0
403 90 112 0 0
404 89 112 0 0
405 90 112 0 0
406 89 112 0 0
407 90 112 0 0
408 89 112 0 0
409 88 112 0 0
410 89 112 0 0
411 88 112 0 0
412 89 112 0 0
413 88 112 0 0
414 89 112 0 0
415 88 112 0 0
416 88 111 0 0
417 87 111 0 0
418 88 111 0 0
419 87 111 0 0
420 88 111 0 0
421 87 111 0 0
422 88 111 0 0
423 87 111 0 0
424 86 111 0 0
425 87 111 0 0
426 86 111 0 0
427 87 111 0 0
428 86 111 0 0
429 86 110 0 0
430 85 110 0 0
431 86 110 0 0
432 85 110 0 0
433 86 110 0 0
434 85 110 0 0
435 86 110 0 0
436 85 110 0 0
437 86 110 0 0
438 85 110 0 0
439 84 110 0 0
440 85 110 0 0
441 84 110 0 0
442 84 109 0 0
443 85 109 0 0
444 84 109 0 0
445 83 109 0 0
446 84 109 0 0
447 83 109 0 0
448 84 109 0 0
449 83 109 0 0
450 84 109 0 0
451 83 109 0 0
452 82 109 0 0
453 83 109 0 0
454 82 109 0 0
455 83 109 0 0
456 82 109 0 0
457 82 108 0 0
458 83 108 0 0
459 82 108 0 0
460 83 108 0 0
461 82 108 0 0
462 81 108 0 0
463 82 108 0 0
464 81 108 0 0
465 82 108 0 0
466 81 108 0 0
467 80 108 0 0
468 81 108 0 0
469 80 108 0 0
470 80 107 0 0
471 81 107 0 0
472 80 107 0 0
473 81 107 0 0
474 80 107 0 0
475 79 107 0 0
476 80 107 0 0
477 79 107 0 0
478 80 107 0 0
479 79 107 0 0
480 78 107 0 0
481 79 107 0 0
482 78 107 0 0
483 79 107 0 0
484 78 107 0 0
485 78 106 0 0
486 77 106 0 0
487 78 106 0 0
488 77 106 0 0
489 78 106 0 0
490 77 106 0 0
491 76 106 0 0
492 77 106 0 0
493 76 106 0 0
494 77 106 0 0
495 76 106 0 0
496 75 106 0 0
497 76 106 0 0
498 75 106 0 0
499 76 106 0 0
500 75 106 0 0
501 76 106 0 0
502 75 106 0 0
503 75 105 0 0
504 74 105 0 0
505 75 105 0 0
506 74 105 0 0
507 73 105 0 0
508 74 105 0 0
509 73 105 0 0
510 74 105 0 0
511 73 105 0 0
512 72 105 0 0
513 73 105 0 0
514 72 105 0 0
515 73 105 0 0
516 72 105 0 0
517 73 105 0 0
518 72 105 0 0
519 71 105 0 0
520 71 104 0 0
521 72 104 0 0
522 71 104 0 0
523 70 104 0 0
524 71 104 0 0
525 70 104 0 0
526 71 104 0 0
527 70 104 0 0
528 71 104 0 0
529 70 104 0 0
530 69 104 0 0
531 70 104 0 0
532 69 104 0 0
533 68 104 0 0
534 69 104 0 0
535 68 104 0 0
536 69 104 0 0
537 68 104 0 0
538 68 103 0 0
539 67 103 0 0
540 68 103 0 0
541 67 103 0 0
542 68 103 0 0
543 67 103 0 0
544 68 103 0 0
545 67 103 0 0
546 66 103 0 0
547 67 103 0 0
548 66 103 0 0
549 65 103 0 0
550 66 103 0 0
551 65 103 0 0
552 66 103 0 0
553 65 103 0 0
554 64 103 0 0
555 65 103 0 0
556 64 103 0 0
557 63 103 0 0
558 64 103 0 0
559 63 103 0 0
560 64 103 0 0
561 63 103 0 0
562 62 103 0 0
563 63 103 0 0
564 62 103 0 0
565 63 103 0 0
566 62 103 0 0
567 61 103 0 0
568 62 103 0 0
569 61 103 0 0
570 62 103 0 0
571 61 103 0 0
572 60 103 0 0
573 61 103 0 0
574 60 103 0 0
575 61 103 0 0
576 60 103 0 0
577 59 103 0 0
578 60 103 0 0
579 59 103 0 0
580 58 103 0 0
581 59 103 0 0
582 58 103 0 0
583 59 103 0 0
584 58 103 0 0
585 57 103 0 0
586 58 103 0 0
587 57 103 0 0
588 56 103 0 0
589 57 103 0 0
590 56 103 0 0
591 57 103 0 0
592 56 103 0 0
593 55 103 0 0
594 56 103 0 0
595 55 103 0 0
596 56 103 0 0
597 55 103 0 0
598 54 103 0 0
599 55 103 0 0
600 54 103 0 0
601 55 103 0 0
602 54 103 0 0
603 53 103 0 0
604 54 103 0 0
605 53 103 0 0
606 54 103 0 0
607 53 103 0 0
608 52 103 0 0
609 53 103 0 0
610 52 103 0 0
611 53 103 0 0
612 52 103 0 0
613 51 103 0 0
614 52 103 0 0
615 51 103 0 0
616 50 103 0 0
617 51 103 0 0
618 50 103 0 0
619 51 103 0 0
620 50 103 0 0
621 49 103 0 0
622 50 103 0 0
623 49 103 0 0
624 48 103 0 0
625 49 103 0 0
626 48 103 0 0
627 49 103 0 0
628 48 103 0 0
629 47 103 0 0
630 48 103 0 0
631 47 103 0 0
632 48 103 0 0
633 47 103 0 0
634 46 103 0 0
635 47 103 0 0
636 46 103 0 0
637 45 103 0 0
638 46 103 0 0
639 45 103 0 0
640 46 103 0 0
641 45 103 0 0
642 44 103 0 0
643 45 103 0 0
644 44 103 0 0
645 43 103 0 0
646 44 103 0 0
647 43 103 0 0
648 44 103 0 0
649 43 103 0 0
650 42 103 0 0
651 43 103 0 0
652 42 103 0 0
653 42 102 0 0
654 43 102 0 0
655 42 102 0 0
656 41 102 0 0
657 42 102 0 0
658 41 102 0 0
659 40 102 0 0
660 41 102 0 0
661 40 102 0 0
662 39 102 0 0
663 40 102 0 0
664 39 102 0 0
665 38 102 0 0
666 39 102 0 0
667 38 102 0 0
668 39 102 0 0
669 38 102 0 0
670 37 102 0 0
671 38 102 0 0
672 37 102 0 0
673 36 102 0 0
674 37 102 0 0
675 36 102 0 0
676 37 102 0 0
677 36 102 0 0
678 35 102 0 0
679 36 102 0 0
680 35 102 0 0
681 36 102 0 0
682 35 102 0 0
683 34 102 0 0
684 35 102 0 0
685 34 102 0 0
686 33 102 0 0
687 33 101 0 0
688 34 101 0 0
689 33 101 0 0
690 34 101 0 0
691 33 101 0 0
692 32 101 0 0
693 33 101 0 0
694 32 101 0 0
695 31 101 0 0
696 32 101 0 0
697 31 101 0 0
698 30 101 0 0
699 31 101 0 0
700 30 101 0 0
701 31 101 0 0
702 30 101 0 0
703 29 101 0 0
704 30 101 0 0
705 29 101 0 0
706 28 101 0 0
707 29 101 0 0
708 28 101 0 0
709 29 101 0 0
710 28 101 0 0
711 27 101 0 0
712 28 101 0 0
713 27 101 0 0
714 26 101 0 0
715 27 101 0 0
716 26 101 0 0
717 25 101 0 0
718 26 101 0 0
719 25 101 0 0
720 24 101 0 0
721 25 101 0 0
722 24 101 0 0
723 23 101 0 0
724 24 101 0 0
725 23 101 0 0
726 24 101 0 0
727 23 101 0 0
728 22 101 0 0
729 23 101 0 0
730 22 101 0 0
731 21 101 0 0
732 22 101 0 0
733 21 101 0 0
734 20 101 0 0
735 21 101 0 0
736 20 101 0 0
737 21 101 0 0
738 20 101 0 0
739 19 101 0 0
740 18 101 0 0
741 19 101 0 0
742 18 101 0 0
743 19 101 0 0
744 18 101 0 0
745 17 101 0 0
746 18 101 0 0
747 17 101 0 0
748 16 101 0 0
749 17 101 0 0
750 16 101 0 0
751 15 101 0 0
752 16 101 0 0
753 15 101 0 0
754 16 101 0 0
755 15 101 0 0
756 14 101 0 0
757 13 101 0 0
758 14 101 0 0
759 13 101 0 0
760 14 101 0 0
761 13 101 0 0
762 12 101 0 0
763 12 100 0 0
764 13 100 0 0
765 12 100 0 0
766 11 100 0 0
767 12 100 0 0
768 11 100 0 0
769 12 100 0 0
770 11 100 0 0
771 10 100 0 0
772 10 99 0 0
773 11 99 0 0
774 10 99 0 0
775 9 99 0 0
776 10 99 0 0
777 9 99 0 0
778 8 99 0 0
779 9 99 0 0
780 8 99 0 0
781 7 99 0 0
782 6 99 0 0
783 7 99 0 0
784 6 99 0 0
785 5 99 0 0
786 6 99 0 0
787 5 99 0 0
788 6 99 0 0
789 5 99 0 0
790 6 99 0 0
791 5 99 0 0
792 4 99 0 0
793 5 99 0 0
794 4 99 0 0
795 5 99 0 0
796 4 99 0 0
797 5 99 0 0
798 4 99 0 0
