0 88 231 0 0
1 88 230 0 0
2 88 229 0 0
3 88 228 0 0
4 88 227 0 0
5 88 226 0 0
6 88 225 0 0
7 88 224 0 0
8 88 223 0 0
9 88 222 0 0
10 88 221 0 0
11 88 220 0 0
12 88 219 0 0
13 88 218 0 0
14 88 217 0 0
15 88 216 0 0
16 88 215 0 0
17 88 214 0 0
18 88 213 0 0
19 88 212 0 0
20 88 211 0 0
21 88 210 0 0
22 88 209 0 0
23 87 209 0 0
24 87 208 0 0
25 87 207 0 0
26 87 206 0 0
27 87 205 0 0
28 88 205 0 0
29 88 204 0 0
30 88 203 0 0
31 88 202 0 0
32 88 201 0 0
33 89 201 0 0
34 89 200 0 0
35 89 199 0 0
36 89 198 0 0
37 89 197 0 0
38 89 196 0 0
39 89 195 0 0
40 89 194 0 0
41 90 194 0 0
42 90 193 0 0
43 90 192 0 0
44 90 191 0 0
45 90 190 0 0
46 90 189 0 0
47 90 188 0 0
48 90 187 0 0
49 90 186 0 0
50 90 185 0 0
51 90 184 0 0
52 90 183 0 0
53 90 182 0 0
54 90 181 0 0
55 91 181 0 0
56 91 180 0 0
57 91 179 0 0
58 91 178 0 0
59 91 177 0 0
60 91 176 0 0
61 91 175 0 0
62 91 174 0 0
63 91 173 0 0
64 92 173 0 0
65 92 172 0 0
66 92 171 0 0
67 92 170 0 0
68 92 169 0 0
69 92 168 0 0
70 92 167 0 0
71 92 166 0 0
72 92 165 0 0
73 92 164 0 0
74 93 164 0 0
75 93 163 0 0
76 93 162 0 0
77 93 161 0 0
78 93 160 0 0
79 93 159 0 0
80 93 158 0 0
81 93 157 0 0
82 93 156 0 0
83 93 155 0 0
84 93 154 0 0
85 94 154 0 0
86 94 153 0 0
87 93 153 0 0
88 93 152 0 0
89 93 151 0 0
90 93 150 0 0
91 93 149 0 0
92 93 148 0 0
93 93 147 0 0
94 93 146 0 0
95 93 145 0 0
96 93 144 0 0
97 92 144 0 0
98 92 143 0 0
99 92 142 0 0
100 92 141 0 0
101 92 140 0 0
102 92 139 0 0
103 92 138 0 0
104 92 137 0 0
105 92 136 0 0
106 92 135 0 0
107 91 135 0 0
108 91 134 0 0
109 91 133 0 0
110 91 132 0 0
111 91 131 0 0
112 91 130 0 0
113 91 129 0 0
114 90 129 0 0
115 90 128 0 0
116 90 127 0 0
117 90 126 0 0
118 89 126 0 0
119 89 125 0 0
120 89 124 0 0
121 89 123 0 0
122 88 123 0 0
123 88 122 0 0
124 88 121 0 0
125 88 120 0 0
126 88 119 0 0
127 87 119 0 0
128 87 118 0 0
129 87 117 0 0
130 87 116 0 0
131 87 115 0 0
132 86 115 0 0
133 86 114 0 0
134 86 113 0 0
135 86 112 0 0
136 85 112 0 0
137 85 111 0 0
138 85 110 0 0
139 85 109 0 0
140 85 108 0 0
141 85 107 0 0
142 85 106 0 0
143 85 105 0 0
144 85 104 0 0
145 86 104 0 0
146 86 103 0 0
147 86 102 0 0
148 86 101 0 0
149 86 100 0 0
150 86 99 0 0
151 87 99 0 0
152 87 98 0 0
153 87 97 0 0
154 87 96 0 0
155 87 95 0 0
156 87 94 0 0
157 88 94 0 0
158 88 93 0 0
159 88 92 0 0
160 88 91 0 0
161 88 90 0 0
162 88 89 0 0
163 89 89 0 0
164 89 88 0 0
165 89 87 0 0
166 89 86 0 0
167 90 86 0 0
168 90 85 0 0
169 90 84 0 0
170 90 83 0 0
171 91 83 0 0
172 91 82 0 0
173 91 81 0 0
174 91 80 0 0
175 92 80 0 0
176 92 79 0 0
177 92 78 0 0
178 92 77 0 0
179 92 76 0 0
180 93 76 0 0
181 93 75 0 0
182 93 74 0 0
183 93 73 0 0
184 93 72 0 0
185 93 71 0 0
186 94 71 0 0
187 94 70 0 0
188 94 69 0 0
189 94 68 0 0
190 94 67 0 0
191 95 67 0 0
192 95 66 0 0
193 95 65 0 0
194 95 64 0 0
195 95 63 0 0
196 95 62 0 0
197 95 61 0 0
198 95 60 0 0
199 95 59 0 0
200 95 58 0 0
201 95 57 0 0
202 95 56 0 0
203 94 56 0 0
204 94 55 0 0
205 94 54 0 0
206 94 53 0 0
207 94 52 0 0
208 94 51 0 0
209 94 50 0 0
210 94 49 0 0
211 94 48 0 0
212 93 48 0 0
213 93 47 0 0
214 93 46 0 0
215 93 45 0 0
216 93 44 0 0
217 93 43 0 0
218 93 42 0 0
219 93 41 0 0
220 93 40 0 0
221 92 40 0 0
222 92 39 0 0
223 92 38 0 0
224 92 37 0 0
225 92 36 0 0
226 92 35 0 0
227 92 34 0 0
228 92 33 0 0
229 92 32 0 0
230 92 31 0 0
231 92 30 0 0
232 92 29 0 0
233 92 28 0 0
234 92 27 0 0
235 92 26 0 0
236 92 25 0 0
237 92 24 0 0
238 92 23 0 0
239 92 22 0 0
240 92 21 0 0
241 92 20 0 0
242 92 19 0 0
243 92 18 0 0
244 92 17 0 0
245 93 17 0 0
246 93 16 0 0
247 93 15 0 0
248 93 14 0 0
249 93 13 0 0
250 93 12 0 0
251 93 11 0 0
252 93 10 0 0
253 93 9 0 0
254 93 8 0 0
255 93 7 0 0
256 93 6 0 0
