0 88 234 0 0
1 89 234 0 0
2 88 234 0 0
3 88 233 0 0
4 89 233 0 0
5 88 233 0 0
6 89 233 0 0
7 88 233 0 0
8 88 232 0 0
9 89 232 0 0
10 88 232 0 0
11 88 231 0 0
12 89 231 0 0
13 88 231 0 0
14 89 231 0 0
15 88 231 0 0
16 88 230 0 0
17 89 230 0 0
18 89 229 0 0
19 90 229 0 0
20 89 229 0 0
21 90 229 0 0
22 89 229 0 0
23 89 228 0 0
24 90 228 0 0
25 89 228 0 0
26 89 227 0 0
27 90 227 0 0
28 89 227 0 0
29 90 227 0 0
30 89 227 0 0
31 89 226 0 0
32 90 226 0 0
33 89 226 0 0
34 89 225 0 0
35 90 225 0 0
36 89 225 0 0
37 90 225 0 0
38 89 225 0 0
39 89 224 0 0
40 90 224 0 0
41 89 224 0 0
42 89 223 0 0
43 90 223 0 0
44 89 223 0 0
45 90 223 0 0
46 89 223 0 0
47 89 222 0 0
48 90 222 0 0
49 89 222 0 0
50 89 221 0 0
51 90 221 0 0
52 89 221 0 0
53 89 220 0 0
54 90 220 0 0
55 89 220 0 0
56 90 220 0 0
57 89 220 0 0
58 89 219 0 0
59 90 219 0 0
60 89 219 0 0
61 89 218 0 0
62 90 218 0 0
63 90 217 0 0
64 91 217 0 0
65 90 217 0 0
66 91 217 0 0
67 90 217 0 0
68 90 216 0 0
69 91 216 0 0
70 90 216 0 0
71 90 215 0 0
72 91 215 0 0
73 90 215 0 0
74 90 214 0 0
75 91 214 0 0
76 90 214 0 0
77 91 214 0 0
78 90 214 0 0
79 90 213 0 0
80 91 213 0 0
81 90 213 0 0
82 90 212 0 0
83 91 212 0 0
84 90 212 0 0
85 90 211 0 0
86 91 211 0 0
87 90 211 0 0
88 91 211 0 0
89 90 211 0 0
90 90 210 0 0
91 91 210 0 0
92 91 209 0 0
93 92 209 0 0
94 91 209 0 0
95 91 208 0 0
96 92 208 0 0
97 91 208 0 0
98 92 208 0 0
99 91 208 0 0
100 91 207 0 0
101 92 207 0 0
102 91 207 0 0
103 91 206 0 0
104 92 206 0 0
105 91 206 0 0
106 91 205 0 0
107 92 205 0 0
108 91 205 0 0
109 92 205 0 0
110 91 205 0 0
111 91 204 0 0
112 92 204 0 0
113 91 204 0 0
114 91 203 0 0
115 92 203 0 0
116 91 203 0 0
117 91 202 0 0
118 92 202 0 0
119 91 202 0 0
120 92 202 0 0
121 91 202 0 0
122 91 201 0 0
123 92 201 0 0
124 91 201 0 0
125 91 200 0 0
126 92 200 0 0
127 91 200 0 0
128 91 199 0 0
129 92 199 0 0
130 92 198 0 0
131 93 198 0 0
132 92 198 0 0
133 93 198 0 0
134 92 198 0 0
135 92 197 0 0
136 93 197 0 0
137 92 197 0 0
138 92 196 0 0
139 93 196 0 0
140 92 196 0 0
141 92 195 0 0
142 93 195 0 0
143 92 195 0 0
144 93 195 0 0
145 92 195 0 0
146 92 194 0 0
147 93 194 0 0
148 92 194 0 0
149 92 193 0 0
150 93 193 0 0
151 92 193 0 0
152 92 192 0 0
153 93 192 0 0
154 92 192 0 0
155 93 192 0 0
156 92 192 0 0
157 92 191 0 0
158 93 191 0 0
159 92 191 0 0
160 92 190 0 0
161 93 190 0 0
162 92 190 0 0
163 92 189 0 0
164 93 189 0 0
165 92 189 0 0
166 93 189 0 0
167 92 189 0 0
168 92 188 0 0
169 93 188 0 0
170 92 188 0 0
171 92 187 0 0
172 93 187 0 0
173 92 187 0 0
174 92 186 0 0
175 93 186 0 0
176 92 186 0 0
177 93 186 0 0
178 92 186 0 0
179 92 185 0 0
180 93 185 0 0
181 92 185 0 0
182 92 184 0 0
183 93 184 0 0
184 92 184 0 0
185 92 183 0 0
186 93 183 0 0
187 92 183 0 0
188 93 183 0 0
189 92 183 0 0
190 92 182 0 0
191 93 182 0 0
192 92 182 0 0
193 92 181 0 0
194 93 181 0 0
195 92 181 0 0
196 92 180 0 0
197 93 180 0 0
198 92 180 0 0
199 93 180 0 0
200 92 180 0 0
201 92 179 0 0
202 93 179 0 0
203 92 179 0 0
204 92 178 0 0
205 93 178 0 0
206 92 178 0 0
207 92 177 0 0
208 93 177 0 0
209 92 177 0 0
210 93 177 0 0
211 92 177 0 0
212 92 176 0 0
213 93 176 0 0
214 92 176 0 0
215 92 175 0 0
216 93 175 0 0
217 92 175 0 0
218 92 174 0 0
219 93 174 0 0
220 92 174 0 0
221 93 174 0 0
222 92 174 0 0
223 92 173 0 0
224 93 173 0 0
225 92 173 0 0
226 92 172 0 0
227 93 172 0 0
228 92 172 0 0
229 92 171 0 0
230 93 171 0 0
231 92 171 0 0
232 93 171 0 0
233 92 171 0 0
234 92 170 0 0
235 93 170 0 0
236 92 170 0 0
237 92 169 0 0
238 93 169 0 0
239 92 169 0 0
240 92 168 0 0
241 93 168 0 0
242 92 168 0 0
243 91 168 0 0
244 91 167 0 0
245 92 167 0 0
246 91 167 0 0
247 91 166 0 0
248 92 166 0 0
249 91 166 0 0
250 92 166 0 0
251 91 166 0 0
252 91 165 0 0
253 92 165 0 0
254 91 165 0 0
255 91 164 0 0
256 92 164 0 0
257 91 164 0 0
258 92 164 0 0
259 91 164 0 0
260 91 163 0 0
261 92 163 0 0
262 91 163 0 0
263 91 162 0 0
264 92 162 0 0
265 91 162 0 0
266 91 161 0 0
267 92 161 0 0
268 91 161 0 0
269 92 161 0 0
270 91 161 0 0
271 91 160 0 0
272 92 160 0 0
273 91 160 0 0
274 91 159 0 0
275 92 159 0 0
276 91 159 0 0
277 92 159 0 0
278 91 159 0 0
279 91 158 0 0
280 92 158 0 0
281 91 158 0 0
282 91 157 0 0
283 92 157 0 0
284 91 157 0 0
285 92 157 0 0
286 91 157 0 0
287 91 156 0 0
288 92 156 0 0
289 91 156 0 0
290 91 155 0 0
291 92 155 0 0
292 91 155 0 0
293 91 154 0 0
294 92 154 0 0
295 91 154 0 0
296 92 154 0 0
297 91 154 0 0
298 91 153 0 0
299 92 153 0 0
300 91 153 0 0
301 91 152 0 0
302 92 152 0 0
303 91 152 0 0
304 91 151 0 0
305 92 151 0 0
306 91 151 0 0
307 92 151 0 0
308 91 151 0 0
309 91 150 0 0
310 92 150 0 0
311 91 150 0 0
312 92 150 0 0
313 91 150 0 0
314 91 149 0 0
315 91 148 0 0
316 92 148 0 0
317 91 148 0 0
318 92 148 0 0
319 91 148 0 0
320 91 147 0 0
321 92 147 0 0
322 91 147 0 0
323 91 146 0 0
324 92 146 0 0
325 91 146 0 0
326 91 145 0 0
327 92 145 0 0
328 91 145 0 0
329 92 145 0 0
330 91 145 0 0
331 91 144 0 0
332 92 144 0 0
333 91 144 0 0
334 91 143 0 0
335 92 143 0 0
336 91 143 0 0
337 92 143 0 0
338 91 143 0 0
339 91 142 0 0
340 92 142 0 0
341 91 142 0 0
342 91 141 0 0
343 92 141 0 0
344 91 141 0 0
345 91 140 0 0
346 92 140 0 0
347 91 140 0 0
348 91 139 0 0
349 92 139 0 0
350 91 139 0 0
351 92 139 0 0
352 91 139 0 0
353 91 138 0 0
354 92 138 0 0
355 91 138 0 0
356 91 137 0 0
357 92 137 0 0
358 91 137 0 0
359 91 136 0 0
360 92 136 0 0
361 91 136 0 0
362 92 136 0 0
363 91 136 0 0
364 91 135 0 0
365 92 135 0 0
366 91 135 0 0
367 92 135 0 0
368 91 135 0 0
369 91 134 0 0
370 92 134 0 0
371 91 134 0 0
372 91 133 0 0
373 92 133 0 0
374 91 133 0 0
375 91 132 0 0
376 92 132 0 0
377 91 132 0 0
378 91 131 0 0
379 92 131 0 0
380 91 131 0 0
381 91 130 0 0
382 92 130 0 0
383 91 130 0 0
384 92 130 0 0
385 91 130 0 0
386 91 129 0 0
387 92 129 0 0
388 91 129 0 0
389 92 129 0 0
390 91 129 0 0
391 91 128 0 0
392 92 128 0 0
393 91 128 0 0
394 91 127 0 0
395 92 127 0 0
396 91 127 0 0
397 91 126 0 0
398 92 126 0 0
399 91 126 0 0
400 92 126 0 0
401 91 126 0 0
402 91 125 0 0
403 92 125 0 0
404 91 125 0 0
405 91 124 0 0
406 92 124 0 0
407 91 124 0 0
408 91 123 0 0
409 92 123 0 0
410 91 123 0 0
411 90 123 0 0
412 90 122 0 0
413 91 122 0 0
414 90 122 0 0
415 90 121 0 0
416 91 121 0 0
417 90 121 0 0
418 90 120 0 0
419 91 120 0 0
420 90 120 0 0
421 91 120 0 0
422 90 120 0 0
423 90 119 0 0
424 91 119 0 0
425 90 119 0 0
426 90 118 0 0
427 91 118 0 0
428 90 118 0 0
429 90 117 0 0
430 91 117 0 0
431 90 117 0 0
432 91 117 0 0
433 90 117 0 0
434 90 116 0 0
435 89 116 0 0
436 89 115 0 0
437 90 115 0 0
438 89 115 0 0
439 89 114 0 0
440 90 114 0 0
441 89 114 0 0
442 90 114 0 0
443 89 114 0 0
444 89 113 0 0
445 90 113 0 0
446 89 113 0 0
447 89 112 0 0
448 90 112 0 0
449 89 112 0 0
450 89 111 0 0
451 90 111 0 0
452 89 111 0 0
453 90 111 0 0
454 89 111 0 0
455 89 110 0 0
456 90 110 0 0
457 89 110 0 0
458 89 109 0 0
459 90 109 0 0
460 89 109 0 0
461 89 108 0 0
462 90 108 0 0
463 89 108 0 0
464 89 107 0 0
465 90 107 0 0
466 89 107 0 0
467 90 107 0 0
468 89 107 0 0
469 89 106 0 0
470 90 106 0 0
471 89 106 0 0
472 89 105 0 0
473 90 105 0 0
474 89 105 0 0
475 89 104 0 0
476 90 104 0 0
477 89 104 0 0
478 89 103 0 0
479 90 103 0 0
480 89 103 0 0
481 89 102 0 0
482 90 102 0 0
483 89 102 0 0
484 89 101 0 0
485 90 101 0 0
486 89 101 0 0
487 90 101 0 0
488 89 101 0 0
489 89 100 0 0
490 90 100 0 0
491 89 100 0 0
492 89 99 0 0
493 90 99 0 0
494 89 99 0 0
495 89 98 0 0
496 90 98 0 0
497 89 98 0 0
498 89 97 0 0
499 90 97 0 0
500 89 97 0 0
501 89 96 0 0
502 90 96 0 0
503 89 96 0 0
504 90 96 0 0
505 89 96 0 0
506 89 95 0 0
507 90 95 0 0
508 89 95 0 0
509 89 94 0 0
510 90 94 0 0
511 89 94 0 0
512 89 93 0 0
513 90 93 0 0
514 89 93 0 0
515 89 92 0 0
516 90 92 0 0
517 89 92 0 0
518 90 92 0 0
519 89 92 0 0
520 89 91 0 0
521 90 91 0 0
522 89 91 0 0
523 89 90 0 0
524 90 90 0 0
525 89 90 0 0
526 89 89 0 0
527 90 89 0 0
528 89 89 0 0
529 90 89 0 0
530 89 89 0 0
531 89 88 0 0
532 90 88 0 0
533 89 88 0 0
534 89 87 0 0
535 90 87 0 0
536 89 87 0 0
537 90 87 0 0
538 89 87 0 0
539 89 86 0 0
540 90 86 0 0
541 89 86 0 0
542 89 85 0 0
543 90 85 0 0
544 89 85 0 0
545 90 85 0 0
546 89 85 0 0
547 89 84 0 0
548 90 84 0 0
549 89 84 0 0
550 89 83 0 0
551 90 83 0 0
552 89 83 0 0
553 89 82 0 0
554 90 82 0 0
555 89 82 0 0
556 90 82 0 0
557 89 82 0 0
558 89 81 0 0
559 90 81 0 0
560 89 81 0 0
561 89 80 0 0
562 90 80 0 0
563 89 80 0 0
564 90 80 0 0
565 89 80 0 0
566 89 79 0 0
567 90 79 0 0
568 89 79 0 0
569 89 78 0 0
570 90 78 0 0
571 90 77 0 0
572 91 77 0 0
573 90 77 0 0
574 91 77 0 0
575 90 77 0 0
576 90 76 0 0
577 91 76 0 0
578 90 76 0 0
579 90 75 0 0
580 91 75 0 0
581 90 75 0 0
582 90 74 0 0
583 91 74 0 0
584 91 73 0 0
585 92 73 0 0
586 91 73 0 0
587 92 73 0 0
588 91 73 0 0
589 91 72 0 0
590 92 72 0 0
591 91 72 0 0
592 91 71 0 0
593 92 71 0 0
594 91 71 0 0
595 91 70 0 0
596 92 70 0 0
597 91 70 0 0
598 91 69 0 0
599 92 69 0 0
600 91 69 0 0
601 92 69 0 0
602 92 68 0 0
603 93 68 0 0
604 92 68 0 0
605 92 67 0 0
606 93 67 0 0
607 92 67 0 0
608 92 66 0 0
609 93 66 0 0
610 92 66 0 0
611 92 65 0 0
612 93 65 0 0
613 92 65 0 0
614 93 65 0 0
615 92 65 0 0
616 92 64 0 0
617 93 64 0 0
618 93 63 0 0
619 94 63 0 0
620 93 63 0 0
621 93 62 0 0
622 94 62 0 0
623 93 62 0 0
624 93 61 0 0
625 94 61 0 0
626 93 61 0 0
627 93 60 0 0
628 94 60 0 0
629 93 60 0 0
630 94 60 0 0
631 93 60 0 0
632 93 59 0 0
633 94 59 0 0
634 93 59 0 0
635 93 58 0 0
636 94 58 0 0
637 93 58 0 0
638 93 57 0 0
639 94 57 0 0
640 93 57 0 0
641 93 56 0 0
642 94 56 0 0
643 93 56 0 0
644 93 55 0 0
645 94 55 0 0
646 93 55 0 0
647 93 54 0 0
648 94 54 0 0
649 93 54 0 0
650 94 54 0 0
651 93 54 0 0
652 93 53 0 0
653 94 53 0 0
654 93 53 0 0
655 94 53 0 0
656 93 53 0 0
657 93 52 0 0
658 94 52 0 0
659 93 52 0 0
660 94 52 0 0
661 93 52 0 0
662 93 51 0 0
663 94 51 0 0
664 95 51 0 0
665 94 51 0 0
666 94 50 0 0
667 95 50 0 0
668 94 50 0 0
669 95 50 0 0
670 94 50 0 0
671 94 49 0 0
672 95 49 0 0
673 94 49 0 0
674 94 48 0 0
675 95 48 0 0
676 94 48 0 0
677 95 48 0 0
678 94 48 0 0
679 94 47 0 0
680 95 47 0 0
681 94 47 0 0
682 95 47 0 0
683 94 47 0 0
684 94 46 0 0
685 95 46 0 0
686 94 46 0 0
687 95 46 0 0
688 94 46 0 0
689 94 45 0 0
690 95 45 0 0
691 94 45 0 0
692 95 45 0 0
693 94 45 0 0
694 94 44 0 0
695 95 44 0 0
696 95 43 0 0
697 96 43 0 0
698 95 43 0 0
699 96 43 0 0
700 95 43 0 0
701 95 42 0 0
702 96 42 0 0
703 95 42 0 0
704 95 41 0 0
705 96 41 0 0
706 95 41 0 0
707 96 41 0 0
708 95 41 0 0
709 95 40 0 0
710 96 40 0 0
711 96 39 0 0
712 97 39 0 0
713 96 39 0 0
714 97 39 0 0
715 96 39 0 0
716 96 38 0 0
717 97 38 0 0
718 96 38 0 0
719 96 37 0 0
720 97 37 0 0
721 96 37 0 0
722 97 37 0 0
723 96 37 0 0
724 96 36 0 0
725 97 36 0 0
726 96 36 0 0
727 96 35 0 0
728 97 35 0 0
729 96 35 0 0
730 97 35 0 0
731 97 34 0 0
732 98 34 0 0
733 97 34 0 0
734 97 33 0 0
735 98 33 0 0
736 97 33 0 0
737 98 33 0 0
738 97 33 0 0
739 97 32 0 0
740 98 32 0 0
741 97 32 0 0
742 97 31 0 0
743 98 31 0 0
744 97 31 0 0
745 98 31 0 0
746 98 30 0 0
747 99 30 0 0
748 98 30 0 0
749 98 29 0 0
750 97 29 0 0
751 98 29 0 0
752 97 29 0 0
753 97 28 0 0
754 98 28 0 0
755 97 28 0 0
756 97 27 0 0
757 98 27 0 0
758 97 27 0 0
759 98 27 0 0
760 97 27 0 0
761 97 26 0 0
762 98 26 0 0
763 97 26 0 0
764 97 25 0 0
765 98 25 0 0
766 97 25 0 0
767 98 25 0 0
768 97 25 0 0
769 97 24 0 0
770 98 24 0 0
771 97 24 0 0
772 97 23 0 0
773 98 23 0 0
774 97 23 0 0
775 98 23 0 0
776 97 23 0 0
777 97 22 0 0
778 98 22 0 0
779 97 22 0 0
780 98 22 0 0
781 97 22 0 0
782 97 21 0 0
783 98 21 0 0
784 97 21 0 0
785 97 20 0 0
786 98 20 0 0
787 97 20 0 0
788 97 19 0 0
789 98 19 0 0
790 97 19 0 0
791 98 19 0 0
792 97 19 0 0
793 97 18 0 0
794 98 18 0 0
795 97 18 0 0
796 97 17 0 0
797 98 17 0 0
798 97 17 0 0
799 97 16 0 0
800 98 16 0 0
801 97 16 0 0
802 98 16 0 0
803 97 16 0 0
804 97 15 0 0
805 98 15 0 0
806 97 15 0 0
807 98 15 0 0
808 97 15 0 0
809 97 14 0 0
810 98 14 0 0
811 98 13 0 0
812 99 13 0 0
813 98 13 0 0
814 98 12 0 0
815 99 12 0 0
816 98 12 0 0
817 99 12 0 0
818 98 12 0 0
819 98 11 0 0
820 99 11 0 0
821 98 11 0 0
822 98 10 0 0
823 99 10 0 0
824 100 10 0 0
825 99 10 0 0
826 99 9 0 0
827 100 9 0 0
828 99 9 0 0
829 99 8 0 0
830 100 8 0 0
831 99 8 0 0
832 100 8 0 0
833 99 8 0 0
834 99 7 0 0
835 100 7 0 0
836 99 7 0 0
837 99 6 0 0
838 100 6 0 0
