0 116 234 0 0
1 116 233 0 0
2 116 232 0 0
3 116 231 0 0
4 116 230 0 0
5 116 229 0 0
6 116 228 0 0
7 116 227 0 0
8 116 226 0 0
9 116 225 0 0
10 117 225 0 0
11 116 225 0 0
12 116 224 0 0
13 116 223 0 0
14 116 222 0 0
15 116 221 0 0
16 116 220 0 0
17 116 219 0 0
18 116 218 0 0
19 116 217 0 0
20 116 216 0 0
21 116 215 0 0
22 116 214 0 0
23 116 213 0 0
24 117 213 0 0
25 117 212 0 0
26 117 211 0 0
27 117 210 0 0
28 117 209 0 0
29 117 208 0 0
30 117 207 0 0
31 117 206 0 0
32 117 205 0 0
33 117 204 0 0
34 117 203 0 0
35 117 202 0 0
36 116 202 0 0
37 116 201 0 0
38 116 200 0 0
39 116 199 0 0
40 116 198 0 0
41 116 197 0 0
42 115 197 0 0
43 115 196 0 0
44 115 195 0 0
45 115 194 0 0
46 115 193 0 0
47 115 192 0 0
48 114 192 0 0
49 114 191 0 0
50 114 190 0 0
51 114 189 0 0
52 114 188 0 0
53 113 188 0 0
54 113 187 0 0
55 113 186 0 0
56 113 185 0 0
57 113 184 0 0
58 112 184 0 0
59 112 183 0 0
60 112 182 0 0
61 112 181 0 0
62 112 180 0 0
63 112 179 0 0
64 111 179 0 0
65 111 178 0 0
66 111 177 0 0
67 111 176 0 0
68 111 175 0 0
69 110 175 0 0
70 110 174 0 0
71 110 173 0 0
72 110 172 0 0
73 109 172 0 0
74 109 171 0 0
75 109 170 0 0
76 109 169 0 0
77 108 169 0 0
78 108 168 0 0
79 108 167 0 0
80 108 166 0 0
81 107 166 0 0
82 107 165 0 0
83 107 164 0 0
84 107 163 0 0
85 106 163 0 0
86 106 162 0 0
87 106 161 0 0
88 106 160 0 0
89 105 160 0 0
90 105 159 0 0
91 105 158 0 0
92 105 157 0 0
93 104 157 0 0
94 104 156 0 0
95 104 155 0 0
96 103 155 0 0
97 103 154 0 0
98 103 153 0 0
99 103 152 0 0
100 103 151 0 0
101 102 151 0 0
102 102 150 0 0
103 102 149 0 0
104 102 148 0 0
105 101 148 0 0
106 101 147 0 0
107 101 146 0 0
108 101 145 0 0
109 100 145 0 0
110 100 144 0 0
111 100 143 0 0
112 100 142 0 0
113 99 142 0 0
114 99 141 0 0
115 99 140 0 0
116 99 139 0 0
117 99 138 0 0
118 98 138 0 0
119 98 137 0 0
120 98 136 0 0
121 98 135 0 0
122 98 134 0 0
123 97 134 0 0
124 97 133 0 0
125 97 132 0 0
126 96 132 0 0
127 96 131 0 0
128 96 130 0 0
129 96 129 0 0
130 96 128 0 0
131 95 128 0 0
132 95 127 0 0
133 95 126 0 0
134 95 125 0 0
135 95 124 0 0
136 94 124 0 0
137 94 123 0 0
138 94 122 0 0
139 94 121 0 0
140 93 121 0 0
141 93 120 0 0
142 93 119 0 0
143 93 118 0 0
144 93 117 0 0
145 93 116 0 0
146 93 115 0 0
147 93 114 0 0
148 93 113 0 0
149 93 112 0 0
150 93 111 0 0
151 93 110 0 0
152 93 109 0 0
153 93 108 0 0
154 93 107 0 0
155 93 106 0 0
156 93 105 0 0
157 92 105 0 0
158 92 104 0 0
159 92 103 0 0
160 92 102 0 0
161 92 101 0 0
162 92 100 0 0
163 92 99 0 0
164 92 98 0 0
165 92 97 0 0
166 92 96 0 0
167 92 95 0 0
168 92 94 0 0
169 92 93 0 0
170 92 92 0 0
171 92 91 0 0
172 92 90 0 0
173 92 89 0 0
174 93 89 0 0
175 93 88 0 0
176 93 87 0 0
177 94 87 0 0
178 94 86 0 0
179 95 86 0 0
180 95 85 0 0
181 95 84 0 0
182 95 83 0 0
183 95 82 0 0
184 95 81 0 0
185 96 81 0 0
186 96 80 0 0
187 96 79 0 0
188 96 78 0 0
189 96 77 0 0
190 96 76 0 0
191 96 75 0 0
192 97 75 0 0
193 97 74 0 0
194 97 73 0 0
195 97 72 0 0
196 97 71 0 0
197 97 70 0 0
198 97 69 0 0
199 97 68 0 0
200 97 67 0 0
201 97 66 0 0
202 97 65 0 0
203 97 64 0 0
204 97 63 0 0
205 97 62 0 0
206 97 61 0 0
207 97 60 0 0
208 97 59 0 0
209 97 58 0 0
210 97 57 0 0
211 97 56 0 0
212 97 55 0 0
213 97 54 0 0
214 97 53 0 0
215 97 52 0 0
216 97 51 0 0
217 97 50 0 0
218 97 49 0 0
219 97 48 0 0
220 97 47 0 0
221 97 46 0 0
222 97 45 0 0
223 96 45 0 0
224 96 44 0 0
225 96 43 0 0
226 96 42 0 0
227 96 41 0 0
228 96 40 0 0
229 96 39 0 0
230 96 38 0 0
231 96 37 0 0
232 96 36 0 0
233 96 35 0 0
234 96 34 0 0
235 96 33 0 0
236 96 32 0 0
237 96 31 0 0
238 96 30 0 0
239 96 29 0 0
240 96 28 0 0
241 96 27 0 0
242 96 26 0 0
243 96 25 0 0
244 96 24 0 0
245 96 23 0 0
246 96 22 0 0
247 96 21 0 0
248 95 21 0 0
249 95 20 0 0
250 95 19 0 0
251 95 18 0 0
252 95 17 0 0
253 95 16 0 0
254 95 15 0 0
255 95 14 0 0
256 94 14 0 0
257 94 13 0 0
258 94 12 0 0
259 94 11 0 0
260 94 10 0 0
261 94 9 0 0
262 94 8 0 0
263 94 7 0 0
