0 195 107 0 0
1 195 108 0 0
2 196 108 0 0
3 195 108 0 0
4 194 108 0 0
5 195 108 0 0
6 194 108 0 0
7 193 108 0 0
8 194 108 0 0
9 193 108 0 0
10 194 108 0 0
11 193 108 0 0
12 192 108 0 0
13 193 108 0 0
14 192 108 0 0
15 191 108 0 0
16 192 108 0 0
17 191 108 0 0
18 190 108 0 0
19 191 108 0 0
20 190 108 0 0
21 189 108 0 0
22 190 108 0 0
23 189 108 0 0
24 188 108 0 0
25 189 108 0 0
26 188 108 0 0
27 189 108 0 0
28 188 108 0 0
29 187 108 0 0
30 188 108 0 0
31 187 108 0 0
32 186 108 0 0
33 187 108 0 0
34 186 108 0 0
35 185 108 0 0
36 186 108 0 0
37 185 108 0 0
38 184 108 0 0
39 185 108 0 0
40 184 108 0 0
41 183 108 0 0
42 184 108 0 0
43 183 108 0 0
44 182 108 0 0
45 183 108 0 0
46 182 108 0 0
47 183 108 0 0
48 182 108 0 0
49 181 108 0 0
50 182 108 0 0
51 181 108 0 0
52 180 108 0 0
53 181 108 0 0
54 180 108 0 0
55 179 108 0 0
56 180 108 0 0
57 179 108 0 0
58 178 108 0 0
59 179 108 0 0
60 178 108 0 0
61 177 108 0 0
62 178 108 0 0
63 177 108 0 0
64 176 108 0 0
65 177 108 0 0
66 176 108 0 0
67 177 108 0 0
68 176 108 0 0
69 175 108 0 0
70 176 108 0 0
71 175 108 0 0
72 174 108 0 0
73 175 108 0 0
74 174 108 0 0
75 173 108 0 0
76 174 108 0 0
77 173 108 0 0
78 172 108 0 0
79 173 108 0 0
80 172 108 0 0
81 173 108 0 0
82 172 108 0 0
83 171 108 0 0
84 172 108 0 0
85 171 108 0 0
86 170 108 0 0
87 171 108 0 0
88 170 108 0 0
89 169 108 0 0
90 170 108 0 0
91 169 108 0 0
92 168 108 0 0
93 169 108 0 0
94 168 108 0 0
95 167 108 0 0
96 168 108 0 0
97 167 108 0 0
98 168 108 0 0
99 167 108 0 0
100 166 108 0 0
101 167 108 0 0
102 166 108 0 0
103 165 108 0 0
104 166 108 0 0
105 165 108 0 0
106 164 108 0 0
107 165 108 0 0
108 164 108 0 0
109 163 108 0 0
110 164 108 0 0
111 163 108 0 0
112 162 108 0 0
113 163 108 0 0
114 162 108 0 0
115 163 108 0 0
116 162 108 0 0
117 161 108 0 0
118 162 108 0 0
119 161 108 0 0
120 160 108 0 0
121 161 108 0 0
122 160 108 0 0
123 159 108 0 0
124 160 108 0 0
125 159 108 0 0
126 158 108 0 0
127 159 108 0 0
128 158 108 0 0
129 157 108 0 0
130 158 108 0 0
131 157 108 0 0
132 156 108 0 0
133 157 108 0 0
134 156 108 0 0
135 155 108 0 0
136 156 108 0 0
137 155 108 0 0
138 156 108 0 0
139 155 108 0 0
140 154 108 0 0
141 155 108 0 0
142 154 108 0 0
143 153 108 0 0
144 154 108 0 0
145 153 108 0 0
146 154 108 0 0
147 153 108 0 0
148 152 108 0 0
149 153 108 0 0
150 152 108 0 0
151 151 108 0 0
152 152 108 0 0
153 151 108 0 0
154 150 108 0 0
155 151 108 0 0
156 150 108 0 0
157 151 108 0 0
158 150 108 0 0
159 149 108 0 0
160 150 108 0 0
161 149 108 0 0
162 148 108 0 0
163 149 108 0 0
164 148 108 0 0
165 149 108 0 0
166 148 108 0 0
167 147 108 0 0
168 148 108 0 0
169 147 108 0 0
170 146 108 0 0
171 147 108 0 0
172 146 108 0 0
173 145 108 0 0
174 146 108 0 0
175 145 108 0 0
176 146 108 0 0
177 145 108 0 0
178 144 108 0 0
179 145 108 0 0
180 144 108 0 0
181 143 108 0 0
182 144 108 0 0
183 143 108 0 0
184 144 108 0 0
185 143 108 0 0
186 142 108 0 0
187 143 108 0 0
188 142 108 0 0
189 141 108 0 0
190 142 108 0 0
191 141 108 0 0
192 140 108 0 0
193 141 108 0 0
194 140 108 0 0
195 141 108 0 0
196 140 108 0 0
197 139 108 0 0
198 140 108 0 0
199 139 108 0 0
200 138 108 0 0
201 139 108 0 0
202 138 108 0 0
203 139 108 0 0
204 138 108 0 0
205 137 108 0 0
206 138 108 0 0
207 137 108 0 0
208 136 108 0 0
209 137 108 0 0
210 136 108 0 0
211 135 108 0 0
212 136 108 0 0
213 135 108 0 0
214 136 108 0 0
215 135 108 0 0
216 134 108 0 0
217 135 108 0 0
218 134 108 0 0
219 133 108 0 0
220 133 109 0 0
221 134 109 0 0
222 133 109 0 0
223 134 109 0 0
224 133 109 0 0
225 132 109 0 0
226 133 109 0 0
227 132 109 0 0
228 133 109 0 0
229 132 109 0 0
230 133 109 0 0
231 132 109 0 0
232 131 109 0 0
233 131 110 0 0
234 132 110 0 0
235 131 110 0 0
236 132 110 0 0
237 131 110 0 0
238 130 110 0 0
239 131 110 0 0
240 130 110 0 0
241 131 110 0 0
242 130 110 0 0
243 131 110 0 0
244 130 110 0 0
245 129 110 0 0
246 130 110 0 0
247 129 110 0 0
248 129 111 0 0
249 130 111 0 0
250 129 111 0 0
251 128 111 0 0
252 129 111 0 0
253 128 111 0 0
254 129 111 0 0
255 128 111 0 0
256 127 111 0 0
257 128 111 0 0
258 127 111 0 0
259 128 111 0 0
260 127 111 0 0
261 127 112 0 0
262 128 112 0 0
263 127 112 0 0
264 126 112 0 0
265 127 112 0 0
266 126 112 0 0
267 127 112 0 0
268 126 112 0 0
269 125 112 0 0
270 126 112 0 0
271 125 112 0 0
272 126 112 0 0
273 125 112 0 0
274 126 112 0 0
275 125 112 0 0
276 125 113 0 0
277 124 113 0 0
278 125 113 0 0
279 124 113 0 0
280 123 113 0 0
281 124 113 0 0
282 123 113 0 0
283 124 113 0 0
284 123 113 0 0
285 124 113 0 0
286 123 113 0 0
287 122 113 0 0
288 122 114 0 0
289 123 114 0 0
290 122 114 0 0
291 123 114 0 0
292 122 114 0 0
293 123 114 0 0
294 122 114 0 0
295 121 114 0 0
296 122 114 0 0
297 121 114 0 0
298 122 114 0 0
299 121 114 0 0
300 120 114 0 0
301 121 114 0 0
302 120 114 0 0
303 120 115 0 0
304 121 115 0 0
305 120 115 0 0
306 121 115 0 0
307 120 115 0 0
308 119 115 0 0
309 120 115 0 0
310 119 115 0 0
311 120 115 0 0
312 119 115 0 0
313 118 115 0 0
314 119 115 0 0
315 118 115 0 0
316 119 115 0 0
317 118 115 0 0
318 118 116 0 0
319 119 116 0 0
320 118 116 0 0
321 117 116 0 0
322 118 116 0 0
323 117 116 0 0
324 118 116 0 0
325 117 116 0 0
326 116 116 0 0
327 117 116 0 0
328 116 116 0 0
329 117 116 0 0
330 116 116 0 0
331 117 116 0 0
332 116 116 0 0
333 115 116 0 0
334 116 116 0 0
335 115 116 0 0
336 115 117 0 0
337 116 117 0 0
338 115 117 0 0
339 116 117 0 0
340 115 117 0 0
341 114 117 0 0
342 115 117 0 0
343 114 117 0 0
344 115 117 0 0
345 114 117 0 0
346 113 117 0 0
347 114 117 0 0
348 113 117 0 0
349 114 117 0 0
350 113 117 0 0
351 114 117 0 0
352 113 117 0 0
353 112 117 0 0
354 112 118 0 0
355 113 118 0 0
356 112 118 0 0
357 113 118 0 0
358 112 118 0 0
359 113 118 0 0
360 112 118 0 0
361 111 118 0 0
362 112 118 0 0
363 111 118 0 0
364 112 118 0 0
365 111 118 0 0
366 110 118 0 0
367 111 118 0 0
368 110 118 0 0
369 111 118 0 0
370 110 118 0 0
371 111 118 0 0
372 110 118 0 0
373 110 119 0 0
374 109 119 0 0
375 110 119 0 0
376 109 119 0 0
377 110 119 0 0
378 109 119 0 0
379 108 119 0 0
380 109 119 0 0
381 108 119 0 0
382 109 119 0 0
383 108 119 0 0
384 109 119 0 0
385 108 119 0 0
386 107 119 0 0
387 108 119 0 0
388 107 119 0 0
389 108 119 0 0
390 107 119 0 0
391 107 120 0 0
392 108 120 0 0
393 107 120 0 0
394 106 120 0 0
395 107 120 0 0
396 106 120 0 0
397 107 120 0 0
398 106 120 0 0
399 105 120 0 0
400 106 120 0 0
401 105 120 0 0
402 106 120 0 0
403 105 120 0 0
404 106 120 0 0
405 105 120 0 0
406 104 120 0 0
407 105 120 0 0
408 104 120 0 0
409 103 120 0 0
410 104 120 0 0
411 103 120 0 0
412 104 120 0 0
413 103 120 0 0
414 102 120 0 0
415 103 120 0 0
416 102 120 0 0
417 103 120 0 0
418 102 120 0 0
419 103 120 0 0
420 102 120 0 0
421 101 120 0 0
422 102 120 0 0
423 101 120 0 0
424 101 119 0 0
425 100 119 0 0
426 101 119 0 0
427 100 119 0 0
428 101 119 0 0
429 100 119 0 0
430 99 119 0 0
431 100 119 0 0
432 99 119 0 0
433 100 119 0 0
434 99 119 0 0
435 98 119 0 0
436 99 119 0 0
437 98 119 0 0
438 99 119 0 0
439 98 119 0 0
440 97 119 0 0
441 97 118 0 0
442 98 118 0 0
443 97 118 0 0
444 96 118 0 0
445 97 118 0 0
446 96 118 0 0
447 97 118 0 0
448 96 118 0 0
449 95 118 0 0
450 96 118 0 0
451 95 118 0 0
452 96 118 0 0
453 95 118 0 0
454 96 118 0 0
455 95 118 0 0
456 94 118 0 0
457 95 118 0 0
458 94 118 0 0
459 94 117 0 0
460 93 117 0 0
461 94 117 0 0
462 93 117 0 0
463 94 117 0 0
464 93 117 0 0
465 92 117 0 0
466 93 117 0 0
467 92 117 0 0
468 93 117 0 0
469 92 117 0 0
470 91 117 0 0
471 92 117 0 0
472 91 117 0 0
473 92 117 0 0
474 91 117 0 0
475 91 116 0 0
476 90 116 0 0
477 91 116 0 0
478 90 116 0 0
479 91 116 0 0
480 90 116 0 0
481 89 116 0 0
482 89 115 0 0
483 90 115 0 0
484 89 115 0 0
485 88 115 0 0
486 89 115 0 0
487 88 115 0 0
488 89 115 0 0
489 88 115 0 0
490 88 114 0 0
491 87 114 0 0
492 88 114 0 0
493 87 114 0 0
494 88 114 0 0
495 87 114 0 0
496 86 114 0 0
497 87 114 0 0
498 86 114 0 0
499 86 113 0 0
500 87 113 0 0
501 86 113 0 0
502 85 113 0 0
503 86 113 0 0
504 85 113 0 0
505 86 113 0 0
506 85 113 0 0
507 86 113 0 0
508 85 113 0 0
509 84 113 0 0
510 84 112 0 0
511 85 112 0 0
512 84 112 0 0
513 85 112 0 0
514 84 112 0 0
515 83 112 0 0
516 84 112 0 0
517 83 112 0 0
518 84 112 0 0
519 83 112 0 0
520 84 112 0 0
521 83 112 0 0
522 83 111 0 0
523 82 111 0 0
524 83 111 0 0
525 82 111 0 0
526 83 111 0 0
527 82 111 0 0
528 81 111 0 0
529 82 111 0 0
530 81 111 0 0
531 82 111 0 0
532 81 111 0 0
533 81 110 0 0
534 80 110 0 0
535 81 110 0 0
536 80 110 0 0
537 81 110 0 0
538 80 110 0 0
539 81 110 0 0
540 80 110 0 0
541 79 110 0 0
542 80 110 0 0
543 79 110 0 0
544 79 109 0 0
545 80 109 0 0
546 79 109 0 0
547 78 109 0 0
548 79 109 0 0
549 78 109 0 0
550 79 109 0 0
551 78 109 0 0
552 77 109 0 0
553 78 109 0 0
554 77 109 0 0
555 78 109 0 0
556 77 109 0 0
557 76 109 0 0
558 77 109 0 0
559 76 109 0 0
560 77 109 0 0
561 76 109 0 0
562 77 109 0 0
563 76 109 0 0
564 76 108 0 0
565 75 108 0 0
566 76 108 0 0
567 75 108 0 0
568 76 108 0 0
569 75 108 0 0
570 74 108 0 0
571 75 108 0 0
572 74 108 0 0
573 75 108 0 0
574 74 108 0 0
575 73 108 0 0
576 74 108 0 0
577 73 108 0 0
578 74 108 0 0
579 73 108 0 0
580 74 108 0 0
581 73 108 0 0
582 72 108 0 0
583 73 108 0 0
584 72 108 0 0
585 73 108 0 0
586 72 108 0 0
587 71 108 0 0
588 72 108 0 0
589 71 108 0 0
590 71 107 0 0
591 72 107 0 0
592 71 107 0 0
593 70 107 0 0
594 71 107 0 0
595 70 107 0 0
596 71 107 0 0
597 70 107 0 0
598 71 107 0 0
599 70 107 0 0
600 69 107 0 0
601 70 107 0 0
602 69 107 0 0
603 70 107 0 0
604 69 107 0 0
605 68 107 0 0
606 69 107 0 0
607 68 107 0 0
608 67 107 0 0
609 68 107 0 0
610 67 107 0 0
611 68 107 0 0
612 67 107 0 0
613 66 107 0 0
614 65 107 0 0
615 66 107 0 0
616 65 107 0 0
617 66 107 0 0
618 65 107 0 0
619 64 107 0 0
620 65 107 0 0
621 64 107 0 0
622 63 107 0 0
623 64 107 0 0
624 63 107 0 0
625 62 107 0 0
626 62 106 0 0
627 63 106 0 0
628 62 106 0 0
629 63 106 0 0
630 62 106 0 0
631 61 106 0 0
632 62 106 0 0
633 61 106 0 0
634 60 106 0 0
635 61 106 0 0
636 60 106 0 0
637 59 106 0 0
638 60 106 0 0
639 59 106 0 0
640 58 106 0 0
641 59 106 0 0
642 58 106 0 0
643 59 106 0 0
644 58 106 0 0
645 57 106 0 0
646 56 106 0 0
647 57 106 0 0
648 56 106 0 0
649 57 106 0 0
650 56 106 0 0
651 55 106 0 0
652 56 106 0 0
653 55 106 0 0
654 56 106 0 0
655 55 106 0 0
656 54 106 0 0
657 55 106 0 0
658 54 106 0 0
659 53 106 0 0
660 54 106 0 0
661 53 106 0 0
662 54 106 0 0
663 53 106 0 0
664 52 106 0 0
665 53 106 0 0
666 52 106 0 0
667 53 106 0 0
668 52 106 0 0
669 51 106 0 0
670 52 106 0 0
671 51 106 0 0
672 50 106 0 0
673 51 106 0 0
674 50 106 0 0
675 51 106 0 0
676 50 106 0 0
677 49 106 0 0
678 50 106 0 0
679 49 106 0 0
680 48 106 0 0
681 49 106 0 0
682 48 106 0 0
683 49 106 0 0
684 48 106 0 0
685 47 106 0 0
686 48 106 0 0
687 47 106 0 0
688 46 106 0 0
689 47 106 0 0
690 46 106 0 0
691 47 106 0 0
692 46 106 0 0
693 45 106 0 0
694 46 106 0 0
695 45 106 0 0
696 44 106 0 0
697 45 106 0 0
698 44 106 0 0
699 45 106 0 0
700 44 106 0 0
701 44 107 0 0
702 43 107 0 0
703 44 107 0 0
704 43 107 0 0
705 42 107 0 0
706 43 107 0 0
707 42 107 0 0
708 41 107 0 0
709 42 107 0 0
710 41 107 0 0
711 40 107 0 0
712 41 107 0 0
713 40 107 0 0
714 39 107 0 0
715 40 107 0 0
716 39 107 0 0
717 38 107 0 0
718 39 107 0 0
719 38 107 0 0
720 37 107 0 0
721 38 107 0 0
722 37 107 0 0
723 36 107 0 0
724 37 107 0 0
725 36 107 0 0
726 35 107 0 0
727 36 107 0 0
728 35 107 0 0
729 36 107 0 0
730 35 107 0 0
731 34 107 0 0
732 33 107 0 0
733 34 107 0 0
734 33 107 0 0
735 34 107 0 0
736 33 107 0 0
737 32 107 0 0
738 33 107 0 0
739 32 107 0 0
740 31 107 0 0
741 32 107 0 0
742 31 107 0 0
743 30 107 0 0
744 31 107 0 0
745 30 107 0 0
746 29 107 0 0
747 30 107 0 0
748 29 107 0 0
749 28 107 0 0
750 29 107 0 0
751 28 107 0 0
752 27 107 0 0
753 28 107 0 0
754 27 107 0 0
755 26 107 0 0
756 27 107 0 0
757 26 107 0 0
758 25 107 0 0
759 26 107 0 0
760 25 107 0 0
761 26 107 0 0
762 25 107 0 0
763 24 107 0 0
764 23 107 0 0
765 24 107 0 0
766 23 107 0 0
767 24 107 0 0
768 23 107 0 0
769 22 107 0 0
770 23 107 0 0
771 22 107 0 0
772 21 107 0 0
773 22 107 0 0
774 21 107 0 0
775 20 107 0 0
776 21 107 0 0
777 20 107 0 0
778 19 107 0 0
779 20 107 0 0
780 19 107 0 0
781 18 107 0 0
782 19 107 0 0
783 18 107 0 0
784 17 107 0 0
785 18 107 0 0
786 17 107 0 0
787 16 107 0 0
788 17 107 0 0
789 16 107 0 0
790 16 108 0 0
791 15 108 0 0
792 16 108 0 0
793 15 108 0 0
794 14 108 0 0
795 15 108 0 0
796 14 108 0 0
797 13 108 0 0
798 14 108 0 0
799 13 108 0 0
800 12 108 0 0
801 13 108 0 0
802 12 108 0 0
803 13 108 0 0
804 12 108 0 0
805 11 108 0 0
806 10 108 0 0
807 11 108 0 0
808 10 108 0 0
809 9 108 0 0
810 10 108 0 0
811 9 108 0 0
812 8 108 0 0
813 9 108 0 0
814 8 108 0 0
815 9 108 0 0
816 8 108 0 0
817 7 108 0 0
818 6 108 0 0
819 7 108 0 0
820 6 108 0 0
821 6 109 0 0
822 5 109 0 0
823 6 109 0 0
824 5 109 0 0
825 6 109 0 0
826 5 109 0 0
827 4 109 0 0
828 5 109 0 0
829 4 109 0 0
830 5 109 0 0
831 4 109 0 0
832 3 109 0 0
833 4 109 0 0
834 3 109 0 0
835 4 109 0 0
836 3 109 0 0
837 2 109 0 0
838 3 109 0 0
839 2 109 0 0
840 3 109 0 0
841 2 109 0 0
842 3 109 0 0
843 2 109 0 0
844 3 109 0 0
845 2 109 0 0
