0 400 18800 0 0
1 600 18800 0 0
2 800 18800 0 0
3 1000 18800 0 0
4 1200 18800 0 0
5 1400 18800 0 0
6 1600 18800 0 0
7 1800 18800 0 0
8 2000 18800 0 0
9 2000 19000 0 0
10 2200 19000 0 0
11 2400 19000 0 0
12 2600 19000 0 0
13 2800 19000 0 0
14 3000 19000 0 0
15 3200 19000 0 0
16 3400 19000 0 0
17 3600 19000 0 0
18 3800 19000 0 0
19 3800 19200 0 0
20 4000 19200 0 0
21 4200 19200 0 0
22 4400 19200 0 0
23 4600 19200 0 0
24 4800 19200 0 0
25 5000 19200 0 0
26 5200 19200 0 0
27 5400 19200 0 0
28 5600 19200 0 0
29 5800 19200 0 0
30 6000 19200 0 0
31 6200 19200 0 0
32 6400 19200 0 0
33 6600 19200 0 0
34 6600 19400 0 0
35 6800 19400 0 0
36 7000 19400 0 0
37 7200 19400 0 0
38 7400 19400 0 0
39 7600 19400 0 0
40 7800 19400 0 0
41 8000 19400 0 0
42 8200 19400 0 0
43 8400 19400 0 0
44 8600 19400 0 0
45 8800 19400 0 0
46 9000 19400 0 0
47 9200 19400 0 0
48 9400 19400 0 0
49 9600 19400 0 0
50 9800 19400 0 0
51 9800 19600 0 0
52 10000 19600 0 0
53 10200 19600 0 0
54 10400 19600 0 0
55 10600 19600 0 0
56 10800 19600 0 0
57 11000 19600 0 0
58 11200 19600 0 0
59 11400 19600 0 0
60 11600 19600 0 0
61 11800 19600 0 0
62 11800 19800 0 0
63 12000 19800 0 0
64 12200 19800 0 0
65 12400 19800 0 0
66 12600 19800 0 0
67 12800 19800 0 0
68 13000 19800 0 0
69 13200 19800 0 0
70 13400 19800 0 0
71 13600 19800 0 0
72 13800 19800 0 0
73 13800 19600 0 0
74 14000 19600 0 0
75 14200 19600 0 0
76 14400 19600 0 0
77 14400 19400 0 0
78 14600 19400 0 0
79 14800 19400 0 0
80 15000 19400 0 0
81 15000 19200 0 0
82 15200 19200 0 0
83 15400 19200 0 0
84 15400 19000 0 0
85 15600 19000 0 0
86 15800 19000 0 0
87 16000 19000 0 0
88 16000 18800 0 0
89 16200 18800 0 0
90 16400 18800 0 0
91 16600 18800 0 0
92 16600 18600 0 0
93 16800 18600 0 0
94 17000 18600 0 0
95 17200 18600 0 0
96 17200 18400 0 0
97 17400 18400 0 0
98 17600 18400 0 0
99 17800 18400 0 0
100 17800 18200 0 0
101 18000 18200 0 0
102 18200 18200 0 0
103 18400 18200 0 0
104 18400 18000 0 0
105 18600 18000 0 0
106 18800 18000 0 0
107 19000 18000 0 0
108 19200 18000 0 0
109 19200 17800 0 0
110 19400 17800 0 0
111 19600 17800 0 0
112 19800 17800 0 0
113 20000 17800 0 0
114 20200 17800 0 0
115 20200 18000 0 0
116 20400 18000 0 0
117 20600 18000 0 0
118 20800 18000 0 0
119 21000 18000 0 0
120 21000 18200 0 0
121 21200 18200 0 0
122 21400 18200 0 0
123 21400 18400 0 0
124 21600 18400 0 0
125 21600 18600 0 0
126 21800 18600 0 0
127 22000 18600 0 0
128 22000 18800 0 0
129 22200 18800 0 0
130 22200 19000 0 0
131 22400 19000 0 0
132 22400 19200 0 0
133 22600 19200 0 0
134 22600 19400 0 0
135 22600 19600 0 0
136 22600 19800 0 0
137 22800 19800 0 0
138 22800 20000 0 0
139 22800 20200 0 0
140 22800 20400 0 0
141 22800 20600 0 0
142 23000 20600 0 0
143 23000 20800 0 0
144 23000 21000 0 0
145 23000 21200 0 0
146 23000 21400 0 0
147 22800 21400 0 0
148 22800 21600 0 0
149 22800 21800 0 0
150 22800 22000 0 0
151 22800 22200 0 0
152 22800 22400 0 0
153 22600 22400 0 0
154 22600 22600 0 0
155 22600 22800 0 0
156 22600 23000 0 0
157 22600 23200 0 0
158 22600 23400 0 0
159 22600 23600 0 0
160 22400 23600 0 0
161 22400 23800 0 0
162 22400 24000 0 0
163 22400 24200 0 0
164 22400 24400 0 0
165 22400 24600 0 0
166 22400 24800 0 0
167 22400 25000 0 0
168 22400 25200 0 0
169 22400 25400 0 0
170 22400 25600 0 0
171 22400 25800 0 0
172 22400 26000 0 0
173 22200 26000 0 0
174 22200 26200 0 0
175 22200 26400 0 0
176 22200 26600 0 0
177 22200 26800 0 0
178 22200 27000 0 0
179 22200 27200 0 0
180 22200 27400 0 0
181 22200 27600 0 0
182 22200 27800 0 0
183 22000 27800 0 0
184 22000 28000 0 0
185 22000 28200 0 0
186 22000 28400 0 0
187 22000 28600 0 0
188 22000 28800 0 0
189 22000 29000 0 0
190 22000 29200 0 0
191 22000 29400 0 0
192 22000 29600 0 0
193 22000 29800 0 0
194 22000 30000 0 0
195 22000 30200 0 0
196 22000 30400 0 0
197 22000 30600 0 0
198 22000 30800 0 0
199 22000 31000 0 0
200 22000 31200 0 0
201 22000 31400 0 0
202 22000 31600 0 0
203 22000 31800 0 0
204 22200 31800 0 0
205 22200 32000 0 0
206 22200 32200 0 0
207 22200 32400 0 0
208 22200 32600 0 0
209 22200 32800 0 0
210 22200 33000 0 0
211 22200 33200 0 0
212 22400 33200 0 0
213 22400 33400 0 0
214 22400 33600 0 0
215 22400 33800 0 0
216 22400 34000 0 0
217 22400 34200 0 0
218 22400 34400 0 0
219 22400 34600 0 0
220 22400 34800 0 0
221 22400 35000 0 0
222 22400 35200 0 0
223 22400 35400 0 0
224 22600 35400 0 0
225 22600 35600 0 0
226 22600 35800 0 0
227 22600 36000 0 0
228 22600 36200 0 0
229 22600 36400 0 0
230 22600 36600 0 0
231 22600 36800 0 0
232 22600 37000 0 0
233 22600 37200 0 0
234 22600 37400 0 0
235 22600 37600 0 0
236 22800 37600 0 0
237 22800 37800 0 0
238 22800 38000 0 0
239 22800 38200 0 0
240 23000 38200 0 0
241 23000 38400 0 0
242 23000 38600 0 0
243 23000 38800 0 0
244 23000 39000 0 0
245 23000 39200 0 0
246 23200 39200 0 0
247 23200 39400 0 0
248 23200 39600 0 0
249 23200 39800 0 0
250 23200 40000 0 0
251 23400 40000 0 0
252 23400 40200 0 0
253 23400 40400 0 0
254 23400 40600 0 0
255 23400 40800 0 0
256 23400 41000 0 0
257 23400 41200 0 0
258 23400 41400 0 0
259 23400 41600 0 0
260 23400 41800 0 0
261 23400 42000 0 0
262 23400 42200 0 0
263 23400 42400 0 0
264 23400 42600 0 0
265 23400 42800 0 0
266 23400 43000 0 0
267 23400 43200 0 0
268 23400 43400 0 0
269 23400 43600 0 0
270 23600 43600 0 0
271 23600 43800 0 0
272 23600 44000 0 0
273 23600 44200 0 0
274 23600 44400 0 0
275 23600 44600 0 0
276 23600 44800 0 0
277 23600 45000 0 0
278 23600 45200 0 0
279 23600 45400 0 0
280 23600 45600 0 0
281 23600 45800 0 0
282 23600 46000 0 0
283 23600 46200 0 0
284 23600 46400 0 0
285 23600 46600 0 0
286 23600 46800 0 0
