0 104 4 0 0
1 104 5 0 0
2 103 5 0 0
3 104 5 0 0
4 103 5 0 0
5 103 6 0 0
6 104 6 0 0
7 103 6 0 0
8 104 6 0 0
9 103 6 0 0
10 103 7 0 0
11 104 7 0 0
12 103 7 0 0
13 104 7 0 0
14 103 7 0 0
15 103 8 0 0
16 104 8 0 0
17 103 8 0 0
18 104 8 0 0
19 103 8 0 0
20 103 9 0 0
21 104 9 0 0
22 103 9 0 0
23 104 9 0 0
24 103 9 0 0
25 103 10 0 0
26 104 10 0 0
27 103 10 0 0
28 104 10 0 0
29 103 10 0 0
30 104 10 0 0
31 103 10 0 0
32 103 11 0 0
33 104 11 0 0
34 103 11 0 0
35 104 11 0 0
36 103 11 0 0
37 103 12 0 0
38 104 12 0 0
39 103 12 0 0
40 103 13 0 0
41 104 13 0 0
42 103 13 0 0
43 104 13 0 0
44 103 13 0 0
45 103 14 0 0
46 104 14 0 0
47 103 14 0 0
48 104 14 0 0
49 103 14 0 0
50 103 15 0 0
51 104 15 0 0
52 103 15 0 0
53 104 15 0 0
54 103 15 0 0
55 103 16 0 0
56 104 16 0 0
57 103 16 0 0
58 104 16 0 0
59 103 16 0 0
60 104 16 0 0
61 103 16 0 0
62 103 17 0 0
63 104 17 0 0
64 103 17 0 0
65 104 17 0 0
66 103 17 0 0
67 103 18 0 0
68 104 18 0 0
69 103 18 0 0
70 104 18 0 0
71 103 18 0 0
72 103 19 0 0
73 104 19 0 0
74 103 19 0 0
75 104 19 0 0
76 103 19 0 0
77 103 20 0 0
78 104 20 0 0
79 103 20 0 0
80 104 20 0 0
81 103 20 0 0
82 103 21 0 0
83 104 21 0 0
84 103 21 0 0
85 103 22 0 0
86 104 22 0 0
87 103 22 0 0
88 104 22 0 0
89 103 22 0 0
90 103 23 0 0
91 104 23 0 0
92 103 23 0 0
93 104 23 0 0
94 103 23 0 0
95 104 23 0 0
96 103 23 0 0
97 103 24 0 0
98 104 24 0 0
99 103 24 0 0
100 102 24 0 0
101 102 25 0 0
102 103 25 0 0
103 102 25 0 0
104 103 25 0 0
105 102 25 0 0
106 102 26 0 0
107 103 26 0 0
108 102 26 0 0
109 103 26 0 0
110 102 26 0 0
111 102 27 0 0
112 103 27 0 0
113 102 27 0 0
114 103 27 0 0
115 102 27 0 0
116 102 28 0 0
117 103 28 0 0
118 102 28 0 0
119 103 28 0 0
120 102 28 0 0
121 102 29 0 0
122 103 29 0 0
123 102 29 0 0
124 103 29 0 0
125 102 29 0 0
126 102 30 0 0
127 103 30 0 0
128 102 30 0 0
129 103 30 0 0
130 102 30 0 0
131 102 31 0 0
132 103 31 0 0
133 102 31 0 0
134 103 31 0 0
135 102 31 0 0
136 102 32 0 0
137 103 32 0 0
138 102 32 0 0
139 103 32 0 0
140 102 32 0 0
141 102 33 0 0
142 103 33 0 0
143 102 33 0 0
144 103 33 0 0
145 102 33 0 0
146 102 34 0 0
147 103 34 0 0
148 102 34 0 0
149 103 34 0 0
150 102 34 0 0
151 102 35 0 0
152 103 35 0 0
153 102 35 0 0
154 103 35 0 0
155 102 35 0 0
156 102 36 0 0
157 103 36 0 0
158 102 36 0 0
159 103 36 0 0
160 102 36 0 0
161 102 37 0 0
162 103 37 0 0
163 102 37 0 0
164 103 37 0 0
165 102 37 0 0
166 102 38 0 0
167 103 38 0 0
168 102 38 0 0
169 103 38 0 0
170 102 38 0 0
171 102 39 0 0
172 103 39 0 0
173 102 39 0 0
174 103 39 0 0
175 102 39 0 0
176 102 40 0 0
177 103 40 0 0
178 102 40 0 0
179 103 40 0 0
180 102 40 0 0
181 102 41 0 0
182 103 41 0 0
183 102 41 0 0
184 103 41 0 0
185 102 41 0 0
186 102 42 0 0
187 103 42 0 0
188 102 42 0 0
189 103 42 0 0
190 102 42 0 0
191 102 43 0 0
192 103 43 0 0
193 104 43 0 0
194 103 43 0 0
195 103 44 0 0
196 104 44 0 0
197 103 44 0 0
198 104 44 0 0
199 103 44 0 0
200 103 45 0 0
201 104 45 0 0
202 103 45 0 0
203 104 45 0 0
204 103 45 0 0
205 103 46 0 0
206 104 46 0 0
207 103 46 0 0
208 104 46 0 0
209 103 46 0 0
210 103 47 0 0
211 104 47 0 0
212 103 47 0 0
213 104 47 0 0
214 103 47 0 0
215 103 48 0 0
216 104 48 0 0
217 103 48 0 0
218 104 48 0 0
219 104 49 0 0
220 105 49 0 0
221 104 49 0 0
222 105 49 0 0
223 104 49 0 0
224 104 50 0 0
225 105 50 0 0
226 104 50 0 0
227 105 50 0 0
228 104 50 0 0
229 104 51 0 0
230 105 51 0 0
231 104 51 0 0
232 105 51 0 0
233 104 51 0 0
234 104 52 0 0
235 105 52 0 0
236 104 52 0 0
237 105 52 0 0
238 105 53 0 0
239 106 53 0 0
240 105 53 0 0
241 106 53 0 0
242 105 53 0 0
243 105 54 0 0
244 106 54 0 0
245 105 54 0 0
246 106 54 0 0
247 105 54 0 0
248 105 55 0 0
249 106 55 0 0
250 105 55 0 0
251 106 55 0 0
252 105 55 0 0
253 105 56 0 0
254 106 56 0 0
255 105 56 0 0
256 106 56 0 0
257 105 56 0 0
258 105 57 0 0
259 106 57 0 0
260 105 57 0 0
261 106 57 0 0
262 105 57 0 0
263 105 58 0 0
264 106 58 0 0
265 107 58 0 0
266 106 58 0 0
267 106 59 0 0
268 107 59 0 0
269 106 59 0 0
270 107 59 0 0
271 106 59 0 0
272 106 60 0 0
273 107 60 0 0
274 106 60 0 0
275 107 60 0 0
276 106 60 0 0
277 106 61 0 0
278 107 61 0 0
279 106 61 0 0
280 107 61 0 0
281 106 61 0 0
282 106 62 0 0
283 107 62 0 0
284 106 62 0 0
285 107 62 0 0
286 106 62 0 0
287 106 63 0 0
288 107 63 0 0
289 106 63 0 0
290 107 63 0 0
291 107 64 0 0
292 108 64 0 0
293 107 64 0 0
294 108 64 0 0
295 107 64 0 0
296 107 65 0 0
297 108 65 0 0
298 107 65 0 0
299 108 65 0 0
300 107 65 0 0
301 107 66 0 0
302 108 66 0 0
303 107 66 0 0
304 108 66 0 0
305 107 66 0 0
306 107 67 0 0
307 108 67 0 0
308 107 67 0 0
309 108 67 0 0
310 108 68 0 0
311 109 68 0 0
312 108 68 0 0
313 109 68 0 0
314 108 68 0 0
315 109 68 0 0
316 108 68 0 0
317 108 69 0 0
318 109 69 0 0
319 108 69 0 0
320 109 69 0 0
321 108 69 0 0
322 108 70 0 0
323 109 70 0 0
324 108 70 0 0
325 109 70 0 0
326 108 70 0 0
327 109 70 0 0
328 109 71 0 0
329 110 71 0 0
330 109 71 0 0
331 110 71 0 0
332 109 71 0 0
333 109 72 0 0
334 110 72 0 0
335 109 72 0 0
336 110 72 0 0
337 109 72 0 0
338 110 72 0 0
339 109 72 0 0
340 109 73 0 0
341 110 73 0 0
342 111 73 0 0
343 110 73 0 0
344 110 74 0 0
345 111 74 0 0
346 110 74 0 0
347 111 74 0 0
348 110 74 0 0
349 111 74 0 0
350 110 74 0 0
351 110 75 0 0
352 111 75 0 0
353 110 75 0 0
354 111 75 0 0
355 110 75 0 0
356 110 76 0 0
357 111 76 0 0
358 112 76 0 0
359 111 76 0 0
360 112 76 0 0
361 111 76 0 0
362 111 77 0 0
363 112 77 0 0
364 111 77 0 0
365 112 77 0 0
366 111 77 0 0
367 111 78 0 0
368 112 78 0 0
369 111 78 0 0
370 112 78 0 0
371 113 78 0 0
372 112 78 0 0
373 112 79 0 0
374 113 79 0 0
375 112 79 0 0
376 113 79 0 0
377 112 79 0 0
378 113 79 0 0
379 112 79 0 0
380 112 80 0 0
381 113 80 0 0
382 112 80 0 0
383 113 80 0 0
384 112 80 0 0
385 112 81 0 0
386 113 81 0 0
387 114 81 0 0
388 113 81 0 0
389 114 81 0 0
390 113 81 0 0
391 113 82 0 0
392 114 82 0 0
393 113 82 0 0
394 114 82 0 0
395 113 82 0 0
396 113 83 0 0
397 114 83 0 0
398 113 83 0 0
399 114 83 0 0
400 113 83 0 0
401 114 83 0 0
402 113 83 0 0
403 113 84 0 0
404 114 84 0 0
405 115 84 0 0
406 114 84 0 0
407 114 85 0 0
408 115 85 0 0
409 114 85 0 0
410 115 85 0 0
411 114 85 0 0
412 115 85 0 0
413 114 85 0 0
414 114 86 0 0
415 115 86 0 0
416 116 86 0 0
417 115 86 0 0
418 115 87 0 0
419 116 87 0 0
420 115 87 0 0
421 116 87 0 0
422 115 87 0 0
423 116 87 0 0
424 115 87 0 0
425 115 88 0 0
426 116 88 0 0
427 115 88 0 0
428 116 88 0 0
429 115 88 0 0
430 116 88 0 0
431 115 88 0 0
432 115 89 0 0
433 116 89 0 0
434 117 89 0 0
435 116 89 0 0
436 116 90 0 0
437 117 90 0 0
438 116 90 0 0
439 117 90 0 0
440 116 90 0 0
441 117 90 0 0
442 116 90 0 0
443 116 91 0 0
444 117 91 0 0
445 116 91 0 0
446 117 91 0 0
447 117 92 0 0
448 118 92 0 0
449 117 92 0 0
450 118 92 0 0
451 117 92 0 0
452 118 92 0 0
453 117 92 0 0
454 117 93 0 0
455 118 93 0 0
456 117 93 0 0
457 116 93 0 0
458 117 93 0 0
459 116 93 0 0
460 116 94 0 0
461 117 94 0 0
462 116 94 0 0
463 117 94 0 0
464 116 94 0 0
465 117 94 0 0
466 116 94 0 0
467 116 95 0 0
468 117 95 0 0
469 116 95 0 0
470 115 95 0 0
471 116 95 0 0
472 115 95 0 0
473 115 96 0 0
474 116 96 0 0
475 115 96 0 0
476 116 96 0 0
477 115 96 0 0
478 115 97 0 0
479 116 97 0 0
480 115 97 0 0
481 116 97 0 0
482 115 97 0 0
483 116 97 0 0
484 115 97 0 0
485 115 98 0 0
486 116 98 0 0
487 115 98 0 0
488 116 98 0 0
489 115 98 0 0
490 114 98 0 0
491 114 99 0 0
492 115 99 0 0
493 114 99 0 0
494 115 99 0 0
495 114 99 0 0
496 115 99 0 0
497 114 99 0 0
498 114 100 0 0
499 115 100 0 0
500 114 100 0 0
501 115 100 0 0
502 114 100 0 0
503 115 100 0 0
504 114 100 0 0
505 114 101 0 0
506 113 101 0 0
507 114 101 0 0
508 113 101 0 0
509 114 101 0 0
510 113 101 0 0
511 113 102 0 0
512 114 102 0 0
513 113 102 0 0
514 114 102 0 0
515 113 102 0 0
516 114 102 0 0
517 113 102 0 0
518 113 103 0 0
519 114 103 0 0
520 113 103 0 0
521 114 103 0 0
522 113 103 0 0
523 113 104 0 0
524 114 104 0 0
525 113 104 0 0
526 112 104 0 0
527 113 104 0 0
528 112 104 0 0
529 112 105 0 0
530 113 105 0 0
531 112 105 0 0
532 113 105 0 0
533 112 105 0 0
534 113 105 0 0
535 112 105 0 0
536 112 106 0 0
537 113 106 0 0
538 112 106 0 0
539 113 106 0 0
540 112 106 0 0
541 111 106 0 0
542 112 106 0 0
543 111 106 0 0
544 110 106 0 0
545 110 107 0 0
546 111 107 0 0
547 110 107 0 0
548 111 107 0 0
549 110 107 0 0
550 109 107 0 0
551 110 107 0 0
552 109 107 0 0
553 108 107 0 0
554 109 107 0 0
555 108 107 0 0
556 109 107 0 0
557 108 107 0 0
558 107 107 0 0
559 107 108 0 0
560 108 108 0 0
561 107 108 0 0
562 108 108 0 0
563 107 108 0 0
564 106 108 0 0
565 107 108 0 0
566 106 108 0 0
567 105 108 0 0
568 106 108 0 0
569 105 108 0 0
570 106 108 0 0
571 105 108 0 0
572 104 108 0 0
573 104 109 0 0
574 105 109 0 0
575 104 109 0 0
576 105 109 0 0
577 104 109 0 0
578 103 109 0 0
579 104 109 0 0
580 103 109 0 0
581 102 109 0 0
582 103 109 0 0
583 102 109 0 0
584 103 109 0 0
585 102 109 0 0
586 102 110 0 0
587 101 110 0 0
588 102 110 0 0
589 101 110 0 0
590 100 110 0 0
591 101 110 0 0
592 100 110 0 0
593 101 110 0 0
594 100 110 0 0
595 99 110 0 0
596 100 110 0 0
597 99 110 0 0
598 100 110 0 0
599 99 110 0 0
600 99 111 0 0
601 98 111 0 0
602 99 111 0 0
603 98 111 0 0
604 97 111 0 0
605 98 111 0 0
606 97 111 0 0
607 98 111 0 0
608 97 111 0 0
609 96 111 0 0
610 97 111 0 0
611 96 111 0 0
612 97 111 0 0
613 96 111 0 0
614 96 112 0 0
615 95 112 0 0
616 96 112 0 0
617 95 112 0 0
618 94 112 0 0
619 95 112 0 0
620 94 112 0 0
621 95 112 0 0
622 94 112 0 0
623 93 112 0 0
624 94 112 0 0
625 93 112 0 0
626 94 112 0 0
627 93 112 0 0
628 92 112 0 0
629 93 112 0 0
630 92 112 0 0
631 91 112 0 0
632 92 112 0 0
633 91 112 0 0
634 90 112 0 0
635 91 112 0 0
636 90 112 0 0
637 91 112 0 0
638 90 112 0 0
639 89 112 0 0
640 90 112 0 0
641 89 112 0 0
642 89 111 0 0
643 88 111 0 0
644 89 111 0 0
645 88 111 0 0
646 89 111 0 0
647 88 111 0 0
648 87 111 0 0
649 88 111 0 0
650 87 111 0 0
651 86 111 0 0
652 87 111 0 0
653 86 111 0 0
654 85 111 0 0
655 86 111 0 0
656 85 111 0 0
657 85 110 0 0
658 86 110 0 0
659 85 110 0 0
660 84 110 0 0
661 85 110 0 0
662 84 110 0 0
663 83 110 0 0
664 84 110 0 0
665 83 110 0 0
666 84 110 0 0
667 83 110 0 0
668 82 110 0 0
669 83 110 0 0
670 82 110 0 0
671 83 110 0 0
672 82 110 0 0
673 82 109 0 0
674 81 109 0 0
675 82 109 0 0
676 81 109 0 0
677 80 109 0 0
678 81 109 0 0
679 80 109 0 0
680 79 109 0 0
681 80 109 0 0
682 79 109 0 0
683 78 109 0 0
684 79 109 0 0
685 78 109 0 0
686 79 109 0 0
687 78 109 0 0
688 78 108 0 0
689 77 108 0 0
690 78 108 0 0
691 77 108 0 0
692 78 108 0 0
693 77 108 0 0
694 76 108 0 0
695 77 108 0 0
696 76 108 0 0
697 75 108 0 0
698 76 108 0 0
699 75 108 0 0
700 74 108 0 0
701 75 108 0 0
702 74 108 0 0
703 74 107 0 0
704 73 107 0 0
705 74 107 0 0
706 73 107 0 0
707 74 107 0 0
708 73 107 0 0
709 72 107 0 0
710 73 107 0 0
711 72 107 0 0
712 73 107 0 0
713 72 107 0 0
714 71 107 0 0
715 70 107 0 0
716 71 107 0 0
717 70 107 0 0
718 69 107 0 0
719 70 107 0 0
720 69 107 0 0
721 68 107 0 0
722 69 107 0 0
723 68 107 0 0
724 68 106 0 0
725 67 106 0 0
726 68 106 0 0
727 67 106 0 0
728 66 106 0 0
729 67 106 0 0
730 66 106 0 0
731 65 106 0 0
732 66 106 0 0
733 65 106 0 0
734 64 106 0 0
735 65 106 0 0
736 64 106 0 0
737 63 106 0 0
738 64 106 0 0
739 63 106 0 0
740 62 106 0 0
741 63 106 0 0
742 62 106 0 0
743 61 106 0 0
744 60 106 0 0
745 61 106 0 0
746 60 106 0 0
747 61 106 0 0
748 60 106 0 0
749 59 106 0 0
750 59 105 0 0
751 58 105 0 0
752 59 105 0 0
753 58 105 0 0
754 57 105 0 0
755 58 105 0 0
756 57 105 0 0
757 58 105 0 0
758 57 105 0 0
759 56 105 0 0
760 55 105 0 0
761 56 105 0 0
762 55 105 0 0
763 54 105 0 0
764 55 105 0 0
765 54 105 0 0
766 53 105 0 0
767 54 105 0 0
768 53 105 0 0
769 52 105 0 0
770 53 105 0 0
771 52 105 0 0
772 51 105 0 0
773 52 105 0 0
774 51 105 0 0
775 50 105 0 0
776 50 104 0 0
777 51 104 0 0
778 50 104 0 0
779 49 104 0 0
780 50 104 0 0
781 49 104 0 0
782 48 104 0 0
783 49 104 0 0
784 48 104 0 0
785 47 104 0 0
786 46 104 0 0
787 47 104 0 0
788 46 104 0 0
789 45 104 0 0
790 46 104 0 0
791 45 104 0 0
792 46 104 0 0
793 45 104 0 0
794 44 104 0 0
795 43 104 0 0
796 44 104 0 0
797 43 104 0 0
798 42 104 0 0
799 43 104 0 0
800 42 104 0 0
801 41 104 0 0
802 41 103 0 0
803 42 103 0 0
804 41 103 0 0
805 40 103 0 0
806 41 103 0 0
807 40 103 0 0
808 39 103 0 0
809 38 103 0 0
810 37 103 0 0
811 38 103 0 0
812 37 103 0 0
813 36 103 0 0
814 35 103 0 0
815 36 103 0 0
816 35 103 0 0
817 34 103 0 0
818 33 103 0 0
819 34 103 0 0
820 33 103 0 0
821 32 103 0 0
822 31 103 0 0
823 30 103 0 0
824 31 103 0 0
825 30 103 0 0
826 29 103 0 0
827 28 103 0 0
828 29 103 0 0
829 28 103 0 0
830 27 103 0 0
831 26 103 0 0
832 27 103 0 0
833 26 103 0 0
834 25 103 0 0
835 24 103 0 0
836 25 103 0 0
837 24 103 0 0
838 23 103 0 0
839 23 102 0 0
840 22 102 0 0
841 23 102 0 0
842 22 102 0 0
843 21 102 0 0
844 20 102 0 0
845 21 102 0 0
846 20 102 0 0
847 19 102 0 0
848 18 102 0 0
849 17 102 0 0
850 18 102 0 0
851 17 102 0 0
852 16 102 0 0
853 15 102 0 0
854 16 102 0 0
855 15 102 0 0
856 14 102 0 0
857 13 102 0 0
858 14 102 0 0
859 13 102 0 0
860 12 102 0 0
861 11 102 0 0
862 12 102 0 0
863 11 102 0 0
864 10 102 0 0
865 9 102 0 0
866 10 102 0 0
867 9 102 0 0
868 8 102 0 0
869 7 102 0 0
870 8 102 0 0
871 7 102 0 0
872 6 102 0 0
873 5 102 0 0
874 6 102 0 0
875 5 102 0 0
876 4 102 0 0
877 3 102 0 0
878 4 102 0 0
879 3 102 0 0
