0 101 4 0 0
1 101 5 0 0
2 101 6 0 0
3 101 7 0 0
4 101 8 0 0
5 101 9 0 0
6 101 10 0 0
7 101 11 0 0
8 100 11 0 0
9 100 12 0 0
10 100 13 0 0
11 100 14 0 0
12 100 15 0 0
13 100 16 0 0
14 100 17 0 0
15 100 18 0 0
16 100 19 0 0
17 100 20 0 0
18 100 21 0 0
19 100 22 0 0
20 100 23 0 0
21 100 24 0 0
22 100 25 0 0
23 100 26 0 0
24 100 27 0 0
25 100 28 0 0
26 100 29 0 0
27 100 30 0 0
28 100 31 0 0
29 100 32 0 0
30 100 33 0 0
31 100 34 0 0
32 100 35 0 0
33 100 36 0 0
34 100 37 0 0
35 100 38 0 0
36 100 39 0 0
37 100 40 0 0
38 100 41 0 0
39 101 41 0 0
40 101 42 0 0
41 101 43 0 0
42 101 44 0 0
43 101 45 0 0
44 101 46 0 0
45 101 47 0 0
46 101 48 0 0
47 101 49 0 0
48 101 50 0 0
49 101 51 0 0
50 101 52 0 0
51 101 53 0 0
52 101 54 0 0
53 101 55 0 0
54 101 56 0 0
55 102 56 0 0
56 102 57 0 0
57 102 58 0 0
58 103 58 0 0
59 103 59 0 0
60 103 60 0 0
61 104 60 0 0
62 104 61 0 0
63 104 62 0 0
64 105 62 0 0
65 105 63 0 0
66 105 64 0 0
67 105 65 0 0
68 106 65 0 0
69 106 66 0 0
70 107 66 0 0
71 107 67 0 0
72 107 68 0 0
73 108 68 0 0
74 108 69 0 0
75 108 70 0 0
76 109 70 0 0
77 109 71 0 0
78 109 72 0 0
79 110 72 0 0
80 110 73 0 0
81 110 74 0 0
82 111 74 0 0
83 111 75 0 0
84 111 76 0 0
85 112 76 0 0
86 112 77 0 0
87 112 78 0 0
88 113 78 0 0
89 113 79 0 0
90 114 79 0 0
91 114 80 0 0
92 114 81 0 0
93 115 81 0 0
94 115 82 0 0
95 115 83 0 0
96 116 83 0 0
97 116 84 0 0
98 116 85 0 0
99 117 85 0 0
100 117 86 0 0
101 117 87 0 0
102 118 87 0 0
103 118 88 0 0
104 118 89 0 0
105 119 89 0 0
106 119 90 0 0
107 120 90 0 0
108 120 91 0 0
109 120 92 0 0
110 121 92 0 0
111 121 93 0 0
112 121 94 0 0
113 122 94 0 0
114 122 95 0 0
115 122 96 0 0
116 123 96 0 0
117 123 97 0 0
118 123 98 0 0
119 124 98 0 0
120 124 99 0 0
121 124 100 0 0
122 124 101 0 0
123 124 102 0 0
124 124 103 0 0
125 123 103 0 0
126 123 104 0 0
127 123 105 0 0
128 123 106 0 0
129 123 107 0 0
130 123 108 0 0
131 123 109 0 0
132 123 110 0 0
133 123 111 0 0
134 123 112 0 0
135 123 113 0 0
136 123 114 0 0
137 122 114 0 0
138 122 115 0 0
139 122 116 0 0
140 122 117 0 0
141 121 117 0 0
142 121 118 0 0
143 120 118 0 0
144 120 119 0 0
145 120 120 0 0
146 119 120 0 0
147 119 121 0 0
148 119 122 0 0
149 118 122 0 0
150 118 123 0 0
151 118 124 0 0
152 118 125 0 0
153 117 125 0 0
154 117 126 0 0
155 117 127 0 0
156 116 127 0 0
157 116 128 0 0
158 116 129 0 0
159 115 129 0 0
160 115 130 0 0
161 115 131 0 0
162 114 131 0 0
163 114 132 0 0
164 114 133 0 0
165 114 134 0 0
166 113 134 0 0
167 113 135 0 0
168 113 136 0 0
169 113 137 0 0
170 113 138 0 0
171 113 139 0 0
172 113 140 0 0
173 113 141 0 0
174 113 142 0 0
175 113 143 0 0
176 113 144 0 0
177 113 145 0 0
178 113 146 0 0
179 113 147 0 0
180 113 148 0 0
181 112 148 0 0
182 112 149 0 0
183 112 150 0 0
184 112 151 0 0
185 112 152 0 0
186 112 153 0 0
187 112 154 0 0
188 112 155 0 0
189 112 156 0 0
190 112 157 0 0
191 112 158 0 0
192 112 159 0 0
193 113 159 0 0
194 113 160 0 0
195 113 161 0 0
196 114 161 0 0
197 114 162 0 0
198 114 163 0 0
199 114 164 0 0
200 114 165 0 0
201 115 165 0 0
202 115 166 0 0
203 115 167 0 0
204 115 168 0 0
205 116 168 0 0
206 116 169 0 0
207 116 170 0 0
208 116 171 0 0
209 117 171 0 0
210 117 172 0 0
211 117 173 0 0
212 117 174 0 0
213 117 175 0 0
214 118 175 0 0
215 118 176 0 0
216 118 177 0 0
217 118 178 0 0
218 119 178 0 0
219 119 179 0 0
220 119 180 0 0
221 119 181 0 0
222 119 182 0 0
223 120 182 0 0
224 120 183 0 0
225 120 184 0 0
226 120 185 0 0
227 121 185 0 0
228 121 186 0 0
229 121 187 0 0
230 121 188 0 0
231 121 189 0 0
232 122 189 0 0
233 122 190 0 0
234 122 191 0 0
235 122 192 0 0
236 122 193 0 0
237 123 193 0 0
238 123 194 0 0
239 123 195 0 0
240 123 196 0 0
241 124 196 0 0
242 124 197 0 0
243 124 198 0 0
244 124 199 0 0
245 124 200 0 0
246 124 201 0 0
247 124 202 0 0
248 124 203 0 0
249 124 204 0 0
250 124 205 0 0
251 125 205 0 0
252 125 206 0 0
253 125 207 0 0
254 125 208 0 0
255 125 209 0 0
256 125 210 0 0
257 125 211 0 0
258 125 212 0 0
259 125 213 0 0
260 125 214 0 0
261 125 215 0 0
262 125 216 0 0
263 126 216 0 0
264 126 217 0 0
265 126 218 0 0
266 126 219 0 0
267 126 220 0 0
268 126 221 0 0
269 126 222 0 0
270 126 223 0 0
271 126 224 0 0
272 126 225 0 0
273 126 226 0 0
274 126 227 0 0
275 126 228 0 0
276 126 229 0 0
277 126 230 0 0
278 126 231 0 0
279 126 232 0 0
280 126 233 0 0
281 126 234 0 0
282 126 235 0 0
