0 195 106 0 0
1 194 106 0 0
2 195 106 0 0
3 194 106 0 0
4 195 106 0 0
5 194 106 0 0
6 193 106 0 0
7 194 106 0 0
8 193 106 0 0
9 192 106 0 0
10 193 106 0 0
11 192 106 0 0
12 193 106 0 0
13 192 106 0 0
14 191 106 0 0
15 191 105 0 0
16 192 105 0 0
17 191 105 0 0
18 192 105 0 0
19 191 105 0 0
20 190 105 0 0
21 191 105 0 0
22 190 105 0 0
23 189 105 0 0
24 190 105 0 0
25 189 105 0 0
26 190 105 0 0
27 189 105 0 0
28 188 105 0 0
29 189 105 0 0
30 188 105 0 0
31 187 105 0 0
32 188 105 0 0
33 187 105 0 0
34 188 105 0 0
35 187 105 0 0
36 186 105 0 0
37 187 105 0 0
38 186 105 0 0
39 187 105 0 0
40 186 105 0 0
41 185 105 0 0
42 186 105 0 0
43 185 105 0 0
44 184 105 0 0
45 185 105 0 0
46 184 105 0 0
47 185 105 0 0
48 184 105 0 0
49 183 105 0 0
50 184 105 0 0
51 183 105 0 0
52 182 105 0 0
53 183 105 0 0
54 182 105 0 0
55 183 105 0 0
56 182 105 0 0
57 181 105 0 0
58 182 105 0 0
59 181 105 0 0
60 182 105 0 0
61 181 105 0 0
62 180 105 0 0
63 181 105 0 0
64 180 105 0 0
65 179 105 0 0
66 180 105 0 0
67 179 105 0 0
68 180 105 0 0
69 179 105 0 0
70 178 105 0 0
71 179 105 0 0
72 178 105 0 0
73 177 105 0 0
74 178 105 0 0
75 177 105 0 0
76 178 105 0 0
77 177 105 0 0
78 176 105 0 0
79 177 105 0 0
80 176 105 0 0
81 176 104 0 0
82 175 104 0 0
83 176 104 0 0
84 175 104 0 0
85 176 104 0 0
86 175 104 0 0
87 174 104 0 0
88 175 104 0 0
89 174 104 0 0
90 175 104 0 0
91 174 104 0 0
92 173 104 0 0
93 174 104 0 0
94 173 104 0 0
95 172 104 0 0
96 173 104 0 0
97 172 104 0 0
98 173 104 0 0
99 172 104 0 0
100 171 104 0 0
101 172 104 0 0
102 171 104 0 0
103 170 104 0 0
104 171 104 0 0
105 170 104 0 0
106 171 104 0 0
107 170 104 0 0
108 169 104 0 0
109 170 104 0 0
110 169 104 0 0
111 170 104 0 0
112 169 104 0 0
113 168 104 0 0
114 169 104 0 0
115 168 104 0 0
116 167 104 0 0
117 168 104 0 0
118 167 104 0 0
119 168 104 0 0
120 167 104 0 0
121 166 104 0 0
122 167 104 0 0
123 166 104 0 0
124 167 104 0 0
125 166 104 0 0
126 165 104 0 0
127 166 104 0 0
128 165 104 0 0
129 166 104 0 0
130 165 104 0 0
131 164 104 0 0
132 165 104 0 0
133 164 104 0 0
134 163 104 0 0
135 164 104 0 0
136 163 104 0 0
137 164 104 0 0
138 163 104 0 0
139 162 104 0 0
140 163 104 0 0
141 162 104 0 0
142 163 104 0 0
143 162 104 0 0
144 161 104 0 0
145 162 104 0 0
146 161 104 0 0
147 160 104 0 0
148 161 104 0 0
149 160 104 0 0
150 161 104 0 0
151 160 104 0 0
152 159 104 0 0
153 160 104 0 0
154 159 104 0 0
155 158 104 0 0
156 159 104 0 0
157 158 104 0 0
158 159 104 0 0
159 158 104 0 0
160 157 104 0 0
161 158 104 0 0
162 157 104 0 0
163 156 104 0 0
164 157 104 0 0
165 156 104 0 0
166 157 104 0 0
167 156 104 0 0
168 155 104 0 0
169 156 104 0 0
170 155 104 0 0
171 156 104 0 0
172 155 104 0 0
173 154 104 0 0
174 155 104 0 0
175 154 104 0 0
176 153 104 0 0
177 154 104 0 0
178 153 104 0 0
179 154 104 0 0
180 153 104 0 0
181 152 104 0 0
182 153 104 0 0
183 152 104 0 0
184 151 104 0 0
185 152 104 0 0
186 151 104 0 0
187 152 104 0 0
188 151 104 0 0
189 150 104 0 0
190 151 104 0 0
191 150 104 0 0
192 151 104 0 0
193 150 104 0 0
194 149 104 0 0
195 150 104 0 0
196 149 104 0 0
197 150 104 0 0
198 149 104 0 0
199 148 104 0 0
200 149 104 0 0
201 148 104 0 0
202 147 104 0 0
203 148 104 0 0
204 147 104 0 0
205 148 104 0 0
206 147 104 0 0
207 146 104 0 0
208 147 104 0 0
209 146 104 0 0
210 147 104 0 0
211 146 104 0 0
212 145 104 0 0
213 146 104 0 0
214 145 104 0 0
215 144 104 0 0
216 145 104 0 0
217 144 104 0 0
218 145 104 0 0
219 144 104 0 0
220 143 104 0 0
221 144 104 0 0
222 143 104 0 0
223 142 104 0 0
224 143 104 0 0
225 142 104 0 0
226 143 104 0 0
227 142 104 0 0
228 141 104 0 0
229 142 104 0 0
230 141 104 0 0
231 142 104 0 0
232 141 104 0 0
233 140 104 0 0
234 141 104 0 0
235 140 104 0 0
236 139 104 0 0
237 140 104 0 0
238 139 104 0 0
239 140 104 0 0
240 139 104 0 0
241 138 104 0 0
242 139 104 0 0
243 138 104 0 0
244 137 104 0 0
245 138 104 0 0
246 137 104 0 0
247 138 104 0 0
248 137 104 0 0
249 136 104 0 0
250 137 104 0 0
251 136 104 0 0
252 137 104 0 0
253 136 104 0 0
254 135 104 0 0
255 136 104 0 0
256 135 104 0 0
257 134 104 0 0
258 135 104 0 0
259 134 104 0 0
260 135 104 0 0
261 134 104 0 0
262 133 104 0 0
263 134 104 0 0
264 133 104 0 0
265 134 104 0 0
266 133 104 0 0
267 132 104 0 0
268 133 104 0 0
269 132 104 0 0
270 131 104 0 0
271 132 104 0 0
272 131 104 0 0
273 132 104 0 0
274 131 104 0 0
275 130 104 0 0
276 131 104 0 0
277 130 104 0 0
278 131 104 0 0
279 130 104 0 0
280 129 104 0 0
281 130 104 0 0
282 129 104 0 0
283 130 104 0 0
284 129 104 0 0
285 128 104 0 0
286 129 104 0 0
287 128 104 0 0
288 127 104 0 0
289 128 104 0 0
290 127 104 0 0
291 128 104 0 0
292 127 104 0 0
293 126 104 0 0
294 127 104 0 0
295 126 104 0 0
296 127 104 0 0
297 126 104 0 0
298 127 104 0 0
299 126 104 0 0
300 126 105 0 0
301 125 105 0 0
302 126 105 0 0
303 125 105 0 0
304 124 105 0 0
305 125 105 0 0
306 124 105 0 0
307 125 105 0 0
308 124 105 0 0
309 125 105 0 0
310 124 105 0 0
311 123 105 0 0
312 124 105 0 0
313 123 105 0 0
314 122 105 0 0
315 123 105 0 0
316 122 105 0 0
317 123 105 0 0
318 122 105 0 0
319 123 105 0 0
320 122 105 0 0
321 121 105 0 0
322 122 105 0 0
323 121 105 0 0
324 122 105 0 0
325 121 105 0 0
326 120 105 0 0
327 121 105 0 0
328 120 105 0 0
329 119 105 0 0
330 120 105 0 0
331 119 105 0 0
332 120 105 0 0
333 119 105 0 0
334 119 106 0 0
335 120 106 0 0
336 119 106 0 0
337 118 106 0 0
338 119 106 0 0
339 118 106 0 0
340 117 106 0 0
341 118 106 0 0
342 117 106 0 0
343 118 106 0 0
344 117 106 0 0
345 118 106 0 0
346 117 106 0 0
347 116 106 0 0
348 117 106 0 0
349 116 106 0 0
350 115 106 0 0
351 116 106 0 0
352 115 106 0 0
353 116 106 0 0
354 115 106 0 0
355 116 106 0 0
356 115 106 0 0
357 114 106 0 0
358 115 106 0 0
359 114 106 0 0
360 115 106 0 0
361 114 106 0 0
362 113 106 0 0
363 114 106 0 0
364 113 106 0 0
365 114 106 0 0
366 113 106 0 0
367 112 106 0 0
368 112 107 0 0
369 113 107 0 0
370 112 107 0 0
371 113 107 0 0
372 112 107 0 0
373 111 107 0 0
374 112 107 0 0
375 111 107 0 0
376 112 107 0 0
377 111 107 0 0
378 110 107 0 0
379 111 107 0 0
380 110 107 0 0
381 111 107 0 0
382 110 107 0 0
383 109 107 0 0
384 110 107 0 0
385 109 107 0 0
386 110 107 0 0
387 109 107 0 0
388 110 107 0 0
389 109 107 0 0
390 108 107 0 0
391 109 107 0 0
392 108 107 0 0
393 109 107 0 0
394 108 107 0 0
395 107 107 0 0
396 108 107 0 0
397 107 107 0 0
398 108 107 0 0
399 107 107 0 0
400 106 107 0 0
401 107 107 0 0
402 106 107 0 0
403 107 107 0 0
404 106 107 0 0
405 107 107 0 0
406 106 107 0 0
407 105 107 0 0
408 106 107 0 0
409 105 107 0 0
410 106 107 0 0
411 105 107 0 0
412 104 107 0 0
413 105 107 0 0
414 104 107 0 0
415 105 107 0 0
416 104 107 0 0
417 104 106 0 0
418 105 106 0 0
419 104 106 0 0
420 103 106 0 0
421 104 106 0 0
422 103 106 0 0
423 104 106 0 0
424 103 106 0 0
425 102 106 0 0
426 103 106 0 0
427 102 106 0 0
428 103 106 0 0
429 102 106 0 0
430 101 106 0 0
431 102 106 0 0
432 101 106 0 0
433 102 106 0 0
434 101 106 0 0
435 102 106 0 0
436 101 106 0 0
437 100 106 0 0
438 101 106 0 0
439 100 106 0 0
440 101 106 0 0
441 100 106 0 0
442 99 106 0 0
443 100 106 0 0
444 99 106 0 0
445 99 105 0 0
446 100 105 0 0
447 99 105 0 0
448 98 105 0 0
449 99 105 0 0
450 98 105 0 0
451 99 105 0 0
452 98 105 0 0
453 99 105 0 0
454 98 105 0 0
455 98 104 0 0
456 97 104 0 0
457 98 104 0 0
458 97 104 0 0
459 98 104 0 0
460 97 104 0 0
461 96 104 0 0
462 97 104 0 0
463 96 104 0 0
464 96 103 0 0
465 97 103 0 0
466 96 103 0 0
467 97 103 0 0
468 96 103 0 0
469 95 103 0 0
470 96 103 0 0
471 95 103 0 0
472 96 103 0 0
473 95 103 0 0
474 95 102 0 0
475 96 102 0 0
476 95 102 0 0
477 94 102 0 0
478 95 102 0 0
479 94 102 0 0
480 95 102 0 0
481 94 102 0 0
482 93 102 0 0
483 93 101 0 0
484 94 101 0 0
485 93 101 0 0
486 94 101 0 0
487 93 101 0 0
488 94 101 0 0
489 93 101 0 0
490 92 101 0 0
491 92 100 0 0
492 93 100 0 0
493 92 100 0 0
494 93 100 0 0
495 92 100 0 0
496 93 100 0 0
497 92 100 0 0
498 92 99 0 0
499 93 99 0 0
500 92 99 0 0
501 93 99 0 0
502 92 99 0 0
503 92 98 0 0
504 93 98 0 0
505 92 98 0 0
506 93 98 0 0
507 92 98 0 0
508 93 98 0 0
509 92 98 0 0
510 92 97 0 0
511 91 97 0 0
512 92 97 0 0
513 91 97 0 0
514 92 97 0 0
515 91 97 0 0
516 91 96 0 0
517 92 96 0 0
518 91 96 0 0
519 92 96 0 0
520 91 96 0 0
521 91 95 0 0
522 92 95 0 0
523 91 95 0 0
524 92 95 0 0
525 91 95 0 0
526 90 95 0 0
527 90 94 0 0
528 91 94 0 0
529 90 94 0 0
530 91 94 0 0
531 90 94 0 0
532 91 94 0 0
533 90 94 0 0
534 90 93 0 0
535 91 93 0 0
536 90 93 0 0
537 91 93 0 0
538 90 93 0 0
539 90 92 0 0
540 91 92 0 0
541 90 92 0 0
542 91 92 0 0
543 90 92 0 0
544 91 92 0 0
545 90 92 0 0
546 91 92 0 0
547 90 92 0 0
548 90 91 0 0
549 91 91 0 0
550 90 91 0 0
551 91 91 0 0
552 90 91 0 0
553 91 91 0 0
554 90 91 0 0
555 90 90 0 0
556 91 90 0 0
557 90 90 0 0
558 91 90 0 0
559 90 90 0 0
560 91 90 0 0
561 90 90 0 0
562 90 89 0 0
563 91 89 0 0
564 90 89 0 0
565 91 89 0 0
566 90 89 0 0
567 91 89 0 0
568 90 89 0 0
569 90 88 0 0
570 91 88 0 0
571 90 88 0 0
572 91 88 0 0
573 90 88 0 0
574 91 88 0 0
575 90 88 0 0
576 90 87 0 0
577 91 87 0 0
578 90 87 0 0
579 91 87 0 0
580 90 87 0 0
581 91 87 0 0
582 90 87 0 0
583 91 87 0 0
584 90 87 0 0
585 90 86 0 0
586 91 86 0 0
587 90 86 0 0
588 91 86 0 0
589 90 86 0 0
590 91 86 0 0
591 90 86 0 0
592 90 85 0 0
593 91 85 0 0
594 90 85 0 0
595 91 85 0 0
596 90 85 0 0
597 90 84 0 0
598 91 84 0 0
599 90 84 0 0
600 91 84 0 0
601 91 83 0 0
602 92 83 0 0
603 91 83 0 0
604 92 83 0 0
605 91 83 0 0
606 91 82 0 0
607 92 82 0 0
608 91 82 0 0
609 92 82 0 0
610 92 81 0 0
611 93 81 0 0
612 92 81 0 0
613 93 81 0 0
614 92 81 0 0
615 92 80 0 0
616 93 80 0 0
617 92 80 0 0
618 93 80 0 0
619 92 80 0 0
620 92 79 0 0
621 93 79 0 0
622 92 79 0 0
623 93 79 0 0
624 93 78 0 0
625 94 78 0 0
626 93 78 0 0
627 94 78 0 0
628 93 78 0 0
629 93 77 0 0
630 94 77 0 0
631 93 77 0 0
632 94 77 0 0
633 93 77 0 0
634 93 76 0 0
635 94 76 0 0
636 95 76 0 0
637 94 76 0 0
638 94 75 0 0
639 95 75 0 0
640 94 75 0 0
641 95 75 0 0
642 94 75 0 0
643 94 74 0 0
644 95 74 0 0
645 96 74 0 0
646 95 74 0 0
647 96 74 0 0
648 95 74 0 0
649 95 73 0 0
650 96 73 0 0
651 95 73 0 0
652 96 73 0 0
653 95 73 0 0
654 95 72 0 0
655 96 72 0 0
656 95 72 0 0
657 96 72 0 0
658 95 72 0 0
659 95 71 0 0
660 96 71 0 0
661 95 71 0 0
662 96 71 0 0
663 95 71 0 0
664 95 70 0 0
665 96 70 0 0
666 95 70 0 0
667 96 70 0 0
668 95 70 0 0
669 96 70 0 0
670 95 70 0 0
671 95 69 0 0
672 96 69 0 0
673 95 69 0 0
674 96 69 0 0
675 95 69 0 0
676 95 68 0 0
677 96 68 0 0
678 95 68 0 0
679 96 68 0 0
680 95 68 0 0
681 95 67 0 0
682 96 67 0 0
683 95 67 0 0
684 96 67 0 0
685 95 67 0 0
686 95 66 0 0
687 96 66 0 0
688 95 66 0 0
689 96 66 0 0
690 95 66 0 0
691 96 66 0 0
692 95 66 0 0
693 95 65 0 0
694 96 65 0 0
695 95 65 0 0
696 96 65 0 0
697 96 64 0 0
698 97 64 0 0
699 96 64 0 0
700 97 64 0 0
701 96 64 0 0
702 96 63 0 0
703 97 63 0 0
704 96 63 0 0
705 97 63 0 0
706 96 63 0 0
707 96 62 0 0
708 97 62 0 0
709 96 62 0 0
710 97 62 0 0
711 96 62 0 0
712 96 61 0 0
713 97 61 0 0
714 96 61 0 0
715 97 61 0 0
716 96 61 0 0
717 96 60 0 0
718 97 60 0 0
719 96 60 0 0
720 97 60 0 0
721 96 60 0 0
722 96 59 0 0
723 97 59 0 0
724 96 59 0 0
725 97 59 0 0
726 96 59 0 0
727 96 58 0 0
728 97 58 0 0
729 96 58 0 0
730 97 58 0 0
731 96 58 0 0
732 96 57 0 0
733 97 57 0 0
734 96 57 0 0
735 97 57 0 0
736 96 57 0 0
737 96 56 0 0
738 97 56 0 0
739 96 56 0 0
740 97 56 0 0
741 96 56 0 0
742 96 55 0 0
743 97 55 0 0
744 96 55 0 0
745 97 55 0 0
746 96 55 0 0
747 96 54 0 0
748 97 54 0 0
749 96 54 0 0
750 97 54 0 0
751 96 54 0 0
752 96 53 0 0
753 97 53 0 0
754 96 53 0 0
755 97 53 0 0
756 96 53 0 0
757 96 52 0 0
758 97 52 0 0
759 96 52 0 0
760 97 52 0 0
761 96 52 0 0
762 96 51 0 0
763 97 51 0 0
764 96 51 0 0
765 97 51 0 0
766 96 51 0 0
767 96 50 0 0
768 97 50 0 0
769 97 49 0 0
770 98 49 0 0
771 97 49 0 0
772 98 49 0 0
773 97 49 0 0
774 98 49 0 0
775 97 49 0 0
776 97 48 0 0
777 98 48 0 0
778 97 48 0 0
779 98 48 0 0
780 97 48 0 0
781 97 47 0 0
782 98 47 0 0
783 97 47 0 0
784 98 47 0 0
785 97 47 0 0
786 97 46 0 0
787 98 46 0 0
788 97 46 0 0
789 98 46 0 0
790 97 46 0 0
791 97 45 0 0
792 98 45 0 0
793 97 45 0 0
794 98 45 0 0
795 97 45 0 0
796 97 44 0 0
797 98 44 0 0
798 97 44 0 0
799 98 44 0 0
800 97 44 0 0
801 97 43 0 0
802 98 43 0 0
803 97 43 0 0
804 98 43 0 0
805 97 43 0 0
806 97 42 0 0
807 98 42 0 0
808 97 42 0 0
809 98 42 0 0
810 97 42 0 0
811 97 41 0 0
812 98 41 0 0
813 97 41 0 0
814 98 41 0 0
815 97 41 0 0
816 97 40 0 0
817 98 40 0 0
818 99 40 0 0
819 98 40 0 0
820 98 39 0 0
821 99 39 0 0
822 98 39 0 0
823 99 39 0 0
824 98 39 0 0
825 98 38 0 0
826 99 38 0 0
827 98 38 0 0
828 99 38 0 0
829 98 38 0 0
830 98 37 0 0
831 99 37 0 0
832 98 37 0 0
833 99 37 0 0
834 98 37 0 0
835 99 37 0 0
836 98 37 0 0
837 98 36 0 0
838 99 36 0 0
839 98 36 0 0
840 99 36 0 0
841 98 36 0 0
842 98 35 0 0
843 99 35 0 0
844 98 35 0 0
845 99 35 0 0
846 98 35 0 0
847 98 34 0 0
848 99 34 0 0
849 98 34 0 0
850 99 34 0 0
851 98 34 0 0
852 99 34 0 0
853 98 34 0 0
854 98 33 0 0
855 99 33 0 0
856 98 33 0 0
857 99 33 0 0
858 98 33 0 0
859 98 32 0 0
860 99 32 0 0
861 98 32 0 0
862 99 32 0 0
863 98 32 0 0
864 98 31 0 0
865 99 31 0 0
866 98 31 0 0
867 99 31 0 0
868 98 31 0 0
869 99 31 0 0
870 98 31 0 0
871 98 30 0 0
872 99 30 0 0
873 98 30 0 0
874 99 30 0 0
875 98 30 0 0
876 98 29 0 0
877 99 29 0 0
878 98 29 0 0
879 99 29 0 0
880 98 29 0 0
881 99 29 0 0
882 98 29 0 0
883 98 28 0 0
884 99 28 0 0
885 98 28 0 0
886 99 28 0 0
887 98 28 0 0
888 98 27 0 0
889 99 27 0 0
890 98 27 0 0
891 99 27 0 0
892 98 27 0 0
893 98 26 0 0
894 99 26 0 0
895 98 26 0 0
896 99 26 0 0
897 98 26 0 0
898 99 26 0 0
899 98 26 0 0
900 98 25 0 0
901 99 25 0 0
902 98 25 0 0
903 99 25 0 0
904 98 25 0 0
905 98 24 0 0
906 99 24 0 0
907 98 24 0 0
908 99 24 0 0
909 98 24 0 0
910 98 23 0 0
911 99 23 0 0
912 98 23 0 0
913 99 23 0 0
914 98 23 0 0
915 99 23 0 0
916 98 23 0 0
917 98 22 0 0
918 99 22 0 0
919 98 22 0 0
920 98 21 0 0
921 99 21 0 0
922 98 21 0 0
923 99 21 0 0
924 99 20 0 0
925 100 20 0 0
926 99 20 0 0
927 100 20 0 0
928 99 20 0 0
929 99 19 0 0
930 100 19 0 0
931 99 19 0 0
932 100 19 0 0
933 99 19 0 0
934 99 18 0 0
935 100 18 0 0
936 99 18 0 0
937 100 18 0 0
938 99 18 0 0
939 99 17 0 0
940 100 17 0 0
941 99 17 0 0
942 100 17 0 0
943 99 17 0 0
944 99 16 0 0
945 100 16 0 0
946 99 16 0 0
947 100 16 0 0
948 99 16 0 0
949 100 16 0 0
950 99 16 0 0
951 99 15 0 0
952 100 15 0 0
953 99 15 0 0
954 100 15 0 0
955 99 15 0 0
956 100 15 0 0
957 99 15 0 0
958 100 15 0 0
959 99 15 0 0
960 99 14 0 0
961 100 14 0 0
962 99 14 0 0
963 100 14 0 0
964 99 14 0 0
965 100 14 0 0
966 99 14 0 0
967 99 13 0 0
968 100 13 0 0
969 99 13 0 0
970 100 13 0 0
971 99 13 0 0
972 100 13 0 0
