0 1 87 0 0
1 2 87 0 0
2 3 87 0 0
3 2 87 0 0
4 3 87 0 0
5 4 87 0 0
6 3 87 0 0
7 4 87 0 0
8 5 87 0 0
9 4 87 0 0
10 5 87 0 0
11 6 87 0 0
12 5 87 0 0
13 6 87 0 0
14 7 87 0 0
15 8 87 0 0
16 7 87 0 0
17 8 87 0 0
18 9 87 0 0
19 8 87 0 0
20 9 87 0 0
21 8 87 0 0
22 8 88 0 0
23 9 88 0 0
24 10 88 0 0
25 11 88 0 0
26 10 88 0 0
27 11 88 0 0
28 12 88 0 0
29 11 88 0 0
30 12 88 0 0
31 13 88 0 0
32 12 88 0 0
33 12 89 0 0
34 13 89 0 0
35 14 89 0 0
36 13 89 0 0
37 14 89 0 0
38 15 89 0 0
39 14 89 0 0
40 15 89 0 0
41 16 89 0 0
42 15 89 0 0
43 16 89 0 0
44 17 89 0 0
45 16 89 0 0
46 17 89 0 0
47 18 89 0 0
48 17 89 0 0
49 18 89 0 0
50 19 89 0 0
51 18 89 0 0
52 19 89 0 0
53 20 89 0 0
54 19 89 0 0
55 20 89 0 0
56 21 89 0 0
57 20 89 0 0
58 21 89 0 0
59 22 89 0 0
60 21 89 0 0
61 22 89 0 0
62 23 89 0 0
63 22 89 0 0
64 23 89 0 0
65 24 89 0 0
66 23 89 0 0
67 24 89 0 0
68 25 89 0 0
69 24 89 0 0
70 24 90 0 0
71 25 90 0 0
72 24 90 0 0
73 25 90 0 0
74 26 90 0 0
75 25 90 0 0
76 26 90 0 0
77 27 90 0 0
78 26 90 0 0
79 27 90 0 0
80 28 90 0 0
81 27 90 0 0
82 28 90 0 0
83 27 90 0 0
84 28 90 0 0
85 29 90 0 0
86 28 90 0 0
87 29 90 0 0
88 28 90 0 0
89 29 90 0 0
90 30 90 0 0
91 29 90 0 0
92 30 90 0 0
93 31 90 0 0
94 30 90 0 0
95 31 90 0 0
96 32 90 0 0
97 31 90 0 0
98 32 90 0 0
99 31 90 0 0
100 32 90 0 0
101 33 90 0 0
102 32 90 0 0
103 33 90 0 0
104 34 90 0 0
105 33 90 0 0
106 34 90 0 0
107 35 90 0 0
108 34 90 0 0
109 35 90 0 0
110 36 90 0 0
111 35 90 0 0
112 36 90 0 0
113 37 90 0 0
114 36 90 0 0
115 37 90 0 0
116 38 90 0 0
117 37 90 0 0
118 38 90 0 0
119 39 90 0 0
120 38 90 0 0
121 39 90 0 0
122 40 90 0 0
123 39 90 0 0
124 40 90 0 0
125 41 90 0 0
126 40 90 0 0
127 41 90 0 0
128 40 90 0 0
129 41 90 0 0
130 42 90 0 0
131 43 90 0 0
132 42 90 0 0
133 43 90 0 0
134 42 90 0 0
135 43 90 0 0
136 44 90 0 0
137 43 90 0 0
138 44 90 0 0
139 45 90 0 0
140 44 90 0 0
141 45 90 0 0
142 46 90 0 0
143 45 90 0 0
144 46 90 0 0
145 45 90 0 0
146 46 90 0 0
147 47 90 0 0
148 46 90 0 0
149 47 90 0 0
150 48 90 0 0
151 47 90 0 0
152 48 90 0 0
153 48 91 0 0
154 49 91 0 0
155 48 91 0 0
156 49 91 0 0
157 48 91 0 0
158 49 91 0 0
159 50 91 0 0
160 49 91 0 0
161 50 91 0 0
162 51 91 0 0
163 50 91 0 0
164 51 91 0 0
165 52 91 0 0
166 51 91 0 0
167 52 91 0 0
168 51 91 0 0
169 52 91 0 0
170 52 92 0 0
171 53 92 0 0
172 52 92 0 0
173 53 92 0 0
174 54 92 0 0
175 53 92 0 0
176 54 92 0 0
177 55 92 0 0
178 54 92 0 0
179 55 92 0 0
180 54 92 0 0
181 55 92 0 0
182 56 92 0 0
183 55 92 0 0
184 55 91 0 0
185 56 91 0 0
186 55 91 0 0
187 56 91 0 0
188 55 91 0 0
189 56 91 0 0
190 57 91 0 0
191 56 91 0 0
192 57 91 0 0
193 56 91 0 0
194 57 91 0 0
195 58 91 0 0
196 57 91 0 0
197 58 91 0 0
198 57 91 0 0
199 57 90 0 0
200 58 90 0 0
201 59 90 0 0
202 58 90 0 0
203 59 90 0 0
204 58 90 0 0
205 59 90 0 0
206 60 90 0 0
207 59 90 0 0
208 60 90 0 0
209 59 90 0 0
210 60 90 0 0
211 60 89 0 0
212 61 89 0 0
213 60 89 0 0
214 60 90 0 0
215 61 90 0 0
216 60 90 0 0
217 61 90 0 0
218 62 90 0 0
219 61 90 0 0
220 62 90 0 0
221 63 90 0 0
222 62 90 0 0
223 63 90 0 0
224 62 90 0 0
225 63 90 0 0
226 64 90 0 0
227 63 90 0 0
228 64 90 0 0
229 63 90 0 0
230 64 90 0 0
231 65 90 0 0
232 64 90 0 0
233 64 91 0 0
234 65 91 0 0
235 66 91 0 0
236 65 91 0 0
237 66 91 0 0
238 65 91 0 0
239 66 91 0 0
240 67 91 0 0
241 66 91 0 0
242 67 91 0 0
243 68 91 0 0
244 67 91 0 0
245 68 91 0 0
246 67 91 0 0
247 68 91 0 0
248 68 90 0 0
249 69 90 0 0
250 68 90 0 0
251 69 90 0 0
252 70 90 0 0
253 69 90 0 0
254 70 90 0 0
255 71 90 0 0
256 70 90 0 0
257 71 90 0 0
258 70 90 0 0
259 70 89 0 0
260 71 89 0 0
261 72 89 0 0
262 71 89 0 0
263 72 89 0 0
264 71 89 0 0
265 72 89 0 0
266 73 89 0 0
267 72 89 0 0
268 73 89 0 0
269 73 88 0 0
270 74 88 0 0
271 73 88 0 0
272 74 88 0 0
273 75 88 0 0
274 74 88 0 0
275 75 88 0 0
276 76 88 0 0
277 75 88 0 0
278 76 88 0 0
279 75 88 0 0
280 75 87 0 0
281 76 87 0 0
282 75 87 0 0
283 76 87 0 0
284 77 87 0 0
285 76 87 0 0
286 77 87 0 0
287 76 87 0 0
288 77 87 0 0
289 77 86 0 0
290 78 86 0 0
291 77 86 0 0
292 78 86 0 0
293 77 86 0 0
294 78 86 0 0
295 79 86 0 0
296 78 86 0 0
297 79 86 0 0
298 78 86 0 0
299 79 86 0 0
300 78 86 0 0
301 78 85 0 0
302 79 85 0 0
303 80 85 0 0
304 79 85 0 0
305 80 85 0 0
306 81 85 0 0
307 80 85 0 0
308 81 85 0 0
309 80 85 0 0
310 80 84 0 0
311 81 84 0 0
312 80 84 0 0
313 81 84 0 0
314 82 84 0 0
315 81 84 0 0
316 82 84 0 0
317 81 84 0 0
318 82 84 0 0
319 82 83 0 0
320 83 83 0 0
321 82 83 0 0
322 83 83 0 0
323 82 83 0 0
324 83 83 0 0
325 82 83 0 0
326 83 83 0 0
327 84 83 0 0
328 83 83 0 0
329 84 83 0 0
330 83 83 0 0
331 83 82 0 0
332 84 82 0 0
333 83 82 0 0
334 84 82 0 0
335 85 82 0 0
336 84 82 0 0
337 85 82 0 0
338 84 82 0 0
339 85 82 0 0
340 85 81 0 0
341 86 81 0 0
342 85 81 0 0
343 86 81 0 0
344 85 81 0 0
345 86 81 0 0
346 85 81 0 0
347 86 81 0 0
348 87 81 0 0
349 86 81 0 0
350 86 80 0 0
351 87 80 0 0
352 86 80 0 0
353 87 80 0 0
354 88 80 0 0
355 87 80 0 0
356 88 80 0 0
357 87 80 0 0
358 88 80 0 0
359 87 80 0 0
360 87 79 0 0
361 88 79 0 0
362 89 79 0 0
363 88 79 0 0
364 89 79 0 0
365 88 79 0 0
366 89 79 0 0
367 88 79 0 0
368 89 79 0 0
369 90 79 0 0
370 89 79 0 0
371 89 78 0 0
372 90 78 0 0
373 89 78 0 0
374 90 78 0 0
375 91 78 0 0
376 90 78 0 0
377 91 78 0 0
378 90 78 0 0
379 91 78 0 0
380 90 78 0 0
381 91 78 0 0
382 91 77 0 0
383 92 77 0 0
384 91 77 0 0
385 92 77 0 0
386 91 77 0 0
387 92 77 0 0
388 93 77 0 0
389 92 77 0 0
390 93 77 0 0
391 92 77 0 0
392 93 77 0 0
393 93 76 0 0
394 94 76 0 0
395 93 76 0 0
396 94 76 0 0
397 93 76 0 0
398 94 76 0 0
399 93 76 0 0
400 94 76 0 0
401 95 76 0 0
402 94 76 0 0
403 95 76 0 0
404 94 76 0 0
405 94 75 0 0
406 95 75 0 0
407 96 75 0 0
408 95 75 0 0
409 96 75 0 0
410 95 75 0 0
411 96 75 0 0
412 97 75 0 0
413 96 75 0 0
414 97 75 0 0
415 96 75 0 0
416 97 75 0 0
417 96 75 0 0
418 97 75 0 0
419 98 75 0 0
420 97 75 0 0
421 98 75 0 0
422 99 75 0 0
423 98 75 0 0
424 99 75 0 0
425 98 75 0 0
426 99 75 0 0
427 98 75 0 0
428 99 75 0 0
429 100 75 0 0
430 99 75 0 0
431 100 75 0 0
432 99 75 0 0
433 100 75 0 0
434 101 75 0 0
435 100 75 0 0
436 101 75 0 0
437 100 75 0 0
438 101 75 0 0
439 102 75 0 0
440 101 75 0 0
441 102 75 0 0
442 101 75 0 0
443 102 75 0 0
444 102 74 0 0
445 103 74 0 0
446 102 74 0 0
447 102 75 0 0
448 103 75 0 0
449 102 75 0 0
450 103 75 0 0
451 104 75 0 0
452 103 75 0 0
453 104 75 0 0
454 103 75 0 0
455 104 75 0 0
456 105 75 0 0
457 104 75 0 0
458 105 75 0 0
459 104 75 0 0
460 105 75 0 0
461 106 75 0 0
462 105 75 0 0
463 106 75 0 0
464 105 75 0 0
465 106 75 0 0
466 107 75 0 0
467 106 75 0 0
468 107 75 0 0
469 106 75 0 0
470 107 75 0 0
471 108 75 0 0
472 107 75 0 0
473 108 75 0 0
474 107 75 0 0
475 108 75 0 0
476 109 75 0 0
477 108 75 0 0
478 109 75 0 0
479 108 75 0 0
480 109 75 0 0
481 110 75 0 0
482 109 75 0 0
483 110 75 0 0
484 109 75 0 0
485 110 75 0 0
486 109 75 0 0
487 110 75 0 0
488 110 76 0 0
489 111 76 0 0
490 110 76 0 0
491 111 76 0 0
492 110 76 0 0
493 111 76 0 0
494 110 76 0 0
495 111 76 0 0
496 112 76 0 0
497 111 76 0 0
498 112 76 0 0
499 111 76 0 0
500 112 76 0 0
501 111 76 0 0
502 111 77 0 0
503 112 77 0 0
504 113 77 0 0
505 112 77 0 0
506 113 77 0 0
507 112 77 0 0
508 113 77 0 0
509 114 77 0 0
510 113 77 0 0
511 114 77 0 0
512 113 77 0 0
513 114 77 0 0
514 113 77 0 0
515 113 78 0 0
516 114 78 0 0
517 115 78 0 0
518 114 78 0 0
519 115 78 0 0
520 114 78 0 0
521 115 78 0 0
522 116 78 0 0
523 115 78 0 0
524 116 78 0 0
525 115 78 0 0
526 116 78 0 0
527 115 78 0 0
528 115 79 0 0
529 116 79 0 0
530 115 79 0 0
531 116 79 0 0
532 117 79 0 0
533 116 79 0 0
534 117 79 0 0
535 116 79 0 0
536 117 79 0 0
537 116 79 0 0
538 116 80 0 0
539 117 80 0 0
540 116 80 0 0
541 117 80 0 0
542 118 80 0 0
543 117 80 0 0
544 118 80 0 0
545 117 80 0 0
546 118 80 0 0
547 117 80 0 0
548 117 81 0 0
549 118 81 0 0
550 119 81 0 0
551 118 81 0 0
552 119 81 0 0
553 118 81 0 0
554 119 81 0 0
555 118 81 0 0
556 119 81 0 0
557 118 81 0 0
558 119 81 0 0
559 119 82 0 0
560 120 82 0 0
561 119 82 0 0
562 120 82 0 0
563 119 82 0 0
564 120 82 0 0
565 119 82 0 0
566 120 82 0 0
567 121 82 0 0
568 120 82 0 0
569 120 83 0 0
570 121 83 0 0
571 120 83 0 0
572 121 83 0 0
573 120 83 0 0
574 121 83 0 0
575 120 83 0 0
576 121 83 0 0
577 120 83 0 0
578 121 83 0 0
579 122 83 0 0
580 121 83 0 0
581 121 84 0 0
582 122 84 0 0
583 121 84 0 0
584 122 84 0 0
585 123 84 0 0
586 122 84 0 0
587 123 84 0 0
588 122 84 0 0
589 123 84 0 0
590 122 84 0 0
591 123 84 0 0
592 122 84 0 0
593 123 84 0 0
594 123 85 0 0
595 124 85 0 0
596 123 85 0 0
597 124 85 0 0
598 123 85 0 0
599 124 85 0 0
600 123 85 0 0
601 124 85 0 0
602 125 85 0 0
603 124 85 0 0
604 125 85 0 0
605 124 85 0 0
606 125 85 0 0
607 124 85 0 0
608 125 85 0 0
609 125 86 0 0
610 126 86 0 0
611 125 86 0 0
612 126 86 0 0
613 125 86 0 0
614 126 86 0 0
615 125 86 0 0
616 126 86 0 0
617 127 86 0 0
618 126 86 0 0
619 127 86 0 0
620 126 86 0 0
621 127 86 0 0
622 126 86 0 0
623 127 86 0 0
624 127 87 0 0
625 128 87 0 0
626 127 87 0 0
627 128 87 0 0
628 127 87 0 0
629 128 87 0 0
630 127 87 0 0
631 128 87 0 0
632 129 87 0 0
633 128 87 0 0
634 129 87 0 0
635 128 87 0 0
636 129 87 0 0
637 128 87 0 0
638 129 87 0 0
639 129 88 0 0
640 130 88 0 0
641 129 88 0 0
642 130 88 0 0
643 129 88 0 0
644 130 88 0 0
645 131 88 0 0
646 130 88 0 0
647 131 88 0 0
648 130 88 0 0
649 131 88 0 0
650 132 88 0 0
651 131 88 0 0
652 132 88 0 0
653 131 88 0 0
654 132 88 0 0
655 133 88 0 0
656 132 88 0 0
657 132 89 0 0
658 133 89 0 0
659 132 89 0 0
660 133 89 0 0
661 134 89 0 0
662 133 89 0 0
663 134 89 0 0
664 133 89 0 0
665 134 89 0 0
666 135 89 0 0
667 134 89 0 0
668 135 89 0 0
669 134 89 0 0
670 135 89 0 0
671 136 89 0 0
672 135 89 0 0
673 136 89 0 0
674 135 89 0 0
675 135 90 0 0
676 136 90 0 0
677 137 90 0 0
678 136 90 0 0
679 137 90 0 0
680 136 90 0 0
681 137 90 0 0
682 138 90 0 0
683 137 90 0 0
684 138 90 0 0
685 137 90 0 0
686 138 90 0 0
687 139 90 0 0
688 138 90 0 0
689 139 90 0 0
690 138 90 0 0
691 139 90 0 0
692 139 91 0 0
693 140 91 0 0
694 139 91 0 0
695 140 91 0 0
696 139 91 0 0
697 140 91 0 0
698 141 91 0 0
699 140 91 0 0
700 141 91 0 0
701 140 91 0 0
702 141 91 0 0
703 142 91 0 0
704 141 91 0 0
705 142 91 0 0
706 141 91 0 0
707 142 91 0 0
708 143 91 0 0
709 142 91 0 0
710 143 91 0 0
711 142 91 0 0
712 143 91 0 0
713 142 91 0 0
714 143 91 0 0
715 144 91 0 0
716 143 91 0 0
717 143 92 0 0
718 144 92 0 0
719 143 92 0 0
720 144 92 0 0
721 145 92 0 0
722 144 92 0 0
723 145 92 0 0
724 144 92 0 0
725 145 92 0 0
726 146 92 0 0
727 145 92 0 0
728 146 92 0 0
729 145 92 0 0
730 146 92 0 0
731 145 92 0 0
732 146 92 0 0
733 147 92 0 0
734 146 92 0 0
735 147 92 0 0
736 146 92 0 0
737 147 92 0 0
738 148 92 0 0
739 147 92 0 0
740 148 92 0 0
741 149 92 0 0
742 148 92 0 0
743 148 93 0 0
744 149 93 0 0
745 148 93 0 0
746 149 93 0 0
747 150 93 0 0
748 149 93 0 0
749 150 93 0 0
750 151 93 0 0
751 150 93 0 0
752 151 93 0 0
753 150 93 0 0
754 151 93 0 0
755 152 93 0 0
756 151 93 0 0
757 152 93 0 0
758 153 93 0 0
759 152 93 0 0
760 152 94 0 0
761 153 94 0 0
762 152 94 0 0
763 153 94 0 0
764 154 94 0 0
765 153 94 0 0
766 154 94 0 0
767 153 94 0 0
768 154 94 0 0
769 155 94 0 0
770 154 94 0 0
771 155 94 0 0
772 154 94 0 0
773 155 94 0 0
774 156 94 0 0
775 155 94 0 0
776 156 94 0 0
777 155 94 0 0
778 156 94 0 0
779 157 94 0 0
780 156 94 0 0
781 157 94 0 0
782 156 94 0 0
783 157 94 0 0
784 158 94 0 0
785 157 94 0 0
786 158 94 0 0
787 159 94 0 0
788 158 94 0 0
789 159 94 0 0
790 158 94 0 0
791 159 94 0 0
792 160 94 0 0
793 159 94 0 0
794 160 94 0 0
795 159 94 0 0
796 160 94 0 0
797 159 94 0 0
798 160 94 0 0
799 161 94 0 0
800 160 94 0 0
801 161 94 0 0
802 162 94 0 0
803 161 94 0 0
804 162 94 0 0
805 161 94 0 0
806 162 94 0 0
807 163 94 0 0
808 162 94 0 0
809 163 94 0 0
810 162 94 0 0
811 163 94 0 0
812 164 94 0 0
813 163 94 0 0
814 164 94 0 0
815 163 94 0 0
816 164 94 0 0
817 164 93 0 0
818 165 93 0 0
819 164 93 0 0
820 164 94 0 0
821 165 94 0 0
822 164 94 0 0
823 165 94 0 0
824 166 94 0 0
825 165 94 0 0
826 166 94 0 0
827 165 94 0 0
828 166 94 0 0
829 167 94 0 0
830 166 94 0 0
831 167 94 0 0
832 166 94 0 0
833 167 94 0 0
834 168 94 0 0
835 167 94 0 0
836 168 94 0 0
837 169 94 0 0
838 168 94 0 0
839 169 94 0 0
840 168 94 0 0
841 169 94 0 0
842 170 94 0 0
843 169 94 0 0
844 170 94 0 0
845 169 94 0 0
846 170 94 0 0
847 171 94 0 0
848 170 94 0 0
849 171 94 0 0
850 170 94 0 0
851 171 94 0 0
852 172 94 0 0
853 171 94 0 0
854 171 95 0 0
855 172 95 0 0
856 173 95 0 0
857 172 95 0 0
858 173 95 0 0
859 172 95 0 0
860 173 95 0 0
861 174 95 0 0
862 173 95 0 0
863 174 95 0 0
864 173 95 0 0
865 174 95 0 0
866 175 95 0 0
867 174 95 0 0
868 175 95 0 0
869 176 95 0 0
870 175 95 0 0
871 176 95 0 0
872 175 95 0 0
873 176 95 0 0
874 175 95 0 0
875 176 95 0 0
876 177 95 0 0
877 176 95 0 0
878 177 95 0 0
879 178 95 0 0
880 177 95 0 0
881 178 95 0 0
882 177 95 0 0
883 178 95 0 0
884 179 95 0 0
885 178 95 0 0
886 179 95 0 0
887 178 95 0 0
888 179 95 0 0
889 180 95 0 0
890 179 95 0 0
891 180 95 0 0
892 179 95 0 0
893 180 95 0 0
894 181 95 0 0
895 180 95 0 0
896 181 95 0 0
897 180 95 0 0
898 181 95 0 0
899 180 95 0 0
900 181 95 0 0
901 182 95 0 0
902 181 95 0 0
903 182 95 0 0
904 181 95 0 0
905 182 95 0 0
906 183 95 0 0
907 182 95 0 0
908 183 95 0 0
909 182 95 0 0
910 183 95 0 0
911 182 95 0 0
912 183 95 0 0
913 184 95 0 0
914 183 95 0 0
915 184 95 0 0
916 183 95 0 0
917 184 95 0 0
918 183 95 0 0
919 184 95 0 0
920 185 95 0 0
921 184 95 0 0
922 185 95 0 0
923 184 95 0 0
924 185 95 0 0
925 186 95 0 0
926 185 95 0 0
927 186 95 0 0
928 185 95 0 0
929 186 95 0 0
930 185 95 0 0
931 186 95 0 0
932 187 95 0 0
933 186 95 0 0
934 187 95 0 0
935 186 95 0 0
936 187 95 0 0
937 188 95 0 0
938 187 95 0 0
939 188 95 0 0
940 187 95 0 0
941 188 95 0 0
942 189 95 0 0
943 188 95 0 0
944 189 95 0 0
945 188 95 0 0
946 189 95 0 0
947 188 95 0 0
948 189 95 0 0
949 190 95 0 0
950 189 95 0 0
951 190 95 0 0
952 189 95 0 0
953 190 95 0 0
954 191 95 0 0
955 190 95 0 0
956 191 95 0 0
957 190 95 0 0
958 191 95 0 0
959 192 95 0 0
960 191 95 0 0
961 192 95 0 0
962 191 95 0 0
963 192 95 0 0
964 191 95 0 0
965 192 95 0 0
966 193 95 0 0
967 192 95 0 0
968 193 95 0 0
969 192 95 0 0
970 193 95 0 0
971 192 95 0 0
972 193 95 0 0
973 194 95 0 0
974 193 95 0 0
975 194 95 0 0
976 193 95 0 0
977 194 95 0 0
978 195 95 0 0
979 194 95 0 0
980 195 95 0 0
981 194 95 0 0
982 195 95 0 0
983 194 95 0 0
984 195 95 0 0
