0 193 108 0 0
1 194 108 0 0
2 193 108 0 0
3 192 108 0 0
4 193 108 0 0
5 192 108 0 0
6 193 108 0 0
7 192 108 0 0
8 191 108 0 0
9 192 108 0 0
10 191 108 0 0
11 192 108 0 0
12 191 108 0 0
13 190 108 0 0
14 191 108 0 0
15 190 108 0 0
16 189 108 0 0
17 190 108 0 0
18 189 108 0 0
19 190 108 0 0
20 189 108 0 0
21 188 108 0 0
22 189 108 0 0
23 188 108 0 0
24 187 108 0 0
25 188 108 0 0
26 187 108 0 0
27 188 108 0 0
28 187 108 0 0
29 186 108 0 0
30 187 108 0 0
31 186 108 0 0
32 185 108 0 0
33 186 108 0 0
34 185 108 0 0
35 186 108 0 0
36 185 108 0 0
37 184 108 0 0
38 185 108 0 0
39 184 108 0 0
40 185 108 0 0
41 184 108 0 0
42 183 108 0 0
43 184 108 0 0
44 183 108 0 0
45 182 108 0 0
46 183 108 0 0
47 182 108 0 0
48 183 108 0 0
49 182 108 0 0
50 181 108 0 0
51 182 108 0 0
52 181 108 0 0
53 182 108 0 0
54 181 108 0 0
55 180 108 0 0
56 181 108 0 0
57 180 108 0 0
58 179 108 0 0
59 180 108 0 0
60 179 108 0 0
61 180 108 0 0
62 179 108 0 0
63 178 108 0 0
64 179 108 0 0
65 178 108 0 0
66 177 108 0 0
67 178 108 0 0
68 177 108 0 0
69 178 108 0 0
70 177 108 0 0
71 176 108 0 0
72 177 108 0 0
73 176 108 0 0
74 177 108 0 0
75 176 108 0 0
76 175 108 0 0
77 176 108 0 0
78 175 108 0 0
79 174 108 0 0
80 175 108 0 0
81 174 108 0 0
82 175 108 0 0
83 174 108 0 0
84 173 108 0 0
85 174 108 0 0
86 173 108 0 0
87 172 108 0 0
88 173 108 0 0
89 172 108 0 0
90 173 108 0 0
91 172 108 0 0
92 171 108 0 0
93 172 108 0 0
94 171 108 0 0
95 172 108 0 0
96 171 108 0 0
97 170 108 0 0
98 171 108 0 0
99 170 108 0 0
100 169 108 0 0
101 170 108 0 0
102 169 108 0 0
103 170 108 0 0
104 169 108 0 0
105 168 108 0 0
106 169 108 0 0
107 168 108 0 0
108 167 108 0 0
109 168 108 0 0
110 167 108 0 0
111 168 108 0 0
112 167 108 0 0
113 166 108 0 0
114 167 108 0 0
115 166 108 0 0
116 165 108 0 0
117 166 108 0 0
118 165 108 0 0
119 166 108 0 0
120 165 108 0 0
121 164 108 0 0
122 165 108 0 0
123 164 108 0 0
124 165 108 0 0
125 164 108 0 0
126 163 108 0 0
127 164 108 0 0
128 163 108 0 0
129 162 108 0 0
130 163 108 0 0
131 162 108 0 0
132 163 108 0 0
133 162 108 0 0
134 161 108 0 0
135 162 108 0 0
136 161 108 0 0
137 162 108 0 0
138 161 108 0 0
139 160 108 0 0
140 161 108 0 0
141 160 108 0 0
142 159 108 0 0
143 160 108 0 0
144 159 108 0 0
145 160 108 0 0
146 159 108 0 0
147 159 109 0 0
148 158 109 0 0
149 159 109 0 0
150 158 109 0 0
151 159 109 0 0
152 158 109 0 0
153 157 109 0 0
154 158 109 0 0
155 157 109 0 0
156 158 109 0 0
157 157 109 0 0
158 158 109 0 0
159 157 109 0 0
160 156 109 0 0
161 157 109 0 0
162 156 109 0 0
163 157 109 0 0
164 156 109 0 0
165 155 109 0 0
166 156 109 0 0
167 155 109 0 0
168 156 109 0 0
169 155 109 0 0
170 154 109 0 0
171 155 109 0 0
172 154 109 0 0
173 155 109 0 0
174 154 109 0 0
175 155 109 0 0
176 154 109 0 0
177 153 109 0 0
178 154 109 0 0
179 153 109 0 0
180 154 109 0 0
181 153 109 0 0
182 152 109 0 0
183 153 109 0 0
184 152 109 0 0
185 153 109 0 0
186 152 109 0 0
187 151 109 0 0
188 152 109 0 0
189 151 109 0 0
190 152 109 0 0
191 151 109 0 0
192 152 109 0 0
193 151 109 0 0
194 150 109 0 0
195 151 109 0 0
196 150 109 0 0
197 151 109 0 0
198 150 109 0 0
199 149 109 0 0
200 150 109 0 0
201 149 109 0 0
202 150 109 0 0
203 149 109 0 0
204 148 109 0 0
205 149 109 0 0
206 148 109 0 0
207 149 109 0 0
208 148 109 0 0
209 147 109 0 0
210 148 109 0 0
211 147 109 0 0
212 148 109 0 0
213 147 109 0 0
214 148 109 0 0
215 147 109 0 0
216 146 109 0 0
217 147 109 0 0
218 146 109 0 0
219 145 109 0 0
220 146 109 0 0
221 145 109 0 0
222 146 109 0 0
223 145 109 0 0
224 146 109 0 0
225 145 109 0 0
226 144 109 0 0
227 145 109 0 0
228 144 109 0 0
229 145 109 0 0
230 144 109 0 0
231 145 109 0 0
232 144 109 0 0
233 143 109 0 0
234 144 109 0 0
235 143 109 0 0
236 142 109 0 0
237 142 110 0 0
238 143 110 0 0
239 142 110 0 0
240 143 110 0 0
241 142 110 0 0
242 143 110 0 0
243 142 110 0 0
244 141 110 0 0
245 142 110 0 0
246 141 110 0 0
247 142 110 0 0
248 141 110 0 0
249 142 110 0 0
250 141 110 0 0
251 140 110 0 0
252 141 110 0 0
253 140 110 0 0
254 139 110 0 0
255 140 110 0 0
256 139 110 0 0
257 140 110 0 0
258 139 110 0 0
259 140 110 0 0
260 139 110 0 0
261 138 110 0 0
262 139 110 0 0
263 138 110 0 0
264 139 110 0 0
265 138 110 0 0
266 137 110 0 0
267 138 110 0 0
268 137 110 0 0
269 138 110 0 0
270 137 110 0 0
271 136 110 0 0
272 137 110 0 0
273 136 110 0 0
274 137 110 0 0
275 136 110 0 0
276 137 110 0 0
277 136 110 0 0
278 135 110 0 0
279 136 110 0 0
280 135 110 0 0
281 136 110 0 0
282 135 110 0 0
283 134 110 0 0
284 135 110 0 0
285 134 110 0 0
286 135 110 0 0
287 134 110 0 0
288 135 110 0 0
289 134 110 0 0
290 133 110 0 0
291 134 110 0 0
292 133 110 0 0
293 134 110 0 0
294 133 110 0 0
295 132 110 0 0
296 132 111 0 0
297 133 111 0 0
298 132 111 0 0
299 133 111 0 0
300 132 111 0 0
301 133 111 0 0
302 132 111 0 0
303 131 111 0 0
304 132 111 0 0
305 131 111 0 0
306 132 111 0 0
307 131 111 0 0
308 132 111 0 0
309 131 111 0 0
310 130 111 0 0
311 131 111 0 0
312 130 111 0 0
313 131 111 0 0
314 130 111 0 0
315 129 111 0 0
316 130 111 0 0
317 129 111 0 0
318 130 111 0 0
319 129 111 0 0
320 130 111 0 0
321 129 111 0 0
322 129 112 0 0
323 128 112 0 0
324 129 112 0 0
325 128 112 0 0
326 129 112 0 0
327 128 112 0 0
328 127 112 0 0
329 128 112 0 0
330 127 112 0 0
331 128 112 0 0
332 127 112 0 0
333 128 112 0 0
334 127 112 0 0
335 126 112 0 0
336 127 112 0 0
337 126 112 0 0
338 127 112 0 0
339 126 112 0 0
340 125 112 0 0
341 126 112 0 0
342 125 112 0 0
343 126 112 0 0
344 125 112 0 0
345 126 112 0 0
346 125 112 0 0
347 125 113 0 0
348 124 113 0 0
349 125 113 0 0
350 124 113 0 0
351 125 113 0 0
352 124 113 0 0
353 125 113 0 0
354 124 113 0 0
355 123 113 0 0
356 124 113 0 0
357 123 113 0 0
358 124 113 0 0
359 123 113 0 0
360 122 113 0 0
361 123 113 0 0
362 122 113 0 0
363 123 113 0 0
364 122 113 0 0
365 123 113 0 0
366 122 113 0 0
367 121 113 0 0
368 122 113 0 0
369 121 113 0 0
370 122 113 0 0
371 121 113 0 0
372 121 114 0 0
373 122 114 0 0
374 121 114 0 0
375 120 114 0 0
376 121 114 0 0
377 120 114 0 0
378 121 114 0 0
379 120 114 0 0
380 119 114 0 0
381 120 114 0 0
382 119 114 0 0
383 120 114 0 0
384 119 114 0 0
385 120 114 0 0
386 119 114 0 0
387 118 114 0 0
388 119 114 0 0
389 118 114 0 0
390 119 114 0 0
391 118 114 0 0
392 117 114 0 0
393 118 114 0 0
394 117 114 0 0
395 118 114 0 0
396 117 114 0 0
397 117 115 0 0
398 118 115 0 0
399 117 115 0 0
400 116 115 0 0
401 117 115 0 0
402 116 115 0 0
403 117 115 0 0
404 116 115 0 0
405 117 115 0 0
406 116 115 0 0
407 115 115 0 0
408 116 115 0 0
409 115 115 0 0
410 116 115 0 0
411 115 115 0 0
412 114 115 0 0
413 115 115 0 0
414 114 115 0 0
415 115 115 0 0
416 114 115 0 0
417 115 115 0 0
418 114 115 0 0
419 113 115 0 0
420 114 115 0 0
421 113 115 0 0
422 114 115 0 0
423 113 115 0 0
424 114 115 0 0
425 113 115 0 0
426 112 115 0 0
427 113 115 0 0
428 112 115 0 0
429 113 115 0 0
430 112 115 0 0
431 113 115 0 0
432 112 115 0 0
433 113 115 0 0
434 112 115 0 0
435 111 115 0 0
436 112 115 0 0
437 111 115 0 0
438 112 115 0 0
439 111 115 0 0
440 112 115 0 0
441 111 115 0 0
442 110 115 0 0
443 111 115 0 0
444 110 115 0 0
445 111 115 0 0
446 110 115 0 0
447 111 115 0 0
448 110 115 0 0
449 109 115 0 0
450 110 115 0 0
451 109 115 0 0
452 110 115 0 0
453 109 115 0 0
454 110 115 0 0
455 109 115 0 0
456 108 115 0 0
457 109 115 0 0
458 108 115 0 0
459 109 115 0 0
460 108 115 0 0
461 109 115 0 0
462 108 115 0 0
463 107 115 0 0
464 108 115 0 0
465 107 115 0 0
466 108 115 0 0
467 107 115 0 0
468 108 115 0 0
469 107 115 0 0
470 108 115 0 0
471 107 115 0 0
472 107 116 0 0
473 106 116 0 0
474 107 116 0 0
475 106 116 0 0
476 107 116 0 0
477 106 116 0 0
478 107 116 0 0
479 106 116 0 0
480 105 116 0 0
481 106 116 0 0
482 105 116 0 0
483 106 116 0 0
484 105 116 0 0
485 106 116 0 0
486 105 116 0 0
487 104 116 0 0
488 105 116 0 0
489 104 116 0 0
490 105 116 0 0
491 104 116 0 0
492 105 116 0 0
493 104 116 0 0
494 103 116 0 0
495 104 116 0 0
496 103 116 0 0
497 104 116 0 0
498 103 116 0 0
499 104 116 0 0
500 103 116 0 0
501 102 116 0 0
502 103 116 0 0
503 102 116 0 0
504 103 116 0 0
505 102 116 0 0
506 103 116 0 0
507 102 116 0 0
508 103 116 0 0
509 102 116 0 0
510 101 116 0 0
511 102 116 0 0
512 101 116 0 0
513 102 116 0 0
514 101 116 0 0
515 102 116 0 0
516 101 116 0 0
517 100 116 0 0
518 101 116 0 0
519 100 116 0 0
520 101 116 0 0
521 100 116 0 0
522 101 116 0 0
523 100 116 0 0
524 99 116 0 0
525 100 116 0 0
526 99 116 0 0
527 100 116 0 0
528 99 116 0 0
529 100 116 0 0
530 99 116 0 0
531 98 116 0 0
532 99 116 0 0
533 98 116 0 0
534 99 116 0 0
535 98 116 0 0
536 99 116 0 0
537 98 116 0 0
538 99 116 0 0
539 98 116 0 0
540 97 116 0 0
541 98 116 0 0
542 97 116 0 0
543 97 115 0 0
544 98 115 0 0
545 97 115 0 0
546 96 115 0 0
547 97 115 0 0
548 96 115 0 0
549 97 115 0 0
550 96 115 0 0
551 97 115 0 0
552 96 115 0 0
553 95 115 0 0
554 96 115 0 0
555 95 115 0 0
556 96 115 0 0
557 95 115 0 0
558 96 115 0 0
559 95 115 0 0
560 94 115 0 0
561 95 115 0 0
562 94 115 0 0
563 94 114 0 0
564 95 114 0 0
565 94 114 0 0
566 93 114 0 0
567 94 114 0 0
568 93 114 0 0
569 94 114 0 0
570 93 114 0 0
571 94 114 0 0
572 93 114 0 0
573 92 114 0 0
574 93 114 0 0
575 92 114 0 0
576 93 114 0 0
577 92 114 0 0
578 93 114 0 0
579 92 114 0 0
580 91 114 0 0
581 91 113 0 0
582 92 113 0 0
583 91 113 0 0
584 92 113 0 0
585 91 113 0 0
586 90 113 0 0
587 91 113 0 0
588 90 113 0 0
589 91 113 0 0
590 90 113 0 0
591 91 113 0 0
592 90 113 0 0
593 89 113 0 0
594 90 113 0 0
595 89 113 0 0
596 90 113 0 0
597 89 113 0 0
598 88 113 0 0
599 89 113 0 0
600 88 113 0 0
601 88 112 0 0
602 89 112 0 0
603 88 112 0 0
604 89 112 0 0
605 88 112 0 0
606 87 112 0 0
607 88 112 0 0
608 87 112 0 0
609 88 112 0 0
610 87 112 0 0
611 88 112 0 0
612 87 112 0 0
613 86 112 0 0
614 87 112 0 0
615 86 112 0 0
616 87 112 0 0
617 86 112 0 0
618 85 112 0 0
619 86 112 0 0
620 85 112 0 0
621 85 111 0 0
622 86 111 0 0
623 85 111 0 0
624 86 111 0 0
625 85 111 0 0
626 84 111 0 0
627 85 111 0 0
628 84 111 0 0
629 85 111 0 0
630 84 111 0 0
631 83 111 0 0
632 84 111 0 0
633 83 111 0 0
634 84 111 0 0
635 83 111 0 0
636 84 111 0 0
637 83 111 0 0
638 82 111 0 0
639 83 111 0 0
640 82 111 0 0
641 82 110 0 0
642 83 110 0 0
643 82 110 0 0
644 83 110 0 0
645 82 110 0 0
646 81 110 0 0
647 82 110 0 0
648 81 110 0 0
649 82 110 0 0
650 81 110 0 0
651 80 110 0 0
652 81 110 0 0
653 80 110 0 0
654 81 110 0 0
655 80 110 0 0
656 81 110 0 0
657 80 110 0 0
658 79 110 0 0
659 79 109 0 0
660 80 109 0 0
661 79 109 0 0
662 80 109 0 0
663 79 109 0 0
664 78 109 0 0
665 79 109 0 0
666 78 109 0 0
667 79 109 0 0
668 78 109 0 0
669 77 109 0 0
670 78 109 0 0
671 77 109 0 0
672 76 109 0 0
673 77 109 0 0
674 76 109 0 0
675 77 109 0 0
676 76 109 0 0
677 75 109 0 0
678 76 109 0 0
679 75 109 0 0
680 76 109 0 0
681 75 109 0 0
682 74 109 0 0
683 75 109 0 0
684 74 109 0 0
685 73 109 0 0
686 74 109 0 0
687 73 109 0 0
688 74 109 0 0
689 73 109 0 0
690 72 109 0 0
691 73 109 0 0
692 72 109 0 0
693 72 108 0 0
694 73 108 0 0
695 72 108 0 0
696 71 108 0 0
697 72 108 0 0
698 71 108 0 0
699 70 108 0 0
700 71 108 0 0
701 70 108 0 0
702 71 108 0 0
703 70 108 0 0
704 69 108 0 0
705 70 108 0 0
706 69 108 0 0
707 68 108 0 0
708 69 108 0 0
709 68 108 0 0
710 69 108 0 0
711 68 108 0 0
712 67 108 0 0
713 68 108 0 0
714 67 108 0 0
715 66 108 0 0
716 67 108 0 0
717 66 108 0 0
718 67 108 0 0
719 66 108 0 0
720 65 108 0 0
721 66 108 0 0
722 65 108 0 0
723 64 108 0 0
724 65 108 0 0
725 64 108 0 0
726 64 107 0 0
727 65 107 0 0
728 64 107 0 0
729 63 107 0 0
730 64 107 0 0
731 63 107 0 0
732 62 107 0 0
733 63 107 0 0
734 62 107 0 0
735 63 107 0 0
736 62 107 0 0
737 61 107 0 0
738 62 107 0 0
739 61 107 0 0
740 60 107 0 0
741 61 107 0 0
742 60 107 0 0
743 61 107 0 0
744 60 107 0 0
745 59 107 0 0
746 60 107 0 0
747 59 107 0 0
748 58 107 0 0
749 59 107 0 0
750 58 107 0 0
751 59 107 0 0
752 58 107 0 0
753 57 107 0 0
754 58 107 0 0
755 57 107 0 0
756 56 107 0 0
757 57 107 0 0
758 56 107 0 0
759 55 107 0 0
760 56 107 0 0
761 55 107 0 0
762 56 107 0 0
763 55 107 0 0
764 54 107 0 0
765 55 107 0 0
766 54 107 0 0
767 53 107 0 0
768 54 107 0 0
769 53 107 0 0
770 52 107 0 0
771 53 107 0 0
772 52 107 0 0
773 53 107 0 0
774 52 107 0 0
775 51 107 0 0
776 52 107 0 0
777 51 107 0 0
778 50 107 0 0
779 51 107 0 0
780 50 107 0 0
781 49 107 0 0
782 50 107 0 0
783 49 107 0 0
784 48 107 0 0
785 49 107 0 0
786 48 107 0 0
787 49 107 0 0
788 48 107 0 0
789 47 107 0 0
790 48 107 0 0
791 47 107 0 0
792 46 107 0 0
793 47 107 0 0
794 46 107 0 0
795 45 107 0 0
796 46 107 0 0
797 45 107 0 0
798 45 106 0 0
799 46 106 0 0
800 45 106 0 0
801 44 106 0 0
802 43 106 0 0
803 44 106 0 0
804 43 106 0 0
805 44 106 0 0
806 43 106 0 0
807 42 106 0 0
808 43 106 0 0
809 42 106 0 0
810 43 106 0 0
811 42 106 0 0
812 41 106 0 0
813 40 106 0 0
814 41 106 0 0
815 40 106 0 0
816 41 106 0 0
817 40 106 0 0
818 39 106 0 0
819 40 106 0 0
820 39 106 0 0
821 38 106 0 0
822 39 106 0 0
823 38 106 0 0
824 37 106 0 0
825 38 106 0 0
826 37 106 0 0
827 36 106 0 0
828 37 106 0 0
829 36 106 0 0
830 37 106 0 0
831 36 106 0 0
832 35 106 0 0
833 36 106 0 0
834 35 106 0 0
835 34 106 0 0
836 35 106 0 0
837 34 106 0 0
838 33 106 0 0
839 34 106 0 0
840 33 106 0 0
841 34 106 0 0
842 33 106 0 0
843 32 106 0 0
844 33 106 0 0
845 32 106 0 0
846 31 106 0 0
847 32 106 0 0
848 31 106 0 0
849 30 106 0 0
850 31 106 0 0
851 30 106 0 0
852 31 106 0 0
853 30 106 0 0
854 29 106 0 0
855 30 106 0 0
856 29 106 0 0
857 28 106 0 0
858 29 106 0 0
859 28 106 0 0
860 27 106 0 0
861 28 106 0 0
862 27 106 0 0
863 28 106 0 0
864 27 106 0 0
865 26 106 0 0
866 25 106 0 0
867 26 106 0 0
868 25 106 0 0
869 26 106 0 0
870 25 106 0 0
871 24 106 0 0
872 25 106 0 0
873 24 106 0 0
874 23 106 0 0
875 24 106 0 0
876 23 106 0 0
877 22 106 0 0
878 23 106 0 0
879 22 106 0 0
880 23 106 0 0
881 22 106 0 0
882 21 106 0 0
883 20 106 0 0
884 21 106 0 0
885 20 106 0 0
886 21 106 0 0
887 20 106 0 0
888 19 106 0 0
889 20 106 0 0
890 19 106 0 0
891 18 106 0 0
892 19 106 0 0
893 18 106 0 0
894 17 106 0 0
895 18 106 0 0
896 17 106 0 0
897 16 106 0 0
898 17 106 0 0
899 16 106 0 0
900 17 106 0 0
901 16 106 0 0
902 15 106 0 0
903 16 106 0 0
904 15 106 0 0
905 16 106 0 0
906 15 106 0 0
907 16 106 0 0
908 15 106 0 0
909 14 106 0 0
910 15 106 0 0
911 14 106 0 0
912 15 106 0 0
913 14 106 0 0
914 13 106 0 0
915 14 106 0 0
916 13 106 0 0
917 14 106 0 0
918 13 106 0 0
919 14 106 0 0
920 13 106 0 0
921 12 106 0 0
922 13 106 0 0
923 12 106 0 0
924 13 106 0 0
925 12 106 0 0
926 13 106 0 0
927 12 106 0 0
928 12 107 0 0
929 11 107 0 0
930 12 107 0 0
931 11 107 0 0
932 12 107 0 0
933 11 107 0 0
934 12 107 0 0
935 11 107 0 0
936 10 107 0 0
937 11 107 0 0
938 10 107 0 0
939 11 107 0 0
940 10 107 0 0
941 11 107 0 0
942 10 107 0 0
943 9 107 0 0
944 10 107 0 0
945 9 107 0 0
946 10 107 0 0
947 9 107 0 0
948 10 107 0 0
949 9 107 0 0
950 8 107 0 0
951 9 107 0 0
952 8 107 0 0
953 9 107 0 0
954 8 107 0 0
955 9 107 0 0
956 8 107 0 0
957 7 107 0 0
958 8 107 0 0
959 7 107 0 0
960 8 107 0 0
961 7 107 0 0
962 8 107 0 0
963 7 107 0 0
964 6 107 0 0
965 7 107 0 0
966 6 107 0 0
967 7 107 0 0
968 6 107 0 0
969 5 107 0 0
970 6 107 0 0
971 5 107 0 0
972 6 107 0 0
973 5 107 0 0
974 6 107 0 0
975 5 107 0 0
976 6 107 0 0
977 5 107 0 0
978 4 107 0 0
979 5 107 0 0
980 4 107 0 0
981 4 108 0 0
982 5 108 0 0
983 4 108 0 0
984 3 108 0 0
985 4 108 0 0
986 3 108 0 0
987 4 108 0 0
988 3 108 0 0
989 4 108 0 0
990 3 108 0 0
991 2 108 0 0
992 3 108 0 0
993 2 108 0 0
994 3 108 0 0
995 2 108 0 0
996 3 108 0 0
997 2 108 0 0
