0 196 65 0 0
1 195 65 0 0
2 194 65 0 0
3 193 65 0 0
4 192 65 0 0
5 191 65 0 0
6 190 65 0 0
7 189 65 0 0
8 189 64 0 0
9 188 64 0 0
10 187 64 0 0
11 186 64 0 0
12 185 64 0 0
13 184 64 0 0
14 183 64 0 0
15 182 64 0 0
16 181 64 0 0
17 180 64 0 0
18 179 64 0 0
19 178 64 0 0
20 177 64 0 0
21 176 64 0 0
22 175 64 0 0
23 175 65 0 0
24 174 65 0 0
25 173 65 0 0
26 172 65 0 0
27 171 65 0 0
28 170 65 0 0
29 169 65 0 0
30 168 65 0 0
31 167 65 0 0
32 166 65 0 0
33 165 65 0 0
34 164 65 0 0
35 163 65 0 0
36 162 65 0 0
37 161 65 0 0
38 160 65 0 0
39 160 64 0 0
40 159 64 0 0
41 158 64 0 0
42 157 64 0 0
43 156 64 0 0
44 155 64 0 0
45 154 64 0 0
46 153 64 0 0
47 153 63 0 0
48 152 63 0 0
49 151 63 0 0
50 150 63 0 0
51 149 63 0 0
52 148 63 0 0
53 148 62 0 0
54 147 62 0 0
55 146 62 0 0
56 145 62 0 0
57 144 62 0 0
58 143 62 0 0
59 142 62 0 0
60 141 62 0 0
61 140 62 0 0
62 139 62 0 0
63 138 62 0 0
64 137 62 0 0
65 136 62 0 0
66 136 61 0 0
67 135 61 0 0
68 134 61 0 0
69 133 61 0 0
70 132 61 0 0
71 131 61 0 0
72 130 61 0 0
73 129 61 0 0
74 128 61 0 0
75 127 61 0 0
76 126 61 0 0
77 125 61 0 0
78 124 61 0 0
79 123 61 0 0
80 122 61 0 0
81 122 60 0 0
82 121 60 0 0
83 120 60 0 0
84 119 60 0 0
85 118 60 0 0
86 117 60 0 0
87 116 60 0 0
88 115 60 0 0
89 114 60 0 0
90 113 60 0 0
91 112 60 0 0
92 111 60 0 0
93 110 60 0 0
94 109 60 0 0
95 108 60 0 0
96 108 59 0 0
97 107 59 0 0
98 106 59 0 0
99 105 59 0 0
100 104 59 0 0
101 103 59 0 0
102 102 59 0 0
103 101 59 0 0
104 100 59 0 0
105 100 58 0 0
106 99 58 0 0
107 98 58 0 0
108 97 58 0 0
109 96 58 0 0
110 95 58 0 0
111 94 58 0 0
112 93 58 0 0
113 92 58 0 0
114 92 57 0 0
115 91 57 0 0
116 90 57 0 0
117 89 57 0 0
118 88 57 0 0
119 87 57 0 0
120 86 57 0 0
121 85 57 0 0
122 85 56 0 0
123 84 56 0 0
124 83 56 0 0
125 82 56 0 0
126 81 56 0 0
127 80 56 0 0
128 79 56 0 0
129 78 56 0 0
130 77 56 0 0
131 77 55 0 0
132 76 55 0 0
133 75 55 0 0
134 74 55 0 0
135 73 55 0 0
136 72 55 0 0
137 71 55 0 0
138 71 54 0 0
139 70 54 0 0
140 69 54 0 0
141 68 54 0 0
142 67 54 0 0
143 66 54 0 0
144 65 54 0 0
145 64 54 0 0
146 63 54 0 0
147 63 53 0 0
148 62 53 0 0
149 61 53 0 0
150 60 53 0 0
151 59 53 0 0
152 58 53 0 0
153 57 53 0 0
154 56 53 0 0
155 55 53 0 0
156 55 52 0 0
157 54 52 0 0
158 53 52 0 0
159 52 52 0 0
160 51 52 0 0
161 50 52 0 0
162 49 52 0 0
163 49 51 0 0
164 48 51 0 0
165 47 51 0 0
166 46 51 0 0
167 45 51 0 0
168 44 51 0 0
169 43 51 0 0
170 42 51 0 0
171 41 51 0 0
172 40 51 0 0
173 40 50 0 0
174 39 50 0 0
175 38 50 0 0
176 37 50 0 0
177 37 49 0 0
178 36 49 0 0
179 35 49 0 0
180 35 48 0 0
181 34 48 0 0
182 33 48 0 0
183 33 47 0 0
184 32 47 0 0
185 31 47 0 0
186 30 47 0 0
187 30 46 0 0
188 29 46 0 0
189 28 46 0 0
190 28 45 0 0
191 27 45 0 0
192 26 45 0 0
193 25 45 0 0
194 25 44 0 0
195 24 44 0 0
196 23 44 0 0
197 23 43 0 0
198 22 43 0 0
199 21 43 0 0
200 20 43 0 0
201 20 42 0 0
202 19 42 0 0
203 18 42 0 0
204 18 41 0 0
205 17 41 0 0
206 16 41 0 0
207 16 40 0 0
208 15 40 0 0
209 14 40 0 0
210 14 39 0 0
211 13 39 0 0
212 12 39 0 0
213 12 38 0 0
214 11 38 0 0
215 11 37 0 0
216 10 37 0 0
217 10 36 0 0
218 9 36 0 0
219 8 36 0 0
220 8 35 0 0
221 7 35 0 0
222 7 34 0 0
223 6 34 0 0
224 5 34 0 0
225 5 33 0 0
226 4 33 0 0
227 3 33 0 0
