0 26 2 0 0
1 26 3 0 0
2 27 3 0 0
3 27 4 0 0
4 28 4 0 0
5 28 5 0 0
6 28 6 0 0
7 29 6 0 0
8 29 7 0 0
9 30 7 0 0
10 30 8 0 0
11 31 8 0 0
12 31 9 0 0
13 32 9 0 0
14 32 10 0 0
15 32 11 0 0
16 33 11 0 0
17 33 12 0 0
18 34 12 0 0
19 34 13 0 0
20 34 14 0 0
21 35 14 0 0
22 35 15 0 0
23 36 15 0 0
24 36 16 0 0
25 37 16 0 0
26 38 16 0 0
27 39 16 0 0
28 39 17 0 0
29 40 17 0 0
30 41 17 0 0
31 41 18 0 0
32 42 18 0 0
33 43 18 0 0
34 43 19 0 0
35 44 19 0 0
36 45 19 0 0
37 45 20 0 0
38 46 20 0 0
39 47 20 0 0
40 47 21 0 0
41 48 21 0 0
42 49 21 0 0
43 49 22 0 0
44 50 22 0 0
45 51 22 0 0
46 52 22 0 0
47 52 23 0 0
48 53 23 0 0
49 54 23 0 0
50 55 23 0 0
51 56 23 0 0
52 57 23 0 0
53 57 24 0 0
54 58 24 0 0
55 59 24 0 0
56 60 24 0 0
57 60 25 0 0
58 61 25 0 0
59 62 25 0 0
60 63 25 0 0
61 63 26 0 0
62 64 26 0 0
63 65 26 0 0
64 65 25 0 0
65 66 25 0 0
66 67 25 0 0
67 68 25 0 0
68 69 25 0 0
69 70 25 0 0
70 71 25 0 0
71 72 25 0 0
72 72 26 0 0
73 73 26 0 0
74 74 26 0 0
75 75 26 0 0
76 76 26 0 0
77 77 26 0 0
78 78 26 0 0
79 79 26 0 0
80 79 27 0 0
81 80 27 0 0
82 81 27 0 0
83 82 27 0 0
84 83 27 0 0
85 84 27 0 0
86 85 27 0 0
87 85 28 0 0
88 86 28 0 0
89 87 28 0 0
90 88 28 0 0
91 89 28 0 0
92 90 28 0 0
93 91 28 0 0
94 92 28 0 0
95 92 29 0 0
96 93 29 0 0
97 94 29 0 0
98 95 29 0 0
99 96 29 0 0
100 97 29 0 0
101 98 29 0 0
102 99 29 0 0
103 100 29 0 0
104 101 29 0 0
105 101 30 0 0
106 102 30 0 0
107 103 30 0 0
108 104 30 0 0
109 105 30 0 0
110 106 30 0 0
111 107 30 0 0
112 108 30 0 0
113 108 31 0 0
114 109 31 0 0
115 110 31 0 0
116 111 31 0 0
117 112 31 0 0
118 113 31 0 0
119 114 31 0 0
120 115 31 0 0
121 115 32 0 0
122 116 32 0 0
123 117 32 0 0
124 118 32 0 0
125 118 33 0 0
126 119 33 0 0
127 120 33 0 0
128 121 33 0 0
129 122 33 0 0
130 122 34 0 0
131 123 34 0 0
132 124 34 0 0
133 124 35 0 0
134 125 35 0 0
135 126 35 0 0
136 126 36 0 0
137 127 36 0 0
138 128 36 0 0
139 129 36 0 0
140 129 37 0 0
141 130 37 0 0
142 131 37 0 0
143 132 37 0 0
144 132 38 0 0
145 133 38 0 0
146 134 38 0 0
147 134 39 0 0
148 135 39 0 0
149 136 39 0 0
150 136 40 0 0
151 137 40 0 0
152 138 40 0 0
153 138 41 0 0
154 139 41 0 0
155 140 41 0 0
156 140 42 0 0
157 141 42 0 0
158 142 42 0 0
159 143 42 0 0
160 143 43 0 0
161 144 43 0 0
162 145 43 0 0
163 146 43 0 0
164 146 44 0 0
165 147 44 0 0
166 148 44 0 0
167 148 45 0 0
168 149 45 0 0
169 150 45 0 0
170 151 45 0 0
171 151 46 0 0
172 152 46 0 0
173 153 46 0 0
174 153 47 0 0
175 154 47 0 0
176 155 47 0 0
177 156 47 0 0
178 156 48 0 0
179 157 48 0 0
180 158 48 0 0
181 158 49 0 0
182 159 49 0 0
183 160 49 0 0
184 161 49 0 0
185 161 50 0 0
186 162 50 0 0
187 163 50 0 0
188 164 50 0 0
189 165 50 0 0
190 166 50 0 0
191 167 50 0 0
192 168 50 0 0
193 168 51 0 0
194 169 51 0 0
195 170 51 0 0
196 171 51 0 0
197 171 52 0 0
198 172 52 0 0
199 173 52 0 0
200 174 52 0 0
201 175 52 0 0
202 175 53 0 0
203 176 53 0 0
204 177 53 0 0
205 178 53 0 0
206 179 53 0 0
207 180 53 0 0
208 181 53 0 0
209 182 53 0 0
210 183 53 0 0
211 184 53 0 0
212 185 53 0 0
213 186 53 0 0
214 187 53 0 0
215 188 53 0 0
216 189 53 0 0
217 190 53 0 0
218 191 53 0 0
219 192 53 0 0
