0 194 65 0 0
1 193 65 0 0
2 192 65 0 0
3 191 65 0 0
4 190 65 0 0
5 189 65 0 0
6 188 65 0 0
7 187 65 0 0
8 187 64 0 0
9 186 64 0 0
10 185 64 0 0
11 184 64 0 0
12 183 64 0 0
13 182 64 0 0
14 182 63 0 0
15 181 63 0 0
16 180 63 0 0
17 179 63 0 0
18 178 63 0 0
19 177 63 0 0
20 177 62 0 0
21 176 62 0 0
22 175 62 0 0
23 174 62 0 0
24 173 62 0 0
25 172 62 0 0
26 172 61 0 0
27 171 61 0 0
28 170 61 0 0
29 169 61 0 0
30 168 61 0 0
31 167 61 0 0
32 167 60 0 0
33 166 60 0 0
34 165 60 0 0
35 164 60 0 0
36 163 60 0 0
37 163 59 0 0
38 162 59 0 0
39 161 59 0 0
40 160 59 0 0
41 160 58 0 0
42 159 58 0 0
43 158 58 0 0
44 157 58 0 0
45 157 57 0 0
46 156 57 0 0
47 155 57 0 0
48 155 56 0 0
49 154 56 0 0
50 153 56 0 0
51 153 55 0 0
52 152 55 0 0
53 151 55 0 0
54 151 54 0 0
55 150 54 0 0
56 149 54 0 0
57 148 54 0 0
58 148 53 0 0
59 147 53 0 0
60 146 53 0 0
61 146 52 0 0
62 145 52 0 0
63 144 52 0 0
64 144 51 0 0
65 143 51 0 0
66 142 51 0 0
67 142 50 0 0
68 141 50 0 0
69 140 50 0 0
70 139 50 0 0
71 139 49 0 0
72 138 49 0 0
73 137 49 0 0
74 137 48 0 0
75 136 48 0 0
76 136 47 0 0
77 135 47 0 0
78 134 47 0 0
79 134 46 0 0
80 133 46 0 0
81 132 46 0 0
82 132 45 0 0
83 131 45 0 0
84 131 44 0 0
85 130 44 0 0
86 129 44 0 0
87 129 43 0 0
88 128 43 0 0
89 127 43 0 0
90 127 42 0 0
91 126 42 0 0
92 126 41 0 0
93 125 41 0 0
94 124 41 0 0
95 124 40 0 0
96 123 40 0 0
97 122 40 0 0
98 122 39 0 0
99 121 39 0 0
100 120 39 0 0
101 120 38 0 0
102 119 38 0 0
103 118 38 0 0
104 117 38 0 0
105 116 38 0 0
106 116 37 0 0
107 115 37 0 0
108 114 37 0 0
109 113 37 0 0
110 112 37 0 0
111 112 36 0 0
112 111 36 0 0
113 110 36 0 0
114 109 36 0 0
115 109 35 0 0
116 108 35 0 0
117 107 35 0 0
118 106 35 0 0
119 106 34 0 0
120 105 34 0 0
121 104 34 0 0
122 103 34 0 0
123 103 33 0 0
124 102 33 0 0
125 101 33 0 0
126 100 33 0 0
127 99 33 0 0
128 99 32 0 0
129 98 32 0 0
130 97 32 0 0
131 96 32 0 0
132 95 32 0 0
133 94 32 0 0
134 93 32 0 0
135 92 32 0 0
136 91 32 0 0
137 90 32 0 0
138 89 32 0 0
139 88 32 0 0
140 88 31 0 0
141 87 31 0 0
142 86 31 0 0
143 85 31 0 0
144 84 31 0 0
145 83 31 0 0
146 82 31 0 0
147 81 31 0 0
148 80 31 0 0
149 79 31 0 0
150 78 31 0 0
151 77 31 0 0
152 76 31 0 0
153 75 31 0 0
154 74 31 0 0
155 74 30 0 0
156 73 30 0 0
157 72 30 0 0
158 71 30 0 0
159 70 30 0 0
160 69 30 0 0
161 68 30 0 0
162 67 30 0 0
163 66 30 0 0
164 65 30 0 0
165 64 30 0 0
166 63 30 0 0
167 62 30 0 0
168 62 29 0 0
169 61 29 0 0
170 60 29 0 0
171 59 29 0 0
172 58 29 0 0
173 57 29 0 0
174 56 29 0 0
175 55 29 0 0
176 54 29 0 0
177 53 29 0 0
178 52 29 0 0
179 51 29 0 0
180 50 29 0 0
181 49 29 0 0
182 48 29 0 0
183 47 29 0 0
184 46 29 0 0
185 45 29 0 0
186 44 29 0 0
187 44 28 0 0
188 43 28 0 0
189 42 28 0 0
190 41 28 0 0
191 41 27 0 0
192 40 27 0 0
193 39 27 0 0
194 38 27 0 0
195 37 27 0 0
196 37 26 0 0
197 36 26 0 0
198 35 26 0 0
199 35 25 0 0
200 34 25 0 0
201 33 25 0 0
202 33 24 0 0
203 32 24 0 0
204 32 23 0 0
205 31 23 0 0
206 31 22 0 0
207 30 22 0 0
208 30 21 0 0
209 29 21 0 0
210 29 20 0 0
211 28 20 0 0
212 28 19 0 0
213 27 19 0 0
214 27 18 0 0
215 27 17 0 0
216 26 17 0 0
217 26 16 0 0
218 25 16 0 0
219 25 15 0 0
220 25 14 0 0
221 24 14 0 0
222 24 13 0 0
223 23 13 0 0
224 23 12 0 0
225 23 11 0 0
226 22 11 0 0
227 22 10 0 0
228 21 10 0 0
229 21 9 0 0
230 21 8 0 0
231 21 7 0 0
232 20 7 0 0
233 20 6 0 0
234 20 5 0 0
