0 196 66 0 0
1 196 67 0 0
2 195 67 0 0
3 194 67 0 0
4 193 67 0 0
5 192 67 0 0
6 191 67 0 0
7 191 66 0 0
8 190 66 0 0
9 189 66 0 0
10 188 66 0 0
11 187 66 0 0
12 186 66 0 0
13 185 66 0 0
14 184 66 0 0
15 183 66 0 0
16 182 66 0 0
17 181 66 0 0
18 181 65 0 0
19 180 65 0 0
20 179 65 0 0
21 178 65 0 0
22 177 65 0 0
23 176 65 0 0
24 176 64 0 0
25 175 64 0 0
26 174 64 0 0
27 173 64 0 0
28 172 64 0 0
29 171 64 0 0
30 171 63 0 0
31 170 63 0 0
32 169 63 0 0
33 168 63 0 0
34 168 62 0 0
35 167 62 0 0
36 166 62 0 0
37 165 62 0 0
38 165 61 0 0
39 164 61 0 0
40 163 61 0 0
41 162 61 0 0
42 162 60 0 0
43 161 60 0 0
44 161 59 0 0
45 160 59 0 0
46 159 59 0 0
47 158 59 0 0
48 158 58 0 0
49 157 58 0 0
50 156 58 0 0
51 156 57 0 0
52 155 57 0 0
53 154 57 0 0
54 154 56 0 0
55 153 56 0 0
56 152 56 0 0
57 152 55 0 0
58 151 55 0 0
59 150 55 0 0
60 150 54 0 0
61 149 54 0 0
62 148 54 0 0
63 147 54 0 0
64 147 53 0 0
65 146 53 0 0
66 145 53 0 0
67 145 52 0 0
68 144 52 0 0
69 143 52 0 0
70 143 51 0 0
71 142 51 0 0
72 141 51 0 0
73 141 50 0 0
74 140 50 0 0
75 139 50 0 0
76 139 49 0 0
77 138 49 0 0
78 137 49 0 0
79 137 48 0 0
80 136 48 0 0
81 136 47 0 0
82 135 47 0 0
83 134 47 0 0
84 134 46 0 0
85 133 46 0 0
86 132 46 0 0
87 132 45 0 0
88 131 45 0 0
89 130 45 0 0
90 130 44 0 0
91 129 44 0 0
92 129 43 0 0
93 128 43 0 0
94 127 43 0 0
95 127 42 0 0
96 126 42 0 0
97 126 41 0 0
98 125 41 0 0
99 124 41 0 0
100 123 41 0 0
101 122 41 0 0
102 122 40 0 0
103 121 40 0 0
104 120 40 0 0
105 119 40 0 0
106 118 40 0 0
107 117 40 0 0
108 117 39 0 0
109 116 39 0 0
110 115 39 0 0
111 114 39 0 0
112 114 38 0 0
113 113 38 0 0
114 112 38 0 0
115 111 38 0 0
116 111 37 0 0
117 110 37 0 0
118 109 37 0 0
119 108 37 0 0
120 107 37 0 0
121 106 37 0 0
122 105 37 0 0
123 104 37 0 0
124 103 37 0 0
125 102 37 0 0
126 101 37 0 0
127 100 37 0 0
128 99 37 0 0
129 98 37 0 0
130 97 37 0 0
131 96 37 0 0
132 95 37 0 0
133 94 37 0 0
134 93 37 0 0
135 92 37 0 0
136 91 37 0 0
137 90 37 0 0
138 89 37 0 0
139 89 36 0 0
140 88 36 0 0
141 87 36 0 0
142 86 36 0 0
143 85 36 0 0
144 84 36 0 0
145 83 36 0 0
146 82 36 0 0
147 81 36 0 0
148 80 36 0 0
149 79 36 0 0
150 78 36 0 0
151 78 35 0 0
152 77 35 0 0
153 76 35 0 0
154 75 35 0 0
155 74 35 0 0
156 73 35 0 0
157 72 35 0 0
158 72 34 0 0
159 71 34 0 0
160 70 34 0 0
161 69 34 0 0
162 68 34 0 0
163 67 34 0 0
164 66 34 0 0
165 65 34 0 0
166 65 33 0 0
167 64 33 0 0
168 63 33 0 0
169 62 33 0 0
170 61 33 0 0
171 60 33 0 0
172 59 33 0 0
173 58 33 0 0
174 57 33 0 0
175 57 32 0 0
176 56 32 0 0
177 55 32 0 0
178 54 32 0 0
179 53 32 0 0
180 52 32 0 0
181 52 31 0 0
182 51 31 0 0
183 50 31 0 0
184 49 31 0 0
185 48 31 0 0
186 47 31 0 0
187 47 30 0 0
188 46 30 0 0
189 45 30 0 0
190 45 29 0 0
191 44 29 0 0
192 43 29 0 0
193 42 29 0 0
194 42 28 0 0
195 41 28 0 0
196 40 28 0 0
197 40 27 0 0
198 39 27 0 0
199 38 27 0 0
200 37 27 0 0
201 37 26 0 0
202 36 26 0 0
203 35 26 0 0
204 34 26 0 0
205 34 25 0 0
206 33 25 0 0
207 33 24 0 0
208 32 24 0 0
209 32 23 0 0
210 31 23 0 0
211 31 22 0 0
212 31 21 0 0
213 30 21 0 0
214 30 20 0 0
215 29 20 0 0
216 29 19 0 0
217 28 19 0 0
218 28 18 0 0
219 27 18 0 0
220 27 17 0 0
221 26 17 0 0
222 26 16 0 0
223 25 16 0 0
224 25 15 0 0
225 25 14 0 0
226 24 14 0 0
227 24 13 0 0
228 24 12 0 0
229 23 12 0 0
230 23 11 0 0
231 23 10 0 0
232 22 10 0 0
233 22 9 0 0
234 22 8 0 0
235 21 8 0 0
236 21 7 0 0
237 21 6 0 0
238 21 5 0 0
239 20 5 0 0
240 20 4 0 0
241 20 3 0 0
