0 38800 12400 0 0
1 38800 12600 0 0
2 38600 12600 0 0
3 38400 12600 0 0
4 38200 12600 0 0
5 38200 12400 0 0
6 38000 12400 0 0
7 37800 12400 0 0
8 37600 12400 0 0
9 37400 12400 0 0
10 37200 12400 0 0
11 37000 12400 0 0
12 36800 12400 0 0
13 36800 12200 0 0
14 36600 12200 0 0
15 36400 12200 0 0
16 36200 12200 0 0
17 36000 12200 0 0
18 35800 12200 0 0
19 35800 12000 0 0
20 35600 12000 0 0
21 35400 12000 0 0
22 35200 12000 0 0
23 35000 12000 0 0
24 35000 11800 0 0
25 34800 11800 0 0
26 34600 11800 0 0
27 34400 11800 0 0
28 34400 11600 0 0
29 34200 11600 0 0
30 34000 11600 0 0
31 33800 11600 0 0
32 33800 11400 0 0
33 33600 11400 0 0
34 33400 11400 0 0
35 33200 11400 0 0
36 33200 11200 0 0
37 33000 11200 0 0
38 32800 11200 0 0
39 32600 11200 0 0
40 32600 11000 0 0
41 32400 11000 0 0
42 32200 11000 0 0
43 32000 11000 0 0
44 32000 10800 0 0
45 31800 10800 0 0
46 31600 10800 0 0
47 31400 10800 0 0
48 31200 10800 0 0
49 31200 10600 0 0
50 31000 10600 0 0
51 30800 10600 0 0
52 30600 10600 0 0
53 30400 10600 0 0
54 30400 10400 0 0
55 30200 10400 0 0
56 30000 10400 0 0
57 29800 10400 0 0
58 29800 10200 0 0
59 29600 10200 0 0
60 29400 10200 0 0
61 29200 10200 0 0
62 29200 10000 0 0
63 29000 10000 0 0
64 28800 10000 0 0
65 28800 9800 0 0
66 28600 9800 0 0
67 28400 9800 0 0
68 28400 9600 0 0
69 28200 9600 0 0
70 28200 9400 0 0
71 28000 9400 0 0
72 27800 9400 0 0
73 27800 9200 0 0
74 27600 9200 0 0
75 27400 9200 0 0
76 27200 9200 0 0
77 27200 9000 0 0
78 27000 9000 0 0
79 26800 9000 0 0
80 26800 8800 0 0
81 26600 8800 0 0
82 26400 8800 0 0
83 26400 8600 0 0
84 26200 8600 0 0
85 26200 8400 0 0
86 26000 8400 0 0
87 25800 8400 0 0
88 25800 8200 0 0
89 25600 8200 0 0
90 25400 8200 0 0
91 25400 8000 0 0
92 25200 8000 0 0
93 25000 8000 0 0
94 25000 7800 0 0
95 24800 7800 0 0
96 24600 7800 0 0
97 24400 7800 0 0
98 24400 7600 0 0
99 24200 7600 0 0
100 24000 7600 0 0
101 23800 7600 0 0
102 23800 7400 0 0
103 23600 7400 0 0
104 23400 7400 0 0
105 23200 7400 0 0
106 23200 7200 0 0
107 23000 7200 0 0
108 22800 7200 0 0
109 22600 7200 0 0
110 22400 7200 0 0
111 22400 7000 0 0
112 22200 7000 0 0
113 22000 7000 0 0
114 21800 7000 0 0
115 21800 6800 0 0
116 21600 6800 0 0
117 21400 6800 0 0
118 21400 6600 0 0
119 21200 6600 0 0
120 21000 6600 0 0
121 20800 6600 0 0
122 20600 6600 0 0
123 20400 6600 0 0
124 20400 6400 0 0
125 20200 6400 0 0
126 20000 6400 0 0
127 19800 6400 0 0
128 19600 6400 0 0
129 19400 6400 0 0
130 19200 6400 0 0
131 19000 6400 0 0
132 18800 6400 0 0
133 18600 6400 0 0
134 18400 6400 0 0
135 18200 6400 0 0
136 18000 6400 0 0
137 17800 6400 0 0
138 17600 6400 0 0
139 17400 6400 0 0
140 17200 6400 0 0
141 17000 6400 0 0
142 16800 6400 0 0
143 16600 6400 0 0
144 16400 6400 0 0
145 16200 6400 0 0
146 16000 6400 0 0
147 15800 6400 0 0
148 15600 6400 0 0
149 15400 6400 0 0
150 15200 6400 0 0
151 15000 6400 0 0
152 14800 6400 0 0
153 14600 6400 0 0
154 14400 6400 0 0
155 14200 6400 0 0
156 14000 6400 0 0
157 13800 6400 0 0
158 13600 6400 0 0
159 13400 6400 0 0
160 13200 6400 0 0
161 13000 6400 0 0
162 12800 6400 0 0
163 12600 6400 0 0
164 12400 6400 0 0
165 12200 6400 0 0
166 12000 6400 0 0
167 11800 6400 0 0
168 11600 6400 0 0
169 11400 6400 0 0
170 11200 6400 0 0
171 11000 6400 0 0
172 10800 6400 0 0
173 10600 6400 0 0
174 10400 6400 0 0
175 10200 6400 0 0
176 10200 6200 0 0
177 10000 6200 0 0
178 9800 6200 0 0
179 9600 6200 0 0
180 9400 6200 0 0
181 9200 6200 0 0
182 9000 6200 0 0
183 8800 6200 0 0
184 8600 6200 0 0
185 8400 6200 0 0
186 8200 6200 0 0
187 8000 6200 0 0
188 8000 6000 0 0
189 7800 6000 0 0
190 7600 6000 0 0
191 7600 5800 0 0
192 7400 5800 0 0
193 7200 5800 0 0
194 7200 5600 0 0
195 7000 5600 0 0
196 6800 5600 0 0
197 6800 5400 0 0
198 6600 5400 0 0
199 6400 5400 0 0
200 6400 5200 0 0
201 6200 5200 0 0
202 6000 5200 0 0
203 5800 5200 0 0
204 5800 5000 0 0
205 5600 5000 0 0
206 5400 5000 0 0
207 5400 4800 0 0
208 5200 4800 0 0
209 5000 4800 0 0
210 4800 4800 0 0
211 4800 4600 0 0
212 4600 4600 0 0
213 4400 4600 0 0
214 4400 4400 0 0
215 4200 4400 0 0
216 4200 4200 0 0
217 4000 4200 0 0
218 4000 4000 0 0
219 3800 4000 0 0
220 3800 3800 0 0
221 3600 3800 0 0
222 3600 3600 0 0
223 3400 3600 0 0
224 3400 3400 0 0
225 3200 3400 0 0
226 3000 3400 0 0
227 3000 3200 0 0
228 2800 3200 0 0
229 2800 3000 0 0
230 2800 2800 0 0
231 2600 2800 0 0
232 2400 2800 0 0
233 2400 2600 0 0
234 2200 2600 0 0
235 2200 2400 0 0
236 2200 2200 0 0
237 2000 2200 0 0
238 2000 2000 0 0
239 1800 2000 0 0
240 1800 1800 0 0
241 1600 1800 0 0
242 1600 1600 0 0
243 1400 1600 0 0
244 1400 1400 0 0
245 1200 1400 0 0
246 1200 1200 0 0
247 1000 1200 0 0
248 1000 1000 0 0
249 800 1000 0 0
250 800 800 0 0
251 600 800 0 0
252 400 800 0 0
253 400 600 0 0
254 200 600 0 0
