0 28 2 0 0
1 28 3 0 0
2 29 3 0 0
3 29 4 0 0
4 30 4 0 0
5 30 5 0 0
6 30 6 0 0
7 31 6 0 0
8 31 7 0 0
9 31 8 0 0
10 32 8 0 0
11 32 9 0 0
12 33 9 0 0
13 33 10 0 0
14 34 10 0 0
15 34 11 0 0
16 35 11 0 0
17 35 12 0 0
18 35 13 0 0
19 36 13 0 0
20 36 14 0 0
21 37 14 0 0
22 38 14 0 0
23 38 15 0 0
24 39 15 0 0
25 40 15 0 0
26 40 16 0 0
27 41 16 0 0
28 41 17 0 0
29 42 17 0 0
30 43 17 0 0
31 43 18 0 0
32 44 18 0 0
33 45 18 0 0
34 45 19 0 0
35 46 19 0 0
36 47 19 0 0
37 47 20 0 0
38 48 20 0 0
39 49 20 0 0
40 50 20 0 0
41 50 21 0 0
42 51 21 0 0
43 52 21 0 0
44 52 22 0 0
45 53 22 0 0
46 54 22 0 0
47 55 22 0 0
48 55 23 0 0
49 56 23 0 0
50 57 23 0 0
51 56 23 0 0
52 57 23 0 0
53 58 23 0 0
54 59 23 0 0
55 60 23 0 0
56 60 24 0 0
57 61 24 0 0
58 62 24 0 0
59 62 25 0 0
60 63 25 0 0
61 64 25 0 0
62 65 25 0 0
63 66 25 0 0
64 67 25 0 0
65 68 25 0 0
66 69 25 0 0
67 70 25 0 0
68 71 25 0 0
69 72 25 0 0
70 73 25 0 0
71 74 25 0 0
72 75 25 0 0
73 76 25 0 0
74 76 26 0 0
75 77 26 0 0
76 78 26 0 0
77 79 26 0 0
78 79 27 0 0
79 80 27 0 0
80 80 26 0 0
81 80 27 0 0
82 81 27 0 0
83 82 27 0 0
84 83 27 0 0
85 84 27 0 0
86 85 27 0 0
87 86 27 0 0
88 87 27 0 0
89 88 27 0 0
90 89 27 0 0
91 90 27 0 0
92 91 27 0 0
93 92 27 0 0
94 93 27 0 0
95 94 27 0 0
96 95 27 0 0
97 96 27 0 0
98 97 27 0 0
99 98 27 0 0
100 98 28 0 0
101 99 28 0 0
102 100 28 0 0
103 101 28 0 0
104 102 28 0 0
105 103 28 0 0
106 103 29 0 0
107 104 29 0 0
108 105 29 0 0
109 106 29 0 0
110 107 29 0 0
111 108 29 0 0
112 109 29 0 0
113 110 29 0 0
114 110 30 0 0
115 111 30 0 0
116 112 30 0 0
117 113 30 0 0
118 114 30 0 0
119 115 30 0 0
120 115 31 0 0
121 116 31 0 0
122 117 31 0 0
123 118 31 0 0
124 119 31 0 0
125 120 31 0 0
126 121 31 0 0
127 121 32 0 0
128 122 32 0 0
129 122 33 0 0
130 123 33 0 0
131 123 34 0 0
132 124 34 0 0
133 125 34 0 0
134 126 34 0 0
135 126 35 0 0
136 127 35 0 0
137 128 35 0 0
138 128 36 0 0
139 129 36 0 0
140 130 36 0 0
141 130 37 0 0
142 131 37 0 0
143 132 37 0 0
144 132 38 0 0
145 133 38 0 0
146 133 39 0 0
147 134 39 0 0
148 135 39 0 0
149 135 40 0 0
150 136 40 0 0
151 136 41 0 0
152 137 41 0 0
153 138 41 0 0
154 138 42 0 0
155 139 42 0 0
156 140 42 0 0
157 140 43 0 0
158 141 43 0 0
159 142 43 0 0
160 142 44 0 0
161 143 44 0 0
162 144 44 0 0
163 144 45 0 0
164 145 45 0 0
165 146 45 0 0
166 146 46 0 0
167 147 46 0 0
168 147 47 0 0
169 148 47 0 0
170 149 47 0 0
171 149 48 0 0
172 150 48 0 0
173 151 48 0 0
174 151 49 0 0
175 152 49 0 0
176 153 49 0 0
177 153 50 0 0
178 154 50 0 0
179 155 50 0 0
180 156 50 0 0
181 157 50 0 0
182 157 51 0 0
183 158 51 0 0
184 159 51 0 0
185 160 51 0 0
186 161 51 0 0
187 162 51 0 0
188 163 51 0 0
189 163 52 0 0
190 164 52 0 0
191 165 52 0 0
192 166 52 0 0
193 167 52 0 0
194 168 52 0 0
195 168 53 0 0
196 169 53 0 0
197 170 53 0 0
198 171 53 0 0
199 172 53 0 0
200 173 53 0 0
201 174 53 0 0
202 175 53 0 0
203 176 53 0 0
204 177 53 0 0
205 178 53 0 0
206 179 53 0 0
207 180 53 0 0
208 181 53 0 0
209 182 53 0 0
210 183 53 0 0
211 184 53 0 0
212 185 53 0 0
213 186 53 0 0
214 187 53 0 0
215 188 53 0 0
216 189 53 0 0
217 190 53 0 0
218 191 53 0 0
219 192 53 0 0
220 193 53 0 0
221 193 54 0 0
222 194 54 0 0
