0 39200 12200 0 0
1 39000 12200 0 0
2 38800 12200 0 0
3 38600 12200 0 0
4 38400 12200 0 0
5 38200 12200 0 0
6 38000 12200 0 0
7 37800 12200 0 0
8 37600 12200 0 0
9 37400 12200 0 0
10 37400 12000 0 0
11 37200 12000 0 0
12 37000 12000 0 0
13 36800 12000 0 0
14 36600 12000 0 0
15 36400 12000 0 0
16 36400 11800 0 0
17 36200 11800 0 0
18 36000 11800 0 0
19 35800 11800 0 0
20 35600 11800 0 0
21 35400 11800 0 0
22 35200 11800 0 0
23 35200 11600 0 0
24 35000 11600 0 0
25 34800 11600 0 0
26 34600 11600 0 0
27 34400 11600 0 0
28 34200 11600 0 0
29 34000 11600 0 0
30 33800 11600 0 0
31 33800 11400 0 0
32 33600 11400 0 0
33 33400 11400 0 0
34 33200 11400 0 0
35 33000 11400 0 0
36 33000 11200 0 0
37 32800 11200 0 0
38 32600 11200 0 0
39 32400 11200 0 0
40 32200 11200 0 0
41 32200 11000 0 0
42 32000 11000 0 0
43 31800 11000 0 0
44 31600 11000 0 0
45 31400 11000 0 0
46 31400 10800 0 0
47 31200 10800 0 0
48 31000 10800 0 0
49 30800 10800 0 0
50 30600 10800 0 0
51 30600 10600 0 0
52 30400 10600 0 0
53 30200 10600 0 0
54 30000 10600 0 0
55 30000 10400 0 0
56 29800 10400 0 0
57 29600 10400 0 0
58 29400 10400 0 0
59 29400 10200 0 0
60 29200 10200 0 0
61 29000 10200 0 0
62 29000 10000 0 0
63 28800 10000 0 0
64 28800 9800 0 0
65 28600 9800 0 0
66 28400 9800 0 0
67 28200 9800 0 0
68 28200 9600 0 0
69 28000 9600 0 0
70 27800 9600 0 0
71 27800 9400 0 0
72 27600 9400 0 0
73 27600 9200 0 0
74 27400 9200 0 0
75 27200 9200 0 0
76 27000 9200 0 0
77 27000 9000 0 0
78 26800 9000 0 0
79 26600 9000 0 0
80 26600 8800 0 0
81 26400 8800 0 0
82 26200 8800 0 0
83 26000 8800 0 0
84 26000 8600 0 0
85 25800 8600 0 0
86 25600 8600 0 0
87 25400 8600 0 0
88 25400 8400 0 0
89 25200 8400 0 0
90 25000 8400 0 0
91 25000 8200 0 0
92 24800 8200 0 0
93 24600 8200 0 0
94 24400 8200 0 0
95 24400 8000 0 0
96 24200 8000 0 0
97 24000 8000 0 0
98 24000 7800 0 0
99 23800 7800 0 0
100 23600 7800 0 0
101 23600 7600 0 0
102 23400 7600 0 0
103 23200 7600 0 0
104 23000 7600 0 0
105 23000 7400 0 0
106 22800 7400 0 0
107 22600 7400 0 0
108 22600 7200 0 0
109 22400 7200 0 0
110 22200 7200 0 0
111 22000 7200 0 0
112 22000 7000 0 0
113 21800 7000 0 0
114 21600 7000 0 0
115 21400 7000 0 0
116 21400 6800 0 0
117 21200 6800 0 0
118 21000 6800 0 0
119 20800 6800 0 0
120 20600 6800 0 0
121 20400 6800 0 0
122 20200 6800 0 0
123 20200 6600 0 0
124 20000 6600 0 0
125 19800 6600 0 0
126 19600 6600 0 0
127 19400 6600 0 0
128 19200 6600 0 0
129 19000 6600 0 0
130 19000 6400 0 0
131 18800 6400 0 0
132 18600 6400 0 0
133 18400 6400 0 0
134 18200 6400 0 0
135 18000 6400 0 0
136 17800 6400 0 0
137 17800 6200 0 0
138 17600 6200 0 0
139 17400 6200 0 0
140 17200 6200 0 0
141 17000 6200 0 0
142 16800 6200 0 0
143 16800 6000 0 0
144 16600 6000 0 0
145 16400 6000 0 0
146 16200 6000 0 0
147 16000 6000 0 0
148 15800 6000 0 0
149 15800 5800 0 0
150 15600 5800 0 0
151 15400 5800 0 0
152 15200 5800 0 0
153 15000 5800 0 0
154 14800 5800 0 0
155 14600 5800 0 0
156 14600 5600 0 0
157 14400 5600 0 0
158 14200 5600 0 0
159 14000 5600 0 0
160 13800 5600 0 0
161 13600 5600 0 0
162 13400 5600 0 0
163 13200 5600 0 0
164 13000 5600 0 0
165 13000 5400 0 0
166 12800 5400 0 0
167 12600 5400 0 0
168 12400 5400 0 0
169 12200 5400 0 0
170 12000 5400 0 0
171 11800 5400 0 0
172 11800 5200 0 0
173 11600 5200 0 0
174 11400 5200 0 0
175 11200 5200 0 0
176 11000 5200 0 0
177 10800 5200 0 0
178 10600 5200 0 0
179 10400 5200 0 0
180 10200 5200 0 0
181 10200 5000 0 0
182 10000 5000 0 0
183 9800 5000 0 0
184 9600 5000 0 0
185 9400 5000 0 0
186 9200 5000 0 0
187 9000 5000 0 0
188 8800 5000 0 0
189 8800 4800 0 0
190 8600 4800 0 0
191 8400 4800 0 0
192 8200 4800 0 0
193 8000 4800 0 0
194 7800 4800 0 0
195 7800 4600 0 0
196 7600 4600 0 0
197 7400 4600 0 0
198 7200 4600 0 0
199 7000 4600 0 0
200 6800 4600 0 0
201 6800 4400 0 0
202 6600 4400 0 0
203 6400 4400 0 0
204 6200 4400 0 0
205 6000 4400 0 0
206 5800 4400 0 0
207 5800 4200 0 0
208 5600 4200 0 0
209 5400 4200 0 0
210 5200 4200 0 0
211 5000 4200 0 0
212 4800 4200 0 0
213 4600 4200 0 0
214 4600 4000 0 0
215 4400 4000 0 0
216 4200 4000 0 0
217 4200 3800 0 0
218 4000 3800 0 0
219 4000 3600 0 0
220 3800 3600 0 0
221 3800 3400 0 0
222 3600 3400 0 0
223 3400 3400 0 0
224 3400 3200 0 0
225 3200 3200 0 0
226 3200 3000 0 0
227 3000 3000 0 0
228 2800 3000 0 0
229 2800 2800 0 0
230 2600 2800 0 0
231 2600 2600 0 0
232 2400 2600 0 0
233 2200 2600 0 0
234 2200 2400 0 0
235 2000 2400 0 0
236 2000 2200 0 0
237 1800 2200 0 0
238 1800 2000 0 0
239 1600 2000 0 0
240 1400 2000 0 0
241 1400 1800 0 0
242 1200 1800 0 0
243 1200 1600 0 0
244 1000 1600 0 0
245 1000 1400 0 0
246 800 1400 0 0
247 800 1200 0 0
248 600 1200 0 0
249 600 1000 0 0
250 400 1000 0 0
