0 30 2 0 0
1 30 3 0 0
2 31 3 0 0
3 31 4 0 0
4 32 4 0 0
5 32 5 0 0
6 32 6 0 0
7 33 6 0 0
8 33 7 0 0
9 34 7 0 0
10 34 8 0 0
11 35 8 0 0
12 35 9 0 0
13 36 9 0 0
14 36 10 0 0
15 37 10 0 0
16 37 11 0 0
17 37 12 0 0
18 38 12 0 0
19 38 13 0 0
20 39 13 0 0
21 39 14 0 0
22 40 14 0 0
23 40 15 0 0
24 40 16 0 0
25 41 16 0 0
26 42 16 0 0
27 42 17 0 0
28 43 17 0 0
29 43 18 0 0
30 44 18 0 0
31 45 18 0 0
32 46 18 0 0
33 46 19 0 0
34 47 19 0 0
35 48 19 0 0
36 48 20 0 0
37 49 20 0 0
38 50 20 0 0
39 50 21 0 0
40 51 21 0 0
41 52 21 0 0
42 52 22 0 0
43 53 22 0 0
44 54 22 0 0
45 55 22 0 0
46 55 23 0 0
47 56 23 0 0
48 57 23 0 0
49 58 23 0 0
50 59 23 0 0
51 60 23 0 0
52 61 23 0 0
53 62 23 0 0
54 63 23 0 0
55 64 23 0 0
56 64 24 0 0
57 65 24 0 0
58 66 24 0 0
59 67 24 0 0
60 68 24 0 0
61 69 24 0 0
62 70 24 0 0
63 71 24 0 0
64 71 25 0 0
65 72 25 0 0
66 73 25 0 0
67 74 25 0 0
68 75 25 0 0
69 76 25 0 0
70 77 25 0 0
71 78 25 0 0
72 78 26 0 0
73 79 26 0 0
74 80 26 0 0
75 81 26 0 0
76 82 26 0 0
77 83 26 0 0
78 84 26 0 0
79 84 27 0 0
80 85 27 0 0
81 86 27 0 0
82 87 27 0 0
83 88 27 0 0
84 89 27 0 0
85 90 27 0 0
86 91 27 0 0
87 91 28 0 0
88 92 28 0 0
89 93 28 0 0
90 94 28 0 0
91 95 28 0 0
92 96 28 0 0
93 97 28 0 0
94 98 28 0 0
95 99 28 0 0
96 99 29 0 0
97 100 29 0 0
98 101 29 0 0
99 102 29 0 0
100 103 29 0 0
101 104 29 0 0
102 105 29 0 0
103 106 29 0 0
104 107 29 0 0
105 108 29 0 0
106 109 29 0 0
107 110 29 0 0
108 110 30 0 0
109 111 30 0 0
110 111 31 0 0
111 112 31 0 0
112 113 31 0 0
113 114 31 0 0
114 114 32 0 0
115 115 32 0 0
116 116 32 0 0
117 116 33 0 0
118 117 33 0 0
119 118 33 0 0
120 119 33 0 0
121 119 34 0 0
122 120 34 0 0
123 121 34 0 0
124 122 34 0 0
125 122 35 0 0
126 123 35 0 0
127 124 35 0 0
128 124 36 0 0
129 125 36 0 0
130 126 36 0 0
131 127 36 0 0
132 128 36 0 0
133 128 37 0 0
134 129 37 0 0
135 130 37 0 0
136 131 37 0 0
137 132 37 0 0
138 132 38 0 0
139 133 38 0 0
140 134 38 0 0
141 135 38 0 0
142 135 39 0 0
143 136 39 0 0
144 137 39 0 0
145 137 40 0 0
146 138 40 0 0
147 139 40 0 0
148 139 41 0 0
149 140 41 0 0
150 141 41 0 0
151 141 42 0 0
152 142 42 0 0
153 143 42 0 0
154 143 43 0 0
155 144 43 0 0
156 145 43 0 0
157 146 43 0 0
158 146 44 0 0
159 147 44 0 0
160 147 45 0 0
161 148 45 0 0
162 149 45 0 0
163 150 45 0 0
164 150 46 0 0
165 151 46 0 0
166 152 46 0 0
167 152 47 0 0
168 153 47 0 0
169 154 47 0 0
170 155 47 0 0
171 155 48 0 0
172 156 48 0 0
173 157 48 0 0
174 158 48 0 0
175 158 49 0 0
176 159 49 0 0
177 160 49 0 0
178 161 49 0 0
179 161 50 0 0
180 162 50 0 0
181 163 50 0 0
182 164 50 0 0
183 165 50 0 0
184 166 50 0 0
185 166 51 0 0
186 167 51 0 0
187 168 51 0 0
188 169 51 0 0
189 170 51 0 0
190 171 51 0 0
191 171 52 0 0
192 172 52 0 0
193 173 52 0 0
194 174 52 0 0
195 175 52 0 0
196 176 52 0 0
197 177 52 0 0
198 178 52 0 0
199 179 52 0 0
200 180 52 0 0
201 181 52 0 0
202 182 52 0 0
203 183 52 0 0
204 184 52 0 0
205 185 52 0 0
206 186 52 0 0
207 187 52 0 0
208 188 52 0 0
209 188 53 0 0
210 189 53 0 0
211 190 53 0 0
212 191 53 0 0
213 192 53 0 0
214 192 54 0 0
215 193 54 0 0
216 194 54 0 0
217 195 54 0 0
