0 38200 22800 0 0
1 38000 22800 0 0
2 37800 22800 0 0
3 37600 22800 0 0
4 37400 22800 0 0
5 37200 22800 0 0
6 37200 22600 0 0
7 37000 22600 0 0
8 36800 22600 0 0
9 36600 22600 0 0
10 36400 22600 0 0
11 36200 22600 0 0
12 36000 22600 0 0
13 35800 22600 0 0
14 35800 22400 0 0
15 35600 22400 0 0
16 35400 22400 0 0
17 35200 22400 0 0
18 35000 22400 0 0
19 34800 22400 0 0
20 34800 22200 0 0
21 34600 22200 0 0
22 34400 22200 0 0
23 34400 22000 0 0
24 34200 22000 0 0
25 34000 22000 0 0
26 34000 21800 0 0
27 33800 21800 0 0
28 33600 21800 0 0
29 33600 21600 0 0
30 33400 21600 0 0
31 33200 21600 0 0
32 33000 21600 0 0
33 33000 21400 0 0
34 32800 21400 0 0
35 32600 21400 0 0
36 32400 21400 0 0
37 32400 21200 0 0
38 32200 21200 0 0
39 32000 21200 0 0
40 32000 21000 0 0
41 31800 21000 0 0
42 31600 21000 0 0
43 31400 21000 0 0
44 31400 20800 0 0
45 31200 20800 0 0
46 31000 20800 0 0
47 30800 20800 0 0
48 30800 20600 0 0
49 30600 20600 0 0
50 30400 20600 0 0
51 30400 20400 0 0
52 30200 20400 0 0
53 30000 20400 0 0
54 29800 20400 0 0
55 29600 20400 0 0
56 29400 20400 0 0
57 29200 20400 0 0
58 29000 20400 0 0
59 29000 20200 0 0
60 28800 20200 0 0
61 28600 20200 0 0
62 28400 20200 0 0
63 28200 20200 0 0
64 28000 20200 0 0
65 27800 20200 0 0
66 27600 20200 0 0
67 27400 20200 0 0
68 27200 20200 0 0
69 27000 20200 0 0
70 26800 20200 0 0
71 26600 20200 0 0
72 26600 20000 0 0
73 26400 20000 0 0
74 26200 20000 0 0
75 26000 20000 0 0
76 25800 20000 0 0
77 25600 20000 0 0
78 25400 20000 0 0
79 25200 20000 0 0
80 25000 20000 0 0
81 24800 20000 0 0
82 24600 20000 0 0
83 24400 20000 0 0
84 24200 20000 0 0
85 24000 20000 0 0
86 24000 19800 0 0
87 23800 19800 0 0
88 23600 19800 0 0
89 23400 19800 0 0
90 23200 19800 0 0
91 23000 19800 0 0
92 22800 19800 0 0
93 22600 19800 0 0
94 22400 19800 0 0
95 22400 19600 0 0
96 22200 19600 0 0
97 22000 19600 0 0
98 21800 19600 0 0
99 21600 19600 0 0
100 21400 19600 0 0
101 21400 19400 0 0
102 21200 19400 0 0
103 21000 19400 0 0
104 20800 19400 0 0
105 20600 19400 0 0
106 20400 19400 0 0
107 20200 19400 0 0
108 20000 19400 0 0
109 19800 19400 0 0
110 19600 19400 0 0
111 19400 19400 0 0
112 19200 19400 0 0
113 19000 19400 0 0
114 19000 19600 0 0
115 18800 19600 0 0
116 18600 19600 0 0
117 18400 19600 0 0
118 18200 19600 0 0
119 18000 19600 0 0
120 17800 19600 0 0
121 17600 19600 0 0
122 17400 19600 0 0
123 17200 19600 0 0
124 17000 19600 0 0
125 16800 19600 0 0
126 16800 19800 0 0
127 16600 19800 0 0
128 16400 19800 0 0
129 16200 19800 0 0
130 16000 19800 0 0
131 15800 19800 0 0
132 15600 19800 0 0
133 15400 19800 0 0
134 15200 19800 0 0
135 15000 19800 0 0
136 14800 19800 0 0
137 14600 19800 0 0
138 14400 19800 0 0
139 14200 19800 0 0
140 14000 19800 0 0
141 13800 19800 0 0
142 13600 19800 0 0
143 13400 19800 0 0
144 13200 19800 0 0
145 13000 19800 0 0
146 12800 19800 0 0
147 12600 19800 0 0
148 12400 19800 0 0
149 12200 19800 0 0
150 12000 19800 0 0
151 11800 19800 0 0
152 11600 19800 0 0
153 11400 19800 0 0
154 11200 19800 0 0
155 11000 19800 0 0
156 10800 19800 0 0
157 10800 19600 0 0
158 10600 19600 0 0
159 10400 19600 0 0
160 10400 19400 0 0
161 10200 19400 0 0
162 10200 19200 0 0
163 10000 19200 0 0
164 10000 19000 0 0
165 9800 19000 0 0
166 9600 19000 0 0
167 9600 18800 0 0
168 9400 18800 0 0
169 9200 18800 0 0
170 9200 18600 0 0
171 9000 18600 0 0
172 9000 18400 0 0
173 8800 18400 0 0
174 8800 18200 0 0
175 8600 18200 0 0
176 8600 18000 0 0
177 8400 18000 0 0
178 8200 18000 0 0
179 8200 17800 0 0
180 8200 17600 0 0
181 8000 17600 0 0
182 8000 17400 0 0
183 7800 17400 0 0
184 7800 17200 0 0
185 7600 17200 0 0
186 7600 17000 0 0
187 7400 17000 0 0
188 7400 16800 0 0
189 7200 16800 0 0
190 7200 16600 0 0
191 7000 16600 0 0
192 7000 16400 0 0
193 6800 16400 0 0
194 6800 16200 0 0
195 6600 16200 0 0
196 6600 16000 0 0
197 6400 16000 0 0
198 6400 15800 0 0
199 6200 15800 0 0
200 6200 15600 0 0
201 6000 15600 0 0
202 6000 15400 0 0
203 6000 15200 0 0
204 5800 15200 0 0
205 5600 15200 0 0
206 5600 15000 0 0
207 5400 15000 0 0
208 5400 14800 0 0
209 5400 14600 0 0
210 5200 14600 0 0
211 5200 14400 0 0
212 5000 14400 0 0
213 5000 14200 0 0
214 4800 14200 0 0
215 4600 14200 0 0
216 4600 14000 0 0
217 4600 13800 0 0
218 4600 13600 0 0
219 4600 13400 0 0
220 4600 13200 0 0
221 4600 13000 0 0
222 4600 12800 0 0
223 4400 12800 0 0
224 4400 12600 0 0
225 4400 12400 0 0
226 4400 12200 0 0
227 4400 12000 0 0
228 4400 11800 0 0
229 4400 11600 0 0
230 4400 11400 0 0
231 4400 11200 0 0
232 4400 11000 0 0
233 4400 10800 0 0
234 4400 10600 0 0
235 4400 10400 0 0
236 4400 10200 0 0
237 4600 10200 0 0
238 4600 10000 0 0
239 4600 9800 0 0
240 4600 9600 0 0
241 4600 9400 0 0
242 4600 9200 0 0
243 4600 9000 0 0
244 4600 8800 0 0
245 4800 8800 0 0
246 4800 8600 0 0
247 4600 8600 0 0
248 4600 8400 0 0
249 4600 8200 0 0
250 4600 8000 0 0
251 4400 8000 0 0
252 4400 7800 0 0
253 4400 7600 0 0
254 4200 7600 0 0
255 4200 7400 0 0
256 4200 7200 0 0
257 4000 7200 0 0
258 4000 7000 0 0
259 3800 7000 0 0
260 3800 6800 0 0
261 3600 6800 0 0
262 3600 6600 0 0
263 3400 6600 0 0
264 3200 6600 0 0
265 3200 6400 0 0
266 3000 6400 0 0
267 3000 6200 0 0
268 2800 6200 0 0
269 2800 6000 0 0
270 2600 6000 0 0
271 2600 5800 0 0
272 2400 5800 0 0
273 2200 5800 0 0
274 2200 5600 0 0
275 2000 5600 0 0
276 2000 5400 0 0
277 1800 5400 0 0
278 1800 5200 0 0
279 1600 5200 0 0
280 1600 5000 0 0
281 1400 5000 0 0
282 1200 5000 0 0
283 1200 4800 0 0
284 1000 4800 0 0
285 1000 4600 0 0
286 800 4600 0 0
287 600 4600 0 0
288 600 4400 0 0
289 400 4400 0 0
290 200 4400 0 0
291 200 4200 0 0
