0 195 64 0 0
1 194 64 0 0
2 193 64 0 0
3 194 64 0 0
4 193 64 0 0
5 192 64 0 0
6 191 64 0 0
7 192 64 0 0
8 191 64 0 0
9 190 64 0 0
10 191 64 0 0
11 190 64 0 0
12 189 64 0 0
13 190 64 0 0
14 189 64 0 0
15 188 64 0 0
16 189 64 0 0
17 188 64 0 0
18 187 64 0 0
19 186 64 0 0
20 187 64 0 0
21 186 64 0 0
22 185 64 0 0
23 186 64 0 0
24 185 64 0 0
25 184 64 0 0
26 183 64 0 0
27 184 64 0 0
28 183 64 0 0
29 183 63 0 0
30 182 63 0 0
31 183 63 0 0
32 182 63 0 0
33 181 63 0 0
34 180 63 0 0
35 181 63 0 0
36 180 63 0 0
37 179 63 0 0
38 179 62 0 0
39 178 62 0 0
40 179 62 0 0
41 178 62 0 0
42 177 62 0 0
43 178 62 0 0
44 177 62 0 0
45 176 62 0 0
46 175 62 0 0
47 176 62 0 0
48 175 62 0 0
49 174 62 0 0
50 174 61 0 0
51 175 61 0 0
52 174 61 0 0
53 173 61 0 0
54 172 61 0 0
55 173 61 0 0
56 172 61 0 0
57 171 61 0 0
58 172 61 0 0
59 171 61 0 0
60 171 60 0 0
61 170 60 0 0
62 169 60 0 0
63 170 60 0 0
64 169 60 0 0
65 168 60 0 0
66 169 60 0 0
67 168 60 0 0
68 168 59 0 0
69 167 59 0 0
70 166 59 0 0
71 167 59 0 0
72 166 59 0 0
73 165 59 0 0
74 165 58 0 0
75 166 58 0 0
76 165 58 0 0
77 164 58 0 0
78 165 58 0 0
79 164 58 0 0
80 163 58 0 0
81 163 57 0 0
82 164 57 0 0
83 163 57 0 0
84 162 57 0 0
85 161 57 0 0
86 162 57 0 0
87 161 57 0 0
88 161 56 0 0
89 160 56 0 0
90 161 56 0 0
91 160 56 0 0
92 159 56 0 0
93 159 55 0 0
94 160 55 0 0
95 159 55 0 0
96 158 55 0 0
97 159 55 0 0
98 158 55 0 0
99 158 54 0 0
100 157 54 0 0
101 158 54 0 0
102 157 54 0 0
103 156 54 0 0
104 157 54 0 0
105 156 54 0 0
106 156 53 0 0
107 155 53 0 0
108 156 53 0 0
109 155 53 0 0
110 154 53 0 0
111 154 52 0 0
112 153 52 0 0
113 154 52 0 0
114 153 52 0 0
115 154 52 0 0
116 153 52 0 0
117 153 51 0 0
118 152 51 0 0
119 153 51 0 0
120 152 51 0 0
121 151 51 0 0
122 151 50 0 0
123 150 50 0 0
124 151 50 0 0
125 150 50 0 0
126 151 50 0 0
127 150 50 0 0
128 150 49 0 0
129 149 49 0 0
130 148 49 0 0
131 149 49 0 0
132 148 49 0 0
133 148 48 0 0
134 147 48 0 0
135 148 48 0 0
136 147 48 0 0
137 146 48 0 0
138 147 48 0 0
139 146 48 0 0
140 146 47 0 0
141 145 47 0 0
142 146 47 0 0
143 145 47 0 0
144 144 47 0 0
145 143 47 0 0
146 144 47 0 0
147 143 47 0 0
148 142 47 0 0
149 142 46 0 0
150 141 46 0 0
151 142 46 0 0
152 141 46 0 0
153 140 46 0 0
154 141 46 0 0
155 140 46 0 0
156 140 45 0 0
157 139 45 0 0
158 138 45 0 0
159 139 45 0 0
160 138 45 0 0
161 137 45 0 0
162 136 45 0 0
163 136 44 0 0
164 137 44 0 0
165 136 44 0 0
166 135 44 0 0
167 136 44 0 0
168 135 44 0 0
169 134 44 0 0
170 134 43 0 0
171 133 43 0 0
172 134 43 0 0
173 133 43 0 0
174 132 43 0 0
175 133 43 0 0
176 132 43 0 0
177 131 43 0 0
178 131 42 0 0
179 130 42 0 0
180 131 42 0 0
181 130 42 0 0
182 129 42 0 0
183 128 42 0 0
184 129 42 0 0
185 128 42 0 0
186 127 42 0 0
187 127 41 0 0
188 128 41 0 0
189 127 41 0 0
190 126 41 0 0
191 125 41 0 0
192 126 41 0 0
193 125 41 0 0
194 124 41 0 0
195 124 40 0 0
196 123 40 0 0
197 124 40 0 0
198 123 40 0 0
199 122 40 0 0
200 123 40 0 0
201 122 40 0 0
202 121 40 0 0
203 122 40 0 0
204 121 40 0 0
205 120 40 0 0
206 119 40 0 0
207 119 39 0 0
208 120 39 0 0
209 119 39 0 0
210 118 39 0 0
211 119 39 0 0
212 118 39 0 0
213 117 39 0 0
214 116 39 0 0
215 117 39 0 0
216 116 39 0 0
217 116 38 0 0
218 115 38 0 0
219 114 38 0 0
220 113 38 0 0
221 114 38 0 0
222 113 38 0 0
223 112 38 0 0
224 111 38 0 0
225 112 38 0 0
226 111 38 0 0
227 110 38 0 0
228 111 38 0 0
229 110 38 0 0
230 110 37 0 0
231 109 37 0 0
232 108 37 0 0
233 109 37 0 0
234 108 37 0 0
235 107 37 0 0
236 106 37 0 0
237 105 37 0 0
238 106 37 0 0
239 105 37 0 0
240 104 37 0 0
241 103 37 0 0
242 103 36 0 0
243 104 36 0 0
244 103 36 0 0
245 102 36 0 0
246 103 36 0 0
247 102 36 0 0
248 101 36 0 0
249 100 36 0 0
250 101 36 0 0
251 100 36 0 0
252 99 36 0 0
253 100 36 0 0
254 99 36 0 0
255 98 36 0 0
256 99 36 0 0
257 98 36 0 0
258 97 36 0 0
259 96 36 0 0
260 97 36 0 0
261 96 36 0 0
262 95 36 0 0
263 96 36 0 0
264 95 36 0 0
265 94 36 0 0
266 94 37 0 0
267 95 37 0 0
268 94 37 0 0
269 93 37 0 0
270 94 37 0 0
271 93 37 0 0
272 92 37 0 0
273 91 37 0 0
274 92 37 0 0
275 91 37 0 0
276 90 37 0 0
277 91 37 0 0
278 90 37 0 0
279 89 37 0 0
280 90 37 0 0
281 89 37 0 0
282 88 37 0 0
283 89 37 0 0
284 88 37 0 0
285 87 37 0 0
286 86 37 0 0
287 86 36 0 0
288 87 36 0 0
289 86 36 0 0
290 85 36 0 0
291 86 36 0 0
292 85 36 0 0
293 84 36 0 0
294 83 36 0 0
295 84 36 0 0
296 83 36 0 0
297 83 35 0 0
298 82 35 0 0
299 83 35 0 0
300 82 35 0 0
301 81 35 0 0
302 82 35 0 0
303 81 35 0 0
304 80 35 0 0
305 81 35 0 0
306 80 35 0 0
307 79 35 0 0
308 78 35 0 0
309 79 35 0 0
310 78 35 0 0
311 77 35 0 0
312 78 35 0 0
313 77 35 0 0
314 76 35 0 0
315 77 35 0 0
316 76 35 0 0
317 75 35 0 0
318 76 35 0 0
319 75 35 0 0
320 74 35 0 0
321 73 35 0 0
322 74 35 0 0
323 73 35 0 0
324 72 35 0 0
325 73 35 0 0
326 72 35 0 0
327 71 35 0 0
328 70 35 0 0
329 71 35 0 0
330 70 35 0 0
331 69 35 0 0
332 70 35 0 0
333 69 35 0 0
334 68 35 0 0
335 67 35 0 0
336 68 35 0 0
337 67 35 0 0
338 66 35 0 0
339 65 35 0 0
340 66 35 0 0
341 65 35 0 0
342 64 35 0 0
343 63 35 0 0
344 64 35 0 0
345 63 35 0 0
346 62 35 0 0
347 61 35 0 0
348 62 35 0 0
349 61 35 0 0
350 60 35 0 0
351 60 34 0 0
352 61 34 0 0
353 60 34 0 0
354 59 34 0 0
355 60 34 0 0
356 59 34 0 0
357 58 34 0 0
358 59 34 0 0
359 58 34 0 0
360 57 34 0 0
361 57 33 0 0
362 58 33 0 0
363 57 33 0 0
364 56 33 0 0
365 57 33 0 0
366 56 33 0 0
367 55 33 0 0
368 56 33 0 0
369 55 33 0 0
370 54 33 0 0
371 55 33 0 0
372 54 33 0 0
373 53 33 0 0
374 53 32 0 0
375 54 32 0 0
376 53 32 0 0
377 52 32 0 0
378 53 32 0 0
379 52 32 0 0
380 51 32 0 0
381 52 32 0 0
382 51 32 0 0
383 50 32 0 0
384 50 31 0 0
385 51 31 0 0
386 50 31 0 0
387 49 31 0 0
388 48 31 0 0
389 49 31 0 0
390 48 31 0 0
391 49 31 0 0
392 48 31 0 0
393 47 31 0 0
394 47 30 0 0
395 46 30 0 0
396 47 30 0 0
397 46 30 0 0
398 45 30 0 0
399 46 30 0 0
400 45 30 0 0
401 45 29 0 0
402 46 29 0 0
403 45 29 0 0
404 44 29 0 0
405 43 29 0 0
406 43 28 0 0
407 44 28 0 0
408 43 28 0 0
409 42 28 0 0
410 43 28 0 0
411 42 28 0 0
412 42 27 0 0
413 41 27 0 0
414 42 27 0 0
415 41 27 0 0
416 40 27 0 0
417 40 26 0 0
418 41 26 0 0
419 40 26 0 0
420 39 26 0 0
421 40 26 0 0
422 39 26 0 0
423 39 25 0 0
424 38 25 0 0
425 39 25 0 0
426 38 25 0 0
427 38 24 0 0
428 37 24 0 0
429 38 24 0 0
430 37 24 0 0
431 36 24 0 0
432 36 23 0 0
433 37 23 0 0
434 36 23 0 0
435 37 23 0 0
436 36 23 0 0
437 35 23 0 0
438 35 22 0 0
439 36 22 0 0
440 35 22 0 0
441 34 22 0 0
442 35 22 0 0
443 34 22 0 0
444 34 21 0 0
445 33 21 0 0
446 34 21 0 0
447 33 21 0 0
448 34 21 0 0
449 33 21 0 0
450 33 20 0 0
451 32 20 0 0
452 33 20 0 0
453 32 20 0 0
454 33 20 0 0
455 32 20 0 0
456 32 19 0 0
457 31 19 0 0
458 32 19 0 0
459 31 19 0 0
460 30 19 0 0
461 31 19 0 0
462 30 19 0 0
463 30 18 0 0
464 31 18 0 0
465 30 18 0 0
466 29 18 0 0
467 30 18 0 0
468 29 18 0 0
469 29 17 0 0
470 28 17 0 0
471 29 17 0 0
472 28 17 0 0
473 28 16 0 0
474 29 16 0 0
475 28 16 0 0
476 27 16 0 0
477 28 16 0 0
478 27 16 0 0
479 27 15 0 0
480 26 15 0 0
481 27 15 0 0
482 26 15 0 0
483 27 15 0 0
484 26 15 0 0
485 26 14 0 0
486 25 14 0 0
487 26 14 0 0
488 25 14 0 0
489 24 14 0 0
490 24 13 0 0
491 25 13 0 0
492 24 13 0 0
493 25 13 0 0
494 24 13 0 0
495 24 12 0 0
496 23 12 0 0
497 24 12 0 0
498 23 12 0 0
499 24 12 0 0
500 23 12 0 0
501 23 11 0 0
502 22 11 0 0
503 23 11 0 0
504 22 11 0 0
505 22 10 0 0
506 21 10 0 0
507 22 10 0 0
508 21 10 0 0
509 22 10 0 0
510 21 10 0 0
511 21 9 0 0
512 20 9 0 0
513 21 9 0 0
514 20 9 0 0
515 20 8 0 0
516 21 8 0 0
517 20 8 0 0
518 19 8 0 0
519 19 7 0 0
520 20 7 0 0
521 19 7 0 0
522 18 7 0 0
523 18 6 0 0
524 19 6 0 0
525 18 6 0 0
526 19 6 0 0
527 18 6 0 0
528 18 5 0 0
529 19 5 0 0
530 18 5 0 0
531 17 5 0 0
532 16 5 0 0
533 16 4 0 0
534 17 4 0 0
535 16 4 0 0
536 15 4 0 0
537 16 4 0 0
538 15 4 0 0
539 14 4 0 0
540 14 3 0 0
541 15 3 0 0
542 14 3 0 0
543 13 3 0 0
544 13 2 0 0
545 14 2 0 0
546 13 2 0 0
547 14 2 0 0
548 15 2 0 0
549 14 2 0 0
550 15 2 0 0
