0 4 148 0 0
1 5 148 0 0
2 4 148 0 0
3 4 147 0 0
4 5 147 0 0
5 4 147 0 0
6 4 146 0 0
7 5 146 0 0
8 4 146 0 0
9 5 146 0 0
10 4 146 0 0
11 4 145 0 0
12 5 145 0 0
13 4 145 0 0
14 4 144 0 0
15 5 144 0 0
16 4 144 0 0
17 5 144 0 0
18 4 144 0 0
19 4 143 0 0
20 5 143 0 0
21 4 143 0 0
22 4 142 0 0
23 5 142 0 0
24 4 142 0 0
25 4 141 0 0
26 5 141 0 0
27 4 141 0 0
28 5 141 0 0
29 4 141 0 0
30 4 140 0 0
31 5 140 0 0
32 4 140 0 0
33 5 140 0 0
34 4 140 0 0
35 4 139 0 0
36 5 139 0 0
37 5 138 0 0
38 6 138 0 0
39 5 138 0 0
40 6 138 0 0
41 5 138 0 0
42 5 137 0 0
43 6 137 0 0
44 5 137 0 0
45 5 136 0 0
46 6 136 0 0
47 5 136 0 0
48 6 136 0 0
49 5 136 0 0
50 5 135 0 0
51 6 135 0 0
52 5 135 0 0
53 5 134 0 0
54 6 134 0 0
55 5 134 0 0
56 6 134 0 0
57 5 134 0 0
58 5 133 0 0
59 6 133 0 0
60 5 133 0 0
61 5 132 0 0
62 6 132 0 0
63 5 132 0 0
64 6 132 0 0
65 5 132 0 0
66 5 131 0 0
67 6 131 0 0
68 5 131 0 0
69 5 130 0 0
70 6 130 0 0
71 5 130 0 0
72 6 130 0 0
73 5 130 0 0
74 5 129 0 0
75 6 129 0 0
76 5 129 0 0
77 5 128 0 0
78 6 128 0 0
79 5 128 0 0
80 6 128 0 0
81 5 128 0 0
82 5 127 0 0
83 6 127 0 0
84 5 127 0 0
85 5 126 0 0
86 6 126 0 0
87 5 126 0 0
88 6 126 0 0
89 5 126 0 0
90 5 125 0 0
91 6 125 0 0
92 5 125 0 0
93 5 124 0 0
94 6 124 0 0
95 5 124 0 0
96 6 124 0 0
97 5 124 0 0
98 5 123 0 0
99 6 123 0 0
100 5 123 0 0
101 5 122 0 0
102 6 122 0 0
103 5 122 0 0
104 5 121 0 0
105 6 121 0 0
106 5 121 0 0
107 6 121 0 0
108 5 121 0 0
109 5 120 0 0
110 6 120 0 0
111 5 120 0 0
112 6 120 0 0
113 5 120 0 0
114 5 119 0 0
115 6 119 0 0
116 5 119 0 0
117 5 118 0 0
118 6 118 0 0
119 5 118 0 0
120 5 117 0 0
121 6 117 0 0
122 5 117 0 0
123 6 117 0 0
124 5 117 0 0
125 5 116 0 0
126 6 116 0 0
127 5 116 0 0
128 6 116 0 0
129 6 115 0 0
130 7 115 0 0
131 6 115 0 0
132 6 114 0 0
133 7 114 0 0
134 6 114 0 0
135 7 114 0 0
136 6 114 0 0
137 6 113 0 0
138 7 113 0 0
139 6 113 0 0
140 6 112 0 0
141 7 112 0 0
142 6 112 0 0
143 6 111 0 0
144 7 111 0 0
145 6 111 0 0
146 7 111 0 0
147 6 111 0 0
148 6 110 0 0
149 7 110 0 0
150 6 110 0 0
151 6 109 0 0
152 7 109 0 0
153 6 109 0 0
154 7 109 0 0
155 6 109 0 0
156 6 108 0 0
157 7 108 0 0
158 6 108 0 0
159 6 107 0 0
160 7 107 0 0
161 6 107 0 0
162 6 106 0 0
163 7 106 0 0
164 6 106 0 0
165 7 106 0 0
166 6 106 0 0
167 6 105 0 0
168 7 105 0 0
169 6 105 0 0
170 6 104 0 0
171 7 104 0 0
172 6 104 0 0
173 7 104 0 0
174 6 104 0 0
175 6 103 0 0
176 7 103 0 0
177 6 103 0 0
178 7 103 0 0
179 6 103 0 0
180 6 102 0 0
181 7 102 0 0
182 6 102 0 0
183 6 101 0 0
184 7 101 0 0
185 6 101 0 0
186 7 101 0 0
187 6 101 0 0
188 6 100 0 0
189 7 100 0 0
190 7 99 0 0
191 8 99 0 0
192 7 99 0 0
193 8 99 0 0
194 7 99 0 0
195 7 98 0 0
196 8 98 0 0
197 7 98 0 0
198 7 97 0 0
199 8 97 0 0
200 7 97 0 0
201 8 97 0 0
202 7 97 0 0
203 7 96 0 0
204 8 96 0 0
205 7 96 0 0
206 7 95 0 0
207 8 95 0 0
208 7 95 0 0
209 8 95 0 0
210 7 95 0 0
211 7 94 0 0
212 8 94 0 0
213 7 94 0 0
214 7 93 0 0
215 8 93 0 0
216 7 93 0 0
217 8 93 0 0
218 7 93 0 0
219 7 92 0 0
220 8 92 0 0
221 7 92 0 0
222 8 92 0 0
223 7 92 0 0
224 7 91 0 0
225 8 91 0 0
226 7 91 0 0
227 7 90 0 0
228 8 90 0 0
229 7 90 0 0
230 8 90 0 0
231 7 90 0 0
232 7 89 0 0
233 8 89 0 0
234 7 89 0 0
235 7 88 0 0
236 8 88 0 0
237 7 88 0 0
238 8 88 0 0
239 8 87 0 0
240 9 87 0 0
241 8 87 0 0
242 8 86 0 0
243 9 86 0 0
244 8 86 0 0
245 9 86 0 0
246 8 86 0 0
247 8 85 0 0
248 9 85 0 0
249 8 85 0 0
250 8 84 0 0
251 9 84 0 0
252 8 84 0 0
253 9 84 0 0
254 8 84 0 0
255 8 83 0 0
256 9 83 0 0
257 8 83 0 0
258 8 82 0 0
259 9 82 0 0
260 8 82 0 0
261 9 82 0 0
262 8 82 0 0
263 8 81 0 0
264 9 81 0 0
265 8 81 0 0
266 8 80 0 0
267 9 80 0 0
268 8 80 0 0
269 9 80 0 0
270 8 80 0 0
271 8 79 0 0
272 9 79 0 0
273 8 79 0 0
274 9 79 0 0
275 8 79 0 0
276 8 78 0 0
277 9 78 0 0
278 8 78 0 0
279 8 77 0 0
280 9 77 0 0
281 8 77 0 0
282 9 77 0 0
283 8 77 0 0
284 8 76 0 0
285 9 76 0 0
286 8 76 0 0
287 8 75 0 0
288 9 75 0 0
289 8 75 0 0
290 9 75 0 0
291 9 74 0 0
292 10 74 0 0
293 9 74 0 0
294 9 73 0 0
295 10 73 0 0
296 9 73 0 0
297 10 73 0 0
298 9 73 0 0
299 9 72 0 0
300 10 72 0 0
301 9 72 0 0
302 9 71 0 0
303 10 71 0 0
304 9 71 0 0
305 10 71 0 0
306 9 71 0 0
307 9 70 0 0
308 10 70 0 0
309 9 70 0 0
310 9 69 0 0
311 10 69 0 0
312 9 69 0 0
313 10 69 0 0
314 9 69 0 0
315 9 68 0 0
316 10 68 0 0
317 9 68 0 0
318 9 67 0 0
319 10 67 0 0
320 9 67 0 0
321 10 67 0 0
322 9 67 0 0
323 9 66 0 0
324 10 66 0 0
325 9 66 0 0
326 9 65 0 0
327 10 65 0 0
328 9 65 0 0
329 10 65 0 0
330 9 65 0 0
331 9 64 0 0
332 10 64 0 0
333 9 64 0 0
334 9 63 0 0
335 10 63 0 0
336 9 63 0 0
337 9 62 0 0
338 10 62 0 0
339 9 62 0 0
340 10 62 0 0
341 9 62 0 0
342 9 61 0 0
343 10 61 0 0
344 10 60 0 0
345 11 60 0 0
346 10 60 0 0
347 11 60 0 0
348 10 60 0 0
349 10 59 0 0
350 11 59 0 0
351 10 59 0 0
352 10 58 0 0
353 11 58 0 0
354 10 58 0 0
355 11 58 0 0
356 10 58 0 0
357 10 57 0 0
358 11 57 0 0
359 10 57 0 0
360 10 56 0 0
361 11 56 0 0
362 10 56 0 0
363 11 56 0 0
364 10 56 0 0
365 10 55 0 0
366 11 55 0 0
367 10 55 0 0
368 10 54 0 0
369 11 54 0 0
370 10 54 0 0
371 11 54 0 0
372 10 54 0 0
373 10 53 0 0
374 11 53 0 0
375 10 53 0 0
376 10 52 0 0
377 11 52 0 0
378 10 52 0 0
379 11 52 0 0
380 10 52 0 0
381 10 51 0 0
382 11 51 0 0
383 10 51 0 0
384 10 50 0 0
385 11 50 0 0
386 10 50 0 0
387 11 50 0 0
388 10 50 0 0
389 10 49 0 0
390 11 49 0 0
391 10 49 0 0
392 10 48 0 0
393 11 48 0 0
394 10 48 0 0
395 11 48 0 0
396 10 48 0 0
397 10 47 0 0
398 11 47 0 0
399 10 47 0 0
400 10 46 0 0
401 11 46 0 0
402 10 46 0 0
403 11 46 0 0
404 10 46 0 0
405 10 45 0 0
406 11 45 0 0
407 10 45 0 0
408 11 45 0 0
409 10 45 0 0
410 10 44 0 0
411 11 44 0 0
412 10 44 0 0
413 10 43 0 0
414 11 43 0 0
415 10 43 0 0
416 11 43 0 0
417 10 43 0 0
418 10 42 0 0
419 11 42 0 0
420 10 42 0 0
421 10 41 0 0
422 11 41 0 0
423 11 40 0 0
424 12 40 0 0
425 11 40 0 0
426 12 40 0 0
427 11 40 0 0
428 11 39 0 0
429 12 39 0 0
430 11 39 0 0
431 11 38 0 0
432 12 38 0 0
433 11 38 0 0
434 12 38 0 0
435 11 38 0 0
436 11 37 0 0
437 12 37 0 0
438 11 37 0 0
439 12 37 0 0
440 11 37 0 0
441 11 36 0 0
442 12 36 0 0
443 11 36 0 0
444 11 35 0 0
445 12 35 0 0
446 11 35 0 0
447 12 35 0 0
448 11 35 0 0
449 11 34 0 0
450 12 34 0 0
451 11 34 0 0
452 11 33 0 0
453 12 33 0 0
454 11 33 0 0
455 12 33 0 0
456 11 33 0 0
457 11 32 0 0
458 12 32 0 0
459 11 32 0 0
460 11 31 0 0
461 12 31 0 0
462 11 31 0 0
463 11 30 0 0
464 12 30 0 0
465 11 30 0 0
466 12 30 0 0
467 11 30 0 0
468 11 29 0 0
469 12 29 0 0
470 11 29 0 0
471 12 29 0 0
472 11 29 0 0
473 11 28 0 0
474 12 28 0 0
475 11 28 0 0
476 11 27 0 0
477 12 27 0 0
478 11 27 0 0
479 11 26 0 0
480 12 26 0 0
481 11 26 0 0
482 12 26 0 0
483 11 26 0 0
484 11 25 0 0
485 12 25 0 0
486 11 25 0 0
487 12 25 0 0
488 11 25 0 0
489 11 24 0 0
490 12 24 0 0
491 11 24 0 0
492 11 23 0 0
493 12 23 0 0
494 11 23 0 0
495 12 23 0 0
496 11 23 0 0
497 11 22 0 0
498 12 22 0 0
499 11 22 0 0
500 11 21 0 0
501 12 21 0 0
502 11 21 0 0
503 11 20 0 0
504 12 20 0 0
505 11 20 0 0
506 12 20 0 0
507 11 20 0 0
508 11 19 0 0
509 12 19 0 0
510 13 19 0 0
511 12 19 0 0
512 12 18 0 0
513 13 18 0 0
514 12 18 0 0
515 13 18 0 0
516 12 18 0 0
517 12 17 0 0
518 13 17 0 0
519 12 17 0 0
520 12 16 0 0
521 13 16 0 0
522 12 16 0 0
523 13 16 0 0
524 12 16 0 0
525 12 15 0 0
526 13 15 0 0
527 13 14 0 0
528 14 14 0 0
529 13 14 0 0
530 14 14 0 0
531 13 14 0 0
532 13 13 0 0
533 14 13 0 0
534 13 13 0 0
535 13 12 0 0
536 14 12 0 0
537 13 12 0 0
538 13 11 0 0
539 14 11 0 0
540 13 11 0 0
541 14 11 0 0
542 13 11 0 0
543 13 10 0 0
544 14 10 0 0
545 13 10 0 0
546 13 9 0 0
547 14 9 0 0
548 13 9 0 0
549 13 8 0 0
550 14 8 0 0
551 13 8 0 0
552 13 7 0 0
553 14 7 0 0
554 13 7 0 0
555 13 6 0 0
556 14 6 0 0
557 13 6 0 0
558 14 6 0 0
559 13 6 0 0
560 14 6 0 0
561 13 6 0 0
562 13 5 0 0
