0 26 3 0 0
1 26 4 0 0
2 27 4 0 0
3 27 5 0 0
4 28 5 0 0
5 28 6 0 0
6 29 6 0 0
7 29 7 0 0
8 30 7 0 0
9 30 8 0 0
10 31 8 0 0
11 31 9 0 0
12 32 9 0 0
13 32 10 0 0
14 33 10 0 0
15 33 11 0 0
16 34 11 0 0
17 34 12 0 0
18 35 12 0 0
19 35 13 0 0
20 36 13 0 0
21 36 14 0 0
22 36 15 0 0
23 37 15 0 0
24 37 16 0 0
25 38 16 0 0
26 38 17 0 0
27 39 17 0 0
28 39 18 0 0
29 40 18 0 0
30 40 19 0 0
31 41 19 0 0
32 42 19 0 0
33 42 20 0 0
34 43 20 0 0
35 44 20 0 0
36 45 20 0 0
37 45 21 0 0
38 46 21 0 0
39 47 21 0 0
40 48 21 0 0
41 48 22 0 0
42 49 22 0 0
43 50 22 0 0
44 51 22 0 0
45 52 22 0 0
46 52 23 0 0
47 53 23 0 0
48 54 23 0 0
49 55 23 0 0
50 56 23 0 0
51 56 24 0 0
52 57 24 0 0
53 58 24 0 0
54 59 24 0 0
55 60 24 0 0
56 61 24 0 0
57 62 24 0 0
58 63 24 0 0
59 64 24 0 0
60 65 24 0 0
61 66 24 0 0
62 67 24 0 0
63 68 24 0 0
64 69 24 0 0
65 70 24 0 0
66 70 25 0 0
67 71 25 0 0
68 72 25 0 0
69 73 25 0 0
70 74 25 0 0
71 75 25 0 0
72 76 25 0 0
73 77 25 0 0
74 78 25 0 0
75 79 25 0 0
76 80 25 0 0
77 81 25 0 0
78 82 25 0 0
79 82 26 0 0
80 83 26 0 0
81 84 26 0 0
82 85 26 0 0
83 86 26 0 0
84 86 27 0 0
85 87 27 0 0
86 88 27 0 0
87 89 27 0 0
88 90 27 0 0
89 90 28 0 0
90 91 28 0 0
91 92 28 0 0
92 93 28 0 0
93 94 28 0 0
94 94 29 0 0
95 95 29 0 0
96 96 29 0 0
97 97 29 0 0
98 98 29 0 0
99 99 29 0 0
100 99 30 0 0
101 100 30 0 0
102 101 30 0 0
103 102 30 0 0
104 102 31 0 0
105 103 31 0 0
106 104 31 0 0
107 105 31 0 0
108 106 31 0 0
109 106 32 0 0
110 107 32 0 0
111 108 32 0 0
112 109 32 0 0
113 110 32 0 0
114 111 32 0 0
115 111 33 0 0
116 112 33 0 0
117 113 33 0 0
118 114 33 0 0
119 115 33 0 0
120 115 34 0 0
121 116 34 0 0
122 117 34 0 0
123 118 34 0 0
124 119 34 0 0
125 120 34 0 0
126 120 35 0 0
127 121 35 0 0
128 122 35 0 0
129 122 36 0 0
130 123 36 0 0
131 124 36 0 0
132 125 36 0 0
133 126 36 0 0
134 126 37 0 0
135 127 37 0 0
136 128 37 0 0
137 128 38 0 0
138 129 38 0 0
139 130 38 0 0
140 130 39 0 0
141 131 39 0 0
142 132 39 0 0
143 133 39 0 0
144 133 40 0 0
145 134 40 0 0
146 135 40 0 0
147 135 41 0 0
148 136 41 0 0
149 137 41 0 0
150 137 42 0 0
151 138 42 0 0
152 139 42 0 0
153 140 42 0 0
154 140 43 0 0
155 141 43 0 0
156 142 43 0 0
157 143 43 0 0
158 143 44 0 0
159 144 44 0 0
160 145 44 0 0
161 145 45 0 0
162 146 45 0 0
163 147 45 0 0
164 147 46 0 0
165 148 46 0 0
166 149 46 0 0
167 150 46 0 0
168 150 47 0 0
169 151 47 0 0
170 152 47 0 0
171 152 48 0 0
172 153 48 0 0
173 154 48 0 0
174 155 48 0 0
175 155 49 0 0
176 156 49 0 0
177 156 50 0 0
178 157 50 0 0
179 158 50 0 0
180 159 50 0 0
181 160 50 0 0
182 160 51 0 0
183 161 51 0 0
184 161 52 0 0
185 162 52 0 0
186 163 52 0 0
187 164 52 0 0
188 164 53 0 0
189 165 53 0 0
190 166 53 0 0
191 167 53 0 0
192 167 54 0 0
193 168 54 0 0
194 169 54 0 0
195 170 54 0 0
196 170 55 0 0
197 171 55 0 0
198 172 55 0 0
199 173 55 0 0
200 174 55 0 0
201 174 56 0 0
202 175 56 0 0
203 176 56 0 0
204 177 56 0 0
205 177 57 0 0
206 178 57 0 0
207 179 57 0 0
208 180 57 0 0
209 180 58 0 0
210 181 58 0 0
211 182 58 0 0
212 183 58 0 0
213 184 58 0 0
214 184 57 0 0
215 184 56 0 0
216 184 57 0 0
217 185 57 0 0
218 186 57 0 0
219 187 57 0 0
220 188 57 0 0
221 188 58 0 0
222 189 58 0 0
223 190 58 0 0
224 191 58 0 0
225 191 57 0 0
226 192 57 0 0
227 193 57 0 0
228 194 57 0 0
229 194 58 0 0
