0 26 4 0 0
1 27 4 0 0
2 26 4 0 0
3 27 4 0 0
4 26 4 0 0
5 27 4 0 0
6 26 4 0 0
7 27 4 0 0
8 28 4 0 0
9 27 4 0 0
10 28 4 0 0
11 27 4 0 0
12 28 4 0 0
13 27 4 0 0
14 28 4 0 0
15 28 5 0 0
16 29 5 0 0
17 28 5 0 0
18 29 5 0 0
19 28 5 0 0
20 29 5 0 0
21 28 5 0 0
22 29 5 0 0
23 30 5 0 0
24 29 5 0 0
25 30 5 0 0
26 29 5 0 0
27 29 6 0 0
28 30 6 0 0
29 29 6 0 0
30 30 6 0 0
31 29 6 0 0
32 30 6 0 0
33 31 6 0 0
34 30 6 0 0
35 30 7 0 0
36 31 7 0 0
37 30 7 0 0
38 31 7 0 0
39 32 7 0 0
40 31 7 0 0
41 32 7 0 0
42 31 7 0 0
43 32 7 0 0
44 31 7 0 0
45 31 8 0 0
46 32 8 0 0
47 31 8 0 0
48 32 8 0 0
49 33 8 0 0
50 32 8 0 0
51 33 8 0 0
52 32 8 0 0
53 33 8 0 0
54 32 8 0 0
55 33 8 0 0
56 32 8 0 0
57 32 9 0 0
58 33 9 0 0
59 34 9 0 0
60 33 9 0 0
61 34 9 0 0
62 33 9 0 0
63 34 9 0 0
64 34 10 0 0
65 35 10 0 0
66 34 10 0 0
67 35 10 0 0
68 34 10 0 0
69 35 10 0 0
70 34 10 0 0
71 35 10 0 0
72 34 10 0 0
73 35 10 0 0
74 35 11 0 0
75 36 11 0 0
76 35 11 0 0
77 36 11 0 0
78 35 11 0 0
79 36 11 0 0
80 37 11 0 0
81 36 11 0 0
82 36 12 0 0
83 37 12 0 0
84 36 12 0 0
85 37 12 0 0
86 36 12 0 0
87 37 12 0 0
88 36 12 0 0
89 37 12 0 0
90 38 12 0 0
91 37 12 0 0
92 38 12 0 0
93 37 12 0 0
94 37 13 0 0
95 38 13 0 0
96 37 13 0 0
97 38 13 0 0
98 39 13 0 0
99 38 13 0 0
100 39 13 0 0
101 38 13 0 0
102 39 13 0 0
103 40 13 0 0
104 39 13 0 0
105 39 14 0 0
106 40 14 0 0
107 39 14 0 0
108 40 14 0 0
109 39 14 0 0
110 40 14 0 0
111 41 14 0 0
112 40 14 0 0
113 41 14 0 0
114 40 14 0 0
115 41 14 0 0
116 42 14 0 0
117 41 14 0 0
118 41 15 0 0
119 42 15 0 0
120 41 15 0 0
121 42 15 0 0
122 43 15 0 0
123 42 15 0 0
124 43 15 0 0
125 42 15 0 0
126 43 15 0 0
127 44 15 0 0
128 43 15 0 0
129 44 15 0 0
130 43 15 0 0
131 43 16 0 0
132 44 16 0 0
133 45 16 0 0
134 44 16 0 0
135 45 16 0 0
136 44 16 0 0
137 45 16 0 0
138 44 16 0 0
139 45 16 0 0
140 46 16 0 0
141 45 16 0 0
142 46 16 0 0
143 45 16 0 0
144 45 17 0 0
145 46 17 0 0
146 47 17 0 0
147 46 17 0 0
148 47 17 0 0
149 46 17 0 0
150 47 17 0 0
151 48 17 0 0
152 47 17 0 0
153 48 17 0 0
154 47 17 0 0
155 48 17 0 0
156 48 18 0 0
157 49 18 0 0
158 48 18 0 0
159 49 18 0 0
160 48 18 0 0
161 49 18 0 0
162 50 18 0 0
163 49 18 0 0
164 50 18 0 0
165 49 18 0 0
166 50 18 0 0
167 49 18 0 0
168 50 18 0 0
169 51 18 0 0
170 50 18 0 0
171 50 19 0 0
172 51 19 0 0
173 52 19 0 0
174 51 19 0 0
175 52 19 0 0
176 51 19 0 0
177 52 19 0 0
178 53 19 0 0
179 52 19 0 0
180 53 19 0 0
181 54 19 0 0
182 53 19 0 0
183 54 19 0 0
184 53 19 0 0
185 54 19 0 0
186 55 19 0 0
187 54 19 0 0
188 54 20 0 0
189 55 20 0 0
190 54 20 0 0
191 55 20 0 0
192 54 20 0 0
193 55 20 0 0
194 56 20 0 0
195 55 20 0 0
196 56 20 0 0
197 57 20 0 0
198 56 20 0 0
199 57 20 0 0
200 56 20 0 0
201 56 21 0 0
202 57 21 0 0
203 58 21 0 0
204 57 21 0 0
205 58 21 0 0
206 57 21 0 0
207 58 21 0 0
208 59 21 0 0
209 58 21 0 0
210 59 21 0 0
211 60 21 0 0
212 59 21 0 0
213 60 21 0 0
214 59 21 0 0
215 59 22 0 0
216 60 22 0 0
217 61 22 0 0
218 60 22 0 0
219 61 22 0 0
220 60 22 0 0
221 61 22 0 0
222 62 22 0 0
223 61 22 0 0
224 62 22 0 0
225 61 22 0 0
226 62 22 0 0
227 62 23 0 0
228 63 23 0 0
229 62 23 0 0
230 63 23 0 0
231 64 23 0 0
232 63 23 0 0
233 64 23 0 0
234 63 23 0 0
235 64 23 0 0
236 65 23 0 0
237 64 23 0 0
238 64 24 0 0
239 65 24 0 0
240 66 24 0 0
241 65 24 0 0
242 66 24 0 0
243 65 24 0 0
244 66 24 0 0
245 67 24 0 0
246 66 24 0 0
247 67 24 0 0
248 67 25 0 0
249 68 25 0 0
250 67 25 0 0
251 68 25 0 0
252 67 25 0 0
253 68 25 0 0
254 69 25 0 0
255 68 25 0 0
256 69 25 0 0
257 70 25 0 0
258 69 25 0 0
259 69 26 0 0
260 70 26 0 0
261 69 26 0 0
262 70 26 0 0
263 71 26 0 0
264 70 26 0 0
265 71 26 0 0
266 70 26 0 0
267 71 26 0 0
268 72 26 0 0
269 71 26 0 0
270 72 26 0 0
271 73 26 0 0
272 72 26 0 0
273 72 27 0 0
274 73 27 0 0
275 72 27 0 0
276 73 27 0 0
277 74 27 0 0
278 73 27 0 0
279 74 27 0 0
280 75 27 0 0
281 74 27 0 0
282 75 27 0 0
283 74 27 0 0
284 74 28 0 0
285 75 28 0 0
286 76 28 0 0
287 75 28 0 0
288 76 28 0 0
289 77 28 0 0
290 76 28 0 0
291 77 28 0 0
292 78 28 0 0
293 77 28 0 0
294 78 28 0 0
295 79 28 0 0
296 78 28 0 0
297 79 28 0 0
298 78 28 0 0
299 79 28 0 0
300 80 28 0 0
301 79 28 0 0
302 80 28 0 0
303 80 27 0 0
304 81 27 0 0
305 80 27 0 0
306 81 27 0 0
307 80 27 0 0
308 81 27 0 0
309 82 27 0 0
310 81 27 0 0
311 82 27 0 0
312 83 27 0 0
313 82 27 0 0
314 82 26 0 0
315 83 26 0 0
316 84 26 0 0
317 83 26 0 0
318 84 26 0 0
319 83 26 0 0
320 84 26 0 0
321 85 26 0 0
322 84 26 0 0
323 85 26 0 0
324 86 26 0 0
325 85 26 0 0
326 86 26 0 0
327 87 26 0 0
328 86 26 0 0
329 87 26 0 0
330 88 26 0 0
331 87 26 0 0
332 88 26 0 0
333 89 26 0 0
334 90 26 0 0
335 89 26 0 0
336 90 26 0 0
337 89 26 0 0
338 90 26 0 0
339 89 26 0 0
340 90 26 0 0
341 91 26 0 0
342 90 26 0 0
343 91 26 0 0
344 90 26 0 0
345 91 26 0 0
346 90 26 0 0
347 91 26 0 0
348 92 26 0 0
349 91 26 0 0
350 92 26 0 0
351 91 26 0 0
352 92 26 0 0
353 91 26 0 0
354 92 26 0 0
355 92 27 0 0
356 93 27 0 0
357 94 27 0 0
358 94 28 0 0
359 95 28 0 0
360 95 27 0 0
361 96 27 0 0
362 95 27 0 0
363 96 27 0 0
364 95 27 0 0
365 96 27 0 0
366 95 27 0 0
367 95 26 0 0
368 96 26 0 0
369 97 26 0 0
370 96 26 0 0
371 97 26 0 0
372 96 26 0 0
373 96 25 0 0
374 97 25 0 0
375 97 26 0 0
376 98 26 0 0
377 97 26 0 0
378 98 26 0 0
379 97 26 0 0
380 98 26 0 0
381 99 26 0 0
382 98 26 0 0
383 99 26 0 0
384 100 26 0 0
385 99 26 0 0
386 100 26 0 0
387 99 26 0 0
388 100 26 0 0
389 101 26 0 0
390 100 26 0 0
391 101 26 0 0
392 102 26 0 0
393 101 26 0 0
394 102 26 0 0
395 103 26 0 0
396 102 26 0 0
397 103 26 0 0
398 102 26 0 0
399 103 26 0 0
400 104 26 0 0
401 103 26 0 0
402 104 26 0 0
403 103 26 0 0
404 103 27 0 0
405 104 27 0 0
406 105 27 0 0
407 104 27 0 0
408 105 27 0 0
409 106 27 0 0
410 105 27 0 0
411 106 27 0 0
412 105 27 0 0
413 106 27 0 0
414 107 27 0 0
415 106 27 0 0
416 107 27 0 0
417 108 27 0 0
418 107 27 0 0
419 108 27 0 0
420 109 27 0 0
421 108 27 0 0
422 109 27 0 0
423 108 27 0 0
424 109 27 0 0
425 110 27 0 0
426 109 27 0 0
427 109 28 0 0
428 110 28 0 0
429 109 28 0 0
430 110 28 0 0
431 109 28 0 0
432 110 28 0 0
433 111 28 0 0
434 110 28 0 0
435 111 28 0 0
436 112 28 0 0
437 111 28 0 0
438 112 28 0 0
439 113 28 0 0
440 112 28 0 0
441 112 29 0 0
442 113 29 0 0
443 114 29 0 0
444 113 29 0 0
445 114 29 0 0
446 115 29 0 0
447 114 29 0 0
448 115 29 0 0
449 114 29 0 0
450 115 29 0 0
451 116 29 0 0
452 115 29 0 0
453 116 29 0 0
454 117 29 0 0
455 116 29 0 0
456 116 30 0 0
457 117 30 0 0
458 118 30 0 0
459 117 30 0 0
460 118 30 0 0
461 117 30 0 0
462 118 30 0 0
463 119 30 0 0
464 120 30 0 0
465 119 30 0 0
466 120 30 0 0
467 119 30 0 0
468 120 30 0 0
469 121 30 0 0
470 120 30 0 0
471 120 31 0 0
472 121 31 0 0
473 122 31 0 0
474 121 31 0 0
475 122 31 0 0
476 123 31 0 0
477 122 31 0 0
478 123 31 0 0
479 123 32 0 0
480 124 32 0 0
481 123 32 0 0
482 124 32 0 0
483 125 32 0 0
484 124 32 0 0
485 124 33 0 0
486 125 33 0 0
487 124 33 0 0
488 125 33 0 0
489 126 33 0 0
490 127 33 0 0
491 126 33 0 0
492 127 33 0 0
493 126 33 0 0
494 126 34 0 0
495 127 34 0 0
496 128 34 0 0
497 129 34 0 0
498 128 34 0 0
499 129 34 0 0
500 128 34 0 0
501 129 34 0 0
502 129 35 0 0
503 130 35 0 0
504 129 35 0 0
505 130 35 0 0
506 129 35 0 0
507 130 35 0 0
508 131 35 0 0
509 130 35 0 0
510 131 35 0 0
511 132 35 0 0
512 131 35 0 0
513 131 36 0 0
514 132 36 0 0
515 131 36 0 0
516 132 36 0 0
517 133 36 0 0
518 132 36 0 0
519 133 36 0 0
520 134 36 0 0
521 133 36 0 0
522 134 36 0 0
523 134 37 0 0
524 135 37 0 0
525 134 37 0 0
526 135 37 0 0
527 134 37 0 0
528 135 37 0 0
529 136 37 0 0
530 135 37 0 0
531 136 37 0 0
532 137 37 0 0
533 136 37 0 0
534 137 37 0 0
535 136 37 0 0
536 137 37 0 0
537 137 38 0 0
538 138 38 0 0
539 137 38 0 0
540 138 38 0 0
541 137 38 0 0
542 138 38 0 0
543 139 38 0 0
544 138 38 0 0
545 139 38 0 0
546 140 38 0 0
547 139 38 0 0
548 139 39 0 0
549 140 39 0 0
550 141 39 0 0
551 140 39 0 0
552 141 39 0 0
553 140 39 0 0
554 141 39 0 0
555 142 39 0 0
556 141 39 0 0
557 142 39 0 0
558 142 40 0 0
559 143 40 0 0
560 142 40 0 0
561 143 40 0 0
562 142 40 0 0
563 143 40 0 0
564 144 40 0 0
565 143 40 0 0
566 144 40 0 0
567 145 40 0 0
568 144 40 0 0
569 144 41 0 0
570 145 41 0 0
571 144 41 0 0
572 145 41 0 0
573 146 41 0 0
574 145 41 0 0
575 146 41 0 0
576 145 41 0 0
577 145 42 0 0
578 146 42 0 0
579 147 42 0 0
580 146 42 0 0
581 147 42 0 0
582 148 42 0 0
583 147 42 0 0
584 148 42 0 0
585 147 42 0 0
586 147 43 0 0
587 148 43 0 0
588 147 43 0 0
589 148 43 0 0
590 149 43 0 0
591 148 43 0 0
592 149 43 0 0
593 150 43 0 0
594 149 43 0 0
595 150 43 0 0
596 149 43 0 0
597 149 44 0 0
598 150 44 0 0
599 151 44 0 0
600 150 44 0 0
601 151 44 0 0
602 150 44 0 0
603 151 44 0 0
604 151 45 0 0
605 152 45 0 0
606 151 45 0 0
607 152 45 0 0
608 151 45 0 0
609 152 45 0 0
610 153 45 0 0
611 152 45 0 0
612 153 45 0 0
613 153 46 0 0
614 154 46 0 0
615 153 46 0 0
616 154 46 0 0
617 153 46 0 0
618 154 46 0 0
619 155 46 0 0
620 154 46 0 0
621 154 47 0 0
622 155 47 0 0
623 154 47 0 0
624 155 47 0 0
625 154 47 0 0
626 155 47 0 0
627 156 47 0 0
628 155 47 0 0
629 156 47 0 0
630 156 48 0 0
631 157 48 0 0
632 156 48 0 0
633 157 48 0 0
634 156 48 0 0
635 157 48 0 0
636 158 48 0 0
637 157 48 0 0
638 158 48 0 0
639 158 49 0 0
640 159 49 0 0
641 158 49 0 0
642 159 49 0 0
643 160 49 0 0
644 159 49 0 0
645 160 49 0 0
646 161 49 0 0
647 160 49 0 0
648 160 50 0 0
649 161 50 0 0
650 160 50 0 0
651 161 50 0 0
652 162 50 0 0
653 161 50 0 0
654 162 50 0 0
655 163 50 0 0
656 162 50 0 0
657 163 50 0 0
658 163 51 0 0
659 164 51 0 0
660 163 51 0 0
661 164 51 0 0
662 165 51 0 0
663 164 51 0 0
664 165 51 0 0
665 166 51 0 0
666 165 51 0 0
667 165 52 0 0
668 166 52 0 0
669 167 52 0 0
670 166 52 0 0
671 167 52 0 0
672 166 52 0 0
673 167 52 0 0
674 168 52 0 0
675 169 52 0 0
676 168 52 0 0
677 169 52 0 0
678 170 52 0 0
679 169 52 0 0
680 170 52 0 0
681 171 52 0 0
682 170 52 0 0
683 171 52 0 0
684 172 52 0 0
685 171 52 0 0
686 172 52 0 0
687 171 52 0 0
688 172 52 0 0
689 173 52 0 0
690 172 52 0 0
691 173 52 0 0
692 174 52 0 0
693 173 52 0 0
694 174 52 0 0
695 173 52 0 0
696 174 52 0 0
697 175 52 0 0
698 174 52 0 0
699 175 52 0 0
700 175 51 0 0
701 176 51 0 0
702 175 51 0 0
703 176 51 0 0
704 175 51 0 0
705 176 51 0 0
706 177 51 0 0
707 176 51 0 0
708 177 51 0 0
709 178 51 0 0
710 177 51 0 0
711 178 51 0 0
712 179 51 0 0
713 178 51 0 0
714 179 51 0 0
715 178 51 0 0
716 179 51 0 0
717 179 50 0 0
718 180 50 0 0
719 179 50 0 0
720 179 51 0 0
721 180 51 0 0
722 181 51 0 0
723 180 51 0 0
724 181 51 0 0
725 182 51 0 0
726 183 51 0 0
727 182 51 0 0
728 183 51 0 0
729 182 51 0 0
730 182 52 0 0
731 183 52 0 0
732 184 52 0 0
733 183 52 0 0
734 184 52 0 0
735 185 52 0 0
736 184 52 0 0
737 185 52 0 0
738 186 52 0 0
739 185 52 0 0
740 186 52 0 0
741 187 52 0 0
742 186 52 0 0
743 187 52 0 0
744 188 52 0 0
745 187 52 0 0
746 187 51 0 0
747 188 51 0 0
748 189 51 0 0
749 188 51 0 0
750 189 51 0 0
751 190 51 0 0
752 189 51 0 0
753 190 51 0 0
754 191 51 0 0
755 190 51 0 0
756 191 51 0 0
757 190 51 0 0
758 190 52 0 0
759 191 52 0 0
760 192 52 0 0
761 191 52 0 0
762 192 52 0 0
763 191 52 0 0
764 192 52 0 0
