0 8 145 0 0
1 8 144 0 0
2 9 144 0 0
3 8 144 0 0
4 8 143 0 0
5 9 143 0 0
6 8 143 0 0
7 9 143 0 0
8 8 143 0 0
9 8 142 0 0
10 9 142 0 0
11 8 142 0 0
12 8 141 0 0
13 7 141 0 0
14 7 140 0 0
15 8 140 0 0
16 7 140 0 0
17 8 140 0 0
18 7 140 0 0
19 7 139 0 0
20 8 139 0 0
21 7 139 0 0
22 7 138 0 0
23 8 138 0 0
24 7 138 0 0
25 7 137 0 0
26 8 137 0 0
27 7 137 0 0
28 8 137 0 0
29 7 137 0 0
30 7 136 0 0
31 8 136 0 0
32 7 136 0 0
33 7 135 0 0
34 8 135 0 0
35 7 135 0 0
36 8 135 0 0
37 7 135 0 0
38 7 134 0 0
39 8 134 0 0
40 7 134 0 0
41 8 134 0 0
42 7 134 0 0
43 7 133 0 0
44 8 133 0 0
45 7 133 0 0
46 8 133 0 0
47 7 133 0 0
48 7 132 0 0
49 8 132 0 0
50 7 132 0 0
51 8 132 0 0
52 7 132 0 0
53 7 131 0 0
54 8 131 0 0
55 7 131 0 0
56 7 130 0 0
57 8 130 0 0
58 7 130 0 0
59 8 130 0 0
60 7 130 0 0
61 7 129 0 0
62 8 129 0 0
63 7 129 0 0
64 8 129 0 0
65 7 129 0 0
66 7 128 0 0
67 8 128 0 0
68 7 128 0 0
69 7 127 0 0
70 8 127 0 0
71 7 127 0 0
72 8 127 0 0
73 7 127 0 0
74 7 126 0 0
75 8 126 0 0
76 7 126 0 0
77 6 126 0 0
78 6 125 0 0
79 7 125 0 0
80 6 125 0 0
81 7 125 0 0
82 6 125 0 0
83 6 124 0 0
84 7 124 0 0
85 6 124 0 0
86 7 124 0 0
87 6 124 0 0
88 6 123 0 0
89 7 123 0 0
90 6 123 0 0
91 6 122 0 0
92 7 122 0 0
93 6 122 0 0
94 7 122 0 0
95 6 122 0 0
96 6 121 0 0
97 7 121 0 0
98 6 121 0 0
99 7 121 0 0
100 6 121 0 0
101 6 120 0 0
102 7 120 0 0
103 6 120 0 0
104 7 120 0 0
105 6 120 0 0
106 6 119 0 0
107 7 119 0 0
108 6 119 0 0
109 6 118 0 0
110 7 118 0 0
111 6 118 0 0
112 7 118 0 0
113 6 118 0 0
114 6 117 0 0
115 5 117 0 0
116 6 117 0 0
117 5 117 0 0
118 5 116 0 0
119 6 116 0 0
120 5 116 0 0
121 6 116 0 0
122 5 116 0 0
123 5 115 0 0
124 6 115 0 0
125 5 115 0 0
126 5 114 0 0
127 6 114 0 0
128 5 114 0 0
129 6 114 0 0
130 5 114 0 0
131 5 113 0 0
132 6 113 0 0
133 5 113 0 0
134 5 112 0 0
135 6 112 0 0
136 5 112 0 0
137 6 112 0 0
138 5 112 0 0
139 5 111 0 0
140 6 111 0 0
141 5 111 0 0
142 5 110 0 0
143 6 110 0 0
144 5 110 0 0
145 6 110 0 0
146 5 110 0 0
147 5 109 0 0
148 6 109 0 0
149 5 109 0 0
150 5 108 0 0
151 6 108 0 0
152 5 108 0 0
153 6 108 0 0
154 5 108 0 0
155 5 107 0 0
156 6 107 0 0
157 5 107 0 0
158 5 106 0 0
159 6 106 0 0
160 5 106 0 0
161 6 106 0 0
162 5 106 0 0
163 5 105 0 0
164 6 105 0 0
165 5 105 0 0
166 5 104 0 0
167 6 104 0 0
168 5 104 0 0
169 6 104 0 0
170 5 104 0 0
171 5 103 0 0
172 6 103 0 0
173 5 103 0 0
174 6 103 0 0
175 5 103 0 0
176 5 102 0 0
177 6 102 0 0
178 5 102 0 0
179 5 101 0 0
180 6 101 0 0
181 5 101 0 0
182 5 100 0 0
183 6 100 0 0
184 5 100 0 0
185 6 100 0 0
186 5 100 0 0
187 5 99 0 0
188 6 99 0 0
189 5 99 0 0
190 5 98 0 0
191 6 98 0 0
192 5 98 0 0
193 6 98 0 0
194 5 98 0 0
195 5 97 0 0
196 6 97 0 0
197 5 97 0 0
198 6 97 0 0
199 5 97 0 0
200 5 96 0 0
201 6 96 0 0
202 5 96 0 0
203 5 95 0 0
204 6 95 0 0
205 5 95 0 0
206 5 94 0 0
207 6 94 0 0
208 5 94 0 0
209 6 94 0 0
210 5 94 0 0
211 5 93 0 0
212 6 93 0 0
213 5 93 0 0
214 5 92 0 0
215 6 92 0 0
216 5 92 0 0
217 6 92 0 0
218 5 92 0 0
219 5 91 0 0
220 6 91 0 0
221 5 91 0 0
222 6 91 0 0
223 5 91 0 0
224 5 90 0 0
225 6 90 0 0
226 5 90 0 0
227 5 89 0 0
228 6 89 0 0
229 5 89 0 0
230 5 88 0 0
231 6 88 0 0
232 5 88 0 0
233 6 88 0 0
234 6 87 0 0
235 7 87 0 0
236 6 87 0 0
237 6 86 0 0
238 7 86 0 0
239 6 86 0 0
240 7 86 0 0
241 6 86 0 0
242 6 85 0 0
243 7 85 0 0
244 6 85 0 0
245 6 84 0 0
246 7 84 0 0
247 6 84 0 0
248 6 83 0 0
249 7 83 0 0
250 6 83 0 0
251 7 83 0 0
252 6 83 0 0
253 6 82 0 0
254 7 82 0 0
255 6 82 0 0
256 7 82 0 0
257 6 82 0 0
258 6 81 0 0
259 7 81 0 0
260 6 81 0 0
261 6 80 0 0
262 7 80 0 0
263 7 79 0 0
264 8 79 0 0
265 7 79 0 0
266 8 79 0 0
267 7 79 0 0
268 7 78 0 0
269 8 78 0 0
270 7 78 0 0
271 7 77 0 0
272 8 77 0 0
273 7 77 0 0
274 8 77 0 0
275 7 77 0 0
276 7 76 0 0
277 8 76 0 0
278 7 76 0 0
279 7 75 0 0
280 8 75 0 0
281 7 75 0 0
282 8 75 0 0
283 7 75 0 0
284 7 74 0 0
285 8 74 0 0
286 7 74 0 0
287 7 73 0 0
288 8 73 0 0
289 7 73 0 0
290 8 73 0 0
291 7 73 0 0
292 7 72 0 0
293 8 72 0 0
294 7 72 0 0
295 7 71 0 0
296 8 71 0 0
297 7 71 0 0
298 8 71 0 0
299 7 71 0 0
300 7 70 0 0
301 8 70 0 0
302 7 70 0 0
303 7 69 0 0
304 8 69 0 0
305 9 69 0 0
306 8 69 0 0
307 8 68 0 0
308 9 68 0 0
309 8 68 0 0
310 8 67 0 0
311 9 67 0 0
312 8 67 0 0
313 9 67 0 0
314 8 67 0 0
315 8 66 0 0
316 9 66 0 0
317 8 66 0 0
318 9 66 0 0
319 8 66 0 0
320 8 65 0 0
321 9 65 0 0
322 8 65 0 0
323 8 64 0 0
324 9 64 0 0
325 8 64 0 0
326 9 64 0 0
327 8 64 0 0
328 8 63 0 0
329 9 63 0 0
330 8 63 0 0
331 8 62 0 0
332 9 62 0 0
333 8 62 0 0
334 9 62 0 0
335 8 62 0 0
336 8 61 0 0
337 9 61 0 0
338 8 61 0 0
339 9 61 0 0
340 8 61 0 0
341 8 60 0 0
342 9 60 0 0
343 8 60 0 0
344 8 59 0 0
345 9 59 0 0
346 8 59 0 0
347 9 59 0 0
348 9 58 0 0
349 10 58 0 0
350 9 58 0 0
351 9 57 0 0
352 10 57 0 0
353 9 57 0 0
354 10 57 0 0
355 9 57 0 0
356 9 56 0 0
357 10 56 0 0
358 9 56 0 0
359 9 55 0 0
360 10 55 0 0
361 9 55 0 0
362 9 54 0 0
363 10 54 0 0
364 9 54 0 0
365 10 54 0 0
366 9 54 0 0
367 9 53 0 0
368 10 53 0 0
369 9 53 0 0
370 9 52 0 0
371 10 52 0 0
372 9 52 0 0
373 10 52 0 0
374 9 52 0 0
375 9 51 0 0
376 10 51 0 0
377 9 51 0 0
378 9 50 0 0
379 10 50 0 0
380 9 50 0 0
381 9 49 0 0
382 10 49 0 0
383 9 49 0 0
384 10 49 0 0
385 9 49 0 0
386 9 48 0 0
387 10 48 0 0
388 9 48 0 0
389 9 47 0 0
390 10 47 0 0
391 9 47 0 0
392 10 47 0 0
393 9 47 0 0
394 9 46 0 0
395 10 46 0 0
396 10 45 0 0
397 11 45 0 0
398 10 45 0 0
399 10 44 0 0
400 11 44 0 0
401 10 44 0 0
402 11 44 0 0
403 10 44 0 0
404 10 43 0 0
405 11 43 0 0
406 10 43 0 0
407 10 42 0 0
408 11 42 0 0
409 10 42 0 0
410 10 41 0 0
411 11 41 0 0
412 10 41 0 0
413 11 41 0 0
414 10 41 0 0
415 10 40 0 0
416 11 40 0 0
417 10 40 0 0
418 11 40 0 0
419 10 40 0 0
420 10 39 0 0
421 11 39 0 0
422 10 39 0 0
423 11 39 0 0
424 10 39 0 0
425 10 38 0 0
426 11 38 0 0
427 10 38 0 0
428 11 38 0 0
429 10 38 0 0
430 10 37 0 0
431 11 37 0 0
432 10 37 0 0
433 10 36 0 0
434 11 36 0 0
435 10 36 0 0
436 11 36 0 0
437 10 36 0 0
438 10 35 0 0
439 11 35 0 0
440 10 35 0 0
441 11 35 0 0
442 10 35 0 0
443 10 34 0 0
444 11 34 0 0
445 10 34 0 0
446 11 34 0 0
447 10 34 0 0
448 10 33 0 0
449 11 33 0 0
450 12 33 0 0
451 11 33 0 0
452 11 32 0 0
453 12 32 0 0
454 11 32 0 0
455 12 32 0 0
456 11 32 0 0
457 11 31 0 0
458 12 31 0 0
459 11 31 0 0
460 12 31 0 0
461 11 31 0 0
462 11 30 0 0
463 12 30 0 0
464 11 30 0 0
465 11 29 0 0
466 12 29 0 0
467 11 29 0 0
468 12 29 0 0
469 11 29 0 0
470 11 28 0 0
471 12 28 0 0
472 11 28 0 0
473 11 27 0 0
474 12 27 0 0
475 11 27 0 0
476 11 26 0 0
477 12 26 0 0
478 11 26 0 0
479 12 26 0 0
480 11 26 0 0
481 11 25 0 0
482 12 25 0 0
483 11 25 0 0
484 11 24 0 0
485 12 24 0 0
486 11 24 0 0
487 12 24 0 0
488 11 24 0 0
489 11 23 0 0
490 12 23 0 0
491 11 23 0 0
492 11 22 0 0
493 12 22 0 0
494 11 22 0 0
495 12 22 0 0
496 11 22 0 0
497 11 21 0 0
498 12 21 0 0
499 11 21 0 0
500 11 20 0 0
501 12 20 0 0
502 11 20 0 0
503 11 19 0 0
504 12 19 0 0
505 11 19 0 0
506 12 19 0 0
507 11 19 0 0
508 11 18 0 0
509 12 18 0 0
510 11 18 0 0
511 11 17 0 0
512 12 17 0 0
513 11 17 0 0
514 12 17 0 0
