0 194 59 0 0
1 195 59 0 0
2 194 59 0 0
3 193 59 0 0
4 193 58 0 0
5 194 58 0 0
6 193 58 0 0
7 192 58 0 0
8 191 58 0 0
9 192 58 0 0
10 191 58 0 0
11 190 58 0 0
12 191 58 0 0
13 190 58 0 0
14 189 58 0 0
15 188 58 0 0
16 189 58 0 0
17 188 58 0 0
18 188 57 0 0
19 187 57 0 0
20 188 57 0 0
21 187 57 0 0
22 186 57 0 0
23 187 57 0 0
24 186 57 0 0
25 185 57 0 0
26 186 57 0 0
27 185 57 0 0
28 185 56 0 0
29 184 56 0 0
30 183 56 0 0
31 184 56 0 0
32 183 56 0 0
33 182 56 0 0
34 183 56 0 0
35 182 56 0 0
36 181 56 0 0
37 182 56 0 0
38 181 56 0 0
39 181 55 0 0
40 180 55 0 0
41 179 55 0 0
42 180 55 0 0
43 179 55 0 0
44 178 55 0 0
45 179 55 0 0
46 178 55 0 0
47 177 55 0 0
48 177 54 0 0
49 178 54 0 0
50 177 54 0 0
51 176 54 0 0
52 177 54 0 0
53 176 54 0 0
54 175 54 0 0
55 174 54 0 0
56 174 53 0 0
57 175 53 0 0
58 174 53 0 0
59 173 53 0 0
60 174 53 0 0
61 173 53 0 0
62 172 53 0 0
63 171 53 0 0
64 172 53 0 0
65 171 53 0 0
66 171 52 0 0
67 170 52 0 0
68 169 52 0 0
69 170 52 0 0
70 169 52 0 0
71 168 52 0 0
72 167 52 0 0
73 168 52 0 0
74 167 52 0 0
75 167 51 0 0
76 166 51 0 0
77 167 51 0 0
78 166 51 0 0
79 165 51 0 0
80 164 51 0 0
81 165 51 0 0
82 164 51 0 0
83 163 51 0 0
84 162 51 0 0
85 163 51 0 0
86 162 51 0 0
87 162 50 0 0
88 161 50 0 0
89 162 50 0 0
90 161 50 0 0
91 160 50 0 0
92 159 50 0 0
93 160 50 0 0
94 159 50 0 0
95 158 50 0 0
96 157 50 0 0
97 157 49 0 0
98 158 49 0 0
99 157 49 0 0
100 156 49 0 0
101 157 49 0 0
102 156 49 0 0
103 155 49 0 0
104 154 49 0 0
105 155 49 0 0
106 154 49 0 0
107 154 48 0 0
108 153 48 0 0
109 152 48 0 0
110 153 48 0 0
111 152 48 0 0
112 151 48 0 0
113 150 48 0 0
114 151 48 0 0
115 150 48 0 0
116 150 47 0 0
117 149 47 0 0
118 148 47 0 0
119 149 47 0 0
120 148 47 0 0
121 147 47 0 0
122 148 47 0 0
123 147 47 0 0
124 146 47 0 0
125 146 46 0 0
126 145 46 0 0
127 146 46 0 0
128 145 46 0 0
129 144 46 0 0
130 145 46 0 0
131 144 46 0 0
132 143 46 0 0
133 143 45 0 0
134 142 45 0 0
135 143 45 0 0
136 142 45 0 0
137 141 45 0 0
138 140 45 0 0
139 141 45 0 0
140 140 45 0 0
141 140 44 0 0
142 139 44 0 0
143 140 44 0 0
144 139 44 0 0
145 138 44 0 0
146 139 44 0 0
147 138 44 0 0
148 137 44 0 0
149 136 44 0 0
150 137 44 0 0
151 136 44 0 0
152 136 43 0 0
153 135 43 0 0
154 136 43 0 0
155 135 43 0 0
156 134 43 0 0
157 135 43 0 0
158 134 43 0 0
159 133 43 0 0
160 133 42 0 0
161 132 42 0 0
162 133 42 0 0
163 132 42 0 0
164 131 42 0 0
165 132 42 0 0
166 131 42 0 0
167 130 42 0 0
168 130 41 0 0
169 129 41 0 0
170 130 41 0 0
171 129 41 0 0
172 128 41 0 0
173 127 41 0 0
174 128 41 0 0
175 127 41 0 0
176 126 41 0 0
177 126 40 0 0
178 127 40 0 0
179 126 40 0 0
180 125 40 0 0
181 126 40 0 0
182 125 40 0 0
183 124 40 0 0
184 125 40 0 0
185 124 40 0 0
186 123 40 0 0
187 122 40 0 0
188 123 40 0 0
189 122 40 0 0
190 122 39 0 0
191 121 39 0 0
192 122 39 0 0
193 121 39 0 0
194 120 39 0 0
195 121 39 0 0
196 120 39 0 0
197 119 39 0 0
198 120 39 0 0
199 119 39 0 0
200 118 39 0 0
201 118 38 0 0
202 117 38 0 0
203 118 38 0 0
204 117 38 0 0
205 116 38 0 0
206 117 38 0 0
207 116 38 0 0
208 115 38 0 0
209 116 38 0 0
210 115 38 0 0
211 114 38 0 0
212 113 38 0 0
213 113 37 0 0
214 114 37 0 0
215 113 37 0 0
216 112 37 0 0
217 113 37 0 0
218 112 37 0 0
219 111 37 0 0
220 112 37 0 0
221 111 37 0 0
222 110 37 0 0
223 109 37 0 0
224 110 37 0 0
225 109 37 0 0
226 108 37 0 0
227 109 37 0 0
228 108 37 0 0
229 108 36 0 0
230 107 36 0 0
231 108 36 0 0
232 107 36 0 0
233 106 36 0 0
234 107 36 0 0
235 106 36 0 0
236 105 36 0 0
237 104 36 0 0
238 105 36 0 0
239 104 36 0 0
240 104 35 0 0
241 103 35 0 0
242 104 35 0 0
243 103 35 0 0
244 102 35 0 0
245 103 35 0 0
246 102 35 0 0
247 101 35 0 0
248 102 35 0 0
249 101 35 0 0
250 100 35 0 0
251 99 35 0 0
252 100 35 0 0
253 99 35 0 0
254 98 35 0 0
255 97 35 0 0
256 98 35 0 0
257 97 35 0 0
258 96 35 0 0
259 97 35 0 0
260 96 35 0 0
261 95 35 0 0
262 96 35 0 0
263 95 35 0 0
264 94 35 0 0
265 95 35 0 0
266 94 35 0 0
267 93 35 0 0
268 92 35 0 0
269 93 35 0 0
270 92 35 0 0
271 91 35 0 0
272 92 35 0 0
273 91 35 0 0
274 90 35 0 0
275 91 35 0 0
276 90 35 0 0
277 89 35 0 0
278 90 35 0 0
279 89 35 0 0
280 88 35 0 0
281 87 35 0 0
282 88 35 0 0
283 87 35 0 0
284 86 35 0 0
285 87 35 0 0
286 86 35 0 0
287 85 35 0 0
288 86 35 0 0
289 85 35 0 0
290 84 35 0 0
291 85 35 0 0
292 84 35 0 0
293 83 35 0 0
294 82 35 0 0
295 83 35 0 0
296 82 35 0 0
297 81 35 0 0
298 82 35 0 0
299 81 35 0 0
300 80 35 0 0
301 81 35 0 0
302 80 35 0 0
303 79 35 0 0
304 80 35 0 0
305 79 35 0 0
306 78 35 0 0
307 77 35 0 0
308 78 35 0 0
309 77 35 0 0
310 76 35 0 0
311 77 35 0 0
312 76 35 0 0
313 75 35 0 0
314 76 35 0 0
315 75 35 0 0
316 74 35 0 0
317 75 35 0 0
318 74 35 0 0
319 73 35 0 0
320 72 35 0 0
321 73 35 0 0
322 72 35 0 0
323 71 35 0 0
324 70 35 0 0
325 71 35 0 0
326 70 35 0 0
327 70 34 0 0
328 69 34 0 0
329 70 34 0 0
330 69 34 0 0
331 68 34 0 0
332 69 34 0 0
333 68 34 0 0
334 67 34 0 0
335 68 34 0 0
336 67 34 0 0
337 66 34 0 0
338 65 34 0 0
339 66 34 0 0
340 65 34 0 0
341 64 34 0 0
342 65 34 0 0
343 64 34 0 0
344 63 34 0 0
345 64 34 0 0
346 63 34 0 0
347 62 34 0 0
348 63 34 0 0
349 62 34 0 0
350 62 33 0 0
351 61 33 0 0
352 60 33 0 0
353 61 33 0 0
354 60 33 0 0
355 59 33 0 0
356 60 33 0 0
357 59 33 0 0
358 58 33 0 0
359 57 33 0 0
360 58 33 0 0
361 57 33 0 0
362 56 33 0 0
363 57 33 0 0
364 56 33 0 0
365 55 33 0 0
366 56 33 0 0
367 55 33 0 0
368 54 33 0 0
369 55 33 0 0
370 54 33 0 0
371 53 33 0 0
372 53 32 0 0
373 52 32 0 0
374 53 32 0 0
375 52 32 0 0
376 51 32 0 0
377 52 32 0 0
378 51 32 0 0
379 50 32 0 0
380 51 32 0 0
381 50 32 0 0
382 49 32 0 0
383 50 32 0 0
384 49 32 0 0
385 48 32 0 0
386 47 32 0 0
387 48 32 0 0
388 47 32 0 0
389 46 32 0 0
390 47 32 0 0
391 46 32 0 0
392 45 32 0 0
393 46 32 0 0
394 45 32 0 0
395 44 32 0 0
396 45 32 0 0
397 44 32 0 0
398 44 31 0 0
399 43 31 0 0
400 44 31 0 0
401 43 31 0 0
402 42 31 0 0
403 41 31 0 0
404 42 31 0 0
405 41 31 0 0
406 40 31 0 0
407 41 31 0 0
408 40 31 0 0
409 39 31 0 0
410 40 31 0 0
411 39 31 0 0
412 38 31 0 0
413 39 31 0 0
414 38 31 0 0
415 37 31 0 0
416 38 31 0 0
417 37 31 0 0
418 36 31 0 0
419 37 31 0 0
420 36 31 0 0
421 36 30 0 0
422 35 30 0 0
423 34 30 0 0
424 35 30 0 0
425 34 30 0 0
426 33 30 0 0
427 34 30 0 0
428 33 30 0 0
429 32 30 0 0
430 33 30 0 0
431 32 30 0 0
432 31 30 0 0
433 32 30 0 0
434 31 30 0 0
435 30 30 0 0
436 31 30 0 0
437 30 30 0 0
438 29 30 0 0
439 28 30 0 0
440 28 29 0 0
441 29 29 0 0
442 28 29 0 0
443 27 29 0 0
444 28 29 0 0
445 27 29 0 0
446 26 29 0 0
447 27 29 0 0
448 26 29 0 0
449 25 29 0 0
450 24 29 0 0
451 25 29 0 0
452 24 29 0 0
453 23 29 0 0
454 24 29 0 0
455 23 29 0 0
456 23 28 0 0
457 22 28 0 0
458 21 28 0 0
459 22 28 0 0
460 21 28 0 0
461 20 28 0 0
462 21 28 0 0
463 20 28 0 0
464 19 28 0 0
465 20 28 0 0
466 19 28 0 0
467 18 28 0 0
468 18 27 0 0
469 17 27 0 0
470 18 27 0 0
471 17 27 0 0
472 16 27 0 0
473 17 27 0 0
474 16 27 0 0
475 15 27 0 0
476 16 27 0 0
477 15 27 0 0
478 15 26 0 0
479 14 26 0 0
480 15 26 0 0
481 14 26 0 0
482 13 26 0 0
483 12 26 0 0
484 13 26 0 0
485 12 26 0 0
486 11 26 0 0
487 11 25 0 0
488 12 25 0 0
489 11 25 0 0
490 10 25 0 0
491 11 25 0 0
492 10 25 0 0
493 9 25 0 0
494 10 25 0 0
495 9 25 0 0
496 8 25 0 0
497 8 24 0 0
498 9 24 0 0
499 8 24 0 0
500 7 24 0 0
501 8 24 0 0
502 7 24 0 0
503 6 24 0 0
504 7 24 0 0
505 6 24 0 0
506 5 24 0 0
507 5 23 0 0
508 6 23 0 0
509 5 23 0 0
510 4 23 0 0
511 5 23 0 0
512 4 23 0 0
513 4 22 0 0
514 3 22 0 0
515 4 22 0 0
516 3 22 0 0
517 2 22 0 0
518 2 21 0 0
519 3 21 0 0
520 2 21 0 0
521 1 21 0 0
522 2 21 0 0
523 1 21 0 0
524 2 21 0 0
525 1 21 0 0
526 1 20 0 0
527 2 20 0 0
528 1 20 0 0
