0 196 68 0 0
1 195 68 0 0
2 194 68 0 0
3 193 68 0 0
4 192 68 0 0
5 191 68 0 0
6 191 67 0 0
7 190 67 0 0
8 189 67 0 0
9 188 67 0 0
10 187 67 0 0
11 186 67 0 0
12 185 67 0 0
13 184 67 0 0
14 183 67 0 0
15 182 67 0 0
16 181 67 0 0
17 180 67 0 0
18 179 67 0 0
19 179 66 0 0
20 178 66 0 0
21 177 66 0 0
22 176 66 0 0
23 175 66 0 0
24 174 66 0 0
25 174 65 0 0
26 173 65 0 0
27 172 65 0 0
28 171 65 0 0
29 170 65 0 0
30 169 65 0 0
31 168 65 0 0
32 168 64 0 0
33 167 64 0 0
34 167 63 0 0
35 166 63 0 0
36 165 63 0 0
37 165 62 0 0
38 164 62 0 0
39 164 61 0 0
40 163 61 0 0
41 162 61 0 0
42 162 60 0 0
43 161 60 0 0
44 161 59 0 0
45 160 59 0 0
46 159 59 0 0
47 159 58 0 0
48 158 58 0 0
49 158 57 0 0
50 157 57 0 0
51 156 57 0 0
52 156 56 0 0
53 155 56 0 0
54 155 55 0 0
55 154 55 0 0
56 153 55 0 0
57 153 54 0 0
58 152 54 0 0
59 152 53 0 0
60 151 53 0 0
61 150 53 0 0
62 150 52 0 0
63 149 52 0 0
64 149 51 0 0
65 148 51 0 0
66 148 50 0 0
67 147 50 0 0
68 146 50 0 0
69 146 49 0 0
70 145 49 0 0
71 145 48 0 0
72 144 48 0 0
73 143 48 0 0
74 142 48 0 0
75 141 48 0 0
76 141 47 0 0
77 140 47 0 0
78 139 47 0 0
79 139 46 0 0
80 138 46 0 0
81 137 46 0 0
82 136 46 0 0
83 136 45 0 0
84 135 45 0 0
85 134 45 0 0
86 133 45 0 0
87 133 44 0 0
88 132 44 0 0
89 131 44 0 0
90 131 43 0 0
91 130 43 0 0
92 129 43 0 0
93 128 43 0 0
94 128 42 0 0
95 127 42 0 0
96 126 42 0 0
97 125 42 0 0
98 125 41 0 0
99 124 41 0 0
100 123 41 0 0
101 122 41 0 0
102 121 41 0 0
103 120 41 0 0
104 119 41 0 0
105 118 41 0 0
106 118 40 0 0
107 117 40 0 0
108 116 40 0 0
109 115 40 0 0
110 114 40 0 0
111 113 40 0 0
112 113 39 0 0
113 112 39 0 0
114 111 39 0 0
115 110 39 0 0
116 109 39 0 0
117 109 38 0 0
118 108 38 0 0
119 107 38 0 0
120 106 38 0 0
121 105 38 0 0
122 104 38 0 0
123 104 37 0 0
124 103 37 0 0
125 102 37 0 0
126 101 37 0 0
127 100 37 0 0
128 99 37 0 0
129 99 36 0 0
130 98 36 0 0
131 97 36 0 0
132 96 36 0 0
133 95 36 0 0
134 94 36 0 0
135 93 36 0 0
136 92 36 0 0
137 91 36 0 0
138 90 36 0 0
139 90 35 0 0
140 89 35 0 0
141 88 35 0 0
142 87 35 0 0
143 86 35 0 0
144 85 35 0 0
145 84 35 0 0
146 83 35 0 0
147 82 35 0 0
148 81 35 0 0
149 80 35 0 0
150 79 35 0 0
151 78 35 0 0
152 78 34 0 0
153 77 34 0 0
154 76 34 0 0
155 75 34 0 0
156 74 34 0 0
157 73 34 0 0
158 72 34 0 0
159 71 34 0 0
160 70 34 0 0
161 69 34 0 0
162 68 34 0 0
163 67 34 0 0
164 66 34 0 0
165 65 34 0 0
166 64 34 0 0
167 63 34 0 0
168 62 34 0 0
169 61 34 0 0
170 60 34 0 0
171 60 33 0 0
172 59 33 0 0
173 58 33 0 0
174 57 33 0 0
175 56 33 0 0
176 55 33 0 0
177 54 33 0 0
178 53 33 0 0
179 52 33 0 0
180 52 32 0 0
181 51 32 0 0
182 50 32 0 0
183 49 32 0 0
184 48 32 0 0
185 47 32 0 0
186 46 32 0 0
187 46 31 0 0
188 45 31 0 0
189 44 31 0 0
190 43 31 0 0
191 42 31 0 0
192 41 31 0 0
193 41 30 0 0
194 40 30 0 0
195 39 30 0 0
196 38 30 0 0
197 37 30 0 0
198 36 30 0 0
199 36 29 0 0
200 35 29 0 0
201 34 29 0 0
202 33 29 0 0
203 33 28 0 0
204 32 28 0 0
205 31 28 0 0
206 30 28 0 0
207 29 28 0 0
208 29 27 0 0
209 28 27 0 0
210 27 27 0 0
211 26 27 0 0
212 25 27 0 0
213 25 26 0 0
214 24 26 0 0
215 23 26 0 0
216 22 26 0 0
217 21 26 0 0
218 21 25 0 0
219 20 25 0 0
220 19 25 0 0
221 18 25 0 0
222 17 25 0 0
223 16 25 0 0
224 16 24 0 0
225 15 24 0 0
226 14 24 0 0
227 13 24 0 0
228 12 24 0 0
229 12 23 0 0
230 11 23 0 0
231 10 23 0 0
232 9 23 0 0
233 8 23 0 0
234 8 22 0 0
235 7 22 0 0
236 6 22 0 0
237 5 22 0 0
238 4 22 0 0
239 3 22 0 0
240 2 22 0 0
