0 38600 13000 0 0
1 38600 13200 0 0
2 38400 13200 0 0
3 38200 13200 0 0
4 38000 13200 0 0
5 37800 13200 0 0
6 37600 13200 0 0
7 37400 13200 0 0
8 37200 13200 0 0
9 37000 13200 0 0
10 37000 13400 0 0
11 36800 13400 0 0
12 36600 13400 0 0
13 36400 13400 0 0
14 36200 13400 0 0
15 36000 13400 0 0
16 35800 13400 0 0
17 35600 13400 0 0
18 35400 13400 0 0
19 35200 13400 0 0
20 35000 13400 0 0
21 34800 13400 0 0
22 34600 13400 0 0
23 34400 13400 0 0
24 34200 13400 0 0
25 34000 13400 0 0
26 33800 13400 0 0
27 33600 13400 0 0
28 33400 13400 0 0
29 33200 13400 0 0
30 33000 13400 0 0
31 32800 13400 0 0
32 32600 13400 0 0
33 32400 13400 0 0
34 32200 13400 0 0
35 32000 13400 0 0
36 32000 13600 0 0
37 31800 13600 0 0
38 31600 13600 0 0
39 31400 13600 0 0
40 31400 13800 0 0
41 31200 13800 0 0
42 31000 13800 0 0
43 30800 13800 0 0
44 30600 13800 0 0
45 30600 14000 0 0
46 30400 14000 0 0
47 30200 14000 0 0
48 30000 14000 0 0
49 29800 14000 0 0
50 29800 14200 0 0
51 29600 14200 0 0
52 29400 14200 0 0
53 29200 14200 0 0
54 29000 14200 0 0
55 28800 14200 0 0
56 28800 14400 0 0
57 28600 14400 0 0
58 28400 14400 0 0
59 28200 14400 0 0
60 28000 14400 0 0
61 28000 14600 0 0
62 27800 14600 0 0
63 27600 14600 0 0
64 27400 14600 0 0
65 27400 14800 0 0
66 27200 14800 0 0
67 27000 14800 0 0
68 26800 14800 0 0
69 26600 14800 0 0
70 26600 15000 0 0
71 26400 15000 0 0
72 26200 15000 0 0
73 26000 15000 0 0
74 26000 15200 0 0
75 25800 15200 0 0
76 25600 15200 0 0
77 25400 15200 0 0
78 25200 15200 0 0
79 25200 15400 0 0
80 25000 15400 0 0
81 24800 15400 0 0
82 24600 15400 0 0
83 24400 15400 0 0
84 24400 15600 0 0
85 24200 15600 0 0
86 24000 15600 0 0
87 23800 15600 0 0
88 23800 15800 0 0
89 23600 15800 0 0
90 23400 15800 0 0
91 23200 15800 0 0
92 23000 15800 0 0
93 22800 15800 0 0
94 22800 16000 0 0
95 22600 16000 0 0
96 22400 16000 0 0
97 22200 16000 0 0
98 22000 16000 0 0
99 21800 16000 0 0
100 21600 16000 0 0
101 21400 16000 0 0
102 21200 16000 0 0
103 21000 16000 0 0
104 20800 16000 0 0
105 20600 16000 0 0
106 20400 16000 0 0
107 20200 16000 0 0
108 20000 16000 0 0
109 19800 16000 0 0
110 19600 16000 0 0
111 19400 16000 0 0
112 19200 16000 0 0
113 19200 16200 0 0
114 19000 16200 0 0
115 18800 16200 0 0
116 18600 16200 0 0
117 18400 16200 0 0
118 18200 16200 0 0
119 18000 16200 0 0
120 17800 16200 0 0
121 17600 16200 0 0
122 17400 16200 0 0
123 17200 16200 0 0
124 17000 16200 0 0
125 17000 16400 0 0
126 16800 16400 0 0
127 16600 16400 0 0
128 16400 16400 0 0
129 16200 16400 0 0
130 16000 16400 0 0
131 15800 16400 0 0
132 15600 16400 0 0
133 15600 16600 0 0
134 15400 16600 0 0
135 15200 16600 0 0
136 15000 16600 0 0
137 14800 16600 0 0
138 14600 16600 0 0
139 14600 16800 0 0
140 14400 16800 0 0
141 14200 16800 0 0
142 14200 17000 0 0
143 14000 17000 0 0
144 13800 17000 0 0
145 13600 17000 0 0
146 13600 17200 0 0
147 13400 17200 0 0
148 13200 17200 0 0
149 13200 17400 0 0
150 13000 17400 0 0
151 13000 17600 0 0
152 12800 17600 0 0
153 12600 17600 0 0
154 12600 17800 0 0
155 12400 17800 0 0
156 12200 17800 0 0
157 12200 18000 0 0
158 12000 18000 0 0
159 11800 18000 0 0
160 11800 18200 0 0
161 11600 18200 0 0
162 11400 18200 0 0
163 11400 18400 0 0
164 11200 18400 0 0
165 11000 18400 0 0
166 11000 18600 0 0
167 10800 18600 0 0
168 10600 18600 0 0
169 10600 18800 0 0
170 10400 18800 0 0
171 10200 18800 0 0
172 10200 19000 0 0
173 10000 19000 0 0
174 9800 19000 0 0
175 9800 19200 0 0
176 9600 19200 0 0
177 9400 19200 0 0
178 9400 19400 0 0
179 9200 19400 0 0
180 9200 19600 0 0
181 9000 19600 0 0
182 8800 19600 0 0
183 8600 19600 0 0
184 8400 19600 0 0
185 8200 19600 0 0
186 8200 19800 0 0
187 8000 19800 0 0
188 7800 19800 0 0
189 7600 19800 0 0
190 7400 19800 0 0
191 7200 19800 0 0
192 7000 19800 0 0
193 7000 20000 0 0
194 6800 20000 0 0
195 6600 20000 0 0
196 6400 20000 0 0
197 6200 20000 0 0
198 6000 20000 0 0
199 5800 20000 0 0
200 5800 20200 0 0
201 5600 20200 0 0
202 5400 20200 0 0
203 5200 20200 0 0
204 5000 20200 0 0
205 4800 20200 0 0
206 4800 20400 0 0
207 4600 20400 0 0
208 4400 20400 0 0
209 4200 20400 0 0
210 4000 20400 0 0
211 4000 20600 0 0
212 3800 20600 0 0
213 3600 20600 0 0
214 3600 20800 0 0
215 3400 20800 0 0
216 3200 20800 0 0
217 3200 21000 0 0
218 3200 21200 0 0
219 3000 21200 0 0
220 3000 21400 0 0
221 2800 21400 0 0
222 2800 21600 0 0
223 2800 21800 0 0
224 2600 21800 0 0
225 2600 22000 0 0
226 2400 22000 0 0
227 2400 22200 0 0
228 2400 22400 0 0
229 2400 22600 0 0
230 2400 22800 0 0
231 2400 23000 0 0
232 2400 23200 0 0
233 2400 23400 0 0
234 2400 23600 0 0
235 2400 23800 0 0
236 2400 24000 0 0
237 2400 24200 0 0
238 2400 24400 0 0
239 2400 24600 0 0
240 2400 24800 0 0
241 2400 25000 0 0
242 2400 25200 0 0
243 2400 25400 0 0
244 2600 25400 0 0
245 2400 25400 0 0
246 2400 25600 0 0
247 2400 25800 0 0
248 2400 26000 0 0
249 2400 26200 0 0
250 2400 26400 0 0
251 2400 26600 0 0
252 2400 26800 0 0
253 2400 27000 0 0
254 2200 27000 0 0
255 2200 27200 0 0
256 2200 27400 0 0
257 2200 27600 0 0
258 2000 27600 0 0
259 1800 27600 0 0
260 1800 27800 0 0
261 1600 27800 0 0
262 1400 27800 0 0
263 1400 28000 0 0
264 1200 28000 0 0
265 1200 28200 0 0
266 1000 28200 0 0
267 800 28200 0 0
268 800 28400 0 0
269 600 28400 0 0
270 600 28200 0 0
271 400 28200 0 0
272 200 28200 0 0
273 200 28000 0 0
274 200 27800 0 0
