0 193 64 0 0
1 194 64 0 0
2 193 64 0 0
3 192 64 0 0
4 191 64 0 0
5 192 64 0 0
6 191 64 0 0
7 190 64 0 0
8 191 64 0 0
9 190 64 0 0
10 189 64 0 0
11 190 64 0 0
12 189 64 0 0
13 188 64 0 0
14 189 64 0 0
15 188 64 0 0
16 187 64 0 0
17 186 64 0 0
18 187 64 0 0
19 186 64 0 0
20 185 64 0 0
21 186 64 0 0
22 185 64 0 0
23 184 64 0 0
24 185 64 0 0
25 184 64 0 0
26 183 64 0 0
27 184 64 0 0
28 183 64 0 0
29 182 64 0 0
30 183 64 0 0
31 182 64 0 0
32 181 64 0 0
33 180 64 0 0
34 181 64 0 0
35 180 64 0 0
36 179 64 0 0
37 180 64 0 0
38 179 64 0 0
39 178 64 0 0
40 179 64 0 0
41 178 64 0 0
42 177 64 0 0
43 178 64 0 0
44 177 64 0 0
45 176 64 0 0
46 177 64 0 0
47 176 64 0 0
48 175 64 0 0
49 176 64 0 0
50 175 64 0 0
51 175 63 0 0
52 174 63 0 0
53 175 63 0 0
54 174 63 0 0
55 173 63 0 0
56 174 63 0 0
57 173 63 0 0
58 172 63 0 0
59 173 63 0 0
60 172 63 0 0
61 171 63 0 0
62 172 63 0 0
63 171 63 0 0
64 171 62 0 0
65 170 62 0 0
66 171 62 0 0
67 170 62 0 0
68 169 62 0 0
69 170 62 0 0
70 169 62 0 0
71 168 62 0 0
72 169 62 0 0
73 168 62 0 0
74 167 62 0 0
75 167 61 0 0
76 168 61 0 0
77 167 61 0 0
78 166 61 0 0
79 167 61 0 0
80 166 61 0 0
81 165 61 0 0
82 166 61 0 0
83 165 61 0 0
84 164 61 0 0
85 165 61 0 0
86 164 61 0 0
87 163 61 0 0
88 163 60 0 0
89 164 60 0 0
90 163 60 0 0
91 162 60 0 0
92 163 60 0 0
93 162 60 0 0
94 161 60 0 0
95 162 60 0 0
96 161 60 0 0
97 161 59 0 0
98 160 59 0 0
99 161 59 0 0
100 160 59 0 0
101 159 59 0 0
102 160 59 0 0
103 159 59 0 0
104 159 58 0 0
105 158 58 0 0
106 159 58 0 0
107 158 58 0 0
108 157 58 0 0
109 158 58 0 0
110 157 58 0 0
111 156 58 0 0
112 157 58 0 0
113 156 58 0 0
114 156 57 0 0
115 155 57 0 0
116 156 57 0 0
117 155 57 0 0
118 154 57 0 0
119 153 57 0 0
120 153 56 0 0
121 154 56 0 0
122 153 56 0 0
123 154 56 0 0
124 153 56 0 0
125 152 56 0 0
126 153 56 0 0
127 152 56 0 0
128 152 55 0 0
129 151 55 0 0
130 150 55 0 0
131 151 55 0 0
132 150 55 0 0
133 149 55 0 0
134 149 54 0 0
135 150 54 0 0
136 149 54 0 0
137 148 54 0 0
138 149 54 0 0
139 148 54 0 0
140 147 54 0 0
141 147 53 0 0
142 148 53 0 0
143 147 53 0 0
144 146 53 0 0
145 147 53 0 0
146 146 53 0 0
147 145 53 0 0
148 145 52 0 0
149 144 52 0 0
150 145 52 0 0
151 144 52 0 0
152 145 52 0 0
153 144 52 0 0
154 143 52 0 0
155 143 51 0 0
156 144 51 0 0
157 143 51 0 0
158 142 51 0 0
159 141 51 0 0
160 142 51 0 0
161 141 51 0 0
162 140 51 0 0
163 140 50 0 0
164 141 50 0 0
165 140 50 0 0
166 141 50 0 0
167 140 50 0 0
168 139 50 0 0
169 138 50 0 0
170 138 49 0 0
171 139 49 0 0
172 138 49 0 0
173 137 49 0 0
174 138 49 0 0
175 137 49 0 0
176 136 49 0 0
177 136 48 0 0
178 137 48 0 0
179 136 48 0 0
180 135 48 0 0
181 136 48 0 0
182 135 48 0 0
183 134 48 0 0
184 134 47 0 0
185 135 47 0 0
186 134 47 0 0
187 133 47 0 0
188 134 47 0 0
189 133 47 0 0
190 132 47 0 0
191 132 46 0 0
192 133 46 0 0
193 132 46 0 0
194 131 46 0 0
195 130 46 0 0
196 131 46 0 0
197 130 46 0 0
198 130 45 0 0
199 129 45 0 0
200 130 45 0 0
201 129 45 0 0
202 128 45 0 0
203 129 45 0 0
204 128 45 0 0
205 127 45 0 0
206 128 45 0 0
207 127 45 0 0
208 127 44 0 0
209 128 44 0 0
210 127 44 0 0
211 126 44 0 0
212 127 44 0 0
213 126 44 0 0
214 125 44 0 0
215 125 43 0 0
216 126 43 0 0
217 125 43 0 0
218 124 43 0 0
219 125 43 0 0
220 124 43 0 0
221 124 42 0 0
222 123 42 0 0
223 124 42 0 0
224 123 42 0 0
225 122 42 0 0
226 123 42 0 0
227 122 42 0 0
228 122 41 0 0
229 121 41 0 0
230 122 41 0 0
231 121 41 0 0
232 120 41 0 0
233 119 41 0 0
234 120 41 0 0
235 119 41 0 0
236 118 41 0 0
237 118 40 0 0
238 119 40 0 0
239 118 40 0 0
240 117 40 0 0
241 116 40 0 0
242 117 40 0 0
243 116 40 0 0
244 115 40 0 0
245 116 40 0 0
246 115 40 0 0
247 115 39 0 0
248 114 39 0 0
249 113 39 0 0
250 114 39 0 0
251 113 39 0 0
252 112 39 0 0
253 113 39 0 0
254 112 39 0 0
255 111 39 0 0
256 110 39 0 0
257 110 38 0 0
258 111 38 0 0
259 110 38 0 0
260 109 38 0 0
261 110 38 0 0
262 109 38 0 0
263 108 38 0 0
264 107 38 0 0
265 108 38 0 0
266 107 38 0 0
267 107 37 0 0
268 106 37 0 0
269 107 37 0 0
270 106 37 0 0
271 105 37 0 0
272 104 37 0 0
273 105 37 0 0
274 104 37 0 0
275 103 37 0 0
276 104 37 0 0
277 103 37 0 0
278 102 37 0 0
279 103 37 0 0
280 102 37 0 0
281 101 37 0 0
282 100 37 0 0
283 101 37 0 0
284 100 37 0 0
285 99 37 0 0
286 99 36 0 0
287 100 36 0 0
288 99 36 0 0
289 98 36 0 0
290 99 36 0 0
291 98 36 0 0
292 97 36 0 0
293 96 36 0 0
294 97 36 0 0
295 96 36 0 0
296 95 36 0 0
297 96 36 0 0
298 95 36 0 0
299 94 36 0 0
300 95 36 0 0
301 94 36 0 0
302 93 36 0 0
303 94 36 0 0
304 93 36 0 0
305 92 36 0 0
306 91 36 0 0
307 92 36 0 0
308 91 36 0 0
309 90 36 0 0
310 91 36 0 0
311 90 36 0 0
312 89 36 0 0
313 89 35 0 0
314 90 35 0 0
315 89 35 0 0
316 88 35 0 0
317 89 35 0 0
318 88 35 0 0
319 87 35 0 0
320 86 35 0 0
321 87 35 0 0
322 86 35 0 0
323 85 35 0 0
324 86 35 0 0
325 85 35 0 0
326 84 35 0 0
327 85 35 0 0
328 84 35 0 0
329 83 35 0 0
330 84 35 0 0
331 83 35 0 0
332 82 35 0 0
333 83 35 0 0
334 82 35 0 0
335 81 35 0 0
336 80 35 0 0
337 81 35 0 0
338 80 35 0 0
339 79 35 0 0
340 80 35 0 0
341 79 35 0 0
342 79 34 0 0
343 78 34 0 0
344 79 34 0 0
345 78 34 0 0
346 77 34 0 0
347 78 34 0 0
348 77 34 0 0
349 76 34 0 0
350 75 34 0 0
351 76 34 0 0
352 75 34 0 0
353 74 34 0 0
354 75 34 0 0
355 74 34 0 0
356 73 34 0 0
357 74 34 0 0
358 73 34 0 0
359 72 34 0 0
360 71 34 0 0
361 72 34 0 0
362 71 34 0 0
363 70 34 0 0
364 70 33 0 0
365 71 33 0 0
366 70 33 0 0
367 69 33 0 0
368 70 33 0 0
369 69 33 0 0
370 68 33 0 0
371 69 33 0 0
372 68 33 0 0
373 67 33 0 0
374 68 33 0 0
375 67 33 0 0
376 66 33 0 0
377 67 33 0 0
378 66 33 0 0
379 65 33 0 0
380 66 33 0 0
381 65 33 0 0
382 64 33 0 0
383 63 33 0 0
384 64 33 0 0
385 63 33 0 0
386 63 32 0 0
387 62 32 0 0
388 63 32 0 0
389 62 32 0 0
390 61 32 0 0
391 62 32 0 0
392 61 32 0 0
393 60 32 0 0
394 61 32 0 0
395 60 32 0 0
396 59 32 0 0
397 60 32 0 0
398 59 32 0 0
399 58 32 0 0
400 59 32 0 0
401 58 32 0 0
402 57 32 0 0
403 58 32 0 0
404 57 32 0 0
405 56 32 0 0
406 56 31 0 0
407 55 31 0 0
408 56 31 0 0
409 55 31 0 0
410 54 31 0 0
411 55 31 0 0
412 54 31 0 0
413 53 31 0 0
414 54 31 0 0
415 53 31 0 0
416 52 31 0 0
417 53 31 0 0
418 52 31 0 0
419 51 31 0 0
420 52 31 0 0
421 51 31 0 0
422 50 31 0 0
423 51 31 0 0
424 50 31 0 0
425 50 30 0 0
426 49 30 0 0
427 50 30 0 0
428 49 30 0 0
429 48 30 0 0
430 49 30 0 0
431 48 30 0 0
432 47 30 0 0
433 48 30 0 0
434 47 30 0 0
435 46 30 0 0
436 47 30 0 0
437 46 30 0 0
438 45 30 0 0
439 44 30 0 0
440 45 30 0 0
441 44 30 0 0
442 45 30 0 0
443 44 30 0 0
444 44 29 0 0
445 43 29 0 0
446 44 29 0 0
447 43 29 0 0
448 42 29 0 0
449 43 29 0 0
450 42 29 0 0
451 41 29 0 0
452 42 29 0 0
453 41 29 0 0
454 40 29 0 0
455 41 29 0 0
456 40 29 0 0
457 39 29 0 0
458 40 29 0 0
459 39 29 0 0
460 38 29 0 0
461 39 29 0 0
462 38 29 0 0
463 37 29 0 0
464 36 29 0 0
465 37 29 0 0
466 36 29 0 0
467 37 29 0 0
468 36 29 0 0
469 36 28 0 0
470 35 28 0 0
471 36 28 0 0
472 35 28 0 0
473 34 28 0 0
474 33 28 0 0
475 34 28 0 0
476 33 28 0 0
477 34 28 0 0
478 33 28 0 0
479 32 28 0 0
480 33 28 0 0
481 32 28 0 0
482 31 28 0 0
483 31 27 0 0
484 30 27 0 0
485 31 27 0 0
486 30 27 0 0
487 29 27 0 0
488 30 27 0 0
489 29 27 0 0
490 28 27 0 0
491 29 27 0 0
492 28 27 0 0
493 27 27 0 0
494 27 26 0 0
495 28 26 0 0
496 27 26 0 0
497 26 26 0 0
498 27 26 0 0
499 26 26 0 0
500 25 26 0 0
501 26 26 0 0
502 25 26 0 0
503 24 26 0 0
504 24 25 0 0
505 25 25 0 0
506 24 25 0 0
507 23 25 0 0
508 24 25 0 0
509 23 25 0 0
510 22 25 0 0
511 21 25 0 0
512 22 25 0 0
513 21 25 0 0
514 22 25 0 0
515 21 25 0 0
516 21 24 0 0
517 20 24 0 0
518 19 24 0 0
519 20 24 0 0
520 19 24 0 0
521 18 24 0 0
522 19 24 0 0
523 18 24 0 0
524 17 24 0 0
525 18 24 0 0
526 17 24 0 0
527 17 23 0 0
528 16 23 0 0
529 17 23 0 0
530 16 23 0 0
531 15 23 0 0
532 16 23 0 0
533 15 23 0 0
534 14 23 0 0
535 15 23 0 0
536 14 23 0 0
537 14 22 0 0
538 13 22 0 0
539 14 22 0 0
540 13 22 0 0
541 12 22 0 0
542 13 22 0 0
543 12 22 0 0
544 11 22 0 0
545 12 22 0 0
546 11 22 0 0
547 11 21 0 0
548 10 21 0 0
549 11 21 0 0
550 10 21 0 0
551 9 21 0 0
552 10 21 0 0
553 9 21 0 0
554 8 21 0 0
555 9 21 0 0
556 8 21 0 0
557 9 21 0 0
558 8 21 0 0
559 7 21 0 0
560 7 20 0 0
561 8 20 0 0
562 7 20 0 0
563 6 20 0 0
564 7 20 0 0
565 6 20 0 0
566 5 20 0 0
567 6 20 0 0
568 5 20 0 0
