0 8 148 0 0
1 8 147 0 0
2 8 146 0 0
3 8 145 0 0
4 8 144 0 0
5 8 143 0 0
6 9 143 0 0
7 9 142 0 0
8 9 141 0 0
9 9 140 0 0
10 9 139 0 0
11 9 138 0 0
12 9 137 0 0
13 9 136 0 0
14 9 135 0 0
15 9 134 0 0
16 9 133 0 0
17 9 132 0 0
18 9 131 0 0
19 9 130 0 0
20 10 130 0 0
21 10 129 0 0
22 10 128 0 0
23 10 127 0 0
24 10 126 0 0
25 11 126 0 0
26 11 125 0 0
27 11 124 0 0
28 11 123 0 0
29 11 122 0 0
30 11 121 0 0
31 11 120 0 0
32 12 120 0 0
33 12 119 0 0
34 12 118 0 0
35 12 117 0 0
36 12 116 0 0
37 13 116 0 0
38 13 115 0 0
39 13 114 0 0
40 13 113 0 0
41 13 112 0 0
42 14 112 0 0
43 15 112 0 0
44 15 111 0 0
45 15 110 0 0
46 16 110 0 0
47 16 109 0 0
48 17 109 0 0
49 17 108 0 0
50 18 108 0 0
51 19 108 0 0
52 19 107 0 0
53 20 107 0 0
54 20 106 0 0
55 21 106 0 0
56 21 105 0 0
57 22 105 0 0
58 22 104 0 0
59 23 104 0 0
60 23 103 0 0
61 24 103 0 0
62 24 102 0 0
63 25 102 0 0
64 25 101 0 0
65 26 101 0 0
66 26 100 0 0
67 27 100 0 0
68 27 99 0 0
69 28 99 0 0
70 28 98 0 0
71 29 98 0 0
72 30 98 0 0
73 31 98 0 0
74 32 98 0 0
75 32 97 0 0
76 33 97 0 0
77 34 97 0 0
78 35 97 0 0
79 35 96 0 0
80 36 96 0 0
81 37 96 0 0
82 38 96 0 0
83 38 95 0 0
84 39 95 0 0
85 40 95 0 0
86 41 95 0 0
87 42 95 0 0
88 42 94 0 0
89 43 94 0 0
90 44 94 0 0
91 45 94 0 0
92 45 93 0 0
93 46 93 0 0
94 47 93 0 0
95 48 93 0 0
96 49 93 0 0
97 50 93 0 0
98 51 93 0 0
99 52 93 0 0
100 53 93 0 0
101 54 93 0 0
102 54 92 0 0
103 55 92 0 0
104 56 92 0 0
105 57 92 0 0
106 58 92 0 0
107 59 92 0 0
108 60 92 0 0
109 61 92 0 0
110 62 92 0 0
111 63 92 0 0
112 64 92 0 0
113 65 92 0 0
114 66 92 0 0
115 67 92 0 0
116 68 92 0 0
117 69 92 0 0
118 70 92 0 0
119 71 92 0 0
120 72 92 0 0
121 73 92 0 0
122 74 92 0 0
123 74 93 0 0
124 75 93 0 0
125 76 93 0 0
126 77 93 0 0
127 78 93 0 0
128 79 93 0 0
129 80 93 0 0
130 81 93 0 0
131 82 93 0 0
132 83 93 0 0
133 84 93 0 0
134 85 93 0 0
135 86 93 0 0
136 87 93 0 0
137 88 93 0 0
138 89 93 0 0
139 90 93 0 0
140 91 93 0 0
141 92 93 0 0
142 93 93 0 0
143 94 93 0 0
144 95 93 0 0
145 96 93 0 0
146 97 93 0 0
147 98 93 0 0
148 99 93 0 0
149 99 92 0 0
150 100 92 0 0
151 100 93 0 0
152 101 93 0 0
153 102 93 0 0
154 103 93 0 0
155 104 93 0 0
156 105 93 0 0
157 106 93 0 0
158 107 93 0 0
159 108 93 0 0
160 109 93 0 0
161 110 93 0 0
162 111 93 0 0
163 112 93 0 0
164 113 93 0 0
165 114 93 0 0
166 115 93 0 0
167 116 93 0 0
168 116 92 0 0
169 117 92 0 0
170 118 92 0 0
171 119 92 0 0
172 120 92 0 0
173 121 92 0 0
174 121 91 0 0
175 122 91 0 0
176 123 91 0 0
177 124 91 0 0
178 125 91 0 0
179 126 91 0 0
180 127 91 0 0
181 127 90 0 0
182 128 90 0 0
183 129 90 0 0
184 130 90 0 0
185 131 90 0 0
186 131 89 0 0
187 132 89 0 0
188 133 89 0 0
189 133 88 0 0
190 134 88 0 0
191 134 87 0 0
192 135 87 0 0
193 136 87 0 0
194 136 86 0 0
195 137 86 0 0
196 138 86 0 0
197 138 85 0 0
198 139 85 0 0
199 140 85 0 0
200 140 84 0 0
201 141 84 0 0
202 141 83 0 0
203 142 83 0 0
204 142 82 0 0
205 143 82 0 0
206 144 82 0 0
207 144 81 0 0
208 145 81 0 0
209 145 80 0 0
210 146 80 0 0
211 146 79 0 0
212 147 79 0 0
213 147 78 0 0
214 148 78 0 0
215 149 78 0 0
216 149 77 0 0
217 150 77 0 0
218 150 76 0 0
219 151 76 0 0
220 151 75 0 0
221 152 75 0 0
222 152 74 0 0
223 153 74 0 0
224 153 73 0 0
225 154 73 0 0
226 154 72 0 0
227 155 72 0 0
228 155 71 0 0
229 156 71 0 0
230 157 71 0 0
231 157 70 0 0
232 158 70 0 0
233 159 70 0 0
234 159 69 0 0
235 160 69 0 0
236 161 69 0 0
237 161 68 0 0
238 162 68 0 0
239 163 68 0 0
240 163 67 0 0
241 164 67 0 0
242 164 66 0 0
243 165 66 0 0
244 166 66 0 0
245 166 65 0 0
246 167 65 0 0
247 168 65 0 0
248 168 64 0 0
249 169 64 0 0
250 170 64 0 0
251 170 63 0 0
252 171 63 0 0
253 172 63 0 0
254 172 62 0 0
255 173 62 0 0
256 174 62 0 0
257 174 61 0 0
258 175 61 0 0
259 176 61 0 0
260 176 60 0 0
261 177 60 0 0
262 177 59 0 0
263 178 59 0 0
264 179 59 0 0
265 179 58 0 0
266 180 58 0 0
267 181 58 0 0
268 181 57 0 0
269 182 57 0 0
270 183 57 0 0
271 184 57 0 0
272 184 56 0 0
273 185 56 0 0
274 186 56 0 0
275 187 56 0 0
276 187 55 0 0
277 188 55 0 0
278 189 55 0 0
279 190 55 0 0
280 191 55 0 0
281 191 54 0 0
282 192 54 0 0
