0 30 3 0 0
1 30 4 0 0
2 30 5 0 0
3 30 6 0 0
4 30 7 0 0
5 30 8 0 0
6 30 9 0 0
7 31 9 0 0
8 31 10 0 0
9 31 11 0 0
10 31 12 0 0
11 31 13 0 0
12 32 13 0 0
13 32 14 0 0
14 32 15 0 0
15 33 15 0 0
16 33 16 0 0
17 33 17 0 0
18 34 17 0 0
19 34 18 0 0
20 34 19 0 0
21 35 19 0 0
22 35 20 0 0
23 36 20 0 0
24 36 21 0 0
25 37 21 0 0
26 37 22 0 0
27 38 22 0 0
28 38 23 0 0
29 39 23 0 0
30 39 24 0 0
31 40 24 0 0
32 40 25 0 0
33 41 25 0 0
34 42 25 0 0
35 42 26 0 0
36 43 26 0 0
37 43 27 0 0
38 44 27 0 0
39 44 28 0 0
40 45 28 0 0
41 45 29 0 0
42 46 29 0 0
43 47 29 0 0
44 47 30 0 0
45 48 30 0 0
46 49 30 0 0
47 50 30 0 0
48 51 30 0 0
49 51 31 0 0
50 52 31 0 0
51 53 31 0 0
52 54 31 0 0
53 55 31 0 0
54 56 31 0 0
55 56 32 0 0
56 57 32 0 0
57 58 32 0 0
58 59 32 0 0
59 60 32 0 0
60 61 32 0 0
61 61 31 0 0
62 62 31 0 0
63 63 31 0 0
64 64 31 0 0
65 64 30 0 0
66 65 30 0 0
67 66 30 0 0
68 67 30 0 0
69 67 29 0 0
70 68 29 0 0
71 69 29 0 0
72 70 29 0 0
73 70 28 0 0
74 71 28 0 0
75 72 28 0 0
76 73 28 0 0
77 73 27 0 0
78 73 28 0 0
79 74 28 0 0
80 75 28 0 0
81 76 28 0 0
82 77 28 0 0
83 78 28 0 0
84 79 28 0 0
85 80 28 0 0
86 81 28 0 0
87 82 28 0 0
88 83 28 0 0
89 84 28 0 0
90 85 28 0 0
91 86 28 0 0
92 87 28 0 0
93 88 28 0 0
94 89 28 0 0
95 90 28 0 0
96 91 28 0 0
97 92 28 0 0
98 93 28 0 0
99 94 28 0 0
100 95 28 0 0
101 96 28 0 0
102 97 28 0 0
103 98 28 0 0
104 99 28 0 0
105 100 28 0 0
106 100 29 0 0
107 101 29 0 0
108 102 29 0 0
109 103 29 0 0
110 104 29 0 0
111 104 28 0 0
112 105 28 0 0
113 105 29 0 0
114 106 29 0 0
115 107 29 0 0
116 107 30 0 0
117 108 30 0 0
118 109 30 0 0
119 109 31 0 0
120 110 31 0 0
121 111 31 0 0
122 112 31 0 0
123 112 32 0 0
124 113 32 0 0
125 114 32 0 0
126 114 33 0 0
127 115 33 0 0
128 116 33 0 0
129 117 33 0 0
130 118 33 0 0
131 118 34 0 0
132 119 34 0 0
133 120 34 0 0
134 120 35 0 0
135 121 35 0 0
136 122 35 0 0
137 122 36 0 0
138 123 36 0 0
139 124 36 0 0
140 125 36 0 0
141 125 37 0 0
142 126 37 0 0
143 127 37 0 0
144 127 38 0 0
145 128 38 0 0
146 129 38 0 0
147 130 38 0 0
148 130 39 0 0
149 131 39 0 0
150 132 39 0 0
151 132 40 0 0
152 133 40 0 0
153 134 40 0 0
154 134 41 0 0
155 135 41 0 0
156 136 41 0 0
157 137 41 0 0
158 137 42 0 0
159 138 42 0 0
160 139 42 0 0
161 139 43 0 0
162 140 43 0 0
163 141 43 0 0
164 142 43 0 0
165 142 44 0 0
166 143 44 0 0
167 144 44 0 0
168 144 45 0 0
169 145 45 0 0
170 146 45 0 0
171 146 46 0 0
172 147 46 0 0
173 148 46 0 0
174 149 46 0 0
175 149 47 0 0
176 150 47 0 0
177 151 47 0 0
178 152 47 0 0
179 152 48 0 0
180 153 48 0 0
181 154 48 0 0
182 155 48 0 0
183 156 48 0 0
184 156 49 0 0
185 157 49 0 0
186 158 49 0 0
187 159 49 0 0
188 159 50 0 0
189 160 50 0 0
190 161 50 0 0
191 162 50 0 0
192 162 51 0 0
193 163 51 0 0
194 164 51 0 0
195 165 51 0 0
196 165 52 0 0
197 166 52 0 0
198 167 52 0 0
199 168 52 0 0
200 168 53 0 0
201 169 53 0 0
202 170 53 0 0
203 171 53 0 0
204 171 54 0 0
205 172 54 0 0
206 173 54 0 0
207 174 54 0 0
208 175 54 0 0
209 175 55 0 0
210 176 55 0 0
211 177 55 0 0
212 177 56 0 0
213 178 56 0 0
214 179 56 0 0
215 180 56 0 0
216 180 57 0 0
217 181 57 0 0
218 182 57 0 0
219 182 58 0 0
220 183 58 0 0
221 184 58 0 0
222 185 58 0 0
223 185 59 0 0
224 186 59 0 0
225 187 59 0 0
226 188 59 0 0
227 189 59 0 0
228 190 59 0 0
229 191 59 0 0
230 191 60 0 0
231 192 60 0 0
232 193 60 0 0
233 194 60 0 0
