0 90 232 0 0
1 91 232 0 0
2 90 232 0 0
3 90 231 0 0
4 91 231 0 0
5 90 231 0 0
6 91 231 0 0
7 90 231 0 0
8 91 231 0 0
9 90 231 0 0
10 90 230 0 0
11 91 230 0 0
12 90 230 0 0
13 91 230 0 0
14 90 230 0 0
15 91 230 0 0
16 90 230 0 0
17 90 229 0 0
18 91 229 0 0
19 90 229 0 0
20 91 229 0 0
21 90 229 0 0
22 91 229 0 0
23 90 229 0 0
24 90 228 0 0
25 91 228 0 0
26 90 228 0 0
27 91 228 0 0
28 90 228 0 0
29 91 228 0 0
30 90 228 0 0
31 90 227 0 0
32 91 227 0 0
33 90 227 0 0
34 91 227 0 0
35 90 227 0 0
36 91 227 0 0
37 90 227 0 0
38 90 226 0 0
39 91 226 0 0
40 90 226 0 0
41 91 226 0 0
42 90 226 0 0
43 91 226 0 0
44 90 226 0 0
45 90 225 0 0
46 91 225 0 0
47 90 225 0 0
48 91 225 0 0
49 90 225 0 0
50 90 224 0 0
51 91 224 0 0
52 90 224 0 0
53 91 224 0 0
54 90 224 0 0
55 90 223 0 0
56 91 223 0 0
57 90 223 0 0
58 91 223 0 0
59 90 223 0 0
60 91 223 0 0
61 90 223 0 0
62 90 222 0 0
63 91 222 0 0
64 90 222 0 0
65 91 222 0 0
66 90 222 0 0
67 90 221 0 0
68 91 221 0 0
69 90 221 0 0
70 91 221 0 0
71 90 221 0 0
72 90 220 0 0
73 91 220 0 0
74 90 220 0 0
75 91 220 0 0
76 90 220 0 0
77 91 220 0 0
78 90 220 0 0
79 91 220 0 0
80 90 220 0 0
81 90 219 0 0
82 91 219 0 0
83 90 219 0 0
84 91 219 0 0
85 90 219 0 0
86 91 219 0 0
87 90 219 0 0
88 90 218 0 0
89 91 218 0 0
90 90 218 0 0
91 91 218 0 0
92 90 218 0 0
93 91 218 0 0
94 90 218 0 0
95 90 217 0 0
96 91 217 0 0
97 90 217 0 0
98 91 217 0 0
99 90 217 0 0
100 90 216 0 0
101 91 216 0 0
102 90 216 0 0
103 91 216 0 0
104 90 216 0 0
105 90 215 0 0
106 91 215 0 0
107 90 215 0 0
108 91 215 0 0
109 90 215 0 0
110 90 214 0 0
111 91 214 0 0
112 90 214 0 0
113 91 214 0 0
114 90 214 0 0
115 90 213 0 0
116 91 213 0 0
117 90 213 0 0
118 91 213 0 0
119 90 213 0 0
120 91 213 0 0
121 90 213 0 0
122 90 212 0 0
123 91 212 0 0
124 90 212 0 0
125 91 212 0 0
126 90 212 0 0
127 90 211 0 0
128 91 211 0 0
129 90 211 0 0
130 91 211 0 0
131 90 211 0 0
132 90 210 0 0
133 91 210 0 0
134 90 210 0 0
135 91 210 0 0
136 90 210 0 0
137 90 209 0 0
138 91 209 0 0
139 90 209 0 0
140 91 209 0 0
141 90 209 0 0
142 91 209 0 0
143 90 209 0 0
144 90 208 0 0
145 91 208 0 0
146 90 208 0 0
147 91 208 0 0
148 90 208 0 0
149 90 207 0 0
150 91 207 0 0
151 90 207 0 0
152 91 207 0 0
153 90 207 0 0
154 90 206 0 0
155 91 206 0 0
156 90 206 0 0
157 91 206 0 0
158 90 206 0 0
159 90 205 0 0
160 91 205 0 0
161 90 205 0 0
162 91 205 0 0
163 90 205 0 0
164 90 204 0 0
165 91 204 0 0
166 90 204 0 0
167 91 204 0 0
168 90 204 0 0
169 91 204 0 0
170 90 204 0 0
171 90 203 0 0
172 91 203 0 0
173 90 203 0 0
174 91 203 0 0
175 90 203 0 0
176 90 202 0 0
177 91 202 0 0
178 90 202 0 0
179 91 202 0 0
180 90 202 0 0
181 90 201 0 0
182 91 201 0 0
183 90 201 0 0
184 91 201 0 0
185 90 201 0 0
186 90 200 0 0
187 91 200 0 0
188 92 200 0 0
189 91 200 0 0
190 92 200 0 0
191 91 200 0 0
192 91 199 0 0
193 92 199 0 0
194 91 199 0 0
195 92 199 0 0
196 91 199 0 0
197 91 198 0 0
198 92 198 0 0
199 91 198 0 0
200 92 198 0 0
201 91 198 0 0
202 91 197 0 0
203 92 197 0 0
204 91 197 0 0
205 92 197 0 0
206 91 197 0 0
207 92 197 0 0
208 91 197 0 0
209 91 196 0 0
210 92 196 0 0
211 91 196 0 0
212 92 196 0 0
213 91 196 0 0
214 91 195 0 0
215 92 195 0 0
216 91 195 0 0
217 92 195 0 0
218 91 195 0 0
219 91 194 0 0
220 92 194 0 0
221 91 194 0 0
222 92 194 0 0
223 91 194 0 0
224 92 194 0 0
225 91 194 0 0
226 91 193 0 0
227 92 193 0 0
228 91 193 0 0
229 92 193 0 0
230 91 193 0 0
231 91 192 0 0
232 92 192 0 0
233 91 192 0 0
234 92 192 0 0
235 91 192 0 0
236 92 192 0 0
237 91 192 0 0
238 91 191 0 0
239 92 191 0 0
240 91 191 0 0
241 92 191 0 0
242 91 191 0 0
243 91 190 0 0
244 92 190 0 0
245 91 190 0 0
246 92 190 0 0
247 91 190 0 0
248 91 189 0 0
249 92 189 0 0
250 91 189 0 0
251 92 189 0 0
252 91 189 0 0
253 92 189 0 0
254 91 189 0 0
255 91 188 0 0
256 92 188 0 0
257 91 188 0 0
258 92 188 0 0
259 91 188 0 0
260 91 187 0 0
261 92 187 0 0
262 91 187 0 0
263 92 187 0 0
264 91 187 0 0
265 91 186 0 0
266 92 186 0 0
267 91 186 0 0
268 92 186 0 0
269 91 186 0 0
270 92 186 0 0
271 91 186 0 0
272 91 185 0 0
273 92 185 0 0
274 91 185 0 0
275 92 185 0 0
276 91 185 0 0
277 91 184 0 0
278 92 184 0 0
279 91 184 0 0
280 92 184 0 0
281 91 184 0 0
282 91 183 0 0
283 92 183 0 0
284 91 183 0 0
285 92 183 0 0
286 91 183 0 0
287 92 183 0 0
288 91 183 0 0
289 91 182 0 0
290 92 182 0 0
291 91 182 0 0
292 92 182 0 0
293 91 182 0 0
294 91 181 0 0
295 92 181 0 0
296 91 181 0 0
297 92 181 0 0
298 91 181 0 0
299 91 180 0 0
300 92 180 0 0
301 91 180 0 0
302 92 180 0 0
303 91 180 0 0
304 92 180 0 0
305 91 180 0 0
306 91 179 0 0
307 92 179 0 0
308 91 179 0 0
309 92 179 0 0
310 91 179 0 0
311 91 178 0 0
312 92 178 0 0
313 91 178 0 0
314 92 178 0 0
315 91 178 0 0
316 91 177 0 0
317 92 177 0 0
318 91 177 0 0
319 92 177 0 0
320 91 177 0 0
321 91 176 0 0
322 92 176 0 0
323 91 176 0 0
324 92 176 0 0
325 91 176 0 0
326 92 176 0 0
327 91 176 0 0
328 91 175 0 0
329 92 175 0 0
330 91 175 0 0
331 92 175 0 0
332 91 175 0 0
333 91 174 0 0
334 92 174 0 0
335 91 174 0 0
336 92 174 0 0
337 91 174 0 0
338 91 173 0 0
339 92 173 0 0
340 91 173 0 0
341 92 173 0 0
342 91 173 0 0
343 91 172 0 0
344 92 172 0 0
345 91 172 0 0
346 92 172 0 0
347 91 172 0 0
348 91 171 0 0
349 92 171 0 0
350 91 171 0 0
351 90 171 0 0
352 91 171 0 0
353 90 171 0 0
354 90 170 0 0
355 91 170 0 0
356 90 170 0 0
357 91 170 0 0
358 90 170 0 0
359 90 169 0 0
360 91 169 0 0
361 90 169 0 0
362 91 169 0 0
363 90 169 0 0
364 91 169 0 0
365 90 169 0 0
366 90 168 0 0
367 91 168 0 0
368 90 168 0 0
369 91 168 0 0
370 90 168 0 0
371 90 167 0 0
372 91 167 0 0
373 90 167 0 0
374 91 167 0 0
375 90 167 0 0
376 91 167 0 0
377 90 167 0 0
378 90 166 0 0
379 91 166 0 0
380 90 166 0 0
381 91 166 0 0
382 90 166 0 0
383 90 165 0 0
384 91 165 0 0
385 90 165 0 0
386 91 165 0 0
387 90 165 0 0
388 90 164 0 0
389 91 164 0 0
390 90 164 0 0
391 89 164 0 0
392 90 164 0 0
393 89 164 0 0
394 89 163 0 0
395 90 163 0 0
396 89 163 0 0
397 90 163 0 0
398 89 163 0 0
399 89 162 0 0
400 90 162 0 0
401 89 162 0 0
402 90 162 0 0
403 89 162 0 0
404 90 162 0 0
405 89 162 0 0
406 89 161 0 0
407 90 161 0 0
408 89 161 0 0
409 90 161 0 0
410 89 161 0 0
411 89 160 0 0
412 90 160 0 0
413 89 160 0 0
414 90 160 0 0
415 89 160 0 0
416 90 160 0 0
417 89 160 0 0
418 89 159 0 0
419 90 159 0 0
420 89 159 0 0
421 90 159 0 0
422 89 159 0 0
423 89 158 0 0
424 88 158 0 0
425 89 158 0 0
426 88 158 0 0
427 88 157 0 0
428 89 157 0 0
429 88 157 0 0
430 89 157 0 0
431 88 157 0 0
432 89 157 0 0
433 88 157 0 0
434 88 156 0 0
435 89 156 0 0
436 88 156 0 0
437 89 156 0 0
438 88 156 0 0
439 88 155 0 0
440 89 155 0 0
441 88 155 0 0
442 89 155 0 0
443 88 155 0 0
444 89 155 0 0
445 88 155 0 0
446 88 154 0 0
447 89 154 0 0
448 88 154 0 0
449 89 154 0 0
450 88 154 0 0
451 88 153 0 0
452 89 153 0 0
453 88 153 0 0
454 89 153 0 0
455 88 153 0 0
456 88 152 0 0
457 87 152 0 0
458 88 152 0 0
459 87 152 0 0
460 87 151 0 0
461 88 151 0 0
462 87 151 0 0
463 88 151 0 0
464 87 151 0 0
465 87 150 0 0
466 88 150 0 0
467 87 150 0 0
468 88 150 0 0
469 87 150 0 0
470 88 150 0 0
471 87 150 0 0
472 87 149 0 0
473 88 149 0 0
474 87 149 0 0
475 88 149 0 0
476 87 149 0 0
477 87 148 0 0
478 88 148 0 0
479 87 148 0 0
480 88 148 0 0
481 87 148 0 0
482 87 147 0 0
483 86 147 0 0
484 87 147 0 0
485 86 147 0 0
486 86 146 0 0
487 87 146 0 0
488 86 146 0 0
489 87 146 0 0
490 86 146 0 0
491 87 146 0 0
492 86 146 0 0
493 86 145 0 0
494 87 145 0 0
495 86 145 0 0
496 87 145 0 0
497 86 145 0 0
498 86 144 0 0
499 87 144 0 0
500 86 144 0 0
501 85 144 0 0
502 85 143 0 0
503 86 143 0 0
504 85 143 0 0
505 86 143 0 0
506 85 143 0 0
507 86 143 0 0
508 85 143 0 0
509 85 142 0 0
510 86 142 0 0
511 85 142 0 0
512 85 141 0 0
513 86 141 0 0
514 85 141 0 0
515 86 141 0 0
516 85 141 0 0
517 86 141 0 0
518 85 141 0 0
519 85 140 0 0
520 86 140 0 0
521 85 140 0 0
522 86 140 0 0
523 85 140 0 0
524 86 140 0 0
525 85 140 0 0
526 86 140 0 0
527 85 140 0 0
528 85 139 0 0
529 84 139 0 0
530 85 139 0 0
531 84 139 0 0
532 84 138 0 0
533 85 138 0 0
534 84 138 0 0
535 85 138 0 0
536 84 138 0 0
537 84 137 0 0
538 85 137 0 0
539 84 137 0 0
540 85 137 0 0
541 84 137 0 0
542 85 137 0 0
543 84 137 0 0
544 84 136 0 0
545 85 136 0 0
546 84 136 0 0
547 85 136 0 0
548 84 136 0 0
549 83 136 0 0
550 84 136 0 0
551 83 136 0 0
552 83 135 0 0
553 84 135 0 0
554 83 135 0 0
555 84 135 0 0
556 83 135 0 0
557 84 135 0 0
558 83 135 0 0
559 83 134 0 0
560 84 134 0 0
561 83 134 0 0
562 84 134 0 0
563 83 134 0 0
564 84 134 0 0
565 83 134 0 0
566 83 133 0 0
567 84 133 0 0
568 83 133 0 0
569 84 133 0 0
570 83 133 0 0
571 83 132 0 0
572 84 132 0 0
573 83 132 0 0
574 84 132 0 0
575 83 132 0 0
576 82 132 0 0
577 82 131 0 0
578 83 131 0 0
579 82 131 0 0
580 82 130 0 0
581 83 130 0 0
582 82 130 0 0
583 83 130 0 0
584 82 130 0 0
585 83 130 0 0
586 82 130 0 0
587 83 130 0 0
588 82 130 0 0
589 82 129 0 0
590 83 129 0 0
591 82 129 0 0
592 83 129 0 0
593 82 129 0 0
594 83 129 0 0
595 82 129 0 0
596 83 129 0 0
597 82 129 0 0
598 81 129 0 0
599 81 128 0 0
600 82 128 0 0
601 81 128 0 0
602 82 128 0 0
603 81 128 0 0
604 82 128 0 0
605 81 128 0 0
606 81 127 0 0
607 82 127 0 0
608 81 127 0 0
609 82 127 0 0
610 81 127 0 0
611 82 127 0 0
612 81 127 0 0
613 81 126 0 0
614 82 126 0 0
615 81 126 0 0
616 80 126 0 0
617 81 126 0 0
618 80 126 0 0
619 81 126 0 0
620 80 126 0 0
621 80 125 0 0
622 81 125 0 0
623 80 125 0 0
624 81 125 0 0
625 80 125 0 0
626 81 125 0 0
627 80 125 0 0
628 80 124 0 0
629 81 124 0 0
630 80 124 0 0
631 81 124 0 0
632 80 124 0 0
633 81 124 0 0
634 80 124 0 0
635 80 123 0 0
636 81 123 0 0
637 80 123 0 0
638 79 123 0 0
639 80 123 0 0
640 79 123 0 0
641 80 123 0 0
642 79 123 0 0
643 79 122 0 0
644 80 122 0 0
645 79 122 0 0
646 80 122 0 0
647 79 122 0 0
648 80 122 0 0
649 79 122 0 0
650 80 122 0 0
651 79 122 0 0
652 79 121 0 0
653 78 121 0 0
654 79 121 0 0
655 78 121 0 0
656 79 121 0 0
657 78 121 0 0
658 79 121 0 0
659 78 121 0 0
660 78 120 0 0
661 79 120 0 0
662 78 120 0 0
663 79 120 0 0
664 78 120 0 0
665 79 120 0 0
666 78 120 0 0
667 79 120 0 0
668 78 120 0 0
669 78 119 0 0
670 79 119 0 0
671 78 119 0 0
672 79 119 0 0
673 78 119 0 0
674 77 119 0 0
675 78 119 0 0
676 77 119 0 0
677 77 118 0 0
678 78 118 0 0
679 77 118 0 0
680 78 118 0 0
681 77 118 0 0
682 78 118 0 0
683 77 118 0 0
684 78 118 0 0
685 77 118 0 0
686 78 118 0 0
687 77 118 0 0
688 77 117 0 0
689 78 117 0 0
690 77 117 0 0
691 76 117 0 0
692 77 117 0 0
693 76 117 0 0
694 77 117 0 0
695 76 117 0 0
696 76 116 0 0
697 77 116 0 0
698 76 116 0 0
699 77 116 0 0
700 76 116 0 0
701 77 116 0 0
702 76 116 0 0
703 77 116 0 0
704 76 116 0 0
705 76 115 0 0
706 77 115 0 0
707 76 115 0 0
708 77 115 0 0
709 76 115 0 0
710 77 115 0 0
711 76 115 0 0
712 75 115 0 0
713 75 114 0 0
714 76 114 0 0
715 75 114 0 0
716 76 114 0 0
717 75 114 0 0
718 76 114 0 0
719 75 114 0 0
720 76 114 0 0
721 75 114 0 0
722 74 114 0 0
723 74 113 0 0
724 75 113 0 0
725 74 113 0 0
726 75 113 0 0
727 74 113 0 0
728 75 113 0 0
729 74 113 0 0
730 75 113 0 0
731 74 113 0 0
732 74 112 0 0
733 73 112 0 0
734 74 112 0 0
735 73 112 0 0
736 74 112 0 0
737 73 112 0 0
738 74 112 0 0
739 73 112 0 0
740 72 112 0 0
741 72 111 0 0
742 73 111 0 0
743 72 111 0 0
744 73 111 0 0
745 72 111 0 0
746 73 111 0 0
747 72 111 0 0
748 73 111 0 0
749 72 111 0 0
750 72 110 0 0
751 73 110 0 0
752 72 110 0 0
753 71 110 0 0
754 72 110 0 0
755 71 110 0 0
756 70 110 0 0
757 71 110 0 0
758 70 110 0 0
759 71 110 0 0
760 70 110 0 0
761 71 110 0 0
762 70 110 0 0
763 70 109 0 0
764 69 109 0 0
765 70 109 0 0
766 69 109 0 0
767 70 109 0 0
768 69 109 0 0
769 70 109 0 0
770 69 109 0 0
771 68 109 0 0
772 69 109 0 0
773 68 109 0 0
774 69 109 0 0
775 68 109 0 0
776 68 108 0 0
777 67 108 0 0
778 68 108 0 0
779 67 108 0 0
780 68 108 0 0
781 67 108 0 0
782 66 108 0 0
783 67 108 0 0
784 66 108 0 0
785 67 108 0 0
786 66 108 0 0
787 66 107 0 0
788 67 107 0 0
789 66 107 0 0
790 65 107 0 0
791 66 107 0 0
792 65 107 0 0
793 64 107 0 0
794 65 107 0 0
795 64 107 0 0
796 65 107 0 0
797 64 107 0 0
798 63 107 0 0
799 64 107 0 0
800 63 107 0 0
801 62 107 0 0
802 63 107 0 0
803 62 107 0 0
804 63 107 0 0
805 62 107 0 0
806 61 107 0 0
807 62 107 0 0
808 61 107 0 0
809 62 107 0 0
810 61 107 0 0
811 60 107 0 0
812 61 107 0 0
813 60 107 0 0
814 61 107 0 0
815 60 107 0 0
816 59 107 0 0
817 60 107 0 0
818 59 107 0 0
819 60 107 0 0
820 59 107 0 0
821 58 107 0 0
822 58 108 0 0
823 59 108 0 0
824 58 108 0 0
825 57 108 0 0
826 58 108 0 0
827 57 108 0 0
828 58 108 0 0
829 57 108 0 0
830 56 108 0 0
831 57 108 0 0
832 56 108 0 0
833 55 108 0 0
834 56 108 0 0
835 55 108 0 0
836 56 108 0 0
837 55 108 0 0
838 54 108 0 0
839 55 108 0 0
840 54 108 0 0
841 55 108 0 0
842 54 108 0 0
843 53 108 0 0
844 54 108 0 0
845 53 108 0 0
846 52 108 0 0
847 53 108 0 0
848 52 108 0 0
849 53 108 0 0
850 52 108 0 0
851 51 108 0 0
852 52 108 0 0
853 51 108 0 0
854 52 108 0 0
855 51 108 0 0
856 50 108 0 0
857 51 108 0 0
858 50 108 0 0
859 49 108 0 0
860 50 108 0 0
861 49 108 0 0
862 50 108 0 0
863 49 108 0 0
864 48 108 0 0
865 49 108 0 0
866 48 108 0 0
867 47 108 0 0
868 48 108 0 0
869 47 108 0 0
870 46 108 0 0
871 46 107 0 0
872 47 107 0 0
873 46 107 0 0
874 46 108 0 0
875 45 108 0 0
876 46 108 0 0
877 45 108 0 0
878 45 107 0 0
879 46 107 0 0
880 45 107 0 0
881 44 107 0 0
882 45 107 0 0
883 44 107 0 0
884 45 107 0 0
885 44 107 0 0
886 43 107 0 0
887 44 107 0 0
888 43 107 0 0
889 42 107 0 0
890 43 107 0 0
891 42 107 0 0
892 41 107 0 0
893 42 107 0 0
894 41 107 0 0
895 42 107 0 0
896 41 107 0 0
897 40 107 0 0
898 41 107 0 0
899 40 107 0 0
900 39 107 0 0
901 40 107 0 0
902 39 107 0 0
903 38 107 0 0
904 39 107 0 0
905 38 107 0 0
906 37 107 0 0
907 38 107 0 0
908 37 107 0 0
909 36 107 0 0
910 37 107 0 0
911 36 107 0 0
912 37 107 0 0
913 36 107 0 0
914 36 108 0 0
915 35 108 0 0
916 34 108 0 0
917 35 108 0 0
918 34 108 0 0
919 35 108 0 0
920 34 108 0 0
921 33 108 0 0
922 32 108 0 0
923 33 108 0 0
924 32 108 0 0
925 33 108 0 0
926 32 108 0 0
927 31 108 0 0
928 32 108 0 0
929 31 108 0 0
930 30 108 0 0
931 31 108 0 0
932 30 108 0 0
933 29 108 0 0
934 30 108 0 0
935 29 108 0 0
936 28 108 0 0
937 29 108 0 0
938 28 108 0 0
939 27 108 0 0
940 28 108 0 0
941 27 108 0 0
942 26 108 0 0
943 27 108 0 0
944 26 108 0 0
945 25 108 0 0
946 26 108 0 0
947 25 108 0 0
948 24 108 0 0
949 25 108 0 0
950 24 108 0 0
951 23 108 0 0
952 24 108 0 0
953 23 108 0 0
954 22 108 0 0
955 23 108 0 0
956 22 108 0 0
957 21 108 0 0
958 21 107 0 0
959 22 107 0 0
960 21 107 0 0
961 21 108 0 0
962 20 108 0 0
963 21 108 0 0
964 20 108 0 0
965 19 108 0 0
966 20 108 0 0
967 19 108 0 0
968 20 108 0 0
969 19 108 0 0
970 18 108 0 0
971 17 108 0 0
972 18 108 0 0
973 17 108 0 0
974 18 108 0 0
975 17 108 0 0
976 16 108 0 0
977 17 108 0 0
978 16 108 0 0
979 15 108 0 0
980 16 108 0 0
981 15 108 0 0
982 14 108 0 0
983 15 108 0 0
984 14 108 0 0
985 15 108 0 0
986 14 108 0 0
987 13 108 0 0
988 14 108 0 0
989 13 108 0 0
990 12 108 0 0
991 13 108 0 0
992 12 108 0 0
993 11 108 0 0
994 12 108 0 0
995 11 108 0 0
996 10 108 0 0
997 11 108 0 0
998 10 108 0 0
999 9 108 0 0
1000 10 108 0 0
1001 9 108 0 0
1002 8 108 0 0
1003 9 108 0 0
1004 8 108 0 0
1005 7 108 0 0
1006 7 107 0 0
1007 8 107 0 0
1008 7 107 0 0
1009 6 107 0 0
1010 7 107 0 0
1011 6 107 0 0
1012 5 107 0 0
1013 6 107 0 0
1014 5 107 0 0
1015 6 107 0 0
1016 5 107 0 0
1017 4 107 0 0
1018 5 107 0 0
1019 4 107 0 0
