0 196 108 0 0
1 195 108 0 0
2 196 108 0 0
3 195 108 0 0
4 194 108 0 0
5 195 108 0 0
6 194 108 0 0
7 195 108 0 0
8 194 108 0 0
9 193 108 0 0
10 194 108 0 0
11 193 108 0 0
12 192 108 0 0
13 193 108 0 0
14 192 108 0 0
15 193 108 0 0
16 192 108 0 0
17 191 108 0 0
18 192 108 0 0
19 191 108 0 0
20 192 108 0 0
21 191 108 0 0
22 190 108 0 0
23 191 108 0 0
24 190 108 0 0
25 189 108 0 0
26 190 108 0 0
27 189 108 0 0
28 190 108 0 0
29 189 108 0 0
30 188 108 0 0
31 189 108 0 0
32 188 108 0 0
33 187 108 0 0
34 188 108 0 0
35 187 108 0 0
36 188 108 0 0
37 187 108 0 0
38 186 108 0 0
39 187 108 0 0
40 186 108 0 0
41 185 108 0 0
42 186 108 0 0
43 185 108 0 0
44 186 108 0 0
45 185 108 0 0
46 184 108 0 0
47 185 108 0 0
48 184 108 0 0
49 185 108 0 0
50 184 108 0 0
51 183 108 0 0
52 184 108 0 0
53 183 108 0 0
54 182 108 0 0
55 183 108 0 0
56 182 108 0 0
57 183 108 0 0
58 182 108 0 0
59 181 108 0 0
60 182 108 0 0
61 181 108 0 0
62 182 108 0 0
63 181 108 0 0
64 181 107 0 0
65 180 107 0 0
66 181 107 0 0
67 180 107 0 0
68 179 107 0 0
69 180 107 0 0
70 179 107 0 0
71 180 107 0 0
72 179 107 0 0
73 178 107 0 0
74 179 107 0 0
75 178 107 0 0
76 179 107 0 0
77 178 107 0 0
78 177 107 0 0
79 178 107 0 0
80 177 107 0 0
81 176 107 0 0
82 177 107 0 0
83 176 107 0 0
84 177 107 0 0
85 176 107 0 0
86 175 107 0 0
87 176 107 0 0
88 175 107 0 0
89 174 107 0 0
90 175 107 0 0
91 174 107 0 0
92 175 107 0 0
93 174 107 0 0
94 173 107 0 0
95 174 107 0 0
96 173 107 0 0
97 172 107 0 0
98 173 107 0 0
99 172 107 0 0
100 173 107 0 0
101 172 107 0 0
102 171 107 0 0
103 172 107 0 0
104 171 107 0 0
105 172 107 0 0
106 171 107 0 0
107 170 107 0 0
108 171 107 0 0
109 170 107 0 0
110 169 107 0 0
111 170 107 0 0
112 169 107 0 0
113 170 107 0 0
114 169 107 0 0
115 168 107 0 0
116 169 107 0 0
117 168 107 0 0
118 167 107 0 0
119 168 107 0 0
120 167 107 0 0
121 168 107 0 0
122 167 107 0 0
123 166 107 0 0
124 167 107 0 0
125 166 107 0 0
126 165 107 0 0
127 166 107 0 0
128 165 107 0 0
129 165 106 0 0
130 166 106 0 0
131 165 106 0 0
132 164 106 0 0
133 165 106 0 0
134 164 106 0 0
135 165 106 0 0
136 164 106 0 0
137 163 106 0 0
138 164 106 0 0
139 163 106 0 0
140 162 106 0 0
141 163 106 0 0
142 162 106 0 0
143 163 106 0 0
144 162 106 0 0
145 161 106 0 0
146 162 106 0 0
147 161 106 0 0
148 162 106 0 0
149 161 106 0 0
150 160 106 0 0
151 161 106 0 0
152 160 106 0 0
153 159 106 0 0
154 160 106 0 0
155 159 106 0 0
156 160 106 0 0
157 159 106 0 0
158 158 106 0 0
159 159 106 0 0
160 158 106 0 0
161 159 106 0 0
162 158 106 0 0
163 157 106 0 0
164 158 106 0 0
165 157 106 0 0
166 156 106 0 0
167 157 106 0 0
168 156 106 0 0
169 157 106 0 0
170 156 106 0 0
171 155 106 0 0
172 156 106 0 0
173 155 106 0 0
174 154 106 0 0
175 155 106 0 0
176 154 106 0 0
177 155 106 0 0
178 154 106 0 0
179 153 106 0 0
180 154 106 0 0
181 153 106 0 0
182 152 106 0 0
183 153 106 0 0
184 152 106 0 0
185 153 106 0 0
186 152 106 0 0
187 151 106 0 0
188 152 106 0 0
189 151 106 0 0
190 150 106 0 0
191 151 106 0 0
192 150 106 0 0
193 151 106 0 0
194 150 106 0 0
195 150 105 0 0
196 149 105 0 0
197 150 105 0 0
198 149 105 0 0
199 148 105 0 0
200 149 105 0 0
201 148 105 0 0
202 149 105 0 0
203 148 105 0 0
204 147 105 0 0
205 148 105 0 0
206 147 105 0 0
207 146 105 0 0
208 147 105 0 0
209 146 105 0 0
210 147 105 0 0
211 146 105 0 0
212 145 105 0 0
213 146 105 0 0
214 145 105 0 0
215 146 105 0 0
216 145 105 0 0
217 144 105 0 0
218 145 105 0 0
219 144 105 0 0
220 143 105 0 0
221 144 105 0 0
222 143 105 0 0
223 144 105 0 0
224 143 105 0 0
225 142 105 0 0
226 143 105 0 0
227 142 105 0 0
228 141 105 0 0
229 142 105 0 0
230 141 105 0 0
231 142 105 0 0
232 141 105 0 0
233 140 105 0 0
234 141 105 0 0
235 140 105 0 0
236 139 105 0 0
237 140 105 0 0
238 139 105 0 0
239 140 105 0 0
240 139 105 0 0
241 138 105 0 0
242 139 105 0 0
243 138 105 0 0
244 139 105 0 0
245 138 105 0 0
246 137 105 0 0
247 138 105 0 0
248 137 105 0 0
249 136 105 0 0
250 137 105 0 0
251 136 105 0 0
252 137 105 0 0
253 136 105 0 0
254 135 105 0 0
255 136 105 0 0
256 135 105 0 0
257 134 105 0 0
258 135 105 0 0
259 134 105 0 0
260 134 104 0 0
261 135 104 0 0
262 134 104 0 0
263 134 105 0 0
264 133 105 0 0
265 134 105 0 0
266 133 105 0 0
267 132 105 0 0
268 133 105 0 0
269 132 105 0 0
270 132 106 0 0
271 133 106 0 0
272 132 106 0 0
273 131 106 0 0
274 130 106 0 0
275 131 106 0 0
276 130 106 0 0
277 129 106 0 0
278 130 106 0 0
279 129 106 0 0
280 130 106 0 0
281 129 106 0 0
282 128 106 0 0
283 129 106 0 0
284 128 106 0 0
285 127 106 0 0
286 128 106 0 0
287 127 106 0 0
288 128 106 0 0
289 127 106 0 0
290 126 106 0 0
291 127 106 0 0
292 126 106 0 0
293 125 106 0 0
294 126 106 0 0
295 125 106 0 0
296 126 106 0 0
297 125 106 0 0
298 124 106 0 0
299 125 106 0 0
300 124 106 0 0
301 123 106 0 0
302 124 106 0 0
303 123 106 0 0
304 124 106 0 0
305 123 106 0 0
306 122 106 0 0
307 123 106 0 0
308 122 106 0 0
309 123 106 0 0
310 122 106 0 0
311 121 106 0 0
312 122 106 0 0
313 121 106 0 0
314 120 106 0 0
315 121 106 0 0
316 120 106 0 0
317 121 106 0 0
318 120 106 0 0
319 119 106 0 0
320 120 106 0 0
321 119 106 0 0
322 118 106 0 0
323 119 106 0 0
324 118 106 0 0
325 119 106 0 0
326 118 106 0 0
327 117 106 0 0
328 118 106 0 0
329 117 106 0 0
330 116 106 0 0
331 117 106 0 0
332 116 106 0 0
333 117 106 0 0
334 116 106 0 0
335 115 106 0 0
336 116 106 0 0
337 115 106 0 0
338 114 106 0 0
339 115 106 0 0
340 114 106 0 0
341 115 106 0 0
342 114 106 0 0
343 113 106 0 0
344 114 106 0 0
345 113 106 0 0
346 112 106 0 0
347 113 106 0 0
348 112 106 0 0
349 113 106 0 0
350 112 106 0 0
351 113 106 0 0
352 112 106 0 0
353 111 106 0 0
354 112 106 0 0
355 111 106 0 0
356 112 106 0 0
357 111 106 0 0
358 112 106 0 0
359 111 106 0 0
360 110 106 0 0
361 111 106 0 0
362 110 106 0 0
363 111 106 0 0
364 110 106 0 0
365 109 106 0 0
366 110 106 0 0
367 109 106 0 0
368 110 106 0 0
369 109 106 0 0
370 109 107 0 0
371 108 107 0 0
372 109 107 0 0
373 108 107 0 0
374 109 107 0 0
375 108 107 0 0
376 107 107 0 0
377 108 107 0 0
378 107 107 0 0
379 108 107 0 0
380 107 107 0 0
381 108 107 0 0
382 107 107 0 0
383 106 107 0 0
384 107 107 0 0
385 106 107 0 0
386 107 107 0 0
387 106 107 0 0
388 105 107 0 0
389 106 107 0 0
390 105 107 0 0
391 106 107 0 0
392 105 107 0 0
393 106 107 0 0
394 105 107 0 0
395 104 107 0 0
396 105 107 0 0
397 104 107 0 0
398 105 107 0 0
399 104 107 0 0
400 104 106 0 0
401 103 106 0 0
402 104 106 0 0
403 103 106 0 0
404 102 106 0 0
405 103 106 0 0
406 102 106 0 0
407 102 105 0 0
408 103 105 0 0
409 102 105 0 0
410 103 105 0 0
411 102 105 0 0
412 101 105 0 0
413 102 105 0 0
414 101 105 0 0
415 102 105 0 0
416 101 105 0 0
417 100 105 0 0
418 100 104 0 0
419 101 104 0 0
420 100 104 0 0
421 101 104 0 0
422 100 104 0 0
423 101 104 0 0
424 100 104 0 0
425 99 104 0 0
426 100 104 0 0
427 99 104 0 0
428 100 104 0 0
429 99 104 0 0
430 99 103 0 0
431 100 103 0 0
432 99 103 0 0
433 98 103 0 0
434 99 103 0 0
435 98 103 0 0
436 99 103 0 0
437 98 103 0 0
438 98 102 0 0
439 97 102 0 0
440 98 102 0 0
441 97 102 0 0
442 98 102 0 0
443 97 102 0 0
444 98 102 0 0
445 97 102 0 0
446 96 102 0 0
447 97 102 0 0
448 96 102 0 0
449 97 102 0 0
450 96 102 0 0
451 96 101 0 0
452 97 101 0 0
453 96 101 0 0
454 97 101 0 0
455 96 101 0 0
456 95 101 0 0
457 96 101 0 0
458 95 101 0 0
459 95 100 0 0
460 96 100 0 0
461 95 100 0 0
462 96 100 0 0
463 95 100 0 0
464 94 100 0 0
465 94 99 0 0
466 95 99 0 0
467 94 99 0 0
468 95 99 0 0
469 94 99 0 0
470 95 99 0 0
471 94 99 0 0
472 94 98 0 0
473 95 98 0 0
474 94 98 0 0
475 93 98 0 0
476 94 98 0 0
477 93 98 0 0
478 94 98 0 0
479 93 98 0 0
480 93 97 0 0
481 94 97 0 0
482 93 97 0 0
483 92 97 0 0
484 93 97 0 0
485 92 97 0 0
486 92 96 0 0
487 93 96 0 0
488 92 96 0 0
489 93 96 0 0
490 92 96 0 0
491 93 96 0 0
492 92 96 0 0
493 92 95 0 0
494 91 95 0 0
495 92 95 0 0
496 91 95 0 0
497 92 95 0 0
498 91 95 0 0
499 91 94 0 0
500 92 94 0 0
501 91 94 0 0
502 92 94 0 0
503 91 94 0 0
504 92 94 0 0
505 91 94 0 0
506 91 93 0 0
507 92 93 0 0
508 91 93 0 0
509 92 93 0 0
510 91 93 0 0
511 92 93 0 0
512 91 93 0 0
513 91 92 0 0
514 92 92 0 0
515 91 92 0 0
516 90 92 0 0
517 91 92 0 0
518 90 92 0 0
519 91 92 0 0
520 90 92 0 0
521 90 91 0 0
522 91 91 0 0
523 90 91 0 0
524 91 91 0 0
525 90 91 0 0
526 91 91 0 0
527 90 91 0 0
528 90 90 0 0
529 91 90 0 0
530 90 90 0 0
531 91 90 0 0
532 90 90 0 0
533 91 90 0 0
534 90 90 0 0
535 90 89 0 0
536 91 89 0 0
537 90 89 0 0
538 91 89 0 0
539 90 89 0 0
540 91 89 0 0
541 90 89 0 0
542 91 89 0 0
543 90 89 0 0
544 90 88 0 0
545 91 88 0 0
546 90 88 0 0
547 91 88 0 0
548 90 88 0 0
549 91 88 0 0
550 90 88 0 0
551 90 87 0 0
552 91 87 0 0
553 90 87 0 0
554 91 87 0 0
555 90 87 0 0
556 91 87 0 0
557 90 87 0 0
558 90 86 0 0
559 91 86 0 0
560 90 86 0 0
561 91 86 0 0
562 90 86 0 0
563 91 86 0 0
564 90 86 0 0
565 90 85 0 0
566 91 85 0 0
567 90 85 0 0
568 91 85 0 0
569 90 85 0 0
570 90 84 0 0
571 91 84 0 0
572 90 84 0 0
573 91 84 0 0
574 90 84 0 0
575 90 83 0 0
576 91 83 0 0
577 90 83 0 0
578 91 83 0 0
579 90 83 0 0
580 91 83 0 0
581 90 83 0 0
582 91 83 0 0
583 90 83 0 0
584 90 82 0 0
585 91 82 0 0
586 90 82 0 0
587 91 82 0 0
588 90 82 0 0
589 90 81 0 0
590 91 81 0 0
591 90 81 0 0
592 90 80 0 0
593 91 80 0 0
594 90 80 0 0
595 91 80 0 0
596 90 80 0 0
597 90 79 0 0
598 91 79 0 0
599 90 79 0 0
600 91 79 0 0
601 90 79 0 0
602 91 79 0 0
603 90 79 0 0
604 90 78 0 0
605 91 78 0 0
606 90 78 0 0
607 91 78 0 0
608 90 78 0 0
609 90 77 0 0
610 91 77 0 0
611 90 77 0 0
612 91 77 0 0
613 90 77 0 0
614 90 76 0 0
615 91 76 0 0
616 90 76 0 0
617 91 76 0 0
618 90 76 0 0
619 91 76 0 0
620 90 76 0 0
621 91 76 0 0
622 90 76 0 0
623 90 75 0 0
624 91 75 0 0
625 90 75 0 0
626 91 75 0 0
627 90 75 0 0
628 90 74 0 0
629 91 74 0 0
630 90 74 0 0
631 91 74 0 0
632 90 74 0 0
633 91 74 0 0
634 90 74 0 0
635 90 73 0 0
636 91 73 0 0
637 90 73 0 0
638 91 73 0 0
639 91 72 0 0
640 92 72 0 0
641 91 72 0 0
642 91 71 0 0
643 92 71 0 0
644 91 71 0 0
645 92 71 0 0
646 91 71 0 0
647 92 71 0 0
648 91 71 0 0
649 91 70 0 0
650 92 70 0 0
651 91 70 0 0
652 92 70 0 0
653 91 70 0 0
654 92 70 0 0
655 91 70 0 0
656 91 69 0 0
657 92 69 0 0
658 91 69 0 0
659 92 69 0 0
660 91 69 0 0
661 92 69 0 0
662 91 69 0 0
663 91 68 0 0
664 92 68 0 0
665 91 68 0 0
666 92 68 0 0
667 91 68 0 0
668 91 67 0 0
669 92 67 0 0
670 93 67 0 0
671 92 67 0 0
672 93 67 0 0
673 92 67 0 0
674 92 66 0 0
675 93 66 0 0
676 92 66 0 0
677 93 66 0 0
678 92 66 0 0
679 92 65 0 0
680 93 65 0 0
681 92 65 0 0
682 93 65 0 0
683 92 65 0 0
684 93 65 0 0
685 92 65 0 0
686 92 64 0 0
687 93 64 0 0
688 92 64 0 0
689 92 63 0 0
690 93 63 0 0
691 92 63 0 0
692 93 63 0 0
693 92 63 0 0
694 93 63 0 0
695 92 63 0 0
696 93 63 0 0
697 92 63 0 0
698 92 62 0 0
699 93 62 0 0
700 92 62 0 0
701 93 62 0 0
702 92 62 0 0
703 92 61 0 0
704 93 61 0 0
705 92 61 0 0
706 93 61 0 0
707 92 61 0 0
708 92 60 0 0
709 93 60 0 0
710 92 60 0 0
711 93 60 0 0
712 92 60 0 0
713 93 60 0 0
714 92 60 0 0
715 92 59 0 0
716 93 59 0 0
717 92 59 0 0
718 93 59 0 0
719 92 59 0 0
720 92 58 0 0
721 93 58 0 0
722 94 58 0 0
723 93 58 0 0
724 94 58 0 0
725 93 58 0 0
726 93 57 0 0
727 94 57 0 0
728 93 57 0 0
729 94 57 0 0
730 93 57 0 0
731 93 56 0 0
732 94 56 0 0
733 93 56 0 0
734 94 56 0 0
735 93 56 0 0
736 94 56 0 0
737 93 56 0 0
738 93 55 0 0
739 94 55 0 0
740 93 55 0 0
741 94 55 0 0
742 93 55 0 0
743 94 55 0 0
744 93 55 0 0
745 93 54 0 0
746 94 54 0 0
747 93 54 0 0
748 94 54 0 0
749 93 54 0 0
750 94 54 0 0
751 93 54 0 0
752 93 53 0 0
753 94 53 0 0
754 93 53 0 0
755 94 53 0 0
756 93 53 0 0
757 94 53 0 0
758 93 53 0 0
759 93 52 0 0
760 94 52 0 0
761 93 52 0 0
762 94 52 0 0
763 93 52 0 0
764 94 52 0 0
765 93 52 0 0
766 93 51 0 0
767 94 51 0 0
768 93 51 0 0
769 94 51 0 0
770 93 51 0 0
771 94 51 0 0
772 94 50 0 0
773 95 50 0 0
774 94 50 0 0
775 95 50 0 0
776 94 50 0 0
777 95 50 0 0
778 94 50 0 0
779 94 49 0 0
780 95 49 0 0
781 94 49 0 0
782 95 49 0 0
783 94 49 0 0
784 95 49 0 0
785 94 49 0 0
786 94 48 0 0
787 95 48 0 0
788 94 48 0 0
789 95 48 0 0
790 94 48 0 0
791 94 47 0 0
792 95 47 0 0
793 94 47 0 0
794 95 47 0 0
795 94 47 0 0
796 95 47 0 0
797 94 47 0 0
798 94 46 0 0
799 95 46 0 0
800 94 46 0 0
801 95 46 0 0
802 94 46 0 0
803 95 46 0 0
804 94 46 0 0
805 94 45 0 0
806 95 45 0 0
807 94 45 0 0
808 95 45 0 0
809 94 45 0 0
810 94 44 0 0
811 95 44 0 0
812 94 44 0 0
813 95 44 0 0
814 94 44 0 0
815 95 44 0 0
816 94 44 0 0
817 94 43 0 0
818 95 43 0 0
819 94 43 0 0
820 95 43 0 0
821 94 43 0 0
822 94 42 0 0
823 95 42 0 0
824 94 42 0 0
825 95 42 0 0
826 94 42 0 0
827 95 42 0 0
828 94 42 0 0
829 94 41 0 0
830 95 41 0 0
831 94 41 0 0
832 95 41 0 0
833 94 41 0 0
834 94 40 0 0
835 95 40 0 0
836 94 40 0 0
837 95 40 0 0
838 94 40 0 0
839 95 40 0 0
840 94 40 0 0
841 94 39 0 0
842 95 39 0 0
843 94 39 0 0
844 95 39 0 0
845 94 39 0 0
846 95 39 0 0
847 94 39 0 0
848 94 38 0 0
849 95 38 0 0
850 94 38 0 0
851 95 38 0 0
852 94 38 0 0
853 94 37 0 0
854 95 37 0 0
855 96 37 0 0
856 95 37 0 0
857 94 37 0 0
858 94 36 0 0
859 95 36 0 0
860 94 36 0 0
861 95 36 0 0
862 94 36 0 0
863 95 36 0 0
864 94 36 0 0
865 94 35 0 0
866 95 35 0 0
867 94 35 0 0
868 95 35 0 0
869 94 35 0 0
870 94 34 0 0
871 95 34 0 0
872 94 34 0 0
873 95 34 0 0
874 94 34 0 0
875 95 34 0 0
876 94 34 0 0
877 94 33 0 0
878 95 33 0 0
879 94 33 0 0
880 95 33 0 0
881 94 33 0 0
882 95 33 0 0
883 94 33 0 0
884 94 32 0 0
885 95 32 0 0
886 94 32 0 0
887 95 32 0 0
888 94 32 0 0
889 94 31 0 0
890 95 31 0 0
891 94 31 0 0
892 95 31 0 0
893 94 31 0 0
894 95 31 0 0
895 94 31 0 0
896 94 30 0 0
897 95 30 0 0
898 94 30 0 0
899 95 30 0 0
900 94 30 0 0
901 95 30 0 0
902 94 30 0 0
903 94 29 0 0
904 95 29 0 0
905 94 29 0 0
906 95 29 0 0
907 94 29 0 0
908 94 28 0 0
909 95 28 0 0
910 94 28 0 0
911 95 28 0 0
912 94 28 0 0
913 95 28 0 0
914 94 28 0 0
915 94 27 0 0
916 95 27 0 0
917 94 27 0 0
918 95 27 0 0
919 94 27 0 0
920 95 27 0 0
921 94 27 0 0
922 94 26 0 0
923 95 26 0 0
924 94 26 0 0
925 95 26 0 0
926 94 26 0 0
927 94 25 0 0
928 95 25 0 0
929 94 25 0 0
930 95 25 0 0
931 94 25 0 0
932 94 24 0 0
933 95 24 0 0
934 94 24 0 0
935 95 24 0 0
936 94 24 0 0
937 94 23 0 0
938 95 23 0 0
939 94 23 0 0
940 95 23 0 0
941 94 23 0 0
942 94 22 0 0
943 95 22 0 0
944 94 22 0 0
945 95 22 0 0
946 94 22 0 0
947 94 21 0 0
948 95 21 0 0
949 94 21 0 0
950 95 21 0 0
951 94 21 0 0
952 94 20 0 0
953 95 20 0 0
954 94 20 0 0
955 95 20 0 0
956 94 20 0 0
957 94 19 0 0
958 95 19 0 0
959 94 19 0 0
960 95 19 0 0
961 94 19 0 0
962 94 18 0 0
963 95 18 0 0
964 94 18 0 0
965 95 18 0 0
966 94 18 0 0
967 94 17 0 0
968 95 17 0 0
969 94 17 0 0
970 95 17 0 0
971 94 17 0 0
972 94 16 0 0
973 95 16 0 0
974 94 16 0 0
975 95 16 0 0
976 94 16 0 0
977 94 15 0 0
978 95 15 0 0
979 94 15 0 0
980 95 15 0 0
981 94 15 0 0
982 94 14 0 0
983 95 14 0 0
984 94 14 0 0
985 95 14 0 0
986 94 14 0 0
987 95 14 0 0
988 94 14 0 0
989 94 13 0 0
990 95 13 0 0
991 94 13 0 0
992 95 13 0 0
993 94 13 0 0
994 95 13 0 0
995 94 13 0 0
996 94 12 0 0
997 95 12 0 0
998 94 12 0 0
999 95 12 0 0
1000 94 12 0 0
1001 95 12 0 0
1002 94 12 0 0
1003 94 11 0 0
1004 95 11 0 0
1005 96 11 0 0
1006 95 11 0 0
1007 95 10 0 0
1008 96 10 0 0
1009 95 10 0 0
1010 96 10 0 0
1011 95 10 0 0
1012 96 10 0 0
1013 95 10 0 0
1014 95 9 0 0
1015 96 9 0 0
1016 95 9 0 0
1017 96 9 0 0
1018 95 9 0 0
1019 95 8 0 0
1020 96 8 0 0
1021 95 8 0 0
1022 96 8 0 0
1023 95 8 0 0
1024 96 8 0 0
1025 95 8 0 0
1026 96 8 0 0
