0 92 236 0 0
1 93 236 0 0
2 92 236 0 0
3 93 236 0 0
4 92 236 0 0
5 93 236 0 0
6 92 236 0 0
7 92 235 0 0
8 93 235 0 0
9 92 235 0 0
10 93 235 0 0
11 92 235 0 0
12 93 235 0 0
13 92 235 0 0
14 93 235 0 0
15 92 235 0 0
16 93 235 0 0
17 92 235 0 0
18 92 234 0 0
19 93 234 0 0
20 92 234 0 0
21 93 234 0 0
22 92 234 0 0
23 93 234 0 0
24 92 234 0 0
25 93 234 0 0
26 92 234 0 0
27 92 233 0 0
28 93 233 0 0
29 92 233 0 0
30 93 233 0 0
31 92 233 0 0
32 93 233 0 0
33 92 233 0 0
34 91 233 0 0
35 91 232 0 0
36 92 232 0 0
37 91 232 0 0
38 92 232 0 0
39 91 232 0 0
40 92 232 0 0
41 91 232 0 0
42 92 232 0 0
43 91 232 0 0
44 92 232 0 0
45 91 232 0 0
46 91 231 0 0
47 92 231 0 0
48 91 231 0 0
49 92 231 0 0
50 91 231 0 0
51 92 231 0 0
52 91 231 0 0
53 91 230 0 0
54 92 230 0 0
55 91 230 0 0
56 92 230 0 0
57 91 230 0 0
58 92 230 0 0
59 91 230 0 0
60 92 230 0 0
61 91 230 0 0
62 92 230 0 0
63 91 230 0 0
64 91 229 0 0
65 92 229 0 0
66 91 229 0 0
67 92 229 0 0
68 91 229 0 0
69 92 229 0 0
70 91 229 0 0
71 91 228 0 0
72 92 228 0 0
73 91 228 0 0
74 92 228 0 0
75 91 228 0 0
76 92 228 0 0
77 91 228 0 0
78 91 227 0 0
79 92 227 0 0
80 91 227 0 0
81 92 227 0 0
82 91 227 0 0
83 91 226 0 0
84 92 226 0 0
85 91 226 0 0
86 92 226 0 0
87 91 226 0 0
88 92 226 0 0
89 91 226 0 0
90 91 225 0 0
91 92 225 0 0
92 91 225 0 0
93 92 225 0 0
94 91 225 0 0
95 91 224 0 0
96 92 224 0 0
97 91 224 0 0
98 92 224 0 0
99 91 224 0 0
100 92 224 0 0
101 91 224 0 0
102 91 223 0 0
103 92 223 0 0
104 91 223 0 0
105 92 223 0 0
106 91 223 0 0
107 91 222 0 0
108 92 222 0 0
109 91 222 0 0
110 92 222 0 0
111 91 222 0 0
112 92 222 0 0
113 91 222 0 0
114 91 221 0 0
115 92 221 0 0
116 91 221 0 0
117 92 221 0 0
118 91 221 0 0
119 91 220 0 0
120 92 220 0 0
121 91 220 0 0
122 92 220 0 0
123 91 220 0 0
124 91 219 0 0
125 92 219 0 0
126 91 219 0 0
127 92 219 0 0
128 91 219 0 0
129 92 219 0 0
130 91 219 0 0
131 91 218 0 0
132 92 218 0 0
133 91 218 0 0
134 92 218 0 0
135 91 218 0 0
136 91 217 0 0
137 92 217 0 0
138 91 217 0 0
139 92 217 0 0
140 91 217 0 0
141 92 217 0 0
142 91 217 0 0
143 91 216 0 0
144 92 216 0 0
145 91 216 0 0
146 92 216 0 0
147 91 216 0 0
148 91 215 0 0
149 92 215 0 0
150 91 215 0 0
151 92 215 0 0
152 91 215 0 0
153 91 214 0 0
154 92 214 0 0
155 91 214 0 0
156 92 214 0 0
157 91 214 0 0
158 92 214 0 0
159 91 214 0 0
160 91 213 0 0
161 92 213 0 0
162 91 213 0 0
163 92 213 0 0
164 91 213 0 0
165 91 212 0 0
166 92 212 0 0
167 91 212 0 0
168 92 212 0 0
169 91 212 0 0
170 92 212 0 0
171 91 212 0 0
172 91 211 0 0
173 92 211 0 0
174 91 211 0 0
175 92 211 0 0
176 91 211 0 0
177 91 210 0 0
178 92 210 0 0
179 91 210 0 0
180 92 210 0 0
181 92 209 0 0
182 93 209 0 0
183 92 209 0 0
184 93 209 0 0
185 92 209 0 0
186 93 209 0 0
187 92 209 0 0
188 92 208 0 0
189 93 208 0 0
190 92 208 0 0
191 93 208 0 0
192 92 208 0 0
193 92 207 0 0
194 93 207 0 0
195 92 207 0 0
196 93 207 0 0
197 92 207 0 0
198 93 207 0 0
199 92 207 0 0
200 92 206 0 0
201 93 206 0 0
202 92 206 0 0
203 93 206 0 0
204 92 206 0 0
205 92 205 0 0
206 93 205 0 0
207 92 205 0 0
208 93 205 0 0
209 92 205 0 0
210 92 204 0 0
211 93 204 0 0
212 92 204 0 0
213 93 204 0 0
214 92 204 0 0
215 93 204 0 0
216 92 204 0 0
217 92 203 0 0
218 93 203 0 0
219 92 203 0 0
220 93 203 0 0
221 92 203 0 0
222 92 202 0 0
223 93 202 0 0
224 92 202 0 0
225 93 202 0 0
226 92 202 0 0
227 93 202 0 0
228 92 202 0 0
229 92 201 0 0
230 93 201 0 0
231 92 201 0 0
232 93 201 0 0
233 92 201 0 0
234 92 200 0 0
235 93 200 0 0
236 92 200 0 0
237 93 200 0 0
238 92 200 0 0
239 92 199 0 0
240 93 199 0 0
241 92 199 0 0
242 93 199 0 0
243 92 199 0 0
244 93 199 0 0
245 92 199 0 0
246 92 198 0 0
247 93 198 0 0
248 92 198 0 0
249 93 198 0 0
250 92 198 0 0
251 92 197 0 0
252 93 197 0 0
253 92 197 0 0
254 93 197 0 0
255 92 197 0 0
256 93 197 0 0
257 92 197 0 0
258 92 196 0 0
259 93 196 0 0
260 92 196 0 0
261 93 196 0 0
262 92 196 0 0
263 92 195 0 0
264 93 195 0 0
265 92 195 0 0
266 93 195 0 0
267 92 195 0 0
268 93 195 0 0
269 92 195 0 0
270 92 194 0 0
271 93 194 0 0
272 92 194 0 0
273 93 194 0 0
274 92 194 0 0
275 92 193 0 0
276 93 193 0 0
277 92 193 0 0
278 93 193 0 0
279 92 193 0 0
280 93 193 0 0
281 92 193 0 0
282 92 192 0 0
283 93 192 0 0
284 92 192 0 0
285 93 192 0 0
286 92 192 0 0
287 92 191 0 0
288 93 191 0 0
289 92 191 0 0
290 93 191 0 0
291 92 191 0 0
292 93 191 0 0
293 92 191 0 0
294 92 190 0 0
295 93 190 0 0
296 92 190 0 0
297 93 190 0 0
298 92 190 0 0
299 92 189 0 0
300 93 189 0 0
301 92 189 0 0
302 93 189 0 0
303 92 189 0 0
304 93 189 0 0
305 92 189 0 0
306 92 188 0 0
307 93 188 0 0
308 92 188 0 0
309 93 188 0 0
310 92 188 0 0
311 92 187 0 0
312 93 187 0 0
313 92 187 0 0
314 93 187 0 0
315 92 187 0 0
316 92 186 0 0
317 93 186 0 0
318 92 186 0 0
319 93 186 0 0
320 92 186 0 0
321 93 186 0 0
322 92 186 0 0
323 92 185 0 0
324 93 185 0 0
325 92 185 0 0
326 93 185 0 0
327 92 185 0 0
328 92 184 0 0
329 93 184 0 0
330 92 184 0 0
331 93 184 0 0
332 92 184 0 0
333 92 183 0 0
334 93 183 0 0
335 92 183 0 0
336 93 183 0 0
337 92 183 0 0
338 93 183 0 0
339 92 183 0 0
340 92 182 0 0
341 93 182 0 0
342 92 182 0 0
343 93 182 0 0
344 92 182 0 0
345 92 181 0 0
346 93 181 0 0
347 92 181 0 0
348 93 181 0 0
349 92 181 0 0
350 92 180 0 0
351 93 180 0 0
352 92 180 0 0
353 93 180 0 0
354 92 180 0 0
355 93 180 0 0
356 92 180 0 0
357 92 179 0 0
358 93 179 0 0
359 94 179 0 0
360 93 179 0 0
361 93 178 0 0
362 94 178 0 0
363 93 178 0 0
364 94 178 0 0
365 93 178 0 0
366 93 177 0 0
367 94 177 0 0
368 93 177 0 0
369 94 177 0 0
370 93 177 0 0
371 94 177 0 0
372 93 177 0 0
373 93 176 0 0
374 94 176 0 0
375 93 176 0 0
376 94 176 0 0
377 93 176 0 0
378 93 175 0 0
379 94 175 0 0
380 93 175 0 0
381 94 175 0 0
382 93 175 0 0
383 93 174 0 0
384 94 174 0 0
385 93 174 0 0
386 94 174 0 0
387 93 174 0 0
388 94 174 0 0
389 93 174 0 0
390 93 173 0 0
391 94 173 0 0
392 93 173 0 0
393 94 173 0 0
394 93 173 0 0
395 93 172 0 0
396 94 172 0 0
397 93 172 0 0
398 94 172 0 0
399 93 172 0 0
400 93 171 0 0
401 94 171 0 0
402 93 171 0 0
403 94 171 0 0
404 93 171 0 0
405 94 171 0 0
406 93 171 0 0
407 93 170 0 0
408 94 170 0 0
409 93 170 0 0
410 94 170 0 0
411 93 170 0 0
412 93 169 0 0
413 94 169 0 0
414 93 169 0 0
415 94 169 0 0
416 93 169 0 0
417 93 168 0 0
418 94 168 0 0
419 93 168 0 0
420 94 168 0 0
421 93 168 0 0
422 93 167 0 0
423 94 167 0 0
424 93 167 0 0
425 94 167 0 0
426 93 167 0 0
427 93 166 0 0
428 94 166 0 0
429 93 166 0 0
430 94 166 0 0
431 93 166 0 0
432 94 166 0 0
433 93 166 0 0
434 93 165 0 0
435 94 165 0 0
436 93 165 0 0
437 94 165 0 0
438 93 165 0 0
439 93 164 0 0
440 94 164 0 0
441 93 164 0 0
442 94 164 0 0
443 93 164 0 0
444 93 163 0 0
445 94 163 0 0
446 93 163 0 0
447 94 163 0 0
448 93 163 0 0
449 93 162 0 0
450 94 162 0 0
451 93 162 0 0
452 94 162 0 0
453 93 162 0 0
454 93 161 0 0
455 94 161 0 0
456 93 161 0 0
457 94 161 0 0
458 93 161 0 0
459 92 161 0 0
460 92 160 0 0
461 93 160 0 0
462 92 160 0 0
463 93 160 0 0
464 92 160 0 0
465 92 159 0 0
466 93 159 0 0
467 92 159 0 0
468 93 159 0 0
469 92 159 0 0
470 92 158 0 0
471 93 158 0 0
472 92 158 0 0
473 93 158 0 0
474 92 158 0 0
475 92 157 0 0
476 93 157 0 0
477 92 157 0 0
478 93 157 0 0
479 92 157 0 0
480 92 156 0 0
481 93 156 0 0
482 92 156 0 0
483 93 156 0 0
484 92 156 0 0
485 92 155 0 0
486 93 155 0 0
487 92 155 0 0
488 93 155 0 0
489 92 155 0 0
490 93 155 0 0
491 92 155 0 0
492 92 154 0 0
493 93 154 0 0
494 92 154 0 0
495 93 154 0 0
496 92 154 0 0
497 92 153 0 0
498 93 153 0 0
499 92 153 0 0
500 93 153 0 0
501 92 153 0 0
502 92 152 0 0
503 93 152 0 0
504 92 152 0 0
505 93 152 0 0
506 92 152 0 0
507 92 151 0 0
508 93 151 0 0
509 92 151 0 0
510 93 151 0 0
511 92 151 0 0
512 92 150 0 0
513 93 150 0 0
514 92 150 0 0
515 91 150 0 0
516 91 149 0 0
517 92 149 0 0
518 91 149 0 0
519 92 149 0 0
520 91 149 0 0
521 91 148 0 0
522 92 148 0 0
523 91 148 0 0
524 92 148 0 0
525 91 148 0 0
526 91 147 0 0
527 92 147 0 0
528 91 147 0 0
529 92 147 0 0
530 91 147 0 0
531 91 146 0 0
532 92 146 0 0
533 91 146 0 0
534 92 146 0 0
535 91 146 0 0
536 92 146 0 0
537 91 146 0 0
538 91 145 0 0
539 92 145 0 0
540 91 145 0 0
541 90 145 0 0
542 90 144 0 0
543 91 144 0 0
544 90 144 0 0
545 91 144 0 0
546 90 144 0 0
547 90 143 0 0
548 91 143 0 0
549 90 143 0 0
550 91 143 0 0
551 90 143 0 0
552 90 142 0 0
553 91 142 0 0
554 90 142 0 0
555 91 142 0 0
556 90 142 0 0
557 90 141 0 0
558 91 141 0 0
559 90 141 0 0
560 91 141 0 0
561 90 141 0 0
562 90 140 0 0
563 91 140 0 0
564 90 140 0 0
565 91 140 0 0
566 90 140 0 0
567 90 139 0 0
568 91 139 0 0
569 90 139 0 0
570 91 139 0 0
571 90 139 0 0
572 90 138 0 0
573 91 138 0 0
574 90 138 0 0
575 91 138 0 0
576 90 138 0 0
577 90 137 0 0
578 91 137 0 0
579 90 137 0 0
580 89 137 0 0
581 90 137 0 0
582 89 137 0 0
583 89 136 0 0
584 90 136 0 0
585 89 136 0 0
586 90 136 0 0
587 89 136 0 0
588 89 135 0 0
589 90 135 0 0
590 89 135 0 0
591 90 135 0 0
592 89 135 0 0
593 89 134 0 0
594 90 134 0 0
595 89 134 0 0
596 90 134 0 0
597 89 134 0 0
598 89 133 0 0
599 90 133 0 0
600 89 133 0 0
601 90 133 0 0
602 89 133 0 0
603 89 132 0 0
604 90 132 0 0
605 89 132 0 0
606 90 132 0 0
607 89 132 0 0
608 89 131 0 0
609 88 131 0 0
610 89 131 0 0
611 88 131 0 0
612 88 130 0 0
613 89 130 0 0
614 88 130 0 0
615 89 130 0 0
616 88 130 0 0
617 88 129 0 0
618 89 129 0 0
619 88 129 0 0
620 89 129 0 0
621 88 129 0 0
622 88 128 0 0
623 89 128 0 0
624 88 128 0 0
625 89 128 0 0
626 88 128 0 0
627 89 128 0 0
628 88 128 0 0
629 88 127 0 0
630 89 127 0 0
631 88 127 0 0
632 89 127 0 0
633 88 127 0 0
634 88 126 0 0
635 89 126 0 0
636 88 126 0 0
637 89 126 0 0
638 88 126 0 0
639 88 125 0 0
640 89 125 0 0
641 88 125 0 0
642 89 125 0 0
643 88 125 0 0
644 88 124 0 0
645 89 124 0 0
646 88 124 0 0
647 89 124 0 0
648 88 124 0 0
649 88 123 0 0
650 87 123 0 0
651 88 123 0 0
652 87 123 0 0
653 87 122 0 0
654 88 122 0 0
655 87 122 0 0
656 88 122 0 0
657 87 122 0 0
658 87 121 0 0
659 88 121 0 0
660 87 121 0 0
661 88 121 0 0
662 87 121 0 0
663 87 120 0 0
664 88 120 0 0
665 87 120 0 0
666 88 120 0 0
667 87 120 0 0
668 87 119 0 0
669 88 119 0 0
670 87 119 0 0
671 88 119 0 0
672 87 119 0 0
673 87 118 0 0
674 88 118 0 0
675 87 118 0 0
676 88 118 0 0
677 87 118 0 0
678 87 117 0 0
679 88 117 0 0
680 87 117 0 0
681 88 117 0 0
682 87 117 0 0
683 87 116 0 0
684 88 116 0 0
685 87 116 0 0
686 87 115 0 0
687 88 115 0 0
688 87 115 0 0
689 88 115 0 0
690 87 115 0 0
691 87 114 0 0
692 88 114 0 0
693 87 114 0 0
694 88 114 0 0
695 87 114 0 0
696 87 113 0 0
697 88 113 0 0
698 87 113 0 0
699 88 113 0 0
700 87 113 0 0
701 87 112 0 0
702 88 112 0 0
703 87 112 0 0
704 87 111 0 0
705 88 111 0 0
706 87 111 0 0
707 88 111 0 0
708 87 111 0 0
709 87 110 0 0
710 88 110 0 0
711 87 110 0 0
712 88 110 0 0
713 87 110 0 0
714 87 109 0 0
715 88 109 0 0
716 87 109 0 0
717 88 109 0 0
718 87 109 0 0
719 87 108 0 0
720 88 108 0 0
721 87 108 0 0
722 87 107 0 0
723 88 107 0 0
724 87 107 0 0
725 88 107 0 0
726 87 107 0 0
727 87 106 0 0
728 88 106 0 0
729 89 106 0 0
730 88 106 0 0
731 88 105 0 0
732 89 105 0 0
733 88 105 0 0
734 89 105 0 0
735 88 105 0 0
736 88 104 0 0
737 89 104 0 0
738 88 104 0 0
739 88 103 0 0
740 89 103 0 0
741 88 103 0 0
742 89 103 0 0
743 88 103 0 0
744 88 102 0 0
745 89 102 0 0
746 88 102 0 0
747 89 102 0 0
748 88 102 0 0
749 88 101 0 0
750 89 101 0 0
751 88 101 0 0
752 89 101 0 0
753 88 101 0 0
754 88 100 0 0
755 89 100 0 0
756 88 100 0 0
757 88 99 0 0
758 89 99 0 0
759 88 99 0 0
760 89 99 0 0
761 88 99 0 0
762 88 98 0 0
763 89 98 0 0
764 88 98 0 0
765 89 98 0 0
766 88 98 0 0
767 88 97 0 0
768 89 97 0 0
769 88 97 0 0
770 88 96 0 0
771 89 96 0 0
772 88 96 0 0
773 89 96 0 0
774 88 96 0 0
775 88 95 0 0
776 89 95 0 0
777 88 95 0 0
778 89 95 0 0
779 89 94 0 0
780 90 94 0 0
781 89 94 0 0
782 89 93 0 0
783 90 93 0 0
784 89 93 0 0
785 90 93 0 0
786 89 93 0 0
787 89 92 0 0
788 90 92 0 0
789 89 92 0 0
790 90 92 0 0
791 89 92 0 0
792 89 91 0 0
793 90 91 0 0
794 89 91 0 0
795 89 90 0 0
796 90 90 0 0
797 89 90 0 0
798 90 90 0 0
799 89 90 0 0
800 89 89 0 0
801 90 89 0 0
802 91 89 0 0
803 90 89 0 0
804 90 88 0 0
805 91 88 0 0
806 90 88 0 0
807 90 87 0 0
808 91 87 0 0
809 90 87 0 0
810 91 87 0 0
811 90 87 0 0
812 90 86 0 0
813 91 86 0 0
814 90 86 0 0
815 90 85 0 0
816 91 85 0 0
817 90 85 0 0
818 91 85 0 0
819 90 85 0 0
820 90 84 0 0
821 91 84 0 0
822 90 84 0 0
823 91 84 0 0
824 90 84 0 0
825 90 83 0 0
826 91 83 0 0
827 90 83 0 0
828 91 83 0 0
829 90 83 0 0
830 90 82 0 0
831 91 82 0 0
832 92 82 0 0
833 91 82 0 0
834 91 81 0 0
835 92 81 0 0
836 91 81 0 0
837 91 80 0 0
838 92 80 0 0
839 91 80 0 0
840 91 79 0 0
841 92 79 0 0
842 91 79 0 0
843 92 79 0 0
844 91 79 0 0
845 91 78 0 0
846 92 78 0 0
847 91 78 0 0
848 92 78 0 0
849 91 78 0 0
850 91 77 0 0
851 92 77 0 0
852 91 77 0 0
853 91 76 0 0
854 92 76 0 0
855 93 76 0 0
856 92 76 0 0
857 93 76 0 0
858 92 76 0 0
859 92 75 0 0
860 93 75 0 0
861 92 75 0 0
862 92 74 0 0
863 93 74 0 0
864 92 74 0 0
865 93 74 0 0
866 92 74 0 0
867 92 73 0 0
868 93 73 0 0
869 92 73 0 0
870 93 73 0 0
871 92 73 0 0
872 92 72 0 0
873 93 72 0 0
874 92 72 0 0
875 92 71 0 0
876 93 71 0 0
877 92 71 0 0
878 92 70 0 0
879 93 70 0 0
880 92 70 0 0
881 93 70 0 0
882 92 70 0 0
883 93 70 0 0
884 92 70 0 0
885 92 69 0 0
886 93 69 0 0
887 92 69 0 0
888 93 69 0 0
889 92 69 0 0
890 92 68 0 0
891 93 68 0 0
892 92 68 0 0
893 92 67 0 0
894 93 67 0 0
895 94 67 0 0
896 93 67 0 0
897 93 66 0 0
898 94 66 0 0
899 93 66 0 0
900 94 66 0 0
901 93 66 0 0
902 93 65 0 0
903 94 65 0 0
904 93 65 0 0
905 94 65 0 0
906 93 65 0 0
907 93 64 0 0
908 93 63 0 0
909 94 63 0 0
910 93 63 0 0
911 94 63 0 0
912 93 63 0 0
913 94 63 0 0
914 93 63 0 0
915 93 62 0 0
916 94 62 0 0
917 93 62 0 0
918 94 62 0 0
919 93 62 0 0
920 93 61 0 0
921 94 61 0 0
922 93 61 0 0
923 93 60 0 0
924 94 60 0 0
925 93 60 0 0
926 94 60 0 0
927 93 60 0 0
928 93 59 0 0
929 94 59 0 0
930 93 59 0 0
931 94 59 0 0
932 93 59 0 0
933 93 58 0 0
934 94 58 0 0
935 93 58 0 0
936 94 58 0 0
937 93 58 0 0
938 93 57 0 0
939 94 57 0 0
940 93 57 0 0
941 93 56 0 0
942 94 56 0 0
943 95 56 0 0
944 94 56 0 0
945 94 55 0 0
946 95 55 0 0
947 94 55 0 0
948 95 55 0 0
949 94 55 0 0
950 94 54 0 0
951 95 54 0 0
952 94 54 0 0
953 94 53 0 0
954 95 53 0 0
955 94 53 0 0
956 95 53 0 0
957 94 53 0 0
958 94 52 0 0
959 95 52 0 0
960 94 52 0 0
961 95 52 0 0
962 94 52 0 0
963 94 51 0 0
964 95 51 0 0
965 94 51 0 0
966 95 51 0 0
967 94 51 0 0
968 94 50 0 0
969 95 50 0 0
970 94 50 0 0
971 95 50 0 0
972 94 50 0 0
973 94 49 0 0
974 95 49 0 0
975 94 49 0 0
976 95 49 0 0
977 94 49 0 0
978 94 48 0 0
979 95 48 0 0
980 94 48 0 0
981 94 47 0 0
982 95 47 0 0
983 94 47 0 0
984 95 47 0 0
985 94 47 0 0
986 94 46 0 0
987 95 46 0 0
988 94 46 0 0
989 95 46 0 0
990 94 46 0 0
991 94 45 0 0
992 95 45 0 0
993 94 45 0 0
994 95 45 0 0
995 94 45 0 0
996 94 44 0 0
997 95 44 0 0
998 94 44 0 0
999 95 44 0 0
1000 94 44 0 0
1001 94 43 0 0
1002 95 43 0 0
1003 94 43 0 0
1004 94 42 0 0
1005 95 42 0 0
1006 94 42 0 0
1007 95 42 0 0
1008 94 42 0 0
1009 94 41 0 0
1010 95 41 0 0
1011 94 41 0 0
1012 95 41 0 0
1013 94 41 0 0
1014 94 40 0 0
1015 95 40 0 0
1016 94 40 0 0
1017 95 40 0 0
1018 94 40 0 0
1019 94 39 0 0
1020 95 39 0 0
1021 94 39 0 0
1022 95 39 0 0
1023 94 39 0 0
1024 94 38 0 0
1025 95 38 0 0
1026 94 38 0 0
1027 95 38 0 0
1028 95 37 0 0
1029 96 37 0 0
1030 95 37 0 0
1031 95 36 0 0
