0 100 7 0 0
1 100 8 0 0
2 101 8 0 0
3 100 8 0 0
4 101 8 0 0
5 100 8 0 0
6 100 9 0 0
7 101 9 0 0
8 100 9 0 0
9 101 9 0 0
10 100 9 0 0
11 100 10 0 0
12 101 10 0 0
13 100 10 0 0
14 101 10 0 0
15 100 10 0 0
16 100 11 0 0
17 101 11 0 0
18 100 11 0 0
19 101 11 0 0
20 100 11 0 0
21 100 12 0 0
22 100 13 0 0
23 101 13 0 0
24 100 13 0 0
25 101 13 0 0
26 100 13 0 0
27 100 14 0 0
28 101 14 0 0
29 100 14 0 0
30 101 14 0 0
31 100 14 0 0
32 100 15 0 0
33 101 15 0 0
34 100 15 0 0
35 100 16 0 0
36 101 16 0 0
37 100 16 0 0
38 101 16 0 0
39 100 16 0 0
40 101 16 0 0
41 100 16 0 0
42 100 17 0 0
43 101 17 0 0
44 100 17 0 0
45 100 18 0 0
46 101 18 0 0
47 100 18 0 0
48 101 18 0 0
49 100 18 0 0
50 100 19 0 0
51 101 19 0 0
52 100 19 0 0
53 101 19 0 0
54 100 19 0 0
55 100 20 0 0
56 101 20 0 0
57 100 20 0 0
58 100 21 0 0
59 101 21 0 0
60 100 21 0 0
61 101 21 0 0
62 100 21 0 0
63 100 22 0 0
64 101 22 0 0
65 100 22 0 0
66 100 23 0 0
67 101 23 0 0
68 100 23 0 0
69 101 23 0 0
70 100 23 0 0
71 100 24 0 0
72 101 24 0 0
73 100 24 0 0
74 101 24 0 0
75 100 24 0 0
76 100 25 0 0
77 101 25 0 0
78 100 25 0 0
79 101 25 0 0
80 100 25 0 0
81 100 26 0 0
82 101 26 0 0
83 100 26 0 0
84 100 27 0 0
85 101 27 0 0
86 100 27 0 0
87 101 27 0 0
88 100 27 0 0
89 100 28 0 0
90 101 28 0 0
91 100 28 0 0
92 100 29 0 0
93 101 29 0 0
94 100 29 0 0
95 101 29 0 0
96 100 29 0 0
97 100 30 0 0
98 101 30 0 0
99 100 30 0 0
100 101 30 0 0
101 101 31 0 0
102 102 31 0 0
103 101 31 0 0
104 102 31 0 0
105 101 31 0 0
106 101 32 0 0
107 102 32 0 0
108 101 32 0 0
109 102 32 0 0
110 101 32 0 0
111 101 33 0 0
112 102 33 0 0
113 101 33 0 0
114 102 33 0 0
115 101 33 0 0
116 102 33 0 0
117 101 33 0 0
118 101 34 0 0
119 102 34 0 0
120 101 34 0 0
121 102 34 0 0
122 101 34 0 0
123 101 35 0 0
124 102 35 0 0
125 101 35 0 0
126 102 35 0 0
127 101 35 0 0
128 102 35 0 0
129 101 35 0 0
130 101 36 0 0
131 102 36 0 0
132 103 36 0 0
133 102 36 0 0
134 102 37 0 0
135 103 37 0 0
136 102 37 0 0
137 103 37 0 0
138 102 37 0 0
139 103 37 0 0
140 102 37 0 0
141 102 38 0 0
142 103 38 0 0
143 102 38 0 0
144 103 38 0 0
145 102 38 0 0
146 102 39 0 0
147 103 39 0 0
148 102 39 0 0
149 103 39 0 0
150 102 39 0 0
151 103 39 0 0
152 102 39 0 0
153 102 40 0 0
154 103 40 0 0
155 102 40 0 0
156 103 40 0 0
157 102 40 0 0
158 102 41 0 0
159 103 41 0 0
160 104 41 0 0
161 103 41 0 0
162 104 41 0 0
163 103 41 0 0
164 103 42 0 0
165 104 42 0 0
166 103 42 0 0
167 104 42 0 0
168 103 42 0 0
169 103 43 0 0
170 104 43 0 0
171 103 43 0 0
172 104 43 0 0
173 103 43 0 0
174 104 43 0 0
175 103 43 0 0
176 103 44 0 0
177 104 44 0 0
178 103 44 0 0
179 104 44 0 0
180 104 45 0 0
181 105 45 0 0
182 104 45 0 0
183 105 45 0 0
184 104 45 0 0
185 105 45 0 0
186 104 45 0 0
187 104 46 0 0
188 105 46 0 0
189 104 46 0 0
190 105 46 0 0
191 104 46 0 0
192 104 47 0 0
193 105 47 0 0
194 104 47 0 0
195 105 47 0 0
196 104 47 0 0
197 105 47 0 0
198 104 47 0 0
199 104 48 0 0
200 105 48 0 0
201 104 48 0 0
202 105 48 0 0
203 106 48 0 0
204 105 48 0 0
205 105 49 0 0
206 106 49 0 0
207 105 49 0 0
208 106 49 0 0
209 105 49 0 0
210 105 50 0 0
211 106 50 0 0
212 105 50 0 0
213 106 50 0 0
214 105 50 0 0
215 106 50 0 0
216 105 50 0 0
217 105 51 0 0
218 106 51 0 0
219 105 51 0 0
220 106 51 0 0
221 107 51 0 0
222 106 51 0 0
223 106 52 0 0
224 107 52 0 0
225 106 52 0 0
226 107 52 0 0
227 106 52 0 0
228 107 52 0 0
229 106 52 0 0
230 106 53 0 0
231 107 53 0 0
232 106 53 0 0
233 107 53 0 0
234 108 53 0 0
235 107 53 0 0
236 107 54 0 0
237 108 54 0 0
238 107 54 0 0
239 108 54 0 0
240 107 54 0 0
241 107 55 0 0
242 108 55 0 0
243 107 55 0 0
244 108 55 0 0
245 107 55 0 0
246 108 55 0 0
247 107 55 0 0
248 107 56 0 0
249 108 56 0 0
250 107 56 0 0
251 108 56 0 0
252 109 56 0 0
253 108 56 0 0
254 108 57 0 0
255 109 57 0 0
256 108 57 0 0
257 109 57 0 0
258 108 57 0 0
259 109 57 0 0
260 108 57 0 0
261 108 58 0 0
262 109 58 0 0
263 110 58 0 0
264 109 58 0 0
265 110 58 0 0
266 109 58 0 0
267 109 59 0 0
268 110 59 0 0
269 109 59 0 0
270 110 59 0 0
271 109 59 0 0
272 109 60 0 0
273 110 60 0 0
274 109 60 0 0
275 110 60 0 0
276 109 60 0 0
277 110 60 0 0
278 109 60 0 0
279 109 61 0 0
280 110 61 0 0
281 111 61 0 0
282 110 61 0 0
283 111 61 0 0
284 110 61 0 0
285 110 62 0 0
286 111 62 0 0
287 110 62 0 0
288 111 62 0 0
289 110 62 0 0
290 111 62 0 0
291 110 62 0 0
292 110 63 0 0
293 111 63 0 0
294 112 63 0 0
295 111 63 0 0
296 112 63 0 0
297 111 63 0 0
298 111 64 0 0
299 112 64 0 0
300 111 64 0 0
301 112 64 0 0
302 111 64 0 0
303 111 65 0 0
304 112 65 0 0
305 111 65 0 0
306 112 65 0 0
307 111 65 0 0
308 112 65 0 0
309 111 65 0 0
310 111 66 0 0
311 112 66 0 0
312 113 66 0 0
313 112 66 0 0
314 113 66 0 0
315 112 66 0 0
316 112 67 0 0
317 113 67 0 0
318 112 67 0 0
319 113 67 0 0
320 112 67 0 0
321 113 67 0 0
322 112 67 0 0
323 112 68 0 0
324 113 68 0 0
325 112 68 0 0
326 113 68 0 0
327 114 68 0 0
328 113 68 0 0
329 113 69 0 0
330 114 69 0 0
331 113 69 0 0
332 114 69 0 0
333 113 69 0 0
334 113 70 0 0
335 114 70 0 0
336 115 70 0 0
337 114 70 0 0
338 115 70 0 0
339 114 70 0 0
340 114 71 0 0
341 115 71 0 0
342 114 71 0 0
343 115 71 0 0
344 116 71 0 0
345 115 71 0 0
346 115 72 0 0
347 116 72 0 0
348 115 72 0 0
349 116 72 0 0
350 117 72 0 0
351 116 72 0 0
352 116 73 0 0
353 117 73 0 0
354 116 73 0 0
355 117 73 0 0
356 116 73 0 0
357 117 73 0 0
358 117 74 0 0
359 118 74 0 0
360 117 74 0 0
361 118 74 0 0
362 117 74 0 0
363 118 74 0 0
364 117 74 0 0
365 117 75 0 0
366 118 75 0 0
367 119 75 0 0
368 118 75 0 0
369 119 75 0 0
370 118 75 0 0
371 118 76 0 0
372 119 76 0 0
373 118 76 0 0
374 119 76 0 0
375 119 77 0 0
376 120 77 0 0
377 119 77 0 0
378 120 77 0 0
379 119 77 0 0
380 120 77 0 0
381 119 77 0 0
382 119 78 0 0
383 120 78 0 0
384 121 78 0 0
385 120 78 0 0
386 121 78 0 0
387 120 78 0 0
388 120 79 0 0
389 121 79 0 0
390 122 79 0 0
391 121 79 0 0
392 122 79 0 0
393 121 79 0 0
394 121 80 0 0
395 122 80 0 0
396 121 80 0 0
397 122 80 0 0
398 121 80 0 0
399 122 80 0 0
400 122 81 0 0
401 123 81 0 0
402 122 81 0 0
403 123 81 0 0
404 122 81 0 0
405 123 81 0 0
406 122 81 0 0
407 122 82 0 0
408 123 82 0 0
409 124 82 0 0
410 123 82 0 0
411 124 82 0 0
412 123 82 0 0
413 123 83 0 0
414 124 83 0 0
415 125 83 0 0
416 124 83 0 0
417 124 84 0 0
418 125 84 0 0
419 124 84 0 0
420 125 84 0 0
421 124 84 0 0
422 125 84 0 0
423 125 85 0 0
424 126 85 0 0
425 125 85 0 0
426 126 85 0 0
427 125 85 0 0
428 126 85 0 0
429 125 85 0 0
430 125 86 0 0
431 126 86 0 0
432 127 86 0 0
433 126 86 0 0
434 127 86 0 0
435 126 86 0 0
436 126 87 0 0
437 127 87 0 0
438 126 87 0 0
439 127 87 0 0
440 126 87 0 0
441 126 88 0 0
442 127 88 0 0
443 126 88 0 0
444 127 88 0 0
445 126 88 0 0
446 126 89 0 0
447 127 89 0 0
448 126 89 0 0
449 127 89 0 0
450 126 89 0 0
451 126 90 0 0
452 127 90 0 0
453 126 90 0 0
454 127 90 0 0
455 126 90 0 0
456 126 91 0 0
457 127 91 0 0
458 126 91 0 0
459 127 91 0 0
460 126 91 0 0
461 126 92 0 0
462 127 92 0 0
463 126 92 0 0
464 127 92 0 0
465 126 92 0 0
466 127 92 0 0
467 126 92 0 0
468 126 93 0 0
469 127 93 0 0
470 126 93 0 0
471 127 93 0 0
472 126 93 0 0
473 126 94 0 0
474 127 94 0 0
475 126 94 0 0
476 127 94 0 0
477 126 94 0 0
478 126 95 0 0
479 127 95 0 0
480 126 95 0 0
481 127 95 0 0
482 126 95 0 0
483 126 96 0 0
484 127 96 0 0
485 126 96 0 0
486 127 96 0 0
487 126 96 0 0
488 126 97 0 0
489 127 97 0 0
490 126 97 0 0
491 127 97 0 0
492 126 97 0 0
493 127 97 0 0
494 126 97 0 0
495 126 98 0 0
496 127 98 0 0
497 126 98 0 0
498 127 98 0 0
499 126 98 0 0
500 126 99 0 0
501 127 99 0 0
502 126 99 0 0
503 127 99 0 0
504 126 99 0 0
505 126 100 0 0
506 127 100 0 0
507 126 100 0 0
508 127 100 0 0
509 126 100 0 0
510 126 101 0 0
511 127 101 0 0
512 126 101 0 0
513 127 101 0 0
514 126 101 0 0
515 126 102 0 0
516 127 102 0 0
517 126 102 0 0
518 127 102 0 0
519 126 102 0 0
520 126 103 0 0
521 127 103 0 0
522 126 103 0 0
523 127 103 0 0
524 126 103 0 0
525 127 103 0 0
526 126 103 0 0
527 126 104 0 0
528 127 104 0 0
529 126 104 0 0
530 127 104 0 0
531 126 104 0 0
532 126 105 0 0
533 127 105 0 0
534 126 105 0 0
535 127 105 0 0
536 126 105 0 0
537 126 106 0 0
538 127 106 0 0
539 126 106 0 0
540 127 106 0 0
541 126 106 0 0
542 126 107 0 0
543 127 107 0 0
544 126 107 0 0
545 127 107 0 0
546 126 107 0 0
547 126 108 0 0
548 127 108 0 0
549 126 108 0 0
550 127 108 0 0
551 126 108 0 0
552 126 109 0 0
553 127 109 0 0
554 126 109 0 0
555 127 109 0 0
556 126 109 0 0
557 125 109 0 0
558 125 110 0 0
559 126 110 0 0
560 125 110 0 0
561 126 110 0 0
562 125 110 0 0
563 125 111 0 0
564 126 111 0 0
565 125 111 0 0
566 126 111 0 0
567 125 111 0 0
568 126 111 0 0
569 125 111 0 0
570 125 112 0 0
571 126 112 0 0
572 125 112 0 0
573 126 112 0 0
574 125 112 0 0
575 125 113 0 0
576 124 113 0 0
577 125 113 0 0
578 124 113 0 0
579 125 113 0 0
580 124 113 0 0
581 124 114 0 0
582 125 114 0 0
583 124 114 0 0
584 125 114 0 0
585 124 114 0 0
586 124 115 0 0
587 125 115 0 0
588 124 115 0 0
589 125 115 0 0
590 124 115 0 0
591 124 116 0 0
592 125 116 0 0
593 124 116 0 0
594 123 116 0 0
595 124 116 0 0
596 123 116 0 0
597 123 117 0 0
598 124 117 0 0
599 123 117 0 0
600 124 117 0 0
601 123 117 0 0
602 123 118 0 0
603 124 118 0 0
604 123 118 0 0
605 124 118 0 0
606 123 118 0 0
607 122 118 0 0
608 122 119 0 0
609 123 119 0 0
610 122 119 0 0
611 123 119 0 0
612 122 119 0 0
613 122 120 0 0
614 123 120 0 0
615 122 120 0 0
616 123 120 0 0
617 122 120 0 0
618 123 120 0 0
619 122 120 0 0
620 122 121 0 0
621 123 121 0 0
622 122 121 0 0
623 123 121 0 0
624 122 121 0 0
625 122 122 0 0
626 121 122 0 0
627 122 122 0 0
628 121 122 0 0
629 122 122 0 0
630 121 122 0 0
631 121 123 0 0
632 122 123 0 0
633 121 123 0 0
634 122 123 0 0
635 121 123 0 0
636 121 124 0 0
637 122 124 0 0
638 121 124 0 0
639 122 124 0 0
640 121 124 0 0
641 121 125 0 0
642 122 125 0 0
643 121 125 0 0
644 120 125 0 0
645 121 125 0 0
646 120 125 0 0
647 120 126 0 0
648 121 126 0 0
649 120 126 0 0
650 121 126 0 0
651 120 126 0 0
652 120 127 0 0
653 121 127 0 0
654 120 127 0 0
655 121 127 0 0
656 120 127 0 0
657 119 127 0 0
658 119 128 0 0
659 120 128 0 0
660 119 128 0 0
661 120 128 0 0
662 119 128 0 0
663 119 129 0 0
664 120 129 0 0
665 119 129 0 0
666 120 129 0 0
667 119 129 0 0
668 120 129 0 0
669 119 129 0 0
670 120 129 0 0
671 119 129 0 0
672 119 130 0 0
673 120 130 0 0
674 119 130 0 0
675 118 130 0 0
676 118 131 0 0
677 119 131 0 0
678 118 131 0 0
679 119 131 0 0
680 118 131 0 0
681 118 132 0 0
682 119 132 0 0
683 118 132 0 0
684 119 132 0 0
685 118 132 0 0
686 118 133 0 0
687 119 133 0 0
688 118 133 0 0
689 119 133 0 0
690 118 133 0 0
691 119 133 0 0
692 118 133 0 0
693 118 134 0 0
694 117 134 0 0
695 118 134 0 0
696 117 134 0 0
697 117 135 0 0
698 118 135 0 0
699 117 135 0 0
700 118 135 0 0
701 117 135 0 0
702 117 136 0 0
703 118 136 0 0
704 117 136 0 0
705 118 136 0 0
706 117 136 0 0
707 118 136 0 0
708 117 136 0 0
709 117 137 0 0
710 118 137 0 0
711 117 137 0 0
712 118 137 0 0
713 117 137 0 0
714 117 138 0 0
715 118 138 0 0
716 117 138 0 0
717 118 138 0 0
718 117 138 0 0
719 118 138 0 0
720 117 138 0 0
721 117 139 0 0
722 118 139 0 0
723 117 139 0 0
724 118 139 0 0
725 117 139 0 0
726 117 140 0 0
727 118 140 0 0
728 117 140 0 0
729 118 140 0 0
730 117 140 0 0
731 117 141 0 0
732 118 141 0 0
733 117 141 0 0
734 117 142 0 0
735 118 142 0 0
736 117 142 0 0
737 116 142 0 0
738 116 143 0 0
739 117 143 0 0
740 116 143 0 0
741 117 143 0 0
742 116 143 0 0
743 117 143 0 0
744 116 143 0 0
745 117 143 0 0
746 116 143 0 0
747 116 144 0 0
748 117 144 0 0
749 116 144 0 0
750 117 144 0 0
751 116 144 0 0
752 116 145 0 0
753 117 145 0 0
754 116 145 0 0
755 117 145 0 0
756 116 145 0 0
757 116 146 0 0
758 117 146 0 0
759 116 146 0 0
760 117 146 0 0
761 116 146 0 0
762 116 147 0 0
763 117 147 0 0
764 116 147 0 0
765 117 147 0 0
766 116 147 0 0
767 116 148 0 0
768 117 148 0 0
769 116 148 0 0
770 117 148 0 0
771 116 148 0 0
772 117 148 0 0
773 116 148 0 0
774 116 149 0 0
775 117 149 0 0
776 116 149 0 0
777 117 149 0 0
778 116 149 0 0
779 116 150 0 0
780 117 150 0 0
781 116 150 0 0
782 117 150 0 0
783 116 150 0 0
784 116 151 0 0
785 117 151 0 0
786 116 151 0 0
787 117 151 0 0
788 116 151 0 0
789 116 152 0 0
790 117 152 0 0
791 116 152 0 0
792 117 152 0 0
793 116 152 0 0
794 116 153 0 0
795 117 153 0 0
796 116 153 0 0
797 115 153 0 0
798 116 153 0 0
799 115 153 0 0
800 115 154 0 0
801 116 154 0 0
802 115 154 0 0
803 116 154 0 0
804 115 154 0 0
805 115 155 0 0
806 116 155 0 0
807 115 155 0 0
808 116 155 0 0
809 115 155 0 0
810 115 156 0 0
811 116 156 0 0
812 115 156 0 0
813 116 156 0 0
814 115 156 0 0
815 115 157 0 0
816 116 157 0 0
817 115 157 0 0
818 116 157 0 0
819 115 157 0 0
820 115 158 0 0
821 116 158 0 0
822 115 158 0 0
823 116 158 0 0
824 115 158 0 0
825 116 158 0 0
826 115 158 0 0
827 115 159 0 0
828 116 159 0 0
829 115 159 0 0
830 116 159 0 0
831 115 159 0 0
832 115 160 0 0
833 116 160 0 0
834 115 160 0 0
835 116 160 0 0
836 115 160 0 0
837 115 161 0 0
838 116 161 0 0
839 115 161 0 0
840 116 161 0 0
841 115 161 0 0
842 115 162 0 0
843 114 162 0 0
844 115 162 0 0
845 114 162 0 0
846 114 163 0 0
847 115 163 0 0
848 114 163 0 0
849 115 163 0 0
850 114 163 0 0
851 115 163 0 0
852 114 163 0 0
853 114 164 0 0
854 115 164 0 0
855 114 164 0 0
856 115 164 0 0
857 114 164 0 0
858 114 165 0 0
859 115 165 0 0
860 114 165 0 0
861 115 165 0 0
862 114 165 0 0
863 114 166 0 0
864 115 166 0 0
865 114 166 0 0
866 115 166 0 0
867 114 166 0 0
868 114 167 0 0
869 115 167 0 0
870 114 167 0 0
871 115 167 0 0
872 114 167 0 0
873 114 168 0 0
874 115 168 0 0
875 114 168 0 0
876 115 168 0 0
877 114 168 0 0
878 115 168 0 0
879 114 168 0 0
880 114 169 0 0
881 115 169 0 0
882 114 169 0 0
883 115 169 0 0
884 114 169 0 0
885 114 170 0 0
886 115 170 0 0
887 114 170 0 0
888 115 170 0 0
889 114 170 0 0
890 114 171 0 0
891 115 171 0 0
892 114 171 0 0
893 115 171 0 0
894 114 171 0 0
895 114 172 0 0
896 115 172 0 0
897 114 172 0 0
898 115 172 0 0
899 114 172 0 0
900 114 173 0 0
901 115 173 0 0
902 114 173 0 0
903 113 173 0 0
904 114 173 0 0
905 113 173 0 0
906 113 174 0 0
907 114 174 0 0
908 113 174 0 0
909 114 174 0 0
910 113 174 0 0
911 113 175 0 0
912 114 175 0 0
913 113 175 0 0
914 114 175 0 0
915 113 175 0 0
916 113 176 0 0
917 114 176 0 0
918 113 176 0 0
919 114 176 0 0
920 113 176 0 0
921 113 177 0 0
922 114 177 0 0
923 113 177 0 0
924 114 177 0 0
925 113 177 0 0
926 113 178 0 0
927 114 178 0 0
928 113 178 0 0
929 114 178 0 0
930 113 178 0 0
931 114 178 0 0
932 113 178 0 0
933 113 179 0 0
934 114 179 0 0
935 113 179 0 0
936 114 179 0 0
937 113 179 0 0
938 113 180 0 0
939 114 180 0 0
940 113 180 0 0
941 114 180 0 0
942 113 180 0 0
943 113 181 0 0
944 114 181 0 0
945 113 181 0 0
946 114 181 0 0
947 113 181 0 0
948 113 182 0 0
949 114 182 0 0
950 113 182 0 0
951 114 182 0 0
952 113 182 0 0
953 113 183 0 0
954 114 183 0 0
955 115 183 0 0
956 114 183 0 0
957 114 184 0 0
958 115 184 0 0
959 114 184 0 0
960 115 184 0 0
961 114 184 0 0
962 114 185 0 0
963 115 185 0 0
964 114 185 0 0
965 115 185 0 0
966 114 185 0 0
967 114 186 0 0
968 115 186 0 0
969 114 186 0 0
970 115 186 0 0
971 114 186 0 0
972 114 187 0 0
973 115 187 0 0
974 114 187 0 0
975 115 187 0 0
976 114 187 0 0
977 114 188 0 0
978 115 188 0 0
979 114 188 0 0
980 115 188 0 0
981 114 188 0 0
982 114 189 0 0
983 115 189 0 0
984 114 189 0 0
985 115 189 0 0
986 114 189 0 0
987 114 190 0 0
988 115 190 0 0
989 114 190 0 0
990 115 190 0 0
991 114 190 0 0
992 115 190 0 0
993 114 190 0 0
994 114 191 0 0
995 115 191 0 0
996 114 191 0 0
997 115 191 0 0
998 114 191 0 0
999 114 192 0 0
1000 115 192 0 0
1001 114 192 0 0
1002 115 192 0 0
1003 115 193 0 0
1004 116 193 0 0
1005 115 193 0 0
1006 116 193 0 0
1007 115 193 0 0
1008 115 194 0 0
1009 116 194 0 0
1010 115 194 0 0
1011 116 194 0 0
1012 115 194 0 0
1013 115 195 0 0
1014 116 195 0 0
1015 115 195 0 0
1016 116 195 0 0
1017 115 195 0 0
1018 115 196 0 0
1019 116 196 0 0
1020 115 196 0 0
1021 116 196 0 0
1022 115 196 0 0
1023 115 197 0 0
1024 116 197 0 0
1025 115 197 0 0
1026 116 197 0 0
1027 115 197 0 0
1028 115 198 0 0
1029 116 198 0 0
1030 115 198 0 0
1031 116 198 0 0
1032 115 198 0 0
1033 115 199 0 0
1034 116 199 0 0
1035 115 199 0 0
1036 116 199 0 0
1037 115 199 0 0
1038 115 200 0 0
1039 116 200 0 0
1040 117 200 0 0
1041 116 200 0 0
1042 116 201 0 0
1043 117 201 0 0
1044 116 201 0 0
1045 117 201 0 0
1046 116 201 0 0
1047 116 202 0 0
1048 117 202 0 0
1049 116 202 0 0
1050 117 202 0 0
1051 116 202 0 0
1052 117 202 0 0
1053 116 202 0 0
1054 116 203 0 0
1055 117 203 0 0
1056 116 203 0 0
1057 117 203 0 0
1058 116 203 0 0
1059 116 204 0 0
1060 117 204 0 0
1061 116 204 0 0
1062 117 204 0 0
1063 116 204 0 0
1064 116 205 0 0
1065 117 205 0 0
1066 116 205 0 0
1067 117 205 0 0
1068 116 205 0 0
1069 116 206 0 0
1070 117 206 0 0
1071 116 206 0 0
1072 117 206 0 0
1073 116 206 0 0
1074 116 207 0 0
1075 117 207 0 0
1076 118 207 0 0
1077 117 207 0 0
1078 117 208 0 0
1079 118 208 0 0
1080 117 208 0 0
1081 118 208 0 0
1082 117 208 0 0
1083 117 209 0 0
1084 118 209 0 0
1085 117 209 0 0
1086 118 209 0 0
1087 117 209 0 0
1088 117 210 0 0
1089 118 210 0 0
1090 117 210 0 0
1091 118 210 0 0
1092 117 210 0 0
1093 117 211 0 0
1094 118 211 0 0
1095 117 211 0 0
1096 118 211 0 0
1097 117 211 0 0
1098 117 212 0 0
1099 118 212 0 0
1100 119 212 0 0
1101 118 212 0 0
1102 118 213 0 0
1103 119 213 0 0
1104 118 213 0 0
1105 119 213 0 0
1106 118 213 0 0
1107 118 214 0 0
1108 119 214 0 0
1109 118 214 0 0
1110 119 214 0 0
1111 118 214 0 0
1112 118 215 0 0
1113 119 215 0 0
1114 118 215 0 0
1115 119 215 0 0
1116 118 215 0 0
1117 118 216 0 0
1118 119 216 0 0
1119 118 216 0 0
1120 119 216 0 0
1121 118 216 0 0
1122 118 217 0 0
1123 119 217 0 0
1124 118 217 0 0
1125 119 217 0 0
1126 118 217 0 0
1127 119 217 0 0
1128 118 217 0 0
1129 118 218 0 0
1130 119 218 0 0
1131 118 218 0 0
1132 119 218 0 0
1133 118 218 0 0
1134 118 219 0 0
1135 119 219 0 0
1136 118 219 0 0
1137 119 219 0 0
1138 118 219 0 0
1139 118 220 0 0
1140 119 220 0 0
1141 118 220 0 0
1142 119 220 0 0
1143 118 220 0 0
1144 118 221 0 0
1145 119 221 0 0
1146 118 221 0 0
1147 119 221 0 0
