0 98 3 0 0
1 99 3 0 0
2 98 3 0 0
3 98 4 0 0
4 99 4 0 0
5 98 4 0 0
6 99 4 0 0
7 98 4 0 0
8 98 5 0 0
9 99 5 0 0
10 98 5 0 0
11 99 5 0 0
12 98 5 0 0
13 98 6 0 0
14 99 6 0 0
15 98 6 0 0
16 99 6 0 0
17 98 6 0 0
18 98 7 0 0
19 99 7 0 0
20 98 7 0 0
21 99 7 0 0
22 98 7 0 0
23 98 8 0 0
24 99 8 0 0
25 98 8 0 0
26 99 8 0 0
27 98 8 0 0
28 98 9 0 0
29 99 9 0 0
30 98 9 0 0
31 99 9 0 0
32 98 9 0 0
33 98 10 0 0
34 99 10 0 0
35 98 10 0 0
36 99 10 0 0
37 98 10 0 0
38 99 10 0 0
39 98 10 0 0
40 98 11 0 0
41 99 11 0 0
42 98 11 0 0
43 98 12 0 0
44 99 12 0 0
45 98 12 0 0
46 99 12 0 0
47 98 12 0 0
48 99 12 0 0
49 98 12 0 0
50 98 13 0 0
51 99 13 0 0
52 98 13 0 0
53 99 13 0 0
54 98 13 0 0
55 98 14 0 0
56 99 14 0 0
57 98 14 0 0
58 99 14 0 0
59 98 14 0 0
60 98 15 0 0
61 99 15 0 0
62 98 15 0 0
63 99 15 0 0
64 98 15 0 0
65 98 16 0 0
66 99 16 0 0
67 98 16 0 0
68 99 16 0 0
69 98 16 0 0
70 98 17 0 0
71 99 17 0 0
72 100 17 0 0
73 99 17 0 0
74 99 18 0 0
75 100 18 0 0
76 99 18 0 0
77 100 18 0 0
78 99 18 0 0
79 99 19 0 0
80 100 19 0 0
81 99 19 0 0
82 100 19 0 0
83 99 19 0 0
84 99 20 0 0
85 100 20 0 0
86 99 20 0 0
87 99 21 0 0
88 100 21 0 0
89 99 21 0 0
90 100 21 0 0
91 99 21 0 0
92 99 22 0 0
93 100 22 0 0
94 99 22 0 0
95 99 23 0 0
96 100 23 0 0
97 101 23 0 0
98 100 23 0 0
99 100 24 0 0
100 101 24 0 0
101 100 24 0 0
102 101 24 0 0
103 100 24 0 0
104 100 25 0 0
105 101 25 0 0
106 100 25 0 0
107 100 26 0 0
108 101 26 0 0
109 100 26 0 0
110 101 26 0 0
111 100 26 0 0
112 100 27 0 0
113 101 27 0 0
114 100 27 0 0
115 100 28 0 0
116 101 28 0 0
117 100 28 0 0
118 101 28 0 0
119 100 28 0 0
120 100 29 0 0
121 101 29 0 0
122 100 29 0 0
123 101 29 0 0
124 100 29 0 0
125 100 30 0 0
126 101 30 0 0
127 102 30 0 0
128 101 30 0 0
129 101 31 0 0
130 102 31 0 0
131 101 31 0 0
132 102 31 0 0
133 101 31 0 0
134 101 32 0 0
135 102 32 0 0
136 101 32 0 0
137 102 32 0 0
138 102 33 0 0
139 103 33 0 0
140 102 33 0 0
141 103 33 0 0
142 102 33 0 0
143 102 34 0 0
144 103 34 0 0
145 102 34 0 0
146 103 34 0 0
147 102 34 0 0
148 102 35 0 0
149 103 35 0 0
150 102 35 0 0
151 103 35 0 0
152 103 36 0 0
153 104 36 0 0
154 103 36 0 0
155 104 36 0 0
156 103 36 0 0
157 103 37 0 0
158 104 37 0 0
159 103 37 0 0
160 104 37 0 0
161 103 37 0 0
162 103 38 0 0
163 104 38 0 0
164 103 38 0 0
165 104 38 0 0
166 104 39 0 0
167 105 39 0 0
168 104 39 0 0
169 105 39 0 0
170 104 39 0 0
171 104 40 0 0
172 105 40 0 0
173 104 40 0 0
174 105 40 0 0
175 104 40 0 0
176 104 41 0 0
177 105 41 0 0
178 104 41 0 0
179 105 41 0 0
180 105 42 0 0
181 106 42 0 0
182 105 42 0 0
183 106 42 0 0
184 105 42 0 0
185 105 43 0 0
186 106 43 0 0
187 105 43 0 0
188 106 43 0 0
189 105 43 0 0
190 105 44 0 0
191 106 44 0 0
192 105 44 0 0
193 106 44 0 0
194 105 44 0 0
195 105 45 0 0
196 106 45 0 0
197 105 45 0 0
198 106 45 0 0
199 105 45 0 0
200 105 46 0 0
201 106 46 0 0
202 107 46 0 0
203 106 46 0 0
204 107 46 0 0
205 106 46 0 0
206 106 47 0 0
207 107 47 0 0
208 106 47 0 0
209 107 47 0 0
210 106 47 0 0
211 106 48 0 0
212 107 48 0 0
213 106 48 0 0
214 107 48 0 0
215 106 48 0 0
216 106 49 0 0
217 107 49 0 0
218 106 49 0 0
219 107 49 0 0
220 106 49 0 0
221 106 50 0 0
222 107 50 0 0
223 106 50 0 0
224 107 50 0 0
225 107 51 0 0
226 108 51 0 0
227 107 51 0 0
228 108 51 0 0
229 107 51 0 0
230 107 52 0 0
231 108 52 0 0
232 107 52 0 0
233 108 52 0 0
234 107 52 0 0
235 107 53 0 0
236 108 53 0 0
237 107 53 0 0
238 108 53 0 0
239 109 53 0 0
240 108 53 0 0
241 108 54 0 0
242 109 54 0 0
243 108 54 0 0
244 109 54 0 0
245 108 54 0 0
246 108 55 0 0
247 109 55 0 0
248 108 55 0 0
249 109 55 0 0
250 108 55 0 0
251 108 56 0 0
252 109 56 0 0
253 108 56 0 0
254 109 56 0 0
255 108 56 0 0
256 108 57 0 0
257 109 57 0 0
258 108 57 0 0
259 109 57 0 0
260 108 57 0 0
261 108 58 0 0
262 109 58 0 0
263 108 58 0 0
264 109 58 0 0
265 108 58 0 0
266 109 58 0 0
267 108 58 0 0
268 108 59 0 0
269 109 59 0 0
270 108 59 0 0
271 109 59 0 0
272 108 59 0 0
273 108 60 0 0
274 109 60 0 0
275 108 60 0 0
276 109 60 0 0
277 108 60 0 0
278 108 61 0 0
279 109 61 0 0
280 108 61 0 0
281 109 61 0 0
282 108 61 0 0
283 108 62 0 0
284 109 62 0 0
285 108 62 0 0
286 109 62 0 0
287 109 63 0 0
288 110 63 0 0
289 109 63 0 0
290 110 63 0 0
291 109 63 0 0
292 109 64 0 0
293 110 64 0 0
294 109 64 0 0
295 110 64 0 0
296 109 64 0 0
297 109 65 0 0
298 110 65 0 0
299 109 65 0 0
300 110 65 0 0
301 109 65 0 0
302 110 65 0 0
303 109 65 0 0
304 109 66 0 0
305 110 66 0 0
306 109 66 0 0
307 110 66 0 0
308 109 66 0 0
309 109 67 0 0
310 110 67 0 0
311 109 67 0 0
312 110 67 0 0
313 109 67 0 0
314 109 68 0 0
315 110 68 0 0
316 109 68 0 0
317 110 68 0 0
318 109 68 0 0
319 109 69 0 0
320 110 69 0 0
321 109 69 0 0
322 110 69 0 0
323 110 70 0 0
324 111 70 0 0
325 110 70 0 0
326 111 70 0 0
327 110 70 0 0
328 111 70 0 0
329 110 70 0 0
330 110 71 0 0
331 111 71 0 0
332 110 71 0 0
333 110 72 0 0
334 111 72 0 0
335 110 72 0 0
336 111 72 0 0
337 110 72 0 0
338 111 72 0 0
339 110 72 0 0
340 110 73 0 0
341 111 73 0 0
342 110 73 0 0
343 111 73 0 0
344 110 73 0 0
345 111 73 0 0
346 111 74 0 0
347 112 74 0 0
348 111 74 0 0
349 112 74 0 0
350 111 74 0 0
351 112 74 0 0
352 111 74 0 0
353 111 75 0 0
354 112 75 0 0
355 111 75 0 0
356 112 75 0 0
357 113 75 0 0
358 112 75 0 0
359 113 75 0 0
360 112 75 0 0
361 112 76 0 0
362 113 76 0 0
363 112 76 0 0
364 113 76 0 0
365 112 76 0 0
366 113 76 0 0
367 112 76 0 0
368 113 76 0 0
369 112 76 0 0
370 112 77 0 0
371 113 77 0 0
372 114 77 0 0
373 113 77 0 0
374 114 77 0 0
375 113 77 0 0
376 113 78 0 0
377 114 78 0 0
378 113 78 0 0
379 114 78 0 0
380 113 78 0 0
381 114 78 0 0
382 113 78 0 0
383 114 78 0 0
384 113 78 0 0
385 113 79 0 0
386 114 79 0 0
387 115 79 0 0
388 114 79 0 0
389 115 79 0 0
390 114 79 0 0
391 114 80 0 0
392 115 80 0 0
393 114 80 0 0
394 115 80 0 0
395 114 80 0 0
396 115 80 0 0
397 115 81 0 0
398 116 81 0 0
399 115 81 0 0
400 116 81 0 0
401 115 81 0 0
402 116 81 0 0
403 115 81 0 0
404 115 82 0 0
405 116 82 0 0
406 115 82 0 0
407 115 83 0 0
408 116 83 0 0
409 115 83 0 0
410 116 83 0 0
411 115 83 0 0
412 116 83 0 0
413 115 83 0 0
414 116 83 0 0
415 115 83 0 0
416 115 84 0 0
417 116 84 0 0
418 115 84 0 0
419 116 84 0 0
420 115 84 0 0
421 116 84 0 0
422 115 84 0 0
423 115 85 0 0
424 116 85 0 0
425 115 85 0 0
426 116 85 0 0
427 115 85 0 0
428 116 85 0 0
429 115 85 0 0
430 115 86 0 0
431 116 86 0 0
432 115 86 0 0
433 116 86 0 0
434 115 86 0 0
435 115 87 0 0
436 116 87 0 0
437 115 87 0 0
438 116 87 0 0
439 115 87 0 0
440 116 87 0 0
441 115 87 0 0
442 115 88 0 0
443 116 88 0 0
444 115 88 0 0
445 116 88 0 0
446 115 88 0 0
447 115 89 0 0
448 116 89 0 0
449 115 89 0 0
450 116 89 0 0
451 115 89 0 0
452 116 89 0 0
453 115 89 0 0
454 115 90 0 0
455 116 90 0 0
456 115 90 0 0
457 116 90 0 0
458 115 90 0 0
459 116 90 0 0
460 115 90 0 0
461 115 91 0 0
462 116 91 0 0
463 115 91 0 0
464 116 91 0 0
465 115 91 0 0
466 115 92 0 0
467 116 92 0 0
468 115 92 0 0
469 116 92 0 0
470 115 92 0 0
471 116 92 0 0
472 115 92 0 0
473 115 93 0 0
474 116 93 0 0
475 115 93 0 0
476 116 93 0 0
477 115 93 0 0
478 116 93 0 0
479 115 93 0 0
480 115 94 0 0
481 116 94 0 0
482 115 94 0 0
483 116 94 0 0
484 115 94 0 0
485 115 95 0 0
486 116 95 0 0
487 115 95 0 0
488 116 95 0 0
489 115 95 0 0
490 116 95 0 0
491 115 95 0 0
492 115 96 0 0
493 116 96 0 0
494 115 96 0 0
495 116 96 0 0
496 115 96 0 0
497 116 96 0 0
498 115 96 0 0
499 115 97 0 0
500 116 97 0 0
501 115 97 0 0
502 116 97 0 0
503 115 97 0 0
504 115 98 0 0
505 116 98 0 0
506 115 98 0 0
507 116 98 0 0
508 115 98 0 0
509 116 98 0 0
510 115 98 0 0
511 115 99 0 0
512 116 99 0 0
513 115 99 0 0
514 116 99 0 0
515 115 99 0 0
516 116 99 0 0
517 115 99 0 0
518 115 100 0 0
519 116 100 0 0
520 115 100 0 0
521 116 100 0 0
522 115 100 0 0
523 115 101 0 0
524 116 101 0 0
525 115 101 0 0
526 116 101 0 0
527 115 101 0 0
528 116 101 0 0
529 115 101 0 0
530 115 102 0 0
531 116 102 0 0
532 115 102 0 0
533 116 102 0 0
534 115 102 0 0
535 116 102 0 0
536 115 102 0 0
537 115 103 0 0
538 116 103 0 0
539 115 103 0 0
540 116 103 0 0
541 115 103 0 0
542 115 104 0 0
543 116 104 0 0
544 117 104 0 0
545 116 104 0 0
546 117 104 0 0
547 116 104 0 0
548 116 105 0 0
549 117 105 0 0
550 116 105 0 0
551 117 105 0 0
552 116 105 0 0
553 117 105 0 0
554 116 105 0 0
555 116 106 0 0
556 117 106 0 0
557 116 106 0 0
558 117 106 0 0
559 116 106 0 0
560 116 107 0 0
561 117 107 0 0
562 116 107 0 0
563 117 107 0 0
564 116 107 0 0
565 117 107 0 0
566 116 107 0 0
567 116 108 0 0
568 117 108 0 0
569 116 108 0 0
570 117 108 0 0
571 116 108 0 0
572 116 109 0 0
573 117 109 0 0
574 116 109 0 0
575 117 109 0 0
576 116 109 0 0
577 117 109 0 0
578 116 109 0 0
579 116 110 0 0
580 117 110 0 0
581 116 110 0 0
582 117 110 0 0
583 116 110 0 0
584 117 110 0 0
585 116 110 0 0
586 116 111 0 0
587 117 111 0 0
588 116 111 0 0
589 117 111 0 0
590 116 111 0 0
591 116 112 0 0
592 117 112 0 0
593 116 112 0 0
594 117 112 0 0
595 116 112 0 0
596 117 112 0 0
597 116 112 0 0
598 116 113 0 0
599 117 113 0 0
600 116 113 0 0
601 117 113 0 0
602 116 113 0 0
603 117 113 0 0
604 116 113 0 0
605 116 114 0 0
606 117 114 0 0
607 116 114 0 0
608 117 114 0 0
609 116 114 0 0
610 116 115 0 0
611 117 115 0 0
612 116 115 0 0
613 117 115 0 0
614 116 115 0 0
615 117 115 0 0
616 116 115 0 0
617 116 116 0 0
618 117 116 0 0
619 116 116 0 0
620 117 116 0 0
621 116 116 0 0
622 117 116 0 0
623 116 116 0 0
624 116 117 0 0
625 117 117 0 0
626 116 117 0 0
627 117 117 0 0
628 116 117 0 0
629 116 118 0 0
630 117 118 0 0
631 116 118 0 0
632 117 118 0 0
633 116 118 0 0
634 117 118 0 0
635 116 118 0 0
636 116 119 0 0
637 117 119 0 0
638 116 119 0 0
639 117 119 0 0
640 116 119 0 0
641 117 119 0 0
642 116 119 0 0
643 116 120 0 0
644 117 120 0 0
645 116 120 0 0
646 117 120 0 0
647 116 120 0 0
648 116 121 0 0
649 117 121 0 0
650 116 121 0 0
651 117 121 0 0
652 116 121 0 0
653 117 121 0 0
654 116 121 0 0
655 116 122 0 0
656 117 122 0 0
657 116 122 0 0
658 117 122 0 0
659 118 122 0 0
660 117 122 0 0
661 117 123 0 0
662 118 123 0 0
663 117 123 0 0
664 118 123 0 0
665 117 123 0 0
666 117 124 0 0
667 118 124 0 0
668 117 124 0 0
669 118 124 0 0
670 117 124 0 0
671 118 124 0 0
672 117 124 0 0
673 117 125 0 0
674 118 125 0 0
675 117 125 0 0
676 118 125 0 0
677 117 125 0 0
678 118 125 0 0
679 117 125 0 0
680 117 126 0 0
681 118 126 0 0
682 117 126 0 0
683 118 126 0 0
684 117 126 0 0
685 117 127 0 0
686 118 127 0 0
687 117 127 0 0
688 118 127 0 0
689 117 127 0 0
690 118 127 0 0
691 117 127 0 0
692 117 128 0 0
693 118 128 0 0
694 117 128 0 0
695 118 128 0 0
696 117 128 0 0
697 117 129 0 0
698 118 129 0 0
699 117 129 0 0
700 118 129 0 0
701 117 129 0 0
702 117 130 0 0
703 118 130 0 0
704 117 130 0 0
705 118 130 0 0
706 117 130 0 0
707 117 131 0 0
708 118 131 0 0
709 117 131 0 0
710 118 131 0 0
711 117 131 0 0
712 117 132 0 0
713 118 132 0 0
714 117 132 0 0
715 118 132 0 0
716 117 132 0 0
717 117 133 0 0
718 118 133 0 0
719 117 133 0 0
720 118 133 0 0
721 117 133 0 0
722 118 133 0 0
723 117 133 0 0
724 117 134 0 0
725 118 134 0 0
726 117 134 0 0
727 118 134 0 0
728 117 134 0 0
729 117 135 0 0
730 118 135 0 0
731 117 135 0 0
732 118 135 0 0
733 117 135 0 0
734 117 136 0 0
735 118 136 0 0
736 117 136 0 0
737 118 136 0 0
738 117 136 0 0
739 117 137 0 0
740 118 137 0 0
741 117 137 0 0
742 118 137 0 0
743 117 137 0 0
744 117 138 0 0
745 118 138 0 0
746 117 138 0 0
747 118 138 0 0
748 117 138 0 0
749 117 139 0 0
750 118 139 0 0
751 117 139 0 0
752 118 139 0 0
753 117 139 0 0
754 118 139 0 0
755 117 139 0 0
756 117 140 0 0
757 118 140 0 0
758 117 140 0 0
759 118 140 0 0
760 118 141 0 0
761 119 141 0 0
762 118 141 0 0
763 119 141 0 0
764 118 141 0 0
765 118 142 0 0
766 119 142 0 0
767 118 142 0 0
768 119 142 0 0
769 118 142 0 0
770 118 143 0 0
771 119 143 0 0
772 118 143 0 0
773 119 143 0 0
774 118 143 0 0
775 118 144 0 0
776 119 144 0 0
777 118 144 0 0
778 119 144 0 0
779 118 144 0 0
780 118 145 0 0
781 119 145 0 0
782 118 145 0 0
783 119 145 0 0
784 118 145 0 0
785 119 145 0 0
786 118 145 0 0
787 118 146 0 0
788 119 146 0 0
789 118 146 0 0
790 119 146 0 0
791 118 146 0 0
792 118 147 0 0
793 119 147 0 0
794 118 147 0 0
795 119 147 0 0
796 118 147 0 0
797 118 148 0 0
798 119 148 0 0
799 118 148 0 0
800 119 148 0 0
801 118 148 0 0
802 118 149 0 0
803 119 149 0 0
804 118 149 0 0
805 119 149 0 0
806 118 149 0 0
807 118 150 0 0
808 119 150 0 0
809 118 150 0 0
810 119 150 0 0
811 118 150 0 0
812 118 151 0 0
813 119 151 0 0
814 118 151 0 0
815 119 151 0 0
816 118 151 0 0
817 118 152 0 0
818 119 152 0 0
819 118 152 0 0
820 119 152 0 0
821 118 152 0 0
822 119 152 0 0
823 118 152 0 0
824 118 153 0 0
825 119 153 0 0
826 118 153 0 0
827 119 153 0 0
828 118 153 0 0
829 118 154 0 0
830 119 154 0 0
831 118 154 0 0
832 119 154 0 0
833 119 155 0 0
834 120 155 0 0
835 119 155 0 0
836 120 155 0 0
837 119 155 0 0
838 119 156 0 0
839 120 156 0 0
840 119 156 0 0
841 120 156 0 0
842 119 156 0 0
843 119 157 0 0
844 120 157 0 0
845 119 157 0 0
846 120 157 0 0
847 119 157 0 0
848 119 158 0 0
849 120 158 0 0
850 119 158 0 0
851 120 158 0 0
852 119 158 0 0
853 120 158 0 0
854 119 158 0 0
855 119 159 0 0
856 120 159 0 0
857 119 159 0 0
858 120 159 0 0
859 119 159 0 0
860 119 160 0 0
861 120 160 0 0
862 119 160 0 0
863 120 160 0 0
864 119 160 0 0
865 119 161 0 0
866 120 161 0 0
867 119 161 0 0
868 120 161 0 0
869 119 161 0 0
870 119 162 0 0
871 120 162 0 0
872 119 162 0 0
873 120 162 0 0
874 119 162 0 0
875 119 163 0 0
876 120 163 0 0
877 119 163 0 0
878 120 163 0 0
879 119 163 0 0
880 119 164 0 0
881 120 164 0 0
882 119 164 0 0
883 120 164 0 0
884 119 164 0 0
885 120 164 0 0
886 119 164 0 0
887 119 165 0 0
888 120 165 0 0
889 119 165 0 0
890 120 165 0 0
891 119 165 0 0
892 119 166 0 0
893 120 166 0 0
894 119 166 0 0
895 120 166 0 0
896 119 166 0 0
897 119 167 0 0
898 120 167 0 0
899 119 167 0 0
900 120 167 0 0
901 119 167 0 0
902 119 168 0 0
903 120 168 0 0
904 119 168 0 0
905 120 168 0 0
906 119 168 0 0
907 119 169 0 0
908 120 169 0 0
909 119 169 0 0
910 120 169 0 0
911 119 169 0 0
912 119 170 0 0
913 120 170 0 0
914 119 170 0 0
915 120 170 0 0
916 119 170 0 0
917 119 171 0 0
918 120 171 0 0
919 119 171 0 0
920 120 171 0 0
921 119 171 0 0
922 119 172 0 0
923 120 172 0 0
924 119 172 0 0
925 120 172 0 0
926 119 172 0 0
927 119 173 0 0
928 120 173 0 0
929 119 173 0 0
930 120 173 0 0
931 119 173 0 0
932 119 174 0 0
933 120 174 0 0
934 119 174 0 0
935 120 174 0 0
936 119 174 0 0
937 119 175 0 0
938 120 175 0 0
939 119 175 0 0
940 120 175 0 0
941 119 175 0 0
942 119 176 0 0
943 120 176 0 0
944 119 176 0 0
945 120 176 0 0
946 119 176 0 0
947 119 177 0 0
948 120 177 0 0
949 119 177 0 0
950 120 177 0 0
951 119 177 0 0
952 119 178 0 0
953 120 178 0 0
954 119 178 0 0
955 120 178 0 0
956 119 178 0 0
957 120 178 0 0
958 119 178 0 0
959 119 179 0 0
960 120 179 0 0
961 119 179 0 0
962 120 179 0 0
963 119 179 0 0
964 119 180 0 0
965 120 180 0 0
966 119 180 0 0
967 120 180 0 0
968 119 180 0 0
969 119 181 0 0
970 120 181 0 0
971 119 181 0 0
972 120 181 0 0
973 119 181 0 0
974 119 182 0 0
975 120 182 0 0
976 119 182 0 0
977 120 182 0 0
978 119 182 0 0
979 119 183 0 0
980 120 183 0 0
981 119 183 0 0
982 120 183 0 0
983 119 183 0 0
984 119 184 0 0
985 120 184 0 0
986 119 184 0 0
987 120 184 0 0
988 119 184 0 0
989 119 185 0 0
990 120 185 0 0
991 119 185 0 0
992 120 185 0 0
993 119 185 0 0
994 119 186 0 0
995 120 186 0 0
996 119 186 0 0
997 120 186 0 0
998 119 186 0 0
999 119 187 0 0
1000 120 187 0 0
1001 119 187 0 0
1002 120 187 0 0
1003 119 187 0 0
1004 119 188 0 0
1005 120 188 0 0
1006 119 188 0 0
1007 120 188 0 0
1008 119 188 0 0
1009 119 189 0 0
1010 120 189 0 0
1011 119 189 0 0
1012 120 189 0 0
1013 119 189 0 0
1014 119 190 0 0
1015 120 190 0 0
1016 119 190 0 0
1017 120 190 0 0
1018 119 190 0 0
1019 120 190 0 0
1020 119 190 0 0
1021 119 191 0 0
1022 120 191 0 0
1023 119 191 0 0
1024 119 192 0 0
1025 120 192 0 0
1026 119 192 0 0
1027 120 192 0 0
1028 119 192 0 0
1029 119 193 0 0
1030 120 193 0 0
1031 119 193 0 0
1032 120 193 0 0
1033 119 193 0 0
1034 119 194 0 0
1035 120 194 0 0
1036 119 194 0 0
1037 120 194 0 0
1038 119 194 0 0
1039 119 195 0 0
1040 120 195 0 0
1041 119 195 0 0
1042 120 195 0 0
1043 119 195 0 0
1044 119 196 0 0
1045 120 196 0 0
1046 119 196 0 0
1047 120 196 0 0
1048 119 196 0 0
1049 120 196 0 0
1050 119 196 0 0
1051 119 197 0 0
1052 120 197 0 0
1053 119 197 0 0
1054 120 197 0 0
1055 119 197 0 0
1056 119 198 0 0
1057 120 198 0 0
1058 119 198 0 0
1059 119 199 0 0
1060 120 199 0 0
1061 119 199 0 0
1062 119 200 0 0
1063 120 200 0 0
1064 119 200 0 0
1065 120 200 0 0
1066 119 200 0 0
1067 120 200 0 0
1068 119 200 0 0
1069 119 201 0 0
1070 120 201 0 0
1071 119 201 0 0
1072 119 202 0 0
1073 120 202 0 0
1074 119 202 0 0
1075 120 202 0 0
1076 120 203 0 0
1077 121 203 0 0
1078 120 203 0 0
1079 121 203 0 0
1080 120 203 0 0
1081 121 203 0 0
1082 120 203 0 0
1083 120 204 0 0
1084 121 204 0 0
1085 120 204 0 0
1086 120 205 0 0
1087 121 205 0 0
1088 120 205 0 0
1089 121 205 0 0
1090 120 205 0 0
1091 120 206 0 0
1092 121 206 0 0
1093 120 206 0 0
1094 121 206 0 0
1095 120 206 0 0
1096 120 207 0 0
1097 121 207 0 0
1098 120 207 0 0
1099 121 207 0 0
1100 120 207 0 0
1101 120 208 0 0
1102 121 208 0 0
1103 120 208 0 0
1104 121 208 0 0
1105 120 208 0 0
1106 120 209 0 0
1107 121 209 0 0
1108 120 209 0 0
1109 120 210 0 0
1110 121 210 0 0
1111 120 210 0 0
1112 121 210 0 0
1113 120 210 0 0
1114 120 211 0 0
1115 121 211 0 0
1116 120 211 0 0
1117 121 211 0 0
1118 120 211 0 0
1119 120 212 0 0
1120 121 212 0 0
1121 122 212 0 0
1122 121 212 0 0
1123 121 213 0 0
1124 122 213 0 0
1125 121 213 0 0
1126 121 214 0 0
1127 122 214 0 0
1128 121 214 0 0
1129 122 214 0 0
1130 121 214 0 0
1131 121 215 0 0
1132 122 215 0 0
1133 121 215 0 0
1134 122 215 0 0
1135 121 215 0 0
1136 121 216 0 0
1137 122 216 0 0
1138 121 216 0 0
1139 121 217 0 0
1140 122 217 0 0
1141 121 217 0 0
1142 122 217 0 0
1143 121 217 0 0
1144 121 218 0 0
1145 122 218 0 0
1146 121 218 0 0
1147 122 218 0 0
1148 121 218 0 0
1149 121 219 0 0
1150 122 219 0 0
1151 121 219 0 0
1152 122 219 0 0
1153 121 219 0 0
1154 121 220 0 0
1155 122 220 0 0
1156 121 220 0 0
1157 121 221 0 0
1158 122 221 0 0
1159 121 221 0 0
1160 122 221 0 0
1161 121 221 0 0
1162 121 222 0 0
1163 122 222 0 0
1164 121 222 0 0
1165 122 222 0 0
1166 121 222 0 0
1167 121 223 0 0
1168 122 223 0 0
1169 121 223 0 0
1170 121 224 0 0
1171 122 224 0 0
1172 121 224 0 0
1173 122 224 0 0
1174 121 224 0 0
1175 121 225 0 0
1176 122 225 0 0
1177 121 225 0 0
1178 122 225 0 0
1179 121 225 0 0
1180 121 226 0 0
1181 122 226 0 0
