0 1 99 0 0
1 2 99 0 0
2 1 99 0 0
3 2 99 0 0
4 3 99 0 0
5 2 99 0 0
6 3 99 0 0
7 2 99 0 0
8 3 99 0 0
9 2 99 0 0
10 3 99 0 0
11 2 99 0 0
12 3 99 0 0
13 4 99 0 0
14 3 99 0 0
15 4 99 0 0
16 3 99 0 0
17 4 99 0 0
18 3 99 0 0
19 4 99 0 0
20 5 99 0 0
21 4 99 0 0
22 4 100 0 0
23 5 100 0 0
24 4 100 0 0
25 5 100 0 0
26 6 100 0 0
27 5 100 0 0
28 6 100 0 0
29 7 100 0 0
30 6 100 0 0
31 7 100 0 0
32 6 100 0 0
33 7 100 0 0
34 6 100 0 0
35 7 100 0 0
36 8 100 0 0
37 7 100 0 0
38 8 100 0 0
39 9 100 0 0
40 8 100 0 0
41 9 100 0 0
42 8 100 0 0
43 9 100 0 0
44 10 100 0 0
45 9 100 0 0
46 10 100 0 0
47 9 100 0 0
48 10 100 0 0
49 11 100 0 0
50 10 100 0 0
51 11 100 0 0
52 12 100 0 0
53 11 100 0 0
54 12 100 0 0
55 11 100 0 0
56 12 100 0 0
57 13 100 0 0
58 12 100 0 0
59 13 100 0 0
60 12 100 0 0
61 13 100 0 0
62 14 100 0 0
63 13 100 0 0
64 14 100 0 0
65 15 100 0 0
66 14 100 0 0
67 15 100 0 0
68 14 100 0 0
69 15 100 0 0
70 16 100 0 0
71 15 100 0 0
72 16 100 0 0
73 15 100 0 0
74 16 100 0 0
75 17 100 0 0
76 16 100 0 0
77 17 100 0 0
78 18 100 0 0
79 17 100 0 0
80 18 100 0 0
81 17 100 0 0
82 18 100 0 0
83 19 100 0 0
84 18 100 0 0
85 19 100 0 0
86 18 100 0 0
87 19 100 0 0
88 20 100 0 0
89 20 99 0 0
90 21 99 0 0
91 20 99 0 0
92 21 99 0 0
93 22 99 0 0
94 21 99 0 0
95 22 99 0 0
96 23 99 0 0
97 22 99 0 0
98 22 98 0 0
99 23 98 0 0
100 24 98 0 0
101 23 98 0 0
102 24 98 0 0
103 25 98 0 0
104 24 98 0 0
105 24 97 0 0
106 25 97 0 0
107 24 97 0 0
108 24 98 0 0
109 25 98 0 0
110 26 98 0 0
111 25 98 0 0
112 26 98 0 0
113 25 98 0 0
114 26 98 0 0
115 27 98 0 0
116 26 98 0 0
117 27 98 0 0
118 26 98 0 0
119 27 98 0 0
120 28 98 0 0
121 27 98 0 0
122 28 98 0 0
123 29 98 0 0
124 28 98 0 0
125 29 98 0 0
126 28 98 0 0
127 29 98 0 0
128 30 98 0 0
129 29 98 0 0
130 30 98 0 0
131 29 98 0 0
132 30 98 0 0
133 31 98 0 0
134 30 98 0 0
135 31 98 0 0
136 30 98 0 0
137 31 98 0 0
138 32 98 0 0
139 31 98 0 0
140 32 98 0 0
141 33 98 0 0
142 32 98 0 0
143 33 98 0 0
144 34 98 0 0
145 33 98 0 0
146 34 98 0 0
147 33 98 0 0
148 34 98 0 0
149 35 98 0 0
150 34 98 0 0
151 35 98 0 0
152 36 98 0 0
153 35 98 0 0
154 36 98 0 0
155 35 98 0 0
156 36 98 0 0
157 37 98 0 0
158 36 98 0 0
159 37 98 0 0
160 38 98 0 0
161 37 98 0 0
162 37 97 0 0
163 38 97 0 0
164 39 97 0 0
165 38 97 0 0
166 39 97 0 0
167 38 97 0 0
168 39 97 0 0
169 40 97 0 0
170 39 97 0 0
171 40 97 0 0
172 41 97 0 0
173 40 97 0 0
174 41 97 0 0
175 42 97 0 0
176 41 97 0 0
177 42 97 0 0
178 41 97 0 0
179 42 97 0 0
180 43 97 0 0
181 42 97 0 0
182 43 97 0 0
183 44 97 0 0
184 43 97 0 0
185 44 97 0 0
186 43 97 0 0
187 44 97 0 0
188 45 97 0 0
189 44 97 0 0
190 45 97 0 0
191 46 97 0 0
192 45 97 0 0
193 46 97 0 0
194 45 97 0 0
195 46 97 0 0
196 47 97 0 0
197 46 97 0 0
198 47 97 0 0
199 48 97 0 0
200 47 97 0 0
201 48 97 0 0
202 49 97 0 0
203 48 97 0 0
204 49 97 0 0
205 50 97 0 0
206 49 97 0 0
207 50 97 0 0
208 49 97 0 0
209 50 97 0 0
210 51 97 0 0
211 50 97 0 0
212 51 97 0 0
213 52 97 0 0
214 51 97 0 0
215 52 97 0 0
216 51 97 0 0
217 52 97 0 0
218 52 98 0 0
219 53 98 0 0
220 52 98 0 0
221 53 98 0 0
222 54 98 0 0
223 53 98 0 0
224 54 98 0 0
225 55 98 0 0
226 54 98 0 0
227 55 98 0 0
228 54 98 0 0
229 55 98 0 0
230 56 98 0 0
231 55 98 0 0
232 56 98 0 0
233 57 98 0 0
234 56 98 0 0
235 57 98 0 0
236 56 98 0 0
237 57 98 0 0
238 58 98 0 0
239 57 98 0 0
240 58 98 0 0
241 59 98 0 0
242 58 98 0 0
243 59 98 0 0
244 60 98 0 0
245 59 98 0 0
246 60 98 0 0
247 59 98 0 0
248 60 98 0 0
249 61 98 0 0
250 60 98 0 0
251 61 98 0 0
252 62 98 0 0
253 61 98 0 0
254 62 98 0 0
255 61 98 0 0
256 62 98 0 0
257 63 98 0 0
258 62 98 0 0
259 63 98 0 0
260 64 98 0 0
261 63 98 0 0
262 64 98 0 0
263 65 98 0 0
264 64 98 0 0
265 65 98 0 0
266 64 98 0 0
267 65 98 0 0
268 66 98 0 0
269 65 98 0 0
270 66 98 0 0
271 65 98 0 0
272 66 98 0 0
273 66 97 0 0
274 67 97 0 0
275 66 97 0 0
276 67 97 0 0
277 68 97 0 0
278 67 97 0 0
279 68 97 0 0
280 67 97 0 0
281 67 96 0 0
282 68 96 0 0
283 69 96 0 0
284 68 96 0 0
285 69 96 0 0
286 70 96 0 0
287 69 96 0 0
288 69 95 0 0
289 70 95 0 0
290 71 95 0 0
291 70 95 0 0
292 71 95 0 0
293 71 94 0 0
294 72 94 0 0
295 71 94 0 0
296 72 94 0 0
297 71 94 0 0
298 72 94 0 0
299 71 94 0 0
300 72 94 0 0
301 73 94 0 0
302 72 94 0 0
303 73 94 0 0
304 72 94 0 0
305 73 94 0 0
306 72 94 0 0
307 73 94 0 0
308 74 94 0 0
309 73 94 0 0
310 74 94 0 0
311 73 94 0 0
312 74 94 0 0
313 75 94 0 0
314 74 94 0 0
315 75 94 0 0
316 74 94 0 0
317 75 94 0 0
318 76 94 0 0
319 75 94 0 0
320 76 94 0 0
321 75 94 0 0
322 76 94 0 0
323 77 94 0 0
324 76 94 0 0
325 77 94 0 0
326 76 94 0 0
327 77 94 0 0
328 76 94 0 0
329 77 94 0 0
330 78 94 0 0
331 77 94 0 0
332 78 94 0 0
333 77 94 0 0
334 77 93 0 0
335 78 93 0 0
336 79 93 0 0
337 78 93 0 0
338 79 93 0 0
339 78 93 0 0
340 79 93 0 0
341 78 93 0 0
342 79 93 0 0
343 80 93 0 0
344 79 93 0 0
345 80 93 0 0
346 79 93 0 0
347 80 93 0 0
348 81 93 0 0
349 80 93 0 0
350 80 92 0 0
351 81 92 0 0
352 80 92 0 0
353 81 92 0 0
354 82 92 0 0
355 81 92 0 0
356 82 92 0 0
357 81 92 0 0
358 82 92 0 0
359 81 92 0 0
360 82 92 0 0
361 83 92 0 0
362 82 92 0 0
363 83 92 0 0
364 82 92 0 0
365 83 92 0 0
366 83 91 0 0
367 84 91 0 0
368 83 91 0 0
369 84 91 0 0
370 83 91 0 0
371 84 91 0 0
372 83 91 0 0
373 84 91 0 0
374 85 91 0 0
375 84 91 0 0
376 85 91 0 0
377 84 91 0 0
378 85 91 0 0
379 86 91 0 0
380 85 91 0 0
381 86 91 0 0
382 85 91 0 0
383 85 90 0 0
384 86 90 0 0
385 87 90 0 0
386 86 90 0 0
387 87 90 0 0
388 86 90 0 0
389 87 90 0 0
390 88 90 0 0
391 87 90 0 0
392 88 90 0 0
393 87 90 0 0
394 88 90 0 0
395 87 90 0 0
396 88 90 0 0
397 89 90 0 0
398 88 90 0 0
399 88 89 0 0
400 89 89 0 0
401 88 89 0 0
402 89 89 0 0
403 90 89 0 0
404 89 89 0 0
405 90 89 0 0
406 89 89 0 0
407 90 89 0 0
408 89 89 0 0
409 90 89 0 0
410 91 89 0 0
411 90 89 0 0
412 91 89 0 0
413 90 89 0 0
414 91 89 0 0
415 91 88 0 0
416 92 88 0 0
417 91 88 0 0
418 92 88 0 0
419 91 88 0 0
420 92 88 0 0
421 93 88 0 0
422 92 88 0 0
423 93 88 0 0
424 92 88 0 0
425 93 88 0 0
426 92 88 0 0
427 93 88 0 0
428 94 88 0 0
429 93 88 0 0
430 93 87 0 0
431 94 87 0 0
432 93 87 0 0
433 93 88 0 0
434 94 88 0 0
435 93 88 0 0
436 94 88 0 0
437 95 88 0 0
438 94 88 0 0
439 95 88 0 0
440 94 88 0 0
441 95 88 0 0
442 94 88 0 0
443 95 88 0 0
444 94 88 0 0
445 95 88 0 0
446 96 88 0 0
447 95 88 0 0
448 95 89 0 0
449 96 89 0 0
450 95 89 0 0
451 96 89 0 0
452 97 89 0 0
453 96 89 0 0
454 97 89 0 0
455 96 89 0 0
456 97 89 0 0
457 96 89 0 0
458 97 89 0 0
459 96 89 0 0
460 97 89 0 0
461 98 89 0 0
462 97 89 0 0
463 98 89 0 0
464 97 89 0 0
465 97 90 0 0
466 98 90 0 0
467 97 90 0 0
468 98 90 0 0
469 99 90 0 0
470 98 90 0 0
471 99 90 0 0
472 98 90 0 0
473 99 90 0 0
474 98 90 0 0
475 99 90 0 0
476 98 90 0 0
477 99 90 0 0
478 100 90 0 0
479 99 90 0 0
480 100 90 0 0
481 99 90 0 0
482 99 91 0 0
483 100 91 0 0
484 99 91 0 0
485 100 91 0 0
486 99 91 0 0
487 100 91 0 0
488 101 91 0 0
489 100 91 0 0
490 101 91 0 0
491 100 91 0 0
492 101 91 0 0
493 102 91 0 0
494 101 91 0 0
495 102 91 0 0
496 101 91 0 0
497 102 91 0 0
498 101 91 0 0
499 101 92 0 0
500 102 92 0 0
501 101 92 0 0
502 102 92 0 0
503 103 92 0 0
504 102 92 0 0
505 103 92 0 0
506 102 92 0 0
507 103 92 0 0
508 102 92 0 0
509 103 92 0 0
510 102 92 0 0
511 103 92 0 0
512 104 92 0 0
513 103 92 0 0
514 104 92 0 0
515 103 92 0 0
516 103 93 0 0
517 104 93 0 0
518 103 93 0 0
519 104 93 0 0
520 105 93 0 0
521 104 93 0 0
522 105 93 0 0
523 104 93 0 0
524 105 93 0 0
525 104 93 0 0
526 105 93 0 0
527 104 93 0 0
528 105 93 0 0
529 106 93 0 0
530 105 93 0 0
531 105 94 0 0
532 106 94 0 0
533 105 94 0 0
534 106 94 0 0
535 105 94 0 0
536 106 94 0 0
537 105 94 0 0
538 106 94 0 0
539 107 94 0 0
540 106 94 0 0
541 107 94 0 0
542 106 94 0 0
543 107 94 0 0
544 108 94 0 0
545 107 94 0 0
546 108 94 0 0
547 107 94 0 0
548 107 95 0 0
549 108 95 0 0
550 107 95 0 0
551 108 95 0 0
552 107 95 0 0
553 108 95 0 0
554 109 95 0 0
555 108 95 0 0
556 109 95 0 0
557 108 95 0 0
558 109 95 0 0
559 108 95 0 0
560 109 95 0 0
561 108 95 0 0
562 108 96 0 0
563 109 96 0 0
564 108 96 0 0
565 109 96 0 0
566 108 96 0 0
567 109 96 0 0
568 110 96 0 0
569 109 96 0 0
570 109 97 0 0
571 110 97 0 0
572 109 97 0 0
573 110 97 0 0
574 109 97 0 0
575 110 97 0 0
576 109 97 0 0
577 110 97 0 0
578 109 97 0 0
579 109 98 0 0
580 110 98 0 0
581 109 98 0 0
582 110 98 0 0
583 109 98 0 0
584 110 98 0 0
585 109 98 0 0
586 110 98 0 0
587 109 98 0 0
588 109 99 0 0
589 110 99 0 0
590 109 99 0 0
591 110 99 0 0
592 109 99 0 0
593 110 99 0 0
594 111 99 0 0
595 110 99 0 0
596 110 100 0 0
597 111 100 0 0
598 110 100 0 0
599 111 100 0 0
600 110 100 0 0
601 111 100 0 0
602 110 100 0 0
603 111 100 0 0
604 110 100 0 0
605 110 101 0 0
606 111 101 0 0
607 110 101 0 0
608 111 101 0 0
609 110 101 0 0
610 111 101 0 0
611 110 101 0 0
612 111 101 0 0
613 111 102 0 0
614 112 102 0 0
615 111 102 0 0
616 112 102 0 0
617 111 102 0 0
618 112 102 0 0
619 111 102 0 0
620 112 102 0 0
621 111 102 0 0
622 111 103 0 0
623 112 103 0 0
624 111 103 0 0
625 112 103 0 0
626 111 103 0 0
627 112 103 0 0
628 111 103 0 0
629 112 103 0 0
630 111 103 0 0
631 111 104 0 0
632 112 104 0 0
633 111 104 0 0
634 112 104 0 0
635 111 104 0 0
636 112 104 0 0
637 111 104 0 0
638 112 104 0 0
639 112 105 0 0
640 113 105 0 0
641 112 105 0 0
642 113 105 0 0
643 112 105 0 0
644 113 105 0 0
645 112 105 0 0
646 113 105 0 0
647 112 105 0 0
648 112 106 0 0
649 113 106 0 0
650 112 106 0 0
651 113 106 0 0
652 112 106 0 0
653 113 106 0 0
654 112 106 0 0
655 112 107 0 0
656 113 107 0 0
657 112 107 0 0
658 113 107 0 0
659 112 107 0 0
660 113 107 0 0
661 112 107 0 0
662 113 107 0 0
663 112 107 0 0
664 112 108 0 0
665 113 108 0 0
666 112 108 0 0
667 113 108 0 0
668 112 108 0 0
669 113 108 0 0
670 112 108 0 0
671 113 108 0 0
672 112 108 0 0
673 112 109 0 0
674 113 109 0 0
675 112 109 0 0
676 113 109 0 0
677 112 109 0 0
678 113 109 0 0
679 112 109 0 0
680 113 109 0 0
681 112 109 0 0
682 112 110 0 0
683 113 110 0 0
684 112 110 0 0
685 113 110 0 0
686 112 110 0 0
687 113 110 0 0
688 112 110 0 0
689 111 110 0 0
690 111 111 0 0
691 112 111 0 0
692 111 111 0 0
693 112 111 0 0
694 111 111 0 0
695 112 111 0 0
696 111 111 0 0
697 111 112 0 0
698 112 112 0 0
699 111 112 0 0
700 112 112 0 0
701 111 112 0 0
702 112 112 0 0
703 111 112 0 0
704 112 112 0 0
705 111 112 0 0
706 111 113 0 0
707 112 113 0 0
708 111 113 0 0
709 112 113 0 0
710 111 113 0 0
711 112 113 0 0
712 111 113 0 0
713 112 113 0 0
714 111 113 0 0
715 111 114 0 0
716 112 114 0 0
717 111 114 0 0
718 112 114 0 0
719 111 114 0 0
720 112 114 0 0
721 111 114 0 0
722 112 114 0 0
723 111 114 0 0
724 111 115 0 0
725 112 115 0 0
726 111 115 0 0
727 112 115 0 0
728 111 115 0 0
729 112 115 0 0
730 111 115 0 0
731 112 115 0 0
732 111 115 0 0
733 111 116 0 0
734 112 116 0 0
735 111 116 0 0
736 112 116 0 0
737 111 116 0 0
738 112 116 0 0
739 111 116 0 0
740 112 116 0 0
741 111 116 0 0
742 111 117 0 0
743 112 117 0 0
744 111 117 0 0
745 110 117 0 0
746 111 117 0 0
747 110 117 0 0
748 111 117 0 0
749 110 117 0 0
750 110 118 0 0
751 111 118 0 0
752 110 118 0 0
753 111 118 0 0
754 110 118 0 0
755 111 118 0 0
756 110 118 0 0
757 109 118 0 0
758 109 119 0 0
759 110 119 0 0
760 109 119 0 0
761 110 119 0 0
762 109 119 0 0
763 110 119 0 0
764 109 119 0 0
765 110 119 0 0
766 109 119 0 0
767 109 120 0 0
768 110 120 0 0
769 109 120 0 0
770 110 120 0 0
771 109 120 0 0
772 108 120 0 0
773 109 120 0 0
774 108 120 0 0
775 108 121 0 0
776 109 121 0 0
777 108 121 0 0
778 109 121 0 0
779 108 121 0 0
780 109 121 0 0
781 108 121 0 0
782 109 121 0 0
783 108 121 0 0
784 108 122 0 0
785 109 122 0 0
786 108 122 0 0
787 109 122 0 0
788 108 122 0 0
789 108 123 0 0
790 109 123 0 0
791 108 123 0 0
792 109 123 0 0
793 108 123 0 0
794 109 123 0 0
795 108 123 0 0
796 108 124 0 0
797 109 124 0 0
798 108 124 0 0
799 109 124 0 0
800 108 124 0 0
801 109 124 0 0
802 108 124 0 0
803 108 125 0 0
804 109 125 0 0
805 108 125 0 0
806 109 125 0 0
807 108 125 0 0
808 109 125 0 0
809 109 126 0 0
810 110 126 0 0
811 109 126 0 0
812 110 126 0 0
813 109 126 0 0
814 110 126 0 0
815 109 126 0 0
816 109 127 0 0
817 110 127 0 0
818 109 127 0 0
819 110 127 0 0
820 109 127 0 0
821 110 127 0 0
822 109 127 0 0
823 109 128 0 0
824 110 128 0 0
825 109 128 0 0
826 110 128 0 0
827 109 128 0 0
828 110 128 0 0
829 109 128 0 0
830 109 129 0 0
831 110 129 0 0
832 109 129 0 0
833 110 129 0 0
834 109 129 0 0
835 109 130 0 0
836 110 130 0 0
837 109 130 0 0
838 110 130 0 0
839 109 130 0 0
840 110 130 0 0
841 109 130 0 0
842 110 130 0 0
843 111 130 0 0
844 110 130 0 0
845 110 131 0 0
846 111 131 0 0
847 110 131 0 0
848 111 131 0 0
849 110 131 0 0
850 111 131 0 0
851 110 131 0 0
852 110 132 0 0
853 111 132 0 0
854 110 132 0 0
855 110 133 0 0
856 111 133 0 0
857 110 133 0 0
858 111 133 0 0
859 110 133 0 0
860 111 133 0 0
861 110 133 0 0
862 110 134 0 0
863 111 134 0 0
864 110 134 0 0
865 111 134 0 0
866 110 134 0 0
867 111 134 0 0
868 110 134 0 0
869 110 135 0 0
870 111 135 0 0
871 112 135 0 0
872 111 135 0 0
873 112 135 0 0
874 111 135 0 0
875 111 136 0 0
876 112 136 0 0
877 111 136 0 0
878 112 136 0 0
879 111 136 0 0
880 112 136 0 0
881 111 136 0 0
882 112 136 0 0
883 111 136 0 0
884 111 137 0 0
885 112 137 0 0
886 111 137 0 0
887 112 137 0 0
888 111 137 0 0
889 112 137 0 0
890 111 137 0 0
891 111 138 0 0
892 112 138 0 0
893 111 138 0 0
894 112 138 0 0
895 111 138 0 0
896 112 138 0 0
897 111 138 0 0
898 111 139 0 0
899 112 139 0 0
900 111 139 0 0
901 112 139 0 0
902 111 139 0 0
903 111 140 0 0
904 112 140 0 0
905 111 140 0 0
906 112 140 0 0
907 113 140 0 0
908 112 140 0 0
909 112 141 0 0
910 113 141 0 0
911 112 141 0 0
912 112 142 0 0
913 113 142 0 0
914 112 142 0 0
915 113 142 0 0
916 112 142 0 0
917 113 142 0 0
918 112 142 0 0
919 112 143 0 0
920 113 143 0 0
921 112 143 0 0
922 113 143 0 0
923 112 143 0 0
924 113 143 0 0
925 112 143 0 0
926 113 143 0 0
927 112 143 0 0
928 112 144 0 0
929 113 144 0 0
930 112 144 0 0
931 113 144 0 0
932 112 144 0 0
933 113 144 0 0
934 112 144 0 0
935 112 145 0 0
936 113 145 0 0
937 112 145 0 0
938 113 145 0 0
939 112 145 0 0
940 112 146 0 0
941 113 146 0 0
942 112 146 0 0
943 113 146 0 0
944 112 146 0 0
945 113 146 0 0
946 112 146 0 0
947 112 147 0 0
948 113 147 0 0
949 112 147 0 0
950 113 147 0 0
951 114 147 0 0
952 113 147 0 0
953 113 148 0 0
954 114 148 0 0
955 113 148 0 0
956 114 148 0 0
957 113 148 0 0
958 113 149 0 0
959 114 149 0 0
960 113 149 0 0
961 114 149 0 0
962 113 149 0 0
963 113 150 0 0
964 114 150 0 0
965 113 150 0 0
966 114 150 0 0
967 113 150 0 0
968 114 150 0 0
969 113 150 0 0
970 114 150 0 0
971 113 150 0 0
972 113 151 0 0
973 114 151 0 0
974 113 151 0 0
975 114 151 0 0
976 113 151 0 0
977 113 152 0 0
978 114 152 0 0
979 113 152 0 0
980 114 152 0 0
981 115 152 0 0
982 114 152 0 0
983 114 153 0 0
984 115 153 0 0
985 114 153 0 0
986 115 153 0 0
987 114 153 0 0
988 115 153 0 0
989 114 153 0 0
990 114 154 0 0
991 115 154 0 0
992 114 154 0 0
993 115 154 0 0
994 114 154 0 0
995 114 155 0 0
996 115 155 0 0
997 114 155 0 0
998 115 155 0 0
999 114 155 0 0
1000 115 155 0 0
1001 114 155 0 0
1002 114 156 0 0
1003 115 156 0 0
1004 114 156 0 0
1005 115 156 0 0
1006 114 156 0 0
1007 115 156 0 0
1008 114 156 0 0
1009 114 157 0 0
1010 115 157 0 0
1011 114 157 0 0
1012 115 157 0 0
1013 114 157 0 0
1014 114 158 0 0
1015 115 158 0 0
1016 114 158 0 0
1017 115 158 0 0
1018 114 158 0 0
1019 115 158 0 0
1020 114 158 0 0
1021 114 159 0 0
1022 115 159 0 0
1023 114 159 0 0
1024 115 159 0 0
1025 116 159 0 0
1026 115 159 0 0
1027 115 160 0 0
1028 116 160 0 0
1029 115 160 0 0
1030 116 160 0 0
1031 115 160 0 0
1032 115 161 0 0
1033 116 161 0 0
1034 115 161 0 0
1035 116 161 0 0
1036 115 161 0 0
1037 116 161 0 0
1038 115 161 0 0
1039 115 162 0 0
1040 116 162 0 0
1041 115 162 0 0
1042 116 162 0 0
1043 115 162 0 0
1044 115 163 0 0
1045 116 163 0 0
1046 115 163 0 0
1047 116 163 0 0
1048 115 163 0 0
1049 115 164 0 0
1050 116 164 0 0
1051 115 164 0 0
1052 116 164 0 0
1053 115 164 0 0
1054 116 164 0 0
1055 115 164 0 0
1056 115 165 0 0
1057 116 165 0 0
1058 115 165 0 0
1059 116 165 0 0
1060 116 166 0 0
1061 117 166 0 0
1062 116 166 0 0
1063 117 166 0 0
1064 116 166 0 0
1065 116 167 0 0
1066 117 167 0 0
1067 116 167 0 0
1068 117 167 0 0
1069 116 167 0 0
1070 117 167 0 0
1071 116 167 0 0
1072 116 168 0 0
1073 117 168 0 0
1074 116 168 0 0
1075 117 168 0 0
1076 116 168 0 0
1077 116 169 0 0
1078 117 169 0 0
1079 116 169 0 0
1080 117 169 0 0
1081 116 169 0 0
1082 116 170 0 0
1083 117 170 0 0
1084 116 170 0 0
1085 117 170 0 0
1086 116 170 0 0
1087 117 170 0 0
1088 116 170 0 0
1089 116 171 0 0
1090 117 171 0 0
1091 116 171 0 0
1092 117 171 0 0
1093 116 171 0 0
1094 116 172 0 0
1095 117 172 0 0
1096 116 172 0 0
1097 117 172 0 0
1098 116 172 0 0
1099 116 173 0 0
1100 117 173 0 0
1101 116 173 0 0
1102 117 173 0 0
1103 116 173 0 0
1104 116 174 0 0
1105 117 174 0 0
1106 116 174 0 0
1107 117 174 0 0
1108 116 174 0 0
1109 117 174 0 0
1110 117 175 0 0
1111 118 175 0 0
1112 117 175 0 0
1113 118 175 0 0
1114 117 175 0 0
1115 117 176 0 0
1116 118 176 0 0
1117 117 176 0 0
1118 118 176 0 0
1119 117 176 0 0
1120 117 177 0 0
1121 118 177 0 0
1122 117 177 0 0
1123 118 177 0 0
1124 117 177 0 0
1125 118 177 0 0
1126 117 177 0 0
1127 117 178 0 0
1128 118 178 0 0
1129 117 178 0 0
1130 118 178 0 0
1131 117 178 0 0
1132 117 179 0 0
1133 118 179 0 0
1134 117 179 0 0
1135 118 179 0 0
1136 117 179 0 0
1137 117 180 0 0
1138 118 180 0 0
1139 117 180 0 0
1140 118 180 0 0
1141 117 180 0 0
1142 118 180 0 0
1143 117 180 0 0
1144 117 181 0 0
1145 118 181 0 0
1146 117 181 0 0
1147 118 181 0 0
1148 118 182 0 0
1149 119 182 0 0
1150 118 182 0 0
1151 119 182 0 0
1152 118 182 0 0
1153 118 183 0 0
1154 119 183 0 0
1155 118 183 0 0
1156 119 183 0 0
1157 118 183 0 0
1158 119 183 0 0
1159 118 183 0 0
1160 118 184 0 0
1161 119 184 0 0
1162 118 184 0 0
1163 119 184 0 0
1164 118 184 0 0
1165 118 185 0 0
1166 119 185 0 0
1167 118 185 0 0
1168 119 185 0 0
1169 118 185 0 0
1170 118 186 0 0
1171 119 186 0 0
1172 118 186 0 0
1173 119 186 0 0
1174 118 186 0 0
1175 119 186 0 0
1176 118 186 0 0
1177 118 187 0 0
1178 119 187 0 0
1179 118 187 0 0
1180 119 187 0 0
1181 118 187 0 0
1182 118 188 0 0
1183 119 188 0 0
1184 118 188 0 0
1185 119 188 0 0
1186 118 188 0 0
1187 118 189 0 0
1188 119 189 0 0
1189 118 189 0 0
1190 119 189 0 0
1191 118 189 0 0
1192 119 189 0 0
1193 118 189 0 0
1194 118 190 0 0
1195 119 190 0 0
1196 118 190 0 0
1197 119 190 0 0
1198 118 190 0 0
1199 118 191 0 0
1200 119 191 0 0
1201 120 191 0 0
1202 119 191 0 0
1203 119 192 0 0
1204 120 192 0 0
1205 119 192 0 0
1206 120 192 0 0
1207 119 192 0 0
1208 120 192 0 0
1209 119 192 0 0
1210 119 193 0 0
1211 120 193 0 0
1212 119 193 0 0
1213 120 193 0 0
1214 119 193 0 0
1215 119 194 0 0
1216 120 194 0 0
1217 119 194 0 0
1218 120 194 0 0
1219 119 194 0 0
1220 119 195 0 0
1221 120 195 0 0
1222 119 195 0 0
1223 120 195 0 0
1224 119 195 0 0
1225 120 195 0 0
1226 119 195 0 0
1227 119 196 0 0
1228 120 196 0 0
1229 119 196 0 0
1230 120 196 0 0
1231 119 196 0 0
1232 119 197 0 0
1233 120 197 0 0
1234 119 197 0 0
1235 120 197 0 0
1236 119 197 0 0
1237 119 198 0 0
1238 120 198 0 0
1239 119 198 0 0
1240 120 198 0 0
1241 119 198 0 0
1242 119 199 0 0
1243 120 199 0 0
1244 119 199 0 0
1245 120 199 0 0
1246 119 199 0 0
1247 120 199 0 0
1248 119 199 0 0
1249 119 200 0 0
1250 120 200 0 0
1251 119 200 0 0
1252 120 200 0 0
1253 120 201 0 0
1254 121 201 0 0
1255 120 201 0 0
1256 121 201 0 0
1257 120 201 0 0
1258 120 202 0 0
1259 121 202 0 0
1260 120 202 0 0
1261 121 202 0 0
1262 120 202 0 0
1263 121 202 0 0
1264 120 202 0 0
1265 120 203 0 0
1266 121 203 0 0
1267 120 203 0 0
1268 121 203 0 0
1269 120 203 0 0
1270 120 204 0 0
1271 121 204 0 0
1272 120 204 0 0
1273 121 204 0 0
1274 120 204 0 0
1275 120 205 0 0
1276 121 205 0 0
1277 120 205 0 0
1278 121 205 0 0
1279 120 205 0 0
1280 121 205 0 0
1281 120 205 0 0
1282 120 206 0 0
1283 121 206 0 0
1284 120 206 0 0
1285 121 206 0 0
1286 120 206 0 0
1287 120 207 0 0
1288 121 207 0 0
1289 120 207 0 0
1290 121 207 0 0
1291 121 208 0 0
1292 122 208 0 0
1293 121 208 0 0
1294 122 208 0 0
1295 121 208 0 0
1296 122 208 0 0
1297 121 208 0 0
1298 121 209 0 0
1299 122 209 0 0
1300 121 209 0 0
1301 122 209 0 0
1302 121 209 0 0
1303 121 210 0 0
1304 122 210 0 0
1305 121 210 0 0
1306 122 210 0 0
1307 121 210 0 0
1308 121 211 0 0
1309 122 211 0 0
1310 121 211 0 0
1311 122 211 0 0
1312 121 211 0 0
1313 122 211 0 0
1314 121 211 0 0
1315 121 212 0 0
1316 122 212 0 0
1317 121 212 0 0
1318 122 212 0 0
1319 121 212 0 0
1320 121 213 0 0
1321 122 213 0 0
1322 121 213 0 0
1323 122 213 0 0
1324 121 213 0 0
1325 121 214 0 0
1326 122 214 0 0
1327 121 214 0 0
1328 122 214 0 0
1329 121 214 0 0
1330 122 214 0 0
1331 121 214 0 0
1332 121 215 0 0
1333 122 215 0 0
1334 121 215 0 0
1335 122 215 0 0
1336 121 215 0 0
1337 121 216 0 0
1338 122 216 0 0
1339 121 216 0 0
1340 122 216 0 0
1341 121 216 0 0
1342 121 217 0 0
1343 122 217 0 0
