0 104 4 0 0
1 104 5 0 0
2 105 5 0 0
3 104 5 0 0
4 105 5 0 0
5 104 5 0 0
6 105 5 0 0
7 104 5 0 0
8 105 5 0 0
9 104 5 0 0
10 104 6 0 0
11 105 6 0 0
12 104 6 0 0
13 105 6 0 0
14 104 6 0 0
15 105 6 0 0
16 104 6 0 0
17 105 6 0 0
18 104 6 0 0
19 104 7 0 0
20 105 7 0 0
21 104 7 0 0
22 105 7 0 0
23 104 7 0 0
24 105 7 0 0
25 104 7 0 0
26 105 7 0 0
27 104 7 0 0
28 105 7 0 0
29 104 7 0 0
30 104 8 0 0
31 105 8 0 0
32 104 8 0 0
33 105 8 0 0
34 104 8 0 0
35 105 8 0 0
36 104 8 0 0
37 105 8 0 0
38 104 8 0 0
39 104 9 0 0
40 105 9 0 0
41 104 9 0 0
42 105 9 0 0
43 104 9 0 0
44 105 9 0 0
45 104 9 0 0
46 105 9 0 0
47 104 9 0 0
48 104 10 0 0
49 105 10 0 0
50 104 10 0 0
51 105 10 0 0
52 104 10 0 0
53 104 11 0 0
54 105 11 0 0
55 104 11 0 0
56 105 11 0 0
57 104 11 0 0
58 104 12 0 0
59 105 12 0 0
60 104 12 0 0
61 105 12 0 0
62 104 12 0 0
63 104 13 0 0
64 105 13 0 0
65 104 13 0 0
66 105 13 0 0
67 104 13 0 0
68 104 14 0 0
69 105 14 0 0
70 104 14 0 0
71 105 14 0 0
72 104 14 0 0
73 104 15 0 0
74 105 15 0 0
75 104 15 0 0
76 105 15 0 0
77 104 15 0 0
78 104 16 0 0
79 105 16 0 0
80 104 16 0 0
81 105 16 0 0
82 104 16 0 0
83 104 17 0 0
84 105 17 0 0
85 104 17 0 0
86 105 17 0 0
87 104 17 0 0
88 104 18 0 0
89 105 18 0 0
90 104 18 0 0
91 105 18 0 0
92 104 18 0 0
93 105 18 0 0
94 104 18 0 0
95 104 19 0 0
96 105 19 0 0
97 104 19 0 0
98 104 20 0 0
99 105 20 0 0
100 104 20 0 0
101 105 20 0 0
102 104 20 0 0
103 104 21 0 0
104 105 21 0 0
105 104 21 0 0
106 105 21 0 0
107 104 21 0 0
108 104 22 0 0
109 105 22 0 0
110 104 22 0 0
111 105 22 0 0
112 104 22 0 0
113 104 23 0 0
114 105 23 0 0
115 104 23 0 0
116 105 23 0 0
117 104 23 0 0
118 104 24 0 0
119 105 24 0 0
120 104 24 0 0
121 105 24 0 0
122 104 24 0 0
123 104 25 0 0
124 105 25 0 0
125 104 25 0 0
126 105 25 0 0
127 104 25 0 0
128 104 26 0 0
129 105 26 0 0
130 104 26 0 0
131 105 26 0 0
132 104 26 0 0
133 104 27 0 0
134 105 27 0 0
135 104 27 0 0
136 105 27 0 0
137 104 27 0 0
138 104 28 0 0
139 105 28 0 0
140 104 28 0 0
141 105 28 0 0
142 104 28 0 0
143 104 29 0 0
144 105 29 0 0
145 104 29 0 0
146 105 29 0 0
147 104 29 0 0
148 104 30 0 0
149 105 30 0 0
150 104 30 0 0
151 105 30 0 0
152 104 30 0 0
153 104 31 0 0
154 105 31 0 0
155 104 31 0 0
156 105 31 0 0
157 104 31 0 0
158 104 32 0 0
159 105 32 0 0
160 104 32 0 0
161 105 32 0 0
162 104 32 0 0
163 104 33 0 0
164 105 33 0 0
165 104 33 0 0
166 105 33 0 0
167 104 33 0 0
168 104 34 0 0
169 105 34 0 0
170 104 34 0 0
171 105 34 0 0
172 104 34 0 0
173 104 35 0 0
174 105 35 0 0
175 104 35 0 0
176 105 35 0 0
177 104 35 0 0
178 105 35 0 0
179 104 35 0 0
180 104 36 0 0
181 105 36 0 0
182 104 36 0 0
183 105 36 0 0
184 104 36 0 0
185 104 37 0 0
186 105 37 0 0
187 104 37 0 0
188 105 37 0 0
189 104 37 0 0
190 105 37 0 0
191 104 37 0 0
192 104 38 0 0
193 105 38 0 0
194 104 38 0 0
195 105 38 0 0
196 104 38 0 0
197 105 38 0 0
198 104 38 0 0
199 104 39 0 0
200 105 39 0 0
201 104 39 0 0
202 105 39 0 0
203 104 39 0 0
204 105 39 0 0
205 104 39 0 0
206 104 40 0 0
207 105 40 0 0
208 104 40 0 0
209 105 40 0 0
210 104 40 0 0
211 104 41 0 0
212 105 41 0 0
213 104 41 0 0
214 105 41 0 0
215 106 41 0 0
216 105 41 0 0
217 105 42 0 0
218 106 42 0 0
219 105 42 0 0
220 106 42 0 0
221 105 42 0 0
222 106 42 0 0
223 105 42 0 0
224 105 43 0 0
225 106 43 0 0
226 105 43 0 0
227 106 43 0 0
228 105 43 0 0
229 105 44 0 0
230 106 44 0 0
231 105 44 0 0
232 106 44 0 0
233 105 44 0 0
234 106 44 0 0
235 105 44 0 0
236 105 45 0 0
237 106 45 0 0
238 105 45 0 0
239 106 45 0 0
240 105 45 0 0
241 106 45 0 0
242 105 45 0 0
243 105 46 0 0
244 106 46 0 0
245 105 46 0 0
246 106 46 0 0
247 105 46 0 0
248 105 47 0 0
249 106 47 0 0
250 105 47 0 0
251 106 47 0 0
252 105 47 0 0
253 105 48 0 0
254 106 48 0 0
255 107 48 0 0
256 106 48 0 0
257 106 49 0 0
258 107 49 0 0
259 106 49 0 0
260 107 49 0 0
261 106 49 0 0
262 107 49 0 0
263 106 49 0 0
264 106 50 0 0
265 107 50 0 0
266 106 50 0 0
267 107 50 0 0
268 106 50 0 0
269 106 51 0 0
270 107 51 0 0
271 106 51 0 0
272 107 51 0 0
273 106 51 0 0
274 106 52 0 0
275 107 52 0 0
276 108 52 0 0
277 107 52 0 0
278 107 53 0 0
279 108 53 0 0
280 107 53 0 0
281 108 53 0 0
282 107 53 0 0
283 107 54 0 0
284 108 54 0 0
285 107 54 0 0
286 108 54 0 0
287 107 54 0 0
288 108 54 0 0
289 107 54 0 0
290 107 55 0 0
291 108 55 0 0
292 107 55 0 0
293 108 55 0 0
294 109 55 0 0
295 108 55 0 0
296 108 56 0 0
297 109 56 0 0
298 108 56 0 0
299 109 56 0 0
300 108 56 0 0
301 109 56 0 0
302 108 56 0 0
303 108 57 0 0
304 109 57 0 0
305 108 57 0 0
306 109 57 0 0
307 108 57 0 0
308 109 57 0 0
309 108 57 0 0
310 108 58 0 0
311 109 58 0 0
312 108 58 0 0
313 109 58 0 0
314 108 58 0 0
315 108 59 0 0
316 109 59 0 0
317 108 59 0 0
318 109 59 0 0
319 108 59 0 0
320 109 59 0 0
321 108 59 0 0
322 108 60 0 0
323 109 60 0 0
324 110 60 0 0
325 109 60 0 0
326 110 60 0 0
327 109 60 0 0
328 109 61 0 0
329 110 61 0 0
330 109 61 0 0
331 110 61 0 0
332 109 61 0 0
333 110 61 0 0
334 109 61 0 0
335 109 62 0 0
336 110 62 0 0
337 109 62 0 0
338 110 62 0 0
339 111 62 0 0
340 110 62 0 0
341 111 62 0 0
342 110 62 0 0
343 110 63 0 0
344 111 63 0 0
345 110 63 0 0
346 111 63 0 0
347 110 63 0 0
348 111 63 0 0
349 110 63 0 0
350 111 63 0 0
351 111 64 0 0
352 112 64 0 0
353 111 64 0 0
354 112 64 0 0
355 111 64 0 0
356 112 64 0 0
357 111 64 0 0
358 112 64 0 0
359 111 64 0 0
360 111 65 0 0
361 112 65 0 0
362 113 65 0 0
363 112 65 0 0
364 113 65 0 0
365 112 65 0 0
366 112 66 0 0
367 113 66 0 0
368 112 66 0 0
369 113 66 0 0
370 112 66 0 0
371 113 66 0 0
372 112 66 0 0
373 113 66 0 0
374 113 67 0 0
375 114 67 0 0
376 113 67 0 0
377 114 67 0 0
378 113 67 0 0
379 114 67 0 0
380 113 67 0 0
381 114 67 0 0
382 113 67 0 0
383 113 68 0 0
384 114 68 0 0
385 113 68 0 0
386 114 68 0 0
387 115 68 0 0
388 114 68 0 0
389 115 68 0 0
390 114 68 0 0
391 114 69 0 0
392 115 69 0 0
393 114 69 0 0
394 115 69 0 0
395 114 69 0 0
396 115 69 0 0
397 115 70 0 0
398 116 70 0 0
399 115 70 0 0
400 116 70 0 0
401 115 70 0 0
402 116 70 0 0
403 115 70 0 0
404 116 70 0 0
405 115 70 0 0
406 115 71 0 0
407 116 71 0 0
408 115 71 0 0
409 116 71 0 0
410 117 71 0 0
411 116 71 0 0
412 117 71 0 0
413 116 71 0 0
414 116 72 0 0
415 117 72 0 0
416 116 72 0 0
417 117 72 0 0
418 116 72 0 0
419 117 72 0 0
420 118 72 0 0
421 117 72 0 0
422 117 73 0 0
423 118 73 0 0
424 117 73 0 0
425 118 73 0 0
426 117 73 0 0
427 118 73 0 0
428 117 73 0 0
429 117 74 0 0
430 118 74 0 0
431 117 74 0 0
432 118 74 0 0
433 119 74 0 0
434 118 74 0 0
435 119 74 0 0
436 118 74 0 0
437 118 75 0 0
438 119 75 0 0
439 118 75 0 0
440 119 75 0 0
441 118 75 0 0
442 119 75 0 0
443 118 75 0 0
444 119 75 0 0
445 118 75 0 0
446 118 76 0 0
447 119 76 0 0
448 120 76 0 0
449 119 76 0 0
450 120 76 0 0
451 119 76 0 0
452 120 76 0 0
453 119 76 0 0
454 119 77 0 0
455 120 77 0 0
456 121 77 0 0
457 120 77 0 0
458 121 77 0 0
459 120 77 0 0
460 121 77 0 0
461 120 77 0 0
462 120 78 0 0
463 121 78 0 0
464 120 78 0 0
465 121 78 0 0
466 120 78 0 0
467 121 78 0 0
468 120 78 0 0
469 121 78 0 0
470 120 78 0 0
471 121 78 0 0
472 120 78 0 0
473 121 78 0 0
474 121 79 0 0
475 122 79 0 0
476 121 79 0 0
477 122 79 0 0
478 121 79 0 0
479 122 79 0 0
480 121 79 0 0
481 122 79 0 0
482 121 79 0 0
483 122 79 0 0
484 121 79 0 0
485 121 80 0 0
486 122 80 0 0
487 123 80 0 0
488 122 80 0 0
489 123 80 0 0
490 122 80 0 0
491 123 80 0 0
492 122 80 0 0
493 123 80 0 0
494 122 80 0 0
495 122 81 0 0
496 123 81 0 0
497 122 81 0 0
498 123 81 0 0
499 122 81 0 0
500 123 81 0 0
501 122 81 0 0
502 122 82 0 0
503 123 82 0 0
504 124 82 0 0
505 123 82 0 0
506 124 82 0 0
507 123 82 0 0
508 124 82 0 0
509 123 82 0 0
510 124 82 0 0
511 123 82 0 0
512 123 83 0 0
513 124 83 0 0
514 125 83 0 0
515 124 83 0 0
516 125 83 0 0
517 124 83 0 0
518 125 83 0 0
519 124 83 0 0
520 125 83 0 0
521 124 83 0 0
522 124 84 0 0
523 125 84 0 0
524 124 84 0 0
525 125 84 0 0
526 124 84 0 0
527 125 84 0 0
528 126 84 0 0
529 125 84 0 0
530 126 84 0 0
531 125 84 0 0
532 126 84 0 0
533 125 84 0 0
534 125 85 0 0
535 126 85 0 0
536 125 85 0 0
537 126 85 0 0
538 125 85 0 0
539 126 85 0 0
540 125 85 0 0
541 126 85 0 0
542 126 86 0 0
543 127 86 0 0
544 126 86 0 0
545 127 86 0 0
546 126 86 0 0
547 127 86 0 0
548 126 86 0 0
549 127 86 0 0
550 126 86 0 0
551 126 87 0 0
552 127 87 0 0
553 126 87 0 0
554 127 87 0 0
555 126 87 0 0
556 127 87 0 0
557 128 87 0 0
558 127 87 0 0
559 128 87 0 0
560 127 87 0 0
561 127 88 0 0
562 128 88 0 0
563 127 88 0 0
564 128 88 0 0
565 127 88 0 0
566 128 88 0 0
567 128 89 0 0
568 129 89 0 0
569 128 89 0 0
570 129 89 0 0
571 128 89 0 0
572 129 89 0 0
573 128 89 0 0
574 129 89 0 0
575 128 89 0 0
576 128 90 0 0
577 129 90 0 0
578 128 90 0 0
579 129 90 0 0
580 130 90 0 0
581 129 90 0 0
582 130 90 0 0
583 129 90 0 0
584 129 91 0 0
585 130 91 0 0
586 129 91 0 0
587 130 91 0 0
588 131 91 0 0
589 130 91 0 0
590 131 91 0 0
591 130 91 0 0
592 130 92 0 0
593 131 92 0 0
594 130 92 0 0
595 131 92 0 0
596 130 92 0 0
597 131 92 0 0
598 130 92 0 0
599 130 93 0 0
600 131 93 0 0
601 132 93 0 0
602 131 93 0 0
603 132 93 0 0
604 131 93 0 0
605 132 93 0 0
606 131 93 0 0
607 131 94 0 0
608 132 94 0 0
609 131 94 0 0
610 132 94 0 0
611 133 94 0 0
612 132 94 0 0
613 133 94 0 0
614 132 94 0 0
615 132 95 0 0
616 133 95 0 0
617 132 95 0 0
618 133 95 0 0
619 132 95 0 0
620 133 95 0 0
621 132 95 0 0
622 133 95 0 0
623 133 96 0 0
624 134 96 0 0
625 133 96 0 0
626 134 96 0 0
627 133 96 0 0
628 134 96 0 0
629 133 96 0 0
630 133 97 0 0
631 134 97 0 0
632 133 97 0 0
633 134 97 0 0
634 133 97 0 0
635 134 97 0 0
636 133 97 0 0
637 133 98 0 0
638 134 98 0 0
639 133 98 0 0
640 134 98 0 0
641 133 98 0 0
642 134 98 0 0
643 133 98 0 0
644 133 99 0 0
645 134 99 0 0
646 133 99 0 0
647 134 99 0 0
648 133 99 0 0
649 134 99 0 0
650 133 99 0 0
651 133 100 0 0
652 134 100 0 0
653 133 100 0 0
654 134 100 0 0
655 133 100 0 0
656 134 100 0 0
657 133 100 0 0
658 133 101 0 0
659 134 101 0 0
660 133 101 0 0
661 134 101 0 0
662 133 101 0 0
663 134 101 0 0
664 133 101 0 0
665 133 102 0 0
666 134 102 0 0
667 135 102 0 0
668 134 102 0 0
669 135 102 0 0
670 134 102 0 0
671 134 103 0 0
672 135 103 0 0
673 134 103 0 0
674 135 103 0 0
675 134 103 0 0
676 135 103 0 0
677 134 103 0 0
678 134 104 0 0
679 135 104 0 0
680 134 104 0 0
681 135 104 0 0
682 134 104 0 0
683 135 104 0 0
684 134 104 0 0
685 134 105 0 0
686 135 105 0 0
687 134 105 0 0
688 133 105 0 0
689 134 105 0 0
690 133 105 0 0
691 134 105 0 0
692 133 105 0 0
693 133 106 0 0
694 134 106 0 0
695 133 106 0 0
696 134 106 0 0
697 133 106 0 0
698 134 106 0 0
699 133 106 0 0
700 134 106 0 0
701 133 106 0 0
702 133 107 0 0
703 134 107 0 0
704 133 107 0 0
705 134 107 0 0
706 133 107 0 0
707 132 107 0 0
708 132 108 0 0
709 133 108 0 0
710 132 108 0 0
711 133 108 0 0
712 132 108 0 0
713 133 108 0 0
714 132 108 0 0
715 133 108 0 0
716 132 108 0 0
717 132 109 0 0
718 133 109 0 0
719 132 109 0 0
720 133 109 0 0
721 132 109 0 0
722 133 109 0 0
723 132 109 0 0
724 132 110 0 0
725 131 110 0 0
726 132 110 0 0
727 131 110 0 0
728 132 110 0 0
729 131 110 0 0
730 131 111 0 0
731 132 111 0 0
732 131 111 0 0
733 132 111 0 0
734 131 111 0 0
735 130 111 0 0
736 130 112 0 0
737 131 112 0 0
738 130 112 0 0
739 131 112 0 0
740 130 112 0 0
741 131 112 0 0
742 130 112 0 0
743 130 113 0 0
744 131 113 0 0
745 130 113 0 0
746 131 113 0 0
747 130 113 0 0
748 130 114 0 0
749 129 114 0 0
750 130 114 0 0
751 129 114 0 0
752 130 114 0 0
753 129 114 0 0
754 129 115 0 0
755 130 115 0 0
756 129 115 0 0
757 128 115 0 0
758 129 115 0 0
759 128 115 0 0
760 128 116 0 0
761 129 116 0 0
762 128 116 0 0
763 129 116 0 0
764 128 116 0 0
765 129 116 0 0
766 128 116 0 0
767 128 117 0 0
768 129 117 0 0
769 128 117 0 0
770 129 117 0 0
771 128 117 0 0
772 127 117 0 0
773 127 118 0 0
774 128 118 0 0
775 127 118 0 0
776 128 118 0 0
777 127 118 0 0
778 126 118 0 0
779 127 118 0 0
780 126 118 0 0
781 126 119 0 0
782 127 119 0 0
783 126 119 0 0
784 127 119 0 0
785 126 119 0 0
786 127 119 0 0
787 126 119 0 0
788 125 119 0 0
789 125 120 0 0
790 126 120 0 0
791 125 120 0 0
792 126 120 0 0
793 125 120 0 0
794 126 120 0 0
795 125 120 0 0
796 124 120 0 0
797 124 121 0 0
798 125 121 0 0
799 124 121 0 0
800 125 121 0 0
801 124 121 0 0
802 125 121 0 0
803 124 121 0 0
804 124 122 0 0
805 123 122 0 0
806 124 122 0 0
807 123 122 0 0
808 124 122 0 0
809 123 122 0 0
810 124 122 0 0
811 123 122 0 0
812 123 123 0 0
813 124 123 0 0
814 123 123 0 0
815 122 123 0 0
816 123 123 0 0
817 122 123 0 0
818 123 123 0 0
819 122 123 0 0
820 122 124 0 0
821 123 124 0 0
822 122 124 0 0
823 121 124 0 0
824 122 124 0 0
825 121 124 0 0
826 122 124 0 0
827 121 124 0 0
828 121 125 0 0
829 122 125 0 0
830 121 125 0 0
831 120 125 0 0
832 120 126 0 0
833 121 126 0 0
834 120 126 0 0
835 121 126 0 0
836 120 126 0 0
837 121 126 0 0
838 120 126 0 0
839 120 127 0 0
840 121 127 0 0
841 120 127 0 0
842 121 127 0 0
843 120 127 0 0
844 120 128 0 0
845 121 128 0 0
846 120 128 0 0
847 121 128 0 0
848 120 128 0 0
849 119 128 0 0
850 119 129 0 0
851 120 129 0 0
852 119 129 0 0
853 120 129 0 0
854 119 129 0 0
855 119 130 0 0
856 120 130 0 0
857 119 130 0 0
858 120 130 0 0
859 119 130 0 0
860 118 130 0 0
861 119 130 0 0
862 118 130 0 0
863 118 131 0 0
864 119 131 0 0
865 118 131 0 0
866 118 132 0 0
867 119 132 0 0
868 118 132 0 0
869 119 132 0 0
870 118 132 0 0
871 119 132 0 0
872 118 132 0 0
873 118 133 0 0
874 119 133 0 0
875 118 133 0 0
876 119 133 0 0
877 118 133 0 0
878 118 134 0 0
879 117 134 0 0
880 118 134 0 0
881 117 134 0 0
882 118 134 0 0
883 117 134 0 0
884 117 135 0 0
885 118 135 0 0
886 117 135 0 0
887 118 135 0 0
888 117 135 0 0
889 118 135 0 0
890 117 135 0 0
891 117 136 0 0
892 118 136 0 0
893 117 136 0 0
894 118 136 0 0
895 117 136 0 0
896 118 136 0 0
897 117 136 0 0
898 118 136 0 0
899 117 136 0 0
900 117 137 0 0
901 118 137 0 0
902 117 137 0 0
903 118 137 0 0
904 117 137 0 0
905 117 138 0 0
906 116 138 0 0
907 117 138 0 0
908 116 138 0 0
909 117 138 0 0
910 116 138 0 0
911 116 139 0 0
912 117 139 0 0
913 116 139 0 0
914 117 139 0 0
915 116 139 0 0
916 117 139 0 0
917 116 139 0 0
918 116 140 0 0
919 117 140 0 0
920 116 140 0 0
921 117 140 0 0
922 116 140 0 0
923 117 140 0 0
924 116 140 0 0
925 116 141 0 0
926 117 141 0 0
927 116 141 0 0
928 116 142 0 0
929 117 142 0 0
930 116 142 0 0
931 117 142 0 0
932 116 142 0 0
933 117 142 0 0
934 116 142 0 0
935 116 143 0 0
936 117 143 0 0
937 116 143 0 0
938 117 143 0 0
939 116 143 0 0
940 117 143 0 0
941 116 143 0 0
942 117 143 0 0
943 116 143 0 0
944 116 144 0 0
945 117 144 0 0
946 116 144 0 0
947 115 144 0 0
948 115 145 0 0
949 116 145 0 0
950 115 145 0 0
951 116 145 0 0
952 115 145 0 0
953 116 145 0 0
954 115 145 0 0
955 115 146 0 0
956 116 146 0 0
957 115 146 0 0
958 116 146 0 0
959 115 146 0 0
960 116 146 0 0
961 115 146 0 0
962 115 147 0 0
963 116 147 0 0
964 115 147 0 0
965 116 147 0 0
966 115 147 0 0
967 115 148 0 0
968 116 148 0 0
969 115 148 0 0
970 116 148 0 0
971 115 148 0 0
972 115 149 0 0
973 116 149 0 0
974 115 149 0 0
975 116 149 0 0
976 115 149 0 0
977 116 149 0 0
978 115 149 0 0
979 115 150 0 0
980 116 150 0 0
981 115 150 0 0
982 116 150 0 0
983 115 150 0 0
984 115 151 0 0
985 116 151 0 0
986 115 151 0 0
987 116 151 0 0
988 115 151 0 0
989 115 152 0 0
990 116 152 0 0
991 115 152 0 0
992 116 152 0 0
993 115 152 0 0
994 116 152 0 0
995 115 152 0 0
996 115 153 0 0
997 116 153 0 0
998 115 153 0 0
999 116 153 0 0
1000 115 153 0 0
1001 115 154 0 0
1002 116 154 0 0
1003 115 154 0 0
1004 116 154 0 0
1005 115 154 0 0
1006 115 155 0 0
1007 116 155 0 0
1008 115 155 0 0
1009 116 155 0 0
1010 115 155 0 0
1011 116 155 0 0
1012 115 155 0 0
1013 115 156 0 0
1014 116 156 0 0
1015 115 156 0 0
1016 116 156 0 0
1017 115 156 0 0
1018 115 157 0 0
1019 116 157 0 0
1020 115 157 0 0
1021 116 157 0 0
1022 115 157 0 0
1023 116 157 0 0
1024 115 157 0 0
1025 115 158 0 0
1026 116 158 0 0
1027 115 158 0 0
1028 116 158 0 0
1029 115 158 0 0
1030 115 159 0 0
1031 116 159 0 0
1032 115 159 0 0
1033 116 159 0 0
1034 115 159 0 0
1035 115 160 0 0
1036 116 160 0 0
1037 115 160 0 0
1038 116 160 0 0
1039 115 160 0 0
1040 115 161 0 0
1041 116 161 0 0
1042 115 161 0 0
1043 116 161 0 0
1044 115 161 0 0
1045 115 162 0 0
1046 116 162 0 0
1047 115 162 0 0
1048 116 162 0 0
1049 115 162 0 0
1050 116 162 0 0
1051 116 163 0 0
1052 117 163 0 0
1053 116 163 0 0
1054 117 163 0 0
1055 116 163 0 0
1056 116 164 0 0
1057 117 164 0 0
1058 116 164 0 0
1059 117 164 0 0
1060 116 164 0 0
1061 116 165 0 0
1062 117 165 0 0
1063 116 165 0 0
1064 117 165 0 0
1065 116 165 0 0
1066 116 166 0 0
1067 117 166 0 0
1068 116 166 0 0
1069 117 166 0 0
1070 116 166 0 0
1071 117 166 0 0
1072 116 166 0 0
1073 116 167 0 0
1074 117 167 0 0
1075 116 167 0 0
1076 117 167 0 0
1077 116 167 0 0
1078 116 168 0 0
1079 117 168 0 0
1080 116 168 0 0
1081 117 168 0 0
1082 116 168 0 0
1083 116 169 0 0
1084 117 169 0 0
1085 116 169 0 0
1086 117 169 0 0
1087 116 169 0 0
1088 116 170 0 0
1089 117 170 0 0
1090 116 170 0 0
1091 117 170 0 0
1092 116 170 0 0
1093 116 171 0 0
1094 117 171 0 0
1095 118 171 0 0
1096 117 171 0 0
1097 118 171 0 0
1098 117 171 0 0
1099 117 172 0 0
1100 118 172 0 0
1101 117 172 0 0
1102 118 172 0 0
1103 117 172 0 0
1104 117 173 0 0
1105 118 173 0 0
1106 117 173 0 0
1107 118 173 0 0
1108 117 173 0 0
1109 117 174 0 0
1110 118 174 0 0
1111 117 174 0 0
1112 118 174 0 0
1113 117 174 0 0
1114 118 174 0 0
1115 117 174 0 0
1116 117 175 0 0
1117 118 175 0 0
1118 117 175 0 0
1119 118 175 0 0
1120 117 175 0 0
1121 117 176 0 0
1122 118 176 0 0
1123 117 176 0 0
1124 118 176 0 0
1125 117 176 0 0
1126 117 177 0 0
1127 118 177 0 0
1128 117 177 0 0
1129 118 177 0 0
1130 117 177 0 0
1131 118 177 0 0
1132 117 177 0 0
1133 117 178 0 0
1134 118 178 0 0
1135 117 178 0 0
1136 118 178 0 0
1137 117 178 0 0
1138 117 179 0 0
1139 118 179 0 0
1140 117 179 0 0
1141 118 179 0 0
1142 117 179 0 0
1143 117 180 0 0
1144 118 180 0 0
1145 117 180 0 0
1146 118 180 0 0
1147 117 180 0 0
1148 117 181 0 0
1149 118 181 0 0
1150 117 181 0 0
1151 118 181 0 0
1152 119 181 0 0
1153 118 181 0 0
1154 118 182 0 0
1155 119 182 0 0
1156 118 182 0 0
1157 119 182 0 0
1158 118 182 0 0
1159 118 183 0 0
1160 119 183 0 0
1161 118 183 0 0
1162 119 183 0 0
1163 118 183 0 0
1164 118 184 0 0
1165 119 184 0 0
1166 118 184 0 0
1167 119 184 0 0
1168 118 184 0 0
1169 119 184 0 0
1170 118 184 0 0
1171 118 185 0 0
1172 119 185 0 0
1173 118 185 0 0
1174 119 185 0 0
1175 118 185 0 0
1176 118 186 0 0
1177 119 186 0 0
1178 118 186 0 0
1179 119 186 0 0
1180 118 186 0 0
1181 118 187 0 0
1182 119 187 0 0
1183 118 187 0 0
1184 119 187 0 0
1185 118 187 0 0
1186 119 187 0 0
1187 118 187 0 0
1188 118 188 0 0
1189 119 188 0 0
1190 118 188 0 0
1191 119 188 0 0
1192 118 188 0 0
1193 118 189 0 0
1194 119 189 0 0
1195 118 189 0 0
1196 119 189 0 0
1197 118 189 0 0
1198 118 190 0 0
1199 119 190 0 0
1200 118 190 0 0
1201 119 190 0 0
1202 118 190 0 0
1203 119 190 0 0
1204 118 190 0 0
1205 118 191 0 0
1206 119 191 0 0
1207 118 191 0 0
1208 119 191 0 0
1209 118 191 0 0
1210 118 192 0 0
1211 119 192 0 0
1212 118 192 0 0
1213 119 192 0 0
1214 118 192 0 0
1215 118 193 0 0
1216 119 193 0 0
1217 118 193 0 0
1218 119 193 0 0
1219 118 193 0 0
1220 119 193 0 0
1221 118 193 0 0
1222 118 194 0 0
1223 119 194 0 0
1224 118 194 0 0
1225 119 194 0 0
1226 118 194 0 0
1227 118 195 0 0
1228 119 195 0 0
1229 118 195 0 0
1230 119 195 0 0
1231 118 195 0 0
1232 118 196 0 0
1233 119 196 0 0
1234 118 196 0 0
1235 119 196 0 0
1236 120 196 0 0
1237 119 196 0 0
1238 119 197 0 0
1239 120 197 0 0
1240 119 197 0 0
1241 120 197 0 0
1242 119 197 0 0
1243 119 198 0 0
1244 120 198 0 0
1245 119 198 0 0
1246 120 198 0 0
1247 119 198 0 0
1248 119 199 0 0
1249 120 199 0 0
1250 119 199 0 0
1251 120 199 0 0
1252 119 199 0 0
1253 119 200 0 0
1254 120 200 0 0
1255 119 200 0 0
1256 120 200 0 0
1257 119 200 0 0
1258 119 201 0 0
1259 120 201 0 0
1260 119 201 0 0
1261 120 201 0 0
1262 119 201 0 0
1263 119 202 0 0
1264 120 202 0 0
1265 119 202 0 0
1266 120 202 0 0
1267 119 202 0 0
1268 120 202 0 0
1269 119 202 0 0
1270 119 203 0 0
1271 120 203 0 0
1272 119 203 0 0
1273 120 203 0 0
1274 119 203 0 0
1275 119 204 0 0
1276 120 204 0 0
1277 119 204 0 0
1278 120 204 0 0
1279 119 204 0 0
1280 119 205 0 0
1281 120 205 0 0
1282 119 205 0 0
1283 120 205 0 0
1284 120 206 0 0
1285 121 206 0 0
1286 120 206 0 0
1287 121 206 0 0
1288 120 206 0 0
1289 120 207 0 0
1290 121 207 0 0
1291 120 207 0 0
1292 121 207 0 0
1293 120 207 0 0
1294 120 208 0 0
1295 121 208 0 0
1296 120 208 0 0
1297 121 208 0 0
1298 120 208 0 0
1299 121 208 0 0
1300 120 208 0 0
1301 120 209 0 0
1302 121 209 0 0
1303 120 209 0 0
1304 121 209 0 0
1305 120 209 0 0
1306 120 210 0 0
1307 121 210 0 0
1308 120 210 0 0
1309 121 210 0 0
1310 120 210 0 0
1311 120 211 0 0
1312 121 211 0 0
1313 120 211 0 0
1314 121 211 0 0
1315 120 211 0 0
1316 120 212 0 0
1317 121 212 0 0
1318 120 212 0 0
1319 121 212 0 0
1320 120 212 0 0
1321 121 212 0 0
1322 120 212 0 0
1323 120 213 0 0
1324 121 213 0 0
1325 120 213 0 0
1326 121 213 0 0
1327 120 213 0 0
1328 120 214 0 0
1329 121 214 0 0
1330 120 214 0 0
1331 121 214 0 0
1332 120 214 0 0
1333 120 215 0 0
1334 121 215 0 0
1335 122 215 0 0
1336 121 215 0 0
1337 122 215 0 0
1338 121 215 0 0
1339 121 216 0 0
1340 122 216 0 0
1341 121 216 0 0
1342 122 216 0 0
1343 121 216 0 0
1344 121 217 0 0
1345 122 217 0 0
1346 121 217 0 0
1347 122 217 0 0
1348 121 217 0 0
1349 121 218 0 0
1350 122 218 0 0
1351 121 218 0 0
1352 122 218 0 0
1353 121 218 0 0
1354 122 218 0 0
1355 121 218 0 0
1356 121 219 0 0
1357 122 219 0 0
1358 121 219 0 0
1359 122 219 0 0
1360 121 219 0 0
1361 121 220 0 0
1362 122 220 0 0
1363 121 220 0 0
1364 122 220 0 0
1365 121 220 0 0
1366 121 221 0 0
1367 122 221 0 0
