0 18000 47000 0 0
1 18000 46800 0 0
2 18000 46600 0 0
3 18000 46400 0 0
4 18000 46200 0 0
5 18000 46000 0 0
6 18000 45800 0 0
7 18000 45600 0 0
8 18000 45400 0 0
9 18000 45200 0 0
10 18000 45000 0 0
11 18000 44800 0 0
12 18000 44600 0 0
13 18000 44400 0 0
14 18000 44200 0 0
15 18200 44200 0 0
16 18200 44000 0 0
17 18200 43800 0 0
18 18200 43600 0 0
19 18200 43400 0 0
20 18200 43200 0 0
21 18200 43000 0 0
22 18200 42800 0 0
23 18200 42600 0 0
24 18200 42400 0 0
25 18200 42200 0 0
26 18200 42000 0 0
27 18200 41800 0 0
28 18200 41600 0 0
29 18200 41400 0 0
30 18200 41200 0 0
31 18200 41000 0 0
32 18200 40800 0 0
33 18200 40600 0 0
34 18200 40400 0 0
35 18200 40200 0 0
36 18200 40000 0 0
37 18200 39800 0 0
38 18200 39600 0 0
39 18200 39400 0 0
40 18200 39200 0 0
41 18200 39000 0 0
42 18200 38800 0 0
43 18200 38600 0 0
44 18200 38400 0 0
45 18400 38400 0 0
46 18400 38200 0 0
47 18400 38000 0 0
48 18400 37800 0 0
49 18400 37600 0 0
50 18400 37400 0 0
51 18400 37200 0 0
52 18400 37000 0 0
53 18400 36800 0 0
54 18400 36600 0 0
55 18400 36400 0 0
56 18400 36200 0 0
57 18200 36200 0 0
58 18200 36000 0 0
59 18200 35800 0 0
60 18200 35600 0 0
61 18200 35400 0 0
62 18200 35200 0 0
63 18200 35000 0 0
64 18200 34800 0 0
65 18200 34600 0 0
66 18200 34400 0 0
67 18000 34400 0 0
68 18000 34200 0 0
69 18000 34000 0 0
70 18000 33800 0 0
71 18000 33600 0 0
72 18000 33400 0 0
73 18000 33200 0 0
74 18000 33000 0 0
75 18000 32800 0 0
76 17800 32800 0 0
77 17800 32600 0 0
78 17800 32400 0 0
79 17800 32200 0 0
80 17800 32000 0 0
81 17800 31800 0 0
82 17800 31600 0 0
83 17800 31400 0 0
84 17800 31200 0 0
85 17800 31000 0 0
86 17800 30800 0 0
87 17800 30600 0 0
88 17800 30400 0 0
89 17600 30400 0 0
90 17600 30200 0 0
91 17600 30000 0 0
92 17600 29800 0 0
93 17600 29600 0 0
94 17600 29400 0 0
95 17600 29200 0 0
96 17600 29000 0 0
97 17600 28800 0 0
98 17600 28600 0 0
99 17600 28400 0 0
100 17600 28200 0 0
101 17600 28000 0 0
102 17400 28000 0 0
103 17400 27800 0 0
104 17400 27600 0 0
105 17400 27400 0 0
106 17400 27200 0 0
107 17400 27000 0 0
108 17400 26800 0 0
109 17400 26600 0 0
110 17400 26400 0 0
111 17400 26200 0 0
112 17400 26000 0 0
113 17400 25800 0 0
114 17400 25600 0 0
115 17400 25400 0 0
116 17400 25200 0 0
117 17400 25000 0 0
118 17400 24800 0 0
119 17400 24600 0 0
120 17200 24600 0 0
121 17200 24400 0 0
122 17200 24200 0 0
123 17200 24000 0 0
124 17200 23800 0 0
125 17200 23600 0 0
126 17200 23400 0 0
127 17200 23200 0 0
128 17200 23000 0 0
129 17200 22800 0 0
130 17200 22600 0 0
131 17200 22400 0 0
132 17200 22200 0 0
133 17200 22000 0 0
134 17000 22000 0 0
135 17000 21800 0 0
136 17000 21600 0 0
137 17000 21400 0 0
138 17000 21200 0 0
139 17000 21000 0 0
140 17000 20800 0 0
141 17000 20600 0 0
142 17000 20400 0 0
143 17000 20200 0 0
144 17000 20000 0 0
145 17200 20000 0 0
146 17200 19800 0 0
147 17200 19600 0 0
148 17200 19400 0 0
149 17200 19200 0 0
150 17200 19000 0 0
151 17200 18800 0 0
152 17400 18800 0 0
153 17400 18600 0 0
154 17400 18400 0 0
155 17400 18200 0 0
156 17600 18200 0 0
157 17600 18000 0 0
158 17600 17800 0 0
159 17800 17800 0 0
160 17800 17600 0 0
161 17800 17400 0 0
162 17800 17200 0 0
163 17800 17000 0 0
164 18000 17000 0 0
165 18000 16800 0 0
166 18000 16600 0 0
167 18000 16400 0 0
168 18000 16200 0 0
169 18000 16000 0 0
170 18000 15800 0 0
171 18000 15600 0 0
172 18000 15400 0 0
173 18200 15400 0 0
174 18200 15200 0 0
175 18200 15000 0 0
176 18200 14800 0 0
177 18400 14800 0 0
178 18600 14800 0 0
179 18600 14600 0 0
180 18800 14600 0 0
181 19000 14600 0 0
182 19000 14400 0 0
183 19200 14400 0 0
184 19400 14400 0 0
185 19400 14200 0 0
186 19600 14200 0 0
187 19800 14200 0 0
188 19800 14000 0 0
189 20000 14000 0 0
190 20200 14000 0 0
191 20400 14000 0 0
192 20400 13800 0 0
193 20600 13800 0 0
194 20800 13800 0 0
195 20800 13600 0 0
196 20800 13800 0 0
197 21000 13800 0 0
198 21000 14000 0 0
199 21200 14000 0 0
200 21400 14000 0 0
201 21400 14200 0 0
202 21600 14200 0 0
203 21800 14200 0 0
204 21800 14400 0 0
205 22000 14400 0 0
206 22200 14400 0 0
207 22200 14600 0 0
208 22400 14600 0 0
209 22400 14800 0 0
210 22400 15000 0 0
211 22600 15000 0 0
212 22600 15200 0 0
213 22800 15200 0 0
214 22800 15400 0 0
215 23000 15400 0 0
216 23000 15600 0 0
217 23000 15800 0 0
218 23200 15800 0 0
219 23200 16000 0 0
220 23400 16000 0 0
221 23400 16200 0 0
222 23600 16200 0 0
223 23600 16400 0 0
224 23600 16600 0 0
225 23800 16600 0 0
226 23800 16800 0 0
227 24000 16800 0 0
228 24000 17000 0 0
229 24200 17000 0 0
230 24200 17200 0 0
231 24400 17200 0 0
232 24600 17200 0 0
233 24600 17400 0 0
234 24800 17400 0 0
235 25000 17400 0 0
236 25200 17400 0 0
237 25200 17600 0 0
238 25400 17600 0 0
239 25400 17800 0 0
240 25600 17800 0 0
241 25800 17800 0 0
242 26000 17800 0 0
243 26000 18000 0 0
244 26200 18000 0 0
245 26400 18000 0 0
246 26400 18200 0 0
247 26600 18200 0 0
248 26800 18200 0 0
249 26800 18400 0 0
250 27000 18400 0 0
251 27200 18400 0 0
252 27400 18400 0 0
253 27400 18600 0 0
254 27600 18600 0 0
255 27800 18600 0 0
256 28000 18600 0 0
257 28200 18600 0 0
258 28400 18600 0 0
259 28400 18800 0 0
260 28600 18800 0 0
261 28800 18800 0 0
262 29000 18800 0 0
263 29200 18800 0 0
264 29200 19000 0 0
265 29400 19000 0 0
266 29600 19000 0 0
267 29800 19000 0 0
268 30000 19000 0 0
269 30200 19000 0 0
270 30400 19000 0 0
271 30600 19000 0 0
272 30800 19000 0 0
273 31000 19000 0 0
274 31200 19000 0 0
275 31400 19000 0 0
276 31600 19000 0 0
277 31800 19000 0 0
278 32000 19000 0 0
279 32200 19000 0 0
280 32400 19000 0 0
281 32400 19200 0 0
282 32600 19200 0 0
283 32800 19200 0 0
284 33000 19200 0 0
285 33200 19200 0 0
286 33400 19200 0 0
287 33600 19200 0 0
288 33800 19200 0 0
289 34000 19200 0 0
290 34000 19400 0 0
291 34200 19400 0 0
292 34400 19400 0 0
293 34600 19400 0 0
294 34800 19400 0 0
295 35000 19400 0 0
296 35200 19400 0 0
297 35400 19400 0 0
298 35600 19400 0 0
299 35800 19400 0 0
300 36000 19400 0 0
301 36200 19400 0 0
302 36400 19400 0 0
303 36600 19400 0 0
304 36800 19400 0 0
305 37000 19400 0 0
306 37200 19400 0 0
307 37400 19400 0 0
308 37600 19400 0 0
309 37800 19400 0 0
310 38000 19400 0 0
311 38200 19400 0 0
312 38400 19400 0 0
313 38400 19200 0 0
314 38600 19200 0 0
315 38800 19200 0 0
316 39000 19200 0 0
