0 1 102 0 0
1 2 102 0 0
2 3 102 0 0
3 2 102 0 0
4 3 102 0 0
5 2 102 0 0
6 3 102 0 0
7 4 102 0 0
8 3 102 0 0
9 4 102 0 0
10 5 102 0 0
11 4 102 0 0
12 5 102 0 0
13 6 102 0 0
14 5 102 0 0
15 6 102 0 0
16 7 102 0 0
17 6 102 0 0
18 7 102 0 0
19 8 102 0 0
20 7 102 0 0
21 8 102 0 0
22 7 102 0 0
23 8 102 0 0
24 9 102 0 0
25 10 102 0 0
26 9 102 0 0
27 10 102 0 0
28 9 102 0 0
29 10 102 0 0
30 11 102 0 0
31 10 102 0 0
32 11 102 0 0
33 12 102 0 0
34 11 102 0 0
35 12 102 0 0
36 13 102 0 0
37 12 102 0 0
38 13 102 0 0
39 14 102 0 0
40 13 102 0 0
41 14 102 0 0
42 15 102 0 0
43 14 102 0 0
44 15 102 0 0
45 14 102 0 0
46 15 102 0 0
47 16 102 0 0
48 15 102 0 0
49 16 102 0 0
50 17 102 0 0
51 16 102 0 0
52 17 102 0 0
53 18 102 0 0
54 17 102 0 0
55 18 102 0 0
56 19 102 0 0
57 18 102 0 0
58 19 102 0 0
59 20 102 0 0
60 19 102 0 0
61 20 102 0 0
62 19 102 0 0
63 20 102 0 0
64 21 102 0 0
65 22 102 0 0
66 21 102 0 0
67 22 102 0 0
68 21 102 0 0
69 22 102 0 0
70 23 102 0 0
71 22 102 0 0
72 23 102 0 0
73 24 102 0 0
74 23 102 0 0
75 24 102 0 0
76 25 102 0 0
77 24 102 0 0
78 25 102 0 0
79 26 102 0 0
80 25 102 0 0
81 26 102 0 0
82 25 102 0 0
83 26 102 0 0
84 27 102 0 0
85 26 102 0 0
86 27 102 0 0
87 28 102 0 0
88 27 102 0 0
89 28 102 0 0
90 29 102 0 0
91 28 102 0 0
92 29 102 0 0
93 30 102 0 0
94 29 102 0 0
95 30 102 0 0
96 31 102 0 0
97 30 102 0 0
98 31 102 0 0
99 32 102 0 0
100 31 102 0 0
101 32 102 0 0
102 31 102 0 0
103 32 102 0 0
104 33 102 0 0
105 32 102 0 0
106 33 102 0 0
107 32 102 0 0
108 33 102 0 0
109 34 102 0 0
110 33 102 0 0
111 34 102 0 0
112 35 102 0 0
113 34 102 0 0
114 35 102 0 0
115 34 102 0 0
116 35 102 0 0
117 36 102 0 0
118 35 102 0 0
119 36 102 0 0
120 35 102 0 0
121 36 102 0 0
122 37 102 0 0
123 36 102 0 0
124 37 102 0 0
125 36 102 0 0
126 37 102 0 0
127 38 102 0 0
128 37 102 0 0
129 38 102 0 0
130 39 102 0 0
131 38 102 0 0
132 39 102 0 0
133 38 102 0 0
134 39 102 0 0
135 40 102 0 0
136 39 102 0 0
137 40 102 0 0
138 39 102 0 0
139 40 102 0 0
140 41 102 0 0
141 40 102 0 0
142 41 102 0 0
143 42 102 0 0
144 41 102 0 0
145 42 102 0 0
146 41 102 0 0
147 42 102 0 0
148 43 102 0 0
149 42 102 0 0
150 43 102 0 0
151 42 102 0 0
152 43 102 0 0
153 44 102 0 0
154 43 102 0 0
155 44 102 0 0
156 45 102 0 0
157 44 102 0 0
158 45 102 0 0
159 44 102 0 0
160 45 102 0 0
161 46 102 0 0
162 45 102 0 0
163 46 102 0 0
164 45 102 0 0
165 46 102 0 0
166 47 102 0 0
167 46 102 0 0
168 47 102 0 0
169 46 102 0 0
170 47 102 0 0
171 48 102 0 0
172 47 102 0 0
173 48 102 0 0
174 47 102 0 0
175 48 102 0 0
176 47 102 0 0
177 48 102 0 0
178 48 101 0 0
179 49 101 0 0
180 48 101 0 0
181 49 101 0 0
182 50 101 0 0
183 49 101 0 0
184 50 101 0 0
185 49 101 0 0
186 50 101 0 0
187 49 101 0 0
188 50 101 0 0
189 51 101 0 0
190 50 101 0 0
191 51 101 0 0
192 50 101 0 0
193 51 101 0 0
194 52 101 0 0
195 51 101 0 0
196 52 101 0 0
197 51 101 0 0
198 52 101 0 0
199 53 101 0 0
200 52 101 0 0
201 53 101 0 0
202 52 101 0 0
203 53 101 0 0
204 52 101 0 0
205 53 101 0 0
206 53 100 0 0
207 54 100 0 0
208 53 100 0 0
209 54 100 0 0
210 53 100 0 0
211 54 100 0 0
212 55 100 0 0
213 54 100 0 0
214 55 100 0 0
215 54 100 0 0
216 55 100 0 0
217 56 100 0 0
218 55 100 0 0
219 56 100 0 0
220 55 100 0 0
221 56 100 0 0
222 57 100 0 0
223 56 100 0 0
224 57 100 0 0
225 56 100 0 0
226 57 100 0 0
227 58 100 0 0
228 57 100 0 0
229 58 100 0 0
230 57 100 0 0
231 58 100 0 0
232 59 100 0 0
233 58 100 0 0
234 59 100 0 0
235 58 100 0 0
236 58 99 0 0
237 59 99 0 0
238 60 99 0 0
239 59 99 0 0
240 60 99 0 0
241 59 99 0 0
242 60 99 0 0
243 61 99 0 0
244 60 99 0 0
245 61 99 0 0
246 60 99 0 0
247 61 99 0 0
248 62 99 0 0
249 61 99 0 0
250 62 99 0 0
251 61 99 0 0
252 62 99 0 0
253 63 99 0 0
254 62 99 0 0
255 63 99 0 0
256 62 99 0 0
257 63 99 0 0
258 64 99 0 0
259 63 99 0 0
260 64 99 0 0
261 63 99 0 0
262 64 99 0 0
263 65 99 0 0
264 64 99 0 0
265 64 98 0 0
266 65 98 0 0
267 64 98 0 0
268 65 98 0 0
269 66 98 0 0
270 65 98 0 0
271 66 98 0 0
272 65 98 0 0
273 66 98 0 0
274 67 98 0 0
275 66 98 0 0
276 67 98 0 0
277 66 98 0 0
278 67 98 0 0
279 68 98 0 0
280 67 98 0 0
281 68 98 0 0
282 67 98 0 0
283 68 98 0 0
284 67 98 0 0
285 68 98 0 0
286 68 97 0 0
287 69 97 0 0
288 68 97 0 0
289 69 97 0 0
290 68 97 0 0
291 69 97 0 0
292 68 97 0 0
293 69 97 0 0
294 70 97 0 0
295 69 97 0 0
296 70 97 0 0
297 69 97 0 0
298 69 96 0 0
299 70 96 0 0
300 71 96 0 0
301 70 96 0 0
302 71 96 0 0
303 70 96 0 0
304 71 96 0 0
305 70 96 0 0
306 71 96 0 0
307 70 96 0 0
308 71 96 0 0
309 71 95 0 0
310 72 95 0 0
311 71 95 0 0
312 72 95 0 0
313 71 95 0 0
314 72 95 0 0
315 73 95 0 0
316 72 95 0 0
317 73 95 0 0
318 72 95 0 0
319 73 95 0 0
320 72 95 0 0
321 72 94 0 0
322 73 94 0 0
323 74 94 0 0
324 73 94 0 0
325 74 94 0 0
326 73 94 0 0
327 74 94 0 0
328 73 94 0 0
329 74 94 0 0
330 75 94 0 0
331 74 94 0 0
332 74 93 0 0
333 75 93 0 0
334 74 93 0 0
335 75 93 0 0
336 74 93 0 0
337 75 93 0 0
338 76 93 0 0
339 75 93 0 0
340 76 93 0 0
341 75 93 0 0
342 76 93 0 0
343 75 93 0 0
344 76 93 0 0
345 75 93 0 0
346 76 93 0 0
347 77 93 0 0
348 76 93 0 0
349 77 93 0 0
350 76 93 0 0
351 77 93 0 0
352 76 93 0 0
353 77 93 0 0
354 77 92 0 0
355 78 92 0 0
356 77 92 0 0
357 78 92 0 0
358 77 92 0 0
359 78 92 0 0
360 79 92 0 0
361 78 92 0 0
362 79 92 0 0
363 78 92 0 0
364 79 92 0 0
365 78 92 0 0
366 79 92 0 0
367 80 92 0 0
368 79 92 0 0
369 80 92 0 0
370 79 92 0 0
371 80 92 0 0
372 79 92 0 0
373 80 92 0 0
374 80 91 0 0
375 81 91 0 0
376 80 91 0 0
377 81 91 0 0
378 80 91 0 0
379 81 91 0 0
380 80 91 0 0
381 81 91 0 0
382 82 91 0 0
383 81 91 0 0
384 82 91 0 0
385 81 91 0 0
386 82 91 0 0
387 81 91 0 0
388 82 91 0 0
389 81 91 0 0
390 82 91 0 0
391 83 91 0 0
392 82 91 0 0
393 83 91 0 0
394 82 91 0 0
395 83 91 0 0
396 82 91 0 0
397 83 91 0 0
398 83 90 0 0
399 84 90 0 0
400 83 90 0 0
401 84 90 0 0
402 83 90 0 0
403 84 90 0 0
404 85 90 0 0
405 84 90 0 0
406 85 90 0 0
407 84 90 0 0
408 85 90 0 0
409 84 90 0 0
410 85 90 0 0
411 84 90 0 0
412 85 90 0 0
413 86 90 0 0
414 85 90 0 0
415 86 90 0 0
416 85 90 0 0
417 86 90 0 0
418 85 90 0 0
419 85 89 0 0
420 86 89 0 0
421 87 89 0 0
422 86 89 0 0
423 87 89 0 0
424 86 89 0 0
425 87 89 0 0
426 88 89 0 0
427 87 89 0 0
428 88 89 0 0
429 87 89 0 0
430 88 89 0 0
431 87 89 0 0
432 88 89 0 0
433 89 89 0 0
434 88 89 0 0
435 89 89 0 0
436 88 89 0 0
437 89 89 0 0
438 88 89 0 0
439 88 88 0 0
440 89 88 0 0
441 90 88 0 0
442 89 88 0 0
443 90 88 0 0
444 89 88 0 0
445 90 88 0 0
446 89 88 0 0
447 90 88 0 0
448 91 88 0 0
449 90 88 0 0
450 91 88 0 0
451 90 88 0 0
452 91 88 0 0
453 92 88 0 0
454 91 88 0 0
455 92 88 0 0
456 91 88 0 0
457 92 88 0 0
458 91 88 0 0
459 91 87 0 0
460 92 87 0 0
461 91 87 0 0
462 92 87 0 0
463 93 87 0 0
464 92 87 0 0
465 93 87 0 0
466 92 87 0 0
467 93 87 0 0
468 92 87 0 0
469 93 87 0 0
470 94 87 0 0
471 93 87 0 0
472 94 87 0 0
473 93 87 0 0
474 94 87 0 0
475 95 87 0 0
476 94 87 0 0
477 95 87 0 0
478 94 87 0 0
479 94 86 0 0
480 95 86 0 0
481 94 86 0 0
482 94 87 0 0
483 95 87 0 0
484 94 87 0 0
485 95 87 0 0
486 96 87 0 0
487 95 87 0 0
488 96 87 0 0
489 95 87 0 0
490 96 87 0 0
491 97 87 0 0
492 96 87 0 0
493 97 87 0 0
494 96 87 0 0
495 97 87 0 0
496 96 87 0 0
497 97 87 0 0
498 96 87 0 0
499 97 87 0 0
500 98 87 0 0
501 97 87 0 0
502 98 87 0 0
503 97 87 0 0
504 98 87 0 0
505 97 87 0 0
506 98 87 0 0
507 97 87 0 0
508 98 87 0 0
509 99 87 0 0
510 98 87 0 0
511 99 87 0 0
512 98 87 0 0
513 99 87 0 0
514 100 87 0 0
515 99 87 0 0
516 100 87 0 0
517 99 87 0 0
518 100 87 0 0
519 99 87 0 0
520 100 87 0 0
521 99 87 0 0
522 100 87 0 0
523 101 87 0 0
524 100 87 0 0
525 101 87 0 0
526 100 87 0 0
527 101 87 0 0
528 100 87 0 0
529 101 87 0 0
530 102 87 0 0
531 101 87 0 0
532 102 87 0 0
533 101 87 0 0
534 102 87 0 0
535 101 87 0 0
536 102 87 0 0
537 103 87 0 0
538 102 87 0 0
539 103 87 0 0
540 102 87 0 0
541 103 87 0 0
542 102 87 0 0
543 103 87 0 0
544 102 87 0 0
545 103 87 0 0
546 104 87 0 0
547 103 87 0 0
548 104 87 0 0
549 103 87 0 0
550 104 87 0 0
551 105 87 0 0
552 104 87 0 0
553 105 87 0 0
554 104 87 0 0
555 105 87 0 0
556 104 87 0 0
557 105 87 0 0
558 104 87 0 0
559 105 87 0 0
560 104 87 0 0
561 105 87 0 0
562 104 87 0 0
563 104 88 0 0
564 105 88 0 0
565 104 88 0 0
566 105 88 0 0
567 106 88 0 0
568 105 88 0 0
569 106 88 0 0
570 105 88 0 0
571 106 88 0 0
572 105 88 0 0
573 106 88 0 0
574 105 88 0 0
575 106 88 0 0
576 105 88 0 0
577 106 88 0 0
578 105 88 0 0
579 106 88 0 0
580 107 88 0 0
581 106 88 0 0
582 107 88 0 0
583 106 88 0 0
584 107 88 0 0
585 106 88 0 0
586 106 89 0 0
587 107 89 0 0
588 106 89 0 0
589 107 89 0 0
590 108 89 0 0
591 107 89 0 0
592 108 89 0 0
593 107 89 0 0
594 108 89 0 0
595 107 89 0 0
596 108 89 0 0
597 107 89 0 0
598 108 89 0 0
599 107 89 0 0
600 108 89 0 0
601 107 89 0 0
602 108 89 0 0
603 107 89 0 0
604 108 89 0 0
605 109 89 0 0
606 108 89 0 0
607 108 90 0 0
608 109 90 0 0
609 108 90 0 0
610 109 90 0 0
611 108 90 0 0
612 109 90 0 0
613 108 90 0 0
614 109 90 0 0
615 108 90 0 0
616 109 90 0 0
617 108 90 0 0
618 109 90 0 0
619 110 90 0 0
620 109 90 0 0
621 110 90 0 0
622 109 90 0 0
623 110 90 0 0
624 109 90 0 0
625 110 90 0 0
626 109 90 0 0
627 110 90 0 0
628 111 90 0 0
629 110 90 0 0
630 110 91 0 0
631 111 91 0 0
632 110 91 0 0
633 111 91 0 0
634 110 91 0 0
635 111 91 0 0
636 110 91 0 0
637 111 91 0 0
638 110 91 0 0
639 111 91 0 0
640 110 91 0 0
641 111 91 0 0
642 110 91 0 0
643 110 92 0 0
644 111 92 0 0
645 110 92 0 0
646 111 92 0 0
647 110 92 0 0
648 111 92 0 0
649 110 92 0 0
650 111 92 0 0
651 110 92 0 0
652 111 92 0 0
653 110 92 0 0
654 111 92 0 0
655 110 92 0 0
656 110 93 0 0
657 111 93 0 0
658 112 93 0 0
659 111 93 0 0
660 112 93 0 0
661 111 93 0 0
662 112 93 0 0
663 111 93 0 0
664 112 93 0 0
665 111 93 0 0
666 112 93 0 0
667 111 93 0 0
668 111 94 0 0
669 112 94 0 0
670 111 94 0 0
671 112 94 0 0
672 111 94 0 0
673 112 94 0 0
674 111 94 0 0
675 112 94 0 0
676 111 94 0 0
677 112 94 0 0
678 113 94 0 0
679 112 94 0 0
680 112 95 0 0
681 113 95 0 0
682 112 95 0 0
683 113 95 0 0
684 112 95 0 0
685 113 95 0 0
686 112 95 0 0
687 113 95 0 0
688 112 95 0 0
689 113 95 0 0
690 112 95 0 0
691 113 95 0 0
692 112 95 0 0
693 112 96 0 0
694 113 96 0 0
695 112 96 0 0
696 113 96 0 0
697 112 96 0 0
698 113 96 0 0
699 112 96 0 0
700 113 96 0 0
701 112 96 0 0
702 112 97 0 0
703 113 97 0 0
704 112 97 0 0
705 113 97 0 0
706 112 97 0 0
707 113 97 0 0
708 112 97 0 0
709 113 97 0 0
710 112 97 0 0
711 112 98 0 0
712 113 98 0 0
713 112 98 0 0
714 113 98 0 0
715 112 98 0 0
716 113 98 0 0
717 112 98 0 0
718 113 98 0 0
719 112 98 0 0
720 112 99 0 0
721 113 99 0 0
722 112 99 0 0
723 113 99 0 0
724 114 99 0 0
725 113 99 0 0
726 114 99 0 0
727 113 99 0 0
728 114 99 0 0
729 113 99 0 0
730 113 100 0 0
731 114 100 0 0
732 113 100 0 0
733 114 100 0 0
734 113 100 0 0
735 114 100 0 0
736 113 100 0 0
737 114 100 0 0
738 113 100 0 0
739 113 101 0 0
740 114 101 0 0
741 113 101 0 0
742 114 101 0 0
743 113 101 0 0
744 114 101 0 0
745 113 101 0 0
746 114 101 0 0
747 113 101 0 0
748 113 102 0 0
749 114 102 0 0
750 113 102 0 0
751 114 102 0 0
752 113 102 0 0
753 114 102 0 0
754 113 102 0 0
755 114 102 0 0
756 113 102 0 0
757 114 102 0 0
758 113 102 0 0
759 113 103 0 0
760 114 103 0 0
761 113 103 0 0
762 114 103 0 0
763 113 103 0 0
764 114 103 0 0
765 113 103 0 0
766 114 103 0 0
767 113 103 0 0
768 113 104 0 0
769 114 104 0 0
770 113 104 0 0
771 114 104 0 0
772 113 104 0 0
773 114 104 0 0
774 113 104 0 0
775 114 104 0 0
776 113 104 0 0
777 113 105 0 0
778 114 105 0 0
779 113 105 0 0
780 114 105 0 0
781 113 105 0 0
782 114 105 0 0
783 113 105 0 0
784 114 105 0 0
785 113 105 0 0
786 113 106 0 0
787 114 106 0 0
788 113 106 0 0
789 114 106 0 0
790 115 106 0 0
791 114 106 0 0
792 115 106 0 0
793 114 106 0 0
794 115 106 0 0
795 114 106 0 0
796 114 107 0 0
797 115 107 0 0
798 114 107 0 0
799 115 107 0 0
800 114 107 0 0
801 115 107 0 0
802 114 107 0 0
803 115 107 0 0
804 114 107 0 0
805 114 108 0 0
806 115 108 0 0
807 114 108 0 0
808 115 108 0 0
809 114 108 0 0
810 115 108 0 0
811 114 108 0 0
812 115 108 0 0
813 114 108 0 0
814 114 109 0 0
815 115 109 0 0
816 114 109 0 0
817 115 109 0 0
818 114 109 0 0
819 115 109 0 0
820 114 109 0 0
821 115 109 0 0
822 114 109 0 0
823 115 109 0 0
824 114 109 0 0
825 114 110 0 0
826 115 110 0 0
827 114 110 0 0
828 115 110 0 0
829 114 110 0 0
830 115 110 0 0
831 114 110 0 0
832 114 111 0 0
833 115 111 0 0
834 114 111 0 0
835 115 111 0 0
836 114 111 0 0
837 115 111 0 0
838 114 111 0 0
839 113 111 0 0
840 113 112 0 0
841 114 112 0 0
842 113 112 0 0
843 114 112 0 0
844 113 112 0 0
845 114 112 0 0
846 113 112 0 0
847 114 112 0 0
848 113 112 0 0
849 113 113 0 0
850 114 113 0 0
851 113 113 0 0
852 114 113 0 0
853 113 113 0 0
854 114 113 0 0
855 113 113 0 0
856 114 113 0 0
857 113 113 0 0
858 113 114 0 0
859 114 114 0 0
860 113 114 0 0
861 114 114 0 0
862 113 114 0 0
863 114 114 0 0
864 113 114 0 0
865 113 115 0 0
866 112 115 0 0
867 113 115 0 0
868 112 115 0 0
869 113 115 0 0
870 112 115 0 0
871 113 115 0 0
872 112 115 0 0
873 112 116 0 0
874 113 116 0 0
875 112 116 0 0
876 113 116 0 0
877 112 116 0 0
878 113 116 0 0
879 112 116 0 0
880 113 116 0 0
881 112 116 0 0
882 112 117 0 0
883 113 117 0 0
884 112 117 0 0
885 113 117 0 0
886 112 117 0 0
887 113 117 0 0
888 112 117 0 0
889 113 117 0 0
890 112 117 0 0
891 112 118 0 0
892 111 118 0 0
893 112 118 0 0
894 111 118 0 0
895 112 118 0 0
896 111 118 0 0
897 111 119 0 0
898 112 119 0 0
899 111 119 0 0
900 112 119 0 0
901 111 119 0 0
902 112 119 0 0
903 111 119 0 0
904 111 120 0 0
905 112 120 0 0
906 111 120 0 0
907 112 120 0 0
908 111 120 0 0
909 112 120 0 0
910 111 120 0 0
911 112 120 0 0
912 111 120 0 0
913 111 121 0 0
914 112 121 0 0
915 111 121 0 0
916 112 121 0 0
917 111 121 0 0
918 112 121 0 0
919 111 121 0 0
920 111 122 0 0
921 112 122 0 0
922 111 122 0 0
923 112 122 0 0
924 111 122 0 0
925 110 122 0 0
926 110 123 0 0
927 111 123 0 0
928 110 123 0 0
929 111 123 0 0
930 110 123 0 0
931 111 123 0 0
932 110 123 0 0
933 111 123 0 0
934 110 123 0 0
935 110 124 0 0
936 111 124 0 0
937 110 124 0 0
938 111 124 0 0
939 110 124 0 0
940 111 124 0 0
941 110 124 0 0
942 110 125 0 0
943 111 125 0 0
944 110 125 0 0
945 111 125 0 0
946 110 125 0 0
947 111 125 0 0
948 110 125 0 0
949 110 126 0 0
950 111 126 0 0
951 110 126 0 0
952 111 126 0 0
953 110 126 0 0
954 111 126 0 0
955 110 126 0 0
956 111 126 0 0
957 110 126 0 0
958 110 127 0 0
959 111 127 0 0
960 110 127 0 0
961 111 127 0 0
962 110 127 0 0
963 110 128 0 0
964 111 128 0 0
965 110 128 0 0
966 111 128 0 0
967 110 128 0 0
968 111 128 0 0
969 110 128 0 0
970 110 129 0 0
971 111 129 0 0
972 110 129 0 0
973 111 129 0 0
974 110 129 0 0
975 111 129 0 0
976 110 129 0 0
977 110 130 0 0
978 111 130 0 0
979 110 130 0 0
980 111 130 0 0
981 110 130 0 0
982 111 130 0 0
983 110 130 0 0
984 110 131 0 0
985 111 131 0 0
986 110 131 0 0
987 111 131 0 0
988 110 131 0 0
989 111 131 0 0
990 110 131 0 0
991 110 132 0 0
992 111 132 0 0
993 110 132 0 0
994 111 132 0 0
995 110 132 0 0
996 111 132 0 0
997 110 132 0 0
998 110 133 0 0
999 111 133 0 0
1000 110 133 0 0
1001 111 133 0 0
1002 110 133 0 0
1003 111 133 0 0
1004 110 133 0 0
1005 110 134 0 0
1006 111 134 0 0
1007 110 134 0 0
1008 111 134 0 0
1009 110 134 0 0
1010 110 135 0 0
1011 111 135 0 0
1012 110 135 0 0
1013 111 135 0 0
1014 110 135 0 0
1015 111 135 0 0
1016 110 135 0 0
1017 110 136 0 0
1018 111 136 0 0
1019 110 136 0 0
1020 111 136 0 0
1021 110 136 0 0
1022 111 136 0 0
1023 110 136 0 0
1024 110 137 0 0
1025 111 137 0 0
1026 110 137 0 0
1027 111 137 0 0
1028 110 137 0 0
1029 111 137 0 0
1030 110 137 0 0
1031 110 138 0 0
1032 111 138 0 0
1033 110 138 0 0
1034 111 138 0 0
1035 110 138 0 0
1036 111 138 0 0
1037 110 138 0 0
1038 110 139 0 0
1039 111 139 0 0
1040 110 139 0 0
1041 111 139 0 0
1042 110 139 0 0
1043 111 139 0 0
1044 110 139 0 0
1045 110 140 0 0
1046 111 140 0 0
1047 110 140 0 0
1048 111 140 0 0
1049 110 140 0 0
1050 111 140 0 0
1051 110 140 0 0
1052 110 141 0 0
1053 111 141 0 0
1054 112 141 0 0
1055 111 141 0 0
1056 111 142 0 0
1057 112 142 0 0
1058 111 142 0 0
1059 112 142 0 0
1060 111 142 0 0
1061 112 142 0 0
1062 111 142 0 0
1063 111 143 0 0
1064 112 143 0 0
1065 111 143 0 0
1066 112 143 0 0
1067 111 143 0 0
1068 112 143 0 0
1069 111 143 0 0
1070 111 144 0 0
1071 112 144 0 0
1072 111 144 0 0
1073 112 144 0 0
1074 111 144 0 0
1075 112 144 0 0
1076 111 144 0 0
1077 111 145 0 0
1078 112 145 0 0
1079 111 145 0 0
1080 112 145 0 0
1081 111 145 0 0
1082 112 145 0 0
1083 111 145 0 0
1084 111 146 0 0
1085 112 146 0 0
1086 111 146 0 0
1087 112 146 0 0
1088 111 146 0 0
1089 112 146 0 0
1090 111 146 0 0
1091 111 147 0 0
1092 112 147 0 0
1093 111 147 0 0
1094 112 147 0 0
1095 111 147 0 0
1096 112 147 0 0
1097 111 147 0 0
1098 111 148 0 0
1099 112 148 0 0
1100 111 148 0 0
1101 112 148 0 0
1102 111 148 0 0
1103 111 149 0 0
1104 112 149 0 0
1105 111 149 0 0
1106 112 149 0 0
1107 111 149 0 0
1108 112 149 0 0
1109 111 149 0 0
1110 111 150 0 0
1111 112 150 0 0
1112 111 150 0 0
1113 112 150 0 0
1114 111 150 0 0
1115 112 150 0 0
1116 111 150 0 0
1117 111 151 0 0
1118 112 151 0 0
1119 111 151 0 0
1120 112 151 0 0
1121 111 151 0 0
1122 112 151 0 0
1123 111 151 0 0
1124 111 152 0 0
1125 112 152 0 0
1126 111 152 0 0
1127 112 152 0 0
1128 112 153 0 0
1129 113 153 0 0
1130 112 153 0 0
1131 113 153 0 0
1132 112 153 0 0
1133 112 154 0 0
1134 113 154 0 0
1135 112 154 0 0
1136 113 154 0 0
1137 112 154 0 0
1138 113 154 0 0
1139 112 154 0 0
1140 112 155 0 0
1141 113 155 0 0
1142 112 155 0 0
1143 113 155 0 0
1144 112 155 0 0
1145 112 156 0 0
1146 113 156 0 0
1147 112 156 0 0
1148 113 156 0 0
1149 112 156 0 0
1150 112 157 0 0
1151 113 157 0 0
1152 112 157 0 0
1153 113 157 0 0
1154 112 157 0 0
1155 112 158 0 0
1156 113 158 0 0
1157 112 158 0 0
1158 113 158 0 0
1159 114 158 0 0
1160 113 158 0 0
1161 113 159 0 0
1162 114 159 0 0
1163 113 159 0 0
1164 114 159 0 0
1165 113 159 0 0
1166 113 160 0 0
1167 114 160 0 0
1168 113 160 0 0
1169 114 160 0 0
1170 113 160 0 0
1171 113 161 0 0
1172 114 161 0 0
1173 113 161 0 0
1174 114 161 0 0
1175 113 161 0 0
1176 114 161 0 0
1177 113 161 0 0
1178 113 162 0 0
1179 114 162 0 0
1180 113 162 0 0
1181 114 162 0 0
1182 114 163 0 0
1183 115 163 0 0
1184 114 163 0 0
1185 115 163 0 0
1186 114 163 0 0
1187 114 164 0 0
1188 115 164 0 0
1189 114 164 0 0
1190 115 164 0 0
1191 114 164 0 0
1192 114 165 0 0
1193 115 165 0 0
1194 114 165 0 0
1195 115 165 0 0
1196 114 165 0 0
1197 115 165 0 0
1198 114 165 0 0
1199 114 166 0 0
1200 115 166 0 0
1201 114 166 0 0
1202 115 166 0 0
1203 114 166 0 0
1204 114 167 0 0
1205 115 167 0 0
1206 114 167 0 0
1207 115 167 0 0
1208 114 167 0 0
1209 114 168 0 0
1210 115 168 0 0
1211 114 168 0 0
1212 115 168 0 0
1213 116 168 0 0
1214 115 168 0 0
1215 115 169 0 0
1216 116 169 0 0
1217 115 169 0 0
1218 116 169 0 0
1219 115 169 0 0
1220 115 170 0 0
1221 116 170 0 0
1222 115 170 0 0
1223 116 170 0 0
1224 115 170 0 0
1225 116 170 0 0
1226 115 170 0 0
1227 115 171 0 0
1228 116 171 0 0
1229 115 171 0 0
1230 116 171 0 0
1231 115 171 0 0
1232 115 172 0 0
1233 116 172 0 0
1234 115 172 0 0
1235 116 172 0 0
1236 115 172 0 0
1237 116 172 0 0
1238 115 172 0 0
1239 115 173 0 0
1240 116 173 0 0
1241 115 173 0 0
1242 116 173 0 0
1243 115 173 0 0
1244 115 174 0 0
1245 116 174 0 0
1246 115 174 0 0
1247 116 174 0 0
1248 115 174 0 0
1249 116 174 0 0
1250 116 175 0 0
1251 117 175 0 0
1252 116 175 0 0
1253 117 175 0 0
1254 116 175 0 0
1255 116 176 0 0
1256 117 176 0 0
1257 116 176 0 0
1258 117 176 0 0
1259 116 176 0 0
1260 117 176 0 0
1261 116 176 0 0
1262 116 177 0 0
1263 117 177 0 0
1264 116 177 0 0
1265 117 177 0 0
1266 116 177 0 0
1267 117 177 0 0
1268 116 177 0 0
1269 116 178 0 0
1270 117 178 0 0
1271 116 178 0 0
1272 117 178 0 0
1273 116 178 0 0
1274 116 179 0 0
1275 117 179 0 0
1276 118 179 0 0
1277 117 179 0 0
1278 118 179 0 0
1279 117 179 0 0
1280 117 180 0 0
1281 118 180 0 0
1282 117 180 0 0
1283 118 180 0 0
1284 117 180 0 0
1285 117 181 0 0
1286 118 181 0 0
1287 117 181 0 0
1288 118 181 0 0
1289 117 181 0 0
1290 118 181 0 0
1291 117 181 0 0
1292 117 182 0 0
1293 118 182 0 0
1294 117 182 0 0
1295 118 182 0 0
1296 117 182 0 0
1297 117 183 0 0
1298 118 183 0 0
1299 117 183 0 0
1300 118 183 0 0
1301 117 183 0 0
1302 118 183 0 0
1303 117 183 0 0
1304 117 184 0 0
1305 118 184 0 0
1306 117 184 0 0
1307 118 184 0 0
1308 117 184 0 0
1309 118 184 0 0
1310 117 184 0 0
1311 117 185 0 0
1312 118 185 0 0
1313 119 185 0 0
1314 118 185 0 0
1315 118 186 0 0
1316 119 186 0 0
1317 118 186 0 0
1318 119 186 0 0
1319 118 186 0 0
1320 119 186 0 0
1321 118 186 0 0
1322 118 187 0 0
1323 119 187 0 0
1324 118 187 0 0
1325 119 187 0 0
1326 118 187 0 0
1327 118 188 0 0
1328 119 188 0 0
1329 118 188 0 0
1330 119 188 0 0
1331 118 188 0 0
1332 119 188 0 0
1333 118 188 0 0
1334 118 189 0 0
1335 119 189 0 0
1336 120 189 0 0
1337 119 189 0 0
1338 119 190 0 0
1339 120 190 0 0
1340 119 190 0 0
1341 120 190 0 0
1342 119 190 0 0
1343 120 190 0 0
1344 119 190 0 0
1345 120 190 0 0
1346 119 190 0 0
1347 119 191 0 0
1348 120 191 0 0
1349 119 191 0 0
1350 120 191 0 0
1351 119 191 0 0
1352 120 191 0 0
1353 119 191 0 0
1354 119 192 0 0
1355 120 192 0 0
1356 119 192 0 0
1357 119 193 0 0
1358 120 193 0 0
1359 119 193 0 0
1360 120 193 0 0
1361 119 193 0 0
1362 120 193 0 0
1363 120 194 0 0
1364 121 194 0 0
1365 120 194 0 0
1366 121 194 0 0
1367 120 194 0 0
1368 120 195 0 0
1369 121 195 0 0
1370 120 195 0 0
1371 121 195 0 0
1372 120 195 0 0
1373 121 195 0 0
1374 120 195 0 0
1375 120 196 0 0
1376 121 196 0 0
1377 120 196 0 0
1378 121 196 0 0
1379 120 196 0 0
1380 121 196 0 0
1381 120 196 0 0
1382 121 196 0 0
1383 121 197 0 0
1384 122 197 0 0
1385 121 197 0 0
1386 122 197 0 0
1387 121 197 0 0
1388 122 197 0 0
1389 121 197 0 0
1390 121 198 0 0
1391 122 198 0 0
1392 121 198 0 0
1393 122 198 0 0
1394 121 198 0 0
1395 121 199 0 0
1396 122 199 0 0
1397 121 199 0 0
1398 122 199 0 0
1399 121 199 0 0
1400 122 199 0 0
1401 121 199 0 0
1402 121 200 0 0
1403 122 200 0 0
1404 121 200 0 0
1405 121 201 0 0
1406 122 201 0 0
1407 121 201 0 0
1408 122 201 0 0
1409 122 202 0 0
1410 123 202 0 0
1411 122 202 0 0
1412 123 202 0 0
1413 122 202 0 0
1414 123 202 0 0
1415 122 202 0 0
1416 122 203 0 0
1417 123 203 0 0
1418 122 203 0 0
1419 123 203 0 0
1420 122 203 0 0
1421 123 203 0 0
1422 122 203 0 0
1423 122 204 0 0
1424 123 204 0 0
1425 122 204 0 0
1426 123 204 0 0
1427 122 204 0 0
1428 122 205 0 0
1429 123 205 0 0
1430 122 205 0 0
1431 123 205 0 0
1432 122 205 0 0
1433 122 206 0 0
1434 123 206 0 0
1435 122 206 0 0
1436 123 206 0 0
1437 122 206 0 0
1438 122 207 0 0
1439 123 207 0 0
1440 124 207 0 0
1441 123 207 0 0
1442 124 207 0 0
1443 123 207 0 0
1444 123 208 0 0
1445 124 208 0 0
1446 123 208 0 0
1447 124 208 0 0
1448 123 208 0 0
1449 123 209 0 0
1450 124 209 0 0
1451 123 209 0 0
1452 124 209 0 0
1453 123 209 0 0
1454 124 209 0 0
1455 123 209 0 0
1456 123 210 0 0
1457 124 210 0 0
1458 123 210 0 0
1459 124 210 0 0
1460 123 210 0 0
1461 123 211 0 0
1462 124 211 0 0
1463 125 211 0 0
1464 124 211 0 0
1465 124 212 0 0
1466 125 212 0 0
1467 124 212 0 0
1468 125 212 0 0
1469 124 212 0 0
1470 125 212 0 0
1471 124 212 0 0
1472 125 212 0 0
1473 124 212 0 0
1474 124 213 0 0
1475 125 213 0 0
1476 124 213 0 0
1477 125 213 0 0
1478 124 213 0 0
1479 125 213 0 0
1480 124 213 0 0
1481 125 213 0 0
1482 124 213 0 0
1483 124 214 0 0
1484 125 214 0 0
