0 100 6 0 0
1 101 6 0 0
2 100 6 0 0
3 101 6 0 0
4 100 6 0 0
5 101 6 0 0
6 100 6 0 0
7 101 6 0 0
8 100 6 0 0
9 99 6 0 0
10 100 6 0 0
11 99 6 0 0
12 100 6 0 0
13 99 6 0 0
14 100 6 0 0
15 99 6 0 0
16 100 6 0 0
17 99 6 0 0
18 100 6 0 0
19 99 6 0 0
20 100 6 0 0
21 99 6 0 0
22 100 6 0 0
23 99 6 0 0
24 100 6 0 0
25 99 6 0 0
26 99 7 0 0
27 100 7 0 0
28 99 7 0 0
29 100 7 0 0
30 99 7 0 0
31 99 8 0 0
32 100 8 0 0
33 99 8 0 0
34 100 8 0 0
35 99 8 0 0
36 99 9 0 0
37 100 9 0 0
38 99 9 0 0
39 100 9 0 0
40 99 9 0 0
41 99 10 0 0
42 100 10 0 0
43 99 10 0 0
44 100 10 0 0
45 99 10 0 0
46 100 10 0 0
47 99 10 0 0
48 99 11 0 0
49 100 11 0 0
50 99 11 0 0
51 100 11 0 0
52 99 11 0 0
53 99 12 0 0
54 100 12 0 0
55 99 12 0 0
56 99 13 0 0
57 100 13 0 0
58 99 13 0 0
59 100 13 0 0
60 99 13 0 0
61 99 14 0 0
62 100 14 0 0
63 99 14 0 0
64 100 14 0 0
65 99 14 0 0
66 99 15 0 0
67 100 15 0 0
68 99 15 0 0
69 100 15 0 0
70 99 15 0 0
71 99 16 0 0
72 100 16 0 0
73 99 16 0 0
74 100 16 0 0
75 99 16 0 0
76 100 16 0 0
77 99 16 0 0
78 99 17 0 0
79 100 17 0 0
80 99 17 0 0
81 100 17 0 0
82 99 17 0 0
83 99 18 0 0
84 100 18 0 0
85 99 18 0 0
86 100 18 0 0
87 99 18 0 0
88 99 19 0 0
89 100 19 0 0
90 99 19 0 0
91 100 19 0 0
92 99 19 0 0
93 99 20 0 0
94 100 20 0 0
95 99 20 0 0
96 100 20 0 0
97 99 20 0 0
98 99 21 0 0
99 100 21 0 0
100 99 21 0 0
101 99 22 0 0
102 100 22 0 0
103 99 22 0 0
104 100 22 0 0
105 99 22 0 0
106 99 23 0 0
107 100 23 0 0
108 99 23 0 0
109 100 23 0 0
110 99 23 0 0
111 100 23 0 0
112 99 23 0 0
113 99 24 0 0
114 100 24 0 0
115 99 24 0 0
116 100 24 0 0
117 99 24 0 0
118 99 25 0 0
119 100 25 0 0
120 99 25 0 0
121 100 25 0 0
122 99 25 0 0
123 99 26 0 0
124 100 26 0 0
125 99 26 0 0
126 100 26 0 0
127 99 26 0 0
128 99 27 0 0
129 100 27 0 0
130 99 27 0 0
131 100 27 0 0
132 99 27 0 0
133 100 27 0 0
134 99 27 0 0
135 99 28 0 0
136 100 28 0 0
137 99 28 0 0
138 100 28 0 0
139 99 28 0 0
140 100 28 0 0
141 99 28 0 0
142 99 29 0 0
143 100 29 0 0
144 99 29 0 0
145 100 29 0 0
146 99 29 0 0
147 100 29 0 0
148 99 29 0 0
149 99 30 0 0
150 100 30 0 0
151 99 30 0 0
152 100 30 0 0
153 99 30 0 0
154 100 30 0 0
155 99 30 0 0
156 99 31 0 0
157 100 31 0 0
158 101 31 0 0
159 100 31 0 0
160 101 31 0 0
161 100 31 0 0
162 100 32 0 0
163 101 32 0 0
164 100 32 0 0
165 101 32 0 0
166 100 32 0 0
167 101 32 0 0
168 100 32 0 0
169 100 33 0 0
170 101 33 0 0
171 100 33 0 0
172 101 33 0 0
173 100 33 0 0
174 101 33 0 0
175 100 33 0 0
176 100 34 0 0
177 101 34 0 0
178 100 34 0 0
179 101 34 0 0
180 100 34 0 0
181 101 34 0 0
182 100 34 0 0
183 100 35 0 0
184 101 35 0 0
185 100 35 0 0
186 101 35 0 0
187 100 35 0 0
188 101 35 0 0
189 100 35 0 0
190 101 35 0 0
191 100 35 0 0
192 100 36 0 0
193 101 36 0 0
194 100 36 0 0
195 101 36 0 0
196 100 36 0 0
197 101 36 0 0
198 100 36 0 0
199 100 37 0 0
200 101 37 0 0
201 100 37 0 0
202 101 37 0 0
203 100 37 0 0
204 101 37 0 0
205 100 37 0 0
206 100 38 0 0
207 101 38 0 0
208 100 38 0 0
209 101 38 0 0
210 100 38 0 0
211 101 38 0 0
212 100 38 0 0
213 100 39 0 0
214 101 39 0 0
215 100 39 0 0
216 101 39 0 0
217 100 39 0 0
218 101 39 0 0
219 100 39 0 0
220 100 40 0 0
221 101 40 0 0
222 100 40 0 0
223 101 40 0 0
224 100 40 0 0
225 101 40 0 0
226 100 40 0 0
227 100 41 0 0
228 101 41 0 0
229 100 41 0 0
230 101 41 0 0
231 100 41 0 0
232 101 41 0 0
233 100 41 0 0
234 100 42 0 0
235 101 42 0 0
236 100 42 0 0
237 101 42 0 0
238 100 42 0 0
239 101 42 0 0
240 100 42 0 0
241 100 43 0 0
242 101 43 0 0
243 102 43 0 0
244 101 43 0 0
245 102 43 0 0
246 101 43 0 0
247 101 44 0 0
248 102 44 0 0
249 101 44 0 0
250 102 44 0 0
251 101 44 0 0
252 102 44 0 0
253 101 44 0 0
254 101 45 0 0
255 102 45 0 0
256 101 45 0 0
257 102 45 0 0
258 101 45 0 0
259 102 45 0 0
260 101 45 0 0
261 101 46 0 0
262 102 46 0 0
263 101 46 0 0
264 102 46 0 0
265 101 46 0 0
266 102 46 0 0
267 101 46 0 0
268 101 47 0 0
269 102 47 0 0
270 101 47 0 0
271 102 47 0 0
272 101 47 0 0
273 102 47 0 0
274 101 47 0 0
275 101 48 0 0
276 102 48 0 0
277 101 48 0 0
278 102 48 0 0
279 101 48 0 0
280 102 48 0 0
281 101 48 0 0
282 101 49 0 0
283 102 49 0 0
284 101 49 0 0
285 102 49 0 0
286 101 49 0 0
287 102 49 0 0
288 101 49 0 0
289 101 50 0 0
290 102 50 0 0
291 101 50 0 0
292 102 50 0 0
293 101 50 0 0
294 102 50 0 0
295 101 50 0 0
296 101 51 0 0
297 102 51 0 0
298 101 51 0 0
299 102 51 0 0
300 101 51 0 0
301 102 51 0 0
302 101 51 0 0
303 102 51 0 0
304 101 51 0 0
305 101 52 0 0
306 102 52 0 0
307 101 52 0 0
308 102 52 0 0
309 101 52 0 0
310 102 52 0 0
311 101 52 0 0
312 102 52 0 0
313 102 53 0 0
314 103 53 0 0
315 102 53 0 0
316 103 53 0 0
317 102 53 0 0
318 103 53 0 0
319 102 53 0 0
320 103 53 0 0
321 102 53 0 0
322 103 53 0 0
323 102 53 0 0
324 102 54 0 0
325 103 54 0 0
326 102 54 0 0
327 103 54 0 0
328 102 54 0 0
329 103 54 0 0
330 102 54 0 0
331 103 54 0 0
332 102 54 0 0
333 103 54 0 0
334 102 54 0 0
335 102 55 0 0
336 103 55 0 0
337 102 55 0 0
338 103 55 0 0
339 102 55 0 0
340 103 55 0 0
341 102 55 0 0
342 103 55 0 0
343 102 55 0 0
344 103 55 0 0
345 102 55 0 0
346 102 56 0 0
347 103 56 0 0
348 102 56 0 0
349 103 56 0 0
350 102 56 0 0
351 103 56 0 0
352 102 56 0 0
353 103 56 0 0
354 104 56 0 0
355 103 56 0 0
356 103 57 0 0
357 104 57 0 0
358 103 57 0 0
359 104 57 0 0
360 103 57 0 0
361 104 57 0 0
362 103 57 0 0
363 104 57 0 0
364 103 57 0 0
365 104 57 0 0
366 103 57 0 0
367 103 58 0 0
368 104 58 0 0
369 103 58 0 0
370 104 58 0 0
371 103 58 0 0
372 104 58 0 0
373 103 58 0 0
374 104 58 0 0
375 103 58 0 0
376 103 59 0 0
377 104 59 0 0
378 103 59 0 0
379 104 59 0 0
380 103 59 0 0
381 104 59 0 0
382 103 59 0 0
383 104 59 0 0
384 103 59 0 0
385 104 59 0 0
386 103 59 0 0
387 103 60 0 0
388 104 60 0 0
389 103 60 0 0
390 104 60 0 0
391 103 60 0 0
392 104 60 0 0
393 103 60 0 0
394 104 60 0 0
395 105 60 0 0
396 104 60 0 0
397 104 61 0 0
398 105 61 0 0
399 104 61 0 0
400 105 61 0 0
401 104 61 0 0
402 105 61 0 0
403 104 61 0 0
404 105 61 0 0
405 104 61 0 0
406 105 61 0 0
407 104 61 0 0
408 104 62 0 0
409 105 62 0 0
410 104 62 0 0
411 105 62 0 0
412 104 62 0 0
413 105 62 0 0
414 104 62 0 0
415 105 62 0 0
416 104 62 0 0
417 105 62 0 0
418 104 62 0 0
419 104 63 0 0
420 105 63 0 0
421 104 63 0 0
422 105 63 0 0
423 104 63 0 0
424 105 63 0 0
425 106 63 0 0
426 105 63 0 0
427 106 63 0 0
428 105 63 0 0
429 105 64 0 0
430 106 64 0 0
431 105 64 0 0
432 106 64 0 0
433 105 64 0 0
434 106 64 0 0
435 105 64 0 0
436 106 64 0 0
437 105 64 0 0
438 106 64 0 0
439 105 64 0 0
440 105 65 0 0
441 106 65 0 0
442 105 65 0 0
443 106 65 0 0
444 105 65 0 0
445 106 65 0 0
446 105 65 0 0
447 106 65 0 0
448 105 65 0 0
449 105 66 0 0
450 106 66 0 0
451 105 66 0 0
452 106 66 0 0
453 105 66 0 0
454 106 66 0 0
455 105 66 0 0
456 106 66 0 0
457 105 66 0 0
458 106 66 0 0
459 105 66 0 0
460 105 67 0 0
461 106 67 0 0
462 105 67 0 0
463 106 67 0 0
464 105 67 0 0
465 106 67 0 0
466 107 67 0 0
467 106 67 0 0
468 107 67 0 0
469 106 67 0 0
470 106 68 0 0
471 107 68 0 0
472 106 68 0 0
473 107 68 0 0
474 106 68 0 0
475 107 68 0 0
476 106 68 0 0
477 107 68 0 0
478 106 68 0 0
479 107 68 0 0
480 106 68 0 0
481 106 69 0 0
482 107 69 0 0
483 106 69 0 0
484 107 69 0 0
485 106 69 0 0
486 107 69 0 0
487 106 69 0 0
488 107 69 0 0
489 108 69 0 0
490 107 69 0 0
491 107 70 0 0
492 108 70 0 0
493 107 70 0 0
494 108 70 0 0
495 107 70 0 0
496 108 70 0 0
497 107 70 0 0
498 108 70 0 0
499 107 70 0 0
500 108 70 0 0
501 107 70 0 0
502 107 71 0 0
503 108 71 0 0
504 109 71 0 0
505 108 71 0 0
506 109 71 0 0
507 108 71 0 0
508 109 71 0 0
509 108 71 0 0
510 109 71 0 0
511 108 71 0 0
512 108 72 0 0
513 109 72 0 0
514 108 72 0 0
515 109 72 0 0
516 108 72 0 0
517 109 72 0 0
518 108 72 0 0
519 109 72 0 0
520 108 72 0 0
521 108 73 0 0
522 109 73 0 0
523 108 73 0 0
524 109 73 0 0
525 110 73 0 0
526 109 73 0 0
527 110 73 0 0
528 109 73 0 0
529 110 73 0 0
530 109 73 0 0
531 109 74 0 0
532 110 74 0 0
533 109 74 0 0
534 110 74 0 0
535 109 74 0 0
536 110 74 0 0
537 109 74 0 0
538 110 74 0 0
539 111 74 0 0
540 110 74 0 0
541 110 75 0 0
542 111 75 0 0
543 110 75 0 0
544 111 75 0 0
545 110 75 0 0
546 111 75 0 0
547 110 75 0 0
548 111 75 0 0
549 110 75 0 0
550 111 75 0 0
551 110 75 0 0
552 110 76 0 0
553 111 76 0 0
554 110 76 0 0
555 111 76 0 0
556 110 76 0 0
557 111 76 0 0
558 112 76 0 0
559 111 76 0 0
560 112 76 0 0
561 111 76 0 0
562 111 77 0 0
563 112 77 0 0
564 111 77 0 0
565 112 77 0 0
566 111 77 0 0
567 112 77 0 0
568 111 77 0 0
569 112 77 0 0
570 111 77 0 0
571 112 77 0 0
572 112 78 0 0
573 113 78 0 0
574 112 78 0 0
575 113 78 0 0
576 112 78 0 0
577 113 78 0 0
578 112 78 0 0
579 113 78 0 0
580 112 78 0 0
581 113 78 0 0
582 112 78 0 0
583 112 79 0 0
584 113 79 0 0
585 112 79 0 0
586 113 79 0 0
587 112 79 0 0
588 113 79 0 0
589 112 79 0 0
590 113 79 0 0
591 114 79 0 0
592 113 79 0 0
593 113 80 0 0
594 114 80 0 0
595 113 80 0 0
596 114 80 0 0
597 113 80 0 0
598 114 80 0 0
599 113 80 0 0
600 113 81 0 0
601 114 81 0 0
602 113 81 0 0
603 114 81 0 0
604 113 81 0 0
605 114 81 0 0
606 113 81 0 0
607 114 81 0 0
608 113 81 0 0
609 113 82 0 0
610 114 82 0 0
611 115 82 0 0
612 114 82 0 0
613 115 82 0 0
614 114 82 0 0
615 115 82 0 0
616 114 82 0 0
617 114 83 0 0
618 115 83 0 0
619 114 83 0 0
620 115 83 0 0
621 114 83 0 0
622 115 83 0 0
623 116 83 0 0
624 115 83 0 0
625 115 84 0 0
626 116 84 0 0
627 115 84 0 0
628 116 84 0 0
629 115 84 0 0
630 116 84 0 0
631 115 84 0 0
632 115 85 0 0
633 116 85 0 0
634 115 85 0 0
635 116 85 0 0
636 115 85 0 0
637 116 85 0 0
638 115 85 0 0
639 116 85 0 0
640 115 85 0 0
641 115 86 0 0
642 116 86 0 0
643 117 86 0 0
644 116 86 0 0
645 117 86 0 0
646 116 86 0 0
647 117 86 0 0
648 116 86 0 0
649 116 87 0 0
650 117 87 0 0
651 116 87 0 0
652 117 87 0 0
653 116 87 0 0
654 117 87 0 0
655 118 87 0 0
656 117 87 0 0
657 117 88 0 0
658 118 88 0 0
659 117 88 0 0
660 118 88 0 0
661 117 88 0 0
662 118 88 0 0
663 117 88 0 0
664 118 88 0 0
665 117 88 0 0
666 117 89 0 0
667 118 89 0 0
668 117 89 0 0
669 118 89 0 0
670 117 89 0 0
671 118 89 0 0
672 117 89 0 0
673 117 90 0 0
674 118 90 0 0
675 119 90 0 0
676 118 90 0 0
677 119 90 0 0
678 118 90 0 0
679 119 90 0 0
680 118 90 0 0
681 118 91 0 0
682 119 91 0 0
683 118 91 0 0
684 119 91 0 0
685 118 91 0 0
686 119 91 0 0
687 118 91 0 0
688 119 91 0 0
689 118 91 0 0
690 118 92 0 0
691 119 92 0 0
692 118 92 0 0
693 119 92 0 0
694 120 92 0 0
695 119 92 0 0
696 119 93 0 0
697 120 93 0 0
698 119 93 0 0
699 120 93 0 0
700 119 93 0 0
701 120 93 0 0
702 119 93 0 0
703 120 93 0 0
704 119 93 0 0
705 119 94 0 0
706 120 94 0 0
707 119 94 0 0
708 120 94 0 0
709 121 94 0 0
710 120 94 0 0
711 121 94 0 0
712 120 94 0 0
713 120 95 0 0
714 121 95 0 0
715 120 95 0 0
716 121 95 0 0
717 120 95 0 0
718 121 95 0 0
719 120 95 0 0
720 121 95 0 0
721 120 95 0 0
722 120 96 0 0
723 121 96 0 0
724 120 96 0 0
725 121 96 0 0
726 120 96 0 0
727 121 96 0 0
728 121 97 0 0
729 122 97 0 0
730 121 97 0 0
731 122 97 0 0
732 121 97 0 0
733 122 97 0 0
734 121 97 0 0
735 122 97 0 0
736 121 97 0 0
737 121 98 0 0
738 122 98 0 0
739 121 98 0 0
740 122 98 0 0
741 121 98 0 0
742 122 98 0 0
743 123 98 0 0
744 122 98 0 0
745 122 99 0 0
746 123 99 0 0
747 122 99 0 0
748 123 99 0 0
749 122 99 0 0
750 123 99 0 0
751 122 99 0 0
752 123 99 0 0
753 122 99 0 0
754 122 100 0 0
755 123 100 0 0
756 122 100 0 0
757 123 100 0 0
758 122 100 0 0
759 123 100 0 0
760 122 100 0 0
761 122 101 0 0
762 123 101 0 0
763 122 101 0 0
764 123 101 0 0
765 122 101 0 0
766 123 101 0 0
767 122 101 0 0
768 123 101 0 0
769 122 101 0 0
770 122 102 0 0
771 123 102 0 0
772 122 102 0 0
773 123 102 0 0
774 122 102 0 0
775 123 102 0 0
776 122 102 0 0
777 123 102 0 0
778 122 102 0 0
779 122 103 0 0
780 123 103 0 0
781 122 103 0 0
782 123 103 0 0
783 122 103 0 0
784 123 103 0 0
785 122 103 0 0
786 123 103 0 0
787 122 103 0 0
788 122 104 0 0
789 123 104 0 0
790 122 104 0 0
791 123 104 0 0
792 122 104 0 0
793 123 104 0 0
794 122 104 0 0
795 123 104 0 0
796 122 104 0 0
797 122 105 0 0
798 123 105 0 0
799 122 105 0 0
800 123 105 0 0
801 122 105 0 0
802 123 105 0 0
803 122 105 0 0
804 123 105 0 0
805 122 105 0 0
806 122 106 0 0
807 123 106 0 0
808 122 106 0 0
809 123 106 0 0
810 122 106 0 0
811 123 106 0 0
812 122 106 0 0
813 123 106 0 0
814 122 106 0 0
815 122 107 0 0
816 123 107 0 0
817 122 107 0 0
818 123 107 0 0
819 122 107 0 0
820 123 107 0 0
821 122 107 0 0
822 123 107 0 0
823 122 107 0 0
824 122 108 0 0
825 123 108 0 0
826 122 108 0 0
827 123 108 0 0
828 122 108 0 0
829 123 108 0 0
830 122 108 0 0
831 122 109 0 0
832 123 109 0 0
833 122 109 0 0
834 123 109 0 0
835 122 109 0 0
836 123 109 0 0
837 122 109 0 0
838 123 109 0 0
839 122 109 0 0
840 122 110 0 0
841 123 110 0 0
842 122 110 0 0
843 123 110 0 0
844 122 110 0 0
845 123 110 0 0
846 122 110 0 0
847 123 110 0 0
848 122 110 0 0
849 122 111 0 0
850 123 111 0 0
851 122 111 0 0
852 123 111 0 0
853 122 111 0 0
854 123 111 0 0
855 122 111 0 0
856 123 111 0 0
857 122 111 0 0
858 122 112 0 0
859 123 112 0 0
860 122 112 0 0
861 123 112 0 0
862 122 112 0 0
863 123 112 0 0
864 122 112 0 0
865 123 112 0 0
866 122 112 0 0
867 122 113 0 0
868 123 113 0 0
869 122 113 0 0
870 123 113 0 0
871 122 113 0 0
872 123 113 0 0
873 122 113 0 0
874 123 113 0 0
875 122 113 0 0
876 122 114 0 0
877 123 114 0 0
878 122 114 0 0
879 123 114 0 0
880 122 114 0 0
881 123 114 0 0
882 122 114 0 0
883 123 114 0 0
884 122 114 0 0
885 122 115 0 0
886 123 115 0 0
887 122 115 0 0
888 123 115 0 0
889 122 115 0 0
890 123 115 0 0
891 122 115 0 0
892 123 115 0 0
893 122 115 0 0
894 122 116 0 0
895 121 116 0 0
896 122 116 0 0
897 121 116 0 0
898 122 116 0 0
899 121 116 0 0
900 122 116 0 0
901 121 116 0 0
902 121 117 0 0
903 122 117 0 0
904 121 117 0 0
905 122 117 0 0
906 121 117 0 0
907 122 117 0 0
908 121 117 0 0
909 122 117 0 0
910 121 117 0 0
911 121 118 0 0
912 122 118 0 0
913 121 118 0 0
914 122 118 0 0
915 121 118 0 0
916 122 118 0 0
917 121 118 0 0
918 122 118 0 0
919 121 118 0 0
920 121 119 0 0
921 120 119 0 0
922 121 119 0 0
923 120 119 0 0
924 121 119 0 0
925 120 119 0 0
926 121 119 0 0
927 120 119 0 0
928 120 120 0 0
929 121 120 0 0
930 120 120 0 0
931 121 120 0 0
932 120 120 0 0
933 121 120 0 0
934 120 120 0 0
935 121 120 0 0
936 120 120 0 0
937 120 121 0 0
938 121 121 0 0
939 120 121 0 0
940 121 121 0 0
941 120 121 0 0
942 121 121 0 0
943 120 121 0 0
944 121 121 0 0
945 120 121 0 0
946 120 122 0 0
947 121 122 0 0
948 120 122 0 0
949 121 122 0 0
950 120 122 0 0
951 121 122 0 0
952 120 122 0 0
953 121 122 0 0
954 120 122 0 0
955 120 123 0 0
956 121 123 0 0
957 120 123 0 0
958 119 123 0 0
959 120 123 0 0
960 119 123 0 0
961 120 123 0 0
962 119 123 0 0
963 119 124 0 0
964 120 124 0 0
965 119 124 0 0
966 120 124 0 0
967 119 124 0 0
968 120 124 0 0
969 119 124 0 0
970 120 124 0 0
971 119 124 0 0
972 119 125 0 0
973 120 125 0 0
974 119 125 0 0
975 120 125 0 0
976 119 125 0 0
977 120 125 0 0
978 119 125 0 0
979 120 125 0 0
980 119 125 0 0
981 119 126 0 0
982 120 126 0 0
983 119 126 0 0
984 120 126 0 0
985 119 126 0 0
986 118 126 0 0
987 119 126 0 0
988 118 126 0 0
989 118 127 0 0
990 119 127 0 0
991 118 127 0 0
992 119 127 0 0
993 118 127 0 0
994 119 127 0 0
995 118 127 0 0
996 119 127 0 0
997 118 127 0 0
998 118 128 0 0
999 119 128 0 0
1000 118 128 0 0
1001 119 128 0 0
1002 118 128 0 0
1003 119 128 0 0
1004 118 128 0 0
1005 119 128 0 0
1006 118 128 0 0
1007 118 129 0 0
1008 119 129 0 0
1009 118 129 0 0
1010 119 129 0 0
1011 118 129 0 0
1012 119 129 0 0
1013 118 129 0 0
1014 119 129 0 0
1015 118 129 0 0
1016 118 130 0 0
1017 119 130 0 0
1018 118 130 0 0
1019 119 130 0 0
1020 118 130 0 0
1021 119 130 0 0
1022 118 130 0 0
1023 117 130 0 0
1024 118 130 0 0
1025 117 130 0 0
1026 117 131 0 0
1027 118 131 0 0
1028 117 131 0 0
1029 117 132 0 0
1030 118 132 0 0
1031 117 132 0 0
1032 118 132 0 0
1033 117 132 0 0
1034 117 133 0 0
1035 118 133 0 0
1036 117 133 0 0
1037 118 133 0 0
1038 117 133 0 0
1039 118 133 0 0
1040 117 133 0 0
1041 117 134 0 0
1042 118 134 0 0
1043 117 134 0 0
1044 118 134 0 0
1045 117 134 0 0
1046 117 135 0 0
1047 118 135 0 0
1048 117 135 0 0
1049 118 135 0 0
1050 117 135 0 0
1051 117 136 0 0
1052 118 136 0 0
1053 117 136 0 0
1054 118 136 0 0
1055 117 136 0 0
1056 118 136 0 0
1057 117 136 0 0
1058 116 136 0 0
1059 116 137 0 0
1060 117 137 0 0
1061 116 137 0 0
1062 117 137 0 0
1063 116 137 0 0
1064 116 138 0 0
1065 117 138 0 0
1066 116 138 0 0
1067 117 138 0 0
1068 116 138 0 0
1069 116 139 0 0
1070 117 139 0 0
1071 116 139 0 0
1072 117 139 0 0
1073 116 139 0 0
1074 117 139 0 0
1075 116 139 0 0
1076 116 140 0 0
1077 117 140 0 0
1078 116 140 0 0
1079 117 140 0 0
1080 116 140 0 0
1081 116 141 0 0
1082 117 141 0 0
1083 116 141 0 0
1084 116 142 0 0
1085 115 142 0 0
1086 116 142 0 0
1087 115 142 0 0
1088 115 143 0 0
1089 116 143 0 0
1090 115 143 0 0
1091 116 143 0 0
1092 115 143 0 0
1093 116 143 0 0
1094 115 143 0 0
1095 116 143 0 0
1096 115 143 0 0
1097 115 144 0 0
1098 116 144 0 0
1099 115 144 0 0
1100 116 144 0 0
1101 115 144 0 0
1102 116 144 0 0
1103 115 144 0 0
1104 115 145 0 0
1105 116 145 0 0
1106 115 145 0 0
1107 116 145 0 0
1108 115 145 0 0
1109 115 146 0 0
1110 116 146 0 0
1111 115 146 0 0
1112 116 146 0 0
1113 117 146 0 0
1114 116 146 0 0
1115 116 147 0 0
1116 117 147 0 0
1117 116 147 0 0
1118 117 147 0 0
1119 116 147 0 0
1120 117 147 0 0
1121 116 147 0 0
1122 116 148 0 0
1123 117 148 0 0
1124 116 148 0 0
1125 117 148 0 0
1126 116 148 0 0
1127 116 149 0 0
1128 117 149 0 0
1129 116 149 0 0
1130 117 149 0 0
1131 116 149 0 0
1132 117 149 0 0
1133 116 149 0 0
1134 116 150 0 0
1135 117 150 0 0
1136 116 150 0 0
1137 117 150 0 0
1138 116 150 0 0
1139 116 151 0 0
1140 117 151 0 0
1141 116 151 0 0
1142 117 151 0 0
1143 116 151 0 0
1144 117 151 0 0
1145 116 151 0 0
1146 116 152 0 0
1147 117 152 0 0
1148 116 152 0 0
1149 117 152 0 0
1150 116 152 0 0
1151 117 152 0 0
1152 116 152 0 0
1153 116 153 0 0
1154 117 153 0 0
1155 116 153 0 0
1156 117 153 0 0
1157 116 153 0 0
1158 116 154 0 0
1159 117 154 0 0
1160 116 154 0 0
1161 117 154 0 0
1162 116 154 0 0
1163 116 155 0 0
1164 117 155 0 0
1165 116 155 0 0
1166 117 155 0 0
1167 116 155 0 0
1168 116 156 0 0
1169 117 156 0 0
1170 116 156 0 0
1171 117 156 0 0
1172 116 156 0 0
1173 116 157 0 0
1174 117 157 0 0
1175 116 157 0 0
1176 116 158 0 0
1177 117 158 0 0
1178 116 158 0 0
1179 117 158 0 0
1180 116 158 0 0
1181 116 159 0 0
1182 117 159 0 0
1183 116 159 0 0
1184 117 159 0 0
1185 116 159 0 0
1186 116 160 0 0
1187 117 160 0 0
1188 116 160 0 0
1189 117 160 0 0
1190 116 160 0 0
1191 116 161 0 0
1192 117 161 0 0
1193 116 161 0 0
1194 116 162 0 0
1195 117 162 0 0
1196 116 162 0 0
1197 117 162 0 0
1198 116 162 0 0
1199 116 163 0 0
1200 117 163 0 0
1201 116 163 0 0
1202 117 163 0 0
1203 116 163 0 0
1204 116 164 0 0
1205 117 164 0 0
1206 116 164 0 0
1207 116 165 0 0
1208 117 165 0 0
1209 116 165 0 0
1210 117 165 0 0
1211 116 165 0 0
1212 116 166 0 0
1213 117 166 0 0
1214 116 166 0 0
1215 117 166 0 0
1216 116 166 0 0
1217 116 167 0 0
1218 117 167 0 0
1219 116 167 0 0
1220 117 167 0 0
1221 116 167 0 0
1222 116 168 0 0
1223 117 168 0 0
1224 116 168 0 0
1225 116 169 0 0
1226 117 169 0 0
1227 116 169 0 0
1228 117 169 0 0
1229 116 169 0 0
1230 116 170 0 0
1231 117 170 0 0
1232 116 170 0 0
1233 117 170 0 0
1234 116 170 0 0
1235 116 171 0 0
1236 117 171 0 0
1237 116 171 0 0
1238 116 172 0 0
1239 115 172 0 0
1240 116 172 0 0
1241 115 172 0 0
1242 115 173 0 0
1243 116 173 0 0
1244 115 173 0 0
1245 115 174 0 0
1246 116 174 0 0
1247 115 174 0 0
1248 116 174 0 0
1249 115 174 0 0
1250 115 175 0 0
1251 116 175 0 0
1252 115 175 0 0
1253 115 176 0 0
1254 116 176 0 0
1255 115 176 0 0
1256 116 176 0 0
1257 115 176 0 0
1258 115 177 0 0
1259 116 177 0 0
1260 115 177 0 0
1261 116 177 0 0
1262 115 177 0 0
1263 115 178 0 0
1264 116 178 0 0
1265 115 178 0 0
1266 115 179 0 0
1267 116 179 0 0
1268 115 179 0 0
1269 116 179 0 0
1270 115 179 0 0
1271 115 180 0 0
1272 116 180 0 0
1273 115 180 0 0
1274 116 180 0 0
1275 115 180 0 0
1276 115 181 0 0
1277 116 181 0 0
1278 115 181 0 0
1279 115 182 0 0
1280 116 182 0 0
1281 115 182 0 0
1282 116 182 0 0
1283 115 182 0 0
1284 115 183 0 0
1285 116 183 0 0
1286 115 183 0 0
1287 116 183 0 0
1288 115 183 0 0
1289 115 184 0 0
1290 116 184 0 0
1291 115 184 0 0
1292 115 185 0 0
1293 116 185 0 0
1294 115 185 0 0
1295 116 185 0 0
1296 115 185 0 0
1297 115 186 0 0
1298 116 186 0 0
1299 115 186 0 0
1300 116 186 0 0
1301 115 186 0 0
1302 115 187 0 0
1303 116 187 0 0
1304 115 187 0 0
1305 115 188 0 0
1306 116 188 0 0
1307 115 188 0 0
1308 116 188 0 0
1309 115 188 0 0
1310 115 189 0 0
1311 116 189 0 0
1312 115 189 0 0
1313 116 189 0 0
1314 115 189 0 0
1315 115 190 0 0
1316 116 190 0 0
1317 115 190 0 0
1318 115 191 0 0
1319 116 191 0 0
1320 115 191 0 0
1321 116 191 0 0
1322 115 191 0 0
1323 115 192 0 0
1324 116 192 0 0
1325 115 192 0 0
1326 116 192 0 0
1327 115 192 0 0
1328 115 193 0 0
1329 116 193 0 0
1330 115 193 0 0
1331 115 194 0 0
1332 116 194 0 0
1333 115 194 0 0
1334 116 194 0 0
1335 115 194 0 0
1336 115 195 0 0
1337 116 195 0 0
1338 115 195 0 0
1339 116 195 0 0
1340 115 195 0 0
1341 115 196 0 0
1342 116 196 0 0
1343 115 196 0 0
1344 116 196 0 0
1345 115 196 0 0
1346 115 197 0 0
1347 116 197 0 0
1348 115 197 0 0
1349 116 197 0 0
1350 115 197 0 0
1351 115 198 0 0
1352 116 198 0 0
1353 115 198 0 0
1354 116 198 0 0
1355 115 198 0 0
1356 115 199 0 0
1357 116 199 0 0
1358 115 199 0 0
1359 116 199 0 0
1360 115 199 0 0
1361 115 200 0 0
1362 116 200 0 0
1363 115 200 0 0
1364 116 200 0 0
1365 115 200 0 0
1366 115 201 0 0
1367 116 201 0 0
1368 115 201 0 0
1369 116 201 0 0
1370 115 201 0 0
1371 115 202 0 0
1372 116 202 0 0
1373 115 202 0 0
1374 116 202 0 0
1375 115 202 0 0
1376 115 203 0 0
1377 116 203 0 0
1378 115 203 0 0
1379 116 203 0 0
1380 115 203 0 0
1381 115 204 0 0
1382 116 204 0 0
1383 115 204 0 0
1384 116 204 0 0
1385 115 204 0 0
1386 115 205 0 0
1387 116 205 0 0
1388 115 205 0 0
1389 116 205 0 0
1390 115 205 0 0
1391 115 206 0 0
1392 116 206 0 0
1393 115 206 0 0
1394 116 206 0 0
1395 115 206 0 0
1396 115 207 0 0
1397 116 207 0 0
1398 115 207 0 0
1399 116 207 0 0
1400 115 207 0 0
1401 115 208 0 0
1402 116 208 0 0
1403 115 208 0 0
1404 115 209 0 0
1405 116 209 0 0
1406 115 209 0 0
1407 116 209 0 0
1408 115 209 0 0
1409 115 210 0 0
1410 116 210 0 0
1411 115 210 0 0
1412 116 210 0 0
1413 115 210 0 0
1414 115 211 0 0
1415 116 211 0 0
1416 115 211 0 0
1417 115 212 0 0
1418 116 212 0 0
1419 115 212 0 0
1420 116 212 0 0
1421 115 212 0 0
1422 115 213 0 0
1423 116 213 0 0
1424 115 213 0 0
1425 116 213 0 0
1426 115 213 0 0
1427 115 214 0 0
1428 116 214 0 0
1429 115 214 0 0
1430 115 215 0 0
1431 116 215 0 0
1432 115 215 0 0
1433 116 215 0 0
1434 115 215 0 0
1435 115 216 0 0
1436 116 216 0 0
1437 115 216 0 0
1438 116 216 0 0
1439 115 216 0 0
1440 115 217 0 0
1441 116 217 0 0
1442 115 217 0 0
1443 116 217 0 0
1444 115 217 0 0
1445 115 218 0 0
1446 116 218 0 0
1447 115 218 0 0
1448 116 218 0 0
1449 115 218 0 0
1450 115 219 0 0
1451 116 219 0 0
1452 115 219 0 0
1453 116 219 0 0
1454 115 219 0 0
1455 115 220 0 0
1456 116 220 0 0
1457 117 220 0 0
1458 116 220 0 0
1459 117 220 0 0
1460 116 220 0 0
1461 116 221 0 0
1462 117 221 0 0
1463 116 221 0 0
1464 117 221 0 0
1465 116 221 0 0
1466 116 222 0 0
1467 117 222 0 0
1468 116 222 0 0
1469 117 222 0 0
1470 116 222 0 0
1471 116 223 0 0
1472 117 223 0 0
1473 116 223 0 0
1474 117 223 0 0
1475 116 223 0 0
1476 117 223 0 0
1477 116 223 0 0
1478 116 224 0 0
1479 117 224 0 0
1480 116 224 0 0
1481 117 224 0 0
1482 116 224 0 0
1483 116 225 0 0
1484 117 225 0 0
1485 116 225 0 0
1486 117 225 0 0
1487 116 225 0 0
1488 117 225 0 0
1489 116 225 0 0
1490 116 226 0 0
1491 117 226 0 0
1492 116 226 0 0
1493 116 227 0 0
1494 117 227 0 0
1495 116 227 0 0
1496 117 227 0 0
1497 116 227 0 0
1498 116 228 0 0
1499 117 228 0 0
1500 116 228 0 0
1501 117 228 0 0
1502 116 228 0 0
1503 116 229 0 0
1504 117 229 0 0
1505 116 229 0 0
1506 116 230 0 0
1507 117 230 0 0
1508 116 230 0 0
1509 117 230 0 0
1510 116 230 0 0
1511 116 231 0 0
1512 117 231 0 0
