0 90 235 0 0
1 91 235 0 0
2 90 235 0 0
3 91 235 0 0
4 90 235 0 0
5 91 235 0 0
6 90 235 0 0
7 91 235 0 0
8 90 235 0 0
9 90 234 0 0
10 91 234 0 0
11 90 234 0 0
12 91 234 0 0
13 90 234 0 0
14 91 234 0 0
15 90 234 0 0
16 91 234 0 0
17 90 234 0 0
18 91 234 0 0
19 90 234 0 0
20 90 233 0 0
21 91 233 0 0
22 90 233 0 0
23 91 233 0 0
24 90 233 0 0
25 91 233 0 0
26 90 233 0 0
27 91 233 0 0
28 90 233 0 0
29 90 232 0 0
30 91 232 0 0
31 90 232 0 0
32 91 232 0 0
33 90 232 0 0
34 91 232 0 0
35 90 232 0 0
36 91 232 0 0
37 90 232 0 0
38 91 232 0 0
39 90 232 0 0
40 90 231 0 0
41 91 231 0 0
42 90 231 0 0
43 91 231 0 0
44 90 231 0 0
45 91 231 0 0
46 90 231 0 0
47 91 231 0 0
48 90 231 0 0
49 90 230 0 0
50 91 230 0 0
51 90 230 0 0
52 91 230 0 0
53 90 230 0 0
54 91 230 0 0
55 90 230 0 0
56 91 230 0 0
57 90 230 0 0
58 91 230 0 0
59 90 230 0 0
60 90 229 0 0
61 91 229 0 0
62 90 229 0 0
63 91 229 0 0
64 90 229 0 0
65 91 229 0 0
66 90 229 0 0
67 91 229 0 0
68 90 229 0 0
69 90 228 0 0
70 91 228 0 0
71 90 228 0 0
72 91 228 0 0
73 90 228 0 0
74 91 228 0 0
75 90 228 0 0
76 91 228 0 0
77 90 228 0 0
78 91 228 0 0
79 90 228 0 0
80 90 227 0 0
81 91 227 0 0
82 90 227 0 0
83 91 227 0 0
84 90 227 0 0
85 91 227 0 0
86 90 227 0 0
87 91 227 0 0
88 90 227 0 0
89 90 226 0 0
90 91 226 0 0
91 90 226 0 0
92 91 226 0 0
93 90 226 0 0
94 91 226 0 0
95 90 226 0 0
96 91 226 0 0
97 90 226 0 0
98 91 226 0 0
99 90 226 0 0
100 90 225 0 0
101 91 225 0 0
102 90 225 0 0
103 91 225 0 0
104 90 225 0 0
105 91 225 0 0
106 90 225 0 0
107 91 225 0 0
108 90 225 0 0
109 91 225 0 0
110 90 225 0 0
111 90 224 0 0
112 91 224 0 0
113 90 224 0 0
114 91 224 0 0
115 90 224 0 0
116 91 224 0 0
117 90 224 0 0
118 91 224 0 0
119 90 224 0 0
120 90 223 0 0
121 91 223 0 0
122 90 223 0 0
123 91 223 0 0
124 90 223 0 0
125 91 223 0 0
126 90 223 0 0
127 91 223 0 0
128 90 223 0 0
129 91 223 0 0
130 90 223 0 0
131 90 222 0 0
132 91 222 0 0
133 90 222 0 0
134 91 222 0 0
135 90 222 0 0
136 91 222 0 0
137 90 222 0 0
138 91 222 0 0
139 90 222 0 0
140 91 222 0 0
141 90 222 0 0
142 90 221 0 0
143 91 221 0 0
144 90 221 0 0
145 91 221 0 0
146 90 221 0 0
147 91 221 0 0
148 92 221 0 0
149 91 221 0 0
150 91 220 0 0
151 92 220 0 0
152 91 220 0 0
153 92 220 0 0
154 91 220 0 0
155 92 220 0 0
156 91 220 0 0
157 92 220 0 0
158 91 220 0 0
159 92 220 0 0
160 91 220 0 0
161 91 219 0 0
162 92 219 0 0
163 91 219 0 0
164 92 219 0 0
165 91 219 0 0
166 92 219 0 0
167 91 219 0 0
168 92 219 0 0
169 91 219 0 0
170 91 218 0 0
171 92 218 0 0
172 91 218 0 0
173 92 218 0 0
174 91 218 0 0
175 92 218 0 0
176 91 218 0 0
177 92 218 0 0
178 91 218 0 0
179 92 218 0 0
180 91 218 0 0
181 91 217 0 0
182 92 217 0 0
183 91 217 0 0
184 92 217 0 0
185 91 217 0 0
186 92 217 0 0
187 91 217 0 0
188 92 217 0 0
189 91 217 0 0
190 92 217 0 0
191 91 217 0 0
192 91 216 0 0
193 92 216 0 0
194 91 216 0 0
195 92 216 0 0
196 91 216 0 0
197 92 216 0 0
198 91 216 0 0
199 92 216 0 0
200 91 216 0 0
201 91 215 0 0
202 92 215 0 0
203 91 215 0 0
204 92 215 0 0
205 91 215 0 0
206 92 215 0 0
207 91 215 0 0
208 91 214 0 0
209 92 214 0 0
210 91 214 0 0
211 92 214 0 0
212 91 214 0 0
213 91 213 0 0
214 92 213 0 0
215 91 213 0 0
216 92 213 0 0
217 91 213 0 0
218 91 212 0 0
219 92 212 0 0
220 91 212 0 0
221 92 212 0 0
222 91 212 0 0
223 91 211 0 0
224 92 211 0 0
225 91 211 0 0
226 92 211 0 0
227 91 211 0 0
228 91 210 0 0
229 92 210 0 0
230 91 210 0 0
231 92 210 0 0
232 91 210 0 0
233 91 209 0 0
234 92 209 0 0
235 91 209 0 0
236 92 209 0 0
237 91 209 0 0
238 91 208 0 0
239 92 208 0 0
240 91 208 0 0
241 92 208 0 0
242 91 208 0 0
243 91 207 0 0
244 92 207 0 0
245 91 207 0 0
246 92 207 0 0
247 91 207 0 0
248 91 206 0 0
249 92 206 0 0
250 91 206 0 0
251 92 206 0 0
252 91 206 0 0
253 91 205 0 0
254 92 205 0 0
255 91 205 0 0
256 92 205 0 0
257 91 205 0 0
258 91 204 0 0
259 92 204 0 0
260 91 204 0 0
261 92 204 0 0
262 91 204 0 0
263 91 203 0 0
264 92 203 0 0
265 91 203 0 0
266 92 203 0 0
267 91 203 0 0
268 92 203 0 0
269 91 203 0 0
270 91 202 0 0
271 92 202 0 0
272 91 202 0 0
273 91 201 0 0
274 92 201 0 0
275 91 201 0 0
276 92 201 0 0
277 91 201 0 0
278 91 200 0 0
279 92 200 0 0
280 91 200 0 0
281 92 200 0 0
282 91 200 0 0
283 92 200 0 0
284 91 200 0 0
285 92 200 0 0
286 91 200 0 0
287 91 199 0 0
288 92 199 0 0
289 91 199 0 0
290 92 199 0 0
291 91 199 0 0
292 91 198 0 0
293 92 198 0 0
294 91 198 0 0
295 92 198 0 0
296 91 198 0 0
297 92 198 0 0
298 91 198 0 0
299 91 197 0 0
300 92 197 0 0
301 91 197 0 0
302 92 197 0 0
303 91 197 0 0
304 92 197 0 0
305 91 197 0 0
306 92 197 0 0
307 91 197 0 0
308 91 196 0 0
309 92 196 0 0
310 91 196 0 0
311 92 196 0 0
312 91 196 0 0
313 92 196 0 0
314 91 196 0 0
315 92 196 0 0
316 91 196 0 0
317 92 196 0 0
318 91 196 0 0
319 91 195 0 0
320 92 195 0 0
321 91 195 0 0
322 92 195 0 0
323 91 195 0 0
324 92 195 0 0
325 91 195 0 0
326 92 195 0 0
327 91 195 0 0
328 91 194 0 0
329 92 194 0 0
330 91 194 0 0
331 92 194 0 0
332 91 194 0 0
333 92 194 0 0
334 91 194 0 0
335 91 193 0 0
336 92 193 0 0
337 91 193 0 0
338 92 193 0 0
339 91 193 0 0
340 92 193 0 0
341 91 193 0 0
342 92 193 0 0
343 91 193 0 0
344 91 192 0 0
345 92 192 0 0
346 93 192 0 0
347 92 192 0 0
348 93 192 0 0
349 92 192 0 0
350 92 191 0 0
351 93 191 0 0
352 92 191 0 0
353 93 191 0 0
354 92 191 0 0
355 93 191 0 0
356 92 191 0 0
357 93 191 0 0
358 92 191 0 0
359 92 190 0 0
360 93 190 0 0
361 92 190 0 0
362 93 190 0 0
363 92 190 0 0
364 93 190 0 0
365 92 190 0 0
366 92 189 0 0
367 93 189 0 0
368 92 189 0 0
369 93 189 0 0
370 92 189 0 0
371 93 189 0 0
372 92 189 0 0
373 93 189 0 0
374 92 189 0 0
375 92 188 0 0
376 93 188 0 0
377 92 188 0 0
378 93 188 0 0
379 92 188 0 0
380 93 188 0 0
381 92 188 0 0
382 92 187 0 0
383 93 187 0 0
384 92 187 0 0
385 93 187 0 0
386 92 187 0 0
387 93 187 0 0
388 92 187 0 0
389 92 186 0 0
390 93 186 0 0
391 92 186 0 0
392 93 186 0 0
393 92 186 0 0
394 93 186 0 0
395 92 186 0 0
396 93 186 0 0
397 92 186 0 0
398 92 185 0 0
399 93 185 0 0
400 92 185 0 0
401 93 185 0 0
402 92 185 0 0
403 93 185 0 0
404 92 185 0 0
405 92 184 0 0
406 93 184 0 0
407 92 184 0 0
408 93 184 0 0
409 92 184 0 0
410 93 184 0 0
411 92 184 0 0
412 93 184 0 0
413 92 184 0 0
414 92 183 0 0
415 93 183 0 0
416 92 183 0 0
417 93 183 0 0
418 92 183 0 0
419 93 183 0 0
420 92 183 0 0
421 93 183 0 0
422 92 183 0 0
423 92 182 0 0
424 93 182 0 0
425 92 182 0 0
426 93 182 0 0
427 92 182 0 0
428 93 182 0 0
429 92 182 0 0
430 92 181 0 0
431 93 181 0 0
432 92 181 0 0
433 91 181 0 0
434 92 181 0 0
435 91 181 0 0
436 92 181 0 0
437 91 181 0 0
438 91 180 0 0
439 92 180 0 0
440 91 180 0 0
441 92 180 0 0
442 91 180 0 0
443 92 180 0 0
444 91 180 0 0
445 92 180 0 0
446 91 180 0 0
447 91 179 0 0
448 92 179 0 0
449 91 179 0 0
450 92 179 0 0
451 91 179 0 0
452 92 179 0 0
453 91 179 0 0
454 92 179 0 0
455 91 179 0 0
456 91 178 0 0
457 92 178 0 0
458 91 178 0 0
459 92 178 0 0
460 91 178 0 0
461 92 178 0 0
462 91 178 0 0
463 92 178 0 0
464 91 178 0 0
465 92 178 0 0
466 91 178 0 0
467 91 177 0 0
468 92 177 0 0
469 91 177 0 0
470 92 177 0 0
471 91 177 0 0
472 92 177 0 0
473 91 177 0 0
474 91 176 0 0
475 92 176 0 0
476 91 176 0 0
477 92 176 0 0
478 91 176 0 0
479 92 176 0 0
480 91 176 0 0
481 92 176 0 0
482 91 176 0 0
483 91 175 0 0
484 92 175 0 0
485 91 175 0 0
486 92 175 0 0
487 91 175 0 0
488 92 175 0 0
489 91 175 0 0
490 92 175 0 0
491 91 175 0 0
492 91 174 0 0
493 92 174 0 0
494 91 174 0 0
495 92 174 0 0
496 91 174 0 0
497 92 174 0 0
498 91 174 0 0
499 91 173 0 0
500 92 173 0 0
501 91 173 0 0
502 92 173 0 0
503 91 173 0 0
504 92 173 0 0
505 91 173 0 0
506 92 173 0 0
507 91 173 0 0
508 91 172 0 0
509 92 172 0 0
510 91 172 0 0
511 90 172 0 0
512 91 172 0 0
513 90 172 0 0
514 91 172 0 0
515 90 172 0 0
516 90 171 0 0
517 91 171 0 0
518 90 171 0 0
519 91 171 0 0
520 90 171 0 0
521 91 171 0 0
522 90 171 0 0
523 91 171 0 0
524 90 171 0 0
525 91 171 0 0
526 90 171 0 0
527 90 170 0 0
528 91 170 0 0
529 90 170 0 0
530 91 170 0 0
531 90 170 0 0
532 91 170 0 0
533 90 170 0 0
534 91 170 0 0
535 90 170 0 0
536 90 169 0 0
537 91 169 0 0
538 90 169 0 0
539 91 169 0 0
540 90 169 0 0
541 91 169 0 0
542 90 169 0 0
543 91 169 0 0
544 90 169 0 0
545 90 168 0 0
546 91 168 0 0
547 90 168 0 0
548 91 168 0 0
549 90 168 0 0
550 91 168 0 0
551 90 168 0 0
552 90 167 0 0
553 91 167 0 0
554 90 167 0 0
555 91 167 0 0
556 90 167 0 0
557 91 167 0 0
558 90 167 0 0
559 91 167 0 0
560 90 167 0 0
561 90 166 0 0
562 91 166 0 0
563 90 166 0 0
564 91 166 0 0
565 90 166 0 0
566 91 166 0 0
567 90 166 0 0
568 91 166 0 0
569 90 166 0 0
570 90 165 0 0
571 91 165 0 0
572 90 165 0 0
573 91 165 0 0
574 90 165 0 0
575 91 165 0 0
576 90 165 0 0
577 90 164 0 0
578 91 164 0 0
579 90 164 0 0
580 91 164 0 0
581 90 164 0 0
582 91 164 0 0
583 90 164 0 0
584 91 164 0 0
585 90 164 0 0
586 89 164 0 0
587 89 163 0 0
588 90 163 0 0
589 89 163 0 0
590 90 163 0 0
591 89 163 0 0
592 90 163 0 0
593 89 163 0 0
594 90 163 0 0
595 89 163 0 0
596 89 162 0 0
597 90 162 0 0
598 89 162 0 0
599 90 162 0 0
600 89 162 0 0
601 90 162 0 0
602 89 162 0 0
603 90 162 0 0
604 89 162 0 0
605 89 161 0 0
606 90 161 0 0
607 89 161 0 0
608 90 161 0 0
609 89 161 0 0
610 90 161 0 0
611 89 161 0 0
612 90 161 0 0
613 89 161 0 0
614 89 160 0 0
615 90 160 0 0
616 89 160 0 0
617 90 160 0 0
618 89 160 0 0
619 90 160 0 0
620 89 160 0 0
621 89 159 0 0
622 90 159 0 0
623 89 159 0 0
624 90 159 0 0
625 89 159 0 0
626 90 159 0 0
627 89 159 0 0
628 90 159 0 0
629 89 159 0 0
630 89 158 0 0
631 90 158 0 0
632 89 158 0 0
633 90 158 0 0
634 89 158 0 0
635 90 158 0 0
636 89 158 0 0
637 90 158 0 0
638 89 158 0 0
639 89 157 0 0
640 90 157 0 0
641 89 157 0 0
642 90 157 0 0
643 89 157 0 0
644 90 157 0 0
645 89 157 0 0
646 89 156 0 0
647 90 156 0 0
648 89 156 0 0
649 90 156 0 0
650 89 156 0 0
651 90 156 0 0
652 89 156 0 0
653 90 156 0 0
654 89 156 0 0
655 90 156 0 0
656 89 156 0 0
657 90 156 0 0
658 89 156 0 0
659 89 155 0 0
660 90 155 0 0
661 89 155 0 0
662 90 155 0 0
663 89 155 0 0
664 90 155 0 0
665 89 155 0 0
666 90 155 0 0
667 89 155 0 0
668 90 155 0 0
669 89 155 0 0
670 90 155 0 0
671 89 155 0 0
672 89 154 0 0
673 90 154 0 0
674 89 154 0 0
675 90 154 0 0
676 89 154 0 0
677 90 154 0 0
678 89 154 0 0
679 90 154 0 0
680 89 154 0 0
681 90 154 0 0
682 89 154 0 0
683 90 154 0 0
684 89 154 0 0
685 89 153 0 0
686 90 153 0 0
687 89 153 0 0
688 90 153 0 0
689 89 153 0 0
690 90 153 0 0
691 89 153 0 0
692 90 153 0 0
693 89 153 0 0
694 90 153 0 0
695 89 153 0 0
696 89 152 0 0
697 90 152 0 0
698 89 152 0 0
699 88 152 0 0
700 89 152 0 0
701 88 152 0 0
702 89 152 0 0
703 88 152 0 0
704 89 152 0 0
705 88 152 0 0
706 89 152 0 0
707 88 152 0 0
708 88 151 0 0
709 89 151 0 0
710 88 151 0 0
711 89 151 0 0
712 88 151 0 0
713 89 151 0 0
714 88 151 0 0
715 89 151 0 0
716 88 151 0 0
717 89 151 0 0
718 88 151 0 0
719 89 151 0 0
720 88 151 0 0
721 88 150 0 0
722 89 150 0 0
723 88 150 0 0
724 89 150 0 0
725 88 150 0 0
726 89 150 0 0
727 88 150 0 0
728 89 150 0 0
729 88 150 0 0
730 89 150 0 0
731 88 150 0 0
732 89 150 0 0
733 88 150 0 0
734 89 150 0 0
735 88 150 0 0
736 89 150 0 0
737 88 150 0 0
738 88 149 0 0
739 89 149 0 0
740 88 149 0 0
741 89 149 0 0
742 88 149 0 0
743 89 149 0 0
744 88 149 0 0
745 88 148 0 0
746 89 148 0 0
747 88 148 0 0
748 89 148 0 0
749 88 148 0 0
750 89 148 0 0
751 88 148 0 0
752 89 148 0 0
753 88 148 0 0
754 89 148 0 0
755 88 148 0 0
756 89 148 0 0
757 88 148 0 0
758 88 147 0 0
759 89 147 0 0
760 88 147 0 0
761 89 147 0 0
762 88 147 0 0
763 89 147 0 0
764 88 147 0 0
765 89 147 0 0
766 88 147 0 0
767 89 147 0 0
768 88 147 0 0
769 89 147 0 0
770 88 147 0 0
771 88 146 0 0
772 89 146 0 0
773 88 146 0 0
774 89 146 0 0
775 88 146 0 0
776 89 146 0 0
777 88 146 0 0
778 89 146 0 0
779 88 146 0 0
780 89 146 0 0
781 88 146 0 0
782 88 145 0 0
783 89 145 0 0
784 88 145 0 0
785 89 145 0 0
786 88 145 0 0
787 89 145 0 0
788 88 145 0 0
789 89 145 0 0
790 88 145 0 0
791 89 145 0 0
792 88 145 0 0
793 89 145 0 0
794 88 145 0 0
795 88 144 0 0
796 89 144 0 0
797 88 144 0 0
798 89 144 0 0
799 88 144 0 0
800 89 144 0 0
801 88 144 0 0
802 89 144 0 0
803 88 144 0 0
804 89 144 0 0
805 88 144 0 0
806 89 144 0 0
807 88 144 0 0
808 88 143 0 0
809 89 143 0 0
810 88 143 0 0
811 89 143 0 0
812 88 143 0 0
813 89 143 0 0
814 88 143 0 0
815 89 143 0 0
816 88 143 0 0
817 89 143 0 0
818 88 143 0 0
819 89 143 0 0
820 88 143 0 0
821 89 143 0 0
822 88 143 0 0
823 89 143 0 0
824 88 143 0 0
825 88 142 0 0
826 89 142 0 0
827 88 142 0 0
828 89 142 0 0
829 88 142 0 0
830 89 142 0 0
831 88 142 0 0
832 89 142 0 0
833 88 142 0 0
834 89 142 0 0
835 88 142 0 0
836 89 142 0 0
837 88 142 0 0
838 88 141 0 0
839 89 141 0 0
840 88 141 0 0
841 89 141 0 0
842 88 141 0 0
843 89 141 0 0
844 88 141 0 0
845 88 140 0 0
846 89 140 0 0
847 88 140 0 0
848 89 140 0 0
849 88 140 0 0
850 87 140 0 0
851 88 140 0 0
852 87 140 0 0
853 88 140 0 0
854 87 140 0 0
855 88 140 0 0
856 87 140 0 0
857 87 139 0 0
858 88 139 0 0
859 87 139 0 0
860 88 139 0 0
861 87 139 0 0
862 88 139 0 0
863 87 139 0 0
864 88 139 0 0
865 87 139 0 0
866 88 139 0 0
867 87 139 0 0
868 87 138 0 0
869 88 138 0 0
870 87 138 0 0
871 88 138 0 0
872 87 138 0 0
873 88 138 0 0
874 87 138 0 0
875 88 138 0 0
876 87 138 0 0
877 88 138 0 0
878 87 138 0 0
879 88 138 0 0
880 87 138 0 0
881 87 137 0 0
882 88 137 0 0
883 87 137 0 0
884 88 137 0 0
885 87 137 0 0
886 88 137 0 0
887 87 137 0 0
888 88 137 0 0
889 87 137 0 0
890 88 137 0 0
891 87 137 0 0
892 88 137 0 0
893 87 137 0 0
894 87 136 0 0
895 88 136 0 0
896 87 136 0 0
897 88 136 0 0
898 87 136 0 0
899 88 136 0 0
900 87 136 0 0
901 88 136 0 0
902 87 136 0 0
903 88 136 0 0
904 87 136 0 0
905 88 136 0 0
906 87 136 0 0
907 88 136 0 0
908 87 136 0 0
909 88 136 0 0
910 87 136 0 0
911 87 135 0 0
912 88 135 0 0
913 87 135 0 0
914 88 135 0 0
915 87 135 0 0
916 88 135 0 0
917 87 135 0 0
918 88 135 0 0
919 87 135 0 0
920 88 135 0 0
921 87 135 0 0
922 88 135 0 0
923 87 135 0 0
924 87 134 0 0
925 88 134 0 0
926 87 134 0 0
927 88 134 0 0
928 87 134 0 0
929 88 134 0 0
930 87 134 0 0
931 88 134 0 0
932 87 134 0 0
933 88 134 0 0
934 87 134 0 0
935 88 134 0 0
936 87 134 0 0
937 87 133 0 0
938 88 133 0 0
939 87 133 0 0
940 88 133 0 0
941 87 133 0 0
942 88 133 0 0
943 87 133 0 0
944 88 133 0 0
945 87 133 0 0
946 88 133 0 0
947 87 133 0 0
948 87 132 0 0
949 88 132 0 0
950 87 132 0 0
951 88 132 0 0
952 87 132 0 0
953 88 132 0 0
954 87 132 0 0
955 88 132 0 0
956 87 132 0 0
957 87 131 0 0
958 88 131 0 0
959 87 131 0 0
960 88 131 0 0
961 87 131 0 0
962 88 131 0 0
963 87 131 0 0
964 88 131 0 0
965 87 131 0 0
966 88 131 0 0
967 87 131 0 0
968 88 131 0 0
969 87 131 0 0
970 88 131 0 0
971 87 131 0 0
972 88 131 0 0
973 87 131 0 0
974 87 130 0 0
975 88 130 0 0
976 87 130 0 0
977 88 130 0 0
978 87 130 0 0
979 88 130 0 0
980 87 130 0 0
981 88 130 0 0
982 87 130 0 0
983 88 130 0 0
984 87 130 0 0
985 88 130 0 0
986 87 130 0 0
987 88 130 0 0
988 87 130 0 0
989 87 129 0 0
990 88 129 0 0
991 87 129 0 0
992 88 129 0 0
993 87 129 0 0
994 88 129 0 0
995 87 129 0 0
996 88 129 0 0
997 87 129 0 0
998 88 129 0 0
999 87 129 0 0
1000 88 129 0 0
1001 87 129 0 0
1002 88 129 0 0
1003 87 129 0 0
1004 88 129 0 0
1005 87 129 0 0
1006 88 129 0 0
1007 87 129 0 0
1008 88 129 0 0
1009 87 129 0 0
1010 88 129 0 0
1011 87 129 0 0
1012 87 128 0 0
1013 88 128 0 0
1014 87 128 0 0
1015 88 128 0 0
1016 87 128 0 0
1017 88 128 0 0
1018 87 128 0 0
1019 88 128 0 0
1020 87 128 0 0
1021 88 128 0 0
1022 87 128 0 0
1023 88 128 0 0
1024 87 128 0 0
1025 88 128 0 0
1026 87 128 0 0
1027 87 127 0 0
1028 88 127 0 0
1029 87 127 0 0
1030 88 127 0 0
1031 87 127 0 0
1032 88 127 0 0
1033 87 127 0 0
1034 88 127 0 0
1035 87 127 0 0
1036 88 127 0 0
1037 87 127 0 0
1038 88 127 0 0
1039 87 127 0 0
1040 88 127 0 0
1041 87 127 0 0
1042 88 127 0 0
1043 87 127 0 0
1044 87 126 0 0
1045 88 126 0 0
1046 87 126 0 0
1047 88 126 0 0
1048 87 126 0 0
1049 88 126 0 0
1050 87 126 0 0
1051 88 126 0 0
1052 87 126 0 0
1053 88 126 0 0
1054 87 126 0 0
1055 88 126 0 0
1056 87 126 0 0
1057 88 126 0 0
1058 87 126 0 0
1059 87 125 0 0
1060 88 125 0 0
1061 87 125 0 0
1062 88 125 0 0
1063 87 125 0 0
1064 88 125 0 0
1065 87 125 0 0
1066 88 125 0 0
1067 87 125 0 0
1068 88 125 0 0
1069 87 125 0 0
1070 88 125 0 0
1071 87 125 0 0
1072 88 125 0 0
1073 87 125 0 0
1074 87 124 0 0
1075 88 124 0 0
1076 87 124 0 0
1077 88 124 0 0
1078 87 124 0 0
1079 88 124 0 0
1080 87 124 0 0
1081 88 124 0 0
1082 87 124 0 0
1083 88 124 0 0
1084 87 124 0 0
1085 88 124 0 0
1086 87 124 0 0
1087 88 124 0 0
1088 87 124 0 0
1089 88 124 0 0
1090 87 124 0 0
1091 87 123 0 0
1092 88 123 0 0
1093 87 123 0 0
1094 88 123 0 0
1095 87 123 0 0
1096 88 123 0 0
1097 87 123 0 0
1098 88 123 0 0
1099 87 123 0 0
1100 86 123 0 0
1101 87 123 0 0
1102 86 123 0 0
1103 86 122 0 0
1104 87 122 0 0
1105 86 122 0 0
1106 87 122 0 0
1107 86 122 0 0
1108 87 122 0 0
1109 86 122 0 0
1110 87 122 0 0
1111 86 122 0 0
1112 87 122 0 0
1113 86 122 0 0
1114 87 122 0 0
1115 86 122 0 0
1116 86 121 0 0
1117 87 121 0 0
1118 86 121 0 0
1119 87 121 0 0
1120 86 121 0 0
1121 87 121 0 0
1122 86 121 0 0
1123 87 121 0 0
1124 86 121 0 0
1125 87 121 0 0
1126 86 121 0 0
1127 86 120 0 0
1128 87 120 0 0
1129 86 120 0 0
1130 87 120 0 0
1131 86 120 0 0
1132 87 120 0 0
1133 86 120 0 0
1134 87 120 0 0
1135 86 120 0 0
1136 87 120 0 0
1137 86 120 0 0
1138 86 119 0 0
1139 87 119 0 0
1140 86 119 0 0
1141 87 119 0 0
1142 86 119 0 0
1143 87 119 0 0
1144 86 119 0 0
1145 87 119 0 0
1146 86 119 0 0
1147 87 119 0 0
1148 86 119 0 0
1149 87 119 0 0
1150 86 119 0 0
1151 86 118 0 0
1152 87 118 0 0
1153 86 118 0 0
1154 87 118 0 0
1155 86 118 0 0
1156 87 118 0 0
1157 86 118 0 0
1158 87 118 0 0
1159 86 118 0 0
1160 87 118 0 0
1161 86 118 0 0
1162 86 117 0 0
1163 87 117 0 0
1164 86 117 0 0
1165 87 117 0 0
1166 86 117 0 0
1167 87 117 0 0
1168 86 117 0 0
1169 87 117 0 0
1170 86 117 0 0
1171 87 117 0 0
1172 86 117 0 0
1173 86 116 0 0
1174 87 116 0 0
1175 86 116 0 0
1176 87 116 0 0
1177 86 116 0 0
1178 87 116 0 0
1179 86 116 0 0
1180 87 116 0 0
1181 86 116 0 0
1182 87 116 0 0
1183 86 116 0 0
1184 87 116 0 0
1185 86 116 0 0
1186 86 115 0 0
1187 87 115 0 0
1188 86 115 0 0
1189 87 115 0 0
1190 86 115 0 0
1191 87 115 0 0
1192 86 115 0 0
1193 87 115 0 0
1194 86 115 0 0
1195 87 115 0 0
1196 86 115 0 0
1197 86 114 0 0
1198 87 114 0 0
1199 86 114 0 0
1200 87 114 0 0
1201 86 114 0 0
1202 87 114 0 0
1203 86 114 0 0
1204 87 114 0 0
1205 86 114 0 0
1206 87 114 0 0
1207 86 114 0 0
1208 87 114 0 0
1209 86 114 0 0
1210 86 113 0 0
1211 87 113 0 0
1212 86 113 0 0
1213 87 113 0 0
1214 86 113 0 0
1215 87 113 0 0
1216 86 113 0 0
1217 87 113 0 0
1218 86 113 0 0
1219 87 113 0 0
1220 86 113 0 0
1221 86 112 0 0
1222 87 112 0 0
1223 86 112 0 0
1224 87 112 0 0
1225 86 112 0 0
1226 87 112 0 0
1227 86 112 0 0
1228 87 112 0 0
1229 86 112 0 0
1230 87 112 0 0
1231 86 112 0 0
1232 86 111 0 0
1233 87 111 0 0
1234 86 111 0 0
1235 87 111 0 0
1236 86 111 0 0
1237 87 111 0 0
1238 86 111 0 0
1239 87 111 0 0
1240 86 111 0 0
1241 87 111 0 0
1242 86 111 0 0
1243 87 111 0 0
1244 86 111 0 0
1245 86 110 0 0
1246 87 110 0 0
1247 86 110 0 0
1248 87 110 0 0
1249 86 110 0 0
1250 87 110 0 0
1251 86 110 0 0
1252 85 110 0 0
1253 86 110 0 0
1254 85 110 0 0
1255 86 110 0 0
1256 85 110 0 0
1257 85 109 0 0
1258 86 109 0 0
1259 85 109 0 0
1260 86 109 0 0
1261 85 109 0 0
1262 86 109 0 0
1263 85 109 0 0
1264 86 109 0 0
1265 85 109 0 0
1266 86 109 0 0
1267 85 109 0 0
1268 86 109 0 0
1269 85 109 0 0
1270 86 109 0 0
1271 85 109 0 0
1272 85 108 0 0
1273 86 108 0 0
1274 85 108 0 0
1275 86 108 0 0
1276 85 108 0 0
1277 86 108 0 0
1278 85 108 0 0
1279 86 108 0 0
1280 85 108 0 0
1281 86 108 0 0
1282 85 108 0 0
1283 86 108 0 0
1284 85 108 0 0
1285 86 108 0 0
1286 85 108 0 0
1287 85 107 0 0
1288 86 107 0 0
1289 85 107 0 0
1290 86 107 0 0
1291 85 107 0 0
1292 86 107 0 0
1293 85 107 0 0
1294 86 107 0 0
1295 85 107 0 0
1296 86 107 0 0
1297 85 107 0 0
1298 86 107 0 0
1299 85 107 0 0
1300 86 107 0 0
1301 85 107 0 0
1302 85 106 0 0
1303 86 106 0 0
1304 85 106 0 0
1305 86 106 0 0
1306 85 106 0 0
1307 86 106 0 0
1308 85 106 0 0
1309 86 106 0 0
1310 85 106 0 0
1311 86 106 0 0
1312 85 106 0 0
1313 86 106 0 0
1314 85 106 0 0
1315 85 105 0 0
1316 86 105 0 0
1317 85 105 0 0
1318 86 105 0 0
1319 85 105 0 0
1320 86 105 0 0
1321 85 105 0 0
1322 86 105 0 0
1323 85 105 0 0
1324 86 105 0 0
1325 85 105 0 0
1326 85 104 0 0
1327 86 104 0 0
1328 85 104 0 0
1329 86 104 0 0
1330 85 104 0 0
1331 86 104 0 0
1332 85 104 0 0
1333 86 104 0 0
1334 85 104 0 0
1335 85 103 0 0
1336 86 103 0 0
1337 85 103 0 0
1338 86 103 0 0
1339 85 103 0 0
1340 86 103 0 0
1341 85 103 0 0
1342 86 103 0 0
1343 85 103 0 0
1344 85 102 0 0
1345 86 102 0 0
1346 85 102 0 0
1347 86 102 0 0
1348 85 102 0 0
1349 86 102 0 0
1350 85 102 0 0
1351 86 102 0 0
1352 85 102 0 0
1353 85 101 0 0
1354 86 101 0 0
1355 85 101 0 0
1356 86 101 0 0
1357 85 101 0 0
1358 86 101 0 0
1359 85 101 0 0
1360 86 101 0 0
1361 85 101 0 0
1362 85 100 0 0
1363 86 100 0 0
1364 85 100 0 0
1365 86 100 0 0
1366 85 100 0 0
1367 86 100 0 0
1368 85 100 0 0
1369 86 100 0 0
1370 86 99 0 0
1371 87 99 0 0
1372 86 99 0 0
1373 87 99 0 0
1374 86 99 0 0
1375 87 99 0 0
1376 86 99 0 0
1377 87 99 0 0
1378 86 99 0 0
1379 86 98 0 0
1380 87 98 0 0
1381 86 98 0 0
1382 87 98 0 0
1383 86 98 0 0
1384 87 98 0 0
1385 86 98 0 0
1386 87 98 0 0
1387 86 98 0 0
1388 86 97 0 0
1389 87 97 0 0
1390 86 97 0 0
1391 87 97 0 0
1392 86 97 0 0
1393 87 97 0 0
1394 86 97 0 0
1395 87 97 0 0
1396 86 97 0 0
1397 86 96 0 0
1398 87 96 0 0
1399 86 96 0 0
1400 87 96 0 0
1401 86 96 0 0
1402 87 96 0 0
1403 86 96 0 0
1404 87 96 0 0
1405 86 96 0 0
1406 86 95 0 0
1407 87 95 0 0
1408 86 95 0 0
1409 87 95 0 0
1410 86 95 0 0
1411 87 95 0 0
1412 86 95 0 0
1413 87 95 0 0
1414 86 95 0 0
1415 86 94 0 0
1416 87 94 0 0
1417 86 94 0 0
1418 87 94 0 0
1419 86 94 0 0
1420 87 94 0 0
1421 86 94 0 0
1422 87 94 0 0
1423 87 93 0 0
1424 88 93 0 0
1425 87 93 0 0
1426 88 93 0 0
1427 87 93 0 0
1428 88 93 0 0
1429 87 93 0 0
1430 88 93 0 0
1431 87 93 0 0
1432 88 93 0 0
1433 87 93 0 0
1434 87 92 0 0
1435 88 92 0 0
1436 87 92 0 0
1437 88 92 0 0
1438 87 92 0 0
1439 88 92 0 0
1440 87 92 0 0
1441 88 92 0 0
1442 87 92 0 0
1443 87 91 0 0
1444 88 91 0 0
1445 87 91 0 0
1446 88 91 0 0
1447 87 91 0 0
1448 88 91 0 0
1449 89 91 0 0
1450 88 91 0 0
1451 88 90 0 0
1452 89 90 0 0
1453 88 90 0 0
1454 89 90 0 0
1455 88 90 0 0
1456 89 90 0 0
1457 88 90 0 0
1458 89 90 0 0
1459 88 90 0 0
1460 89 90 0 0
1461 88 90 0 0
1462 88 89 0 0
1463 89 89 0 0
1464 88 89 0 0
1465 89 89 0 0
1466 88 89 0 0
1467 89 89 0 0
1468 90 89 0 0
1469 89 89 0 0
1470 89 88 0 0
1471 90 88 0 0
1472 89 88 0 0
1473 90 88 0 0
1474 89 88 0 0
1475 90 88 0 0
1476 89 88 0 0
1477 90 88 0 0
1478 89 88 0 0
1479 89 87 0 0
1480 90 87 0 0
1481 89 87 0 0
1482 90 87 0 0
1483 89 87 0 0
1484 90 87 0 0
1485 89 87 0 0
1486 90 87 0 0
1487 89 87 0 0
1488 89 86 0 0
1489 90 86 0 0
1490 89 86 0 0
1491 90 86 0 0
1492 89 86 0 0
1493 90 86 0 0
1494 89 86 0 0
1495 90 86 0 0
1496 89 86 0 0
1497 90 86 0 0
1498 89 86 0 0
1499 90 86 0 0
1500 89 86 0 0
1501 89 85 0 0
1502 90 85 0 0
1503 89 85 0 0
1504 90 85 0 0
1505 91 85 0 0
1506 90 85 0 0
1507 91 85 0 0
1508 90 85 0 0
1509 91 85 0 0
1510 90 85 0 0
1511 91 85 0 0
1512 90 85 0 0
1513 90 84 0 0
1514 91 84 0 0
1515 90 84 0 0
1516 91 84 0 0
1517 90 84 0 0
1518 91 84 0 0
1519 90 84 0 0
1520 91 84 0 0
1521 90 84 0 0
1522 91 84 0 0
1523 90 84 0 0
1524 91 84 0 0
1525 90 84 0 0
1526 90 83 0 0
1527 91 83 0 0
1528 90 83 0 0
1529 91 83 0 0
1530 90 83 0 0
1531 91 83 0 0
1532 90 83 0 0
1533 91 83 0 0
1534 90 83 0 0
1535 91 83 0 0
1536 90 83 0 0
1537 91 83 0 0
1538 90 83 0 0
1539 90 82 0 0
1540 91 82 0 0
1541 90 82 0 0
1542 91 82 0 0
1543 90 82 0 0
1544 91 82 0 0
1545 90 82 0 0
1546 91 82 0 0
1547 90 82 0 0
1548 91 82 0 0
1549 90 82 0 0
1550 91 82 0 0
1551 90 82 0 0
1552 90 81 0 0
1553 91 81 0 0
1554 90 81 0 0
1555 91 81 0 0
1556 90 81 0 0
1557 91 81 0 0
1558 90 81 0 0
1559 91 81 0 0
1560 90 81 0 0
1561 91 81 0 0
1562 90 81 0 0
1563 91 81 0 0
1564 90 81 0 0
1565 90 80 0 0
1566 91 80 0 0
1567 90 80 0 0
1568 91 80 0 0
1569 90 80 0 0
1570 91 80 0 0
1571 90 80 0 0
1572 91 80 0 0
1573 90 80 0 0
1574 91 80 0 0
1575 90 80 0 0
1576 91 80 0 0
1577 90 80 0 0
1578 90 79 0 0
1579 91 79 0 0
1580 90 79 0 0
1581 91 79 0 0
1582 90 79 0 0
1583 91 79 0 0
1584 90 79 0 0
1585 91 79 0 0
1586 90 79 0 0
1587 91 79 0 0
1588 90 79 0 0
1589 91 79 0 0
1590 90 79 0 0
1591 90 78 0 0
1592 91 78 0 0
1593 90 78 0 0
1594 91 78 0 0
1595 90 78 0 0
1596 91 78 0 0
1597 90 78 0 0
1598 91 78 0 0
1599 90 78 0 0
1600 91 78 0 0
1601 90 78 0 0
1602 91 78 0 0
1603 90 78 0 0
1604 91 78 0 0
1605 90 78 0 0
1606 91 78 0 0
1607 90 78 0 0
1608 91 78 0 0
1609 90 78 0 0
1610 90 77 0 0
1611 91 77 0 0
1612 90 77 0 0
1613 91 77 0 0
1614 90 77 0 0
1615 91 77 0 0
1616 90 77 0 0
1617 91 77 0 0
1618 90 77 0 0
1619 91 77 0 0
1620 90 77 0 0
1621 91 77 0 0
1622 92 77 0 0
1623 91 77 0 0
1624 92 77 0 0
1625 91 77 0 0
1626 92 77 0 0
1627 91 77 0 0
1628 92 77 0 0
1629 91 77 0 0
1630 92 77 0 0
1631 91 77 0 0
1632 92 77 0 0
1633 91 77 0 0
1634 91 76 0 0
1635 92 76 0 0
1636 91 76 0 0
1637 92 76 0 0
1638 91 76 0 0
1639 92 76 0 0
1640 91 76 0 0
1641 92 76 0 0
1642 91 76 0 0
1643 92 76 0 0
1644 91 76 0 0
1645 92 76 0 0
1646 91 76 0 0
1647 92 76 0 0
1648 91 76 0 0
1649 92 76 0 0
1650 91 76 0 0
1651 92 76 0 0
1652 91 76 0 0
1653 92 76 0 0
1654 91 76 0 0
1655 92 76 0 0
1656 91 76 0 0
1657 92 76 0 0
1658 91 76 0 0
1659 92 76 0 0
1660 91 76 0 0
1661 91 75 0 0
1662 92 75 0 0
1663 91 75 0 0
1664 92 75 0 0
1665 91 75 0 0
1666 92 75 0 0
1667 91 75 0 0
1668 92 75 0 0
1669 91 75 0 0
1670 92 75 0 0
1671 91 75 0 0
1672 92 75 0 0
1673 91 75 0 0
1674 92 75 0 0
1675 91 75 0 0
1676 92 75 0 0
1677 91 75 0 0
1678 92 75 0 0
1679 91 75 0 0
1680 92 75 0 0
1681 91 75 0 0
1682 92 75 0 0
1683 91 75 0 0
1684 92 75 0 0
1685 91 75 0 0
1686 91 74 0 0
1687 92 74 0 0
1688 91 74 0 0
1689 92 74 0 0
1690 91 74 0 0
1691 92 74 0 0
1692 91 74 0 0
1693 92 74 0 0
1694 91 74 0 0
1695 92 74 0 0
1696 91 74 0 0
1697 92 74 0 0
1698 93 74 0 0
1699 92 74 0 0
1700 93 74 0 0
1701 92 74 0 0
1702 93 74 0 0
1703 92 74 0 0
1704 93 74 0 0
1705 92 74 0 0
1706 93 74 0 0
1707 92 74 0 0
1708 93 74 0 0
1709 92 74 0 0
1710 93 74 0 0
1711 92 74 0 0
1712 93 74 0 0
1713 92 74 0 0
1714 93 74 0 0
1715 93 73 0 0
1716 94 73 0 0
1717 93 73 0 0
1718 94 73 0 0
1719 93 73 0 0
1720 94 73 0 0
1721 93 73 0 0
1722 94 73 0 0
1723 93 73 0 0
1724 94 73 0 0
1725 93 73 0 0
1726 94 73 0 0
1727 93 73 0 0
1728 94 73 0 0
1729 93 73 0 0
1730 94 73 0 0
1731 95 73 0 0
1732 94 73 0 0
1733 95 73 0 0
1734 94 73 0 0
1735 95 73 0 0
1736 94 73 0 0
1737 95 73 0 0
1738 94 73 0 0
1739 95 73 0 0
1740 94 73 0 0
1741 95 73 0 0
1742 96 73 0 0
1743 95 73 0 0
1744 96 73 0 0
1745 95 73 0 0
1746 95 72 0 0
1747 96 72 0 0
1748 95 72 0 0
1749 96 72 0 0
1750 95 72 0 0
1751 96 72 0 0
1752 95 72 0 0
1753 96 72 0 0
1754 95 72 0 0
1755 96 72 0 0
1756 95 72 0 0
1757 96 72 0 0
1758 97 72 0 0
1759 96 72 0 0
1760 97 72 0 0
1761 96 72 0 0
1762 97 72 0 0
1763 96 72 0 0
1764 97 72 0 0
1765 96 72 0 0
1766 97 72 0 0
1767 96 72 0 0
1768 97 72 0 0
1769 98 72 0 0
1770 97 72 0 0
1771 98 72 0 0
1772 97 72 0 0
1773 98 72 0 0
1774 97 72 0 0
1775 98 72 0 0
1776 97 72 0 0
1777 97 71 0 0
1778 98 71 0 0
1779 97 71 0 0
1780 98 71 0 0
1781 97 71 0 0
1782 98 71 0 0
1783 97 71 0 0
1784 98 71 0 0
1785 99 71 0 0
1786 98 71 0 0
1787 99 71 0 0
1788 98 71 0 0
1789 99 71 0 0
1790 98 71 0 0
1791 99 71 0 0
1792 98 71 0 0
1793 99 71 0 0
1794 98 71 0 0
1795 99 71 0 0
1796 98 71 0 0
1797 99 71 0 0
1798 98 71 0 0
1799 99 71 0 0
1800 98 71 0 0
1801 99 71 0 0
1802 100 71 0 0
1803 99 71 0 0
1804 100 71 0 0
1805 99 71 0 0
1806 100 71 0 0
1807 99 71 0 0
1808 100 71 0 0
1809 99 71 0 0
1810 99 70 0 0
1811 100 70 0 0
1812 99 70 0 0
1813 100 70 0 0
1814 101 70 0 0
1815 100 70 0 0
1816 101 70 0 0
1817 100 70 0 0
1818 101 70 0 0
1819 100 70 0 0
1820 101 70 0 0
1821 100 70 0 0
1822 101 70 0 0
1823 100 70 0 0
1824 101 70 0 0
1825 100 70 0 0
1826 101 70 0 0
1827 100 70 0 0
1828 101 70 0 0
1829 102 70 0 0
1830 101 70 0 0
1831 102 70 0 0
1832 101 70 0 0
1833 102 70 0 0
1834 101 70 0 0
1835 102 70 0 0
1836 101 70 0 0
1837 102 70 0 0
1838 101 70 0 0
1839 102 70 0 0
1840 102 69 0 0
1841 103 69 0 0
1842 102 69 0 0
1843 103 69 0 0
1844 102 69 0 0
1845 103 69 0 0
1846 102 69 0 0
1847 103 69 0 0
1848 102 69 0 0
1849 103 69 0 0
1850 102 69 0 0
1851 103 69 0 0
1852 102 69 0 0
1853 103 69 0 0
1854 102 69 0 0
1855 103 69 0 0
1856 104 69 0 0
1857 103 69 0 0
1858 104 69 0 0
1859 103 69 0 0
1860 104 69 0 0
1861 103 69 0 0
1862 104 69 0 0
1863 103 69 0 0
1864 104 69 0 0
1865 103 69 0 0
1866 104 69 0 0
1867 103 69 0 0
1868 104 69 0 0
1869 103 69 0 0
1870 104 69 0 0
1871 104 68 0 0
1872 105 68 0 0
1873 104 68 0 0
1874 104 69 0 0
1875 105 69 0 0
1876 104 69 0 0
1877 105 69 0 0
1878 104 69 0 0
1879 105 69 0 0
1880 104 69 0 0
1881 105 69 0 0
1882 104 69 0 0
1883 105 69 0 0
1884 106 69 0 0
1885 105 69 0 0
1886 106 69 0 0
1887 105 69 0 0
1888 106 69 0 0
1889 105 69 0 0
1890 106 69 0 0
1891 105 69 0 0
1892 106 69 0 0
1893 105 69 0 0
1894 106 69 0 0
1895 105 69 0 0
1896 106 69 0 0
1897 105 69 0 0
1898 105 70 0 0
1899 106 70 0 0
1900 107 70 0 0
1901 106 70 0 0
1902 107 70 0 0
1903 106 70 0 0
1904 107 70 0 0
1905 106 70 0 0
1906 107 70 0 0
1907 106 70 0 0
1908 107 70 0 0
1909 106 70 0 0
1910 107 70 0 0
1911 106 70 0 0
1912 107 70 0 0
1913 106 70 0 0
1914 107 70 0 0
1915 108 70 0 0
1916 107 70 0 0
1917 108 70 0 0
1918 107 70 0 0
1919 108 70 0 0
1920 107 70 0 0
1921 108 70 0 0
1922 107 70 0 0
1923 107 71 0 0
1924 108 71 0 0
1925 107 71 0 0
1926 108 71 0 0
1927 109 71 0 0
1928 108 71 0 0
1929 109 71 0 0
1930 108 71 0 0
1931 109 71 0 0
1932 108 71 0 0
1933 109 71 0 0
1934 108 71 0 0
1935 109 71 0 0
1936 108 71 0 0
1937 109 71 0 0
1938 108 71 0 0
1939 109 71 0 0
1940 108 71 0 0
1941 109 71 0 0
1942 110 71 0 0
1943 109 71 0 0
1944 110 71 0 0
1945 109 71 0 0
1946 109 72 0 0
1947 110 72 0 0
1948 109 72 0 0
1949 110 72 0 0
1950 109 72 0 0
1951 110 72 0 0
1952 109 72 0 0
1953 110 72 0 0
1954 111 72 0 0
1955 110 72 0 0
1956 111 72 0 0
1957 110 72 0 0
1958 111 72 0 0
1959 110 72 0 0
1960 111 72 0 0
1961 110 72 0 0
1962 111 72 0 0
1963 110 72 0 0
1964 111 72 0 0
1965 110 72 0 0
1966 111 72 0 0
1967 110 72 0 0
1968 111 72 0 0
1969 112 72 0 0
1970 111 72 0 0
1971 111 73 0 0
1972 112 73 0 0
1973 111 73 0 0
1974 112 73 0 0
1975 111 73 0 0
1976 112 73 0 0
1977 111 73 0 0
1978 112 73 0 0
1979 111 73 0 0
1980 112 73 0 0
1981 112 74 0 0
1982 113 74 0 0
1983 112 74 0 0
1984 113 74 0 0
1985 112 74 0 0
1986 113 74 0 0
1987 112 74 0 0
1988 113 74 0 0
1989 112 74 0 0
1990 113 74 0 0
1991 112 74 0 0
1992 112 75 0 0
1993 113 75 0 0
1994 112 75 0 0
1995 113 75 0 0
1996 112 75 0 0
1997 113 75 0 0
1998 114 75 0 0
1999 113 75 0 0
2000 114 75 0 0
2001 113 75 0 0
2002 114 75 0 0
2003 113 75 0 0
2004 113 76 0 0
2005 114 76 0 0
2006 113 76 0 0
2007 114 76 0 0
2008 113 76 0 0
2009 114 76 0 0
2010 113 76 0 0
2011 114 76 0 0
2012 115 76 0 0
2013 114 76 0 0
2014 114 77 0 0
2015 115 77 0 0
2016 114 77 0 0
2017 115 77 0 0
2018 114 77 0 0
2019 115 77 0 0
2020 114 77 0 0
2021 115 77 0 0
2022 114 77 0 0
2023 115 77 0 0
2024 115 78 0 0
2025 116 78 0 0
2026 115 78 0 0
2027 116 78 0 0
2028 115 78 0 0
2029 116 78 0 0
2030 115 78 0 0
2031 116 78 0 0
2032 115 78 0 0
2033 116 78 0 0
2034 115 78 0 0
2035 116 78 0 0
2036 115 78 0 0
2037 115 79 0 0
2038 116 79 0 0
2039 115 79 0 0
2040 116 79 0 0
2041 117 79 0 0
2042 116 79 0 0
2043 117 79 0 0
2044 116 79 0 0
2045 117 79 0 0
2046 116 79 0 0
2047 116 80 0 0
2048 117 80 0 0
2049 116 80 0 0
2050 117 80 0 0
2051 118 80 0 0
2052 117 80 0 0
2053 118 80 0 0
2054 117 80 0 0
2055 118 80 0 0
2056 117 80 0 0
2057 118 80 0 0
2058 117 80 0 0
2059 117 81 0 0
2060 118 81 0 0
2061 117 81 0 0
2062 118 81 0 0
2063 117 81 0 0
2064 118 81 0 0
2065 117 81 0 0
2066 118 81 0 0
2067 119 81 0 0
2068 118 81 0 0
2069 118 82 0 0
2070 119 82 0 0
2071 118 82 0 0
2072 119 82 0 0
2073 118 82 0 0
2074 119 82 0 0
2075 118 82 0 0
2076 119 82 0 0
2077 118 82 0 0
2078 119 82 0 0
2079 118 82 0 0
2080 118 83 0 0
2081 119 83 0 0
2082 120 83 0 0
2083 119 83 0 0
2084 120 83 0 0
2085 119 83 0 0
2086 120 83 0 0
2087 119 83 0 0
2088 120 83 0 0
2089 119 83 0 0
2090 120 83 0 0
2091 119 83 0 0
2092 119 84 0 0
2093 120 84 0 0
2094 121 84 0 0
2095 120 84 0 0
2096 121 84 0 0
2097 120 84 0 0
2098 121 84 0 0
2099 120 84 0 0
2100 121 84 0 0
2101 120 84 0 0
2102 120 85 0 0
2103 121 85 0 0
2104 120 85 0 0
2105 121 85 0 0
2106 120 85 0 0
2107 121 85 0 0
2108 120 85 0 0
2109 121 85 0 0
2110 122 85 0 0
2111 121 85 0 0
2112 122 85 0 0
2113 121 85 0 0
2114 121 86 0 0
2115 122 86 0 0
2116 121 86 0 0
2117 122 86 0 0
2118 123 86 0 0
2119 122 86 0 0
2120 123 86 0 0
2121 122 86 0 0
2122 123 86 0 0
2123 122 86 0 0
2124 123 86 0 0
2125 122 86 0 0
2126 123 86 0 0
2127 124 86 0 0
2128 123 86 0 0
2129 124 86 0 0
2130 123 86 0 0
2131 124 86 0 0
2132 123 86 0 0
2133 123 87 0 0
2134 124 87 0 0
2135 123 87 0 0
2136 124 87 0 0
2137 125 87 0 0
2138 124 87 0 0
2139 125 87 0 0
2140 124 87 0 0
2141 125 87 0 0
2142 124 87 0 0
2143 125 87 0 0
2144 126 87 0 0
2145 125 87 0 0
2146 126 87 0 0
2147 125 87 0 0
2148 126 87 0 0
2149 125 87 0 0
2150 126 87 0 0
2151 126 88 0 0
2152 127 88 0 0
2153 126 88 0 0
2154 127 88 0 0
2155 126 88 0 0
2156 127 88 0 0
2157 126 88 0 0
2158 127 88 0 0
2159 128 88 0 0
2160 127 88 0 0
2161 128 88 0 0
2162 127 88 0 0
2163 127 89 0 0
2164 128 89 0 0
2165 129 89 0 0
2166 128 89 0 0
2167 129 89 0 0
2168 128 89 0 0
2169 129 89 0 0
2170 130 89 0 0
2171 129 89 0 0
2172 130 89 0 0
2173 129 89 0 0
2174 130 89 0 0
2175 130 90 0 0
2176 131 90 0 0
2177 130 90 0 0
2178 131 90 0 0
2179 130 90 0 0
2180 131 90 0 0
2181 132 90 0 0
2182 131 90 0 0
2183 132 90 0 0
2184 131 90 0 0
2185 132 90 0 0
2186 133 90 0 0
2187 132 90 0 0
2188 132 91 0 0
2189 133 91 0 0
2190 132 91 0 0
2191 133 91 0 0
2192 134 91 0 0
2193 133 91 0 0
2194 134 91 0 0
2195 133 91 0 0
2196 134 91 0 0
2197 133 91 0 0
2198 134 91 0 0
2199 134 92 0 0
2200 135 92 0 0
2201 134 92 0 0
2202 135 92 0 0
2203 134 92 0 0
2204 135 92 0 0
2205 136 92 0 0
2206 135 92 0 0
2207 136 92 0 0
2208 135 92 0 0
2209 136 92 0 0
2210 137 92 0 0
2211 136 92 0 0
2212 137 92 0 0
2213 138 92 0 0
2214 137 92 0 0
2215 138 92 0 0
2216 137 92 0 0
2217 137 93 0 0
2218 138 93 0 0
2219 139 93 0 0
2220 138 93 0 0
2221 139 93 0 0
2222 138 93 0 0
2223 139 93 0 0
2224 138 93 0 0
2225 139 93 0 0
2226 140 93 0 0
2227 139 93 0 0
2228 140 93 0 0
2229 141 93 0 0
2230 140 93 0 0
2231 141 93 0 0
2232 140 93 0 0
2233 141 93 0 0
2234 142 93 0 0
2235 141 93 0 0
2236 142 93 0 0
2237 142 94 0 0
2238 143 94 0 0
2239 142 94 0 0
2240 143 94 0 0
2241 142 94 0 0
2242 143 94 0 0
2243 142 94 0 0
2244 143 94 0 0
2245 144 94 0 0
2246 143 94 0 0
2247 144 94 0 0
2248 143 94 0 0
2249 144 94 0 0
2250 145 94 0 0
2251 144 94 0 0
2252 145 94 0 0
2253 146 94 0 0
2254 145 94 0 0
2255 146 94 0 0
2256 145 94 0 0
2257 146 94 0 0
2258 146 95 0 0
2259 147 95 0 0
2260 146 95 0 0
2261 147 95 0 0
2262 146 95 0 0
2263 147 95 0 0
2264 148 95 0 0
2265 147 95 0 0
2266 148 95 0 0
2267 149 95 0 0
2268 148 95 0 0
2269 149 95 0 0
2270 148 95 0 0
2271 149 95 0 0
2272 150 95 0 0
2273 149 95 0 0
2274 150 95 0 0
2275 151 95 0 0
2276 150 95 0 0
2277 151 95 0 0
2278 150 95 0 0
2279 151 95 0 0
2280 152 95 0 0
2281 151 95 0 0
2282 152 95 0 0
2283 153 95 0 0
2284 152 95 0 0
2285 153 95 0 0
2286 152 95 0 0
2287 153 95 0 0
2288 154 95 0 0
2289 153 95 0 0
2290 154 95 0 0
2291 155 95 0 0
2292 154 95 0 0
2293 155 95 0 0
2294 154 95 0 0
2295 155 95 0 0
2296 156 95 0 0
2297 155 95 0 0
2298 156 95 0 0
2299 157 95 0 0
2300 156 95 0 0
2301 157 95 0 0
2302 158 95 0 0
2303 157 95 0 0
2304 158 95 0 0
2305 157 95 0 0
2306 158 95 0 0
2307 159 95 0 0
2308 158 95 0 0
2309 159 95 0 0
2310 158 95 0 0
2311 159 95 0 0
2312 160 95 0 0
2313 159 95 0 0
2314 160 95 0 0
2315 161 95 0 0
2316 160 95 0 0
2317 161 95 0 0
2318 162 95 0 0
2319 161 95 0 0
2320 162 95 0 0
2321 163 95 0 0
2322 162 95 0 0
2323 162 96 0 0
2324 163 96 0 0
2325 162 96 0 0
2326 163 96 0 0
2327 164 96 0 0
2328 163 96 0 0
2329 164 96 0 0
2330 165 96 0 0
2331 164 96 0 0
2332 165 96 0 0
2333 166 96 0 0
2334 165 96 0 0
2335 166 96 0 0
2336 165 96 0 0
2337 166 96 0 0
2338 167 96 0 0
2339 166 96 0 0
2340 167 96 0 0
2341 166 96 0 0
2342 167 96 0 0
2343 168 96 0 0
2344 167 96 0 0
2345 168 96 0 0
2346 169 96 0 0
2347 168 96 0 0
2348 169 96 0 0
2349 170 96 0 0
2350 169 96 0 0
2351 170 96 0 0
2352 171 96 0 0
2353 170 96 0 0
2354 171 96 0 0
2355 170 96 0 0
2356 170 97 0 0
2357 171 97 0 0
2358 172 97 0 0
2359 171 97 0 0
2360 172 97 0 0
2361 173 97 0 0
2362 172 97 0 0
2363 173 97 0 0
2364 172 97 0 0
2365 173 97 0 0
2366 174 97 0 0
2367 173 97 0 0
2368 174 97 0 0
2369 175 97 0 0
2370 174 97 0 0
2371 175 97 0 0
2372 174 97 0 0
2373 175 97 0 0
2374 176 97 0 0
2375 175 97 0 0
2376 176 97 0 0
2377 177 97 0 0
2378 176 97 0 0
2379 177 97 0 0
2380 178 97 0 0
2381 177 97 0 0
2382 178 97 0 0
2383 177 97 0 0
2384 178 97 0 0
2385 179 97 0 0
2386 178 97 0 0
2387 179 97 0 0
2388 178 97 0 0
2389 179 97 0 0
2390 180 97 0 0
2391 179 97 0 0
2392 180 97 0 0
2393 181 97 0 0
2394 180 97 0 0
2395 181 97 0 0
2396 180 97 0 0
2397 181 97 0 0
2398 182 97 0 0
2399 181 97 0 0
2400 182 97 0 0
2401 183 97 0 0
2402 182 97 0 0
2403 183 97 0 0
2404 182 97 0 0
2405 183 97 0 0
2406 184 97 0 0
2407 183 97 0 0
2408 184 97 0 0
2409 185 97 0 0
2410 184 97 0 0
2411 185 97 0 0
2412 186 97 0 0
2413 185 97 0 0
2414 186 97 0 0
2415 185 97 0 0
2416 186 97 0 0
2417 187 97 0 0
2418 186 97 0 0
2419 187 97 0 0
2420 186 97 0 0
2421 187 97 0 0
2422 188 97 0 0
2423 187 97 0 0
2424 188 97 0 0
2425 189 97 0 0
2426 188 97 0 0
2427 189 97 0 0
2428 188 97 0 0
2429 189 97 0 0
2430 190 97 0 0
2431 189 97 0 0
2432 190 97 0 0
2433 191 97 0 0
2434 190 97 0 0
2435 191 97 0 0
2436 190 97 0 0
2437 191 97 0 0
2438 192 97 0 0
2439 191 97 0 0
2440 192 97 0 0
2441 191 97 0 0
2442 192 97 0 0
2443 192 96 0 0
2444 193 96 0 0
2445 192 96 0 0
2446 193 96 0 0
2447 192 96 0 0
2448 193 96 0 0
2449 194 96 0 0
2450 193 96 0 0
2451 194 96 0 0
2452 195 96 0 0
2453 194 96 0 0
2454 195 96 0 0
2455 194 96 0 0
2456 195 96 0 0
2457 194 96 0 0
2458 195 96 0 0
2459 196 96 0 0
2460 195 96 0 0
2461 196 96 0 0
2462 195 96 0 0
2463 196 96 0 0
