0 195 104 0 0
1 194 104 0 0
2 193 104 0 0
3 192 104 0 0
4 192 103 0 0
5 192 104 0 0
6 191 104 0 0
7 190 104 0 0
8 189 104 0 0
9 188 104 0 0
10 187 104 0 0
11 186 104 0 0
12 185 104 0 0
13 184 104 0 0
14 183 104 0 0
15 183 105 0 0
16 182 105 0 0
17 181 105 0 0
18 180 105 0 0
19 179 105 0 0
20 178 105 0 0
21 177 105 0 0
22 176 105 0 0
23 175 105 0 0
24 174 105 0 0
25 173 105 0 0
26 173 106 0 0
27 172 106 0 0
28 171 106 0 0
29 170 106 0 0
30 169 106 0 0
31 168 106 0 0
32 167 106 0 0
33 166 106 0 0
34 165 106 0 0
35 164 106 0 0
36 164 107 0 0
37 163 107 0 0
38 162 107 0 0
39 161 107 0 0
40 160 107 0 0
41 159 107 0 0
42 158 107 0 0
43 157 107 0 0
44 156 107 0 0
45 155 107 0 0
46 154 107 0 0
47 154 108 0 0
48 153 108 0 0
49 152 108 0 0
50 151 108 0 0
51 150 108 0 0
52 149 108 0 0
53 148 108 0 0
54 147 108 0 0
55 147 109 0 0
56 146 109 0 0
57 145 109 0 0
58 144 109 0 0
59 143 109 0 0
60 142 109 0 0
61 141 109 0 0
62 141 110 0 0
63 140 110 0 0
64 139 110 0 0
65 138 110 0 0
66 137 110 0 0
67 136 110 0 0
68 135 110 0 0
69 135 111 0 0
70 134 111 0 0
71 133 111 0 0
72 132 111 0 0
73 131 111 0 0
74 130 111 0 0
75 130 112 0 0
76 129 112 0 0
77 128 112 0 0
78 127 112 0 0
79 126 112 0 0
80 125 112 0 0
81 124 112 0 0
82 124 113 0 0
83 123 113 0 0
84 122 113 0 0
85 121 113 0 0
86 120 113 0 0
87 119 113 0 0
88 118 113 0 0
89 118 114 0 0
90 117 114 0 0
91 116 114 0 0
92 115 114 0 0
93 114 114 0 0
94 113 114 0 0
95 112 114 0 0
96 112 115 0 0
97 111 115 0 0
98 110 115 0 0
99 109 115 0 0
100 108 115 0 0
101 107 115 0 0
102 106 115 0 0
103 105 115 0 0
104 104 115 0 0
105 103 115 0 0
106 103 114 0 0
107 102 114 0 0
108 101 114 0 0
109 100 114 0 0
110 99 114 0 0
111 99 113 0 0
112 98 113 0 0
113 97 113 0 0
114 96 113 0 0
115 95 113 0 0
116 95 112 0 0
117 94 112 0 0
118 93 112 0 0
119 92 112 0 0
120 92 111 0 0
121 91 111 0 0
122 90 111 0 0
123 89 111 0 0
124 88 111 0 0
125 88 110 0 0
126 87 110 0 0
127 86 110 0 0
128 85 110 0 0
129 84 110 0 0
130 84 109 0 0
131 83 109 0 0
132 82 109 0 0
133 81 109 0 0
134 81 108 0 0
135 80 108 0 0
136 79 108 0 0
137 78 108 0 0
138 78 107 0 0
139 77 107 0 0
140 76 107 0 0
141 75 107 0 0
142 75 106 0 0
143 74 106 0 0
144 73 106 0 0
145 72 106 0 0
146 72 105 0 0
147 71 105 0 0
148 70 105 0 0
149 70 104 0 0
150 69 104 0 0
151 68 104 0 0
152 67 104 0 0
153 66 104 0 0
154 65 104 0 0
155 64 104 0 0
156 64 103 0 0
157 63 103 0 0
158 62 103 0 0
159 61 103 0 0
160 60 103 0 0
161 59 103 0 0
162 58 103 0 0
163 57 103 0 0
164 56 103 0 0
165 56 102 0 0
166 55 102 0 0
167 54 102 0 0
168 53 102 0 0
169 52 102 0 0
170 51 102 0 0
171 50 102 0 0
172 49 102 0 0
173 48 102 0 0
174 48 101 0 0
175 47 101 0 0
176 46 101 0 0
177 45 101 0 0
178 44 101 0 0
179 43 101 0 0
180 42 101 0 0
181 41 101 0 0
182 40 101 0 0
183 39 101 0 0
184 38 101 0 0
185 37 101 0 0
186 36 101 0 0
187 35 101 0 0
188 34 101 0 0
189 33 101 0 0
190 32 101 0 0
191 31 101 0 0
192 30 101 0 0
193 29 101 0 0
194 28 101 0 0
195 27 101 0 0
196 26 101 0 0
197 25 101 0 0
198 25 100 0 0
199 24 100 0 0
200 23 100 0 0
201 22 100 0 0
202 21 100 0 0
203 20 100 0 0
204 19 100 0 0
205 18 100 0 0
206 17 100 0 0
207 16 100 0 0
208 15 100 0 0
209 14 100 0 0
210 13 100 0 0
211 12 100 0 0
212 11 100 0 0
213 10 100 0 0
214 9 100 0 0
215 8 100 0 0
216 7 100 0 0
217 6 100 0 0
218 5 100 0 0
