0 190 110 0 0
1 189 110 0 0
2 188 110 0 0
3 187 110 0 0
4 186 110 0 0
5 185 110 0 0
6 184 110 0 0
7 183 110 0 0
8 182 110 0 0
9 181 110 0 0
10 180 110 0 0
11 179 110 0 0
12 178 110 0 0
13 177 110 0 0
14 176 110 0 0
15 175 110 0 0
16 174 110 0 0
17 173 110 0 0
18 172 110 0 0
19 171 110 0 0
20 170 110 0 0
21 169 110 0 0
22 168 110 0 0
23 167 110 0 0
24 166 110 0 0
25 165 110 0 0
26 164 110 0 0
27 163 110 0 0
28 162 110 0 0
29 161 110 0 0
30 160 110 0 0
31 159 110 0 0
32 158 110 0 0
33 157 110 0 0
34 156 110 0 0
35 155 110 0 0
36 154 110 0 0
37 153 110 0 0
38 152 110 0 0
39 151 110 0 0
40 150 110 0 0
41 149 110 0 0
42 148 110 0 0
43 147 110 0 0
44 146 110 0 0
45 145 110 0 0
46 144 110 0 0
47 143 110 0 0
48 142 110 0 0
49 141 110 0 0
50 140 110 0 0
51 140 111 0 0
52 139 111 0 0
53 138 111 0 0
54 137 111 0 0
55 137 112 0 0
56 136 112 0 0
57 135 112 0 0
58 134 112 0 0
59 133 112 0 0
60 132 112 0 0
61 132 113 0 0
62 131 113 0 0
63 130 113 0 0
64 129 113 0 0
65 129 114 0 0
66 128 114 0 0
67 127 114 0 0
68 126 114 0 0
69 125 114 0 0
70 125 115 0 0
71 124 115 0 0
72 123 115 0 0
73 122 115 0 0
74 122 116 0 0
75 121 116 0 0
76 120 116 0 0
77 119 116 0 0
78 118 116 0 0
79 117 116 0 0
80 117 115 0 0
81 116 115 0 0
82 115 115 0 0
83 114 115 0 0
84 113 115 0 0
85 112 115 0 0
86 112 114 0 0
87 111 114 0 0
88 110 114 0 0
89 109 114 0 0
90 108 114 0 0
91 107 114 0 0
92 107 113 0 0
93 106 113 0 0
94 105 113 0 0
95 104 113 0 0
96 103 113 0 0
97 102 113 0 0
98 102 112 0 0
99 101 112 0 0
100 100 112 0 0
101 99 112 0 0
102 98 112 0 0
103 97 112 0 0
104 97 111 0 0
105 96 111 0 0
106 95 111 0 0
107 94 111 0 0
108 93 111 0 0
109 92 111 0 0
110 92 110 0 0
111 91 110 0 0
112 90 110 0 0
113 89 110 0 0
114 88 110 0 0
115 87 110 0 0
116 87 109 0 0
117 86 109 0 0
118 85 109 0 0
119 84 109 0 0
120 83 109 0 0
121 83 108 0 0
122 82 108 0 0
123 81 108 0 0
124 80 108 0 0
125 79 108 0 0
126 78 108 0 0
127 78 107 0 0
128 77 107 0 0
129 76 107 0 0
130 75 107 0 0
131 74 107 0 0
132 73 107 0 0
133 73 106 0 0
134 72 106 0 0
135 71 106 0 0
136 70 106 0 0
137 69 106 0 0
138 68 106 0 0
139 68 105 0 0
140 67 105 0 0
141 66 105 0 0
142 65 105 0 0
143 64 105 0 0
144 63 105 0 0
145 63 104 0 0
146 62 104 0 0
147 61 104 0 0
148 60 104 0 0
149 59 104 0 0
150 58 104 0 0
151 58 103 0 0
152 57 103 0 0
153 56 103 0 0
154 55 103 0 0
155 54 103 0 0
156 54 102 0 0
157 53 102 0 0
158 52 102 0 0
159 51 102 0 0
160 50 102 0 0
161 49 102 0 0
162 48 102 0 0
163 47 102 0 0
164 47 101 0 0
165 46 101 0 0
166 45 101 0 0
167 44 101 0 0
168 43 101 0 0
169 42 101 0 0
170 41 101 0 0
171 40 101 0 0
172 39 101 0 0
173 39 100 0 0
174 38 100 0 0
175 37 100 0 0
176 36 100 0 0
177 35 100 0 0
178 34 100 0 0
179 33 100 0 0
180 32 100 0 0
181 32 99 0 0
182 31 99 0 0
183 30 99 0 0
184 29 99 0 0
185 28 99 0 0
186 27 99 0 0
187 26 99 0 0
188 25 99 0 0
189 24 99 0 0
190 24 98 0 0
191 23 98 0 0
192 22 98 0 0
193 21 98 0 0
194 20 98 0 0
195 19 98 0 0
196 18 98 0 0
197 17 98 0 0
198 16 98 0 0
199 15 98 0 0
200 14 98 0 0
201 13 98 0 0
202 12 98 0 0
203 11 98 0 0
204 10 98 0 0
205 9 98 0 0
206 8 98 0 0
207 7 98 0 0
208 6 98 0 0
209 5 98 0 0
210 4 98 0 0
211 3 98 0 0
212 2 98 0 0
