0 195 109 0 0
1 195 110 0 0
2 194 110 0 0
3 193 110 0 0
4 192 110 0 0
5 191 110 0 0
6 190 110 0 0
7 189 110 0 0
8 188 110 0 0
9 187 110 0 0
10 186 110 0 0
11 185 110 0 0
12 184 110 0 0
13 183 110 0 0
14 182 110 0 0
15 181 110 0 0
16 180 110 0 0
17 179 110 0 0
18 178 110 0 0
19 177 110 0 0
20 176 110 0 0
21 175 110 0 0
22 174 110 0 0
23 173 110 0 0
24 172 110 0 0
25 171 110 0 0
26 170 110 0 0
27 169 110 0 0
28 168 110 0 0
29 168 111 0 0
30 167 111 0 0
31 166 111 0 0
32 165 111 0 0
33 164 111 0 0
34 163 111 0 0
35 162 111 0 0
36 161 111 0 0
37 160 111 0 0
38 159 111 0 0
39 158 111 0 0
40 157 111 0 0
41 156 111 0 0
42 155 111 0 0
43 154 111 0 0
44 153 111 0 0
45 152 111 0 0
46 151 111 0 0
47 150 111 0 0
48 149 111 0 0
49 148 111 0 0
50 147 111 0 0
51 146 111 0 0
52 145 111 0 0
53 144 111 0 0
54 143 111 0 0
55 142 111 0 0
56 141 111 0 0
57 140 111 0 0
58 140 112 0 0
59 139 112 0 0
60 138 112 0 0
61 137 112 0 0
62 136 112 0 0
63 135 112 0 0
64 134 112 0 0
65 133 112 0 0
66 132 112 0 0
67 131 112 0 0
68 131 113 0 0
69 130 113 0 0
70 129 113 0 0
71 128 113 0 0
72 127 113 0 0
73 126 113 0 0
74 126 114 0 0
75 125 114 0 0
76 124 114 0 0
77 123 114 0 0
78 122 114 0 0
79 121 114 0 0
80 120 114 0 0
81 119 114 0 0
82 118 114 0 0
83 117 114 0 0
84 117 115 0 0
85 116 115 0 0
86 115 115 0 0
87 114 115 0 0
88 113 115 0 0
89 112 115 0 0
90 111 115 0 0
91 111 116 0 0
92 110 116 0 0
93 109 116 0 0
94 108 116 0 0
95 107 116 0 0
96 106 116 0 0
97 105 116 0 0
98 104 116 0 0
99 103 116 0 0
100 102 116 0 0
101 101 116 0 0
102 100 116 0 0
103 99 116 0 0
104 98 116 0 0
105 97 116 0 0
106 96 116 0 0
107 95 116 0 0
108 94 116 0 0
109 94 115 0 0
110 93 115 0 0
111 92 115 0 0
112 91 115 0 0
113 90 115 0 0
114 89 115 0 0
115 88 115 0 0
116 87 115 0 0
117 87 114 0 0
118 86 114 0 0
119 85 114 0 0
120 84 114 0 0
121 83 114 0 0
122 82 114 0 0
123 82 113 0 0
124 81 113 0 0
125 80 113 0 0
126 79 113 0 0
127 78 113 0 0
128 77 113 0 0
129 76 113 0 0
130 75 113 0 0
131 74 113 0 0
132 73 113 0 0
133 73 112 0 0
134 72 112 0 0
135 71 112 0 0
136 70 112 0 0
137 69 112 0 0
138 68 112 0 0
139 67 112 0 0
140 66 112 0 0
141 65 112 0 0
142 64 112 0 0
143 63 112 0 0
144 62 112 0 0
145 61 112 0 0
146 60 112 0 0
147 59 112 0 0
148 58 112 0 0
149 57 112 0 0
150 57 111 0 0
151 56 111 0 0
152 55 111 0 0
153 54 111 0 0
154 53 111 0 0
155 52 111 0 0
156 51 111 0 0
157 50 111 0 0
158 49 111 0 0
159 48 111 0 0
160 47 111 0 0
161 46 111 0 0
162 45 111 0 0
163 44 111 0 0
164 43 111 0 0
165 42 111 0 0
166 41 111 0 0
167 40 111 0 0
168 39 111 0 0
169 38 111 0 0
170 37 111 0 0
171 36 111 0 0
172 36 110 0 0
173 35 110 0 0
174 34 110 0 0
175 33 110 0 0
176 32 110 0 0
177 31 110 0 0
178 30 110 0 0
179 29 110 0 0
180 28 110 0 0
181 27 110 0 0
182 26 110 0 0
183 26 109 0 0
184 25 109 0 0
185 24 109 0 0
186 23 109 0 0
187 22 109 0 0
188 21 109 0 0
189 20 109 0 0
190 20 108 0 0
191 19 108 0 0
192 18 108 0 0
193 17 108 0 0
194 16 108 0 0
195 15 108 0 0
196 14 108 0 0
197 13 108 0 0
198 12 108 0 0
199 11 108 0 0
200 10 108 0 0
201 9 108 0 0
202 8 108 0 0
203 7 108 0 0
204 6 108 0 0
205 5 108 0 0
206 4 108 0 0
207 4 109 0 0
208 3 109 0 0
