0 3 90 0 0
1 4 90 0 0
2 5 90 0 0
3 6 90 0 0
4 7 90 0 0
5 8 90 0 0
6 9 90 0 0
7 10 90 0 0
8 11 90 0 0
9 12 90 0 0
10 13 90 0 0
11 14 90 0 0
12 15 90 0 0
13 16 90 0 0
14 17 90 0 0
15 18 90 0 0
16 19 90 0 0
17 20 90 0 0
18 21 90 0 0
19 22 90 0 0
20 23 90 0 0
21 24 90 0 0
22 25 90 0 0
23 26 90 0 0
24 27 90 0 0
25 28 90 0 0
26 29 90 0 0
27 30 90 0 0
28 31 90 0 0
29 32 90 0 0
30 33 90 0 0
31 34 90 0 0
32 35 90 0 0
33 36 90 0 0
34 37 90 0 0
35 38 90 0 0
36 39 90 0 0
37 40 90 0 0
38 41 90 0 0
39 42 90 0 0
40 43 90 0 0
41 44 90 0 0
42 45 90 0 0
43 46 90 0 0
44 47 90 0 0
45 48 90 0 0
46 49 90 0 0
47 50 90 0 0
48 50 89 0 0
49 51 89 0 0
50 52 89 0 0
51 53 89 0 0
52 54 89 0 0
53 55 89 0 0
54 56 89 0 0
55 57 89 0 0
56 58 89 0 0
57 59 89 0 0
58 60 89 0 0
59 61 89 0 0
60 62 89 0 0
61 62 88 0 0
62 63 88 0 0
63 64 88 0 0
64 65 88 0 0
65 66 88 0 0
66 67 88 0 0
67 67 87 0 0
68 68 87 0 0
69 69 87 0 0
70 70 87 0 0
71 71 87 0 0
72 71 86 0 0
73 72 86 0 0
74 73 86 0 0
75 74 86 0 0
76 75 86 0 0
77 75 85 0 0
78 76 85 0 0
79 77 85 0 0
80 78 85 0 0
81 79 85 0 0
82 80 85 0 0
83 80 84 0 0
84 81 84 0 0
85 82 84 0 0
86 83 84 0 0
87 84 84 0 0
88 84 83 0 0
89 85 83 0 0
90 86 83 0 0
91 87 83 0 0
92 88 83 0 0
93 89 83 0 0
94 90 83 0 0
95 91 83 0 0
96 92 83 0 0
97 92 82 0 0
98 93 82 0 0
99 94 82 0 0
100 95 82 0 0
101 96 82 0 0
102 97 82 0 0
103 98 82 0 0
104 99 82 0 0
105 100 82 0 0
106 101 82 0 0
107 102 82 0 0
108 102 81 0 0
109 103 81 0 0
110 104 81 0 0
111 105 81 0 0
112 106 81 0 0
113 107 81 0 0
114 108 81 0 0
115 109 81 0 0
116 109 82 0 0
117 110 82 0 0
118 111 82 0 0
119 112 82 0 0
120 113 82 0 0
121 114 82 0 0
122 114 83 0 0
123 115 83 0 0
124 116 83 0 0
125 117 83 0 0
126 118 83 0 0
127 118 84 0 0
128 119 84 0 0
129 120 84 0 0
130 121 84 0 0
131 122 84 0 0
132 122 85 0 0
133 123 85 0 0
134 124 85 0 0
135 125 85 0 0
136 126 85 0 0
137 126 86 0 0
138 127 86 0 0
139 128 86 0 0
140 129 86 0 0
141 130 86 0 0
142 130 87 0 0
143 131 87 0 0
144 132 87 0 0
145 133 87 0 0
146 134 87 0 0
147 134 88 0 0
148 135 88 0 0
149 136 88 0 0
150 137 88 0 0
151 137 89 0 0
152 138 89 0 0
153 139 89 0 0
154 140 89 0 0
155 141 89 0 0
156 141 90 0 0
157 142 90 0 0
158 143 90 0 0
159 144 90 0 0
160 145 90 0 0
161 145 91 0 0
162 146 91 0 0
163 147 91 0 0
164 148 91 0 0
165 149 91 0 0
166 150 91 0 0
167 151 91 0 0
168 152 91 0 0
169 152 92 0 0
170 153 92 0 0
171 154 92 0 0
172 155 92 0 0
173 156 92 0 0
174 157 92 0 0
175 158 92 0 0
176 159 92 0 0
177 159 93 0 0
178 160 93 0 0
179 161 93 0 0
180 162 93 0 0
181 163 93 0 0
182 164 93 0 0
183 165 93 0 0
184 165 94 0 0
185 166 94 0 0
186 167 94 0 0
187 168 94 0 0
188 169 94 0 0
189 170 94 0 0
190 171 94 0 0
191 172 94 0 0
192 172 95 0 0
193 173 95 0 0
194 174 95 0 0
195 175 95 0 0
196 176 95 0 0
197 177 95 0 0
198 178 95 0 0
199 179 95 0 0
200 180 95 0 0
201 181 95 0 0
202 182 95 0 0
203 183 95 0 0
204 184 95 0 0
205 184 96 0 0
206 185 96 0 0
207 185 95 0 0
208 186 95 0 0
209 187 95 0 0
210 187 96 0 0
211 188 96 0 0
212 189 96 0 0
213 189 95 0 0
214 190 95 0 0
215 190 96 0 0
216 191 96 0 0
217 192 96 0 0
