0 11 99 0 0
1 12 99 0 0
2 11 99 0 0
3 12 99 0 0
4 13 99 0 0
5 12 99 0 0
6 13 99 0 0
7 14 99 0 0
8 15 99 0 0
9 14 99 0 0
10 15 99 0 0
11 16 99 0 0
12 15 99 0 0
13 16 99 0 0
14 17 99 0 0
15 18 99 0 0
16 17 99 0 0
17 18 99 0 0
18 19 99 0 0
19 18 99 0 0
20 19 99 0 0
21 20 99 0 0
22 21 99 0 0
23 20 99 0 0
24 21 99 0 0
25 22 99 0 0
26 21 99 0 0
27 22 99 0 0
28 23 99 0 0
29 24 99 0 0
30 23 99 0 0
31 24 99 0 0
32 25 99 0 0
33 24 99 0 0
34 25 99 0 0
35 26 99 0 0
36 27 99 0 0
37 26 99 0 0
38 27 99 0 0
39 28 99 0 0
40 27 99 0 0
41 28 99 0 0
42 29 99 0 0
43 30 99 0 0
44 29 99 0 0
45 30 99 0 0
46 31 99 0 0
47 32 99 0 0
48 31 99 0 0
49 32 99 0 0
50 33 99 0 0
51 32 99 0 0
52 33 99 0 0
53 34 99 0 0
54 35 99 0 0
55 34 99 0 0
56 35 99 0 0
57 36 99 0 0
58 37 99 0 0
59 36 99 0 0
60 37 99 0 0
61 38 99 0 0
62 37 99 0 0
63 38 99 0 0
64 39 99 0 0
65 38 99 0 0
66 39 99 0 0
67 40 99 0 0
68 39 99 0 0
69 40 99 0 0
70 41 99 0 0
71 41 100 0 0
72 42 100 0 0
73 41 100 0 0
74 42 100 0 0
75 43 100 0 0
76 42 100 0 0
77 43 100 0 0
78 44 100 0 0
79 43 100 0 0
80 44 100 0 0
81 45 100 0 0
82 44 100 0 0
83 45 100 0 0
84 46 100 0 0
85 45 100 0 0
86 46 100 0 0
87 47 100 0 0
88 48 100 0 0
89 47 100 0 0
90 48 100 0 0
91 49 100 0 0
92 48 100 0 0
93 49 100 0 0
94 49 101 0 0
95 50 101 0 0
96 49 101 0 0
97 50 101 0 0
98 51 101 0 0
99 52 101 0 0
100 51 101 0 0
101 52 101 0 0
102 51 101 0 0
103 52 101 0 0
104 52 100 0 0
105 53 100 0 0
106 52 100 0 0
107 53 100 0 0
108 54 100 0 0
109 53 100 0 0
110 54 100 0 0
111 54 99 0 0
112 55 99 0 0
113 54 99 0 0
114 55 99 0 0
115 54 99 0 0
116 55 99 0 0
117 56 99 0 0
118 56 98 0 0
119 57 98 0 0
120 56 98 0 0
121 57 98 0 0
122 58 98 0 0
123 57 98 0 0
124 58 98 0 0
125 59 98 0 0
126 58 98 0 0
127 59 98 0 0
128 60 98 0 0
129 60 97 0 0
130 61 97 0 0
131 60 97 0 0
132 61 97 0 0
133 62 97 0 0
134 61 97 0 0
135 62 97 0 0
136 63 97 0 0
137 62 97 0 0
138 63 97 0 0
139 64 97 0 0
140 64 96 0 0
141 65 96 0 0
142 64 96 0 0
143 65 96 0 0
144 66 96 0 0
145 65 96 0 0
146 66 96 0 0
147 67 96 0 0
148 68 96 0 0
149 67 96 0 0
150 67 95 0 0
151 68 95 0 0
152 69 95 0 0
153 68 95 0 0
154 69 95 0 0
155 70 95 0 0
156 69 95 0 0
157 70 95 0 0
158 71 95 0 0
159 70 95 0 0
160 71 95 0 0
161 72 95 0 0
162 71 95 0 0
163 72 95 0 0
164 73 95 0 0
165 72 95 0 0
166 73 95 0 0
167 74 95 0 0
168 73 95 0 0
169 73 94 0 0
170 74 94 0 0
171 75 94 0 0
172 74 94 0 0
173 75 94 0 0
174 75 93 0 0
175 76 93 0 0
176 75 93 0 0
177 76 93 0 0
178 77 93 0 0
179 76 93 0 0
180 77 93 0 0
181 77 92 0 0
182 78 92 0 0
183 77 92 0 0
184 78 92 0 0
185 79 92 0 0
186 78 92 0 0
187 78 91 0 0
188 79 91 0 0
189 80 91 0 0
190 79 91 0 0
191 80 91 0 0
192 81 91 0 0
193 81 90 0 0
194 82 90 0 0
195 81 90 0 0
196 82 90 0 0
197 83 90 0 0
198 82 90 0 0
199 83 90 0 0
200 83 89 0 0
201 84 89 0 0
202 83 89 0 0
203 84 89 0 0
204 85 89 0 0
205 86 89 0 0
206 85 89 0 0
207 86 89 0 0
208 86 88 0 0
209 87 88 0 0
210 86 88 0 0
211 87 88 0 0
212 88 88 0 0
213 87 88 0 0
214 88 88 0 0
215 89 88 0 0
216 89 87 0 0
217 90 87 0 0
218 89 87 0 0
219 90 87 0 0
220 91 87 0 0
221 92 87 0 0
222 91 87 0 0
223 92 87 0 0
224 93 87 0 0
225 94 87 0 0
226 93 87 0 0
227 94 87 0 0
228 95 87 0 0
229 96 87 0 0
230 95 87 0 0
231 96 87 0 0
232 97 87 0 0
233 98 87 0 0
234 97 87 0 0
235 98 87 0 0
236 99 87 0 0
237 98 87 0 0
238 99 87 0 0
239 100 87 0 0
240 99 87 0 0
241 100 87 0 0
242 101 87 0 0
243 102 87 0 0
244 101 87 0 0
245 101 86 0 0
246 102 86 0 0
247 102 87 0 0
248 103 87 0 0
249 102 87 0 0
250 103 87 0 0
251 104 87 0 0
252 103 87 0 0
253 104 87 0 0
254 105 87 0 0
255 106 87 0 0
256 105 87 0 0
257 106 87 0 0
258 107 87 0 0
259 106 87 0 0
260 106 88 0 0
261 107 88 0 0
262 108 88 0 0
263 109 88 0 0
264 108 88 0 0
265 109 88 0 0
266 110 88 0 0
267 109 88 0 0
268 110 88 0 0
269 111 88 0 0
270 110 88 0 0
271 111 88 0 0
272 112 88 0 0
273 113 88 0 0
274 112 88 0 0
275 113 88 0 0
276 114 88 0 0
277 113 88 0 0
278 114 88 0 0
279 115 88 0 0
280 115 89 0 0
281 116 89 0 0
282 115 89 0 0
283 116 89 0 0
284 117 89 0 0
285 116 89 0 0
286 117 89 0 0
287 118 89 0 0
288 117 89 0 0
289 118 89 0 0
290 119 89 0 0
291 120 89 0 0
292 119 89 0 0
293 120 89 0 0
294 121 89 0 0
295 120 89 0 0
296 120 90 0 0
297 121 90 0 0
298 122 90 0 0
299 123 90 0 0
300 122 90 0 0
301 123 90 0 0
302 124 90 0 0
303 123 90 0 0
304 124 90 0 0
305 125 90 0 0
306 126 90 0 0
307 125 90 0 0
308 126 90 0 0
309 127 90 0 0
310 126 90 0 0
311 126 91 0 0
312 127 91 0 0
313 128 91 0 0
314 129 91 0 0
315 128 91 0 0
316 129 91 0 0
317 130 91 0 0
318 130 92 0 0
319 131 92 0 0
320 130 92 0 0
321 131 92 0 0
322 132 92 0 0
323 133 92 0 0
324 134 92 0 0
325 133 92 0 0
326 133 93 0 0
327 134 93 0 0
328 135 93 0 0
329 136 93 0 0
330 135 93 0 0
331 136 93 0 0
332 137 93 0 0
333 136 93 0 0
334 136 94 0 0
335 137 94 0 0
336 138 94 0 0
337 139 94 0 0
338 138 94 0 0
339 139 94 0 0
340 140 94 0 0
341 140 95 0 0
342 141 95 0 0
343 140 95 0 0
344 141 95 0 0
345 142 95 0 0
346 143 95 0 0
347 142 95 0 0
348 143 95 0 0
349 144 95 0 0
350 145 95 0 0
351 146 95 0 0
352 145 95 0 0
353 146 95 0 0
354 147 95 0 0
355 146 95 0 0
356 147 95 0 0
357 148 95 0 0
358 149 95 0 0
359 148 95 0 0
360 149 95 0 0
361 149 96 0 0
362 150 96 0 0
363 151 96 0 0
364 150 96 0 0
365 151 96 0 0
366 152 96 0 0
367 153 96 0 0
368 152 96 0 0
369 153 96 0 0
370 154 96 0 0
371 155 96 0 0
372 154 96 0 0
373 155 96 0 0
374 156 96 0 0
375 157 96 0 0
376 156 96 0 0
377 157 96 0 0
378 158 96 0 0
379 159 96 0 0
380 158 96 0 0
381 158 97 0 0
382 159 97 0 0
383 160 97 0 0
384 161 97 0 0
385 160 97 0 0
386 161 97 0 0
387 162 97 0 0
388 163 97 0 0
389 162 97 0 0
390 163 97 0 0
391 164 97 0 0
392 165 97 0 0
393 164 97 0 0
394 165 97 0 0
395 166 97 0 0
396 167 97 0 0
397 166 97 0 0
398 167 97 0 0
399 168 97 0 0
400 168 98 0 0
401 169 98 0 0
402 168 98 0 0
403 169 98 0 0
404 170 98 0 0
405 171 98 0 0
406 170 98 0 0
407 171 98 0 0
408 172 98 0 0
409 173 98 0 0
410 172 98 0 0
411 173 98 0 0
412 174 98 0 0
413 173 98 0 0
414 174 98 0 0
415 175 98 0 0
416 176 98 0 0
417 175 98 0 0
418 176 98 0 0
419 177 98 0 0
420 178 98 0 0
421 177 98 0 0
422 178 98 0 0
423 179 98 0 0
424 180 98 0 0
425 181 98 0 0
426 180 98 0 0
427 181 98 0 0
428 182 98 0 0
429 183 98 0 0
430 182 98 0 0
431 182 97 0 0
432 183 97 0 0
433 184 97 0 0
434 183 97 0 0
435 184 97 0 0
436 185 97 0 0
437 186 97 0 0
438 185 97 0 0
439 186 97 0 0
440 187 97 0 0
441 188 97 0 0
442 187 97 0 0
443 188 97 0 0
444 189 97 0 0
445 190 97 0 0
446 189 97 0 0
447 190 97 0 0
448 191 97 0 0
449 192 97 0 0
450 191 97 0 0
451 192 97 0 0
452 193 97 0 0
453 192 97 0 0
454 193 97 0 0
455 193 98 0 0
456 194 98 0 0
457 193 98 0 0
458 194 98 0 0
459 193 98 0 0
460 194 98 0 0
461 195 98 0 0
462 194 98 0 0
463 194 99 0 0
464 195 99 0 0
465 194 99 0 0
466 195 99 0 0
