0 94 5 0 0
1 94 6 0 0
2 94 7 0 0
3 94 8 0 0
4 94 9 0 0
5 94 10 0 0
6 94 11 0 0
7 94 12 0 0
8 94 13 0 0
9 94 14 0 0
10 94 15 0 0
11 94 16 0 0
12 94 17 0 0
13 94 18 0 0
14 94 19 0 0
15 94 20 0 0
16 94 21 0 0
17 95 21 0 0
18 95 22 0 0
19 95 23 0 0
20 95 24 0 0
21 95 25 0 0
22 95 26 0 0
23 95 27 0 0
24 95 28 0 0
25 96 28 0 0
26 96 29 0 0
27 96 30 0 0
28 96 31 0 0
29 96 32 0 0
30 97 32 0 0
31 97 33 0 0
32 97 34 0 0
33 97 35 0 0
34 97 36 0 0
35 97 37 0 0
36 97 38 0 0
37 97 39 0 0
38 98 39 0 0
39 98 40 0 0
40 98 41 0 0
41 98 42 0 0
42 98 43 0 0
43 98 44 0 0
44 98 45 0 0
45 99 45 0 0
46 99 46 0 0
47 99 47 0 0
48 99 48 0 0
49 100 48 0 0
50 100 49 0 0
51 100 50 0 0
52 100 51 0 0
53 101 51 0 0
54 101 52 0 0
55 101 53 0 0
56 101 54 0 0
57 102 54 0 0
58 102 55 0 0
59 102 56 0 0
60 102 57 0 0
61 103 57 0 0
62 103 58 0 0
63 103 59 0 0
64 104 59 0 0
65 104 60 0 0
66 104 61 0 0
67 104 62 0 0
68 105 62 0 0
69 105 63 0 0
70 105 64 0 0
71 105 65 0 0
72 106 65 0 0
73 106 66 0 0
74 106 67 0 0
75 107 67 0 0
76 107 68 0 0
77 107 69 0 0
78 107 70 0 0
79 108 70 0 0
80 108 71 0 0
81 109 71 0 0
82 109 72 0 0
83 109 73 0 0
84 110 73 0 0
85 110 74 0 0
86 111 74 0 0
87 111 75 0 0
88 111 76 0 0
89 112 76 0 0
90 112 77 0 0
91 113 77 0 0
92 113 78 0 0
93 113 79 0 0
94 114 79 0 0
95 114 80 0 0
96 115 80 0 0
97 115 81 0 0
98 116 81 0 0
99 116 82 0 0
100 117 82 0 0
101 117 83 0 0
102 118 83 0 0
103 119 83 0 0
104 119 84 0 0
105 120 84 0 0
106 120 85 0 0
107 121 85 0 0
108 121 86 0 0
109 122 86 0 0
110 122 87 0 0
111 122 88 0 0
112 123 88 0 0
113 123 89 0 0
114 124 89 0 0
115 125 89 0 0
116 126 89 0 0
117 127 89 0 0
118 127 90 0 0
119 128 90 0 0
120 129 90 0 0
121 130 90 0 0
122 130 91 0 0
123 131 91 0 0
124 132 91 0 0
125 133 91 0 0
126 134 91 0 0
127 134 92 0 0
128 135 92 0 0
129 136 92 0 0
130 137 92 0 0
131 138 92 0 0
132 139 92 0 0
133 139 93 0 0
134 140 93 0 0
135 141 93 0 0
136 142 93 0 0
137 143 93 0 0
138 144 93 0 0
139 145 93 0 0
140 145 94 0 0
141 146 94 0 0
142 147 94 0 0
143 148 94 0 0
144 149 94 0 0
145 150 94 0 0
146 151 94 0 0
147 151 95 0 0
148 152 95 0 0
149 153 95 0 0
150 154 95 0 0
151 155 95 0 0
152 156 95 0 0
153 157 95 0 0
154 158 95 0 0
155 159 95 0 0
156 160 95 0 0
157 161 95 0 0
158 162 95 0 0
159 162 94 0 0
160 163 94 0 0
161 163 95 0 0
162 164 95 0 0
163 165 95 0 0
164 166 95 0 0
165 167 95 0 0
166 168 95 0 0
167 169 95 0 0
168 170 95 0 0
169 171 95 0 0
170 172 95 0 0
171 173 95 0 0
172 174 95 0 0
173 175 95 0 0
174 176 95 0 0
175 177 95 0 0
176 178 95 0 0
177 179 95 0 0
178 180 95 0 0
179 181 95 0 0
180 182 95 0 0
181 183 95 0 0
182 184 95 0 0
183 185 95 0 0
184 186 95 0 0
185 187 95 0 0
186 188 95 0 0
187 189 95 0 0
188 190 95 0 0
189 190 96 0 0
190 191 96 0 0
191 192 96 0 0
192 193 96 0 0
