0 196 107 0 0
1 195 107 0 0
2 194 107 0 0
3 193 107 0 0
4 192 107 0 0
5 191 107 0 0
6 191 106 0 0
7 190 106 0 0
8 189 106 0 0
9 188 106 0 0
10 187 106 0 0
11 186 106 0 0
12 185 106 0 0
13 184 106 0 0
14 183 106 0 0
15 182 106 0 0
16 181 106 0 0
17 180 106 0 0
18 179 106 0 0
19 178 106 0 0
20 177 106 0 0
21 176 106 0 0
22 175 106 0 0
23 174 106 0 0
24 174 105 0 0
25 174 106 0 0
26 173 106 0 0
27 172 106 0 0
28 171 106 0 0
29 170 106 0 0
30 169 106 0 0
31 168 106 0 0
32 167 106 0 0
33 166 106 0 0
34 165 106 0 0
35 164 106 0 0
36 163 106 0 0
37 162 106 0 0
38 161 106 0 0
39 160 106 0 0
40 159 106 0 0
41 158 106 0 0
42 157 106 0 0
43 156 106 0 0
44 156 105 0 0
45 155 105 0 0
46 154 105 0 0
47 153 105 0 0
48 152 105 0 0
49 151 105 0 0
50 150 105 0 0
51 149 105 0 0
52 148 105 0 0
53 148 104 0 0
54 148 105 0 0
55 147 105 0 0
56 146 105 0 0
57 145 105 0 0
58 144 105 0 0
59 144 106 0 0
60 143 106 0 0
61 142 106 0 0
62 141 106 0 0
63 140 106 0 0
64 140 107 0 0
65 139 107 0 0
66 138 107 0 0
67 137 107 0 0
68 137 108 0 0
69 136 108 0 0
70 135 108 0 0
71 134 108 0 0
72 134 109 0 0
73 133 109 0 0
74 132 109 0 0
75 132 110 0 0
76 131 110 0 0
77 130 110 0 0
78 129 110 0 0
79 129 111 0 0
80 128 111 0 0
81 127 111 0 0
82 127 112 0 0
83 126 112 0 0
84 125 112 0 0
85 124 112 0 0
86 124 113 0 0
87 123 113 0 0
88 122 113 0 0
89 121 113 0 0
90 121 114 0 0
91 120 114 0 0
92 119 114 0 0
93 118 114 0 0
94 118 115 0 0
95 117 115 0 0
96 116 115 0 0
97 115 115 0 0
98 115 116 0 0
99 114 116 0 0
100 113 116 0 0
101 112 116 0 0
102 112 117 0 0
103 111 117 0 0
104 110 117 0 0
105 109 117 0 0
106 108 117 0 0
107 107 117 0 0
108 106 117 0 0
109 106 116 0 0
110 105 116 0 0
111 104 116 0 0
112 103 116 0 0
113 102 116 0 0
114 101 116 0 0
115 100 116 0 0
116 99 116 0 0
117 98 116 0 0
118 98 115 0 0
119 97 115 0 0
120 96 115 0 0
121 95 115 0 0
122 95 114 0 0
123 94 114 0 0
124 93 114 0 0
125 93 113 0 0
126 92 113 0 0
127 91 113 0 0
128 90 113 0 0
129 90 112 0 0
130 89 112 0 0
131 88 112 0 0
132 88 111 0 0
133 87 111 0 0
134 86 111 0 0
135 86 110 0 0
136 85 110 0 0
137 84 110 0 0
138 84 109 0 0
139 83 109 0 0
140 82 109 0 0
141 82 108 0 0
142 81 108 0 0
143 80 108 0 0
144 80 107 0 0
145 79 107 0 0
146 78 107 0 0
147 78 106 0 0
148 77 106 0 0
149 76 106 0 0
150 75 106 0 0
151 75 105 0 0
152 74 105 0 0
153 73 105 0 0
154 72 105 0 0
155 71 105 0 0
156 71 104 0 0
157 70 104 0 0
158 69 104 0 0
159 68 104 0 0
160 68 103 0 0
161 67 103 0 0
162 66 103 0 0
163 65 103 0 0
164 64 103 0 0
165 63 103 0 0
166 62 103 0 0
167 61 103 0 0
168 60 103 0 0
169 59 103 0 0
170 58 103 0 0
171 57 103 0 0
172 56 103 0 0
173 55 103 0 0
174 54 103 0 0
175 53 103 0 0
176 52 103 0 0
177 51 103 0 0
178 50 103 0 0
179 49 103 0 0
180 48 103 0 0
181 47 103 0 0
182 46 103 0 0
183 45 103 0 0
184 44 103 0 0
185 43 103 0 0
186 42 103 0 0
187 42 102 0 0
188 41 102 0 0
189 40 102 0 0
190 39 102 0 0
191 38 102 0 0
192 37 102 0 0
193 36 102 0 0
194 35 102 0 0
195 34 102 0 0
196 33 102 0 0
197 33 101 0 0
198 32 101 0 0
199 31 101 0 0
200 30 101 0 0
201 29 101 0 0
202 28 101 0 0
203 27 101 0 0
204 26 101 0 0
205 25 101 0 0
206 24 101 0 0
207 23 101 0 0
208 22 101 0 0
209 21 101 0 0
210 20 101 0 0
211 19 101 0 0
212 18 101 0 0
213 17 101 0 0
214 16 101 0 0
215 15 101 0 0
216 14 101 0 0
217 13 101 0 0
218 12 101 0 0
219 12 100 0 0
220 11 100 0 0
221 10 100 0 0
222 10 99 0 0
223 9 99 0 0
224 8 99 0 0
225 7 99 0 0
226 6 99 0 0
227 5 99 0 0
228 4 99 0 0
