0 194 105 0 0
1 194 106 0 0
2 193 106 0 0
3 192 106 0 0
4 191 106 0 0
5 190 106 0 0
6 190 107 0 0
7 189 107 0 0
8 188 107 0 0
9 187 107 0 0
10 186 107 0 0
11 185 107 0 0
12 184 107 0 0
13 183 107 0 0
14 182 107 0 0
15 181 107 0 0
16 180 107 0 0
17 179 107 0 0
18 178 107 0 0
19 177 107 0 0
20 176 107 0 0
21 175 107 0 0
22 174 107 0 0
23 173 107 0 0
24 172 107 0 0
25 171 107 0 0
26 171 108 0 0
27 170 108 0 0
28 169 108 0 0
29 168 108 0 0
30 167 108 0 0
31 166 108 0 0
32 165 108 0 0
33 164 108 0 0
34 163 108 0 0
35 162 108 0 0
36 161 108 0 0
37 160 108 0 0
38 159 108 0 0
39 158 108 0 0
40 157 108 0 0
41 156 108 0 0
42 155 108 0 0
43 154 108 0 0
44 153 108 0 0
45 152 108 0 0
46 152 109 0 0
47 151 109 0 0
48 150 109 0 0
49 149 109 0 0
50 148 109 0 0
51 147 109 0 0
52 146 109 0 0
53 146 110 0 0
54 145 110 0 0
55 144 110 0 0
56 143 110 0 0
57 142 110 0 0
58 141 110 0 0
59 140 110 0 0
60 139 110 0 0
61 138 110 0 0
62 137 110 0 0
63 136 110 0 0
64 135 110 0 0
65 135 111 0 0
66 134 111 0 0
67 133 111 0 0
68 132 111 0 0
69 132 112 0 0
70 131 112 0 0
71 130 112 0 0
72 129 112 0 0
73 128 112 0 0
74 128 113 0 0
75 127 113 0 0
76 126 113 0 0
77 126 114 0 0
78 125 114 0 0
79 124 114 0 0
80 124 115 0 0
81 123 115 0 0
82 122 115 0 0
83 122 116 0 0
84 121 116 0 0
85 120 116 0 0
86 120 117 0 0
87 119 117 0 0
88 118 117 0 0
89 118 118 0 0
90 117 118 0 0
91 117 119 0 0
92 116 119 0 0
93 115 119 0 0
94 115 120 0 0
95 114 120 0 0
96 113 120 0 0
97 113 121 0 0
98 112 121 0 0
99 112 122 0 0
100 111 122 0 0
101 110 122 0 0
102 109 122 0 0
103 108 122 0 0
104 107 122 0 0
105 106 122 0 0
106 105 122 0 0
107 104 122 0 0
108 103 122 0 0
109 102 122 0 0
110 101 122 0 0
111 100 122 0 0
112 99 122 0 0
113 98 122 0 0
114 97 122 0 0
115 96 122 0 0
116 96 121 0 0
117 95 121 0 0
118 95 120 0 0
119 94 120 0 0
120 93 120 0 0
121 93 119 0 0
122 92 119 0 0
123 92 118 0 0
124 91 118 0 0
125 91 117 0 0
126 90 117 0 0
127 90 116 0 0
128 89 116 0 0
129 88 116 0 0
130 88 115 0 0
131 87 115 0 0
132 87 114 0 0
133 86 114 0 0
134 85 114 0 0
135 85 113 0 0
136 84 113 0 0
137 84 112 0 0
138 83 112 0 0
139 83 111 0 0
140 82 111 0 0
141 81 111 0 0
142 80 111 0 0
143 79 111 0 0
144 78 111 0 0
145 78 110 0 0
146 77 110 0 0
147 76 110 0 0
148 75 110 0 0
149 74 110 0 0
150 73 110 0 0
151 72 110 0 0
152 71 110 0 0
153 70 110 0 0
154 69 110 0 0
155 68 110 0 0
156 67 110 0 0
157 66 110 0 0
158 65 110 0 0
159 64 110 0 0
160 63 110 0 0
161 62 110 0 0
162 61 110 0 0
163 60 110 0 0
164 60 109 0 0
165 59 109 0 0
166 58 109 0 0
167 57 109 0 0
168 56 109 0 0
169 56 108 0 0
170 55 108 0 0
171 54 108 0 0
172 53 108 0 0
173 53 107 0 0
174 52 107 0 0
175 51 107 0 0
176 50 107 0 0
177 49 107 0 0
178 48 107 0 0
179 47 107 0 0
180 46 107 0 0
181 45 107 0 0
182 44 107 0 0
183 43 107 0 0
184 42 107 0 0
185 41 107 0 0
186 40 107 0 0
187 39 107 0 0
188 38 107 0 0
189 37 107 0 0
190 36 107 0 0
191 35 107 0 0
192 34 107 0 0
193 33 107 0 0
194 32 107 0 0
195 31 107 0 0
196 31 106 0 0
197 31 107 0 0
198 30 107 0 0
199 29 107 0 0
200 28 107 0 0
201 27 107 0 0
202 26 107 0 0
203 25 107 0 0
204 24 107 0 0
205 23 107 0 0
206 22 107 0 0
207 21 107 0 0
208 20 107 0 0
209 19 107 0 0
210 18 107 0 0
211 18 106 0 0
212 17 106 0 0
213 16 106 0 0
214 15 106 0 0
215 14 106 0 0
216 13 106 0 0
217 12 106 0 0
218 11 106 0 0
219 11 107 0 0
220 10 107 0 0
221 9 107 0 0
222 8 107 0 0
223 7 107 0 0
224 6 107 0 0
225 5 107 0 0
226 4 107 0 0
227 3 107 0 0
