0 400 19600 0 0
1 600 19600 0 0
2 800 19600 0 0
3 1000 19600 0 0
4 1200 19600 0 0
5 1400 19600 0 0
6 1600 19600 0 0
7 1800 19600 0 0
8 2000 19600 0 0
9 2200 19600 0 0
10 2400 19600 0 0
11 2600 19600 0 0
12 2800 19600 0 0
13 2800 19800 0 0
14 3000 19800 0 0
15 3200 19800 0 0
16 3400 19800 0 0
17 3600 19800 0 0
18 3800 19800 0 0
19 4000 19800 0 0
20 4200 19800 0 0
21 4400 19800 0 0
22 4600 19800 0 0
23 4800 19800 0 0
24 5000 19800 0 0
25 5200 19800 0 0
26 5400 19800 0 0
27 5600 19800 0 0
28 5800 19800 0 0
29 6000 19800 0 0
30 6200 19800 0 0
31 6400 19800 0 0
32 6600 19800 0 0
33 6800 19800 0 0
34 7000 19800 0 0
35 7200 19800 0 0
36 7400 19800 0 0
37 7600 19800 0 0
38 7800 19800 0 0
39 7800 19600 0 0
40 8000 19600 0 0
41 8200 19600 0 0
42 8400 19600 0 0
43 8600 19600 0 0
44 8800 19600 0 0
45 9000 19600 0 0
46 9200 19600 0 0
47 9400 19600 0 0
48 9600 19600 0 0
49 9800 19600 0 0
50 10000 19600 0 0
51 10200 19600 0 0
52 10400 19600 0 0
53 10600 19600 0 0
54 10800 19600 0 0
55 11000 19600 0 0
56 11200 19600 0 0
57 11400 19600 0 0
58 11400 19400 0 0
59 11600 19400 0 0
60 11800 19400 0 0
61 12000 19400 0 0
62 12000 19200 0 0
63 12200 19200 0 0
64 12400 19200 0 0
65 12600 19200 0 0
66 12600 19000 0 0
67 12800 19000 0 0
68 13000 19000 0 0
69 13200 19000 0 0
70 13200 18800 0 0
71 13400 18800 0 0
72 13600 18800 0 0
73 13800 18800 0 0
74 13800 18600 0 0
75 14000 18600 0 0
76 14200 18600 0 0
77 14400 18600 0 0
78 14400 18400 0 0
79 14600 18400 0 0
80 14800 18400 0 0
81 14800 18200 0 0
82 15000 18200 0 0
83 15200 18200 0 0
84 15400 18200 0 0
85 15400 18000 0 0
86 15600 18000 0 0
87 15800 18000 0 0
88 16000 18000 0 0
89 16000 17800 0 0
90 16200 17800 0 0
91 16400 17800 0 0
92 16400 17600 0 0
93 16600 17600 0 0
94 16800 17600 0 0
95 17000 17600 0 0
96 17000 17400 0 0
97 17200 17400 0 0
98 17400 17400 0 0
99 17400 17200 0 0
100 17600 17200 0 0
101 17800 17200 0 0
102 17800 17000 0 0
103 18000 17000 0 0
104 18200 17000 0 0
105 18200 16800 0 0
106 18400 16800 0 0
107 18600 16800 0 0
108 18800 16800 0 0
109 19000 16800 0 0
110 19200 16800 0 0
111 19400 16800 0 0
112 19600 16800 0 0
113 19800 16800 0 0
114 20000 16800 0 0
115 20000 16600 0 0
116 20200 16600 0 0
117 20400 16600 0 0
118 20600 16600 0 0
119 20800 16600 0 0
120 21000 16600 0 0
121 21200 16600 0 0
122 21400 16600 0 0
123 21600 16600 0 0
124 21800 16600 0 0
125 22000 16600 0 0
126 22200 16600 0 0
127 22200 16800 0 0
128 22400 16800 0 0
129 22600 16800 0 0
130 22600 17000 0 0
131 22800 17000 0 0
132 22800 17200 0 0
133 23000 17200 0 0
134 23200 17200 0 0
135 23200 17400 0 0
136 23400 17400 0 0
137 23400 17600 0 0
138 23600 17600 0 0
139 23800 17600 0 0
140 23800 17800 0 0
141 24000 17800 0 0
142 24200 17800 0 0
143 24400 17800 0 0
144 24600 17800 0 0
145 24600 18000 0 0
146 24800 18000 0 0
147 25000 18000 0 0
148 25200 18000 0 0
149 25400 18000 0 0
150 25400 18200 0 0
151 25600 18200 0 0
152 25800 18200 0 0
153 25800 18400 0 0
154 26000 18400 0 0
155 26200 18400 0 0
156 26400 18400 0 0
157 26600 18400 0 0
158 26600 18600 0 0
159 26800 18600 0 0
160 27000 18600 0 0
161 27200 18600 0 0
162 27400 18600 0 0
163 27600 18600 0 0
164 27800 18600 0 0
165 27800 18800 0 0
166 28000 18800 0 0
167 28200 18800 0 0
168 28400 18800 0 0
169 28600 18800 0 0
170 28800 18800 0 0
171 29000 18800 0 0
172 29200 18800 0 0
173 29400 18800 0 0
174 29600 18800 0 0
175 29600 19000 0 0
176 29800 19000 0 0
177 30000 19000 0 0
178 30200 19000 0 0
179 30400 19000 0 0
180 30600 19000 0 0
181 30800 19000 0 0
182 31000 19000 0 0
183 31200 19000 0 0
184 31400 19000 0 0
185 31600 19000 0 0
186 31800 19000 0 0
187 32000 19000 0 0
188 32200 19000 0 0
189 32200 19200 0 0
190 32400 19200 0 0
191 32600 19200 0 0
192 32800 19200 0 0
193 33000 19200 0 0
194 33200 19200 0 0
195 33400 19200 0 0
196 33600 19200 0 0
197 33800 19200 0 0
198 34000 19200 0 0
199 34200 19200 0 0
200 34400 19200 0 0
201 34600 19200 0 0
202 34800 19200 0 0
203 35000 19200 0 0
204 35200 19200 0 0
205 35400 19200 0 0
206 35600 19200 0 0
207 35800 19200 0 0
208 36000 19200 0 0
209 36000 19000 0 0
210 36000 19200 0 0
211 36200 19200 0 0
212 36200 19000 0 0
213 36400 19000 0 0
214 36600 19000 0 0
215 36800 19000 0 0
216 37000 19000 0 0
217 37200 19000 0 0
218 37400 19000 0 0
219 37400 19200 0 0
220 37600 19200 0 0
221 37800 19200 0 0
222 38000 19200 0 0
223 38200 19200 0 0
224 38400 19200 0 0
225 38600 19200 0 0
226 38800 19200 0 0
227 39000 19200 0 0
