0 1 87 0 0
1 2 87 0 0
2 3 87 0 0
3 2 87 0 0
4 3 87 0 0
5 4 87 0 0
6 3 87 0 0
7 4 87 0 0
8 5 87 0 0
9 6 87 0 0
10 5 87 0 0
11 6 87 0 0
12 7 87 0 0
13 6 87 0 0
14 7 87 0 0
15 8 87 0 0
16 7 87 0 0
17 8 87 0 0
18 9 87 0 0
19 10 87 0 0
20 9 87 0 0
21 10 87 0 0
22 11 87 0 0
23 12 87 0 0
24 11 87 0 0
25 12 87 0 0
26 13 87 0 0
27 12 87 0 0
28 13 87 0 0
29 14 87 0 0
30 15 87 0 0
31 14 87 0 0
32 14 88 0 0
33 15 88 0 0
34 16 88 0 0
35 15 88 0 0
36 16 88 0 0
37 17 88 0 0
38 18 88 0 0
39 17 88 0 0
40 18 88 0 0
41 19 88 0 0
42 18 88 0 0
43 19 88 0 0
44 20 88 0 0
45 21 88 0 0
46 20 88 0 0
47 21 88 0 0
48 22 88 0 0
49 21 88 0 0
50 22 88 0 0
51 23 88 0 0
52 24 88 0 0
53 23 88 0 0
54 24 88 0 0
55 25 88 0 0
56 24 88 0 0
57 25 88 0 0
58 26 88 0 0
59 27 88 0 0
60 26 88 0 0
61 27 88 0 0
62 28 88 0 0
63 27 88 0 0
64 28 88 0 0
65 29 88 0 0
66 30 88 0 0
67 29 88 0 0
68 30 88 0 0
69 31 88 0 0
70 32 88 0 0
71 31 88 0 0
72 32 88 0 0
73 33 88 0 0
74 32 88 0 0
75 33 88 0 0
76 34 88 0 0
77 35 88 0 0
78 34 88 0 0
79 35 88 0 0
80 36 88 0 0
81 35 88 0 0
82 36 88 0 0
83 37 88 0 0
84 36 88 0 0
85 37 88 0 0
86 38 88 0 0
87 39 88 0 0
88 38 88 0 0
89 39 88 0 0
90 40 88 0 0
91 39 88 0 0
92 40 88 0 0
93 41 88 0 0
94 41 89 0 0
95 42 89 0 0
96 41 89 0 0
97 42 89 0 0
98 43 89 0 0
99 42 89 0 0
100 43 89 0 0
101 44 89 0 0
102 45 89 0 0
103 44 89 0 0
104 45 89 0 0
105 46 89 0 0
106 47 89 0 0
107 46 89 0 0
108 47 89 0 0
109 48 89 0 0
110 47 89 0 0
111 48 89 0 0
112 49 89 0 0
113 50 89 0 0
114 49 89 0 0
115 50 89 0 0
116 51 89 0 0
117 50 89 0 0
118 51 89 0 0
119 52 89 0 0
120 51 89 0 0
121 52 89 0 0
122 53 89 0 0
123 54 89 0 0
124 53 89 0 0
125 54 89 0 0
126 55 89 0 0
127 54 89 0 0
128 55 89 0 0
129 56 89 0 0
130 57 89 0 0
131 56 89 0 0
132 57 89 0 0
133 58 89 0 0
134 57 89 0 0
135 58 89 0 0
136 59 89 0 0
137 60 89 0 0
138 59 89 0 0
139 60 89 0 0
140 61 89 0 0
141 62 89 0 0
142 61 89 0 0
143 62 89 0 0
144 63 89 0 0
145 62 89 0 0
146 63 89 0 0
147 64 89 0 0
148 65 89 0 0
149 64 89 0 0
150 65 89 0 0
151 66 89 0 0
152 65 89 0 0
153 66 89 0 0
154 67 89 0 0
155 68 89 0 0
156 67 89 0 0
157 68 89 0 0
158 69 89 0 0
159 68 89 0 0
160 69 89 0 0
161 70 89 0 0
162 69 89 0 0
163 69 88 0 0
164 70 88 0 0
165 71 88 0 0
166 72 88 0 0
167 71 88 0 0
168 72 88 0 0
169 73 88 0 0
170 72 88 0 0
171 72 87 0 0
172 73 87 0 0
173 74 87 0 0
174 75 87 0 0
175 74 87 0 0
176 75 87 0 0
177 76 87 0 0
178 75 87 0 0
179 75 86 0 0
180 76 86 0 0
181 77 86 0 0
182 78 86 0 0
183 77 86 0 0
184 78 86 0 0
185 79 86 0 0
186 79 85 0 0
187 80 85 0 0
188 79 85 0 0
189 80 85 0 0
190 81 85 0 0
191 80 85 0 0
192 81 85 0 0
193 82 85 0 0
194 81 85 0 0
195 82 85 0 0
196 83 85 0 0
197 82 85 0 0
198 82 84 0 0
199 83 84 0 0
200 84 84 0 0
201 85 84 0 0
202 84 84 0 0
203 85 84 0 0
204 86 84 0 0
205 85 84 0 0
206 86 84 0 0
207 86 83 0 0
208 87 83 0 0
209 86 83 0 0
210 87 83 0 0
211 88 83 0 0
212 87 83 0 0
213 88 83 0 0
214 89 83 0 0
215 90 83 0 0
216 89 83 0 0
217 90 83 0 0
218 91 83 0 0
219 90 83 0 0
220 91 83 0 0
221 92 83 0 0
222 91 83 0 0
223 91 82 0 0
224 92 82 0 0
225 93 82 0 0
226 92 82 0 0
227 93 82 0 0
228 93 81 0 0
229 94 81 0 0
230 95 81 0 0
231 94 81 0 0
232 95 81 0 0
233 96 81 0 0
234 95 81 0 0
235 96 81 0 0
236 97 81 0 0
237 96 81 0 0
238 96 80 0 0
239 97 80 0 0
240 97 81 0 0
241 98 81 0 0
242 97 81 0 0
243 98 81 0 0
244 99 81 0 0
245 98 81 0 0
246 99 81 0 0
247 100 81 0 0
248 99 81 0 0
249 100 81 0 0
250 101 81 0 0
251 100 81 0 0
252 101 81 0 0
253 102 81 0 0
254 101 81 0 0
255 102 81 0 0
256 103 81 0 0
257 102 81 0 0
258 103 81 0 0
259 102 81 0 0
260 103 81 0 0
261 104 81 0 0
262 105 81 0 0
263 104 81 0 0
264 105 81 0 0
265 104 81 0 0
266 105 81 0 0
267 106 81 0 0
268 107 81 0 0
269 106 81 0 0
270 107 81 0 0
271 106 81 0 0
272 107 81 0 0
273 108 81 0 0
274 107 81 0 0
275 108 81 0 0
276 108 82 0 0
277 109 82 0 0
278 108 82 0 0
279 109 82 0 0
280 110 82 0 0
281 109 82 0 0
282 110 82 0 0
283 111 82 0 0
284 110 82 0 0
285 111 82 0 0
286 112 82 0 0
287 111 82 0 0
288 112 82 0 0
289 113 82 0 0
290 112 82 0 0
291 113 82 0 0
292 114 82 0 0
293 113 82 0 0
294 114 82 0 0
295 114 83 0 0
296 115 83 0 0
297 114 83 0 0
298 115 83 0 0
299 116 83 0 0
300 115 83 0 0
301 116 83 0 0
302 115 83 0 0
303 116 83 0 0
304 117 83 0 0
305 117 84 0 0
306 118 84 0 0
307 117 84 0 0
308 118 84 0 0
309 117 84 0 0
310 118 84 0 0
311 119 84 0 0
312 119 85 0 0
313 120 85 0 0
314 119 85 0 0
315 120 85 0 0
316 119 85 0 0
317 120 85 0 0
318 121 85 0 0
319 121 86 0 0
320 122 86 0 0
321 121 86 0 0
322 122 86 0 0
323 121 86 0 0
324 122 86 0 0
325 123 86 0 0
326 122 86 0 0
327 122 87 0 0
328 123 87 0 0
329 124 87 0 0
330 125 87 0 0
331 124 87 0 0
332 125 87 0 0
333 124 87 0 0
334 125 87 0 0
335 125 88 0 0
336 126 88 0 0
337 125 88 0 0
338 126 88 0 0
339 127 88 0 0
340 126 88 0 0
341 127 88 0 0
342 128 88 0 0
343 127 88 0 0
344 127 89 0 0
345 128 89 0 0
346 129 89 0 0
347 128 89 0 0
348 129 89 0 0
349 130 89 0 0
350 129 89 0 0
351 130 89 0 0
352 130 90 0 0
353 131 90 0 0
354 130 90 0 0
355 131 90 0 0
356 132 90 0 0
357 131 90 0 0
358 132 90 0 0
359 133 90 0 0
360 132 90 0 0
361 132 91 0 0
362 133 91 0 0
363 132 91 0 0
364 133 91 0 0
365 134 91 0 0
366 135 91 0 0
367 134 91 0 0
368 135 91 0 0
369 134 91 0 0
370 134 92 0 0
371 135 92 0 0
372 136 92 0 0
373 135 92 0 0
374 136 92 0 0
375 137 92 0 0
376 136 92 0 0
377 137 92 0 0
378 137 93 0 0
379 138 93 0 0
380 137 93 0 0
381 138 93 0 0
382 139 93 0 0
383 138 93 0 0
384 139 93 0 0
385 140 93 0 0
386 139 93 0 0
387 140 93 0 0
388 140 94 0 0
389 141 94 0 0
390 142 94 0 0
391 141 94 0 0
392 142 94 0 0
393 143 94 0 0
394 142 94 0 0
395 143 94 0 0
396 144 94 0 0
397 143 94 0 0
398 144 94 0 0
399 144 95 0 0
400 145 95 0 0
401 146 95 0 0
402 145 95 0 0
403 146 95 0 0
404 147 95 0 0
405 146 95 0 0
406 147 95 0 0
407 148 95 0 0
408 147 95 0 0
409 148 95 0 0
410 148 96 0 0
411 149 96 0 0
412 150 96 0 0
413 149 96 0 0
414 150 96 0 0
415 151 96 0 0
416 150 96 0 0
417 151 96 0 0
418 152 96 0 0
419 151 96 0 0
420 151 97 0 0
421 152 97 0 0
422 153 97 0 0
423 152 97 0 0
424 153 97 0 0
425 152 97 0 0
426 153 97 0 0
427 154 97 0 0
428 153 97 0 0
429 154 97 0 0
430 155 97 0 0
431 154 97 0 0
432 154 98 0 0
433 155 98 0 0
434 156 98 0 0
435 155 98 0 0
436 156 98 0 0
437 155 98 0 0
438 156 98 0 0
439 157 98 0 0
440 156 98 0 0
441 157 98 0 0
442 158 98 0 0
443 157 98 0 0
444 158 98 0 0
445 159 98 0 0
446 158 98 0 0
447 159 98 0 0
448 160 98 0 0
449 161 98 0 0
450 160 98 0 0
451 161 98 0 0
452 162 98 0 0
453 161 98 0 0
454 162 98 0 0
455 163 98 0 0
456 162 98 0 0
457 163 98 0 0
458 164 98 0 0
459 163 98 0 0
460 164 98 0 0
461 165 98 0 0
462 164 98 0 0
463 164 99 0 0
464 165 99 0 0
465 166 99 0 0
466 165 99 0 0
467 166 99 0 0
468 167 99 0 0
469 166 99 0 0
470 167 99 0 0
471 168 99 0 0
472 167 99 0 0
473 168 99 0 0
474 169 99 0 0
475 168 99 0 0
476 169 99 0 0
477 170 99 0 0
478 169 99 0 0
479 169 100 0 0
480 170 100 0 0
481 171 100 0 0
482 170 100 0 0
483 171 100 0 0
484 172 100 0 0
485 173 100 0 0
486 172 100 0 0
487 173 100 0 0
488 174 100 0 0
489 173 100 0 0
490 174 100 0 0
491 175 100 0 0
492 174 100 0 0
493 174 99 0 0
494 175 99 0 0
495 176 99 0 0
496 175 99 0 0
497 176 99 0 0
498 177 99 0 0
499 176 99 0 0
500 177 99 0 0
501 178 99 0 0
502 178 98 0 0
503 179 98 0 0
504 178 98 0 0
505 179 98 0 0
506 180 98 0 0
507 179 98 0 0
508 180 98 0 0
509 181 98 0 0
510 180 98 0 0
511 181 98 0 0
512 182 98 0 0
513 181 98 0 0
514 182 98 0 0
515 183 98 0 0
516 182 98 0 0
517 183 98 0 0
518 182 98 0 0
519 183 98 0 0
520 184 98 0 0
521 183 98 0 0
522 184 98 0 0
523 185 98 0 0
524 184 98 0 0
525 185 98 0 0
526 186 98 0 0
527 185 98 0 0
528 186 98 0 0
529 187 98 0 0
530 186 98 0 0
531 187 98 0 0
532 186 98 0 0
533 187 98 0 0
534 188 98 0 0
535 187 98 0 0
536 188 98 0 0
537 189 98 0 0
538 188 98 0 0
539 189 98 0 0
540 190 98 0 0
541 189 98 0 0
542 190 98 0 0
543 191 98 0 0
544 190 98 0 0
545 191 98 0 0
546 190 98 0 0
547 191 98 0 0
