0 10 97 0 0
1 10 98 0 0
2 11 98 0 0
3 12 98 0 0
4 13 98 0 0
5 12 98 0 0
6 13 98 0 0
7 14 98 0 0
8 15 98 0 0
9 14 98 0 0
10 15 98 0 0
11 16 98 0 0
12 17 98 0 0
13 16 98 0 0
14 17 98 0 0
15 17 99 0 0
16 18 99 0 0
17 19 99 0 0
18 20 99 0 0
19 19 99 0 0
20 20 99 0 0
21 21 99 0 0
22 22 99 0 0
23 23 99 0 0
24 22 99 0 0
25 23 99 0 0
26 24 99 0 0
27 25 99 0 0
28 24 99 0 0
29 25 99 0 0
30 26 99 0 0
31 27 99 0 0
32 28 99 0 0
33 27 99 0 0
34 28 99 0 0
35 29 99 0 0
36 30 99 0 0
37 31 99 0 0
38 30 99 0 0
39 31 99 0 0
40 32 99 0 0
41 33 99 0 0
42 34 99 0 0
43 33 99 0 0
44 34 99 0 0
45 35 99 0 0
46 36 99 0 0
47 37 99 0 0
48 36 99 0 0
49 37 99 0 0
50 38 99 0 0
51 39 99 0 0
52 39 98 0 0
53 40 98 0 0
54 39 98 0 0
55 39 99 0 0
56 40 99 0 0
57 41 99 0 0
58 40 99 0 0
59 41 99 0 0
60 42 99 0 0
61 43 99 0 0
62 42 99 0 0
63 43 99 0 0
64 44 99 0 0
65 43 99 0 0
66 44 99 0 0
67 45 99 0 0
68 44 99 0 0
69 45 99 0 0
70 45 100 0 0
71 46 100 0 0
72 45 100 0 0
73 46 100 0 0
74 47 100 0 0
75 48 100 0 0
76 47 100 0 0
77 48 100 0 0
78 49 100 0 0
79 50 100 0 0
80 49 100 0 0
81 50 100 0 0
82 51 100 0 0
83 52 100 0 0
84 51 100 0 0
85 51 101 0 0
86 52 101 0 0
87 53 101 0 0
88 52 101 0 0
89 53 101 0 0
90 54 101 0 0
91 55 101 0 0
92 54 101 0 0
93 55 101 0 0
94 56 101 0 0
95 57 101 0 0
96 56 101 0 0
97 57 101 0 0
98 58 101 0 0
99 59 101 0 0
100 58 101 0 0
101 59 101 0 0
102 60 101 0 0
103 61 101 0 0
104 60 101 0 0
105 61 101 0 0
106 61 100 0 0
107 62 100 0 0
108 61 100 0 0
109 62 100 0 0
110 63 100 0 0
111 64 100 0 0
112 63 100 0 0
113 64 100 0 0
114 65 100 0 0
115 65 99 0 0
116 66 99 0 0
117 65 99 0 0
118 66 99 0 0
119 67 99 0 0
120 66 99 0 0
121 67 99 0 0
122 68 99 0 0
123 69 99 0 0
124 68 99 0 0
125 68 98 0 0
126 69 98 0 0
127 70 98 0 0
128 71 98 0 0
129 70 98 0 0
130 71 98 0 0
131 70 98 0 0
132 70 97 0 0
133 71 97 0 0
134 72 97 0 0
135 73 97 0 0
136 72 97 0 0
137 73 97 0 0
138 73 96 0 0
139 74 96 0 0
140 73 96 0 0
141 74 96 0 0
142 73 96 0 0
143 74 96 0 0
144 75 96 0 0
145 75 95 0 0
146 76 95 0 0
147 75 95 0 0
148 76 95 0 0
149 77 95 0 0
150 76 95 0 0
151 76 94 0 0
152 77 94 0 0
153 76 94 0 0
154 77 94 0 0
155 78 94 0 0
156 79 94 0 0
157 78 94 0 0
158 78 93 0 0
159 79 93 0 0
160 80 93 0 0
161 79 93 0 0
162 80 93 0 0
163 80 92 0 0
164 81 92 0 0
165 80 92 0 0
166 81 92 0 0
167 82 92 0 0
168 81 92 0 0
169 82 92 0 0
170 82 91 0 0
171 83 91 0 0
172 82 91 0 0
173 83 91 0 0
174 84 91 0 0
175 83 91 0 0
176 84 91 0 0
177 84 90 0 0
178 85 90 0 0
179 84 90 0 0
180 85 90 0 0
181 86 90 0 0
182 85 90 0 0
183 86 90 0 0
184 86 89 0 0
185 87 89 0 0
186 88 89 0 0
187 87 89 0 0
188 88 89 0 0
189 87 89 0 0
190 88 89 0 0
191 88 88 0 0
192 89 88 0 0
193 88 88 0 0
194 89 88 0 0
195 90 88 0 0
196 91 88 0 0
197 90 88 0 0
198 90 87 0 0
199 91 87 0 0
200 90 87 0 0
201 91 87 0 0
202 92 87 0 0
203 93 87 0 0
204 92 87 0 0
205 93 87 0 0
206 94 87 0 0
207 93 87 0 0
208 94 87 0 0
209 95 87 0 0
210 94 87 0 0
211 95 87 0 0
212 96 87 0 0
213 95 87 0 0
214 96 87 0 0
215 97 87 0 0
216 96 87 0 0
217 97 87 0 0
218 98 87 0 0
219 99 87 0 0
220 98 87 0 0
221 99 87 0 0
222 100 87 0 0
223 99 87 0 0
224 100 87 0 0
225 101 87 0 0
226 100 87 0 0
227 101 87 0 0
228 102 87 0 0
229 101 87 0 0
230 102 87 0 0
231 103 87 0 0
232 102 87 0 0
233 103 87 0 0
234 102 87 0 0
235 103 87 0 0
236 102 87 0 0
237 103 87 0 0
238 104 87 0 0
239 103 87 0 0
240 104 87 0 0
241 103 87 0 0
242 104 87 0 0
243 103 87 0 0
244 104 87 0 0
245 104 86 0 0
246 105 86 0 0
247 104 86 0 0
248 104 87 0 0
249 105 87 0 0
250 104 87 0 0
251 105 87 0 0
252 104 87 0 0
253 105 87 0 0
254 106 87 0 0
255 105 87 0 0
256 106 87 0 0
257 105 87 0 0
258 105 88 0 0
259 106 88 0 0
260 105 88 0 0
261 106 88 0 0
262 107 88 0 0
263 106 88 0 0
264 107 88 0 0
265 106 88 0 0
266 107 88 0 0
267 108 88 0 0
268 107 88 0 0
269 107 89 0 0
270 108 89 0 0
271 107 89 0 0
272 108 89 0 0
273 107 89 0 0
274 108 89 0 0
275 109 89 0 0
276 108 89 0 0
277 109 89 0 0
278 108 89 0 0
279 109 89 0 0
280 109 90 0 0
281 110 90 0 0
282 109 90 0 0
283 110 90 0 0
284 109 90 0 0
285 110 90 0 0
286 109 90 0 0
287 110 90 0 0
288 111 90 0 0
289 110 90 0 0
290 111 90 0 0
291 110 90 0 0
292 111 90 0 0
293 110 90 0 0
294 111 90 0 0
295 112 90 0 0
296 111 90 0 0
297 112 90 0 0
298 111 90 0 0
299 112 90 0 0
300 113 90 0 0
301 112 90 0 0
302 113 90 0 0
303 112 90 0 0
304 113 90 0 0
305 112 90 0 0
306 113 90 0 0
307 114 90 0 0
308 113 90 0 0
309 114 90 0 0
310 113 90 0 0
311 113 91 0 0
312 114 91 0 0
313 115 91 0 0
314 114 91 0 0
315 115 91 0 0
316 114 91 0 0
317 115 91 0 0
318 116 91 0 0
319 115 91 0 0
320 116 91 0 0
321 115 91 0 0
322 116 91 0 0
323 115 91 0 0
324 116 91 0 0
325 117 91 0 0
326 116 91 0 0
327 117 91 0 0
328 116 91 0 0
329 117 91 0 0
330 118 91 0 0
331 117 91 0 0
332 118 91 0 0
333 117 91 0 0
334 118 91 0 0
335 119 91 0 0
336 118 91 0 0
337 119 91 0 0
338 118 91 0 0
339 119 91 0 0
340 118 91 0 0
341 119 91 0 0
342 120 91 0 0
343 119 91 0 0
344 119 92 0 0
345 120 92 0 0
346 119 92 0 0
347 120 92 0 0
348 121 92 0 0
349 120 92 0 0
350 121 92 0 0
351 120 92 0 0
352 121 92 0 0
353 120 92 0 0
354 121 92 0 0
355 122 92 0 0
356 121 92 0 0
357 122 92 0 0
358 121 92 0 0
359 122 92 0 0
360 123 92 0 0
361 122 92 0 0
362 123 92 0 0
363 122 92 0 0
364 123 92 0 0
365 124 92 0 0
366 125 92 0 0
367 124 92 0 0
368 125 92 0 0
369 124 92 0 0
370 125 92 0 0
371 126 92 0 0
372 127 92 0 0
373 126 92 0 0
374 127 92 0 0
375 126 92 0 0
376 127 92 0 0
377 128 92 0 0
378 127 92 0 0
379 127 93 0 0
380 128 93 0 0
381 129 93 0 0
382 130 93 0 0
383 129 93 0 0
384 130 93 0 0
385 129 93 0 0
386 130 93 0 0
387 131 93 0 0
388 132 93 0 0
389 131 93 0 0
390 132 93 0 0
391 131 93 0 0
392 132 93 0 0
393 133 93 0 0
394 132 93 0 0
395 133 93 0 0
396 134 93 0 0
397 133 93 0 0
398 134 93 0 0
399 135 93 0 0
400 134 93 0 0
401 135 93 0 0
402 136 93 0 0
403 135 93 0 0
404 136 93 0 0
405 137 93 0 0
406 136 93 0 0
407 137 93 0 0
408 138 93 0 0
409 137 93 0 0
410 138 93 0 0
411 139 93 0 0
412 138 93 0 0
413 139 93 0 0
414 140 93 0 0
415 139 93 0 0
416 139 94 0 0
417 140 94 0 0
418 141 94 0 0
419 140 94 0 0
420 141 94 0 0
421 142 94 0 0
422 141 94 0 0
423 142 94 0 0
424 143 94 0 0
425 142 94 0 0
426 143 94 0 0
427 144 94 0 0
428 143 94 0 0
429 144 94 0 0
430 145 94 0 0
431 144 94 0 0
432 145 94 0 0
433 146 94 0 0
434 145 94 0 0
435 146 94 0 0
436 147 94 0 0
437 146 94 0 0
438 147 94 0 0
439 148 94 0 0
440 147 94 0 0
441 148 94 0 0
442 149 94 0 0
443 148 94 0 0
444 149 94 0 0
445 150 94 0 0
446 149 94 0 0
447 150 94 0 0
448 151 94 0 0
449 150 94 0 0
450 151 94 0 0
451 151 95 0 0
452 152 95 0 0
453 151 95 0 0
454 152 95 0 0
455 153 95 0 0
456 152 95 0 0
457 153 95 0 0
458 154 95 0 0
459 153 95 0 0
460 154 95 0 0
461 155 95 0 0
462 154 95 0 0
463 155 95 0 0
464 156 95 0 0
465 155 95 0 0
466 156 95 0 0
467 157 95 0 0
468 156 95 0 0
469 157 95 0 0
470 158 95 0 0
471 157 95 0 0
472 158 95 0 0
473 159 95 0 0
474 160 95 0 0
475 159 95 0 0
476 160 95 0 0
477 161 95 0 0
478 160 95 0 0
479 161 95 0 0
480 162 95 0 0
481 163 95 0 0
482 162 95 0 0
483 163 95 0 0
484 164 95 0 0
485 163 95 0 0
486 164 95 0 0
487 165 95 0 0
488 164 95 0 0
489 165 95 0 0
490 166 95 0 0
491 167 95 0 0
492 166 95 0 0
493 167 95 0 0
494 168 95 0 0
495 167 95 0 0
496 168 95 0 0
497 169 95 0 0
498 170 95 0 0
499 169 95 0 0
500 170 95 0 0
501 171 95 0 0
502 170 95 0 0
503 171 95 0 0
504 172 95 0 0
505 173 95 0 0
506 172 95 0 0
507 173 95 0 0
508 174 95 0 0
509 173 95 0 0
510 174 95 0 0
511 175 95 0 0
512 174 95 0 0
513 175 95 0 0
514 176 95 0 0
515 177 95 0 0
516 176 95 0 0
517 177 95 0 0
518 178 95 0 0
519 177 95 0 0
520 178 95 0 0
521 179 95 0 0
522 180 95 0 0
523 179 95 0 0
524 180 95 0 0
525 181 95 0 0
526 181 94 0 0
527 182 94 0 0
528 181 94 0 0
529 182 94 0 0
530 183 94 0 0
531 182 94 0 0
532 183 94 0 0
533 184 94 0 0
534 185 94 0 0
535 184 94 0 0
536 185 94 0 0
537 186 94 0 0
538 185 94 0 0
539 186 94 0 0
540 187 94 0 0
541 188 94 0 0
542 187 94 0 0
543 188 94 0 0
544 189 94 0 0
545 188 94 0 0
546 189 94 0 0
547 190 94 0 0
548 191 94 0 0
549 190 94 0 0
550 191 94 0 0
551 192 94 0 0
552 193 94 0 0
553 192 94 0 0
554 193 94 0 0
555 194 94 0 0
556 193 94 0 0
557 194 94 0 0
558 195 94 0 0
