0 200 20400 0 0
1 400 20400 0 0
2 600 20400 0 0
3 800 20400 0 0
4 1000 20400 0 0
5 1200 20400 0 0
6 1400 20400 0 0
7 1600 20400 0 0
8 1800 20400 0 0
9 2000 20400 0 0
10 2200 20400 0 0
11 2400 20400 0 0
12 2600 20400 0 0
13 2800 20400 0 0
14 2800 20200 0 0
15 3000 20200 0 0
16 3200 20200 0 0
17 3400 20200 0 0
18 3600 20200 0 0
19 3800 20200 0 0
20 4000 20200 0 0
21 4200 20200 0 0
22 4400 20200 0 0
23 4600 20200 0 0
24 4800 20200 0 0
25 5000 20200 0 0
26 5200 20200 0 0
27 5400 20200 0 0
28 5600 20200 0 0
29 5800 20200 0 0
30 6000 20200 0 0
31 6200 20200 0 0
32 6400 20200 0 0
33 6600 20200 0 0
34 6800 20200 0 0
35 6800 20000 0 0
36 7000 20000 0 0
37 7000 20200 0 0
38 7200 20200 0 0
39 7400 20200 0 0
40 7600 20200 0 0
41 7800 20200 0 0
42 8000 20200 0 0
43 8200 20200 0 0
44 8400 20200 0 0
45 8600 20200 0 0
46 8800 20200 0 0
47 9000 20200 0 0
48 9200 20200 0 0
49 9400 20200 0 0
50 9600 20200 0 0
51 9600 20400 0 0
52 9800 20400 0 0
53 10000 20400 0 0
54 10200 20400 0 0
55 10400 20400 0 0
56 10600 20400 0 0
57 10800 20400 0 0
58 11000 20400 0 0
59 11200 20400 0 0
60 11400 20400 0 0
61 11600 20400 0 0
62 11800 20400 0 0
63 12000 20400 0 0
64 12200 20400 0 0
65 12200 20200 0 0
66 12400 20200 0 0
67 12600 20200 0 0
68 12600 20000 0 0
69 12800 20000 0 0
70 13000 20000 0 0
71 13000 19800 0 0
72 13200 19800 0 0
73 13400 19800 0 0
74 13600 19800 0 0
75 13600 19600 0 0
76 13800 19600 0 0
77 13800 19400 0 0
78 14000 19400 0 0
79 14200 19400 0 0
80 14200 19200 0 0
81 14400 19200 0 0
82 14400 19000 0 0
83 14600 19000 0 0
84 14800 19000 0 0
85 14800 18800 0 0
86 15000 18800 0 0
87 15000 18600 0 0
88 15200 18600 0 0
89 15400 18600 0 0
90 15400 18400 0 0
91 15600 18400 0 0
92 15800 18400 0 0
93 15800 18200 0 0
94 16000 18200 0 0
95 16200 18200 0 0
96 16200 18000 0 0
97 16400 18000 0 0
98 16400 17800 0 0
99 16600 17800 0 0
100 16800 17800 0 0
101 16800 17600 0 0
102 17000 17600 0 0
103 17200 17600 0 0
104 17200 17400 0 0
105 17400 17400 0 0
106 17600 17400 0 0
107 17600 17200 0 0
108 17800 17200 0 0
109 17800 17000 0 0
110 18000 17000 0 0
111 18200 17000 0 0
112 18200 16800 0 0
113 18400 16800 0 0
114 18600 16800 0 0
115 18800 16800 0 0
116 18800 16600 0 0
117 19000 16600 0 0
118 19200 16600 0 0
119 19400 16600 0 0
120 19600 16600 0 0
121 19800 16600 0 0
122 19800 16800 0 0
123 20000 16800 0 0
124 20200 16800 0 0
125 20400 16800 0 0
126 20400 17000 0 0
127 20600 17000 0 0
128 20800 17000 0 0
129 20800 17200 0 0
130 21000 17200 0 0
131 21200 17200 0 0
132 21200 17400 0 0
133 21400 17400 0 0
134 21400 17600 0 0
135 21600 17600 0 0
136 21800 17600 0 0
137 21800 17800 0 0
138 22000 17800 0 0
139 22000 18000 0 0
140 22200 18000 0 0
141 22200 18200 0 0
142 22400 18200 0 0
143 22600 18200 0 0
144 22600 18400 0 0
145 22800 18400 0 0
146 23000 18400 0 0
147 23200 18400 0 0
148 23200 18600 0 0
149 23400 18600 0 0
150 23600 18600 0 0
151 23600 18800 0 0
152 23800 18800 0 0
153 24000 18800 0 0
154 24200 18800 0 0
155 24200 19000 0 0
156 24400 19000 0 0
157 24600 19000 0 0
158 24600 19200 0 0
159 24800 19200 0 0
160 25000 19200 0 0
161 25000 19400 0 0
162 25200 19400 0 0
163 25400 19400 0 0
164 25600 19400 0 0
165 25600 19600 0 0
166 25800 19600 0 0
167 26000 19600 0 0
168 26200 19600 0 0
169 26400 19600 0 0
170 26400 19800 0 0
171 26600 19800 0 0
172 26800 19800 0 0
173 27000 19800 0 0
174 27200 19800 0 0
175 27400 19800 0 0
176 27600 19800 0 0
177 27600 20000 0 0
178 27800 20000 0 0
179 28000 20000 0 0
180 28200 20000 0 0
181 28400 20000 0 0
182 28600 20000 0 0
183 28800 20000 0 0
184 28800 20200 0 0
185 29000 20200 0 0
186 29200 20200 0 0
187 29400 20200 0 0
188 29600 20200 0 0
189 29800 20200 0 0
190 30000 20200 0 0
191 30200 20200 0 0
192 30400 20200 0 0
193 30600 20200 0 0
194 30800 20200 0 0
195 31000 20200 0 0
196 31200 20200 0 0
197 31400 20200 0 0
198 31600 20200 0 0
199 31800 20200 0 0
200 32000 20200 0 0
201 32200 20200 0 0
202 32400 20200 0 0
203 32600 20200 0 0
204 32800 20200 0 0
205 33000 20200 0 0
206 33200 20200 0 0
207 33400 20200 0 0
208 33600 20200 0 0
209 33800 20200 0 0
210 34000 20200 0 0
211 34200 20200 0 0
212 34400 20200 0 0
213 34600 20200 0 0
214 34800 20200 0 0
215 34800 20400 0 0
216 35000 20400 0 0
217 35000 20200 0 0
218 35200 20200 0 0
219 35400 20200 0 0
220 35600 20200 0 0
221 35800 20200 0 0
222 36000 20200 0 0
223 36200 20200 0 0
224 36400 20200 0 0
225 36600 20200 0 0
226 36800 20200 0 0
227 37000 20200 0 0
228 37200 20200 0 0
229 37400 20200 0 0
230 37600 20200 0 0
231 37800 20200 0 0
232 38000 20200 0 0
233 38200 20200 0 0
234 38400 20200 0 0
235 38600 20200 0 0
236 38800 20200 0 0
237 39000 20200 0 0
