0 4 101 0 0
1 5 101 0 0
2 6 101 0 0
3 5 101 0 0
4 6 101 0 0
5 7 101 0 0
6 8 101 0 0
7 7 101 0 0
8 8 101 0 0
9 7 101 0 0
10 8 101 0 0
11 9 101 0 0
12 8 101 0 0
13 9 101 0 0
14 10 101 0 0
15 9 101 0 0
16 10 101 0 0
17 11 101 0 0
18 10 101 0 0
19 11 101 0 0
20 12 101 0 0
21 13 101 0 0
22 12 101 0 0
23 13 101 0 0
24 12 101 0 0
25 13 101 0 0
26 14 101 0 0
27 13 101 0 0
28 14 101 0 0
29 15 101 0 0
30 14 101 0 0
31 15 101 0 0
32 16 101 0 0
33 15 101 0 0
34 16 101 0 0
35 17 101 0 0
36 16 101 0 0
37 17 101 0 0
38 18 101 0 0
39 17 101 0 0
40 18 101 0 0
41 19 101 0 0
42 18 101 0 0
43 19 101 0 0
44 20 101 0 0
45 19 101 0 0
46 20 101 0 0
47 21 101 0 0
48 20 101 0 0
49 21 101 0 0
50 22 101 0 0
51 23 101 0 0
52 22 101 0 0
53 23 101 0 0
54 22 101 0 0
55 23 101 0 0
56 24 101 0 0
57 23 101 0 0
58 24 101 0 0
59 25 101 0 0
60 24 101 0 0
61 25 101 0 0
62 26 101 0 0
63 25 101 0 0
64 26 101 0 0
65 27 101 0 0
66 26 101 0 0
67 27 101 0 0
68 28 101 0 0
69 27 101 0 0
70 28 101 0 0
71 29 101 0 0
72 28 101 0 0
73 29 101 0 0
74 28 101 0 0
75 29 101 0 0
76 30 101 0 0
77 31 101 0 0
78 30 101 0 0
79 31 101 0 0
80 30 101 0 0
81 31 101 0 0
82 32 101 0 0
83 31 101 0 0
84 32 101 0 0
85 33 101 0 0
86 32 101 0 0
87 33 101 0 0
88 34 101 0 0
89 33 101 0 0
90 34 101 0 0
91 35 101 0 0
92 34 101 0 0
93 35 101 0 0
94 36 101 0 0
95 35 101 0 0
96 36 101 0 0
97 35 101 0 0
98 36 101 0 0
99 37 101 0 0
100 36 101 0 0
101 37 101 0 0
102 38 101 0 0
103 37 101 0 0
104 38 101 0 0
105 39 101 0 0
106 38 101 0 0
107 39 101 0 0
108 40 101 0 0
109 39 101 0 0
110 40 101 0 0
111 41 101 0 0
112 40 101 0 0
113 41 101 0 0
114 42 101 0 0
115 41 101 0 0
116 42 101 0 0
117 43 101 0 0
118 42 101 0 0
119 43 101 0 0
120 44 101 0 0
121 43 101 0 0
122 44 101 0 0
123 45 101 0 0
124 44 101 0 0
125 45 101 0 0
126 46 101 0 0
127 45 101 0 0
128 45 100 0 0
129 46 100 0 0
130 47 100 0 0
131 46 100 0 0
132 47 100 0 0
133 48 100 0 0
134 47 100 0 0
135 48 100 0 0
136 49 100 0 0
137 48 100 0 0
138 49 100 0 0
139 50 100 0 0
140 49 100 0 0
141 50 100 0 0
142 51 100 0 0
143 50 100 0 0
144 51 100 0 0
145 52 100 0 0
146 51 100 0 0
147 52 100 0 0
148 53 100 0 0
149 52 100 0 0
150 53 100 0 0
151 54 100 0 0
152 53 100 0 0
153 54 100 0 0
154 55 100 0 0
155 54 100 0 0
156 55 100 0 0
157 56 100 0 0
158 55 100 0 0
159 56 100 0 0
160 57 100 0 0
161 56 100 0 0
162 57 100 0 0
163 58 100 0 0
164 59 100 0 0
165 58 100 0 0
166 59 100 0 0
167 58 100 0 0
168 59 100 0 0
169 60 100 0 0
170 59 100 0 0
171 60 100 0 0
172 61 100 0 0
173 60 100 0 0
174 61 100 0 0
175 60 100 0 0
176 61 100 0 0
177 60 100 0 0
178 61 100 0 0
179 62 100 0 0
180 61 100 0 0
181 62 100 0 0
182 62 99 0 0
183 63 99 0 0
184 62 99 0 0
185 63 99 0 0
186 62 99 0 0
187 63 99 0 0
188 64 99 0 0
189 63 99 0 0
190 64 99 0 0
191 63 99 0 0
192 64 99 0 0
193 65 99 0 0
194 64 99 0 0
195 65 99 0 0
196 64 99 0 0
197 65 99 0 0
198 66 99 0 0
199 65 99 0 0
200 66 99 0 0
201 65 99 0 0
202 66 99 0 0
203 67 99 0 0
204 66 99 0 0
205 66 98 0 0
206 67 98 0 0
207 68 98 0 0
208 67 98 0 0
209 68 98 0 0
210 67 98 0 0
211 68 98 0 0
212 68 97 0 0
213 69 97 0 0
214 68 97 0 0
215 69 97 0 0
216 68 97 0 0
217 69 97 0 0
218 70 97 0 0
219 69 97 0 0
220 70 97 0 0
221 71 97 0 0
222 70 97 0 0
223 71 97 0 0
224 71 96 0 0
225 72 96 0 0
226 71 96 0 0
227 72 96 0 0
228 73 96 0 0
229 72 96 0 0
230 73 96 0 0
231 72 96 0 0
232 73 96 0 0
233 74 96 0 0
234 73 96 0 0
235 74 96 0 0
236 75 96 0 0
237 74 96 0 0
238 75 96 0 0
239 75 95 0 0
240 76 95 0 0
241 75 95 0 0
242 76 95 0 0
243 77 95 0 0
244 76 95 0 0
245 77 95 0 0
246 78 95 0 0
247 77 95 0 0
248 78 95 0 0
249 79 95 0 0
250 78 95 0 0
251 79 95 0 0
252 78 95 0 0
253 79 95 0 0
254 80 95 0 0
255 81 95 0 0
256 80 95 0 0
257 81 95 0 0
258 80 95 0 0
259 81 95 0 0
260 81 94 0 0
261 82 94 0 0
262 81 94 0 0
263 82 94 0 0
264 83 94 0 0
265 82 94 0 0
266 83 94 0 0
267 84 94 0 0
268 83 94 0 0
269 84 94 0 0
270 85 94 0 0
271 84 94 0 0
272 85 94 0 0
273 86 94 0 0
274 85 94 0 0
275 85 93 0 0
276 86 93 0 0
277 85 93 0 0
278 86 93 0 0
279 87 93 0 0
280 86 93 0 0
281 87 93 0 0
282 88 93 0 0
283 87 93 0 0
284 88 93 0 0
285 89 93 0 0
286 88 93 0 0
287 89 93 0 0
288 90 93 0 0
289 89 93 0 0
290 90 93 0 0
291 91 93 0 0
292 90 93 0 0
293 91 93 0 0
294 90 93 0 0
295 91 93 0 0
296 92 93 0 0
297 91 93 0 0
298 92 93 0 0
299 93 93 0 0
300 92 93 0 0
301 93 93 0 0
302 92 93 0 0
303 92 92 0 0
304 93 92 0 0
305 94 92 0 0
306 93 92 0 0
307 94 92 0 0
308 95 92 0 0
309 94 92 0 0
310 95 92 0 0
311 96 92 0 0
312 95 92 0 0
313 96 92 0 0
314 95 92 0 0
315 96 92 0 0
316 97 92 0 0
317 96 92 0 0
318 97 92 0 0
319 98 92 0 0
320 97 92 0 0
321 98 92 0 0
322 97 92 0 0
323 98 92 0 0
324 99 92 0 0
325 98 92 0 0
326 99 92 0 0
327 100 92 0 0
328 99 92 0 0
329 100 92 0 0
330 101 92 0 0
331 100 92 0 0
332 101 92 0 0
333 100 92 0 0
334 101 92 0 0
335 102 92 0 0
336 101 92 0 0
337 102 92 0 0
338 103 92 0 0
339 102 92 0 0
340 103 92 0 0
341 102 92 0 0
342 103 92 0 0
343 103 91 0 0
344 104 91 0 0
345 103 91 0 0
346 104 91 0 0
347 105 91 0 0
348 104 91 0 0
349 105 91 0 0
350 106 91 0 0
351 105 91 0 0
352 106 91 0 0
353 105 91 0 0
354 106 91 0 0
355 107 91 0 0
356 106 91 0 0
357 107 91 0 0
358 106 91 0 0
359 107 91 0 0
360 108 91 0 0
361 107 91 0 0
362 108 91 0 0
363 109 91 0 0
364 108 91 0 0
365 109 91 0 0
366 110 91 0 0
367 109 91 0 0
368 110 91 0 0
369 110 92 0 0
370 111 92 0 0
371 110 92 0 0
372 111 92 0 0
373 110 92 0 0
374 111 92 0 0
375 112 92 0 0
376 111 92 0 0
377 112 92 0 0
378 113 92 0 0
379 112 92 0 0
380 113 92 0 0
381 114 92 0 0
382 113 92 0 0
383 113 93 0 0
384 114 93 0 0
385 113 93 0 0
386 114 93 0 0
387 115 93 0 0
388 114 93 0 0
389 115 93 0 0
390 116 93 0 0
391 115 93 0 0
392 116 93 0 0
393 117 93 0 0
394 116 93 0 0
395 116 94 0 0
396 117 94 0 0
397 118 94 0 0
398 117 94 0 0
399 118 94 0 0
400 117 94 0 0
401 118 94 0 0
402 119 94 0 0
403 118 94 0 0
404 119 94 0 0
405 120 94 0 0
406 119 94 0 0
407 120 94 0 0
408 120 95 0 0
409 121 95 0 0
410 120 95 0 0
411 121 95 0 0
412 120 95 0 0
413 121 95 0 0
414 122 95 0 0
415 121 95 0 0
416 122 95 0 0
417 123 95 0 0
418 122 95 0 0
419 123 95 0 0
420 124 95 0 0
421 123 95 0 0
422 124 95 0 0
423 123 95 0 0
424 123 96 0 0
425 124 96 0 0
426 125 96 0 0
427 124 96 0 0
428 125 96 0 0
429 126 96 0 0
430 125 96 0 0
431 126 96 0 0
432 125 96 0 0
433 126 96 0 0
434 127 96 0 0
435 126 96 0 0
436 127 96 0 0
437 128 96 0 0
438 127 96 0 0
439 128 96 0 0
440 128 97 0 0
441 129 97 0 0
442 128 97 0 0
443 129 97 0 0
444 128 97 0 0
445 129 97 0 0
446 130 97 0 0
447 129 97 0 0
448 130 97 0 0
449 131 97 0 0
450 130 97 0 0
451 131 97 0 0
452 130 97 0 0
453 131 97 0 0
454 132 97 0 0
455 131 97 0 0
456 132 97 0 0
457 132 98 0 0
458 133 98 0 0
459 132 98 0 0
460 133 98 0 0
461 134 98 0 0
462 133 98 0 0
463 134 98 0 0
464 133 98 0 0
465 134 98 0 0
466 135 98 0 0
467 134 98 0 0
468 135 98 0 0
469 136 98 0 0
470 135 98 0 0
471 136 98 0 0
472 137 98 0 0
473 136 98 0 0
474 136 99 0 0
475 137 99 0 0
476 138 99 0 0
477 137 99 0 0
478 138 99 0 0
479 137 99 0 0
480 138 99 0 0
481 139 99 0 0
482 138 99 0 0
483 139 99 0 0
484 140 99 0 0
485 139 99 0 0
486 140 99 0 0
487 141 99 0 0
488 140 99 0 0
489 141 99 0 0
490 141 100 0 0
491 142 100 0 0
492 141 100 0 0
493 142 100 0 0
494 143 100 0 0
495 142 100 0 0
496 143 100 0 0
497 144 100 0 0
498 143 100 0 0
499 144 100 0 0
500 145 100 0 0
501 144 100 0 0
502 145 100 0 0
503 146 100 0 0
504 145 100 0 0
505 146 100 0 0
506 146 101 0 0
507 147 101 0 0
508 146 101 0 0
509 147 101 0 0
510 148 101 0 0
511 147 101 0 0
512 148 101 0 0
513 147 101 0 0
514 148 101 0 0
515 149 101 0 0
516 148 101 0 0
517 149 101 0 0
518 150 101 0 0
519 149 101 0 0
520 150 101 0 0
521 151 101 0 0
522 150 101 0 0
523 150 102 0 0
524 151 102 0 0
525 152 102 0 0
526 151 102 0 0
527 152 102 0 0
528 153 102 0 0
529 152 102 0 0
530 153 102 0 0
531 152 102 0 0
532 153 102 0 0
533 154 102 0 0
534 155 102 0 0
535 154 102 0 0
536 155 102 0 0
537 156 102 0 0
538 155 102 0 0
539 156 102 0 0
540 157 102 0 0
541 156 102 0 0
542 157 102 0 0
543 158 102 0 0
544 157 102 0 0
545 158 102 0 0
546 159 102 0 0
547 158 102 0 0
548 159 102 0 0
549 160 102 0 0
550 159 102 0 0
551 159 103 0 0
552 160 103 0 0
553 161 103 0 0
554 162 103 0 0
555 161 103 0 0
556 162 103 0 0
557 161 103 0 0
558 162 103 0 0
559 163 103 0 0
560 162 103 0 0
561 163 103 0 0
562 164 103 0 0
563 165 103 0 0
564 164 103 0 0
565 165 103 0 0
566 166 103 0 0
567 165 103 0 0
568 166 103 0 0
569 165 103 0 0
570 166 103 0 0
571 167 103 0 0
572 168 103 0 0
573 167 103 0 0
574 168 103 0 0
575 169 103 0 0
576 168 103 0 0
577 169 103 0 0
578 170 103 0 0
579 169 103 0 0
580 170 103 0 0
581 171 103 0 0
582 170 103 0 0
583 171 103 0 0
584 172 103 0 0
585 171 103 0 0
586 172 103 0 0
587 173 103 0 0
588 172 103 0 0
589 173 103 0 0
590 174 103 0 0
591 173 103 0 0
592 174 103 0 0
593 175 103 0 0
594 174 103 0 0
595 175 103 0 0
596 176 103 0 0
597 177 103 0 0
598 176 103 0 0
599 177 103 0 0
600 178 103 0 0
601 177 103 0 0
602 178 103 0 0
603 177 103 0 0
604 178 103 0 0
605 179 103 0 0
606 180 103 0 0
607 179 103 0 0
608 180 103 0 0
609 181 103 0 0
610 180 103 0 0
611 181 103 0 0
612 182 103 0 0
613 181 103 0 0
614 182 103 0 0
615 183 103 0 0
616 182 103 0 0
617 183 103 0 0
618 184 103 0 0
619 183 103 0 0
620 184 103 0 0
621 185 103 0 0
622 184 103 0 0
623 185 103 0 0
624 186 103 0 0
625 185 103 0 0
626 186 103 0 0
627 187 103 0 0
628 186 103 0 0
629 187 103 0 0
630 188 103 0 0
631 187 103 0 0
632 188 103 0 0
