0 2 101 0 0
1 3 101 0 0
2 4 101 0 0
3 5 101 0 0
4 6 101 0 0
5 7 101 0 0
6 8 101 0 0
7 9 101 0 0
8 10 101 0 0
9 11 101 0 0
10 12 101 0 0
11 13 101 0 0
12 14 101 0 0
13 15 101 0 0
14 16 101 0 0
15 17 101 0 0
16 18 101 0 0
17 19 101 0 0
18 20 101 0 0
19 21 101 0 0
20 22 101 0 0
21 23 101 0 0
22 24 101 0 0
23 25 101 0 0
24 26 101 0 0
25 27 101 0 0
26 28 101 0 0
27 29 101 0 0
28 30 101 0 0
29 31 101 0 0
30 32 101 0 0
31 33 101 0 0
32 34 101 0 0
33 35 101 0 0
34 36 101 0 0
35 37 101 0 0
36 38 101 0 0
37 39 101 0 0
38 40 101 0 0
39 41 101 0 0
40 42 101 0 0
41 43 101 0 0
42 44 101 0 0
43 45 101 0 0
44 46 101 0 0
45 47 101 0 0
46 48 101 0 0
47 49 101 0 0
48 50 101 0 0
49 50 100 0 0
50 51 100 0 0
51 52 100 0 0
52 53 100 0 0
53 53 99 0 0
54 54 99 0 0
55 55 99 0 0
56 56 99 0 0
57 56 98 0 0
58 57 98 0 0
59 58 98 0 0
60 59 98 0 0
61 59 97 0 0
62 60 97 0 0
63 61 97 0 0
64 62 97 0 0
65 62 96 0 0
66 63 96 0 0
67 64 96 0 0
68 65 96 0 0
69 65 95 0 0
70 66 95 0 0
71 67 95 0 0
72 68 95 0 0
73 68 94 0 0
74 69 94 0 0
75 70 94 0 0
76 71 94 0 0
77 71 93 0 0
78 72 93 0 0
79 73 93 0 0
80 74 93 0 0
81 74 92 0 0
82 75 92 0 0
83 76 92 0 0
84 77 92 0 0
85 77 91 0 0
86 78 91 0 0
87 79 91 0 0
88 79 90 0 0
89 80 90 0 0
90 81 90 0 0
91 81 89 0 0
92 82 89 0 0
93 82 88 0 0
94 83 88 0 0
95 84 88 0 0
96 84 87 0 0
97 85 87 0 0
98 86 87 0 0
99 86 86 0 0
100 87 86 0 0
101 88 86 0 0
102 88 85 0 0
103 89 85 0 0
104 90 85 0 0
105 90 84 0 0
106 91 84 0 0
107 91 83 0 0
108 92 83 0 0
109 93 83 0 0
110 93 82 0 0
111 94 82 0 0
112 95 82 0 0
113 95 81 0 0
114 95 82 0 0
115 96 82 0 0
116 97 82 0 0
117 98 82 0 0
118 99 82 0 0
119 100 82 0 0
120 101 82 0 0
121 102 82 0 0
122 103 82 0 0
123 103 83 0 0
124 104 83 0 0
125 105 83 0 0
126 106 83 0 0
127 107 83 0 0
128 108 83 0 0
129 109 83 0 0
130 109 84 0 0
131 110 84 0 0
132 111 84 0 0
133 112 84 0 0
134 113 84 0 0
135 114 84 0 0
136 114 85 0 0
137 115 85 0 0
138 115 86 0 0
139 116 86 0 0
140 116 87 0 0
141 117 87 0 0
142 118 87 0 0
143 118 88 0 0
144 119 88 0 0
145 119 89 0 0
146 120 89 0 0
147 120 90 0 0
148 121 90 0 0
149 121 91 0 0
150 122 91 0 0
151 122 92 0 0
152 123 92 0 0
153 123 93 0 0
154 124 93 0 0
155 125 93 0 0
156 126 93 0 0
157 127 93 0 0
158 128 93 0 0
159 129 93 0 0
160 130 93 0 0
161 131 93 0 0
162 132 93 0 0
163 132 94 0 0
164 133 94 0 0
165 134 94 0 0
166 134 95 0 0
167 135 95 0 0
168 136 95 0 0
169 136 96 0 0
170 137 96 0 0
171 138 96 0 0
172 139 96 0 0
173 140 96 0 0
174 141 96 0 0
175 142 96 0 0
176 143 96 0 0
177 144 96 0 0
178 145 96 0 0
179 146 96 0 0
180 147 96 0 0
181 148 96 0 0
182 149 96 0 0
183 150 96 0 0
184 151 96 0 0
185 152 96 0 0
186 153 96 0 0
187 154 96 0 0
188 155 96 0 0
189 156 96 0 0
190 156 97 0 0
191 157 97 0 0
192 158 97 0 0
193 159 97 0 0
194 160 97 0 0
195 161 97 0 0
196 162 97 0 0
197 163 97 0 0
198 164 97 0 0
199 165 97 0 0
200 166 97 0 0
201 167 97 0 0
202 168 97 0 0
203 169 97 0 0
204 170 97 0 0
205 171 97 0 0
206 172 97 0 0
207 173 97 0 0
208 174 97 0 0
209 175 97 0 0
210 176 97 0 0
211 177 97 0 0
212 178 97 0 0
213 179 97 0 0
214 180 97 0 0
215 181 97 0 0
216 182 97 0 0
217 183 97 0 0
218 184 97 0 0
219 184 98 0 0
220 185 98 0 0
221 186 98 0 0
222 187 98 0 0
223 188 98 0 0
224 189 98 0 0
225 190 98 0 0
226 191 98 0 0
227 192 98 0 0
228 193 98 0 0
229 194 98 0 0
