0 1 94 0 0
1 2 94 0 0
2 1 94 0 0
3 2 94 0 0
4 3 94 0 0
5 2 94 0 0
6 3 94 0 0
7 2 94 0 0
8 3 94 0 0
9 4 94 0 0
10 3 94 0 0
11 4 94 0 0
12 3 94 0 0
13 4 94 0 0
14 5 94 0 0
15 4 94 0 0
16 5 94 0 0
17 4 94 0 0
18 5 94 0 0
19 6 94 0 0
20 5 94 0 0
21 6 94 0 0
22 5 94 0 0
23 6 94 0 0
24 7 94 0 0
25 6 94 0 0
26 7 94 0 0
27 6 94 0 0
28 7 94 0 0
29 8 94 0 0
30 7 94 0 0
31 8 94 0 0
32 7 94 0 0
33 7 93 0 0
34 8 93 0 0
35 9 93 0 0
36 8 93 0 0
37 9 93 0 0
38 10 93 0 0
39 9 93 0 0
40 10 93 0 0
41 11 93 0 0
42 10 93 0 0
43 11 93 0 0
44 12 93 0 0
45 11 93 0 0
46 12 93 0 0
47 13 93 0 0
48 12 93 0 0
49 13 93 0 0
50 12 93 0 0
51 13 93 0 0
52 14 93 0 0
53 13 93 0 0
54 14 93 0 0
55 15 93 0 0
56 14 93 0 0
57 15 93 0 0
58 16 93 0 0
59 15 93 0 0
60 16 93 0 0
61 17 93 0 0
62 16 93 0 0
63 17 93 0 0
64 18 93 0 0
65 17 93 0 0
66 18 93 0 0
67 19 93 0 0
68 18 93 0 0
69 19 93 0 0
70 20 93 0 0
71 19 93 0 0
72 20 93 0 0
73 21 93 0 0
74 20 93 0 0
75 21 93 0 0
76 20 93 0 0
77 21 93 0 0
78 22 93 0 0
79 23 93 0 0
80 22 93 0 0
81 23 93 0 0
82 22 93 0 0
83 23 93 0 0
84 24 93 0 0
85 23 93 0 0
86 24 93 0 0
87 25 93 0 0
88 24 93 0 0
89 25 93 0 0
90 26 93 0 0
91 25 93 0 0
92 26 93 0 0
93 27 93 0 0
94 26 93 0 0
95 27 93 0 0
96 28 93 0 0
97 27 93 0 0
98 28 93 0 0
99 29 93 0 0
100 28 93 0 0
101 29 93 0 0
102 28 93 0 0
103 29 93 0 0
104 30 93 0 0
105 29 93 0 0
106 30 93 0 0
107 31 93 0 0
108 30 93 0 0
109 31 93 0 0
110 31 92 0 0
111 32 92 0 0
112 31 92 0 0
113 32 92 0 0
114 33 92 0 0
115 32 92 0 0
116 33 92 0 0
117 34 92 0 0
118 33 92 0 0
119 34 92 0 0
120 35 92 0 0
121 34 92 0 0
122 35 92 0 0
123 36 92 0 0
124 35 92 0 0
125 36 92 0 0
126 37 92 0 0
127 36 92 0 0
128 37 92 0 0
129 36 92 0 0
130 37 92 0 0
131 38 92 0 0
132 37 92 0 0
133 38 92 0 0
134 39 92 0 0
135 38 92 0 0
136 39 92 0 0
137 40 92 0 0
138 39 92 0 0
139 40 92 0 0
140 41 92 0 0
141 40 92 0 0
142 41 92 0 0
143 42 92 0 0
144 41 92 0 0
145 42 92 0 0
146 43 92 0 0
147 42 92 0 0
148 43 92 0 0
149 42 92 0 0
150 43 92 0 0
151 44 92 0 0
152 43 92 0 0
153 44 92 0 0
154 45 92 0 0
155 44 92 0 0
156 45 92 0 0
157 46 92 0 0
158 45 92 0 0
159 45 93 0 0
160 46 93 0 0
161 45 93 0 0
162 46 93 0 0
163 47 93 0 0
164 46 93 0 0
165 47 93 0 0
166 48 93 0 0
167 47 93 0 0
168 48 93 0 0
169 49 93 0 0
170 48 93 0 0
171 49 93 0 0
172 48 93 0 0
173 49 93 0 0
174 50 93 0 0
175 49 93 0 0
176 50 93 0 0
177 51 93 0 0
178 50 93 0 0
179 51 93 0 0
180 52 93 0 0
181 51 93 0 0
182 52 93 0 0
183 53 93 0 0
184 52 93 0 0
185 53 93 0 0
186 52 93 0 0
187 53 93 0 0
188 54 93 0 0
189 53 93 0 0
190 54 93 0 0
191 55 93 0 0
192 54 93 0 0
193 55 93 0 0
194 56 93 0 0
195 55 93 0 0
196 56 93 0 0
197 55 93 0 0
198 56 93 0 0
199 57 93 0 0
200 56 93 0 0
201 57 93 0 0
202 56 93 0 0
203 57 93 0 0
204 58 93 0 0
205 57 93 0 0
206 58 93 0 0
207 59 93 0 0
208 58 93 0 0
209 59 93 0 0
210 60 93 0 0
211 59 93 0 0
212 60 93 0 0
213 61 93 0 0
214 60 93 0 0
215 61 93 0 0
216 60 93 0 0
217 61 93 0 0
218 62 93 0 0
219 61 93 0 0
220 62 93 0 0
221 62 92 0 0
222 63 92 0 0
223 62 92 0 0
224 63 92 0 0
225 62 92 0 0
226 63 92 0 0
227 64 92 0 0
228 63 92 0 0
229 64 92 0 0
230 63 92 0 0
231 64 92 0 0
232 65 92 0 0
233 64 92 0 0
234 65 92 0 0
235 66 92 0 0
236 65 92 0 0
237 66 92 0 0
238 67 92 0 0
239 66 92 0 0
240 67 92 0 0
241 66 92 0 0
242 67 92 0 0
243 67 91 0 0
244 68 91 0 0
245 67 91 0 0
246 68 91 0 0
247 67 91 0 0
248 68 91 0 0
249 69 91 0 0
250 68 91 0 0
251 68 90 0 0
252 69 90 0 0
253 68 90 0 0
254 69 90 0 0
255 68 90 0 0
256 69 90 0 0
257 70 90 0 0
258 69 90 0 0
259 70 90 0 0
260 70 89 0 0
261 71 89 0 0
262 70 89 0 0
263 71 89 0 0
264 70 89 0 0
265 71 89 0 0
266 72 89 0 0
267 71 89 0 0
268 72 89 0 0
269 71 89 0 0
270 71 88 0 0
271 72 88 0 0
272 73 88 0 0
273 72 88 0 0
274 73 88 0 0
275 72 88 0 0
276 73 88 0 0
277 73 87 0 0
278 74 87 0 0
279 73 87 0 0
280 74 87 0 0
281 73 87 0 0
282 74 87 0 0
283 73 87 0 0
284 74 87 0 0
285 75 87 0 0
286 74 87 0 0
287 74 86 0 0
288 75 86 0 0
289 76 86 0 0
290 75 86 0 0
291 76 86 0 0
292 75 86 0 0
293 76 86 0 0
294 76 85 0 0
295 77 85 0 0
296 76 85 0 0
297 77 85 0 0
298 76 85 0 0
299 77 85 0 0
300 76 85 0 0
301 76 84 0 0
302 77 84 0 0
303 76 84 0 0
304 77 84 0 0
305 78 84 0 0
306 77 84 0 0
307 77 83 0 0
308 78 83 0 0
309 77 83 0 0
310 78 83 0 0
311 77 83 0 0
312 77 82 0 0
313 78 82 0 0
314 79 82 0 0
315 78 82 0 0
316 79 82 0 0
317 78 82 0 0
318 78 81 0 0
319 79 81 0 0
320 78 81 0 0
321 79 81 0 0
322 80 81 0 0
323 79 81 0 0
324 79 80 0 0
325 80 80 0 0
326 79 80 0 0
327 80 80 0 0
328 79 80 0 0
329 79 79 0 0
330 80 79 0 0
331 81 79 0 0
332 80 79 0 0
333 81 79 0 0
334 80 79 0 0
335 80 78 0 0
336 81 78 0 0
337 80 78 0 0
338 81 78 0 0
339 81 77 0 0
340 82 77 0 0
341 81 77 0 0
342 82 77 0 0
343 81 77 0 0
344 82 77 0 0
345 81 77 0 0
346 81 76 0 0
347 82 76 0 0
348 83 76 0 0
349 82 76 0 0
350 83 76 0 0
351 82 76 0 0
352 82 75 0 0
353 83 75 0 0
354 82 75 0 0
355 83 75 0 0
356 83 74 0 0
357 84 74 0 0
358 83 74 0 0
359 84 74 0 0
360 83 74 0 0
361 84 74 0 0
362 83 74 0 0
363 83 73 0 0
364 84 73 0 0
365 83 73 0 0
366 84 73 0 0
367 83 73 0 0
368 84 73 0 0
369 83 73 0 0
370 83 72 0 0
371 84 72 0 0
372 85 72 0 0
373 84 72 0 0
374 85 72 0 0
375 84 72 0 0
376 84 71 0 0
377 85 71 0 0
378 84 71 0 0
379 85 71 0 0
380 84 71 0 0
381 85 71 0 0
382 85 70 0 0
383 86 70 0 0
384 85 70 0 0
385 86 70 0 0
386 85 70 0 0
387 86 70 0 0
388 85 70 0 0
389 85 69 0 0
390 86 69 0 0
391 85 69 0 0
392 86 69 0 0
393 85 69 0 0
394 86 69 0 0
395 85 69 0 0
396 85 68 0 0
397 86 68 0 0
398 85 68 0 0
399 86 68 0 0
400 87 68 0 0
401 86 68 0 0
402 86 67 0 0
403 87 67 0 0
404 86 67 0 0
405 87 67 0 0
406 86 67 0 0
407 87 67 0 0
408 86 67 0 0
409 86 66 0 0
410 87 66 0 0
411 88 66 0 0
412 87 66 0 0
413 88 66 0 0
414 87 66 0 0
415 87 65 0 0
416 88 65 0 0
417 87 65 0 0
418 88 65 0 0
419 87 65 0 0
420 88 65 0 0
421 87 65 0 0
422 87 64 0 0
423 88 64 0 0
424 89 64 0 0
425 88 64 0 0
426 89 64 0 0
427 88 64 0 0
428 88 63 0 0
429 89 63 0 0
430 88 63 0 0
431 89 63 0 0
432 88 63 0 0
433 89 63 0 0
434 88 63 0 0
435 88 62 0 0
436 89 62 0 0
437 90 62 0 0
438 89 62 0 0
439 90 62 0 0
440 89 62 0 0
441 89 61 0 0
442 90 61 0 0
443 89 61 0 0
444 90 61 0 0
445 90 60 0 0
446 91 60 0 0
447 90 60 0 0
448 91 60 0 0
449 90 60 0 0
450 91 60 0 0
451 90 60 0 0
452 90 59 0 0
453 91 59 0 0
454 90 59 0 0
455 91 59 0 0
456 90 59 0 0
457 91 59 0 0
458 90 59 0 0
459 90 58 0 0
460 91 58 0 0
461 90 58 0 0
462 91 58 0 0
463 90 58 0 0
464 91 58 0 0
465 90 58 0 0
466 90 57 0 0
467 91 57 0 0
468 90 57 0 0
469 91 57 0 0
470 90 57 0 0
471 91 57 0 0
472 90 57 0 0
473 90 56 0 0
474 91 56 0 0
475 90 56 0 0
476 91 56 0 0
477 90 56 0 0
478 90 55 0 0
479 91 55 0 0
480 92 55 0 0
481 91 55 0 0
482 92 55 0 0
483 91 55 0 0
484 91 54 0 0
485 92 54 0 0
486 91 54 0 0
487 92 54 0 0
488 91 54 0 0
489 92 54 0 0
490 91 54 0 0
491 91 53 0 0
492 92 53 0 0
493 91 53 0 0
494 92 53 0 0
495 91 53 0 0
496 92 53 0 0
497 91 53 0 0
498 91 52 0 0
499 92 52 0 0
500 91 52 0 0
501 92 52 0 0
502 91 52 0 0
503 91 51 0 0
504 92 51 0 0
505 93 51 0 0
506 92 51 0 0
507 93 51 0 0
508 92 51 0 0
509 92 50 0 0
510 93 50 0 0
511 92 50 0 0
512 93 50 0 0
513 92 50 0 0
514 93 50 0 0
515 92 50 0 0
516 92 49 0 0
517 93 49 0 0
518 92 49 0 0
519 93 49 0 0
520 92 49 0 0
521 93 49 0 0
522 92 49 0 0
523 92 48 0 0
524 93 48 0 0
525 92 48 0 0
526 93 48 0 0
527 92 48 0 0
528 92 47 0 0
529 93 47 0 0
530 92 47 0 0
531 93 47 0 0
532 92 47 0 0
533 93 47 0 0
534 92 47 0 0
535 92 46 0 0
536 93 46 0 0
537 94 46 0 0
538 93 46 0 0
539 94 46 0 0
540 93 46 0 0
541 93 45 0 0
542 94 45 0 0
543 93 45 0 0
544 94 45 0 0
545 93 45 0 0
546 93 44 0 0
547 94 44 0 0
548 93 44 0 0
549 94 44 0 0
550 93 44 0 0
551 93 43 0 0
552 94 43 0 0
553 93 43 0 0
554 94 43 0 0
555 93 43 0 0
556 93 42 0 0
557 94 42 0 0
558 93 42 0 0
559 94 42 0 0
560 93 42 0 0
561 93 41 0 0
562 94 41 0 0
563 93 41 0 0
564 94 41 0 0
565 93 41 0 0
566 94 41 0 0
567 93 41 0 0
568 93 40 0 0
569 94 40 0 0
570 93 40 0 0
571 94 40 0 0
572 93 40 0 0
573 93 39 0 0
574 94 39 0 0
575 93 39 0 0
576 94 39 0 0
577 93 39 0 0
578 93 38 0 0
579 94 38 0 0
580 93 38 0 0
581 94 38 0 0
582 93 38 0 0
583 93 37 0 0
584 94 37 0 0
585 93 37 0 0
586 94 37 0 0
587 93 37 0 0
588 94 37 0 0
589 93 37 0 0
590 93 36 0 0
591 94 36 0 0
592 93 36 0 0
593 94 36 0 0
594 93 36 0 0
595 93 35 0 0
596 94 35 0 0
597 93 35 0 0
598 94 35 0 0
599 93 35 0 0
600 93 34 0 0
601 94 34 0 0
602 93 34 0 0
603 94 34 0 0
604 93 34 0 0
605 93 33 0 0
606 94 33 0 0
607 93 33 0 0
608 94 33 0 0
609 93 33 0 0
610 93 32 0 0
611 94 32 0 0
612 93 32 0 0
613 94 32 0 0
614 93 32 0 0
615 94 32 0 0
616 93 32 0 0
617 93 31 0 0
618 94 31 0 0
619 93 31 0 0
620 94 31 0 0
621 93 31 0 0
622 93 30 0 0
623 94 30 0 0
624 93 30 0 0
625 94 30 0 0
626 93 30 0 0
627 93 29 0 0
628 94 29 0 0
629 93 29 0 0
630 94 29 0 0
631 93 29 0 0
632 93 28 0 0
633 94 28 0 0
634 93 28 0 0
635 94 28 0 0
636 93 28 0 0
637 93 27 0 0
638 94 27 0 0
639 93 27 0 0
640 94 27 0 0
641 93 27 0 0
642 93 26 0 0
643 94 26 0 0
644 93 26 0 0
645 94 26 0 0
646 93 26 0 0
647 93 25 0 0
648 94 25 0 0
649 93 25 0 0
650 94 25 0 0
651 93 25 0 0
652 93 24 0 0
653 94 24 0 0
654 93 24 0 0
655 94 24 0 0
656 93 24 0 0
657 93 23 0 0
658 94 23 0 0
659 93 23 0 0
660 94 23 0 0
661 93 23 0 0
662 94 23 0 0
663 93 23 0 0
664 93 22 0 0
665 94 22 0 0
666 93 22 0 0
667 93 21 0 0
668 94 21 0 0
669 93 21 0 0
670 94 21 0 0
671 93 21 0 0
672 93 20 0 0
673 94 20 0 0
674 93 20 0 0
675 94 20 0 0
676 93 20 0 0
677 93 19 0 0
678 94 19 0 0
679 93 19 0 0
680 94 19 0 0
681 93 19 0 0
682 93 18 0 0
683 94 18 0 0
684 93 18 0 0
685 94 18 0 0
686 93 18 0 0
687 94 18 0 0
688 93 18 0 0
689 93 17 0 0
690 94 17 0 0
691 93 17 0 0
692 94 17 0 0
693 93 17 0 0
694 93 16 0 0
695 94 16 0 0
696 93 16 0 0
697 94 16 0 0
698 93 16 0 0
699 94 16 0 0
700 93 16 0 0
701 93 15 0 0
702 94 15 0 0
703 93 15 0 0
704 94 15 0 0
705 93 15 0 0
706 93 14 0 0
707 94 14 0 0
