0 2 92 0 0
1 2 93 0 0
2 3 93 0 0
3 4 93 0 0
4 5 93 0 0
5 6 93 0 0
6 6 94 0 0
7 7 94 0 0
8 8 94 0 0
9 8 93 0 0
10 9 93 0 0
11 9 92 0 0
12 10 92 0 0
13 11 92 0 0
14 12 92 0 0
15 13 92 0 0
16 14 92 0 0
17 15 92 0 0
18 16 92 0 0
19 17 92 0 0
20 17 93 0 0
21 18 93 0 0
22 19 93 0 0
23 20 93 0 0
24 21 93 0 0
25 22 93 0 0
26 23 93 0 0
27 24 93 0 0
28 25 93 0 0
29 26 93 0 0
30 27 93 0 0
31 28 93 0 0
32 29 93 0 0
33 29 94 0 0
34 30 94 0 0
35 31 94 0 0
36 32 94 0 0
37 33 94 0 0
38 34 94 0 0
39 35 94 0 0
40 36 94 0 0
41 37 94 0 0
42 38 94 0 0
43 39 94 0 0
44 40 94 0 0
45 41 94 0 0
46 42 94 0 0
47 43 94 0 0
48 44 94 0 0
49 45 94 0 0
50 46 94 0 0
51 47 94 0 0
52 48 94 0 0
53 49 94 0 0
54 50 94 0 0
55 51 94 0 0
56 52 94 0 0
57 53 94 0 0
58 54 94 0 0
59 55 94 0 0
60 56 94 0 0
61 57 94 0 0
62 58 94 0 0
63 58 93 0 0
64 59 93 0 0
65 60 93 0 0
66 61 93 0 0
67 62 93 0 0
68 63 93 0 0
69 64 93 0 0
70 65 93 0 0
71 65 92 0 0
72 66 92 0 0
73 67 92 0 0
74 68 92 0 0
75 68 91 0 0
76 69 91 0 0
77 70 91 0 0
78 71 91 0 0
79 71 90 0 0
80 72 90 0 0
81 73 90 0 0
82 74 90 0 0
83 74 89 0 0
84 75 89 0 0
85 75 88 0 0
86 76 88 0 0
87 77 88 0 0
88 77 87 0 0
89 78 87 0 0
90 78 86 0 0
91 79 86 0 0
92 80 86 0 0
93 80 85 0 0
94 81 85 0 0
95 82 85 0 0
96 82 84 0 0
97 83 84 0 0
98 84 84 0 0
99 84 83 0 0
100 85 83 0 0
101 86 83 0 0
102 86 82 0 0
103 87 82 0 0
104 88 82 0 0
105 88 81 0 0
106 89 81 0 0
107 90 81 0 0
108 91 81 0 0
109 91 80 0 0
110 92 80 0 0
111 93 80 0 0
112 94 80 0 0
113 94 79 0 0
114 95 79 0 0
115 96 79 0 0
116 97 79 0 0
117 98 79 0 0
118 99 79 0 0
119 99 80 0 0
120 100 80 0 0
121 101 80 0 0
122 102 80 0 0
123 103 80 0 0
124 103 81 0 0
125 104 81 0 0
126 105 81 0 0
127 106 81 0 0
128 107 81 0 0
129 107 82 0 0
130 108 82 0 0
131 108 83 0 0
132 109 83 0 0
133 109 84 0 0
134 110 84 0 0
135 110 85 0 0
136 111 85 0 0
137 111 86 0 0
138 112 86 0 0
139 112 87 0 0
140 113 87 0 0
141 113 88 0 0
142 113 89 0 0
143 114 89 0 0
144 114 90 0 0
145 114 91 0 0
146 115 91 0 0
147 115 92 0 0
148 115 93 0 0
149 115 94 0 0
150 116 94 0 0
151 116 95 0 0
152 116 96 0 0
153 116 97 0 0
154 116 98 0 0
155 117 98 0 0
156 117 99 0 0
157 117 100 0 0
158 117 101 0 0
159 118 101 0 0
160 118 102 0 0
161 118 103 0 0
162 118 104 0 0
163 118 105 0 0
164 118 106 0 0
165 119 106 0 0
166 119 107 0 0
167 119 108 0 0
168 119 109 0 0
169 119 110 0 0
170 120 110 0 0
171 120 111 0 0
172 119 111 0 0
173 119 112 0 0
174 119 113 0 0
175 119 114 0 0
176 119 115 0 0
177 119 116 0 0
178 119 117 0 0
179 119 118 0 0
180 119 119 0 0
181 119 120 0 0
182 119 121 0 0
183 119 122 0 0
184 119 123 0 0
185 119 124 0 0
186 118 124 0 0
187 118 125 0 0
188 118 126 0 0
189 118 127 0 0
190 118 128 0 0
191 118 129 0 0
192 118 130 0 0
193 118 131 0 0
194 118 132 0 0
195 118 133 0 0
196 118 134 0 0
197 118 135 0 0
198 118 136 0 0
199 118 137 0 0
200 118 138 0 0
201 118 139 0 0
202 118 140 0 0
203 118 141 0 0
204 117 141 0 0
205 117 142 0 0
206 117 143 0 0
207 117 144 0 0
208 117 145 0 0
209 117 146 0 0
210 117 147 0 0
211 117 148 0 0
212 117 149 0 0
213 117 150 0 0
214 117 151 0 0
215 118 151 0 0
216 118 152 0 0
217 118 153 0 0
218 118 154 0 0
219 118 155 0 0
220 118 156 0 0
221 118 157 0 0
222 118 158 0 0
223 118 159 0 0
224 118 160 0 0
225 118 161 0 0
226 118 162 0 0
227 118 163 0 0
228 118 164 0 0
229 118 165 0 0
230 119 165 0 0
231 119 166 0 0
232 119 167 0 0
233 119 168 0 0
234 119 169 0 0
235 119 170 0 0
236 119 171 0 0
237 119 172 0 0
238 119 173 0 0
239 119 174 0 0
240 119 175 0 0
241 120 175 0 0
242 120 176 0 0
243 120 177 0 0
244 120 178 0 0
245 120 179 0 0
246 120 180 0 0
247 120 181 0 0
248 120 182 0 0
249 120 183 0 0
250 120 184 0 0
251 120 185 0 0
252 120 186 0 0
253 120 187 0 0
254 120 188 0 0
255 120 189 0 0
256 120 190 0 0
257 120 191 0 0
258 120 192 0 0
259 120 193 0 0
260 120 194 0 0
261 120 195 0 0
262 120 196 0 0
263 120 197 0 0
264 121 197 0 0
265 121 198 0 0
266 121 199 0 0
267 121 200 0 0
268 121 201 0 0
269 121 202 0 0
270 121 203 0 0
271 121 204 0 0
272 121 205 0 0
273 121 206 0 0
274 121 207 0 0
275 121 208 0 0
276 121 209 0 0
277 121 210 0 0
278 121 211 0 0
279 121 212 0 0
280 121 213 0 0
281 121 214 0 0
282 121 215 0 0
283 121 216 0 0
284 121 217 0 0
285 121 218 0 0
286 121 219 0 0
287 121 220 0 0
288 121 221 0 0
289 121 222 0 0
290 121 223 0 0
291 121 224 0 0
292 121 225 0 0
293 121 226 0 0
294 121 227 0 0
295 121 228 0 0
296 121 229 0 0
297 121 230 0 0
298 121 231 0 0
