0 196 106 0 0
1 195 106 0 0
2 196 106 0 0
3 195 106 0 0
4 196 106 0 0
5 195 106 0 0
6 194 106 0 0
7 195 106 0 0
8 194 106 0 0
9 193 106 0 0
10 194 106 0 0
11 193 106 0 0
12 192 106 0 0
13 193 106 0 0
14 192 106 0 0
15 193 106 0 0
16 192 106 0 0
17 191 106 0 0
18 190 106 0 0
19 191 106 0 0
20 190 106 0 0
21 191 106 0 0
22 190 106 0 0
23 189 106 0 0
24 190 106 0 0
25 189 106 0 0
26 188 106 0 0
27 189 106 0 0
28 188 106 0 0
29 187 106 0 0
30 188 106 0 0
31 187 106 0 0
32 186 106 0 0
33 187 106 0 0
34 186 106 0 0
35 187 106 0 0
36 186 106 0 0
37 185 106 0 0
38 185 105 0 0
39 186 105 0 0
40 185 105 0 0
41 184 105 0 0
42 185 105 0 0
43 184 105 0 0
44 183 105 0 0
45 184 105 0 0
46 183 105 0 0
47 184 105 0 0
48 183 105 0 0
49 182 105 0 0
50 183 105 0 0
51 182 105 0 0
52 181 105 0 0
53 182 105 0 0
54 181 105 0 0
55 180 105 0 0
56 181 105 0 0
57 180 105 0 0
58 179 105 0 0
59 180 105 0 0
60 179 105 0 0
61 178 105 0 0
62 179 105 0 0
63 178 105 0 0
64 179 105 0 0
65 178 105 0 0
66 177 105 0 0
67 178 105 0 0
68 177 105 0 0
69 176 105 0 0
70 177 105 0 0
71 176 105 0 0
72 175 105 0 0
73 176 105 0 0
74 175 105 0 0
75 176 105 0 0
76 175 105 0 0
77 174 105 0 0
78 175 105 0 0
79 174 105 0 0
80 173 105 0 0
81 174 105 0 0
82 173 105 0 0
83 172 105 0 0
84 173 105 0 0
85 172 105 0 0
86 173 105 0 0
87 172 105 0 0
88 171 105 0 0
89 172 105 0 0
90 171 105 0 0
91 170 105 0 0
92 171 105 0 0
93 170 105 0 0
94 169 105 0 0
95 170 105 0 0
96 169 105 0 0
97 168 105 0 0
98 169 105 0 0
99 168 105 0 0
100 169 105 0 0
101 168 105 0 0
102 167 105 0 0
103 168 105 0 0
104 167 105 0 0
105 166 105 0 0
106 167 105 0 0
107 166 105 0 0
108 167 105 0 0
109 166 105 0 0
110 165 105 0 0
111 166 105 0 0
112 165 105 0 0
113 164 105 0 0
114 165 105 0 0
115 164 105 0 0
116 164 106 0 0
117 163 106 0 0
118 164 106 0 0
119 163 106 0 0
120 164 106 0 0
121 163 106 0 0
122 162 106 0 0
123 163 106 0 0
124 162 106 0 0
125 163 106 0 0
126 162 106 0 0
127 161 106 0 0
128 162 106 0 0
129 161 106 0 0
130 160 106 0 0
131 161 106 0 0
132 160 106 0 0
133 159 106 0 0
134 160 106 0 0
135 159 106 0 0
136 158 106 0 0
137 159 106 0 0
138 158 106 0 0
139 159 106 0 0
140 158 106 0 0
141 157 106 0 0
142 158 106 0 0
143 157 106 0 0
144 156 106 0 0
145 157 106 0 0
146 156 106 0 0
147 155 106 0 0
148 156 106 0 0
149 155 106 0 0
150 156 106 0 0
151 155 106 0 0
152 154 106 0 0
153 155 106 0 0
154 154 106 0 0
155 153 106 0 0
156 154 106 0 0
157 153 106 0 0
158 154 106 0 0
159 153 106 0 0
160 152 106 0 0
161 153 106 0 0
162 152 106 0 0
163 151 106 0 0
164 152 106 0 0
165 151 106 0 0
166 150 106 0 0
167 151 106 0 0
168 150 106 0 0
169 151 106 0 0
170 150 106 0 0
171 149 106 0 0
172 150 106 0 0
173 149 106 0 0
174 148 106 0 0
175 149 106 0 0
176 148 106 0 0
177 149 106 0 0
178 148 106 0 0
179 147 106 0 0
180 148 106 0 0
181 147 106 0 0
182 146 106 0 0
183 147 106 0 0
184 146 106 0 0
185 145 106 0 0
186 146 106 0 0
187 145 106 0 0
188 146 106 0 0
189 145 106 0 0
190 144 106 0 0
191 144 107 0 0
192 145 107 0 0
193 144 107 0 0
194 145 107 0 0
195 144 107 0 0
196 143 107 0 0
197 144 107 0 0
198 143 107 0 0
199 144 107 0 0
200 143 107 0 0
201 144 107 0 0
202 143 107 0 0
203 142 107 0 0
204 143 107 0 0
205 142 107 0 0
206 143 107 0 0
207 142 107 0 0
208 143 107 0 0
209 142 107 0 0
210 143 107 0 0
211 142 107 0 0
212 141 107 0 0
213 142 107 0 0
214 141 107 0 0
215 142 107 0 0
216 141 107 0 0
217 141 108 0 0
218 140 108 0 0
219 141 108 0 0
220 140 108 0 0
221 141 108 0 0
222 140 108 0 0
223 141 108 0 0
224 140 108 0 0
225 139 108 0 0
226 140 108 0 0
227 139 108 0 0
228 140 108 0 0
229 139 108 0 0
230 140 108 0 0
231 139 108 0 0
232 138 108 0 0
233 139 108 0 0
234 138 108 0 0
235 139 108 0 0
236 138 108 0 0
237 139 108 0 0
238 138 108 0 0
239 137 108 0 0
240 138 108 0 0
241 137 108 0 0
242 137 109 0 0
243 138 109 0 0
244 137 109 0 0
245 138 109 0 0
246 137 109 0 0
247 138 109 0 0
248 137 109 0 0
249 136 109 0 0
250 137 109 0 0
251 136 109 0 0
252 137 109 0 0
253 136 109 0 0
254 135 109 0 0
255 136 109 0 0
256 135 109 0 0
257 136 109 0 0
258 135 109 0 0
259 136 109 0 0
260 135 109 0 0
261 134 109 0 0
262 135 109 0 0
263 134 109 0 0
264 135 109 0 0
265 134 109 0 0
266 135 109 0 0
267 134 109 0 0
268 134 110 0 0
269 133 110 0 0
270 134 110 0 0
271 133 110 0 0
272 134 110 0 0
273 133 110 0 0
274 134 110 0 0
275 133 110 0 0
276 132 110 0 0
277 133 110 0 0
278 132 110 0 0
279 133 110 0 0
280 132 110 0 0
281 133 110 0 0
282 132 110 0 0
283 133 110 0 0
284 132 110 0 0
285 131 110 0 0
286 132 110 0 0
287 131 110 0 0
288 132 110 0 0
289 131 110 0 0
290 130 110 0 0
291 131 110 0 0
292 130 110 0 0
293 131 110 0 0
294 130 110 0 0
295 130 111 0 0
296 131 111 0 0
297 130 111 0 0
298 129 111 0 0
299 130 111 0 0
300 129 111 0 0
301 130 111 0 0
302 129 111 0 0
303 130 111 0 0
304 129 111 0 0
305 128 111 0 0
306 129 111 0 0
307 128 111 0 0
308 129 111 0 0
309 128 111 0 0
310 129 111 0 0
311 128 111 0 0
312 127 111 0 0
313 128 111 0 0
314 127 111 0 0
315 128 111 0 0
316 127 111 0 0
317 126 111 0 0
318 127 111 0 0
319 126 111 0 0
320 127 111 0 0
321 126 111 0 0
322 126 112 0 0
323 127 112 0 0
324 126 112 0 0
325 127 112 0 0
326 126 112 0 0
327 125 112 0 0
328 126 112 0 0
329 125 112 0 0
330 126 112 0 0
331 125 112 0 0
332 126 112 0 0
333 125 112 0 0
334 124 112 0 0
335 125 112 0 0
336 124 112 0 0
337 125 112 0 0
338 124 112 0 0
339 123 112 0 0
340 124 112 0 0
341 123 112 0 0
342 124 112 0 0
343 123 112 0 0
344 124 112 0 0
345 123 112 0 0
346 124 112 0 0
347 123 112 0 0
348 122 112 0 0
349 122 113 0 0
350 123 113 0 0
351 122 113 0 0
352 123 113 0 0
353 122 113 0 0
354 123 113 0 0
355 122 113 0 0
356 121 113 0 0
357 122 113 0 0
358 121 113 0 0
359 122 113 0 0
360 121 113 0 0
361 120 113 0 0
362 121 113 0 0
363 120 113 0 0
364 121 113 0 0
365 120 113 0 0
366 121 113 0 0
367 120 113 0 0
368 121 113 0 0
369 120 113 0 0
370 119 113 0 0
371 120 113 0 0
372 119 113 0 0
373 120 113 0 0
374 119 113 0 0
375 118 113 0 0
376 118 114 0 0
377 119 114 0 0
378 118 114 0 0
379 119 114 0 0
380 118 114 0 0
381 119 114 0 0
382 118 114 0 0
383 117 114 0 0
384 118 114 0 0
385 117 114 0 0
386 118 114 0 0
387 117 114 0 0
388 118 114 0 0
389 117 114 0 0
390 118 114 0 0
391 117 114 0 0
392 116 114 0 0
393 117 114 0 0
394 116 114 0 0
395 115 114 0 0
396 116 114 0 0
397 115 114 0 0
398 114 114 0 0
399 115 114 0 0
400 114 114 0 0
401 113 114 0 0
402 114 114 0 0
403 113 114 0 0
404 114 114 0 0
405 113 114 0 0
406 112 114 0 0
407 113 114 0 0
408 112 114 0 0
409 113 114 0 0
410 112 114 0 0
411 111 114 0 0
412 112 114 0 0
413 111 114 0 0
414 110 114 0 0
415 111 114 0 0
416 110 114 0 0
417 111 114 0 0
418 110 114 0 0
419 109 114 0 0
420 110 114 0 0
421 109 114 0 0
422 108 114 0 0
423 109 114 0 0
424 108 114 0 0
425 109 114 0 0
426 108 114 0 0
427 107 114 0 0
428 108 114 0 0
429 107 114 0 0
430 106 114 0 0
431 107 114 0 0
432 106 114 0 0
433 105 114 0 0
434 106 114 0 0
435 105 114 0 0
436 105 113 0 0
437 106 113 0 0
438 105 113 0 0
439 104 113 0 0
440 105 113 0 0
441 104 113 0 0
442 103 113 0 0
443 104 113 0 0
444 103 113 0 0
445 102 113 0 0
446 103 113 0 0
447 102 113 0 0
448 103 113 0 0
449 102 113 0 0
450 101 113 0 0
451 102 113 0 0
452 101 113 0 0
453 100 113 0 0
454 101 113 0 0
455 100 113 0 0
456 99 113 0 0
457 100 113 0 0
458 99 113 0 0
459 100 113 0 0
460 99 113 0 0
461 98 113 0 0
462 98 112 0 0
463 97 112 0 0
464 98 112 0 0
465 97 112 0 0
466 98 112 0 0
467 97 112 0 0
468 96 112 0 0
469 97 112 0 0
470 96 112 0 0
471 95 112 0 0
472 96 112 0 0
473 95 112 0 0
474 96 112 0 0
475 95 112 0 0
476 94 112 0 0
477 95 112 0 0
478 94 112 0 0
479 93 112 0 0
480 94 112 0 0
481 93 112 0 0
482 92 112 0 0
483 93 112 0 0
484 92 112 0 0
485 91 112 0 0
486 92 112 0 0
487 91 112 0 0
488 90 112 0 0
489 91 112 0 0
490 90 112 0 0
491 91 112 0 0
492 90 112 0 0
493 89 112 0 0
494 90 112 0 0
495 89 112 0 0
496 88 112 0 0
497 89 112 0 0
498 88 112 0 0
499 89 112 0 0
500 88 112 0 0
501 88 111 0 0
502 87 111 0 0
503 86 111 0 0
504 87 111 0 0
505 86 111 0 0
506 87 111 0 0
507 86 111 0 0
508 85 111 0 0
509 86 111 0 0
510 85 111 0 0
511 84 111 0 0
512 85 111 0 0
513 84 111 0 0
514 83 111 0 0
515 84 111 0 0
516 83 111 0 0
517 82 111 0 0
518 83 111 0 0
519 82 111 0 0
520 83 111 0 0
521 82 111 0 0
522 81 111 0 0
523 82 111 0 0
524 81 111 0 0
525 81 110 0 0
526 80 110 0 0
527 81 110 0 0
528 80 110 0 0
529 79 110 0 0
530 80 110 0 0
531 79 110 0 0
532 78 110 0 0
533 79 110 0 0
534 78 110 0 0
535 77 110 0 0
536 77 109 0 0
537 76 109 0 0
538 77 109 0 0
539 76 109 0 0
540 77 109 0 0
541 76 109 0 0
542 75 109 0 0
543 76 109 0 0
544 75 109 0 0
545 74 109 0 0
546 73 109 0 0
547 73 108 0 0
548 74 108 0 0
549 73 108 0 0
550 74 108 0 0
551 73 108 0 0
552 72 108 0 0
553 73 108 0 0
554 72 108 0 0
555 71 108 0 0
556 70 108 0 0
557 70 107 0 0
558 71 107 0 0
559 70 107 0 0
560 69 107 0 0
561 70 107 0 0
562 69 107 0 0
563 68 107 0 0
564 69 107 0 0
565 68 107 0 0
566 67 107 0 0
567 68 107 0 0
568 67 107 0 0
569 67 106 0 0
570 66 106 0 0
571 67 106 0 0
572 66 106 0 0
573 65 106 0 0
574 66 106 0 0
575 65 106 0 0
576 64 106 0 0
577 65 106 0 0
578 64 106 0 0
579 63 106 0 0
580 64 106 0 0
581 63 106 0 0
582 62 106 0 0
583 63 106 0 0
584 62 106 0 0
585 62 105 0 0
586 61 105 0 0
587 62 105 0 0
588 61 105 0 0
589 60 105 0 0
590 61 105 0 0
591 60 105 0 0
592 61 105 0 0
593 60 105 0 0
594 59 105 0 0
595 58 105 0 0
596 59 105 0 0
597 58 105 0 0
598 59 105 0 0
599 58 105 0 0
600 57 105 0 0
601 56 105 0 0
602 57 105 0 0
603 56 105 0 0
604 57 105 0 0
605 56 105 0 0
606 56 104 0 0
607 55 104 0 0
608 56 104 0 0
609 55 104 0 0
610 54 104 0 0
611 55 104 0 0
612 54 104 0 0
613 53 104 0 0
614 54 104 0 0
615 53 104 0 0
616 52 104 0 0
617 53 104 0 0
618 52 104 0 0
619 51 104 0 0
620 52 104 0 0
621 51 104 0 0
622 50 104 0 0
623 51 104 0 0
624 50 104 0 0
625 51 104 0 0
626 50 104 0 0
627 49 104 0 0
628 49 103 0 0
629 48 103 0 0
630 49 103 0 0
631 48 103 0 0
632 49 103 0 0
633 48 103 0 0
634 47 103 0 0
635 48 103 0 0
636 47 103 0 0
637 46 103 0 0
638 47 103 0 0
639 46 103 0 0
640 45 103 0 0
641 46 103 0 0
642 45 103 0 0
643 44 103 0 0
644 45 103 0 0
645 44 103 0 0
646 43 103 0 0
647 44 103 0 0
648 43 103 0 0
649 43 102 0 0
650 42 102 0 0
651 43 102 0 0
652 42 102 0 0
653 41 102 0 0
654 42 102 0 0
655 41 102 0 0
656 40 102 0 0
657 41 102 0 0
658 40 102 0 0
659 41 102 0 0
660 40 102 0 0
661 39 102 0 0
662 38 102 0 0
663 39 102 0 0
664 38 102 0 0
665 39 102 0 0
666 38 102 0 0
667 37 102 0 0
668 36 102 0 0
669 36 101 0 0
670 37 101 0 0
671 36 101 0 0
672 37 101 0 0
673 36 101 0 0
674 37 101 0 0
675 36 101 0 0
676 35 101 0 0
677 36 101 0 0
678 35 101 0 0
679 36 101 0 0
680 35 101 0 0
681 36 101 0 0
682 35 101 0 0
683 34 101 0 0
684 35 101 0 0
685 34 101 0 0
686 35 101 0 0
687 34 101 0 0
688 34 100 0 0
689 35 100 0 0
690 34 100 0 0
691 33 100 0 0
692 32 100 0 0
693 33 100 0 0
694 32 100 0 0
695 31 100 0 0
696 30 100 0 0
697 31 100 0 0
698 30 100 0 0
699 29 100 0 0
700 30 100 0 0
701 29 100 0 0
702 28 100 0 0
703 27 100 0 0
704 28 100 0 0
705 27 100 0 0
706 26 100 0 0
707 25 100 0 0
708 26 100 0 0
709 25 100 0 0
710 24 100 0 0
711 25 100 0 0
712 24 100 0 0
713 24 99 0 0
714 23 99 0 0
715 22 99 0 0
716 23 99 0 0
717 22 99 0 0
718 21 99 0 0
719 20 99 0 0
720 21 99 0 0
721 20 99 0 0
722 19 99 0 0
723 20 99 0 0
724 19 99 0 0
725 18 99 0 0
726 17 99 0 0
727 18 99 0 0
728 17 99 0 0
729 16 99 0 0
730 17 99 0 0
731 16 99 0 0
732 15 99 0 0
733 14 99 0 0
734 15 99 0 0
735 14 99 0 0
736 13 99 0 0
737 13 98 0 0
738 12 98 0 0
739 13 98 0 0
740 12 98 0 0
741 11 98 0 0
742 12 98 0 0
743 11 98 0 0
744 10 98 0 0
745 9 98 0 0
746 10 98 0 0
747 9 98 0 0
748 8 98 0 0
749 7 98 0 0
750 8 98 0 0
751 7 98 0 0
752 6 98 0 0
753 7 98 0 0
754 6 98 0 0
755 5 98 0 0
756 4 98 0 0
757 5 98 0 0
758 4 98 0 0
759 3 98 0 0
760 3 97 0 0
761 4 97 0 0
762 3 97 0 0
763 3 98 0 0
764 2 98 0 0
765 3 98 0 0
766 2 98 0 0
767 3 98 0 0
768 2 98 0 0
769 3 98 0 0
770 2 98 0 0
771 1 98 0 0
772 2 98 0 0
773 1 98 0 0
774 2 98 0 0
775 1 98 0 0
