0 2 98 0 0
1 3 98 0 0
2 2 98 0 0
3 3 98 0 0
4 4 98 0 0
5 3 98 0 0
6 4 98 0 0
7 5 98 0 0
8 4 98 0 0
9 5 98 0 0
10 6 98 0 0
11 5 98 0 0
12 6 98 0 0
13 5 98 0 0
14 6 98 0 0
15 7 98 0 0
16 6 98 0 0
17 7 98 0 0
18 8 98 0 0
19 7 98 0 0
20 8 98 0 0
21 7 98 0 0
22 8 98 0 0
23 9 98 0 0
24 8 98 0 0
25 9 98 0 0
26 10 98 0 0
27 9 98 0 0
28 10 98 0 0
29 9 98 0 0
30 10 98 0 0
31 11 98 0 0
32 10 98 0 0
33 11 98 0 0
34 12 98 0 0
35 11 98 0 0
36 12 98 0 0
37 11 98 0 0
38 12 98 0 0
39 13 98 0 0
40 12 98 0 0
41 13 98 0 0
42 12 98 0 0
43 13 98 0 0
44 14 98 0 0
45 13 98 0 0
46 14 98 0 0
47 15 98 0 0
48 14 98 0 0
49 14 99 0 0
50 15 99 0 0
51 16 99 0 0
52 15 99 0 0
53 16 99 0 0
54 17 99 0 0
55 16 99 0 0
56 17 99 0 0
57 18 99 0 0
58 17 99 0 0
59 18 99 0 0
60 19 99 0 0
61 18 99 0 0
62 19 99 0 0
63 20 99 0 0
64 19 99 0 0
65 20 99 0 0
66 21 99 0 0
67 20 99 0 0
68 21 99 0 0
69 22 99 0 0
70 21 99 0 0
71 22 99 0 0
72 23 99 0 0
73 22 99 0 0
74 23 99 0 0
75 22 99 0 0
76 23 99 0 0
77 24 99 0 0
78 25 99 0 0
79 24 99 0 0
80 25 99 0 0
81 24 99 0 0
82 25 99 0 0
83 26 99 0 0
84 25 99 0 0
85 26 99 0 0
86 25 99 0 0
87 26 99 0 0
88 27 99 0 0
89 26 99 0 0
90 27 99 0 0
91 26 99 0 0
92 27 99 0 0
93 28 99 0 0
94 27 99 0 0
95 28 99 0 0
96 27 99 0 0
97 28 99 0 0
98 29 99 0 0
99 28 99 0 0
100 29 99 0 0
101 30 99 0 0
102 29 99 0 0
103 30 99 0 0
104 29 99 0 0
105 30 99 0 0
106 31 99 0 0
107 30 99 0 0
108 31 99 0 0
109 32 99 0 0
110 31 99 0 0
111 32 99 0 0
112 31 99 0 0
113 32 99 0 0
114 33 99 0 0
115 32 99 0 0
116 33 99 0 0
117 32 99 0 0
118 33 99 0 0
119 34 99 0 0
120 33 99 0 0
121 34 99 0 0
122 35 99 0 0
123 34 99 0 0
124 35 99 0 0
125 34 99 0 0
126 35 99 0 0
127 36 99 0 0
128 35 99 0 0
129 36 99 0 0
130 35 99 0 0
131 36 99 0 0
132 37 99 0 0
133 36 99 0 0
134 37 99 0 0
135 38 99 0 0
136 37 99 0 0
137 38 99 0 0
138 37 99 0 0
139 38 99 0 0
140 39 99 0 0
141 38 99 0 0
142 39 99 0 0
143 39 98 0 0
144 40 98 0 0
145 39 98 0 0
146 40 98 0 0
147 39 98 0 0
148 40 98 0 0
149 41 98 0 0
150 40 98 0 0
151 41 98 0 0
152 42 98 0 0
153 41 98 0 0
154 42 98 0 0
155 41 98 0 0
156 42 98 0 0
157 43 98 0 0
158 42 98 0 0
159 43 98 0 0
160 42 98 0 0
161 43 98 0 0
162 44 98 0 0
163 43 98 0 0
164 44 98 0 0
165 45 98 0 0
166 44 98 0 0
167 45 98 0 0
168 44 98 0 0
169 45 98 0 0
170 46 98 0 0
171 45 98 0 0
172 46 98 0 0
173 47 98 0 0
174 46 98 0 0
175 47 98 0 0
176 46 98 0 0
177 47 98 0 0
178 48 98 0 0
179 47 98 0 0
180 48 98 0 0
181 47 98 0 0
182 48 98 0 0
183 49 98 0 0
184 48 98 0 0
185 49 98 0 0
186 50 98 0 0
187 49 98 0 0
188 50 98 0 0
189 49 98 0 0
190 50 98 0 0
191 51 98 0 0
192 50 98 0 0
193 51 98 0 0
194 52 98 0 0
195 51 98 0 0
196 52 98 0 0
197 51 98 0 0
198 52 98 0 0
199 53 98 0 0
200 52 98 0 0
201 53 98 0 0
202 52 98 0 0
203 53 98 0 0
204 54 98 0 0
205 53 98 0 0
206 54 98 0 0
207 53 98 0 0
208 54 98 0 0
209 55 98 0 0
210 54 98 0 0
211 55 98 0 0
212 54 98 0 0
213 55 98 0 0
214 56 98 0 0
215 55 98 0 0
216 56 98 0 0
217 55 98 0 0
218 56 98 0 0
219 57 98 0 0
220 56 98 0 0
221 57 98 0 0
222 58 98 0 0
223 57 98 0 0
224 58 98 0 0
225 57 98 0 0
226 57 97 0 0
227 58 97 0 0
228 59 97 0 0
229 58 97 0 0
230 59 97 0 0
231 58 97 0 0
232 59 97 0 0
233 60 97 0 0
234 59 97 0 0
235 60 97 0 0
236 59 97 0 0
237 60 97 0 0
238 59 97 0 0
239 60 97 0 0
240 61 97 0 0
241 60 97 0 0
242 61 97 0 0
243 60 97 0 0
244 60 96 0 0
245 61 96 0 0
246 62 96 0 0
247 61 96 0 0
248 62 96 0 0
249 61 96 0 0
250 62 96 0 0
251 61 96 0 0
252 62 96 0 0
253 63 96 0 0
254 62 96 0 0
255 63 96 0 0
256 62 96 0 0
257 63 96 0 0
258 64 96 0 0
259 63 96 0 0
260 64 96 0 0
261 63 96 0 0
262 63 95 0 0
263 64 95 0 0
264 65 95 0 0
265 64 95 0 0
266 65 95 0 0
267 64 95 0 0
268 65 95 0 0
269 64 95 0 0
270 65 95 0 0
271 66 95 0 0
272 65 95 0 0
273 66 95 0 0
274 65 95 0 0
275 66 95 0 0
276 67 95 0 0
277 66 95 0 0
278 67 95 0 0
279 66 95 0 0
280 66 94 0 0
281 67 94 0 0
282 68 94 0 0
283 67 94 0 0
284 68 94 0 0
285 67 94 0 0
286 68 94 0 0
287 69 94 0 0
288 68 94 0 0
289 69 94 0 0
290 70 94 0 0
291 69 94 0 0
292 69 93 0 0
293 70 93 0 0
294 69 93 0 0
295 70 93 0 0
296 71 93 0 0
297 70 93 0 0
298 71 93 0 0
299 72 93 0 0
300 71 93 0 0
301 72 93 0 0
302 71 93 0 0
303 72 93 0 0
304 72 92 0 0
305 73 92 0 0
306 72 92 0 0
307 73 92 0 0
308 74 92 0 0
309 73 92 0 0
310 74 92 0 0
311 75 92 0 0
312 74 92 0 0
313 75 92 0 0
314 74 92 0 0
315 74 91 0 0
316 75 91 0 0
317 76 91 0 0
318 75 91 0 0
319 76 91 0 0
320 75 91 0 0
321 76 91 0 0
322 77 91 0 0
323 76 91 0 0
324 77 91 0 0
325 76 91 0 0
326 77 91 0 0
327 78 91 0 0
328 77 91 0 0
329 77 90 0 0
330 78 90 0 0
331 77 90 0 0
332 78 90 0 0
333 79 90 0 0
334 78 90 0 0
335 79 90 0 0
336 80 90 0 0
337 79 90 0 0
338 80 90 0 0
339 79 90 0 0
340 80 90 0 0
341 80 89 0 0
342 81 89 0 0
343 80 89 0 0
344 81 89 0 0
345 82 89 0 0
346 81 89 0 0
347 82 89 0 0
348 81 89 0 0
349 82 89 0 0
350 83 89 0 0
351 82 89 0 0
352 83 89 0 0
353 82 89 0 0
354 83 89 0 0
355 82 89 0 0
356 82 88 0 0
357 83 88 0 0
358 84 88 0 0
359 83 88 0 0
360 84 88 0 0
361 85 88 0 0
362 84 88 0 0
363 85 88 0 0
364 84 88 0 0
365 85 88 0 0
366 86 88 0 0
367 85 88 0 0
368 85 87 0 0
369 86 87 0 0
370 87 87 0 0
371 86 87 0 0
372 87 87 0 0
373 86 87 0 0
374 87 87 0 0
375 86 87 0 0
376 87 87 0 0
377 88 87 0 0
378 87 87 0 0
379 87 86 0 0
380 88 86 0 0
381 87 86 0 0
382 88 86 0 0
383 89 86 0 0
384 88 86 0 0
385 89 86 0 0
386 90 86 0 0
387 89 86 0 0
388 90 86 0 0
389 89 86 0 0
390 89 85 0 0
391 90 85 0 0
392 89 85 0 0
393 90 85 0 0
394 91 85 0 0
395 90 85 0 0
396 91 85 0 0
397 92 85 0 0
398 91 85 0 0
399 92 85 0 0
400 91 85 0 0
401 91 84 0 0
402 92 84 0 0
403 91 84 0 0
404 92 84 0 0
405 93 84 0 0
406 92 84 0 0
407 93 84 0 0
408 94 84 0 0
409 93 84 0 0
410 94 84 0 0
411 95 84 0 0
412 94 84 0 0
413 95 84 0 0
414 94 84 0 0
415 95 84 0 0
416 96 84 0 0
417 95 84 0 0
418 96 84 0 0
419 95 84 0 0
420 96 84 0 0
421 97 84 0 0
422 96 84 0 0
423 97 84 0 0
424 98 84 0 0
425 97 84 0 0
426 98 84 0 0
427 99 84 0 0
428 98 84 0 0
429 99 84 0 0
430 100 84 0 0
431 99 84 0 0
432 100 84 0 0
433 99 84 0 0
434 100 84 0 0
435 101 84 0 0
436 100 84 0 0
437 100 83 0 0
438 101 83 0 0
439 102 83 0 0
440 101 83 0 0
441 102 83 0 0
442 101 83 0 0
443 102 83 0 0
444 103 83 0 0
445 102 83 0 0
446 103 83 0 0
447 104 83 0 0
448 103 83 0 0
449 104 83 0 0
450 105 83 0 0
451 104 83 0 0
452 105 83 0 0
453 106 83 0 0
454 105 83 0 0
455 106 83 0 0
456 107 83 0 0
457 106 83 0 0
458 107 83 0 0
459 108 83 0 0
460 107 83 0 0
461 108 83 0 0
462 107 83 0 0
463 108 83 0 0
464 109 83 0 0
465 108 83 0 0
466 109 83 0 0
467 110 83 0 0
468 109 83 0 0
469 110 83 0 0
470 111 83 0 0
471 110 83 0 0
472 111 83 0 0
473 110 83 0 0
474 111 83 0 0
475 112 83 0 0
476 111 83 0 0
477 112 83 0 0
478 111 83 0 0
479 111 84 0 0
480 112 84 0 0
481 111 84 0 0
482 112 84 0 0
483 113 84 0 0
484 112 84 0 0
485 113 84 0 0
486 112 84 0 0
487 113 84 0 0
488 113 85 0 0
489 114 85 0 0
490 113 85 0 0
491 114 85 0 0
492 113 85 0 0
493 114 85 0 0
494 115 85 0 0
495 114 85 0 0
496 115 85 0 0
497 114 85 0 0
498 114 86 0 0
499 115 86 0 0
500 114 86 0 0
501 115 86 0 0
502 116 86 0 0
503 115 86 0 0
504 116 86 0 0
505 115 86 0 0
506 116 86 0 0
507 116 87 0 0
508 117 87 0 0
509 116 87 0 0
510 117 87 0 0
511 116 87 0 0
512 117 87 0 0
513 118 87 0 0
514 117 87 0 0
515 118 87 0 0
516 117 87 0 0
517 117 88 0 0
518 118 88 0 0
519 117 88 0 0
520 118 88 0 0
521 119 88 0 0
522 118 88 0 0
523 119 88 0 0
524 120 88 0 0
525 119 88 0 0
526 119 89 0 0
527 120 89 0 0
528 119 89 0 0
529 120 89 0 0
530 119 89 0 0
531 120 89 0 0
532 121 89 0 0
533 120 89 0 0
534 121 89 0 0
535 122 89 0 0
536 121 89 0 0
537 122 89 0 0
538 121 89 0 0
539 122 89 0 0
540 121 89 0 0
541 122 89 0 0
542 123 89 0 0
543 122 89 0 0
544 123 89 0 0
545 122 89 0 0
546 123 89 0 0
547 124 89 0 0
548 123 89 0 0
549 123 90 0 0
550 124 90 0 0
551 125 90 0 0
552 124 90 0 0
553 125 90 0 0
554 124 90 0 0
555 125 90 0 0
556 124 90 0 0
557 125 90 0 0
558 126 90 0 0
559 125 90 0 0
560 126 90 0 0
561 127 90 0 0
562 126 90 0 0
563 127 90 0 0
564 126 90 0 0
565 127 90 0 0
566 127 91 0 0
567 128 91 0 0
568 127 91 0 0
569 128 91 0 0
570 127 91 0 0
571 128 91 0 0
572 129 91 0 0
573 128 91 0 0
574 129 91 0 0
575 130 91 0 0
576 129 91 0 0
577 130 91 0 0
578 129 91 0 0
579 129 92 0 0
580 130 92 0 0
581 131 92 0 0
582 130 92 0 0
583 131 92 0 0
584 130 92 0 0
585 131 92 0 0
586 132 92 0 0
587 131 92 0 0
588 132 92 0 0
589 131 92 0 0
590 132 92 0 0
591 133 92 0 0
592 132 92 0 0
593 133 92 0 0
594 132 92 0 0
595 133 92 0 0
596 133 93 0 0
597 134 93 0 0
598 133 93 0 0
599 134 93 0 0
600 135 93 0 0
601 134 93 0 0
602 135 93 0 0
603 136 93 0 0
604 135 93 0 0
605 136 93 0 0
606 135 93 0 0
607 136 93 0 0
608 137 93 0 0
609 138 93 0 0
610 137 93 0 0
611 138 93 0 0
612 137 93 0 0
613 138 93 0 0
614 139 93 0 0
615 140 93 0 0
616 139 93 0 0
617 139 94 0 0
618 140 94 0 0
619 139 94 0 0
620 140 94 0 0
621 141 94 0 0
622 140 94 0 0
623 141 94 0 0
624 142 94 0 0
625 141 94 0 0
626 142 94 0 0
627 143 94 0 0
628 142 94 0 0
629 143 94 0 0
630 142 94 0 0
631 143 94 0 0
632 144 94 0 0
633 143 94 0 0
634 144 94 0 0
635 145 94 0 0
636 144 94 0 0
637 145 94 0 0
638 146 94 0 0
639 145 94 0 0
640 146 94 0 0
641 147 94 0 0
642 146 94 0 0
643 147 94 0 0
644 146 94 0 0
645 147 94 0 0
646 148 94 0 0
647 147 94 0 0
648 148 94 0 0
649 147 94 0 0
650 148 94 0 0
651 149 94 0 0
652 148 94 0 0
653 148 95 0 0
654 149 95 0 0
655 150 95 0 0
656 149 95 0 0
657 150 95 0 0
658 149 95 0 0
659 150 95 0 0
660 151 95 0 0
661 150 95 0 0
662 151 95 0 0
663 152 95 0 0
664 151 95 0 0
665 152 95 0 0
666 153 95 0 0
667 152 95 0 0
668 153 95 0 0
669 152 95 0 0
670 153 95 0 0
671 154 95 0 0
672 153 95 0 0
673 154 95 0 0
674 155 95 0 0
675 154 95 0 0
676 155 95 0 0
677 154 95 0 0
678 155 95 0 0
679 156 95 0 0
680 155 95 0 0
681 156 95 0 0
682 155 95 0 0
683 156 95 0 0
684 157 95 0 0
685 156 95 0 0
686 157 95 0 0
687 156 95 0 0
688 157 95 0 0
689 158 95 0 0
690 157 95 0 0
691 158 95 0 0
692 157 95 0 0
693 158 95 0 0
694 159 95 0 0
695 158 95 0 0
696 159 95 0 0
697 160 95 0 0
698 159 95 0 0
699 160 95 0 0
700 159 95 0 0
701 160 95 0 0
702 161 95 0 0
703 160 95 0 0
704 161 95 0 0
705 160 95 0 0
706 161 95 0 0
707 162 95 0 0
708 161 95 0 0
709 162 95 0 0
710 161 95 0 0
711 161 96 0 0
712 162 96 0 0
713 163 96 0 0
714 162 96 0 0
715 163 96 0 0
716 164 96 0 0
717 163 96 0 0
718 164 96 0 0
719 165 96 0 0
720 164 96 0 0
721 165 96 0 0
722 166 96 0 0
723 165 96 0 0
724 166 96 0 0
725 167 96 0 0
726 166 96 0 0
727 167 96 0 0
728 168 96 0 0
729 167 96 0 0
730 168 96 0 0
731 167 96 0 0
732 168 96 0 0
733 169 96 0 0
734 170 96 0 0
735 169 96 0 0
736 170 96 0 0
737 169 96 0 0
738 170 96 0 0
739 171 96 0 0
740 172 96 0 0
741 171 96 0 0
742 172 96 0 0
743 171 96 0 0
744 172 96 0 0
745 171 96 0 0
746 172 96 0 0
747 173 96 0 0
748 172 96 0 0
749 173 96 0 0
750 172 96 0 0
751 173 96 0 0
752 174 96 0 0
753 173 96 0 0
754 174 96 0 0
755 173 96 0 0
756 174 96 0 0
757 175 96 0 0
758 174 96 0 0
759 175 96 0 0
760 176 96 0 0
761 175 96 0 0
762 176 96 0 0
763 175 96 0 0
764 176 96 0 0
765 177 96 0 0
766 176 96 0 0
767 177 96 0 0
768 178 96 0 0
769 177 96 0 0
770 178 96 0 0
771 177 96 0 0
772 178 96 0 0
773 179 96 0 0
774 178 96 0 0
775 179 96 0 0
776 180 96 0 0
777 179 96 0 0
778 180 96 0 0
779 179 96 0 0
780 180 96 0 0
781 180 95 0 0
782 181 95 0 0
783 180 95 0 0
784 180 96 0 0
785 181 96 0 0
786 182 96 0 0
787 181 96 0 0
788 181 95 0 0
789 182 95 0 0
790 181 95 0 0
791 182 95 0 0
792 183 95 0 0
793 182 95 0 0
794 183 95 0 0
795 184 95 0 0
796 183 95 0 0
797 184 95 0 0
798 185 95 0 0
799 184 95 0 0
800 185 95 0 0
801 186 95 0 0
802 185 95 0 0
803 186 95 0 0
804 187 95 0 0
805 186 95 0 0
806 187 95 0 0
807 188 95 0 0
808 187 95 0 0
809 187 96 0 0
810 188 96 0 0
811 189 96 0 0
812 188 96 0 0
813 189 96 0 0
814 188 96 0 0
815 189 96 0 0
816 190 96 0 0
817 189 96 0 0
818 190 96 0 0
819 191 96 0 0
820 190 96 0 0
821 191 96 0 0
822 192 96 0 0
823 191 96 0 0
824 192 96 0 0
825 193 96 0 0
826 192 96 0 0
827 193 96 0 0
828 192 96 0 0
829 193 96 0 0
830 194 96 0 0
831 193 96 0 0
832 194 96 0 0
833 195 96 0 0
834 194 96 0 0
835 195 96 0 0
836 196 96 0 0
837 195 96 0 0
838 196 96 0 0
839 195 96 0 0
840 196 96 0 0
841 195 96 0 0
842 196 96 0 0
