0 600 20200 0 0
1 800 20200 0 0
2 1000 20200 0 0
3 1200 20200 0 0
4 1400 20200 0 0
5 1600 20200 0 0
6 1800 20200 0 0
7 2000 20200 0 0
8 2200 20200 0 0
9 2400 20200 0 0
10 2600 20200 0 0
11 2800 20200 0 0
12 3000 20200 0 0
13 3200 20200 0 0
14 3400 20200 0 0
15 3600 20200 0 0
16 3800 20200 0 0
17 4000 20200 0 0
18 4200 20200 0 0
19 4200 20000 0 0
20 4200 20200 0 0
21 4400 20200 0 0
22 4600 20200 0 0
23 4800 20200 0 0
24 5000 20200 0 0
25 5200 20200 0 0
26 5400 20200 0 0
27 5600 20200 0 0
28 5800 20200 0 0
29 6000 20200 0 0
30 6200 20200 0 0
31 6400 20200 0 0
32 6600 20200 0 0
33 6800 20200 0 0
34 7000 20200 0 0
35 7200 20200 0 0
36 7400 20200 0 0
37 7400 20400 0 0
38 7600 20400 0 0
39 7800 20400 0 0
40 8000 20400 0 0
41 8200 20400 0 0
42 8400 20400 0 0
43 8600 20400 0 0
44 8800 20400 0 0
45 9000 20400 0 0
46 9200 20400 0 0
47 9400 20400 0 0
48 9600 20400 0 0
49 9800 20400 0 0
50 10000 20400 0 0
51 10200 20400 0 0
52 10400 20400 0 0
53 10400 20200 0 0
54 10600 20200 0 0
55 10800 20200 0 0
56 11000 20200 0 0
57 11200 20200 0 0
58 11400 20200 0 0
59 11600 20200 0 0
60 11800 20200 0 0
61 12000 20200 0 0
62 12000 20000 0 0
63 12200 20000 0 0
64 12400 20000 0 0
65 12400 19800 0 0
66 12600 19800 0 0
67 12800 19800 0 0
68 12800 19600 0 0
69 13000 19600 0 0
70 13200 19600 0 0
71 13200 19400 0 0
72 13400 19400 0 0
73 13600 19400 0 0
74 13800 19400 0 0
75 13800 19200 0 0
76 14000 19200 0 0
77 14200 19200 0 0
78 14200 19000 0 0
79 14400 19000 0 0
80 14400 18800 0 0
81 14600 18800 0 0
82 14600 18600 0 0
83 14800 18600 0 0
84 15000 18600 0 0
85 15000 18400 0 0
86 15200 18400 0 0
87 15200 18200 0 0
88 15400 18200 0 0
89 15600 18200 0 0
90 15600 18000 0 0
91 15800 18000 0 0
92 15800 17800 0 0
93 16000 17800 0 0
94 16000 17600 0 0
95 16200 17600 0 0
96 16400 17600 0 0
97 16400 17400 0 0
98 16600 17400 0 0
99 16800 17400 0 0
100 17000 17400 0 0
101 17000 17200 0 0
102 17200 17200 0 0
103 17400 17200 0 0
104 17600 17200 0 0
105 17800 17200 0 0
106 17800 17000 0 0
107 18000 17000 0 0
108 18200 17000 0 0
109 18400 17000 0 0
110 18600 17000 0 0
111 18600 16800 0 0
112 18800 16800 0 0
113 19000 16800 0 0
114 19200 16800 0 0
115 19400 16800 0 0
116 19600 16800 0 0
117 19800 16800 0 0
118 20000 16800 0 0
119 20000 17000 0 0
120 20200 17000 0 0
121 20400 17000 0 0
122 20600 17000 0 0
123 20800 17000 0 0
124 21000 17000 0 0
125 21000 17200 0 0
126 21200 17200 0 0
127 21200 17400 0 0
128 21200 17600 0 0
129 21400 17600 0 0
130 21400 17800 0 0
131 21400 18000 0 0
132 21400 18200 0 0
133 21600 18200 0 0
134 21600 18400 0 0
135 21600 18600 0 0
136 21600 18800 0 0
137 21800 18800 0 0
138 21800 19000 0 0
139 21800 19200 0 0
140 21800 19400 0 0
141 22000 19400 0 0
142 22000 19600 0 0
143 22000 19800 0 0
144 22000 20000 0 0
145 22000 20200 0 0
146 22000 20400 0 0
147 22000 20600 0 0
148 22200 20600 0 0
149 22200 20800 0 0
150 22200 21000 0 0
151 22200 21200 0 0
152 22200 21400 0 0
153 22200 21600 0 0
154 22200 21800 0 0
155 22000 21800 0 0
156 22000 22000 0 0
157 22000 22200 0 0
158 22000 22400 0 0
159 22000 22600 0 0
160 22000 22800 0 0
161 22000 23000 0 0
162 21800 23000 0 0
163 21800 23200 0 0
164 21800 23400 0 0
165 21800 23600 0 0
166 21800 23800 0 0
167 21800 24000 0 0
168 21800 24200 0 0
169 21800 24400 0 0
170 21600 24400 0 0
171 21600 24600 0 0
172 21600 24800 0 0
173 21600 25000 0 0
174 21600 25200 0 0
175 21600 25400 0 0
176 21600 25600 0 0
177 21400 25600 0 0
178 21400 25800 0 0
179 21400 26000 0 0
180 21400 26200 0 0
181 21400 26400 0 0
182 21400 26600 0 0
183 21400 26800 0 0
184 21400 27000 0 0
185 21400 27200 0 0
186 21400 27400 0 0
187 21400 27600 0 0
188 21400 27800 0 0
189 21400 28000 0 0
190 21400 28200 0 0
191 21400 28400 0 0
192 21400 28600 0 0
193 21400 28800 0 0
194 21400 29000 0 0
195 21400 29200 0 0
196 21400 29400 0 0
197 21400 29600 0 0
198 21400 29800 0 0
199 21400 30000 0 0
200 21400 30200 0 0
201 21400 30400 0 0
202 21400 30600 0 0
203 21400 30800 0 0
204 21400 31000 0 0
205 21400 31200 0 0
206 21400 31400 0 0
207 21400 31600 0 0
208 21400 31800 0 0
209 21400 32000 0 0
210 21400 32200 0 0
211 21400 32400 0 0
212 21400 32600 0 0
213 21400 32800 0 0
214 21600 32800 0 0
215 21600 33000 0 0
216 21600 33200 0 0
217 21600 33400 0 0
218 21600 33600 0 0
219 21800 33600 0 0
220 21800 33800 0 0
221 21800 34000 0 0
222 21800 34200 0 0
223 21800 34400 0 0
224 22000 34400 0 0
225 22000 34600 0 0
226 22000 34800 0 0
227 22000 35000 0 0
228 22000 35200 0 0
229 22200 35200 0 0
230 22200 35400 0 0
231 22200 35600 0 0
232 22200 35800 0 0
233 22200 36000 0 0
234 22400 36000 0 0
235 22400 36200 0 0
236 22400 36400 0 0
237 22400 36600 0 0
238 22400 36800 0 0
239 22600 36800 0 0
240 22600 37000 0 0
241 22600 37200 0 0
242 22600 37400 0 0
243 22600 37600 0 0
244 22600 37800 0 0
245 22600 38000 0 0
246 22800 38000 0 0
247 22800 38200 0 0
248 22800 38400 0 0
249 22800 38600 0 0
250 22800 38800 0 0
251 22800 39000 0 0
252 23000 39000 0 0
253 23000 39200 0 0
254 23000 39400 0 0
255 23000 39600 0 0
256 23000 39800 0 0
257 23000 40000 0 0
258 23200 40000 0 0
259 23200 40200 0 0
260 23200 40400 0 0
261 23200 40600 0 0
262 23200 40800 0 0
263 23200 41000 0 0
264 23200 41200 0 0
265 23400 41200 0 0
266 23400 41400 0 0
267 23400 41600 0 0
268 23400 41800 0 0
269 23400 42000 0 0
270 23400 42200 0 0
271 23400 42400 0 0
272 23400 42600 0 0
273 23400 42800 0 0
274 23600 42800 0 0
275 23600 43000 0 0
276 23600 43200 0 0
277 23600 43400 0 0
278 23600 43600 0 0
279 23600 43800 0 0
280 23600 44000 0 0
281 23800 44000 0 0
282 23800 44200 0 0
283 23800 44400 0 0
284 23800 44600 0 0
285 23800 44800 0 0
286 23800 45000 0 0
287 23800 45200 0 0
288 23800 45400 0 0
289 23800 45600 0 0
290 23800 45800 0 0
291 23800 46000 0 0
292 23800 46200 0 0
293 23800 46400 0 0
294 23800 46600 0 0
295 23800 46800 0 0
296 23800 47000 0 0
