0 4 90 0 0
1 4 91 0 0
2 5 91 0 0
3 4 91 0 0
4 5 91 0 0
5 6 91 0 0
6 5 91 0 0
7 6 91 0 0
8 7 91 0 0
9 6 91 0 0
10 7 91 0 0
11 6 91 0 0
12 7 91 0 0
13 8 91 0 0
14 7 91 0 0
15 8 91 0 0
16 7 91 0 0
17 8 91 0 0
18 7 91 0 0
19 8 91 0 0
20 9 91 0 0
21 8 91 0 0
22 9 91 0 0
23 8 91 0 0
24 9 91 0 0
25 10 91 0 0
26 9 91 0 0
27 10 91 0 0
28 9 91 0 0
29 10 91 0 0
30 9 91 0 0
31 10 91 0 0
32 11 91 0 0
33 10 91 0 0
34 11 91 0 0
35 10 91 0 0
36 11 91 0 0
37 12 91 0 0
38 11 91 0 0
39 12 91 0 0
40 11 91 0 0
41 12 91 0 0
42 11 91 0 0
43 12 91 0 0
44 11 91 0 0
45 12 91 0 0
46 13 91 0 0
47 12 91 0 0
48 13 91 0 0
49 12 91 0 0
50 13 91 0 0
51 12 91 0 0
52 13 91 0 0
53 14 91 0 0
54 13 91 0 0
55 14 91 0 0
56 13 91 0 0
57 14 91 0 0
58 15 91 0 0
59 14 91 0 0
60 15 91 0 0
61 14 91 0 0
62 15 91 0 0
63 14 91 0 0
64 15 91 0 0
65 16 91 0 0
66 15 91 0 0
67 16 91 0 0
68 15 91 0 0
69 16 91 0 0
70 15 91 0 0
71 15 92 0 0
72 16 92 0 0
73 17 92 0 0
74 16 92 0 0
75 17 92 0 0
76 18 92 0 0
77 17 92 0 0
78 18 92 0 0
79 17 92 0 0
80 18 92 0 0
81 19 92 0 0
82 18 92 0 0
83 19 92 0 0
84 18 92 0 0
85 19 92 0 0
86 20 92 0 0
87 19 92 0 0
88 20 92 0 0
89 19 92 0 0
90 20 92 0 0
91 21 92 0 0
92 20 92 0 0
93 20 93 0 0
94 21 93 0 0
95 22 93 0 0
96 21 93 0 0
97 22 93 0 0
98 21 93 0 0
99 22 93 0 0
100 23 93 0 0
101 22 93 0 0
102 23 93 0 0
103 22 93 0 0
104 23 93 0 0
105 24 93 0 0
106 23 93 0 0
107 24 93 0 0
108 23 93 0 0
109 24 93 0 0
110 25 93 0 0
111 24 93 0 0
112 25 93 0 0
113 24 93 0 0
114 25 93 0 0
115 24 93 0 0
116 25 93 0 0
117 26 93 0 0
118 25 93 0 0
119 26 93 0 0
120 27 93 0 0
121 26 93 0 0
122 27 93 0 0
123 26 93 0 0
124 27 93 0 0
125 26 93 0 0
126 27 93 0 0
127 28 93 0 0
128 27 93 0 0
129 28 93 0 0
130 27 93 0 0
131 28 93 0 0
132 27 93 0 0
133 28 93 0 0
134 29 93 0 0
135 28 93 0 0
136 29 93 0 0
137 30 93 0 0
138 29 93 0 0
139 29 94 0 0
140 30 94 0 0
141 29 94 0 0
142 30 94 0 0
143 29 94 0 0
144 30 94 0 0
145 31 94 0 0
146 30 94 0 0
147 31 94 0 0
148 32 94 0 0
149 31 94 0 0
150 32 94 0 0
151 31 94 0 0
152 32 94 0 0
153 31 94 0 0
154 32 94 0 0
155 33 94 0 0
156 32 94 0 0
157 33 94 0 0
158 32 94 0 0
159 33 94 0 0
160 34 94 0 0
161 33 94 0 0
162 34 94 0 0
163 33 94 0 0
164 34 94 0 0
165 35 94 0 0
166 34 94 0 0
167 35 94 0 0
168 34 94 0 0
169 35 94 0 0
170 36 94 0 0
171 35 94 0 0
172 36 94 0 0
173 35 94 0 0
174 36 94 0 0
175 35 94 0 0
176 36 94 0 0
177 37 94 0 0
178 36 94 0 0
179 37 94 0 0
180 38 94 0 0
181 37 94 0 0
182 38 94 0 0
183 37 94 0 0
184 38 94 0 0
185 37 94 0 0
186 38 94 0 0
187 39 94 0 0
188 38 94 0 0
189 39 94 0 0
190 40 94 0 0
191 39 94 0 0
192 40 94 0 0
193 39 94 0 0
194 40 94 0 0
195 39 94 0 0
196 40 94 0 0
197 41 94 0 0
198 40 94 0 0
199 41 94 0 0
200 40 94 0 0
201 41 94 0 0
202 42 94 0 0
203 41 94 0 0
204 42 94 0 0
205 41 94 0 0
206 42 94 0 0
207 41 94 0 0
208 42 94 0 0
209 43 94 0 0
210 42 94 0 0
211 43 94 0 0
212 42 94 0 0
213 43 94 0 0
214 42 94 0 0
215 43 94 0 0
216 44 94 0 0
217 43 94 0 0
218 44 94 0 0
219 43 94 0 0
220 44 94 0 0
221 45 94 0 0
222 44 94 0 0
223 45 94 0 0
224 44 94 0 0
225 45 94 0 0
226 44 94 0 0
227 45 94 0 0
228 46 94 0 0
229 45 94 0 0
230 46 94 0 0
231 45 94 0 0
232 46 94 0 0
233 47 94 0 0
234 46 94 0 0
235 47 94 0 0
236 46 94 0 0
237 47 94 0 0
238 46 94 0 0
239 47 94 0 0
240 48 94 0 0
241 47 94 0 0
242 48 94 0 0
243 47 94 0 0
244 48 94 0 0
245 49 94 0 0
246 48 94 0 0
247 49 94 0 0
248 50 94 0 0
249 49 94 0 0
250 50 94 0 0
251 51 94 0 0
252 50 94 0 0
253 51 94 0 0
254 52 94 0 0
255 51 94 0 0
256 52 94 0 0
257 51 94 0 0
258 52 94 0 0
259 53 94 0 0
260 52 94 0 0
261 53 94 0 0
262 52 94 0 0
263 53 94 0 0
264 54 94 0 0
265 53 94 0 0
266 54 94 0 0
267 55 94 0 0
268 54 94 0 0
269 55 94 0 0
270 54 94 0 0
271 55 94 0 0
272 56 94 0 0
273 55 94 0 0
274 56 94 0 0
275 55 94 0 0
276 56 94 0 0
277 55 94 0 0
278 56 94 0 0
279 57 94 0 0
280 56 94 0 0
281 57 94 0 0
282 56 94 0 0
283 57 94 0 0
284 58 94 0 0
285 57 94 0 0
286 58 94 0 0
287 57 94 0 0
288 58 94 0 0
289 57 94 0 0
290 58 94 0 0
291 57 94 0 0
292 58 94 0 0
293 59 94 0 0
294 58 94 0 0
295 59 94 0 0
296 58 94 0 0
297 59 94 0 0
298 60 94 0 0
299 59 94 0 0
300 60 94 0 0
301 59 94 0 0
302 60 94 0 0
303 59 94 0 0
304 60 94 0 0
305 61 94 0 0
306 60 94 0 0
307 61 94 0 0
308 60 94 0 0
309 61 94 0 0
310 60 94 0 0
311 61 94 0 0
312 62 94 0 0
313 61 94 0 0
314 62 94 0 0
315 61 94 0 0
316 62 94 0 0
317 61 94 0 0
318 62 94 0 0
319 63 94 0 0
320 62 94 0 0
321 63 94 0 0
322 62 94 0 0
323 63 94 0 0
324 62 94 0 0
325 62 93 0 0
326 63 93 0 0
327 64 93 0 0
328 63 93 0 0
329 64 93 0 0
330 63 93 0 0
331 64 93 0 0
332 65 93 0 0
333 64 93 0 0
334 65 93 0 0
335 64 93 0 0
336 65 93 0 0
337 64 93 0 0
338 65 93 0 0
339 66 93 0 0
340 65 93 0 0
341 66 93 0 0
342 65 93 0 0
343 66 93 0 0
344 67 93 0 0
345 66 93 0 0
346 67 93 0 0
347 66 93 0 0
348 67 93 0 0
349 66 93 0 0
350 67 93 0 0
351 68 93 0 0
352 67 93 0 0
353 68 93 0 0
354 67 93 0 0
355 68 93 0 0
356 67 93 0 0
357 68 93 0 0
358 69 93 0 0
359 68 93 0 0
360 69 93 0 0
361 68 93 0 0
362 69 93 0 0
363 68 93 0 0
364 69 93 0 0
365 70 93 0 0
366 69 93 0 0
367 70 93 0 0
368 69 93 0 0
369 70 93 0 0
370 69 93 0 0
371 70 93 0 0
372 69 93 0 0
373 70 93 0 0
374 69 93 0 0
375 70 93 0 0
376 71 93 0 0
377 70 93 0 0
378 71 93 0 0
379 70 93 0 0
380 71 93 0 0
381 70 93 0 0
382 71 93 0 0
383 70 93 0 0
384 71 93 0 0
385 72 93 0 0
386 71 93 0 0
387 72 93 0 0
388 71 93 0 0
389 72 93 0 0
390 71 93 0 0
391 72 93 0 0
392 71 93 0 0
393 72 93 0 0
394 71 93 0 0
395 72 93 0 0
396 72 92 0 0
397 73 92 0 0
398 72 92 0 0
399 73 92 0 0
400 72 92 0 0
401 73 92 0 0
402 72 92 0 0
403 73 92 0 0
404 72 92 0 0
405 73 92 0 0
406 74 92 0 0
407 73 92 0 0
408 74 92 0 0
409 73 92 0 0
410 74 92 0 0
411 73 92 0 0
412 74 92 0 0
413 73 92 0 0
414 74 92 0 0
415 75 92 0 0
416 74 92 0 0
417 75 92 0 0
418 74 92 0 0
419 75 92 0 0
420 74 92 0 0
421 75 92 0 0
422 74 92 0 0
423 75 92 0 0
424 74 92 0 0
425 75 92 0 0
426 76 92 0 0
427 75 92 0 0
428 76 92 0 0
429 75 92 0 0
430 76 92 0 0
431 75 92 0 0
432 76 92 0 0
433 75 92 0 0
434 75 91 0 0
435 76 91 0 0
436 75 91 0 0
437 76 91 0 0
438 77 91 0 0
439 76 91 0 0
440 77 91 0 0
441 76 91 0 0
442 77 91 0 0
443 76 91 0 0
444 77 91 0 0
445 78 91 0 0
446 77 91 0 0
447 78 91 0 0
448 77 91 0 0
449 78 91 0 0
450 77 91 0 0
451 78 91 0 0
452 77 91 0 0
453 78 91 0 0
454 77 91 0 0
455 78 91 0 0
456 79 91 0 0
457 78 91 0 0
458 78 90 0 0
459 79 90 0 0
460 78 90 0 0
461 79 90 0 0
462 78 90 0 0
463 79 90 0 0
464 80 90 0 0
465 79 90 0 0
466 80 90 0 0
467 79 90 0 0
468 79 89 0 0
469 80 89 0 0
470 79 89 0 0
471 80 89 0 0
472 79 89 0 0
473 80 89 0 0
474 79 89 0 0
475 80 89 0 0
476 81 89 0 0
477 80 89 0 0
478 80 88 0 0
479 81 88 0 0
480 80 88 0 0
481 81 88 0 0
482 80 88 0 0
483 81 88 0 0
484 82 88 0 0
485 81 88 0 0
486 82 88 0 0
487 81 88 0 0
488 81 87 0 0
489 82 87 0 0
490 81 87 0 0
491 82 87 0 0
492 81 87 0 0
493 82 87 0 0
494 81 87 0 0
495 82 87 0 0
496 83 87 0 0
497 82 87 0 0
498 83 87 0 0
499 82 87 0 0
500 83 87 0 0
501 82 87 0 0
502 82 86 0 0
503 83 86 0 0
504 82 86 0 0
505 83 86 0 0
506 82 86 0 0
507 83 86 0 0
508 82 86 0 0
509 83 86 0 0
510 82 86 0 0
511 83 86 0 0
512 84 86 0 0
513 83 86 0 0
514 84 86 0 0
515 83 86 0 0
516 84 86 0 0
517 83 86 0 0
518 84 86 0 0
519 83 86 0 0
520 84 86 0 0
521 83 86 0 0
522 83 85 0 0
523 84 85 0 0
524 85 85 0 0
525 84 85 0 0
526 85 85 0 0
527 84 85 0 0
528 85 85 0 0
529 84 85 0 0
530 85 85 0 0
531 84 85 0 0
532 85 85 0 0
533 84 85 0 0
534 85 85 0 0
535 85 84 0 0
536 86 84 0 0
537 85 84 0 0
538 86 84 0 0
539 85 84 0 0
540 86 84 0 0
541 85 84 0 0
542 86 84 0 0
543 85 84 0 0
544 86 84 0 0
545 85 84 0 0
546 86 84 0 0
547 85 84 0 0
548 85 83 0 0
549 86 83 0 0
550 87 83 0 0
551 86 83 0 0
552 87 83 0 0
553 86 83 0 0
554 87 83 0 0
555 86 83 0 0
556 87 83 0 0
557 86 83 0 0
558 87 83 0 0
559 86 83 0 0
560 87 83 0 0
561 87 82 0 0
562 88 82 0 0
563 87 82 0 0
564 88 82 0 0
565 87 82 0 0
566 88 82 0 0
567 87 82 0 0
568 88 82 0 0
569 87 82 0 0
570 87 81 0 0
571 88 81 0 0
572 89 81 0 0
573 88 81 0 0
574 89 81 0 0
575 88 81 0 0
576 89 81 0 0
577 88 81 0 0
578 89 81 0 0
579 88 81 0 0
580 89 81 0 0
581 88 81 0 0
582 88 80 0 0
583 89 80 0 0
584 88 80 0 0
585 89 80 0 0
586 90 80 0 0
587 89 80 0 0
588 90 80 0 0
589 89 80 0 0
590 90 80 0 0
591 89 80 0 0
592 90 80 0 0
593 89 80 0 0
594 89 79 0 0
595 90 79 0 0
596 89 79 0 0
597 90 79 0 0
598 91 79 0 0
599 90 79 0 0
600 91 79 0 0
601 90 79 0 0
602 91 79 0 0
603 90 79 0 0
604 91 79 0 0
605 90 79 0 0
606 90 78 0 0
607 91 78 0 0
608 90 78 0 0
609 91 78 0 0
610 92 78 0 0
611 91 78 0 0
612 92 78 0 0
613 91 78 0 0
614 91 77 0 0
615 92 77 0 0
616 91 77 0 0
617 92 77 0 0
618 91 77 0 0
619 92 77 0 0
620 91 77 0 0
621 92 77 0 0
622 91 77 0 0
623 91 76 0 0
624 92 76 0 0
625 91 76 0 0
626 92 76 0 0
627 91 76 0 0
628 92 76 0 0
629 91 76 0 0
630 92 76 0 0
631 91 76 0 0
632 92 76 0 0
633 91 76 0 0
634 92 76 0 0
635 91 76 0 0
636 91 75 0 0
637 92 75 0 0
638 91 75 0 0
639 92 75 0 0
640 91 75 0 0
641 92 75 0 0
642 91 75 0 0
643 91 74 0 0
644 92 74 0 0
645 91 74 0 0
646 92 74 0 0
647 91 74 0 0
648 92 74 0 0
649 91 74 0 0
650 92 74 0 0
651 91 74 0 0
652 91 73 0 0
653 92 73 0 0
654 91 73 0 0
655 92 73 0 0
656 91 73 0 0
657 92 73 0 0
658 91 73 0 0
659 92 73 0 0
660 91 73 0 0
661 91 72 0 0
662 92 72 0 0
663 91 72 0 0
664 92 72 0 0
665 91 72 0 0
666 92 72 0 0
667 91 72 0 0
668 91 71 0 0
669 92 71 0 0
670 93 71 0 0
671 92 71 0 0
672 92 70 0 0
673 93 70 0 0
674 92 70 0 0
675 93 70 0 0
676 92 70 0 0
677 93 70 0 0
678 92 70 0 0
679 93 70 0 0
680 92 70 0 0
681 93 70 0 0
682 92 70 0 0
683 93 70 0 0
684 92 70 0 0
685 92 69 0 0
686 93 69 0 0
687 92 69 0 0
688 93 69 0 0
689 92 69 0 0
690 93 69 0 0
691 92 69 0 0
692 92 68 0 0
693 93 68 0 0
694 92 68 0 0
695 93 68 0 0
696 92 68 0 0
697 93 68 0 0
698 92 68 0 0
699 93 68 0 0
700 92 68 0 0
701 92 67 0 0
702 93 67 0 0
703 92 67 0 0
704 93 67 0 0
705 92 67 0 0
706 93 67 0 0
707 92 67 0 0
708 93 67 0 0
709 92 67 0 0
710 92 66 0 0
711 93 66 0 0
712 92 66 0 0
713 93 66 0 0
714 92 66 0 0
715 93 66 0 0
716 92 66 0 0
717 92 65 0 0
718 93 65 0 0
719 92 65 0 0
720 93 65 0 0
721 92 65 0 0
722 93 65 0 0
723 92 65 0 0
724 93 65 0 0
725 92 65 0 0
726 92 64 0 0
727 93 64 0 0
728 92 64 0 0
729 93 64 0 0
730 92 64 0 0
731 93 64 0 0
732 92 64 0 0
733 93 64 0 0
734 92 64 0 0
735 92 63 0 0
736 93 63 0 0
737 92 63 0 0
738 93 63 0 0
739 92 63 0 0
740 93 63 0 0
741 92 63 0 0
742 92 62 0 0
743 93 62 0 0
744 92 62 0 0
745 93 62 0 0
746 92 62 0 0
747 93 62 0 0
748 94 62 0 0
749 93 62 0 0
750 93 61 0 0
751 94 61 0 0
752 93 61 0 0
753 94 61 0 0
754 93 61 0 0
755 94 61 0 0
756 93 61 0 0
757 94 61 0 0
758 93 61 0 0
759 93 60 0 0
760 94 60 0 0
761 93 60 0 0
762 94 60 0 0
763 93 60 0 0
764 94 60 0 0
765 93 60 0 0
766 93 59 0 0
767 94 59 0 0
768 93 59 0 0
769 94 59 0 0
770 93 59 0 0
771 94 59 0 0
772 93 59 0 0
773 94 59 0 0
774 93 59 0 0
775 93 58 0 0
776 94 58 0 0
777 93 58 0 0
778 94 58 0 0
779 93 58 0 0
780 94 58 0 0
781 93 58 0 0
782 93 57 0 0
783 94 57 0 0
784 93 57 0 0
785 94 57 0 0
786 93 57 0 0
787 94 57 0 0
788 93 57 0 0
789 93 56 0 0
790 94 56 0 0
791 93 56 0 0
792 94 56 0 0
793 93 56 0 0
794 94 56 0 0
795 93 56 0 0
796 94 56 0 0
797 93 56 0 0
798 93 55 0 0
799 94 55 0 0
800 93 55 0 0
801 94 55 0 0
802 93 55 0 0
803 94 55 0 0
804 93 55 0 0
805 93 54 0 0
806 94 54 0 0
807 93 54 0 0
808 94 54 0 0
809 93 54 0 0
810 94 54 0 0
811 93 54 0 0
812 93 53 0 0
813 94 53 0 0
814 93 53 0 0
815 94 53 0 0
816 93 53 0 0
817 94 53 0 0
818 93 53 0 0
819 94 53 0 0
820 93 53 0 0
821 93 52 0 0
822 94 52 0 0
823 93 52 0 0
824 94 52 0 0
825 93 52 0 0
826 94 52 0 0
827 93 52 0 0
828 93 51 0 0
829 94 51 0 0
830 93 51 0 0
831 94 51 0 0
832 93 51 0 0
833 94 51 0 0
834 93 51 0 0
835 93 50 0 0
836 94 50 0 0
837 93 50 0 0
838 94 50 0 0
839 93 50 0 0
840 94 50 0 0
841 93 50 0 0
842 94 50 0 0
843 93 50 0 0
844 93 49 0 0
845 94 49 0 0
846 93 49 0 0
847 94 49 0 0
848 93 49 0 0
849 94 49 0 0
850 93 49 0 0
851 93 48 0 0
852 94 48 0 0
853 93 48 0 0
854 94 48 0 0
855 93 48 0 0
856 94 48 0 0
857 93 48 0 0
858 93 47 0 0
859 94 47 0 0
860 93 47 0 0
861 94 47 0 0
862 93 47 0 0
863 94 47 0 0
864 93 47 0 0
865 94 47 0 0
866 93 47 0 0
867 93 46 0 0
868 94 46 0 0
869 93 46 0 0
870 94 46 0 0
871 93 46 0 0
872 94 46 0 0
873 93 46 0 0
874 93 45 0 0
875 94 45 0 0
876 93 45 0 0
877 94 45 0 0
878 93 45 0 0
879 94 45 0 0
880 93 45 0 0
881 93 44 0 0
882 94 44 0 0
883 93 44 0 0
884 94 44 0 0
885 93 44 0 0
886 94 44 0 0
887 93 44 0 0
888 94 44 0 0
889 93 44 0 0
890 93 43 0 0
891 94 43 0 0
892 93 43 0 0
893 94 43 0 0
894 93 43 0 0
895 94 43 0 0
896 93 43 0 0
897 93 42 0 0
898 94 42 0 0
899 93 42 0 0
900 94 42 0 0
901 93 42 0 0
902 94 42 0 0
