0 20200 800 0 0
1 20200 1000 0 0
2 20000 1000 0 0
3 20000 1200 0 0
4 20000 1400 0 0
5 20000 1600 0 0
6 20000 1800 0 0
7 20000 2000 0 0
8 20000 2200 0 0
9 20000 2400 0 0
10 20000 2600 0 0
11 20000 2800 0 0
12 20000 3000 0 0
13 20000 3200 0 0
14 20000 3400 0 0
15 20000 3600 0 0
16 20000 3800 0 0
17 20000 4000 0 0
18 20000 4200 0 0
19 20000 4400 0 0
20 20000 4600 0 0
21 19800 4600 0 0
22 19800 4800 0 0
23 19800 5000 0 0
24 19800 5200 0 0
25 19800 5400 0 0
26 19800 5600 0 0
27 19800 5800 0 0
28 19800 6000 0 0
29 19800 6200 0 0
30 19800 6400 0 0
31 19800 6600 0 0
32 19800 6800 0 0
33 19800 7000 0 0
34 19800 7200 0 0
35 19800 7400 0 0
36 19800 7600 0 0
37 19800 7800 0 0
38 19800 8000 0 0
39 19800 8200 0 0
40 19800 8400 0 0
41 19600 8400 0 0
42 19600 8600 0 0
43 19600 8800 0 0
44 19600 9000 0 0
45 19600 9200 0 0
46 19600 9400 0 0
47 19600 9600 0 0
48 19800 9600 0 0
49 19800 9800 0 0
50 19800 10000 0 0
51 19800 10200 0 0
52 20000 10200 0 0
53 20000 10400 0 0
54 20000 10600 0 0
55 20000 10800 0 0
56 20000 11000 0 0
57 20200 11000 0 0
58 20200 11200 0 0
59 20200 11400 0 0
60 20200 11600 0 0
61 20400 11600 0 0
62 20400 11800 0 0
63 20400 12000 0 0
64 20400 12200 0 0
65 20400 12400 0 0
66 20600 12400 0 0
67 20600 12600 0 0
68 20600 12800 0 0
69 20600 13000 0 0
70 20600 13200 0 0
71 20800 13200 0 0
72 20800 13400 0 0
73 21000 13400 0 0
74 21000 13600 0 0
75 21000 13800 0 0
76 21200 13800 0 0
77 21200 14000 0 0
78 21400 14000 0 0
79 21400 14200 0 0
80 21400 14400 0 0
81 21600 14400 0 0
82 21600 14600 0 0
83 21600 14800 0 0
84 21800 14800 0 0
85 21800 15000 0 0
86 22000 15000 0 0
87 22000 15200 0 0
88 22000 15400 0 0
89 22200 15400 0 0
90 22200 15600 0 0
91 22400 15600 0 0
92 22400 15800 0 0
93 22400 16000 0 0
94 22600 16000 0 0
95 22600 16200 0 0
96 22600 16400 0 0
97 22800 16400 0 0
98 22800 16600 0 0
99 23000 16600 0 0
100 23000 16800 0 0
101 23000 17000 0 0
102 23200 17000 0 0
103 23200 17200 0 0
104 23200 17400 0 0
105 23200 17600 0 0
106 23200 17800 0 0
107 23200 18000 0 0
108 23400 18000 0 0
109 23400 18200 0 0
110 23400 18400 0 0
111 23400 18600 0 0
112 23400 18800 0 0
113 23400 19000 0 0
114 23600 19000 0 0
115 23600 19200 0 0
116 23600 19400 0 0
117 23600 19600 0 0
118 23600 19800 0 0
119 23600 20000 0 0
120 23600 20200 0 0
121 23600 20400 0 0
122 23600 20600 0 0
123 23600 20800 0 0
124 23600 21000 0 0
125 23600 21200 0 0
126 23600 21400 0 0
127 23600 21600 0 0
128 23600 21800 0 0
129 23600 22000 0 0
130 23600 22200 0 0
131 23600 22400 0 0
132 23600 22600 0 0
133 23600 22800 0 0
134 23400 22800 0 0
135 23400 23000 0 0
136 23400 23200 0 0
137 23400 23400 0 0
138 23400 23600 0 0
139 23400 23800 0 0
140 23400 24000 0 0
141 23400 24200 0 0
142 23400 24400 0 0
143 23200 24400 0 0
144 23200 24600 0 0
145 23200 24800 0 0
146 23200 25000 0 0
147 23200 25200 0 0
148 23200 25400 0 0
149 23200 25600 0 0
150 23200 25800 0 0
151 23200 26000 0 0
152 23200 26200 0 0
153 23200 26400 0 0
154 23000 26400 0 0
155 23000 26600 0 0
156 23000 26800 0 0
157 23000 27000 0 0
158 23000 27200 0 0
159 23000 27400 0 0
160 23000 27600 0 0
161 23000 27800 0 0
162 23000 28000 0 0
163 23000 28200 0 0
164 23000 28400 0 0
165 23000 28600 0 0
166 23000 28800 0 0
167 23000 29000 0 0
168 23000 29200 0 0
169 23000 29400 0 0
170 23000 29600 0 0
171 23000 29800 0 0
172 23000 30000 0 0
173 23000 30200 0 0
174 23000 30400 0 0
175 23000 30600 0 0
176 23000 30800 0 0
177 23000 31000 0 0
178 23000 31200 0 0
179 23000 31400 0 0
180 23000 31600 0 0
181 23000 31800 0 0
182 23000 32000 0 0
183 23000 32200 0 0
184 23000 32400 0 0
185 23200 32400 0 0
186 23200 32600 0 0
187 23200 32800 0 0
188 23200 33000 0 0
189 23200 33200 0 0
190 23200 33400 0 0
191 23200 33600 0 0
192 23400 33600 0 0
193 23400 33800 0 0
194 23400 34000 0 0
195 23400 34200 0 0
196 23400 34400 0 0
197 23400 34600 0 0
198 23400 34800 0 0
199 23400 35000 0 0
200 23600 35000 0 0
201 23600 35200 0 0
202 23600 35400 0 0
203 23600 35600 0 0
204 23600 35800 0 0
205 23600 36000 0 0
206 23600 36200 0 0
207 23600 36400 0 0
208 23800 36400 0 0
209 23800 36600 0 0
210 23800 36800 0 0
211 23800 37000 0 0
212 24000 37000 0 0
213 24000 37200 0 0
214 24000 37400 0 0
215 24000 37600 0 0
216 24000 37800 0 0
217 24200 37800 0 0
218 24200 38000 0 0
219 24200 38200 0 0
220 24400 38200 0 0
221 24400 38400 0 0
222 24400 38600 0 0
223 24400 38800 0 0
224 24400 39000 0 0
225 24600 39000 0 0
226 24600 39200 0 0
227 24600 39400 0 0
228 24600 39600 0 0
229 24600 39800 0 0
230 24600 40000 0 0
231 24800 40000 0 0
232 24800 40200 0 0
233 24800 40400 0 0
234 24800 40600 0 0
235 24800 40800 0 0
236 25000 40800 0 0
237 25000 41000 0 0
238 25000 41200 0 0
239 25000 41400 0 0
240 25000 41600 0 0
241 25000 41800 0 0
242 25000 42000 0 0
243 25200 42000 0 0
244 25200 42200 0 0
245 25200 42400 0 0
246 25200 42600 0 0
247 25200 42800 0 0
248 25200 43000 0 0
249 25200 43200 0 0
250 25200 43400 0 0
251 25200 43600 0 0
252 25200 43800 0 0
253 25200 44000 0 0
254 25200 44200 0 0
255 25400 44200 0 0
256 25400 44400 0 0
257 25400 44600 0 0
258 25400 44800 0 0
259 25400 45000 0 0
260 25400 45200 0 0
261 25400 45400 0 0
262 25400 45600 0 0
263 25400 45800 0 0
264 25400 46000 0 0
265 25400 46200 0 0
266 25400 46400 0 0
267 25400 46600 0 0
268 25400 46800 0 0
269 25200 46800 0 0
