0 3 87 0 0
1 3 88 0 0
2 4 88 0 0
3 5 88 0 0
4 6 88 0 0
5 7 88 0 0
6 8 88 0 0
7 9 88 0 0
8 10 88 0 0
9 11 88 0 0
10 12 88 0 0
11 13 88 0 0
12 14 88 0 0
13 15 88 0 0
14 16 88 0 0
15 17 88 0 0
16 18 88 0 0
17 19 88 0 0
18 20 88 0 0
19 21 88 0 0
20 21 89 0 0
21 22 89 0 0
22 23 89 0 0
23 24 89 0 0
24 25 89 0 0
25 26 89 0 0
26 27 89 0 0
27 28 89 0 0
28 29 89 0 0
29 30 89 0 0
30 31 89 0 0
31 32 89 0 0
32 33 89 0 0
33 34 89 0 0
34 35 89 0 0
35 36 89 0 0
36 37 89 0 0
37 38 89 0 0
38 39 89 0 0
39 39 90 0 0
40 40 90 0 0
41 41 90 0 0
42 42 90 0 0
43 43 90 0 0
44 44 90 0 0
45 45 90 0 0
46 46 90 0 0
47 47 90 0 0
48 48 90 0 0
49 49 90 0 0
50 50 90 0 0
51 51 90 0 0
52 52 90 0 0
53 53 90 0 0
54 54 90 0 0
55 55 90 0 0
56 55 89 0 0
57 56 89 0 0
58 57 89 0 0
59 58 89 0 0
60 59 89 0 0
61 60 89 0 0
62 61 89 0 0
63 62 89 0 0
64 63 89 0 0
65 64 89 0 0
66 65 89 0 0
67 66 89 0 0
68 67 89 0 0
69 68 89 0 0
70 69 89 0 0
71 70 89 0 0
72 70 88 0 0
73 71 88 0 0
74 72 88 0 0
75 73 88 0 0
76 74 88 0 0
77 75 88 0 0
78 76 88 0 0
79 77 88 0 0
80 78 88 0 0
81 78 87 0 0
82 79 87 0 0
83 80 87 0 0
84 81 87 0 0
85 81 86 0 0
86 82 86 0 0
87 83 86 0 0
88 83 85 0 0
89 84 85 0 0
90 84 84 0 0
91 85 84 0 0
92 85 83 0 0
93 86 83 0 0
94 87 83 0 0
95 88 83 0 0
96 88 82 0 0
97 89 82 0 0
98 89 81 0 0
99 90 81 0 0
100 91 81 0 0
101 92 81 0 0
102 93 81 0 0
103 94 81 0 0
104 95 81 0 0
105 96 81 0 0
106 97 81 0 0
107 97 80 0 0
108 98 80 0 0
109 99 80 0 0
110 100 80 0 0
111 101 80 0 0
112 101 79 0 0
113 102 79 0 0
114 103 79 0 0
115 104 79 0 0
116 105 79 0 0
117 106 79 0 0
118 106 78 0 0
119 106 79 0 0
120 107 79 0 0
121 108 79 0 0
122 108 80 0 0
123 109 80 0 0
124 110 80 0 0
125 111 80 0 0
126 111 81 0 0
127 112 81 0 0
128 112 82 0 0
129 113 82 0 0
130 114 82 0 0
131 115 82 0 0
132 115 83 0 0
133 116 83 0 0
134 117 83 0 0
135 117 84 0 0
136 118 84 0 0
137 118 85 0 0
138 118 86 0 0
139 119 86 0 0
140 119 87 0 0
141 120 87 0 0
142 120 88 0 0
143 121 88 0 0
144 121 89 0 0
145 122 89 0 0
146 122 90 0 0
147 123 90 0 0
148 123 91 0 0
149 123 92 0 0
150 124 92 0 0
151 124 93 0 0
152 123 93 0 0
153 123 94 0 0
154 123 95 0 0
155 123 96 0 0
156 123 97 0 0
157 123 98 0 0
158 123 99 0 0
159 122 99 0 0
160 122 100 0 0
161 122 101 0 0
162 122 102 0 0
163 122 103 0 0
164 121 103 0 0
165 121 104 0 0
166 121 105 0 0
167 121 106 0 0
168 121 107 0 0
169 121 108 0 0
170 120 108 0 0
171 120 109 0 0
172 120 110 0 0
173 120 111 0 0
174 120 112 0 0
175 120 113 0 0
176 120 114 0 0
177 119 114 0 0
178 119 115 0 0
179 119 116 0 0
180 119 117 0 0
181 119 118 0 0
182 118 118 0 0
183 118 119 0 0
184 118 120 0 0
185 118 121 0 0
186 118 122 0 0
187 118 123 0 0
188 118 124 0 0
189 118 125 0 0
190 118 126 0 0
191 118 127 0 0
192 118 128 0 0
193 118 129 0 0
194 118 130 0 0
195 118 131 0 0
196 118 132 0 0
197 118 133 0 0
198 117 133 0 0
199 117 134 0 0
200 117 135 0 0
201 117 136 0 0
202 117 137 0 0
203 117 138 0 0
204 117 139 0 0
205 117 140 0 0
206 117 141 0 0
207 117 142 0 0
208 116 142 0 0
209 116 143 0 0
210 116 144 0 0
211 116 145 0 0
212 116 146 0 0
213 116 147 0 0
214 116 148 0 0
215 116 149 0 0
216 116 150 0 0
217 116 151 0 0
218 116 152 0 0
219 116 153 0 0
220 116 154 0 0
221 116 155 0 0
222 116 156 0 0
223 116 157 0 0
224 116 158 0 0
225 116 159 0 0
226 116 160 0 0
227 116 161 0 0
228 116 162 0 0
229 116 163 0 0
230 116 164 0 0
231 116 165 0 0
232 116 166 0 0
233 116 167 0 0
234 115 167 0 0
235 115 168 0 0
236 115 169 0 0
237 115 170 0 0
238 115 171 0 0
239 115 172 0 0
240 115 173 0 0
241 115 174 0 0
242 115 175 0 0
243 115 176 0 0
244 116 176 0 0
245 116 177 0 0
246 116 178 0 0
247 116 179 0 0
248 116 180 0 0
249 116 181 0 0
250 116 182 0 0
251 116 183 0 0
252 116 184 0 0
253 116 185 0 0
254 116 186 0 0
255 117 186 0 0
256 117 187 0 0
257 117 188 0 0
258 117 189 0 0
259 117 190 0 0
260 117 191 0 0
261 118 191 0 0
262 118 192 0 0
263 118 193 0 0
264 118 194 0 0
265 118 195 0 0
266 118 196 0 0
267 118 197 0 0
268 119 197 0 0
269 119 198 0 0
270 119 199 0 0
271 119 200 0 0
272 119 201 0 0
273 119 202 0 0
274 119 203 0 0
275 119 204 0 0
276 120 204 0 0
277 120 205 0 0
278 120 206 0 0
279 120 207 0 0
280 120 208 0 0
281 120 209 0 0
282 120 210 0 0
283 120 211 0 0
284 120 212 0 0
285 120 213 0 0
286 120 214 0 0
287 120 215 0 0
288 120 216 0 0
289 120 217 0 0
290 120 218 0 0
291 120 219 0 0
292 120 220 0 0
293 120 221 0 0
294 121 221 0 0
295 121 222 0 0
296 121 223 0 0
297 121 224 0 0
298 121 225 0 0
299 121 226 0 0
300 121 227 0 0
301 121 228 0 0
302 121 229 0 0
303 122 229 0 0
304 122 230 0 0
305 122 231 0 0
306 122 232 0 0
307 122 233 0 0
